% function evaluation | noise-free fitness - Fopt (9.294000000000e+01) | best noise-free fitness - Fopt | measured fitness | best measured fitness | x1 | x2...
1 +6.720789118e+02 +6.720789118e+02 +7.650189118e+02 +7.650189118e+02 -3.6588e+00 +1.4932e+00 -9.8535e-01 +4.3714e-01 -3.5460e+00
2 +5.926561241e+02 +5.926561241e+02 +6.855961241e+02 +6.855961241e+02 -4.3790e+00 +1.3285e+00 +2.6086e+00 +5.4139e-01 -1.8206e+00
3 +1.051430801e+02 +1.051430801e+02 +1.980830801e+02 +1.980830801e+02 -1.2455e+00 +3.1200e-01 +9.9109e-01 -2.8372e+00 -3.3914e+00
13 +3.437737416e+01 +3.437737416e+01 +1.273173742e+02 +1.273173742e+02 -8.8615e-01 +6.8356e-01 -1.2405e+00 -1.1114e+00 -1.9332e+00
90 +2.494579451e+01 +2.494579451e+01 +1.178857945e+02 +1.178857945e+02 +1.0738e+00 +3.0308e+00 -5.2695e-01 +1.5989e-01 -2.4579e+00
116 +1.324524480e+01 +1.324524480e+01 +1.061852448e+02 +1.061852448e+02 -7.8978e-01 +2.6674e+00 -1.1358e+00 -8.6898e-01 -1.6572e+00
163 +8.690659753e+00 +8.690659753e+00 +1.016306598e+02 +1.016306598e+02 -5.9569e-01 +1.4226e+00 -6.2042e-01 -7.2180e-01 -1.4144e+00
265 +4.431474493e+00 +4.431474493e+00 +9.737147449e+01 +9.737147449e+01 -3.3244e-01 +1.5463e+00 -7.8045e-01 +3.4409e-01 -2.8161e-01
628 +3.768881571e+00 +3.768881571e+00 +9.670888157e+01 +9.670888157e+01 -4.1228e-01 +8.7660e-01 -5.5620e-01 -5.9597e-02 -7.5836e-02
641 +1.833652432e+00 +1.833652432e+00 +9.477365243e+01 +9.477365243e+01 -4.4366e-01 +6.2368e-01 -2.2533e-01 +1.1437e+00 +7.7545e-01
698 +1.379387978e+00 +1.379387978e+00 +9.431938798e+01 +9.431938798e+01 -3.2617e-01 +6.7722e-01 +3.0592e-01 +2.1876e+00 +1.7931e+00
725 +7.843344856e-01 +7.843344856e-01 +9.372433449e+01 +9.372433449e+01 +1.6261e-01 +4.5003e-01 +4.2048e-01 +3.2659e+00 +2.1907e+00
805 +6.215824775e-01 +6.215824775e-01 +9.356158248e+01 +9.356158248e+01 -3.7893e-01 +4.5644e-01 +3.3860e-01 +2.8888e+00 +2.3958e+00
852 +6.932451364e-02 +6.932451364e-02 +9.300932451e+01 +9.300932451e+01 -2.5839e-01 +6.5233e-01 +2.0083e-01 +2.8619e+00 +2.2579e+00
868 +2.140623730e-02 +2.140623730e-02 +9.296140624e+01 +9.296140624e+01 -2.0563e-01 +8.1132e-01 +2.4544e-01 +3.0850e+00 +2.3360e+00
978 +1.169007162e-02 +1.169007162e-02 +9.295169007e+01 +9.295169007e+01 -2.4659e-01 +7.5270e-01 +2.2820e-01 +3.0790e+00 +2.3818e+00
997 +9.011210944e-03 +9.011210944e-03 +9.294901121e+01 +9.294901121e+01 -2.3373e-01 +7.6373e-01 +2.3477e-01 +3.0745e+00 +2.4136e+00
1060 +5.560245597e-08 +5.560245597e-08 +9.294000006e+01 +9.294000006e+01 -2.4202e-01 +7.2480e-01 +2.7246e-01 +3.1180e+00 +2.4108e+00
1234 +1.169635766e-08 +1.169635766e-08 +9.294000001e+01 +9.294000001e+01 -2.1995e-01 +7.2487e-01 +2.7454e-01 +3.1152e+00 +2.4148e+00
1269 +2.637079888e-09 +2.637079888e-09 +9.294000000e+01 +9.294000000e+01 -2.0748e-01 +7.1720e-01 +2.7878e-01 +3.1167e+00 +2.3961e+00
% function evaluation | noise-free fitness - Fopt (9.294000000000e+01) | best noise-free fitness - Fopt | measured fitness | best measured fitness | x1 | x2...
1 +2.829816757e+02 +2.829816757e+02 +3.759216757e+02 +3.759216757e+02 +3.9264e-01 +7.8748e-01 -1.5942e+00 +3.7133e+00 -1.1647e+00
5 +1.627706082e+02 +1.627706082e+02 +2.557106082e+02 +2.557106082e+02 +2.4599e+00 +1.9904e+00 -1.4107e+00 +2.7994e+00 +1.8030e+00
7 +1.020718993e+02 +1.020718993e+02 +1.950118993e+02 +1.950118993e+02 -1.7642e+00 +2.0266e+00 +1.4500e+00 +2.5757e+00 +5.4878e-01
9 +3.052687113e+01 +3.052687113e+01 +1.234668711e+02 +1.234668711e+02 +1.8449e+00 +2.5603e+00 +4.0118e-01 +2.3201e+00 -1.8286e+00
15 +1.790767925e+01 +1.790767925e+01 +1.108476793e+02 +1.108476793e+02 -2.6903e+00 +1.9693e+00 -1.5865e+00 +7.0470e-02 +2.5191e+00
73 +8.124346742e+00 +8.124346742e+00 +1.010643467e+02 +1.010643467e+02 -1.6704e-01 +1.5375e+00 -5.5450e-01 +7.3318e-01 -7.5800e-01
134 +5.457439418e+00 +5.457439418e+00 +9.839743942e+01 +9.839743942e+01 +6.8992e-01 +9.1539e-01 -3.0319e-01 +1.4158e+00 -3.6624e-01
160 +1.413088143e+00 +1.413088143e+00 +9.435308814e+01 +9.435308814e+01 -7.0028e-01 +1.5786e+00 -1.4872e-01 +2.2916e+00 +1.8538e+00
216 +7.299341378e-01 +7.299341378e-01 +9.366993414e+01 +9.366993414e+01 -4.4161e-01 +1.1458e+00 +7.7377e-02 +2.1384e+00 +1.3822e+00
644 +1.545072047e-01 +1.545072047e-01 +9.309450720e+01 +9.309450720e+01 -2.9239e-01 +9.9868e-01 +1.8478e-01 +3.0617e+00 +2.3781e+00
790 +9.873762062e-02 +9.873762062e-02 +9.303873762e+01 +9.303873762e+01 -2.7661e-01 +9.1094e-01 +1.6315e-01 +2.7602e+00 +2.0520e+00
864 +5.175916285e-02 +5.175916285e-02 +9.299175916e+01 +9.299175916e+01 -2.4669e-01 +8.1443e-01 +2.8320e-01 +3.2600e+00 +2.4833e+00
891 +2.483129047e-02 +2.483129047e-02 +9.296483129e+01 +9.296483129e+01 -1.7079e-01 +7.2515e-01 +3.7207e-01 +3.3313e+00 +2.4950e+00
920 +1.358291568e-02 +1.358291568e-02 +9.295358292e+01 +9.295358292e+01 -2.5869e-01 +7.6019e-01 +3.2642e-01 +3.2275e+00 +2.4936e+00
957 +7.299341378e-03 +7.299341378e-03 +9.294729934e+01 +9.294729934e+01 -2.1002e-01 +7.4051e-01 +2.8219e-01 +3.2256e+00 +2.4774e+00
986 +3.118894369e-07 +3.118894369e-07 +9.294000031e+01 +9.294000031e+01 -2.1015e-01 +7.6185e-01 +2.7213e-01 +3.1294e+00 +2.4083e+00
992 +9.929237876e-08 +9.929237876e-08 +9.294000010e+01 +9.294000010e+01 -2.4100e-01 +7.1934e-01 +2.9666e-01 +3.1150e+00 +2.3868e+00
1022 +4.682706845e-08 +4.682706845e-08 +9.294000005e+01 +9.294000005e+01 -2.2741e-01 +7.5913e-01 +2.5788e-01 +3.1053e+00 +2.3717e+00
1071 +3.553353167e-08 +3.553353167e-08 +9.294000004e+01 +9.294000004e+01 -2.1247e-01 +7.4712e-01 +2.7484e-01 +3.1107e+00 +2.3781e+00
1131 +1.386074189e-08 +1.386074189e-08 +9.294000001e+01 +9.294000001e+01 -2.3053e-01 +7.2102e-01 +2.8357e-01 +3.1240e+00 +2.4014e+00
1148 +2.157506174e-09 +2.157506174e-09 +9.294000000e+01 +9.294000000e+01 -2.4058e-01 +7.2902e-01 +2.8087e-01 +3.1228e+00 +2.3985e+00
1156 +1.126522875e-09 +1.126522875e-09 +9.294000000e+01 +9.294000000e+01 -2.2912e-01 +7.3026e-01 +2.7931e-01 +3.1187e+00 +2.3947e+00
% function evaluation | noise-free fitness - Fopt (9.294000000000e+01) | best noise-free fitness - Fopt | measured fitness | best measured fitness | x1 | x2...
1 +4.181710291e+02 +4.181710291e+02 +5.111110291e+02 +5.111110291e+02 +3.0971e+00 +3.0313e+00 -3.5285e+00 +1.8364e+00 +4.8332e-01
2 +2.677827229e+02 +2.677827229e+02 +3.607227229e+02 +3.607227229e+02 +2.4779e+00 +3.8663e+00 -1.8514e+00 -6.3566e-01 -1.9606e+00
4 +7.964781488e+01 +7.964781488e+01 +1.725878149e+02 +1.725878149e+02 +7.0961e-01 +3.6976e+00 -2.1141e+00 +7.4522e-01 -7.3306e-01
18 +5.306310607e+01 +5.306310607e+01 +1.460031061e+02 +1.460031061e+02 +5.7577e-01 +4.5158e+00 -1.7664e+00 +1.6234e-02 -2.8104e+00
20 +2.012397160e+01 +2.012397160e+01 +1.130639716e+02 +1.130639716e+02 -2.3641e-01 +2.1158e+00 -1.0452e+00 +1.0139e+00 -6.2786e-01
58 +6.354657822e+00 +6.354657822e+00 +9.929465782e+01 +9.929465782e+01 -8.4081e-01 +1.4226e+00 -4.8275e-01 +1.3991e+00 +6.0156e-01
104 +5.544878298e+00 +5.544878298e+00 +9.848487830e+01 +9.848487830e+01 +3.4974e-01 +4.4048e-01 +1.9852e-01 +1.0636e+00 -5.7215e-02
107 +3.000567584e+00 +3.000567584e+00 +9.594056758e+01 +9.594056758e+01 -1.4075e-01 +1.9985e-01 -8.0200e-02 +1.0347e+00 +3.8018e-01
489 +1.926461379e+00 +1.926461379e+00 +9.486646138e+01 +9.486646138e+01 +2.7573e-02 +1.5126e+00 +1.1295e-01 +2.4870e+00 +1.8002e+00
520 +1.580638630e+00 +1.580638630e+00 +9.452063863e+01 +9.452063863e+01 -7.9621e-01 +3.4777e-01 -7.8044e-02 +2.2377e+00 +2.4562e+00
545 +9.037960495e-01 +9.037960495e-01 +9.384379605e+01 +9.384379605e+01 -4.1901e-01 +1.5374e-01 -5.4206e-02 +1.9029e+00 +1.6703e+00
1375 +6.203667323e-01 +6.203667323e-01 +9.356036673e+01 +9.356036673e+01 -2.5851e-01 +7.4428e-01 +4.1815e-01 +3.5417e+00 +2.5551e+00
1389 +2.256048880e-01 +2.256048880e-01 +9.316560489e+01 +9.316560489e+01 -1.2625e-01 +4.2895e-01 +3.2616e-01 +2.8551e+00 +2.2185e+00
1482 +9.801319957e-02 +9.801319957e-02 +9.303801320e+01 +9.303801320e+01 -1.6436e-02 +6.6241e-01 +4.2053e-01 +3.3783e+00 +2.4400e+00
1567 +3.944045933e-02 +3.944045933e-02 +9.297944046e+01 +9.297944046e+01 -2.0550e-01 +8.2834e-01 +2.8302e-01 +2.9943e+00 +2.2056e+00
1596 +1.833652432e-02 +1.833652432e-02 +9.295833652e+01 +9.295833652e+01 -2.5452e-01 +7.3264e-01 +2.0143e-01 +2.9103e+00 +2.2255e+00
1656 +9.011210944e-03 +9.011210944e-03 +9.294901121e+01 +9.294901121e+01 -2.5832e-01 +7.4678e-01 +2.5220e-01 +3.1113e+00 +2.4160e+00
1791 +1.565222334e-07 +1.565222334e-07 +9.294000016e+01 +9.294000016e+01 -2.3724e-01 +7.3139e-01 +2.6204e-01 +3.1072e+00 +2.3884e+00
1866 +1.414214523e-08 +1.414214523e-08 +9.294000001e+01 +9.294000001e+01 -2.2489e-01 +7.3823e-01 +2.6111e-01 +3.1147e+00 +2.3950e+00
1882 +2.526022058e-09 +2.526022058e-09 +9.294000000e+01 +9.294000000e+01 -2.1087e-01 +7.5696e-01 +2.6117e-01 +3.1031e+00 +2.3779e+00
% function evaluation | noise-free fitness - Fopt (3.535000000000e+01) | best noise-free fitness - Fopt | measured fitness | best measured fitness | x1 | x2...
1 +2.441934460e+02 +2.441934460e+02 +2.795434460e+02 +2.795434460e+02 +1.7974e+00 +2.1447e+00 -3.8465e-01 -3.0405e+00 -3.1947e+00
21 +1.279662669e+02 +1.279662669e+02 +1.633162669e+02 +1.633162669e+02 +1.8300e+00 +2.1026e+00 +1.9931e+00 -3.8073e+00 -3.4573e+00
39 +6.260172829e+01 +6.260172829e+01 +9.795172829e+01 +9.795172829e+01 +3.7696e+00 +1.8124e-01 +3.0599e+00 -2.6265e+00 -2.3971e+00
74 +3.570113127e+01 +3.570113127e+01 +7.105113127e+01 +7.105113127e+01 +2.7304e+00 +1.9839e+00 +3.1331e+00 -1.0451e+00 -3.3492e+00
77 +2.419438689e+01 +2.419438689e+01 +5.954438689e+01 +5.954438689e+01 +2.1858e+00 +1.5906e+00 +3.1024e+00 -1.2635e+00 -2.5885e+00
88 +6.344376508e+00 +6.344376508e+00 +4.169437651e+01 +4.169437651e+01 +1.6641e+00 +1.7597e+00 +3.4354e+00 +2.2425e-01 -2.6735e+00
121 +4.663772514e+00 +4.663772514e+00 +4.001377251e+01 +4.001377251e+01 +1.7914e+00 +2.0507e+00 +3.1222e+00 +2.0388e+00 -1.7056e+00
136 +2.936345658e+00 +2.936345658e+00 +3.828634566e+01 +3.828634566e+01 +1.5856e+00 +1.5893e-01 +4.6373e+00 +8.7812e-01 -2.1652e+00
164 +1.762548243e+00 +1.762548243e+00 +3.711254824e+01 +3.711254824e+01 +1.8601e+00 +7.4550e-01 +4.0473e+00 +4.2056e-01 -2.2104e+00
165 +5.688372111e-01 +5.688372111e-01 +3.591883721e+01 +3.591883721e+01 +1.3045e+00 +1.6462e+00 +3.9023e+00 +1.4654e+00 -2.1669e+00
239 +3.022738562e-01 +3.022738562e-01 +3.565227386e+01 +3.565227386e+01 +1.5056e+00 +1.7053e+00 +3.8695e+00 +1.3421e+00 -1.9917e+00
244 +2.350791936e-01 +2.350791936e-01 +3.558507919e+01 +3.558507919e+01 +1.5273e+00 +2.0468e+00 +3.8764e+00 +1.5389e+00 -1.8260e+00
261 +1.434118326e-01 +1.434118326e-01 +3.549341183e+01 +3.549341183e+01 +1.5722e+00 +1.8829e+00 +3.8381e+00 +1.6110e+00 -1.8525e+00
314 +5.234647815e-02 +5.234647815e-02 +3.540234648e+01 +3.540234648e+01 +1.5711e+00 +1.8111e+00 +3.8931e+00 +1.5302e+00 -1.9143e+00
341 +3.882427295e-02 +3.882427295e-02 +3.538882427e+01 +3.538882427e+01 +1.5557e+00 +1.6989e+00 +3.9150e+00 +1.5007e+00 -1.9653e+00
352 +2.325059690e-02 +2.325059690e-02 +3.537325060e+01 +3.537325060e+01 +1.5685e+00 +1.7358e+00 +3.8896e+00 +1.4894e+00 -1.9589e+00
397 +1.374097948e-02 +1.374097948e-02 +3.536374098e+01 +3.536374098e+01 +1.6502e+00 +1.6807e+00 +3.9045e+00 +1.5255e+00 -1.9317e+00
1088 +9.953710724e-03 +9.953710724e-03 +3.535995371e+01 +3.535995371e+01 +1.8327e+00 +1.3339e+00 +4.0408e+00 +1.4140e+00 -1.8764e+00
2116 +9.973447135e-08 +9.973447135e-08 +3.535000010e+01 +3.535000010e+01 +1.7707e+00 +1.4771e+00 +3.9593e+00 +1.4562e+00 -1.8544e+00
2328 +1.407217809e-08 +1.407217809e-08 +3.535000001e+01 +3.535000001e+01 +1.7649e+00 +1.4896e+00 +3.9805e+00 +1.4694e+00 -1.8638e+00
2396 +8.471047863e-09 +8.471047863e-09 +3.535000001e+01 +3.535000001e+01 +1.7529e+00 +1.4863e+00 +3.9854e+00 +1.4504e+00 -1.8693e+00
% function evaluation | noise-free fitness - Fopt (3.535000000000e+01) | best noise-free fitness - Fopt | measured fitness | best measured fitness | x1 | x2...
1 +1.573264955e+02 +1.573264955e+02 +1.926764955e+02 +1.926764955e+02 -1.1396e+00 -2.3742e+00 +3.5645e+00 +1.4273e-01 -3.5354e+00
4 +6.279365203e+01 +6.279365203e+01 +9.814365203e+01 +9.814365203e+01 +6.9037e-01 -1.7337e+00 +4.7706e+00 -1.6715e+00 -4.7728e+00
31 +3.854527933e+01 +3.854527933e+01 +7.389527933e+01 +7.389527933e+01 +4.6283e-01 -1.2492e-01 +5.6003e+00 -7.6491e-01 -3.2391e+00
40 +2.476940088e+01 +2.476940088e+01 +6.011940088e+01 +6.011940088e+01 +1.2595e+00 -6.0243e-01 +4.3852e+00 -1.2265e+00 -2.7590e+00
65 +7.457008510e+00 +7.457008510e+00 +4.280700851e+01 +4.280700851e+01 +2.5682e+00 +6.0058e-01 +3.9899e+00 +4.0638e-02 -1.6298e+00
78 +5.906656087e+00 +5.906656087e+00 +4.125665609e+01 +4.125665609e+01 +1.0165e+00 +1.6018e+00 +4.2544e+00 +8.2162e-01 -2.3535e+00
120 +2.626673621e+00 +2.626673621e+00 +3.797667362e+01 +3.797667362e+01 +2.8165e+00 -3.2107e-01 +4.5592e+00 +5.9004e-01 -1.9085e+00
127 +2.492519116e+00 +2.492519116e+00 +3.784251912e+01 +3.784251912e+01 +2.4983e+00 -7.1259e-01 +4.3340e+00 +9.6696e-01 -1.8681e+00
133 +8.443576549e-01 +8.443576549e-01 +3.619435765e+01 +3.619435765e+01 +2.9241e+00 -6.6524e-01 +4.5803e+00 +6.4415e-01 -1.7777e+00
254 +2.533677510e-01 +2.533677510e-01 +3.560336775e+01 +3.560336775e+01 +2.4177e+00 +3.1448e-01 +4.5012e+00 +1.3723e+00 -1.4303e+00
274 +2.130737976e-01 +2.130737976e-01 +3.556307380e+01 +3.556307380e+01 +2.1997e+00 +6.3869e-01 +4.2853e+00 +1.3345e+00 -1.5809e+00
362 +1.581047579e-01 +1.581047579e-01 +3.550810476e+01 +3.550810476e+01 +2.2045e+00 +6.2276e-01 +4.3209e+00 +1.1448e+00 -1.7317e+00
1269 +7.704791751e-02 +7.704791751e-02 +3.542704792e+01 +3.542704792e+01 +1.5603e+00 +1.8645e+00 +3.8375e+00 +1.5428e+00 -1.9664e+00
1330 +2.935682198e-02 +2.935682198e-02 +3.537935682e+01 +3.537935682e+01 +1.5546e+00 +1.7843e+00 +3.8788e+00 +1.5624e+00 -1.9322e+00
1363 +2.492519116e-02 +2.492519116e-02 +3.537492519e+01 +3.537492519e+01 +1.6594e+00 +1.7250e+00 +3.9236e+00 +1.5466e+00 -1.8797e+00
1418 +4.946781230e-03 +4.946781230e-03 +3.535494678e+01 +3.535494678e+01 +1.7890e+00 +1.5022e+00 +3.9420e+00 +1.4525e+00 -1.8611e+00
1498 +1.629556294e-07 +1.629556294e-07 +3.535000016e+01 +3.535000016e+01 +1.7476e+00 +1.5003e+00 +3.9648e+00 +1.4582e+00 -1.8587e+00
1537 +1.628201574e-09 +1.628201574e-09 +3.535000000e+01 +3.535000000e+01 +1.7537e+00 +1.4888e+00 +3.9915e+00 +1.4719e+00 -1.8654e+00
% function evaluation | noise-free fitness - Fopt (3.535000000000e+01) | best noise-free fitness - Fopt | measured fitness | best measured fitness | x1 | x2...
1 +1.497683347e+03 +1.497683347e+03 +1.533033347e+03 +1.533033347e+03 -2.0548e+00 -2.8604e-01 -2.4886e+00 -3.8988e+00 +1.0316e+00
9 +9.968693474e+02 +9.968693474e+02 +1.032219347e+03 +1.032219347e+03 -5.7543e+00 -9.1244e-01 +1.5731e+00 -2.5117e+00 -8.7538e-01
16 +6.069092061e+02 +6.069092061e+02 +6.422592061e+02 +6.422592061e+02 -4.5774e+00 +2.7993e+00 +7.1240e-01 -5.5778e+00 -3.6275e+00
22 +2.848855460e+02 +2.848855460e+02 +3.202355460e+02 +3.202355460e+02 -1.9223e+00 +1.9348e+00 +1.9547e+00 -3.7008e+00 -2.9881e+00
38 +4.354096668e+01 +4.354096668e+01 +7.889096668e+01 +7.889096668e+01 -2.2810e-01 +1.8465e+00 +3.9109e+00 -1.2432e+00 -3.4976e+00
159 +3.255680337e+01 +3.255680337e+01 +6.790680337e+01 +6.790680337e+01 -3.5186e+00 +7.8465e+00 +1.4808e+00 +3.6924e+00 -3.4887e+00
215 +2.306395521e+01 +2.306395521e+01 +5.841395521e+01 +5.841395521e+01 -1.4116e+00 +8.0092e+00 +8.7753e-01 +2.6292e+00 -2.9577e+00
219 +1.409966060e+01 +1.409966060e+01 +4.944966060e+01 +4.944966060e+01 -2.0983e+00 +6.4486e+00 +2.6223e+00 +3.4108e+00 -2.5965e+00
295 +5.468584646e+00 +5.468584646e+00 +4.081858465e+01 +4.081858465e+01 +2.3371e-01 +4.9401e+00 +2.7896e+00 +2.3579e+00 -2.9052e+00
330 +3.777144069e+00 +3.777144069e+00 +3.912714407e+01 +3.912714407e+01 -3.5465e-01 +5.6969e+00 +2.2519e+00 +2.6171e+00 -2.6370e+00
511 +2.378784032e+00 +2.378784032e+00 +3.772878403e+01 +3.772878403e+01 -2.7218e-01 +4.9545e+00 +2.5674e+00 +2.1419e+00 -2.5541e+00
546 +1.523213724e+00 +1.523213724e+00 +3.687321372e+01 +3.687321372e+01 +2.5893e-01 +4.3261e+00 +2.7839e+00 +1.9953e+00 -2.3923e+00
615 +7.428523534e-01 +7.428523534e-01 +3.609285235e+01 +3.609285235e+01 +5.3846e-01 +3.2485e+00 +3.2185e+00 +1.7924e+00 -2.4777e+00
671 +6.127227260e-01 +6.127227260e-01 +3.596272273e+01 +3.596272273e+01 +5.9208e-01 +3.3022e+00 +3.2191e+00 +1.8184e+00 -2.4764e+00
2857 +2.564719844e-01 +2.564719844e-01 +3.560647198e+01 +3.560647198e+01 +1.3640e+00 +2.1647e+00 +3.8071e+00 +1.4946e+00 -1.9466e+00
2952 +1.998055820e-01 +1.998055820e-01 +3.554980558e+01 +3.554980558e+01 +1.6412e+00 +1.6488e+00 +3.8733e+00 +1.5680e+00 -2.0123e+00
3010 +1.251121864e-01 +1.251121864e-01 +3.547511219e+01 +3.547511219e+01 +1.7990e+00 +1.3759e+00 +4.0576e+00 +1.2859e+00 -1.9080e+00
3012 +7.706033131e-02 +7.706033131e-02 +3.542706033e+01 +3.542706033e+01 +1.5256e+00 +1.9243e+00 +3.8540e+00 +1.6666e+00 -1.8481e+00
3023 +2.083854029e-02 +2.083854029e-02 +3.537083854e+01 +3.537083854e+01 +1.7211e+00 +1.5892e+00 +3.9213e+00 +1.5078e+00 -1.9159e+00
3128 +1.374097948e-02 +1.374097948e-02 +3.536374098e+01 +3.536374098e+01 +1.8529e+00 +1.3291e+00 +4.0407e+00 +1.4130e+00 -1.8517e+00
3197 +4.946781230e-03 +4.946781230e-03 +3.535494678e+01 +3.535494678e+01 +1.7456e+00 +1.4866e+00 +3.9872e+00 +1.4820e+00 -1.8848e+00
3279 +1.519590214e-07 +1.519590214e-07 +3.535000015e+01 +3.535000015e+01 +1.7841e+00 +1.4869e+00 +3.9789e+00 +1.4354e+00 -1.8663e+00
3322 +7.669791557e-08 +7.669791557e-08 +3.535000008e+01 +3.535000008e+01 +1.7536e+00 +1.4882e+00 +3.9693e+00 +1.4860e+00 -1.8593e+00
3392 +5.106514323e-09 +5.106514323e-09 +3.535000001e+01 +3.535000001e+01 +1.7630e+00 +1.4885e+00 +3.9680e+00 +1.4412e+00 -1.8667e+00
% function evaluation | noise-free fitness - Fopt (3.820000000000e+00) | best noise-free fitness - Fopt | measured fitness | best measured fitness | x1 | x2...
1 +2.450294382e+02 +2.450294382e+02 +2.488494382e+02 +2.488494382e+02 +4.5045e-01 +2.0707e+00 +3.9011e+00 -1.8794e+00 +3.6504e+00
3 +8.440389272e+01 +8.440389272e+01 +8.822389272e+01 +8.822389272e+01 +1.7900e+00 +3.8602e+00 +1.3390e+00 -1.3116e+00 +1.4492e+00
26 +4.162777309e+01 +4.162777309e+01 +4.544777309e+01 +4.544777309e+01 +4.8381e+00 +2.6519e+00 -9.3490e-01 -7.7947e-01 -9.9147e-01
36 +1.319963595e+01 +1.319963595e+01 +1.701963595e+01 +1.701963595e+01 +2.8702e+00 +1.8227e+00 +1.6881e+00 -3.2369e+00 +2.1052e-01
83 +5.321691597e+00 +5.321691597e+00 +9.141691597e+00 +9.141691597e+00 +3.9638e+00 +3.0250e+00 +7.1624e-01 -1.3874e+00 +2.5416e-01
136 +3.951496752e+00 +3.951496752e+00 +7.771496752e+00 +7.771496752e+00 +4.4865e+00 +1.3986e+00 +1.3798e+00 -2.4453e+00 +2.5588e-01
148 +1.989390541e+00 +1.989390541e+00 +5.809390541e+00 +5.809390541e+00 +4.3829e+00 +1.5744e+00 +1.3360e+00 -3.3057e+00 +6.5742e-01
163 +5.356939691e-01 +5.356939691e-01 +4.355693969e+00 +4.355693969e+00 +4.1210e+00 +1.5508e+00 +1.5610e+00 -3.3661e+00 +1.0024e+00
827 +3.730067711e-02 +3.730067711e-02 +3.857300677e+00 +3.857300677e+00 +4.0258e+00 +1.1819e+00 +1.8462e+00 -2.5137e+00 +8.0750e-01
960 +5.898380549e-03 +5.898380549e-03 +3.825898381e+00 +3.825898381e+00 +4.0126e+00 +1.2362e+00 +1.8192e+00 -2.6543e+00 +8.9420e-01
1076 +5.723886343e-08 +5.723886343e-08 +3.820000057e+00 +3.820000057e+00 +3.9991e+00 +1.1820e+00 +1.8763e+00 -2.5616e+00 +8.8210e-01
1239 +1.961511265e-08 +1.961511265e-08 +3.820000020e+00 +3.820000020e+00 +3.9856e+00 +1.1842e+00 +1.8791e+00 -2.5673e+00 +8.6110e-01
1274 +9.292034253e-09 +9.292034253e-09 +3.820000009e+00 +3.820000009e+00 +3.9981e+00 +1.1738e+00 +1.8867e+00 -2.5689e+00 +8.7332e-01
% function evaluation | noise-free fitness - Fopt (3.820000000000e+00) | best noise-free fitness - Fopt | measured fitness | best measured fitness | x1 | x2...
1 +1.182194058e+03 +1.182194058e+03 +1.186014058e+03 +1.186014058e+03 +1.4527e+00 +9.5977e-02 -1.3431e+00 +1.7798e+00 +2.6712e+00
4 +5.282499508e+02 +5.282499508e+02 +5.320699508e+02 +5.320699508e+02 -7.5524e-01 +4.9089e+00 +9.9437e-01 +4.3056e+00 +2.1216e+00
6 +3.539513885e+02 +3.539513885e+02 +3.577713885e+02 +3.577713885e+02 +3.3689e+00 +1.6850e+00 -8.8101e-01 -3.9620e-01 +2.0548e+00
14 +1.335236690e+02 +1.335236690e+02 +1.373436690e+02 +1.373436690e+02 +3.4299e+00 +2.4826e+00 +9.8147e-01 +5.3228e-01 +3.0531e+00
19 +3.315321071e+01 +3.315321071e+01 +3.697321071e+01 +3.697321071e+01 +4.6278e+00 +2.3236e+00 +8.8835e-01 -2.1860e+00 -1.0814e+00
33 +1.548101528e+01 +1.548101528e+01 +1.930101528e+01 +1.930101528e+01 +4.5585e+00 +1.9418e+00 +1.4667e+00 -1.1897e+00 +1.3221e+00
75 +6.838668905e+00 +6.838668905e+00 +1.065866891e+01 +1.065866891e+01 +3.6635e+00 +2.5519e+00 +1.1600e+00 -3.2886e-01 +4.0461e-01
78 +4.851605870e+00 +4.851605870e+00 +8.671605870e+00 +8.671605870e+00 +3.6242e+00 +1.5378e+00 +1.5119e+00 -1.6150e+00 +9.1210e-01
87 +2.001631799e+00 +2.001631799e+00 +5.821631799e+00 +5.821631799e+00 +3.5858e+00 +1.5186e+00 +1.7035e+00 -1.4679e+00 +4.1488e-01
211 +1.326404658e+00 +1.326404658e+00 +5.146404658e+00 +5.146404658e+00 +4.0117e+00 +1.5321e+00 +1.6297e+00 -1.2009e+00 +5.9205e-01
232 +8.382833479e-01 +8.382833479e-01 +4.658283348e+00 +4.658283348e+00 +4.2294e+00 +1.5940e+00 +1.3654e+00 -2.6922e+00 +7.0910e-01
236 +4.586717990e-01 +4.586717990e-01 +4.278671799e+00 +4.278671799e+00 +4.0333e+00 +1.5217e+00 +1.7054e+00 -2.3535e+00 +7.3813e-01
305 +3.688806175e-01 +3.688806175e-01 +4.188880617e+00 +4.188880617e+00 +3.8876e+00 +1.6515e+00 +1.5274e+00 -2.5816e+00 +5.9754e-01
323 +1.619273503e-01 +1.619273503e-01 +3.981927350e+00 +3.981927350e+00 +4.0003e+00 +1.4053e+00 +1.6372e+00 -2.8820e+00 +7.0929e-01
354 +1.490319097e-01 +1.490319097e-01 +3.969031910e+00 +3.969031910e+00 +4.0260e+00 +1.4655e+00 +1.6800e+00 -2.6499e+00 +8.9004e-01
355 +7.398432327e-02 +7.398432327e-02 +3.893984323e+00 +3.893984323e+00 +4.0079e+00 +1.3873e+00 +1.6698e+00 -2.5730e+00 +7.8293e-01
362 +3.288668106e-02 +3.288668106e-02 +3.852886681e+00 +3.852886681e+00 +3.9702e+00 +1.3468e+00 +1.7148e+00 -2.5436e+00 +7.8638e-01
397 +1.588668208e-02 +1.588668208e-02 +3.835886682e+00 +3.835886682e+00 +4.0297e+00 +1.1307e+00 +1.9219e+00 -2.6409e+00 +9.5931e-01
407 +1.074013380e-02 +1.074013380e-02 +3.830740134e+00 +3.830740134e+00 +3.9701e+00 +1.1743e+00 +1.9043e+00 -2.6038e+00 +8.9011e-01
498 +4.610136153e-07 +4.610136153e-07 +3.820000461e+00 +3.820000461e+00 +3.9775e+00 +1.2167e+00 +1.8416e+00 -2.5812e+00 +8.7366e-01
504 +3.284321646e-07 +3.284321646e-07 +3.820000328e+00 +3.820000328e+00 +3.9886e+00 +1.1980e+00 +1.8359e+00 -2.5843e+00 +8.5946e-01
513 +5.867707520e-08 +5.867707520e-08 +3.820000059e+00 +3.820000059e+00 +3.9953e+00 +1.1622e+00 +1.8734e+00 -2.5791e+00 +8.8308e-01
595 +2.316588699e-09 +2.316588699e-09 +3.820000002e+00 +3.820000002e+00 +3.9937e+00 +1.1940e+00 +1.8684e+00 -2.5419e+00 +8.7382e-01
% function evaluation | noise-free fitness - Fopt (3.820000000000e+00) | best noise-free fitness - Fopt | measured fitness | best measured fitness | x1 | x2...
1 +7.747752205e+01 +7.747752205e+01 +8.129752205e+01 +8.129752205e+01 +3.6943e+00 +3.8212e+00 +3.1730e-01 +2.1935e+00 -3.0308e+00
2 +2.899743189e+01 +2.899743189e+01 +3.281743189e+01 +3.281743189e+01 +3.3414e+00 +3.2635e+00 -8.4697e-01 -3.9613e-01 -2.5554e+00
10 +2.332254253e+01 +2.332254253e+01 +2.714254253e+01 +2.714254253e+01 +3.5789e+00 +1.3456e+00 +1.3026e+00 -5.9365e-01 -1.4111e+00
69 +7.634384210e+00 +7.634384210e+00 +1.145438421e+01 +1.145438421e+01 +3.3953e+00 +1.6009e+00 +1.5062e+00 +3.9958e-01 -6.0422e-01
141 +5.468615644e+00 +5.468615644e+00 +9.288615644e+00 +9.288615644e+00 +3.5797e+00 +1.7572e+00 +1.4158e+00 -2.5366e-01 -3.2975e-01
159 +2.922601115e+00 +2.922601115e+00 +6.742601115e+00 +6.742601115e+00 +3.2963e+00 +1.4767e+00 +1.8064e+00 -1.1554e+00 +5.8679e-01
184 +2.404887715e+00 +2.404887715e+00 +6.224887715e+00 +6.224887715e+00 +3.7944e+00 +1.4713e+00 +1.5770e+00 -4.4652e-01 -4.3020e-03
225 +1.247807476e+00 +1.247807476e+00 +5.067807476e+00 +5.067807476e+00 +3.9856e+00 +1.0819e+00 +2.0192e+00 -1.2270e+00 +5.0788e-01
1558 +7.361463497e-01 +7.361463497e-01 +4.556146350e+00 +4.556146350e+00 +3.8248e+00 +5.1864e-01 +2.3694e+00 -1.2244e+00 +7.6268e-01
1561 +5.343798439e-01 +5.343798439e-01 +4.354379844e+00 +4.354379844e+00 +4.0328e+00 +1.9058e+00 +1.2612e+00 -3.3037e+00 +6.3403e-01
1622 +1.777232824e-01 +1.777232824e-01 +3.997723282e+00 +3.997723282e+00 +4.0294e+00 +1.0962e+00 +1.8745e+00 -2.6850e+00 +9.1750e-01
1664 +1.087902759e-01 +1.087902759e-01 +3.928790276e+00 +3.928790276e+00 +3.9622e+00 +9.3481e-01 +2.0854e+00 -2.2668e+00 +9.6763e-01
1789 +6.972503541e-02 +6.972503541e-02 +3.889725035e+00 +3.889725035e+00 +3.9618e+00 +1.1082e+00 +1.9139e+00 -2.3977e+00 +8.0853e-01
1849 +5.127965699e-02 +5.127965699e-02 +3.871279657e+00 +3.871279657e+00 +4.0130e+00 +1.1887e+00 +1.8194e+00 -2.7055e+00 +8.8557e-01
1950 +1.723371689e-02 +1.723371689e-02 +3.837233717e+00 +3.837233717e+00 +4.0048e+00 +1.2874e+00 +1.7588e+00 -2.7172e+00 +8.3808e-01
2019 +5.898380549e-03 +5.898380549e-03 +3.825898381e+00 +3.825898381e+00 +4.0007e+00 +1.2377e+00 +1.7970e+00 -2.6757e+00 +8.5465e-01
2129 +4.543616772e-08 +4.543616772e-08 +3.820000045e+00 +3.820000045e+00 +3.9791e+00 +1.1694e+00 +1.8739e+00 -2.5735e+00 +8.5369e-01
2315 +3.208402433e-10 +3.208402433e-10 +3.820000000e+00 +3.820000000e+00 +3.9954e+00 +1.1699e+00 +1.8864e+00 -2.5705e+00 +8.7919e-01
% function evaluation | noise-free fitness - Fopt (2.175000000000e+01) | best noise-free fitness - Fopt | measured fitness | best measured fitness | x1 | x2...
1 +1.482422215e+02 +1.482422215e+02 +1.699922215e+02 +1.699922215e+02 +1.8687e+00 -4.0866e-01 +1.1852e+00 -7.2130e-02 -1.0542e+00
3 +7.685137086e+01 +7.685137086e+01 +9.860137086e+01 +9.860137086e+01 +2.2256e+00 -5.6605e-01 -7.9430e-01 +3.4437e-01 +2.4279e-01
13 +3.079813440e+01 +3.079813440e+01 +5.254813440e+01 +5.254813440e+01 +2.0597e+00 +1.3025e+00 +6.4433e-02 +1.2381e+00 -1.5996e+00
18 +2.475827130e+01 +2.475827130e+01 +4.650827130e+01 +4.650827130e+01 +4.8176e+00 +1.2870e+00 -5.3089e-01 +2.9080e+00 -7.4687e-01
35 +1.579072089e+01 +1.579072089e+01 +3.754072089e+01 +3.754072089e+01 +4.8041e+00 +5.4384e-01 -1.3701e+00 +1.8108e+00 +1.9452e-01
37 +8.781762456e+00 +8.781762456e+00 +3.053176246e+01 +3.053176246e+01 +3.6327e+00 -8.2460e-01 -1.1548e+00 +4.2215e+00 +2.3113e-01
87 +4.521730484e+00 +4.521730484e+00 +2.627173048e+01 +2.627173048e+01 +4.1407e+00 +8.6686e-01 -1.0551e+00 +2.7641e+00 -8.6006e-01
89 +3.817397265e+00 +3.817397265e+00 +2.556739726e+01 +2.556739726e+01 +3.7985e+00 +4.9171e-01 -1.5277e+00 +3.2812e+00 -1.5546e+00
96 +1.781483507e+00 +1.781483507e+00 +2.353148351e+01 +2.353148351e+01 +4.3720e+00 +8.5599e-01 -1.3528e+00 +2.7851e+00 -1.5939e+00
138 +1.207404017e+00 +1.207404017e+00 +2.295740402e+01 +2.295740402e+01 +4.1025e+00 -1.1817e-01 -1.5695e+00 +3.3730e+00 -8.7607e-01
142 +7.101005583e-01 +7.101005583e-01 +2.246010056e+01 +2.246010056e+01 +3.7340e+00 +8.7726e-01 -1.2277e+00 +3.1880e+00 -1.9081e+00
190 +1.167786411e-01 +1.167786411e-01 +2.186677864e+01 +2.186677864e+01 +3.6327e+00 +6.9735e-01 -1.1476e+00 +3.3083e+00 -1.6316e+00
225 +6.872575057e-02 +6.872575057e-02 +2.181872575e+01 +2.181872575e+01 +3.5893e+00 +8.5109e-01 -1.0342e+00 +3.3308e+00 -1.7678e+00
251 +2.512675064e-02 +2.512675064e-02 +2.177512675e+01 +2.177512675e+01 +3.8340e+00 +8.8571e-01 -1.1477e+00 +3.1182e+00 -1.6326e+00
306 +1.954689046e-02 +1.954689046e-02 +2.176954689e+01 +2.176954689e+01 +3.7782e+00 +9.3887e-01 -1.1146e+00 +3.0408e+00 -1.6292e+00
312 +1.309866675e-02 +1.309866675e-02 +2.176309867e+01 +2.176309867e+01 +3.8482e+00 +8.6814e-01 -1.1378e+00 +3.0564e+00 -1.6754e+00
352 +3.241794069e-07 +3.241794069e-07 +2.175000032e+01 +2.175000032e+01 +3.7591e+00 +8.6170e-01 -1.1198e+00 +3.1194e+00 -1.6611e+00
355 +2.332754434e-07 +2.332754434e-07 +2.175000023e+01 +2.175000023e+01 +3.7613e+00 +8.6509e-01 -1.1110e+00 +3.1157e+00 -1.6792e+00
371 +3.727755526e-08 +3.727755526e-08 +2.175000004e+01 +2.175000004e+01 +3.7921e+00 +8.9277e-01 -1.1023e+00 +3.0654e+00 -1.6590e+00
382 +7.368683441e-09 +7.368683441e-09 +2.175000001e+01 +2.175000001e+01 +3.7715e+00 +8.9567e-01 -1.1264e+00 +3.0933e+00 -1.6610e+00
% function evaluation | noise-free fitness - Fopt (2.175000000000e+01) | best noise-free fitness - Fopt | measured fitness | best measured fitness | x1 | x2...
1 +6.759716857e+02 +6.759716857e+02 +6.977216857e+02 +6.977216857e+02 -2.7094e+00 -1.4892e+00 -3.7896e+00 +1.8938e+00 -4.4031e-01
6 +6.086806779e+02 +6.086806779e+02 +6.304306779e+02 +6.304306779e+02 -3.1000e+00 -2.9013e+00 -3.0613e+00 +1.4209e+00 -2.1551e+00
13 +2.693714526e+02 +2.693714526e+02 +2.911214526e+02 +2.911214526e+02 -9.0265e-01 -5.7329e+00 -2.0043e-01 +4.5306e+00 -2.1832e-01
15 +2.030097128e+02 +2.030097128e+02 +2.247597128e+02 +2.247597128e+02 -3.9251e-01 -1.8647e+00 -2.0001e+00 +2.4207e+00 -9.7558e-01
21 +1.930134528e+01 +1.930134528e+01 +4.105134528e+01 +4.105134528e+01 +2.6365e+00 -1.1052e-01 -4.6648e-01 +4.9011e+00 -3.0382e-01
31 +1.210607785e+01 +1.210607785e+01 +3.385607785e+01 +3.385607785e+01 +2.8204e+00 -7.7150e-01 -1.2709e+00 +4.0528e+00 -9.3013e-01
91 +7.273671851e+00 +7.273671851e+00 +2.902367185e+01 +2.902367185e+01 +2.4071e+00 +6.9022e-01 -1.5970e-01 +2.9923e+00 -2.1611e+00
135 +4.572014443e+00 +4.572014443e+00 +2.632201444e+01 +2.632201444e+01 +1.4007e+00 +7.2710e-01 +1.5956e-02 +5.1001e+00 -2.7208e+00
160 +3.485028731e+00 +3.485028731e+00 +2.523502873e+01 +2.523502873e+01 +1.8111e+00 +7.6284e-01 -2.5925e-01 +4.4499e+00 -2.6489e+00
188 +2.364981263e+00 +2.364981263e+00 +2.411498126e+01 +2.411498126e+01 +1.9913e+00 +1.5121e+00 -6.5465e-02 +3.9009e+00 -2.9081e+00
211 +1.157727114e+00 +1.157727114e+00 +2.290772711e+01 +2.290772711e+01 +2.5745e+00 +1.1121e+00 -5.7797e-01 +4.3729e+00 -2.2548e+00
226 +3.703838118e-01 +3.703838118e-01 +2.212038381e+01 +2.212038381e+01 +2.9432e+00 +9.9202e-01 -5.8821e-01 +3.5315e+00 -2.1201e+00
388 +2.500133180e-01 +2.500133180e-01 +2.200001332e+01 +2.200001332e+01 +2.9452e+00 +8.5135e-01 -6.3804e-01 +3.8102e+00 -1.9596e+00
435 +1.208184804e-01 +1.208184804e-01 +2.187081848e+01 +2.187081848e+01 +3.4580e+00 +9.3736e-01 -9.9985e-01 +3.3370e+00 -1.8190e+00
461 +9.467593760e-02 +9.467593760e-02 +2.184467594e+01 +2.184467594e+01 +3.6391e+00 +9.8345e-01 -9.6010e-01 +3.1836e+00 -1.8213e+00
483 +4.493248718e-02 +4.493248718e-02 +2.179493249e+01 +2.179493249e+01 +3.5102e+00 +8.8765e-01 -9.5277e-01 +3.3012e+00 -1.7804e+00
500 +3.132560389e-02 +3.132560389e-02 +2.178132560e+01 +2.178132560e+01 +3.8026e+00 +9.5737e-01 -1.0945e+00 +3.0665e+00 -1.7373e+00
521 +1.457476349e-02 +1.457476349e-02 +2.176457476e+01 +2.176457476e+01 +3.8582e+00 +8.7476e-01 -1.1857e+00 +3.0812e+00 -1.5846e+00
607 +3.287162904e-03 +3.287162904e-03 +2.175328716e+01 +2.175328716e+01 +3.8094e+00 +9.2765e-01 -1.1525e+00 +3.0642e+00 -1.6528e+00
625 +2.822164582e-07 +2.822164582e-07 +2.175000028e+01 +2.175000028e+01 +3.7493e+00 +9.1951e-01 -1.1352e+00 +3.1159e+00 -1.6792e+00
665 +2.485261170e-07 +2.485261170e-07 +2.175000025e+01 +2.175000025e+01 +3.7538e+00 +9.1535e-01 -1.1124e+00 +3.0999e+00 -1.6751e+00
667 +8.193201495e-08 +8.193201495e-08 +2.175000008e+01 +2.175000008e+01 +3.7457e+00 +8.9521e-01 -1.1251e+00 +3.1048e+00 -1.6812e+00
679 +2.357144524e-08 +2.357144524e-08 +2.175000002e+01 +2.175000002e+01 +3.7546e+00 +8.9512e-01 -1.1031e+00 +3.1280e+00 -1.6704e+00
767 +9.896982789e-09 +9.896982789e-09 +2.175000001e+01 +2.175000001e+01 +3.7544e+00 +8.8925e-01 -1.1289e+00 +3.1079e+00 -1.6819e+00
769 +3.183409092e-10 +3.183409092e-10 +2.175000000e+01 +2.175000000e+01 +3.7522e+00 +8.8668e-01 -1.1230e+00 +3.1066e+00 -1.6842e+00
% function evaluation | noise-free fitness - Fopt (2.175000000000e+01) | best noise-free fitness - Fopt | measured fitness | best measured fitness | x1 | x2...
1 +4.295617865e+02 +4.295617865e+02 +4.513117865e+02 +4.513117865e+02 -4.7513e-02 +3.5901e+00 +2.6587e+00 +3.1762e+00 +2.2513e+00
7 +2.416353208e+02 +2.416353208e+02 +2.633853208e+02 +2.633853208e+02 +1.7771e-01 +4.3351e+00 +2.6057e+00 +4.2634e+00 -2.3989e-01
10 +7.378317773e+01 +7.378317773e+01 +9.553317773e+01 +9.553317773e+01 +1.9299e+00 +2.6196e+00 +2.5138e+00 +4.3792e+00 -3.5403e+00
17 +2.801588581e+01 +2.801588581e+01 +4.976588581e+01 +4.976588581e+01 +1.1996e+00 +1.3194e+00 +1.1385e+00 +4.7866e+00 -1.5490e+00
87 +2.334000040e+01 +2.334000040e+01 +4.509000040e+01 +4.509000040e+01 -1.1185e+00 +4.9656e-01 +1.1538e+00 +7.2380e+00 -2.1912e+00
108 +1.495743497e+01 +1.495743497e+01 +3.670743497e+01 +3.670743497e+01 -1.2188e+00 +9.9214e-01 +1.7060e+00 +6.2924e+00 -3.5911e+00
433 +3.915929471e+00 +3.915929471e+00 +2.566592947e+01 +2.566592947e+01 +4.2911e+00 +1.2826e+00 -1.1642e+00 +1.0637e+00 -2.1926e+00
504 +2.169788299e+00 +2.169788299e+00 +2.391978830e+01 +2.391978830e+01 +3.2491e+00 +1.4442e+00 -5.8308e-01 +3.3023e+00 -2.3040e+00
541 +1.408572720e+00 +1.408572720e+00 +2.315857272e+01 +2.315857272e+01 +4.0018e+00 +2.1161e+00 -7.4478e-01 +2.0321e+00 -2.4101e+00
609 +8.719519792e-01 +8.719519792e-01 +2.262195198e+01 +2.262195198e+01 +4.5659e+00 +1.1946e+00 -1.2755e+00 +2.3384e+00 -1.7337e+00
707 +6.168515436e-01 +6.168515436e-01 +2.236685154e+01 +2.236685154e+01 +4.0495e+00 +1.1860e+00 -1.1639e+00 +2.3912e+00 -1.6133e+00
797 +3.328603465e-01 +3.328603465e-01 +2.208286035e+01 +2.208286035e+01 +4.1681e+00 +1.2144e+00 -1.1670e+00 +2.3934e+00 -1.7337e+00
825 +2.151990416e-01 +2.151990416e-01 +2.196519904e+01 +2.196519904e+01 +3.8029e+00 +1.0837e+00 -1.0654e+00 +2.8298e+00 -1.6595e+00
869 +1.128777280e-01 +1.128777280e-01 +2.186287773e+01 +2.186287773e+01 +3.4471e+00 +9.1460e-01 -9.6034e-01 +3.2966e+00 -1.8623e+00
912 +7.699608507e-02 +7.699608507e-02 +2.182699609e+01 +2.182699609e+01 +3.5710e+00 +8.3605e-01 -9.8167e-01 +3.2573e+00 -1.7898e+00
914 +2.958446613e-02 +2.958446613e-02 +2.177958447e+01 +2.177958447e+01 +3.9316e+00 +9.2760e-01 -1.2173e+00 +2.9445e+00 -1.6266e+00
974 +2.314554190e-02 +2.314554190e-02 +2.177314554e+01 +2.177314554e+01 +3.8519e+00 +9.2147e-01 -1.1405e+00 +3.0736e+00 -1.6278e+00
1016 +1.314865161e-02 +1.314865161e-02 +2.176314865e+01 +2.176314865e+01 +3.8852e+00 +9.1981e-01 -1.1596e+00 +2.9980e+00 -1.6469e+00
1047 +3.287162904e-03 +3.287162904e-03 +2.175328716e+01 +2.175328716e+01 +3.8449e+00 +8.9609e-01 -1.1659e+00 +3.0368e+00 -1.6435e+00
1067 +4.128136055e-08 +4.128136055e-08 +2.175000004e+01 +2.175000004e+01 +3.7810e+00 +8.8328e-01 -1.1248e+00 +3.0748e+00 -1.6871e+00
1083 +3.662374937e-08 +3.662374937e-08 +2.175000004e+01 +2.175000004e+01 +3.7853e+00 +8.9206e-01 -1.1140e+00 +3.0547e+00 -1.6805e+00
1203 +2.045807435e-08 +2.045807435e-08 +2.175000002e+01 +2.175000002e+01 +3.7806e+00 +8.8950e-01 -1.1352e+00 +3.0670e+00 -1.6741e+00
1242 +6.758764215e-09 +6.758764215e-09 +2.175000001e+01 +2.175000001e+01 +3.7638e+00 +8.8893e-01 -1.1179e+00 +3.0861e+00 -1.6743e+00
1243 +5.265050618e-10 +5.265050618e-10 +2.175000000e+01 +2.175000000e+01 +3.7333e+00 +8.7824e-01 -1.1011e+00 +3.1008e+00 -1.6947e+00
% function evaluation | noise-free fitness - Fopt (6.479000000000e+01) | best noise-free fitness - Fopt | measured fitness | best measured fitness | x1 | x2...
1 +8.511526545e+02 +8.511526545e+02 +9.159426545e+02 +9.159426545e+02 +3.7908e+00 -3.8920e+00 +1.8364e+00 -8.1025e-01 -1.5818e+00
2 +4.027129895e+02 +4.027129895e+02 +4.675029895e+02 +4.675029895e+02 +2.3129e+00 -3.3658e+00 -4.9919e-01 -2.7604e+00 +4.1061e-01
3 +2.146311033e+02 +2.146311033e+02 +2.794211033e+02 +2.794211033e+02 +2.3576e+00 -1.4902e+00 +1.3640e+00 +3.5982e-01 -1.5492e+00
11 +6.295534473e+01 +6.295534473e+01 +1.277453447e+02 +1.277453447e+02 -5.9996e-02 -1.6788e+00 +4.3855e-01 -6.9985e-01 +6.2897e-01
23 +1.571639278e+01 +1.571639278e+01 +8.050639278e+01 +8.050639278e+01 -1.0849e+00 -2.6385e+00 -2.0801e-01 +7.4100e-01 +6.9644e-01
74 +6.834961119e+00 +6.834961119e+00 +7.162496112e+01 +7.162496112e+01 -1.0030e-02 -1.0855e+00 +6.8341e-02 +1.0796e+00 +1.0260e+00
90 +5.648459840e+00 +5.648459840e+00 +7.043845984e+01 +7.043845984e+01 -1.1038e-01 -1.9684e+00 -8.7692e-01 +1.3969e+00 +1.1583e+00
99 +3.941569882e+00 +3.941569882e+00 +6.873156988e+01 +6.873156988e+01 -3.4975e-01 -1.3816e+00 -1.7789e-01 +1.6721e+00 +2.2748e-01
157 +2.368817395e+00 +2.368817395e+00 +6.715881740e+01 +6.715881740e+01 -1.3008e+00 -1.9191e+00 -2.9985e-01 +1.5207e+00 -6.3803e-01
167 +4.956338459e-01 +4.956338459e-01 +6.528563385e+01 +6.528563385e+01 -1.7723e+00 -2.1166e+00 -3.2856e-01 +1.5710e+00 -2.2992e-01
205 +3.851865725e-01 +3.851865725e-01 +6.517518657e+01 +6.517518657e+01 -1.4357e+00 -2.0922e+00 -3.6502e-01 +1.4387e+00 -2.6395e-02
229 +2.102593868e-01 +2.102593868e-01 +6.500025939e+01 +6.500025939e+01 -1.5391e+00 -1.8724e+00 -2.4331e-01 +1.3270e+00 -1.8419e-01
235 +1.190491859e-01 +1.190491859e-01 +6.490904919e+01 +6.490904919e+01 -1.6001e+00 -2.0358e+00 -1.9619e-01 +1.2869e+00 -1.1388e-01
265 +3.505593230e-02 +3.505593230e-02 +6.482505593e+01 +6.482505593e+01 -1.6085e+00 -1.9643e+00 -1.6955e-01 +1.4084e+00 -2.2146e-01
365 +2.502684409e-02 +2.502684409e-02 +6.481502684e+01 +6.481502684e+01 -1.5487e+00 -1.9662e+00 -1.9818e-01 +1.4105e+00 -1.8062e-01
1255 +1.578691734e-02 +1.578691734e-02 +6.480578692e+01 +6.480578692e+01 -1.7921e+00 -2.0478e+00 -1.2710e-01 +1.3635e+00 -2.0935e-01
1291 +3.529944994e-03 +3.529944994e-03 +6.479352994e+01 +6.479352994e+01 -1.9177e+00 -2.1027e+00 -8.3476e-02 +1.3987e+00 -3.3056e-01
1332 +4.160688860e-07 +4.160688860e-07 +6.479000042e+01 +6.479000042e+01 -1.8137e+00 -2.0832e+00 -9.9338e-02 +1.3903e+00 -2.6161e-01
1348 +3.888529250e-07 +3.888529250e-07 +6.479000039e+01 +6.479000039e+01 -1.8207e+00 -2.0672e+00 -1.0410e-01 +1.3847e+00 -2.6590e-01
1409 +3.023481554e-08 +3.023481554e-08 +6.479000003e+01 +6.479000003e+01 -1.8545e+00 -2.0841e+00 -1.0298e-01 +1.3795e+00 -2.7857e-01
1473 +2.041055325e-08 +2.041055325e-08 +6.479000002e+01 +6.479000002e+01 -1.8623e+00 -2.0767e+00 -9.5800e-02 +1.3857e+00 -2.8319e-01
1492 +1.160685770e-09 +1.160685770e-09 +6.479000000e+01 +6.479000000e+01 -1.8547e+00 -2.0877e+00 -1.0164e-01 +1.3655e+00 -2.4932e-01
% function evaluation | noise-free fitness - Fopt (6.479000000000e+01) | best noise-free fitness - Fopt | measured fitness | best measured fitness | x1 | x2...
1 +2.124185502e+02 +2.124185502e+02 +2.772085502e+02 +2.772085502e+02 +8.6135e-02 +3.8453e+00 +3.1857e+00 +3.8431e+00 +9.0632e-02
11 +8.961813226e+01 +8.961813226e+01 +1.544081323e+02 +1.544081323e+02 +1.8595e+00 +1.7119e+00 +2.4228e+00 +3.9975e+00 -1.7528e+00
18 +3.977164237e+01 +3.977164237e+01 +1.045616424e+02 +1.045616424e+02 -2.0332e+00 -9.9754e-01 +1.4911e+00 +3.0164e-01 -8.6062e-01
58 +1.907828808e+01 +1.907828808e+01 +8.386828808e+01 +8.386828808e+01 -1.5049e+00 +5.1147e-02 +1.2093e+00 +1.1646e+00 -7.2904e-01
64 +7.944658745e+00 +7.944658745e+00 +7.273465875e+01 +7.273465875e+01 -1.8091e+00 -5.7623e-01 +1.4485e+00 +1.7552e+00 -1.1817e+00
221 +6.032331899e+00 +6.032331899e+00 +7.082233190e+01 +7.082233190e+01 -1.3987e+00 -2.9167e-01 +1.3585e+00 +1.9606e+00 -2.0689e+00
308 +3.122185245e+00 +3.122185245e+00 +6.791218524e+01 +6.791218524e+01 -1.2039e+00 -5.7256e-01 +5.5040e-01 +1.9368e+00 -1.4617e+00
391 +2.008539809e+00 +2.008539809e+00 +6.679853981e+01 +6.679853981e+01 -7.9176e-01 -9.5837e-01 +2.7252e-01 +1.8486e+00 -8.2362e-01
1046 +5.222883694e-01 +5.222883694e-01 +6.531228837e+01 +6.531228837e+01 -1.3938e+00 -2.1466e+00 -5.2985e-01 +1.1952e+00 +2.1517e-01
1056 +3.573640828e-01 +3.573640828e-01 +6.514736408e+01 +6.514736408e+01 -1.2319e+00 -1.8503e+00 -4.9915e-01 +1.1546e+00 +2.6616e-01
2049 +4.905485930e-02 +4.905485930e-02 +6.483905486e+01 +6.483905486e+01 -1.7674e+00 -2.1194e+00 -1.1533e-01 +1.4127e+00 -2.6211e-01
2303 +3.039309311e-02 +3.039309311e-02 +6.482039309e+01 +6.482039309e+01 -1.5370e+00 -1.9342e+00 -1.7763e-01 +1.3594e+00 -1.5469e-01
2314 +1.553874459e-02 +1.553874459e-02 +6.480553874e+01 +6.480553874e+01 -1.7256e+00 -2.0358e+00 -8.8102e-02 +1.3980e+00 -2.5554e-01
2445 +8.150472819e-03 +8.150472819e-03 +6.479815047e+01 +6.479815047e+01 -1.9487e+00 -2.1555e+00 -1.2132e-01 +1.3679e+00 -2.5665e-01
2492 +3.529944994e-03 +3.529944994e-03 +6.479352994e+01 +6.479352994e+01 -1.9708e+00 -2.1138e+00 -5.2675e-02 +1.4088e+00 -3.4289e-01
2522 +2.841893973e-07 +2.841893973e-07 +6.479000028e+01 +6.479000028e+01 -1.8448e+00 -2.1127e+00 -1.5361e-01 +1.3932e+00 -2.5435e-01
2576 +8.346734148e-08 +8.346734148e-08 +6.479000008e+01 +6.479000008e+01 -1.8569e+00 -2.1068e+00 -1.0963e-01 +1.4072e+00 -2.7547e-01
2601 +4.794556219e-08 +4.794556219e-08 +6.479000005e+01 +6.479000005e+01 -1.8557e+00 -2.0999e+00 -1.0447e-01 +1.3929e+00 -2.6871e-01
2656 +1.167192920e-08 +1.167192920e-08 +6.479000001e+01 +6.479000001e+01 -1.8589e+00 -2.0797e+00 -8.6580e-02 +1.3843e+00 -2.6430e-01
2910 +7.602707797e-09 +7.602707797e-09 +6.479000001e+01 +6.479000001e+01 -1.8568e+00 -2.0992e+00 -1.0726e-01 +1.3781e+00 -2.5766e-01
2912 +4.292388667e-10 +4.292388667e-10 +6.479000000e+01 +6.479000000e+01 -1.8552e+00 -2.0794e+00 -7.5606e-02 +1.3934e+00 -2.7896e-01
% function evaluation | noise-free fitness - Fopt (6.479000000000e+01) | best noise-free fitness - Fopt | measured fitness | best measured fitness | x1 | x2...
1 +2.487329808e+02 +2.487329808e+02 +3.135229808e+02 +3.135229808e+02 -2.0129e+00 +2.5350e+00 +3.9790e+00 +1.2602e+00 +1.9487e+00
17 +9.717453385e+01 +9.717453385e+01 +1.619645338e+02 +1.619645338e+02 +8.6444e-01 +2.3241e-01 -8.1667e-01 -8.1272e-01 +3.9035e-01
21 +6.123827673e+01 +6.123827673e+01 +1.260282767e+02 +1.260282767e+02 +2.2578e+00 -1.6650e-01 -1.5514e+00 -1.8834e-01 -3.3566e-01
41 +3.120658350e+01 +3.120658350e+01 +9.599658350e+01 +9.599658350e+01 +1.1260e+00 -9.9741e-01 -1.7320e+00 +2.0410e+00 +1.6368e+00
45 +1.835805771e+01 +1.835805771e+01 +8.314805771e+01 +8.314805771e+01 -1.8283e+00 -6.6227e-01 +6.1567e-01 +1.2895e+00 -7.4910e-01
90 +1.256996029e+01 +1.256996029e+01 +7.735996029e+01 +7.735996029e+01 -4.7107e+00 -2.6917e+00 +8.1524e-01 +1.3105e+00 -5.7752e-01
109 +4.724415801e+00 +4.724415801e+00 +6.951441580e+01 +6.951441580e+01 -3.7548e+00 -3.7344e+00 -1.0300e-01 +7.3548e-01 -3.6261e-01
129 +1.540046683e+00 +1.540046683e+00 +6.633004668e+01 +6.633004668e+01 -3.7805e+00 -3.4311e+00 +1.6057e-01 +1.2183e+00 -6.8176e-01
644 +7.087868787e-01 +7.087868787e-01 +6.549878688e+01 +6.549878688e+01 -6.3971e-01 -1.5413e+00 -4.1762e-01 +1.3798e+00 +3.2405e-01
687 +4.295310059e-01 +4.295310059e-01 +6.521953101e+01 +6.521953101e+01 -5.0418e-01 -1.7083e+00 -5.6319e-01 +1.3313e+00 +3.0304e-01
776 +3.529944994e-01 +3.529944994e-01 +6.514299450e+01 +6.514299450e+01 -1.1147e+00 -1.8960e+00 -3.3033e-01 +1.1892e+00 +2.0270e-01
2860 +1.192151489e-01 +1.192151489e-01 +6.490921515e+01 +6.490921515e+01 -1.8851e+00 -2.1372e+00 -3.0788e-02 +1.3372e+00 -1.8961e-01
2968 +9.448306247e-02 +9.448306247e-02 +6.488448306e+01 +6.488448306e+01 -1.7014e+00 -1.9112e+00 -1.1069e-01 +1.4415e+00 -3.8613e-01
2973 +2.852543868e-02 +2.852543868e-02 +6.481852544e+01 +6.481852544e+01 -1.8778e+00 -2.1269e+00 -1.6308e-01 +1.3312e+00 -2.2367e-01
3130 +2.236530133e-02 +2.236530133e-02 +6.481236530e+01 +6.481236530e+01 -1.7223e+00 -1.9488e+00 -5.3295e-02 +1.4108e+00 -3.2158e-01
3199 +1.030212216e-02 +1.030212216e-02 +6.480030212e+01 +6.480030212e+01 -1.8409e+00 -2.1230e+00 -1.3737e-01 +1.3533e+00 -2.2324e-01
3226 +3.529944994e-03 +3.529944994e-03 +6.479352994e+01 +6.479352994e+01 -1.9756e+00 -2.1573e+00 -7.7100e-02 +1.4109e+00 -3.4276e-01
3253 +8.097063642e-08 +8.097063642e-08 +6.479000008e+01 +6.479000008e+01 -1.8493e+00 -2.1084e+00 -1.1747e-01 +1.3785e+00 -2.5713e-01
3409 +5.024926963e-08 +5.024926963e-08 +6.479000005e+01 +6.479000005e+01 -1.8555e+00 -2.0813e+00 -8.8178e-02 +1.3698e+00 -2.7363e-01
3469 +1.561373608e-08 +1.561373608e-08 +6.479000002e+01 +6.479000002e+01 -1.8600e+00 -2.1162e+00 -1.0836e-01 +1.3922e+00 -2.6625e-01
3472 +5.114230817e-09 +5.114230817e-09 +6.479000001e+01 +6.479000001e+01 -1.8632e+00 -2.1032e+00 -1.0284e-01 +1.3975e+00 -2.5752e-01
