% function evaluation | noise-free fitness - Fopt (9.294000000000e+01) | best noise-free fitness - Fopt | measured fitness | best measured fitness | x1 | x2...
1 +2.646734305e+03 +2.646734305e+03 +2.739674305e+03 +2.739674305e+03 -1.6399e+00 -3.7108e+00 -1.7334e+00 -2.0446e+00 -2.1138e+00 -1.9298e+00 +1.7205e+00 +2.1701e+00 +3.9840e+00 +3.8315e-01
2 +1.855325927e+03 +1.855325927e+03 +1.948265927e+03 +1.948265927e+03 -1.1906e+00 -3.5464e+00 -1.3206e+00 -1.7822e+00 -3.3739e-01 -1.5856e+00 +1.4170e+00 +4.6189e+00 +6.1796e+00 +1.7140e+00
19 +9.869524613e+02 +9.869524613e+02 +1.079892461e+03 +1.079892461e+03 -3.9707e-01 -4.8812e+00 +6.2853e-01 +3.1722e-01 +2.3748e+00 -1.5408e+00 +2.4029e+00 +4.1664e+00 +1.2603e+00 -2.4336e+00
32 +3.362249437e+02 +3.362249437e+02 +4.291649437e+02 +4.291649437e+02 -1.5417e+00 -4.8312e+00 +1.0392e+00 +1.0211e+00 +2.7390e+00 +1.6272e+00 +1.2239e+00 +2.4220e+00 +3.3747e+00 -1.4155e+00
65 +2.092351799e+02 +2.092351799e+02 +3.021751799e+02 +3.021751799e+02 -2.2328e+00 -7.3085e-01 -3.4418e+00 -1.5088e-01 +2.5205e+00 +3.0069e+00 +5.6334e-01 +2.2111e-01 +6.3044e+00 -4.7734e-01
164 +1.406225805e+02 +1.406225805e+02 +2.335625805e+02 +2.335625805e+02 -3.8323e+00 -4.9870e+00 +1.4780e+00 +5.0603e+00 +1.9776e+00 +4.5966e+00 +4.5725e-01 -1.1259e+00 +4.8684e+00 +3.6990e+00
180 +7.200246522e+01 +7.200246522e+01 +1.649424652e+02 +1.649424652e+02 -3.9586e+00 -4.3610e+00 +1.4153e+00 +4.1407e+00 +1.9461e+00 +4.5650e+00 -2.8693e-01 -1.9224e+00 +4.4542e+00 +1.2987e+00
309 +4.767045072e+01 +4.767045072e+01 +1.406104507e+02 +1.406104507e+02 -3.3759e+00 -1.6288e+00 +3.5673e-01 +4.5939e+00 -3.6262e-01 +5.0869e+00 -2.2818e+00 -7.4798e-01 +4.7751e+00 +1.4635e+00
328 +3.936129419e+01 +3.936129419e+01 +1.323012942e+02 +1.323012942e+02 -2.9444e+00 -1.0297e+00 -1.2433e-01 +5.3068e+00 -2.0577e+00 +6.1117e+00 -2.2934e+00 -2.9097e+00 +4.5205e+00 +2.7802e+00
496 +1.993305802e+01 +1.993305802e+01 +1.128730580e+02 +1.128730580e+02 -3.0196e+00 -1.7072e+00 +9.1161e-01 +3.9836e+00 -1.7890e-01 +6.0331e+00 -5.3875e-01 -3.0940e+00 +3.4869e+00 +2.6664e+00
553 +1.551547675e+01 +1.551547675e+01 +1.084554767e+02 +1.084554767e+02 -2.5439e+00 -1.9517e+00 -2.4803e-01 +3.9630e+00 +5.2083e-01 +5.5700e+00 -3.8758e-01 -2.6988e+00 +3.4813e+00 +2.8964e+00
599 +9.549929814e+00 +9.549929814e+00 +1.024899298e+02 +1.024899298e+02 -1.8561e+00 -1.3796e+00 -1.2213e-01 +3.2007e+00 +1.2867e+00 +4.9328e+00 +3.5863e-02 -2.6213e+00 +3.3990e+00 +1.6708e+00
821 +5.958122186e+00 +5.958122186e+00 +9.889812219e+01 +9.889812219e+01 -1.4702e+00 -1.0095e+00 +2.9227e-01 +4.1310e+00 +5.9658e-01 +5.0794e+00 +4.8207e-01 -3.3079e+00 +3.0750e+00 +2.0831e+00
2440 +3.221016221e+00 +3.221016221e+00 +9.616101622e+01 +9.616101622e+01 +7.6578e-01 +1.5996e+00 +7.4851e-01 +2.9309e+00 +3.1591e+00 +2.6565e+00 +2.1928e+00 -1.3777e+00 +3.4453e+00 +1.4051e+00
2778 +2.453053676e+00 +2.453053676e+00 +9.539305368e+01 +9.539305368e+01 +6.0375e-01 +1.5808e+00 +4.2733e-01 +2.8576e+00 +3.3855e+00 +2.6606e+00 +2.1411e+00 -1.6622e+00 +3.8286e+00 +1.9479e+00
3134 +1.410268507e+00 +1.410268507e+00 +9.435026851e+01 +9.435026851e+01 +4.0397e-02 +1.2118e+00 +4.7239e-01 +3.7564e+00 +2.1479e+00 +3.1937e+00 +1.1208e+00 -1.6520e+00 +4.0617e+00 +2.0700e+00
3413 +9.530839936e-01 +9.530839936e-01 +9.389308399e+01 +9.389308399e+01 +2.1206e-01 +1.3912e+00 +4.7803e-01 +3.5271e+00 +2.2534e+00 +3.1531e+00 +1.1437e+00 -1.7843e+00 +4.0487e+00 +1.8600e+00
6252 +3.851164076e-01 +3.851164076e-01 +9.332511641e+01 +9.332511641e+01 +4.9988e-03 +4.2675e-01 +8.9516e-03 +3.2727e+00 +2.2916e+00 +3.9394e+00 +1.7110e+00 -2.5638e+00 +3.4492e+00 +1.8248e+00
6322 +2.473233274e-01 +2.473233274e-01 +9.318732333e+01 +9.318732333e+01 -1.0028e-01 +7.3229e-01 +3.7926e-01 +3.3207e+00 +2.3632e+00 +3.7162e+00 +1.5147e+00 -2.3085e+00 +3.6794e+00 +1.8993e+00
6450 +1.499466951e-01 +1.499466951e-01 +9.308994670e+01 +9.308994670e+01 -4.2249e-02 +9.1954e-01 +3.1159e-01 +3.2462e+00 +2.2951e+00 +3.7103e+00 +1.5722e+00 -2.2914e+00 +3.7513e+00 +2.0382e+00
6532 +8.110135690e-02 +8.110135690e-02 +9.302110136e+01 +9.302110136e+01 -2.4003e-01 +6.5964e-01 +3.2555e-01 +3.1516e+00 +2.4305e+00 +3.9584e+00 +1.7355e+00 -2.4608e+00 +3.7597e+00 +2.1944e+00
6734 +6.258960045e-02 +6.258960045e-02 +9.300258960e+01 +9.300258960e+01 -1.3055e-01 +6.9744e-01 +1.9055e-01 +3.0947e+00 +2.3948e+00 +3.9241e+00 +1.7771e+00 -2.4967e+00 +3.6884e+00 +2.0845e+00
6824 +2.703032437e-02 +2.703032437e-02 +9.296703032e+01 +9.296703032e+01 -1.8203e-01 +7.0382e-01 +2.5055e-01 +3.1396e+00 +2.3910e+00 +3.8869e+00 +1.7201e+00 -2.4489e+00 +3.7593e+00 +2.0880e+00
6896 +2.318485458e-02 +2.318485458e-02 +9.296318485e+01 +9.296318485e+01 -2.7708e-01 +6.9405e-01 +3.0240e-01 +3.1184e+00 +2.3814e+00 +3.9382e+00 +1.7211e+00 -2.4462e+00 +3.8315e+00 +2.1726e+00
6942 +8.743554914e-03 +8.743554914e-03 +9.294874355e+01 +9.294874355e+01 -2.7495e-01 +7.3449e-01 +3.2386e-01 +3.1137e+00 +2.4253e+00 +3.9486e+00 +1.7427e+00 -2.4665e+00 +3.8456e+00 +2.1335e+00
7187 +1.358489072e-07 +1.358489072e-07 +9.294000014e+01 +9.294000014e+01 -2.0677e-01 +7.3714e-01 +2.8125e-01 +3.1138e+00 +2.4056e+00 +3.9254e+00 +1.7858e+00 -2.4746e+00 +3.8305e+00 +2.1712e+00
7279 +5.032580930e-08 +5.032580930e-08 +9.294000005e+01 +9.294000005e+01 -2.2823e-01 +7.5094e-01 +2.8715e-01 +3.1084e+00 +2.4077e+00 +3.9290e+00 +1.7713e+00 -2.4848e+00 +3.8369e+00 +2.1719e+00
7326 +3.018456596e-08 +3.018456596e-08 +9.294000003e+01 +9.294000003e+01 -2.0857e-01 +7.4664e-01 +2.6420e-01 +3.0973e+00 +2.3734e+00 +3.9351e+00 +1.7514e+00 -2.4698e+00 +3.8163e+00 +2.1474e+00
7352 +1.258351290e-08 +1.258351290e-08 +9.294000001e+01 +9.294000001e+01 -2.1853e-01 +7.4821e-01 +2.6554e-01 +3.1192e+00 +2.4046e+00 +3.9031e+00 +1.7541e+00 -2.4495e+00 +3.8411e+00 +2.1771e+00
7396 +5.237495770e-09 +5.237495770e-09 +9.294000001e+01 +9.294000001e+01 -2.1501e-01 +7.4614e-01 +2.7273e-01 +3.1224e+00 +2.3927e+00 +3.9074e+00 +1.7533e+00 -2.4582e+00 +3.8155e+00 +2.1648e+00
% function evaluation | noise-free fitness - Fopt (9.294000000000e+01) | best noise-free fitness - Fopt | measured fitness | best measured fitness | x1 | x2...
1 +1.498633327e+03 +1.498633327e+03 +1.591573327e+03 +1.591573327e+03 -1.9744e+00 -3.0127e+00 +1.1431e+00 -1.6435e+00 +3.8349e+00 -3.2753e+00 +2.9984e+00 +1.2542e+00 +2.9285e+00 -5.1250e-01
4 +6.938322924e+02 +6.938322924e+02 +7.867722924e+02 +7.867722924e+02 -1.8111e+00 -4.3952e+00 -5.5185e-01 -9.2304e-01 +5.2183e+00 -5.1247e-01 +4.1651e+00 +3.0525e-01 +3.5187e+00 +5.9641e-01
22 +5.486717836e+02 +5.486717836e+02 +6.416117836e+02 +6.416117836e+02 +1.1861e+00 -2.2640e+00 +9.7176e-01 -1.8351e+00 +7.3312e+00 -1.6656e+00 +3.3887e+00 +1.8116e+00 +3.5079e+00 +1.1103e+00
34 +2.812818954e+02 +2.812818954e+02 +3.742218954e+02 +3.742218954e+02 -1.9385e+00 -4.2474e+00 +1.8397e-01 -8.1464e-01 +1.0247e+01 +2.4810e+00 +4.6183e+00 +1.1502e+00 +5.0265e+00 +5.9748e-02
60 +1.470517427e+02 +1.470517427e+02 +2.399917427e+02 +2.399917427e+02 +1.4617e+00 -2.5738e+00 -1.5646e-01 +6.7277e-01 +9.7143e+00 +1.0557e+00 +4.8101e+00 +1.5038e+00 +2.8796e+00 +2.9847e+00
96 +9.083746306e+01 +9.083746306e+01 +1.837774631e+02 +1.837774631e+02 -1.8349e+00 -4.7585e-01 -2.0562e-01 +1.0537e+00 +6.4308e+00 +3.3575e+00 +2.5531e+00 -6.7661e-01 +1.8686e+00 +4.5252e+00
138 +5.085698735e+01 +5.085698735e+01 +1.437969874e+02 +1.437969874e+02 -1.2383e-01 -1.2855e+00 +4.7635e-01 +1.5134e+00 +6.2288e+00 +2.8329e+00 +3.9834e+00 -9.7138e-01 +1.1748e+00 +2.7478e+00
145 +3.895949631e+01 +3.895949631e+01 +1.318994963e+02 +1.318994963e+02 -9.7773e-01 -3.4084e-01 +1.6159e+00 +1.4701e+00 +5.1312e+00 +2.4776e+00 +2.3218e+00 -8.4171e-01 +3.4881e+00 +2.0014e+00
192 +1.316972264e+01 +1.316972264e+01 +1.061097226e+02 +1.061097226e+02 -5.3297e-01 -5.0907e-01 -5.7911e-01 +3.4660e+00 +3.0713e+00 +4.9757e+00 +2.8249e+00 -2.7179e+00 +3.2661e+00 +3.6510e+00
245 +9.244062805e+00 +9.244062805e+00 +1.021840628e+02 +1.021840628e+02 +1.7518e-01 -4.7526e-01 -3.3016e-01 +3.4802e+00 +3.0568e+00 +4.4178e+00 +2.3532e+00 -2.8611e+00 +2.3564e+00 +3.0030e+00
301 +4.482818499e+00 +4.482818499e+00 +9.742281850e+01 +9.742281850e+01 -5.3683e-01 -2.6774e-02 +9.4583e-01 +2.9606e+00 +3.5708e+00 +3.8179e+00 +1.9943e+00 -2.1219e+00 +3.1471e+00 +3.0179e+00
383 +3.608981370e+00 +3.608981370e+00 +9.654898137e+01 +9.654898137e+01 +1.4624e-01 -3.9565e-02 +3.0106e-01 +3.2419e+00 +2.6925e+00 +3.9531e+00 +2.1692e+00 -2.6820e+00 +3.2048e+00 +2.2445e+00
442 +2.267459627e+00 +2.267459627e+00 +9.520745963e+01 +9.520745963e+01 +1.1894e-01 +3.6219e-01 -5.4691e-01 +3.1326e+00 +2.2512e+00 +4.3160e+00 +1.9380e+00 -2.6414e+00 +3.4704e+00 +2.2117e+00
574 +1.211101548e+00 +1.211101548e+00 +9.415110155e+01 +9.415110155e+01 +1.6353e-01 +3.0842e-01 -5.9258e-01 +2.6387e+00 +3.1235e+00 +4.0922e+00 +2.6318e+00 -2.5112e+00 +3.6513e+00 +2.4428e+00
809 +6.769869086e-01 +6.769869086e-01 +9.361698691e+01 +9.361698691e+01 +2.0675e-01 +6.5497e-01 -1.1352e-01 +2.8982e+00 +2.9383e+00 +3.7523e+00 +2.2371e+00 -2.5271e+00 +3.6114e+00 +2.0628e+00
895 +6.012253880e-01 +6.012253880e-01 +9.354122539e+01 +9.354122539e+01 +2.1192e-01 +6.4908e-01 -1.6266e-01 +2.7402e+00 +3.0370e+00 +3.6668e+00 +2.3254e+00 -2.3417e+00 +3.4807e+00 +2.0030e+00
3187 +3.584492767e-01 +3.584492767e-01 +9.329844928e+01 +9.329844928e+01 +9.1336e-02 +5.3715e-01 -8.0295e-02 +3.1263e+00 +2.5791e+00 +3.7070e+00 +1.7692e+00 -2.2463e+00 +3.5324e+00 +2.0634e+00
3274 +1.479716136e-01 +1.479716136e-01 +9.308797161e+01 +9.308797161e+01 -1.5754e-01 +6.6126e-01 +1.4923e-02 +2.9743e+00 +2.5416e+00 +3.9624e+00 +1.8713e+00 -2.4946e+00 +3.8143e+00 +2.2193e+00
3396 +9.296006862e-02 +9.296006862e-02 +9.303296007e+01 +9.303296007e+01 -5.0190e-02 +6.7770e-01 +1.1374e-01 +3.1502e+00 +2.5027e+00 +3.7958e+00 +1.8105e+00 -2.3386e+00 +3.7466e+00 +2.1472e+00
3435 +6.051506224e-02 +6.051506224e-02 +9.300051506e+01 +9.300051506e+01 -2.4856e-01 +6.6749e-01 +1.4951e-01 +3.0251e+00 +2.4623e+00 +4.0175e+00 +1.8130e+00 -2.5494e+00 +3.8727e+00 +2.2671e+00
3624 +3.355338643e-02 +3.355338643e-02 +9.297355339e+01 +9.297355339e+01 -1.6075e-01 +6.9950e-01 +2.0661e-01 +3.1055e+00 +2.4652e+00 +3.8604e+00 +1.7503e+00 -2.4055e+00 +3.6887e+00 +2.1566e+00
3650 +1.978428886e-02 +1.978428886e-02 +9.295978429e+01 +9.295978429e+01 -1.8781e-01 +7.2618e-01 +2.3273e-01 +3.0953e+00 +2.3935e+00 +3.9279e+00 +1.7622e+00 -2.4337e+00 +3.8075e+00 +2.1691e+00
3690 +1.454057167e-02 +1.454057167e-02 +9.295454057e+01 +9.295454057e+01 -1.5280e-01 +7.1541e-01 +1.9230e-01 +3.0925e+00 +2.4334e+00 +3.8930e+00 +1.7897e+00 -2.4457e+00 +3.7513e+00 +2.1071e+00
3801 +7.562237885e-03 +7.562237885e-03 +9.294756224e+01 +9.294756224e+01 -2.1026e-01 +7.5977e-01 +2.6186e-01 +3.0854e+00 +2.3905e+00 +3.9342e+00 +1.7763e+00 -2.4618e+00 +3.8384e+00 +2.1586e+00
3829 +1.582425995e-07 +1.582425995e-07 +9.294000016e+01 +9.294000016e+01 -2.2618e-01 +7.5515e-01 +2.9646e-01 +3.1185e+00 +2.3748e+00 +3.9151e+00 +1.7531e+00 -2.4510e+00 +3.8217e+00 +2.1490e+00
3860 +5.677868842e-08 +5.677868842e-08 +9.294000006e+01 +9.294000006e+01 -2.4448e-01 +7.3162e-01 +2.5739e-01 +3.1157e+00 +2.3985e+00 +3.9556e+00 +1.7676e+00 -2.4758e+00 +3.8105e+00 +2.1700e+00
3925 +3.303205176e-08 +3.303205176e-08 +9.294000003e+01 +9.294000003e+01 -2.0663e-01 +7.6136e-01 +2.7333e-01 +3.1168e+00 +2.3794e+00 +3.9103e+00 +1.7451e+00 -2.4746e+00 +3.8078e+00 +2.1570e+00
3929 +2.198595439e-08 +2.198595439e-08 +9.294000002e+01 +9.294000002e+01 -2.3475e-01 +7.4823e-01 +2.7188e-01 +3.1245e+00 +2.4018e+00 +3.9312e+00 +1.7464e+00 -2.4529e+00 +3.8114e+00 +2.1431e+00
4037 +9.125756151e-09 +9.125756151e-09 +9.294000001e+01 +9.294000001e+01 -2.2596e-01 +7.5853e-01 +2.9066e-01 +3.1166e+00 +2.3958e+00 +3.9181e+00 +1.7516e+00 -2.4602e+00 +3.8101e+00 +2.1393e+00
4044 +4.738311077e-09 +4.738311077e-09 +9.294000000e+01 +9.294000000e+01 -2.2478e-01 +7.5355e-01 +2.8147e-01 +3.1199e+00 +2.3906e+00 +3.9248e+00 +1.7528e+00 -2.4609e+00 +3.8100e+00 +2.1355e+00
% function evaluation | noise-free fitness - Fopt (9.294000000000e+01) | best noise-free fitness - Fopt | measured fitness | best measured fitness | x1 | x2...
1 +7.766758969e+02 +7.766758969e+02 +8.696158969e+02 +8.696158969e+02 -2.6785e-01 +3.2886e+00 +3.8419e+00 -2.7070e+00 +3.8574e+00 +3.3095e+00 -7.0126e-01 +1.3265e+00 -2.0700e+00 +2.3631e+00
6 +5.386702701e+02 +5.386702701e+02 +6.316102701e+02 +6.316102701e+02 -1.0151e+00 +2.7763e+00 +3.2165e+00 -1.4046e+00 +2.4827e+00 +2.5274e+00 -2.2547e+00 +1.2043e+00 +3.6037e-01 +3.4468e+00
14 +3.215248763e+02 +3.215248763e+02 +4.144648763e+02 +4.144648763e+02 +5.0466e-01 +2.4808e+00 +2.6981e+00 +6.3726e-01 +1.8135e+00 +2.1181e+00 -1.8648e+00 +2.5402e+00 +2.1259e+00 +1.4770e+00
24 +2.395241119e+02 +2.395241119e+02 +3.324641119e+02 +3.324641119e+02 -1.0808e-01 +2.6401e+00 -4.5972e-01 -8.6448e-02 +5.3838e+00 +1.7044e+00 +6.4125e-01 +4.2425e-01 +1.3627e+00 -1.3412e+00
66 +8.144552533e+01 +8.144552533e+01 +1.743855253e+02 +1.743855253e+02 +5.9176e-01 +6.1412e-01 +1.3636e+00 +1.7378e+00 +5.7296e+00 +1.7361e+00 +1.4444e+00 +6.1131e-01 +3.0763e+00 +1.9218e+00
92 +5.603950857e+01 +5.603950857e+01 +1.489795086e+02 +1.489795086e+02 +2.1487e+00 +2.5035e+00 +4.9161e-01 +2.2103e+00 +2.6143e+00 +5.5082e-01 +2.1575e+00 +1.2705e-01 +3.5193e+00 -3.0752e-01
208 +3.149456018e+01 +3.149456018e+01 +1.244345602e+02 +1.244345602e+02 +1.5708e+00 +2.4220e+00 +4.0977e-01 +1.0385e+00 +4.6681e+00 +2.1637e+00 +4.1111e+00 -1.6175e+00 +4.8027e+00 +8.4481e-01
230 +2.461593612e+01 +2.461593612e+01 +1.175559361e+02 +1.175559361e+02 +1.7140e+00 +2.2839e+00 +4.4166e-01 +1.4040e+00 +4.5968e+00 +1.4175e+00 +3.9721e+00 -7.5138e-01 +3.9873e+00 +9.0005e-01
419 +1.573874382e+01 +1.573874382e+01 +1.086787438e+02 +1.086787438e+02 +3.1672e+00 +2.1912e+00 -1.6390e+00 +2.1235e+00 +4.8440e+00 +1.8968e+00 +4.2165e+00 -1.8341e+00 +3.0467e+00 +1.4457e+00
493 +9.780810378e+00 +9.780810378e+00 +1.027208104e+02 +1.027208104e+02 +2.3916e+00 +1.8746e+00 -4.6697e-01 +2.7770e+00 +4.5578e+00 +1.7450e+00 +3.1632e+00 -1.7834e+00 +2.5025e+00 +1.4729e+00
1914 +4.240465901e+00 +4.240465901e+00 +9.718046590e+01 +9.718046590e+01 +1.0813e+00 +1.6509e+00 +5.4136e-01 +3.2929e+00 +3.2312e+00 +2.3357e+00 +2.3876e+00 -9.7590e-01 +3.6123e+00 +1.8988e+00
2257 +3.779697751e+00 +3.779697751e+00 +9.671969775e+01 +9.671969775e+01 +1.2030e+00 +1.8851e+00 -4.7586e-02 +2.7711e+00 +3.5436e+00 +2.5352e+00 +2.3452e+00 -1.7782e+00 +3.5406e+00 +1.8749e+00
2297 +2.287933344e+00 +2.287933344e+00 +9.522793334e+01 +9.522793334e+01 +9.4286e-01 +1.6706e+00 +4.0598e-01 +3.1730e+00 +3.0453e+00 +2.6328e+00 +1.8715e+00 -1.3723e+00 +3.6446e+00 +1.6246e+00
2726 +9.642940519e-01 +9.642940519e-01 +9.390429405e+01 +9.390429405e+01 +5.9068e-01 +8.7993e-01 +6.3376e-02 +3.3391e+00 +2.5453e+00 +3.0906e+00 +1.5755e+00 -1.9422e+00 +3.3511e+00 +1.7118e+00
2970 +6.026393023e-01 +6.026393023e-01 +9.354263930e+01 +9.354263930e+01 +4.1089e-01 +1.1489e+00 +4.5513e-01 +3.4993e+00 +2.1947e+00 +3.1859e+00 +1.4724e+00 -2.0257e+00 +3.3583e+00 +1.6197e+00
3343 +3.934687287e-01 +3.934687287e-01 +9.333346873e+01 +9.333346873e+01 +1.7819e-01 +9.1823e-01 +3.4921e-01 +3.4272e+00 +2.0989e+00 +3.3982e+00 +1.3807e+00 -2.1418e+00 +3.4826e+00 +1.5467e+00
7380 +1.264838946e-01 +1.264838946e-01 +9.306648389e+01 +9.306648389e+01 -1.3323e-01 +7.0335e-01 +1.4767e-01 +3.1632e+00 +2.4122e+00 +3.8760e+00 +1.7088e+00 -2.4398e+00 +3.6790e+00 +2.1647e+00
7462 +9.418283192e-02 +9.418283192e-02 +9.303418283e+01 +9.303418283e+01 -3.5307e-01 +6.2059e-01 +3.0085e-01 +3.0937e+00 +2.3083e+00 +4.0004e+00 +1.6459e+00 -2.4525e+00 +3.8160e+00 +2.0741e+00
7574 +6.014909392e-02 +6.014909392e-02 +9.300014909e+01 +9.300014909e+01 -2.6291e-01 +6.6953e-01 +2.8066e-01 +3.0864e+00 +2.5102e+00 +3.8697e+00 +1.7383e+00 -2.4385e+00 +3.7895e+00 +2.1368e+00
7794 +3.516939466e-02 +3.516939466e-02 +9.297516939e+01 +9.297516939e+01 -2.9739e-01 +7.8993e-01 +3.4180e-01 +3.1112e+00 +2.3747e+00 +3.9221e+00 +1.7325e+00 -2.4676e+00 +3.9503e+00 +2.1728e+00
7898 +1.839806417e-02 +1.839806417e-02 +9.295839806e+01 +9.295839806e+01 -1.5040e-01 +7.6594e-01 +2.1622e-01 +3.1502e+00 +2.3828e+00 +3.8306e+00 +1.7193e+00 -2.3929e+00 +3.7490e+00 +2.1216e+00
7997 +1.363487687e-02 +1.363487687e-02 +9.295363488e+01 +9.295363488e+01 -1.9852e-01 +7.8215e-01 +2.6317e-01 +3.1225e+00 +2.3944e+00 +3.8598e+00 +1.7286e+00 -2.4452e+00 +3.8552e+00 +2.1426e+00
8005 +2.348748467e-07 +2.348748467e-07 +9.294000023e+01 +9.294000023e+01 -2.3550e-01 +7.2218e-01 +2.8418e-01 +3.1159e+00 +2.3959e+00 +3.9360e+00 +1.7609e+00 -2.4703e+00 +3.8527e+00 +2.1783e+00
8073 +9.124171640e-08 +9.124171640e-08 +9.294000009e+01 +9.294000009e+01 -2.2694e-01 +7.2698e-01 +2.8058e-01 +3.0993e+00 +2.4158e+00 +3.9318e+00 +1.7560e+00 -2.4611e+00 +3.8066e+00 +2.1593e+00
8246 +5.205889408e-08 +5.205889408e-08 +9.294000005e+01 +9.294000005e+01 -2.1082e-01 +7.4425e-01 +2.7438e-01 +3.1057e+00 +2.3934e+00 +3.9304e+00 +1.7510e+00 -2.4507e+00 +3.8190e+00 +2.1534e+00
8329 +2.960780421e-08 +2.960780421e-08 +9.294000003e+01 +9.294000003e+01 -2.2195e-01 +7.2435e-01 +2.6531e-01 +3.1231e+00 +2.3924e+00 +3.9246e+00 +1.7631e+00 -2.4479e+00 +3.8369e+00 +2.1715e+00
8357 +1.157768281e-08 +1.157768281e-08 +9.294000001e+01 +9.294000001e+01 -2.3480e-01 +7.4135e-01 +2.6269e-01 +3.1005e+00 +2.4051e+00 +3.9464e+00 +1.7739e+00 -2.4848e+00 +3.8277e+00 +2.1764e+00
8436 +6.355236337e-09 +6.355236337e-09 +9.294000001e+01 +9.294000001e+01 -2.2842e-01 +7.3004e-01 +2.8812e-01 +3.1127e+00 +2.4014e+00 +3.9351e+00 +1.7733e+00 -2.4770e+00 +3.8165e+00 +2.1602e+00
% function evaluation | noise-free fitness - Fopt (3.535000000000e+01) | best noise-free fitness - Fopt | measured fitness | best measured fitness | x1 | x2...
1 +6.776410808e+01 +6.776410808e+01 +1.031141081e+02 +1.031141081e+02 +1.1290e+00 +3.0578e+00 +3.3165e+00 -8.8218e-01 -3.9824e+00 -3.0583e+00 +1.4402e+00 +1.4872e+00 -4.2928e-02 -2.0006e+00
39 +4.790537157e+01 +4.790537157e+01 +8.325537157e+01 +8.325537157e+01 +5.9265e-01 +2.4869e+00 +3.0840e+00 +2.6552e+00 -3.0750e+00 -4.8994e-01 +3.0679e-01 +3.7750e+00 +2.1975e-01 -2.1036e+00
77 +3.979194581e+01 +3.979194581e+01 +7.514194581e+01 +7.514194581e+01 +3.9250e-01 +6.5114e-01 +4.4697e+00 +2.1065e+00 -1.7659e+00 -1.3999e+00 +1.5103e+00 +2.5702e+00 -1.3804e+00 +4.7432e-01
102 +2.198408279e+01 +2.198408279e+01 +5.733408279e+01 +5.733408279e+01 +4.8168e-01 +1.5573e+00 +3.6697e+00 +2.7884e+00 -3.2990e+00 -1.4509e+00 +2.0762e+00 +5.1836e-02 +5.2723e-01 -3.0714e-01
126 +1.267968969e+01 +1.267968969e+01 +4.802968969e+01 +4.802968969e+01 +1.9510e+00 +6.9212e-01 +5.8660e+00 +1.0123e+00 -2.6707e+00 -2.9994e+00 +3.6836e+00 -1.5780e-01 +1.8146e+00 -8.8476e-01
262 +7.335299434e+00 +7.335299434e+00 +4.268529943e+01 +4.268529943e+01 +9.3472e-01 +8.3056e-04 +4.8518e+00 +1.1024e+00 -1.8627e+00 -2.5012e+00 +2.5972e+00 +6.0540e-01 +1.6774e+00 -8.8236e-01
299 +5.250286074e+00 +5.250286074e+00 +4.060028607e+01 +4.060028607e+01 +1.2366e+00 +5.4025e-01 +4.5467e+00 +9.2548e-01 -2.2163e+00 -2.9154e+00 +2.2945e+00 +1.0758e+00 +1.2440e+00 -1.3079e+00
388 +1.924142198e+00 +1.924142198e+00 +3.727414220e+01 +3.727414220e+01 +1.4420e+00 +6.3415e-01 +3.9066e+00 +1.2968e+00 -1.9472e+00 -2.4176e+00 +2.6471e+00 +1.3568e-01 +1.4829e+00 -1.5137e+00
482 +1.574625292e+00 +1.574625292e+00 +3.692462529e+01 +3.692462529e+01 +1.8126e+00 +1.1355e+00 +4.5947e+00 +1.3135e+00 -1.9184e+00 -2.0513e+00 +2.9645e+00 +1.8215e-01 +1.3304e+00 -1.4970e+00
2210 +9.629156041e-01 +9.629156041e-01 +3.631291560e+01 +3.631291560e+01 +2.0069e+00 +2.1514e+00 +3.2530e+00 +1.9653e+00 -1.5875e+00 -8.9410e-01 +1.7570e+00 +9.4801e-01 +1.4791e+00 -1.0873e+00
2318 +6.015074977e-01 +6.015074977e-01 +3.595150750e+01 +3.595150750e+01 +2.0560e+00 +1.9699e+00 +3.0707e+00 +1.7663e+00 -1.8368e+00 -1.2120e+00 +1.9662e+00 +1.0109e+00 +1.3024e+00 -1.5410e+00
6408 +3.778969463e-01 +3.778969463e-01 +3.572789695e+01 +3.572789695e+01 +1.6884e+00 +1.5961e+00 +3.8165e+00 +1.4497e+00 -1.8595e+00 -1.5349e+00 +2.1517e+00 +9.5067e-01 +1.1949e+00 -1.3671e+00
6581 +1.925510203e-01 +1.925510203e-01 +3.554255102e+01 +3.554255102e+01 +1.7592e+00 +1.3538e+00 +4.1028e+00 +1.5189e+00 -1.6782e+00 -1.6027e+00 +2.4668e+00 +9.3312e-01 +1.1519e+00 -1.4314e+00
6731 +1.484555668e-01 +1.484555668e-01 +3.549845557e+01 +3.549845557e+01 +1.9290e+00 +1.6637e+00 +3.9779e+00 +1.4630e+00 -1.8009e+00 -1.4966e+00 +2.5352e+00 +7.8385e-01 +1.0611e+00 -1.5151e+00
6949 +8.873005351e-02 +8.873005351e-02 +3.543873005e+01 +3.543873005e+01 +1.7635e+00 +1.5137e+00 +4.0012e+00 +1.3850e+00 -1.9506e+00 -1.6385e+00 +2.2602e+00 +8.9806e-01 +1.1700e+00 -1.5621e+00
6994 +4.310945268e-02 +4.310945268e-02 +3.539310945e+01 +3.539310945e+01 +1.7523e+00 +1.5263e+00 +4.0590e+00 +1.4837e+00 -1.8969e+00 -1.5900e+00 +2.3769e+00 +9.0933e-01 +1.0478e+00 -1.5459e+00
7029 +3.867061680e-02 +3.867061680e-02 +3.538867062e+01 +3.538867062e+01 +1.7766e+00 +1.4954e+00 +3.9957e+00 +1.5004e+00 -1.8984e+00 -1.6368e+00 +2.3961e+00 +8.5170e-01 +1.1254e+00 -1.5029e+00
7169 +1.858463696e-02 +1.858463696e-02 +3.536858464e+01 +3.536858464e+01 +1.7304e+00 +1.4596e+00 +4.0552e+00 +1.4756e+00 -1.9196e+00 -1.6721e+00 +2.4122e+00 +8.2107e-01 +1.0879e+00 -1.4901e+00
7267 +8.658062711e-08 +8.658062711e-08 +3.535000009e+01 +3.535000009e+01 +1.7679e+00 +1.4619e+00 +3.9943e+00 +1.4545e+00 -1.8549e+00 -1.6218e+00 +2.3217e+00 +8.6748e-01 +1.1482e+00 -1.4803e+00
15854 +5.848234963e-08 +5.848234963e-08 +3.535000006e+01 +3.535000006e+01 +1.7686e+00 +1.4795e+00 +3.9867e+00 +1.4498e+00 -1.8688e+00 -1.6151e+00 +2.3195e+00 +8.5415e-01 +1.1267e+00 -1.5033e+00
15933 +1.385538440e-08 +1.385538440e-08 +3.535000001e+01 +3.535000001e+01 +1.7715e+00 +1.4955e+00 +3.9847e+00 +1.4688e+00 -1.8847e+00 -1.6426e+00 +2.3235e+00 +8.3634e-01 +1.1044e+00 -1.5020e+00
16278 +4.308560619e-09 +4.308560619e-09 +3.535000000e+01 +3.535000000e+01 +1.7689e+00 +1.4896e+00 +3.9896e+00 +1.4721e+00 -1.8723e+00 -1.6117e+00 +2.2739e+00 +8.6878e-01 +1.1384e+00 -1.4959e+00
16309 +3.517705238e-09 +3.517705238e-09 +3.535000000e+01 +3.535000000e+01 +1.7474e+00 +1.4640e+00 +3.9924e+00 +1.4479e+00 -1.8595e+00 -1.6438e+00 +2.3342e+00 +8.4984e-01 +1.1215e+00 -1.5088e+00
% function evaluation | noise-free fitness - Fopt (3.535000000000e+01) | best noise-free fitness - Fopt | measured fitness | best measured fitness | x1 | x2...
1 +3.056446343e+02 +3.056446343e+02 +3.409946343e+02 +3.409946343e+02 +4.4455e-01 -3.2390e+00 +2.4007e-01 +1.8670e+00 +1.8250e+00 -7.3009e-01 -2.3946e+00 +1.2220e+00 +3.4481e-02 +1.4217e+00
19 +1.476426830e+02 +1.476426830e+02 +1.829926830e+02 +1.829926830e+02 -4.2357e-01 -2.7950e+00 -6.9881e-01 +4.3382e+00 +2.7975e+00 +1.8860e-01 -3.8937e+00 +3.0232e+00 +9.8824e-01 +7.3281e-01
79 +7.246940401e+01 +7.246940401e+01 +1.078194040e+02 +1.078194040e+02 -4.6863e-01 -1.4433e-01 -1.0245e+00 +2.8882e+00 +5.1568e-01 -1.4148e+00 -3.5308e+00 +2.8240e+00 +1.7434e+00 -6.9501e-01
182 +4.462401055e+01 +4.462401055e+01 +7.997401055e+01 +7.997401055e+01 +1.8342e+00 +1.5708e+00 -2.7399e-01 +1.7840e+00 +3.1171e-02 -9.1534e-01 -3.0342e+00 +2.2939e+00 +4.1950e+00 -8.1625e-01
242 +3.980704772e+01 +3.980704772e+01 +7.515704772e+01 +7.515704772e+01 +8.0176e-01 +1.0266e+00 +3.6666e-01 +2.7391e+00 -1.1880e-01 -3.2533e-01 -3.4352e+00 +3.4379e+00 +3.5071e+00 -5.7591e-01
299 +2.425656465e+01 +2.425656465e+01 +5.960656465e+01 +5.960656465e+01 +7.2678e-01 +2.3973e-01 +4.8093e-01 +2.9423e+00 +1.0974e-02 -5.6583e-01 -1.6047e+00 +2.6221e+00 +2.1290e+00 -6.5109e-01
401 +1.477967954e+01 +1.477967954e+01 +5.012967954e+01 +5.012967954e+01 +1.2773e+00 +1.0988e+00 +1.5001e+00 +1.9234e+00 -3.9261e-01 -8.5850e-01 -1.1535e+00 +2.2000e+00 +2.4435e+00 -1.1042e+00
415 +9.915156512e+00 +9.915156512e+00 +4.526515651e+01 +4.526515651e+01 +1.1584e+00 +7.6923e-01 +1.9676e+00 +1.8074e+00 -1.0466e+00 -1.0225e+00 -3.3399e-01 +2.1838e+00 +2.0624e+00 -1.2777e+00
588 +5.959304842e+00 +5.959304842e+00 +4.130930484e+01 +4.130930484e+01 +1.6438e+00 +1.9334e+00 +2.1396e+00 +2.5203e+00 -1.1560e+00 -1.6507e-01 +9.0053e-01 +2.1823e+00 +1.4726e+00 -1.0648e+00
689 +3.580791861e+00 +3.580791861e+00 +3.893079186e+01 +3.893079186e+01 +1.4891e+00 +2.3797e+00 +2.8136e+00 +2.6260e+00 -1.6132e+00 -1.6914e-01 +1.2355e+00 +1.5527e+00 +8.1173e-01 -1.0097e+00
811 +2.507408027e+00 +2.507408027e+00 +3.785740803e+01 +3.785740803e+01 +1.4312e+00 +2.3363e+00 +2.6165e+00 +2.7467e+00 -1.8530e+00 -3.9709e-01 +1.5779e+00 +1.5856e+00 +6.1974e-01 -9.2590e-01
2905 +1.016779453e+00 +1.016779453e+00 +3.636677945e+01 +3.636677945e+01 +2.0781e+00 +1.9577e+00 +3.7245e+00 +1.4862e+00 -1.8080e+00 -1.1909e+00 +2.0389e+00 +9.8098e-01 +1.3605e+00 -1.7014e+00
2990 +8.418288047e-01 +8.418288047e-01 +3.619182880e+01 +3.619182880e+01 +1.5441e+00 +1.5276e+00 +3.6513e+00 +1.6296e+00 -1.8885e+00 -1.5648e+00 +2.1515e+00 +8.8447e-01 +1.1543e+00 -1.5080e+00
3081 +3.358316629e-01 +3.358316629e-01 +3.568583166e+01 +3.568583166e+01 +1.7976e+00 +1.5251e+00 +3.9423e+00 +1.4744e+00 -1.7666e+00 -1.6537e+00 +1.9886e+00 +1.0196e+00 +1.3296e+00 -1.4015e+00
3161 +1.359120833e-01 +1.359120833e-01 +3.548591208e+01 +3.548591208e+01 +1.7447e+00 +1.3819e+00 +4.0607e+00 +1.3587e+00 -1.9571e+00 -1.8443e+00 +2.3576e+00 +7.5995e-01 +1.1269e+00 -1.5043e+00
3286 +4.115413797e-02 +4.115413797e-02 +3.539115414e+01 +3.539115414e+01 +1.8035e+00 +1.6145e+00 +3.8266e+00 +1.5451e+00 -1.8769e+00 -1.5527e+00 +2.3403e+00 +8.2642e-01 +1.0839e+00 -1.4399e+00
3291 +2.840448133e-02 +2.840448133e-02 +3.537840448e+01 +3.537840448e+01 +1.8412e+00 +1.5401e+00 +3.9693e+00 +1.4938e+00 -1.8026e+00 -1.5771e+00 +2.3302e+00 +8.2685e-01 +1.1564e+00 -1.5077e+00
3418 +2.063828867e-02 +2.063828867e-02 +3.537063829e+01 +3.537063829e+01 +1.7170e+00 +1.4174e+00 +3.9390e+00 +1.4446e+00 -1.9184e+00 -1.6887e+00 +2.2122e+00 +8.5018e-01 +1.1727e+00 -1.5567e+00
3505 +8.195328696e-03 +8.195328696e-03 +3.535819533e+01 +3.535819533e+01 +1.7535e+00 +1.4983e+00 +3.9852e+00 +1.4309e+00 -1.8892e+00 -1.6852e+00 +2.3464e+00 +8.1897e-01 +1.1079e+00 -1.4850e+00
3670 +1.942711876e-07 +1.942711876e-07 +3.535000019e+01 +3.535000019e+01 +1.7587e+00 +1.4818e+00 +3.9845e+00 +1.4690e+00 -1.8948e+00 -1.6514e+00 +2.2984e+00 +8.6151e-01 +1.1401e+00 -1.5457e+00
3722 +1.491996215e-08 +1.491996215e-08 +3.535000001e+01 +3.535000001e+01 +1.7391e+00 +1.4817e+00 +3.9778e+00 +1.4638e+00 -1.8579e+00 -1.6387e+00 +2.2825e+00 +8.6802e-01 +1.1226e+00 -1.5088e+00
3847 +4.839641576e-09 +4.839641576e-09 +3.535000000e+01 +3.535000000e+01 +1.7700e+00 +1.4729e+00 +3.9696e+00 +1.4808e+00 -1.8597e+00 -1.6215e+00 +2.2877e+00 +8.6571e-01 +1.1543e+00 -1.5082e+00
% function evaluation | noise-free fitness - Fopt (3.535000000000e+01) | best noise-free fitness - Fopt | measured fitness | best measured fitness | x1 | x2...
1 +2.375982405e+03 +2.375982405e+03 +2.411332405e+03 +2.411332405e+03 +3.0207e+00 -3.9016e+00 +9.1034e-01 -3.0073e+00 -1.8280e+00 +3.5697e+00 +5.5576e-01 +5.0601e-01 -9.7143e-01 -1.8326e+00
8 +1.072474076e+03 +1.072474076e+03 +1.107824076e+03 +1.107824076e+03 +3.1273e+00 -2.4049e+00 +1.7446e+00 -2.1088e+00 -2.0282e+00 +1.1836e+00 +2.1402e+00 +7.6032e-01 -8.3501e-01 -3.1981e+00
13 +6.978482639e+02 +6.978482639e+02 +7.331982639e+02 +7.331982639e+02 -1.8405e-01 -2.1616e+00 +2.7992e+00 +3.0106e-01 -2.1640e+00 +3.3811e-01 -2.8787e-01 -1.8816e+00 -1.6079e-01 -3.5086e+00
21 +5.464190551e+02 +5.464190551e+02 +5.817690551e+02 +5.817690551e+02 +1.9693e+00 -4.1109e+00 +3.2586e+00 -2.6783e+00 +1.5412e+00 -1.7747e+00 +4.3904e+00 -4.7632e-01 -1.0997e+00 -4.8247e+00
25 +3.849141095e+02 +3.849141095e+02 +4.202641095e+02 +4.202641095e+02 +5.8735e-01 -2.6469e+00 +4.7690e+00 +4.6334e-01 -5.0395e-01 -1.5507e+00 +3.5325e+00 +8.4012e-01 -3.0753e+00 -6.4865e+00
31 +2.187912010e+02 +2.187912010e+02 +2.541412010e+02 +2.541412010e+02 -4.2306e-02 -2.6762e+00 +6.1259e+00 +5.8605e-01 -6.2312e-01 -4.0781e+00 +6.7195e+00 -2.1496e+00 -2.2069e+00 -4.7714e+00
46 +9.304225351e+01 +9.304225351e+01 +1.283922535e+02 +1.283922535e+02 +2.6296e+00 +6.3906e-01 +5.2974e+00 +9.0026e-03 -2.0614e+00 -1.9214e+00 +3.3784e+00 +9.0609e-01 -3.4977e-01 -1.0022e+00
132 +5.941912026e+01 +5.941912026e+01 +9.476912026e+01 +9.476912026e+01 -9.9740e-01 -1.5794e+00 +4.4986e+00 +8.2803e-01 -1.6510e+00 -3.2159e+00 +2.0502e+00 +2.1560e+00 -1.5442e+00 +6.0098e-01
150 +2.151753603e+01 +2.151753603e+01 +5.686753603e+01 +5.686753603e+01 +5.5189e-02 -2.3631e+00 +5.5590e+00 +8.2049e-01 -8.3964e-01 -4.0875e+00 +1.4897e+00 +1.9361e+00 +1.3759e+00 -1.1007e+00
263 +1.531426359e+01 +1.531426359e+01 +5.066426359e+01 +5.066426359e+01 +1.0703e+00 -5.2356e-02 +5.1881e+00 +7.4379e-02 -8.8022e-01 -3.5050e+00 +1.1559e+00 +6.8922e-01 +2.4182e+00 -1.1042e+00
282 +6.882180112e+00 +6.882180112e+00 +4.223218011e+01 +4.223218011e+01 +1.3545e+00 -3.9560e-01 +4.9179e+00 +1.6178e-01 -1.4117e+00 -3.6958e+00 +9.3327e-01 +7.2450e-01 +2.1156e+00 -1.5191e+00
333 +5.335517114e+00 +5.335517114e+00 +4.068551711e+01 +4.068551711e+01 +1.4136e+00 +4.2155e-01 +3.7586e+00 +1.3321e+00 -9.9427e-01 -1.7357e+00 +1.2543e+00 +1.1188e+00 +2.0977e+00 -1.6047e+00
652 +2.491975413e+00 +2.491975413e+00 +3.784197541e+01 +3.784197541e+01 +7.7682e-01 -5.0252e-01 +4.7142e+00 +1.0745e+00 -1.7694e+00 -2.5350e+00 +1.5477e+00 +1.2356e+00 +1.4090e+00 -1.3349e+00
2115 +1.188374830e+00 +1.188374830e+00 +3.653837483e+01 +3.653837483e+01 +1.5753e+00 +8.6202e-01 +4.1954e+00 +1.4566e+00 -1.7205e+00 -1.8960e+00 +2.1318e+00 +9.0167e-01 +1.2610e+00 -1.6038e+00
2366 +9.372227375e-01 +9.372227375e-01 +3.628722274e+01 +3.628722274e+01 +1.4720e+00 +1.1012e+00 +3.8092e+00 +1.2350e+00 -1.9304e+00 -1.7928e+00 +1.7403e+00 +1.0803e+00 +1.2733e+00 -1.7020e+00
2416 +5.083539076e-01 +5.083539076e-01 +3.585835391e+01 +3.585835391e+01 +1.5042e+00 +1.2763e+00 +3.8669e+00 +1.4735e+00 -1.8900e+00 -1.6322e+00 +1.7208e+00 +1.1856e+00 +1.2085e+00 -1.3452e+00
2589 +3.493617615e-01 +3.493617615e-01 +3.569936176e+01 +3.569936176e+01 +1.5497e+00 +1.3731e+00 +3.8678e+00 +1.6060e+00 -1.9027e+00 -1.6240e+00 +2.0474e+00 +1.0184e+00 +1.0937e+00 -1.4855e+00
2668 +1.695303259e-01 +1.695303259e-01 +3.551953033e+01 +3.551953033e+01 +1.7828e+00 +1.4860e+00 +3.6526e+00 +1.5585e+00 -1.7798e+00 -1.6253e+00 +2.0856e+00 +8.0421e-01 +1.2240e+00 -1.4344e+00
2740 +1.404995626e-01 +1.404995626e-01 +3.549049956e+01 +3.549049956e+01 +1.7721e+00 +1.5451e+00 +3.7178e+00 +1.6448e+00 -1.7976e+00 -1.4880e+00 +2.1081e+00 +8.7356e-01 +1.2389e+00 -1.4516e+00
2804 +8.945101296e-02 +8.945101296e-02 +3.543945101e+01 +3.543945101e+01 +1.7050e+00 +1.4614e+00 +3.9536e+00 +1.5237e+00 -1.7978e+00 -1.5966e+00 +2.2639e+00 +8.2751e-01 +1.1073e+00 -1.4666e+00
2807 +2.129756141e-02 +2.129756141e-02 +3.537129756e+01 +3.537129756e+01 +1.7306e+00 +1.4594e+00 +3.9388e+00 +1.4595e+00 -1.7982e+00 -1.6210e+00 +2.2674e+00 +8.9842e-01 +1.1412e+00 -1.4529e+00
3032 +9.896846652e-03 +9.896846652e-03 +3.535989685e+01 +3.535989685e+01 +1.7587e+00 +1.4676e+00 +3.9378e+00 +1.4427e+00 -1.8503e+00 -1.6442e+00 +2.3171e+00 +8.3684e-01 +1.1378e+00 -1.5089e+00
3171 +4.191800116e-07 +4.191800116e-07 +3.535000042e+01 +3.535000042e+01 +1.7890e+00 +1.5040e+00 +3.9581e+00 +1.4484e+00 -1.8880e+00 -1.6335e+00 +2.3031e+00 +8.6256e-01 +1.1655e+00 -1.5289e+00
3244 +2.200550853e-07 +2.200550853e-07 +3.535000022e+01 +3.535000022e+01 +1.7649e+00 +1.4964e+00 +3.9655e+00 +1.4890e+00 -1.8585e+00 -1.6181e+00 +2.3220e+00 +8.5123e-01 +1.1024e+00 -1.4994e+00
3271 +9.695361314e-08 +9.695361314e-08 +3.535000010e+01 +3.535000010e+01 +1.7646e+00 +1.4971e+00 +3.9686e+00 +1.4926e+00 -1.8510e+00 -1.6215e+00 +2.3204e+00 +8.5106e-01 +1.1237e+00 -1.5131e+00
3371 +1.820740891e-08 +1.820740891e-08 +3.535000002e+01 +3.535000002e+01 +1.7606e+00 +1.4618e+00 +3.9724e+00 +1.4586e+00 -1.8477e+00 -1.6486e+00 +2.3076e+00 +8.5426e-01 +1.1425e+00 -1.4945e+00
3394 +4.009862664e-09 +4.009862664e-09 +3.535000000e+01 +3.535000000e+01 +1.7788e+00 +1.5004e+00 +3.9697e+00 +1.4815e+00 -1.8652e+00 -1.6156e+00 +2.3061e+00 +8.6199e-01 +1.1397e+00 -1.5054e+00
% function evaluation | noise-free fitness - Fopt (3.820000000000e+00) | best noise-free fitness - Fopt | measured fitness | best measured fitness | x1 | x2...
1 +5.481872373e+02 +5.481872373e+02 +5.520072373e+02 +5.520072373e+02 -3.4748e-01 +1.8867e+00 -2.5749e+00 +1.2804e+00 +5.1407e-01 +5.8779e-01 +3.1392e+00 +1.5008e+00 -2.7629e+00 +5.6218e-01
23 +2.576165998e+02 +2.576165998e+02 +2.614365998e+02 +2.614365998e+02 +4.8553e+00 +3.8027e+00 -9.1356e-01 +3.5933e-01 +1.1156e+00 -2.3573e+00 +5.3475e+00 +6.6749e-01 -3.8216e+00 +2.0884e+00
34 +1.637512289e+02 +1.637512289e+02 +1.675712289e+02 +1.675712289e+02 +3.1257e+00 +4.4718e+00 -1.9812e+00 -6.5871e-01 +2.7211e+00 +1.2750e+00 +6.1665e+00 -2.5528e+00 -2.3525e+00 +2.6504e+00
55 +1.246423306e+02 +1.246423306e+02 +1.284623306e+02 +1.284623306e+02 +2.8276e+00 +5.0190e+00 +1.3708e+00 -4.8804e+00 +1.4935e+00 +1.6580e+00 +4.4681e+00 -4.5460e+00 +3.0355e+00 +1.3845e+00
133 +7.011146057e+01 +7.011146057e+01 +7.393146057e+01 +7.393146057e+01 +5.9416e+00 +4.8859e+00 -1.8865e+00 -3.2355e+00 +3.1251e+00 -1.7617e+00 +8.5085e+00 -4.1390e+00 +1.1251e+00 -3.2032e+00
193 +4.781666586e+01 +4.781666586e+01 +5.163666586e+01 +5.163666586e+01 +4.9576e+00 +4.7027e+00 -7.2467e-01 -3.7331e+00 +1.6698e+00 -2.2328e-01 +5.8072e+00 -2.8726e+00 +5.5270e-01 -3.5114e-01
220 +3.435306850e+01 +3.435306850e+01 +3.817306850e+01 +3.817306850e+01 +4.1494e+00 +4.9597e+00 -1.8776e+00 -5.3961e+00 +1.1226e+00 +8.2811e-01 +5.1816e+00 -4.6602e+00 +1.2613e+00 -2.8525e+00
275 +2.323851335e+01 +2.323851335e+01 +2.705851335e+01 +2.705851335e+01 +3.9192e+00 +4.1890e+00 -1.5233e+00 -3.6396e+00 +9.9636e-01 +9.9390e-01 +4.5370e+00 -3.0806e+00 +9.7120e-01 -1.3095e+00
458 +1.222395517e+01 +1.222395517e+01 +1.604395517e+01 +1.604395517e+01 +3.9774e+00 +3.0242e+00 -1.2033e+00 -3.4996e+00 +9.1321e-01 +1.0465e+00 +3.3672e+00 -3.4100e+00 +1.6712e+00 -1.8025e+00
546 +9.205880453e+00 +9.205880453e+00 +1.302588045e+01 +1.302588045e+01 +4.3046e+00 +2.6270e+00 +2.0047e-01 -3.3683e+00 +1.3904e+00 +3.4128e-01 +3.5522e+00 -3.9123e+00 +1.5203e+00 -2.3299e+00
666 +4.485789822e+00 +4.485789822e+00 +8.305789822e+00 +8.305789822e+00 +4.2847e+00 +2.1226e+00 +6.0498e-01 -3.4267e+00 +1.7552e+00 +4.6905e-01 +2.9149e+00 -3.4641e+00 +2.1462e-01 -1.7068e+00
700 +3.389545361e+00 +3.389545361e+00 +7.209545361e+00 +7.209545361e+00 +4.6202e+00 +2.2571e+00 +5.6008e-01 -3.9315e+00 +1.1739e+00 +1.5000e-01 +2.7494e+00 -3.8296e+00 +8.6015e-01 -2.2965e+00
955 +2.423573986e+00 +2.423573986e+00 +6.243573986e+00 +6.243573986e+00 +4.7551e+00 +1.7875e+00 +7.6830e-01 -3.4566e+00 +1.6698e+00 -6.0786e-02 +2.6124e+00 -3.7866e+00 +8.5876e-01 -1.9457e+00
2984 +1.543722972e+00 +1.543722972e+00 +5.363722972e+00 +5.363722972e+00 +3.0415e+00 +8.3290e-01 +2.3982e+00 -1.2065e+00 +4.8701e-01 +2.7350e-01 -1.0545e-01 -2.8946e+00 +1.4700e+00 +4.2836e-01
3084 +9.323393806e-01 +9.323393806e-01 +4.752339381e+00 +4.752339381e+00 +3.3537e+00 +3.7429e-01 +2.5477e+00 -1.4781e+00 +6.8172e-01 -1.9648e-01 -3.9154e-02 -2.9205e+00 +1.1477e+00 +2.7781e-01
5767 +5.217066903e-01 +5.217066903e-01 +4.341706690e+00 +4.341706690e+00 +3.6179e+00 +1.2740e+00 +1.9272e+00 -2.3698e+00 +5.4581e-01 +3.6850e-01 +4.7081e-01 -3.1597e+00 +9.4666e-01 -3.5127e-01
5830 +1.629331882e-01 +1.629331882e-01 +3.982933188e+00 +3.982933188e+00 +3.7783e+00 +1.2165e+00 +1.8016e+00 -2.4862e+00 +7.9020e-01 +1.7812e-01 +7.9045e-01 -3.3174e+00 +1.0583e+00 -5.9898e-01
6113 +1.430157796e-01 +1.430157796e-01 +3.963015780e+00 +3.963015780e+00 +3.8267e+00 +1.3791e+00 +1.7986e+00 -2.6613e+00 +7.7852e-01 +2.4466e-01 +9.9913e-01 -3.3315e+00 +8.8608e-01 -6.4869e-01
6366 +8.141876770e-02 +8.141876770e-02 +3.901418768e+00 +3.901418768e+00 +3.8036e+00 +1.2445e+00 +1.9284e+00 -2.5590e+00 +7.5955e-01 +2.3592e-01 +7.9610e-01 -3.3178e+00 +8.9187e-01 -5.7785e-01
6436 +4.452707115e-02 +4.452707115e-02 +3.864527071e+00 +3.864527071e+00 +3.8686e+00 +1.1337e+00 +1.9048e+00 -2.4743e+00 +8.2512e-01 +3.1025e-02 +7.6966e-01 -3.2845e+00 +9.0997e-01 -6.7627e-01
6462 +2.280266718e-02 +2.280266718e-02 +3.842802667e+00 +3.842802667e+00 +3.9610e+00 +1.2185e+00 +1.7882e+00 -2.4682e+00 +8.1519e-01 +4.2891e-02 +8.6887e-01 -3.2616e+00 +9.5745e-01 -7.2458e-01
6737 +1.350407347e-02 +1.350407347e-02 +3.833504073e+00 +3.833504073e+00 +3.9676e+00 +1.2176e+00 +1.8772e+00 -2.5207e+00 +8.3240e-01 +6.2486e-02 +8.1340e-01 -3.3035e+00 +9.2452e-01 -7.0441e-01
6807 +1.983651927e-07 +1.983651927e-07 +3.820000198e+00 +3.820000198e+00 +3.9705e+00 +1.1799e+00 +1.8879e+00 -2.5597e+00 +8.6494e-01 +4.6938e-02 +8.3649e-01 -3.3137e+00 +8.7385e-01 -7.3645e-01
7013 +9.537897272e-08 +9.537897272e-08 +3.820000095e+00 +3.820000095e+00 +3.9864e+00 +1.1742e+00 +1.8911e+00 -2.5859e+00 +8.5387e-01 +1.3025e-02 +8.6085e-01 -3.3401e+00 +8.9466e-01 -7.6577e-01
14716 +4.922791375e-08 +4.922791375e-08 +3.820000049e+00 +3.820000049e+00 +3.9649e+00 +1.1803e+00 +1.8856e+00 -2.5571e+00 +8.5937e-01 +3.5216e-02 +8.6334e-01 -3.3196e+00 +8.8594e-01 -7.3904e-01
14885 +3.703967710e-08 +3.703967710e-08 +3.820000037e+00 +3.820000037e+00 +4.0264e+00 +1.1781e+00 +1.8806e+00 -2.5726e+00 +8.7928e-01 +4.1715e-04 +8.6943e-01 -3.3217e+00 +8.6595e-01 -7.8098e-01
15112 +1.511661996e-08 +1.511661996e-08 +3.820000015e+00 +3.820000015e+00 +3.9940e+00 +1.1607e+00 +1.8810e+00 -2.5349e+00 +8.7243e-01 +1.4067e-02 +8.7507e-01 -3.3042e+00 +8.5646e-01 -7.2965e-01
15348 +9.463807071e-09 +9.463807071e-09 +3.820000009e+00 +3.820000009e+00 +4.0209e+00 +1.1876e+00 +1.8779e+00 -2.5359e+00 +8.8282e-01 +1.0279e-02 +8.6333e-01 -3.2920e+00 +8.7336e-01 -7.3763e-01
% function evaluation | noise-free fitness - Fopt (3.820000000000e+00) | best noise-free fitness - Fopt | measured fitness | best measured fitness | x1 | x2...
1 +7.905851353e+02 +7.905851353e+02 +7.944051353e+02 +7.944051353e+02 -3.0255e+00 +3.7641e+00 +3.2233e+00 +1.1435e+00 -1.3068e+00 -3.8581e+00 +1.8648e+00 -1.6318e-01 -1.1383e+00 +3.8625e+00
4 +4.712961856e+02 +4.712961856e+02 +4.751161856e+02 +4.751161856e+02 -8.8722e-01 +3.3436e+00 +4.3243e+00 -4.2622e+00 -3.9100e+00 -3.9281e+00 +2.6411e-01 -1.9611e+00 +3.2713e-01 +2.3565e+00
22 +2.967146177e+02 +2.967146177e+02 +3.005346177e+02 +3.005346177e+02 -1.5574e-01 -2.1416e+00 +2.8943e+00 -1.5219e+00 +5.8794e-01 -3.7002e+00 +3.2980e+00 -2.8763e+00 +4.3867e-02 +3.1889e+00
35 +2.204457368e+02 +2.204457368e+02 +2.242657368e+02 +2.242657368e+02 -2.1680e+00 +7.7805e-01 +9.7749e-01 -1.0942e+00 +2.7035e+00 -1.7163e+00 +5.4675e+00 -4.2688e+00 -1.0453e-01 +1.7975e+00
68 +1.187437599e+02 +1.187437599e+02 +1.225637599e+02 +1.225637599e+02 -1.4303e+00 +2.5933e+00 +2.1904e-01 -4.2313e+00 +2.0169e+00 +2.5261e+00 +5.2521e+00 -4.1677e+00 +1.8940e+00 -1.4460e+00
113 +7.190324656e+01 +7.190324656e+01 +7.572324656e+01 +7.572324656e+01 +3.3011e+00 -7.3334e-01 +1.9062e+00 +5.2391e-01 +7.1845e-01 -1.1503e+00 +9.6037e-01 -2.9676e+00 -3.8732e-01 +3.1005e-01
124 +4.499422194e+01 +4.499422194e+01 +4.881422194e+01 +4.881422194e+01 +4.2947e+00 -8.3434e-01 +1.8399e+00 -1.7375e+00 +2.2480e+00 -5.1496e-02 +3.1063e-01 -2.8733e+00 -8.9627e-01 +7.2029e-01
195 +3.793225335e+01 +3.793225335e+01 +4.175225335e+01 +4.175225335e+01 +1.0766e+00 -2.0628e-01 +2.7184e+00 -1.6107e+00 -3.7759e-01 +1.3586e-01 -1.9896e-01 -4.0233e+00 +2.7743e+00 -6.4720e-01
223 +9.593251076e+00 +9.593251076e+00 +1.341325108e+01 +1.341325108e+01 +2.0002e+00 +1.8878e-03 +1.8575e+00 -1.2963e+00 +1.4374e+00 +9.4487e-01 +2.6107e-01 -2.6971e+00 +1.2335e+00 +4.5054e-01
256 +6.134331193e+00 +6.134331193e+00 +9.954331193e+00 +9.954331193e+00 +3.0105e+00 +1.0055e+00 +2.2048e+00 -1.7303e+00 +9.9831e-01 +1.1046e+00 +9.6080e-01 -2.7541e+00 +3.6752e-01 +4.5401e-01
318 +3.836191463e+00 +3.836191463e+00 +7.656191463e+00 +7.656191463e+00 +2.7899e+00 +1.1833e+00 +1.9247e+00 -1.8958e+00 +7.5618e-01 +9.4129e-01 +7.1756e-01 -2.7230e+00 +1.3773e+00 -1.4483e-02
402 +2.194917983e+00 +2.194917983e+00 +6.014917983e+00 +6.014917983e+00 +3.0655e+00 +1.4275e+00 +1.5404e+00 -2.2386e+00 +8.0983e-01 +1.0575e+00 +9.5079e-01 -3.0990e+00 +1.2236e+00 -4.3644e-01
583 +1.412063113e+00 +1.412063113e+00 +5.232063113e+00 +5.232063113e+00 +3.2255e+00 +1.0018e+00 +1.6278e+00 -2.1839e+00 +8.0341e-01 +7.2584e-01 +7.8278e-01 -3.1024e+00 +1.1295e+00 -1.6116e-01
680 +9.804350750e-01 +9.804350750e-01 +4.800435075e+00 +4.800435075e+00 +3.3189e+00 +1.0845e+00 +1.8703e+00 -2.0856e+00 +8.2156e-01 +4.4737e-01 +6.0949e-01 -3.1531e+00 +1.1665e+00 -1.9352e-01
810 +5.246551775e-01 +5.246551775e-01 +4.344655178e+00 +4.344655178e+00 +3.3971e+00 +1.0476e+00 +2.0069e+00 -2.1770e+00 +8.0030e-01 +4.4598e-01 +5.8265e-01 -3.2216e+00 +1.1885e+00 -2.4718e-01
6189 +3.792508134e-01 +3.792508134e-01 +4.199250813e+00 +4.199250813e+00 +4.0228e+00 +1.1390e+00 +1.8662e+00 -2.6590e+00 +9.8080e-01 +2.6849e-01 +8.8423e-01 -3.3141e+00 +6.9053e-01 -7.3988e-01
6237 +2.060129944e-01 +2.060129944e-01 +4.026012994e+00 +4.026012994e+00 +3.8474e+00 +1.0576e+00 +1.9000e+00 -2.2149e+00 +7.3626e-01 +4.2409e-02 +5.8408e-01 -3.2500e+00 +9.9128e-01 -5.4293e-01
6247 +1.450526289e-01 +1.450526289e-01 +3.965052629e+00 +3.965052629e+00 +3.8487e+00 +1.1883e+00 +1.9392e+00 -2.5314e+00 +7.1108e-01 +2.2997e-01 +6.9308e-01 -3.3062e+00 +8.4323e-01 -6.0562e-01
6461 +9.323432793e-02 +9.323432793e-02 +3.913234328e+00 +3.913234328e+00 +3.9006e+00 +1.0925e+00 +1.9201e+00 -2.3671e+00 +9.8321e-01 +2.5741e-02 +9.0134e-01 -3.2608e+00 +8.9927e-01 -6.0113e-01
6561 +4.701203593e-02 +4.701203593e-02 +3.867012036e+00 +3.867012036e+00 +4.0372e+00 +1.0851e+00 +1.8995e+00 -2.5595e+00 +9.1066e-01 -1.2684e-01 +8.5315e-01 -3.3445e+00 +7.9153e-01 -7.7146e-01
6562 +3.233064942e-02 +3.233064942e-02 +3.852330649e+00 +3.852330649e+00 +3.9648e+00 +1.1504e+00 +1.9034e+00 -2.5306e+00 +8.7601e-01 +6.6989e-02 +8.3083e-01 -3.2986e+00 +8.5211e-01 -6.9249e-01
6921 +1.078678141e-02 +1.078678141e-02 +3.830786781e+00 +3.830786781e+00 +3.9878e+00 +1.1657e+00 +1.9044e+00 -2.6166e+00 +8.6269e-01 -2.6527e-02 +8.3582e-01 -3.3692e+00 +8.7459e-01 -7.9798e-01
7123 +6.591849600e-08 +6.591849600e-08 +3.820000066e+00 +3.820000066e+00 +4.0003e+00 +1.1919e+00 +1.8975e+00 -2.5382e+00 +8.7736e-01 +3.3847e-02 +8.7152e-01 -3.3016e+00 +8.6178e-01 -7.2181e-01
7267 +4.383600549e-08 +4.383600549e-08 +3.820000044e+00 +3.820000044e+00 +3.9967e+00 +1.1847e+00 +1.8821e+00 -2.5855e+00 +8.6535e-01 +3.4473e-02 +8.5559e-01 -3.3238e+00 +8.7653e-01 -7.4161e-01
7303 +3.340943611e-08 +3.340943611e-08 +3.820000033e+00 +3.820000033e+00 +3.9947e+00 +1.1941e+00 +1.8924e+00 -2.5892e+00 +8.6521e-01 +3.1160e-02 +8.5192e-01 -3.3269e+00 +8.7445e-01 -7.4308e-01
7378 +5.110839307e-09 +5.110839307e-09 +3.820000005e+00 +3.820000005e+00 +4.0065e+00 +1.1883e+00 +1.8654e+00 -2.5539e+00 +8.6415e-01 -1.1813e-02 +8.6059e-01 -3.3101e+00 +8.7419e-01 -7.4615e-01
7397 +2.416667311e-09 +2.416667311e-09 +3.820000002e+00 +3.820000002e+00 +3.9888e+00 +1.1642e+00 +1.8966e+00 -2.5668e+00 +8.8602e-01 +9.2210e-03 +8.6699e-01 -3.3160e+00 +8.6792e-01 -7.4093e-01
% function evaluation | noise-free fitness - Fopt (3.820000000000e+00) | best noise-free fitness - Fopt | measured fitness | best measured fitness | x1 | x2...
1 +2.971868436e+02 +2.971868436e+02 +3.010068436e+02 +3.010068436e+02 +3.1842e+00 +6.6781e-01 +9.0680e-01 +1.7576e-01 +1.4271e+00 -7.2417e-01 -2.7799e+00 -2.6668e+00 -1.0845e+00 +1.9423e+00
5 +1.977850724e+02 +1.977850724e+02 +2.016050724e+02 +2.016050724e+02 +1.8957e+00 +1.1938e-01 +1.3608e+00 +3.5848e+00 +1.7284e+00 +3.2853e-01 -2.5243e+00 -1.5415e+00 -7.5557e-02 +4.0613e+00
8 +1.301825838e+02 +1.301825838e+02 +1.340025838e+02 +1.340025838e+02 +1.4534e+00 -2.7065e-01 +1.0635e+00 +3.2711e-01 -3.2220e-01 +5.9495e-01 -2.6163e+00 -2.1779e+00 -1.6191e-02 +3.6664e+00
14 +9.181631527e+01 +9.181631527e+01 +9.563631527e+01 +9.563631527e+01 +2.6148e+00 -5.2944e-01 +1.7164e+00 +1.1233e+00 -8.3757e-02 +2.6439e+00 -3.1777e+00 -2.8163e+00 +2.1395e-01 +2.9783e+00
103 +4.685638795e+01 +4.685638795e+01 +5.067638795e+01 +5.067638795e+01 +8.1816e-01 -4.4026e-01 +3.1975e+00 +9.8407e-01 -4.2292e-01 +1.6167e+00 -2.7973e+00 -3.0538e+00 +9.8754e-01 +3.4729e+00
249 +3.240704673e+01 +3.240704673e+01 +3.622704673e+01 +3.622704673e+01 -2.4626e-02 -3.5452e-01 +4.1185e+00 +2.1375e+00 -8.7971e-01 +1.7273e+00 -3.8643e+00 -1.2429e+00 +2.6728e+00 +4.5879e+00
300 +2.392895527e+01 +2.392895527e+01 +2.774895527e+01 +2.774895527e+01 +1.5949e+00 -8.2633e-01 +3.9618e+00 +1.9026e+00 -6.4067e-01 +1.3225e+00 -3.3468e+00 -1.3406e+00 +1.3992e+00 +4.0311e+00
460 +1.470373844e+01 +1.470373844e+01 +1.852373844e+01 +1.852373844e+01 +1.4184e+00 -4.2266e-01 +3.3439e+00 +1.7089e+00 -2.3799e-02 +6.9648e-01 -2.2225e+00 -2.2258e+00 +2.1703e+00 +3.6240e+00
688 +9.660285954e+00 +9.660285954e+00 +1.348028595e+01 +1.348028595e+01 +2.6439e+00 -8.9826e-01 +3.3614e+00 +1.3731e+00 +5.9975e-01 -6.4170e-01 -1.9091e+00 -1.9833e+00 +1.7039e+00 +2.0248e+00
2070 +5.665637467e+00 +5.665637467e+00 +9.485637467e+00 +9.485637467e+00 +3.7020e+00 +2.7229e+00 +7.0699e-01 -3.1468e+00 +6.9555e-01 +9.8300e-01 +2.3263e+00 -3.4619e+00 +1.4668e+00 -1.2144e+00
2190 +3.207955151e+00 +3.207955151e+00 +7.027955151e+00 +7.027955151e+00 +3.5303e+00 +1.7702e+00 +9.3427e-01 -3.1140e+00 +7.7074e-01 +6.6342e-01 +1.7466e+00 -3.3313e+00 +1.0560e+00 -1.0142e+00
2226 +2.462024439e+00 +2.462024439e+00 +6.282024439e+00 +6.282024439e+00 +4.6174e+00 +2.1719e+00 +1.3641e+00 -3.6629e+00 +6.3167e-01 +4.8673e-01 +1.2159e+00 -3.5863e+00 +7.6404e-01 -1.2510e+00
2337 +1.094306833e+00 +1.094306833e+00 +4.914306833e+00 +4.914306833e+00 +4.5417e+00 +1.8055e+00 +1.7224e+00 -2.9811e+00 +7.4110e-01 -1.0063e-01 +1.3922e+00 -3.4404e+00 +8.6023e-01 -1.1891e+00
2409 +9.798186554e-01 +9.798186554e-01 +4.799818655e+00 +4.799818655e+00 +4.0630e+00 +1.7012e+00 +1.5911e+00 -3.1185e+00 +1.0887e+00 +1.0089e-01 +1.8572e+00 -3.4639e+00 +8.1870e-01 -1.0998e+00
2567 +5.780900906e-01 +5.780900906e-01 +4.398090091e+00 +4.398090091e+00 +4.3699e+00 +1.6817e+00 +1.3911e+00 -3.0456e+00 +1.0788e+00 +2.8264e-02 +1.6282e+00 -3.4118e+00 +6.7199e-01 -1.2323e+00
14510 +3.069666755e-01 +3.069666755e-01 +4.126966675e+00 +4.126966675e+00 +3.9349e+00 +1.3842e+00 +1.7202e+00 -2.7434e+00 +8.4031e-01 +2.9314e-01 +1.1179e+00 -3.3353e+00 +8.3876e-01 -8.0704e-01
14794 +1.738662376e-01 +1.738662376e-01 +3.993866238e+00 +3.993866238e+00 +3.8479e+00 +1.3124e+00 +1.7930e+00 -2.7230e+00 +8.0586e-01 +3.0164e-01 +9.3865e-01 -3.3678e+00 +7.7555e-01 -7.3660e-01
14908 +1.544075812e-01 +1.544075812e-01 +3.974407581e+00 +3.974407581e+00 +3.8977e+00 +1.0954e+00 +1.9414e+00 -2.5646e+00 +8.6979e-01 +4.0087e-02 +8.2120e-01 -3.3664e+00 +1.0473e+00 -7.7602e-01
15074 +9.489936949e-02 +9.489936949e-02 +3.914899369e+00 +3.914899369e+00 +3.8319e+00 +1.0910e+00 +1.9069e+00 -2.5698e+00 +9.3884e-01 +3.8591e-02 +9.5230e-01 -3.3318e+00 +8.5667e-01 -6.6424e-01
15358 +2.158728989e-02 +2.158728989e-02 +3.841587290e+00 +3.841587290e+00 +3.9311e+00 +1.1626e+00 +1.8461e+00 -2.5476e+00 +8.9231e-01 +8.4476e-03 +9.0049e-01 -3.3218e+00 +9.4154e-01 -7.5827e-01
15744 +1.431795657e-02 +1.431795657e-02 +3.834317957e+00 +3.834317957e+00 +3.9976e+00 +1.2076e+00 +1.8248e+00 -2.5591e+00 +9.0777e-01 +1.6124e-02 +9.3119e-01 -3.3072e+00 +8.5914e-01 -7.3855e-01
16258 +1.769922515e-07 +1.769922515e-07 +3.820000177e+00 +3.820000177e+00 +4.0080e+00 +1.1748e+00 +1.8886e+00 -2.5371e+00 +8.7706e-01 +7.7837e-03 +8.5271e-01 -3.3032e+00 +8.9394e-01 -7.2163e-01
16267 +1.084925980e-07 +1.084925980e-07 +3.820000108e+00 +3.820000108e+00 +3.9832e+00 +1.1828e+00 +1.8631e+00 -2.5606e+00 +8.7471e-01 +3.1655e-02 +8.7546e-01 -3.3245e+00 +8.8188e-01 -7.6952e-01
16376 +4.251593300e-08 +4.251593300e-08 +3.820000043e+00 +3.820000043e+00 +3.9987e+00 +1.1927e+00 +1.8591e+00 -2.5686e+00 +8.5984e-01 +5.0567e-02 +8.4353e-01 -3.3102e+00 +8.7777e-01 -7.5486e-01
16501 +2.047988046e-08 +2.047988046e-08 +3.820000020e+00 +3.820000020e+00 +3.9956e+00 +1.1782e+00 +1.8965e+00 -2.5631e+00 +8.6866e-01 +2.7568e-02 +8.6530e-01 -3.3150e+00 +8.8644e-01 -7.3166e-01
16536 +9.436690540e-09 +9.436690540e-09 +3.820000009e+00 +3.820000009e+00 +3.9995e+00 +1.1589e+00 +1.8882e+00 -2.5818e+00 +8.8854e-01 +4.3872e-03 +8.6262e-01 -3.3124e+00 +8.6825e-01 -7.5287e-01
% function evaluation | noise-free fitness - Fopt (2.175000000000e+01) | best noise-free fitness - Fopt | measured fitness | best measured fitness | x1 | x2...
1 +7.902867828e+02 +7.902867828e+02 +8.120367828e+02 +8.120367828e+02 +2.6156e+00 +1.3318e+00 +2.9412e+00 -2.0338e-01 +1.8119e+00 -1.4518e+00 -1.9833e+00 -3.7889e+00 +2.3499e+00 -3.9828e+00
13 +5.960464595e+02 +5.960464595e+02 +6.177964595e+02 +6.177964595e+02 +3.7740e+00 -9.5627e-01 +4.1016e+00 +3.5837e+00 -9.2004e-01 -8.4486e-01 -2.5274e+00 -1.7492e+00 +4.4552e+00 -2.4650e+00
57 +3.316905738e+02 +3.316905738e+02 +3.534405738e+02 +3.534405738e+02 +1.2925e+00 -7.9603e-02 +5.6806e+00 -1.2185e-01 -3.0504e-01 -5.2743e+00 -4.8129e-01 -1.1261e+00 +4.5065e+00 -2.9626e-01
63 +2.112701336e+02 +2.112701336e+02 +2.330201336e+02 +2.330201336e+02 +2.1331e+00 +2.2470e+00 +4.1298e+00 +2.4468e-01 +2.3920e+00 -5.4612e+00 -7.2382e-01 -7.7140e-01 +4.3446e+00 +2.3062e+00
113 +1.428859956e+02 +1.428859956e+02 +1.646359956e+02 +1.646359956e+02 +1.8075e+00 -9.8266e-01 +5.1009e+00 -8.1692e-02 +1.0116e-01 -4.7557e+00 +3.5036e-01 +7.5197e-01 +3.9902e+00 +3.0543e+00
181 +6.099251743e+01 +6.099251743e+01 +8.274251743e+01 +8.274251743e+01 +8.9616e-01 -3.3062e-01 +3.6086e+00 +1.8593e-01 -7.0702e-01 -5.9055e+00 +3.9099e+00 +3.7315e+00 +3.5578e+00 +4.7888e+00
224 +1.848284823e+01 +1.848284823e+01 +4.023284823e+01 +4.023284823e+01 -3.0153e-01 +8.2906e-01 -7.4442e-01 +1.4361e+00 -1.3964e+00 -3.4126e+00 +3.5305e+00 +2.7456e+00 +1.3792e+00 +2.8045e+00
235 +1.584633881e+01 +1.584633881e+01 +3.759633881e+01 +3.759633881e+01 +2.4679e+00 +2.8031e-01 +6.4869e-01 +1.6243e+00 -5.6073e-01 -4.5619e+00 +4.3169e+00 +3.0389e+00 +2.3811e+00 +4.3115e+00
343 +9.344113722e+00 +9.344113722e+00 +3.109411372e+01 +3.109411372e+01 +2.6261e+00 +9.7786e-01 -1.8212e-01 +2.5745e+00 -1.5639e+00 -3.9999e+00 +3.1151e+00 +3.6176e+00 +1.7532e+00 +4.0798e+00
400 +5.405925928e+00 +5.405925928e+00 +2.715592593e+01 +2.715592593e+01 +2.3521e+00 +1.0811e+00 -5.3112e-01 +2.9519e+00 -2.5945e+00 -3.1475e+00 +3.2504e+00 +2.3510e+00 +1.0085e+00 +3.2499e+00
668 +3.854761972e+00 +3.854761972e+00 +2.560476197e+01 +2.560476197e+01 +1.7806e+00 +9.7134e-01 +4.9374e-02 +2.5794e+00 -1.8514e+00 -3.4020e+00 +3.1491e+00 +2.8787e+00 +1.6949e+00 +3.6794e+00
1930 +2.481026248e+00 +2.481026248e+00 +2.423102625e+01 +2.423102625e+01 +2.8781e+00 +4.3059e-01 -6.4563e-01 +3.0844e+00 -1.4013e+00 -2.6934e+00 +3.4422e+00 +2.7644e+00 +1.6805e+00 +3.9097e+00
2042 +1.423972502e+00 +1.423972502e+00 +2.317397250e+01 +2.317397250e+01 +2.6746e+00 +4.3934e-01 -9.5902e-01 +2.9485e+00 -2.1410e+00 -3.1658e+00 +3.8024e+00 +2.1862e+00 +1.3947e+00 +3.5406e+00
2216 +9.877044947e-01 +9.877044947e-01 +2.273770449e+01 +2.273770449e+01 +2.8724e+00 +5.8165e-01 -4.5438e-01 +2.8927e+00 -2.0589e+00 -2.8894e+00 +3.6750e+00 +2.5291e+00 +1.4480e+00 +3.5071e+00
4891 +4.330240094e-01 +4.330240094e-01 +2.218302401e+01 +2.218302401e+01 +3.8429e+00 +1.1414e+00 -1.2394e+00 +3.0986e+00 -1.8090e+00 -2.1465e+00 +3.1622e+00 +1.9279e+00 +1.8332e+00 +3.9338e+00
4916 +3.582186635e-01 +3.582186635e-01 +2.210821866e+01 +2.210821866e+01 +3.6772e+00 +9.8347e-01 -1.1879e+00 +3.1161e+00 -1.8774e+00 -2.4090e+00 +3.2586e+00 +1.8314e+00 +1.6244e+00 +3.8640e+00
4989 +2.307742466e-01 +2.307742466e-01 +2.198077425e+01 +2.198077425e+01 +3.7420e+00 +8.7903e-01 -9.6595e-01 +3.0246e+00 -1.7812e+00 -2.5359e+00 +3.2851e+00 +2.2326e+00 +1.6646e+00 +3.9195e+00
5189 +1.518448282e-01 +1.518448282e-01 +2.190184483e+01 +2.190184483e+01 +3.6113e+00 +7.7967e-01 -1.0752e+00 +3.1810e+00 -2.0203e+00 -2.4606e+00 +3.3655e+00 +2.0675e+00 +1.5631e+00 +3.7548e+00
5202 +8.753774087e-02 +8.753774087e-02 +2.183753774e+01 +2.183753774e+01 +3.7883e+00 +9.9336e-01 -1.0544e+00 +3.0180e+00 -1.6270e+00 -2.4934e+00 +3.2009e+00 +2.1693e+00 +1.7931e+00 +3.9994e+00
5406 +5.579994214e-02 +5.579994214e-02 +2.180579994e+01 +2.180579994e+01 +3.7827e+00 +8.9328e-01 -1.1254e+00 +3.0370e+00 -1.6485e+00 -2.4009e+00 +3.2637e+00 +2.1062e+00 +1.7633e+00 +3.9119e+00
5497 +3.101620237e-02 +3.101620237e-02 +2.178101620e+01 +2.178101620e+01 +3.8298e+00 +9.1862e-01 -1.1508e+00 +3.0402e+00 -1.6026e+00 -2.3535e+00 +3.2900e+00 +2.0906e+00 +1.7646e+00 +3.8931e+00
5630 +2.087426078e-02 +2.087426078e-02 +2.177087426e+01 +2.177087426e+01 +3.7927e+00 +8.4101e-01 -1.0590e+00 +3.0964e+00 -1.6721e+00 -2.3600e+00 +3.3047e+00 +2.1432e+00 +1.7415e+00 +3.8745e+00
5643 +1.251208040e-02 +1.251208040e-02 +2.176251208e+01 +2.176251208e+01 +3.7703e+00 +8.5184e-01 -1.1242e+00 +3.1046e+00 -1.7119e+00 -2.3697e+00 +3.2792e+00 +2.1422e+00 +1.7063e+00 +3.8602e+00
5705 +9.235889476e-03 +9.235889476e-03 +2.175923589e+01 +2.175923589e+01 +3.7999e+00 +8.5573e-01 -1.0655e+00 +3.1095e+00 -1.6677e+00 -2.3607e+00 +3.3153e+00 +2.1650e+00 +1.7156e+00 +3.8791e+00
5778 +1.491214974e-07 +1.491214974e-07 +2.175000015e+01 +2.175000015e+01 +3.7581e+00 +8.7625e-01 -1.1230e+00 +3.0661e+00 -1.6774e+00 -2.3808e+00 +3.3028e+00 +2.1239e+00 +1.7306e+00 +3.8646e+00
5790 +4.352549965e-08 +4.352549965e-08 +2.175000004e+01 +2.175000004e+01 +3.7882e+00 +9.0080e-01 -1.1150e+00 +3.0957e+00 -1.6865e+00 -2.3686e+00 +3.2850e+00 +2.1220e+00 +1.7215e+00 +3.8622e+00
6038 +2.737571947e-08 +2.737571947e-08 +2.175000003e+01 +2.175000003e+01 +3.7889e+00 +9.1245e-01 -1.1339e+00 +3.1135e+00 -1.6559e+00 -2.3271e+00 +3.2933e+00 +2.1305e+00 +1.7255e+00 +3.8743e+00
6047 +1.231902758e-08 +1.231902758e-08 +2.175000001e+01 +2.175000001e+01 +3.7713e+00 +8.9568e-01 -1.1005e+00 +3.0775e+00 -1.6718e+00 -2.3721e+00 +3.3189e+00 +2.1375e+00 +1.7289e+00 +3.8525e+00
6067 +5.469537712e-09 +5.469537712e-09 +2.175000001e+01 +2.175000001e+01 +3.7551e+00 +8.9470e-01 -1.1112e+00 +3.0818e+00 -1.6838e+00 -2.3979e+00 +3.3019e+00 +2.1285e+00 +1.7244e+00 +3.8718e+00
% function evaluation | noise-free fitness - Fopt (2.175000000000e+01) | best noise-free fitness - Fopt | measured fitness | best measured fitness | x1 | x2...
1 +7.923046301e+02 +7.923046301e+02 +8.140546301e+02 +8.140546301e+02 +3.3399e+00 -1.8081e-01 +1.4043e+00 +2.4578e+00 -3.6128e+00 -3.1293e+00 -3.1947e+00 -2.8153e+00 +7.9772e-01 -3.0553e+00
7 +5.213986386e+02 +5.213986386e+02 +5.431486386e+02 +5.431486386e+02 +3.4938e+00 +1.0973e+00 +3.0634e+00 +3.6766e+00 -1.7988e+00 -2.4147e+00 -2.3681e+00 -2.4397e+00 -2.0282e+00 -5.9483e-01
12 +3.840017032e+02 +3.840017032e+02 +4.057517032e+02 +4.057517032e+02 +6.3518e+00 -5.0452e-01 +1.5007e+00 +4.7352e+00 -4.2862e+00 +3.3265e-01 +1.4527e+00 +1.7612e-01 +2.5700e+00 -1.5269e+00
37 +1.687161681e+02 +1.687161681e+02 +1.904661681e+02 +1.904661681e+02 +1.9790e+00 +6.9068e-01 +3.9444e+00 +4.9648e+00 -5.2943e+00 -5.8392e-01 +1.3062e+00 -1.3885e-01 -4.4410e-01 +8.3685e-01
51 +1.030702752e+02 +1.030702752e+02 +1.248202752e+02 +1.248202752e+02 +6.8625e+00 -9.7956e-01 +5.5364e+00 +3.1268e+00 -1.5140e+00 -1.8359e+00 +1.9520e+00 +1.6838e+00 +2.6065e+00 +2.6976e+00
100 +8.894159531e+01 +8.894159531e+01 +1.106915953e+02 +1.106915953e+02 +7.2719e+00 -1.7705e+00 +6.4251e-01 +5.8556e+00 -4.8005e+00 +6.6747e-01 +4.3803e+00 +2.0820e+00 -1.7111e-01 +6.8487e-01
173 +5.397659164e+01 +5.397659164e+01 +7.572659164e+01 +7.572659164e+01 +6.7927e+00 -5.9496e-01 -1.0327e+00 +5.5310e+00 -6.8515e+00 -9.3742e-01 +5.1956e+00 -1.5162e-01 +1.8581e-01 +2.6379e+00
256 +3.753345791e+01 +3.753345791e+01 +5.928345791e+01 +5.928345791e+01 +6.2686e+00 +6.7379e-01 -1.7366e+00 +5.0132e+00 -6.9121e+00 -1.2980e+00 +4.6455e+00 -1.1492e+00 -5.9787e-01 +2.7790e+00
293 +2.411180745e+01 +2.411180745e+01 +4.586180745e+01 +4.586180745e+01 +4.7127e+00 +1.6187e-01 -1.3990e+00 +5.0072e+00 -5.5385e+00 -1.9214e+00 +4.7317e+00 -1.3528e-01 -1.6500e-01 +2.4399e+00
375 +7.048824061e+00 +7.048824061e+00 +2.879882406e+01 +2.879882406e+01 +4.5227e+00 +2.0877e-01 -3.6415e-01 +3.7772e+00 -3.7967e+00 -1.8477e+00 +4.0202e+00 +2.1036e+00 +6.4493e-01 +3.0479e+00
444 +6.276059844e+00 +6.276059844e+00 +2.802605984e+01 +2.802605984e+01 +4.3208e+00 +7.8802e-01 +1.5090e-01 +3.7672e+00 -3.3286e+00 -2.4779e+00 +3.2471e+00 +2.0450e+00 +1.2168e+00 +3.6698e+00
535 +3.257679261e+00 +3.257679261e+00 +2.500767926e+01 +2.500767926e+01 +3.3883e+00 +1.6741e-01 -4.1609e-01 +3.0758e+00 -2.3201e+00 -2.7958e+00 +3.6087e+00 +2.1675e+00 +1.6659e+00 +3.7368e+00
586 +1.220263692e+00 +1.220263692e+00 +2.297026369e+01 +2.297026369e+01 +4.1067e+00 +5.9495e-01 -1.3603e+00 +3.1738e+00 -1.8642e+00 -2.2958e+00 +3.5575e+00 +2.1842e+00 +1.6176e+00 +3.7209e+00
724 +9.144826527e-01 +9.144826527e-01 +2.266448265e+01 +2.266448265e+01 +3.7592e+00 +7.7249e-01 -1.2706e+00 +2.6872e+00 -1.0824e+00 -2.6858e+00 +3.2435e+00 +2.3799e+00 +2.2267e+00 +4.2016e+00
786 +5.420043613e-01 +5.420043613e-01 +2.229200436e+01 +2.229200436e+01 +3.4688e+00 +1.0102e+00 -1.1987e+00 +2.6400e+00 -1.1567e+00 -2.6738e+00 +3.1453e+00 +2.4455e+00 +2.1056e+00 +4.1519e+00
925 +3.938013416e-01 +3.938013416e-01 +2.214380134e+01 +2.214380134e+01 +3.4610e+00 +9.7207e-01 -1.1186e+00 +2.7418e+00 -1.1330e+00 -2.6611e+00 +3.0931e+00 +2.3512e+00 +2.0796e+00 +4.0754e+00
5156 +1.774444388e-01 +1.774444388e-01 +2.192744444e+01 +2.192744444e+01 +4.0838e+00 +7.9528e-01 -9.9474e-01 +3.1818e+00 -1.5623e+00 -2.3298e+00 +3.3777e+00 +2.2260e+00 +1.7835e+00 +3.7945e+00
5516 +1.234816043e-01 +1.234816043e-01 +2.187348160e+01 +2.187348160e+01 +3.9418e+00 +9.4033e-01 -1.1561e+00 +3.0904e+00 -1.7399e+00 -2.3578e+00 +3.2986e+00 +2.0081e+00 +1.7140e+00 +3.9545e+00
5550 +9.765972638e-02 +9.765972638e-02 +2.184765973e+01 +2.184765973e+01 +3.9008e+00 +9.3482e-01 -1.0811e+00 +3.0610e+00 -1.6423e+00 -2.4862e+00 +3.2907e+00 +2.1601e+00 +1.8106e+00 +3.9681e+00
5604 +4.244480799e-02 +4.244480799e-02 +2.179244481e+01 +2.179244481e+01 +3.7442e+00 +9.1098e-01 -1.1064e+00 +3.0634e+00 -1.6439e+00 -2.3350e+00 +3.1965e+00 +2.0829e+00 +1.7677e+00 +3.8930e+00
5652 +2.977540536e-02 +2.977540536e-02 +2.177977541e+01 +2.177977541e+01 +3.6121e+00 +8.5605e-01 -1.0552e+00 +3.0578e+00 -1.6324e+00 -2.4893e+00 +3.2702e+00 +2.2115e+00 +1.7611e+00 +3.8838e+00
5796 +3.981218590e-07 +3.981218590e-07 +2.175000040e+01 +2.175000040e+01 +3.7728e+00 +9.1215e-01 -1.0838e+00 +3.0863e+00 -1.6443e+00 -2.3548e+00 +3.3034e+00 +2.1553e+00 +1.7190e+00 +3.8676e+00
5966 +3.140990295e-07 +3.140990295e-07 +2.175000031e+01 +2.175000031e+01 +3.8006e+00 +8.9592e-01 -1.0813e+00 +3.1049e+00 -1.6721e+00 -2.3636e+00 +3.3021e+00 +2.1612e+00 +1.7031e+00 +3.8491e+00
6098 +1.092327615e-07 +1.092327615e-07 +2.175000011e+01 +2.175000011e+01 +3.7522e+00 +8.8941e-01 -1.0977e+00 +3.0934e+00 -1.6887e+00 -2.3662e+00 +3.3075e+00 +2.1490e+00 +1.6944e+00 +3.8426e+00
6127 +2.960393175e-08 +2.960393175e-08 +2.175000003e+01 +2.175000003e+01 +3.7307e+00 +8.7066e-01 -1.1066e+00 +3.0780e+00 -1.6919e+00 -2.3846e+00 +3.3153e+00 +2.1565e+00 +1.7139e+00 +3.8518e+00
6236 +1.496633217e-08 +1.496633217e-08 +2.175000001e+01 +2.175000001e+01 +3.7802e+00 +8.8915e-01 -1.1317e+00 +3.0978e+00 -1.6804e+00 -2.3381e+00 +3.2775e+00 +2.1464e+00 +1.7127e+00 +3.8647e+00
6337 +1.639964609e-09 +1.639964609e-09 +2.175000000e+01 +2.175000000e+01 +3.7867e+00 +8.9274e-01 -1.1261e+00 +3.0906e+00 -1.6771e+00 -2.3529e+00 +3.2868e+00 +2.1435e+00 +1.7223e+00 +3.8675e+00
% function evaluation | noise-free fitness - Fopt (2.175000000000e+01) | best noise-free fitness - Fopt | measured fitness | best measured fitness | x1 | x2...
1 +7.702673536e+02 +7.702673536e+02 +7.920173536e+02 +7.920173536e+02 -1.9637e+00 -1.1973e+00 +9.4166e-01 +1.0796e+00 -3.6126e+00 +2.9988e-01 -2.8171e+00 +2.8956e+00 +3.9765e+00 -1.3497e+00
6 +5.297162315e+02 +5.297162315e+02 +5.514662315e+02 +5.514662315e+02 -2.3164e+00 -2.2435e+00 -1.9094e+00 -6.7458e-01 -4.2082e+00 +2.2365e+00 +1.3722e-02 +1.2364e+00 +1.7179e+00 +2.2297e-01
19 +2.168307232e+02 +2.168307232e+02 +2.385807232e+02 +2.385807232e+02 -3.6298e+00 +1.3258e+00 -4.5962e-01 +1.6555e+00 -2.3239e+00 -4.5788e+00 +2.2768e+00 +3.4484e+00 +2.5594e+00 +3.1167e-01
22 +1.469246773e+02 +1.469246773e+02 +1.686746773e+02 +1.686746773e+02 -2.8588e+00 -4.0948e-01 -1.4826e+00 +3.8353e+00 -2.6338e+00 -4.0961e-01 +3.2086e+00 +5.0413e+00 +9.0780e-01 +1.2122e+00
77 +7.586900045e+01 +7.586900045e+01 +9.761900045e+01 +9.761900045e+01 -3.7554e+00 +2.9313e+00 -3.1697e+00 +3.5570e+00 -2.6429e+00 -4.3602e+00 +2.5439e+00 +2.1078e+00 +4.2799e-01 +4.2541e+00
94 +5.760236442e+01 +5.760236442e+01 +7.935236442e+01 +7.935236442e+01 -3.2107e+00 -6.5954e-01 -1.4706e+00 +4.9928e-01 -3.6667e+00 -3.8152e+00 +3.8973e+00 +3.0669e+00 +1.2669e+00 +3.4154e+00
200 +3.835164530e+01 +3.835164530e+01 +6.010164530e+01 +6.010164530e+01 -1.2781e+00 +6.4115e-01 -2.4526e+00 +1.7394e+00 -2.8006e+00 -2.7425e+00 +2.8886e+00 +2.0128e+00 +2.2787e+00 +3.3081e+00
258 +2.511163107e+01 +2.511163107e+01 +4.686163107e+01 +4.686163107e+01 -2.4004e+00 +1.5632e+00 -2.6719e+00 +1.2381e+00 -2.3830e+00 -3.8695e+00 +2.9549e+00 +1.6449e+00 +1.6777e+00 +3.2705e+00
318 +1.424683607e+01 +1.424683607e+01 +3.599683607e+01 +3.599683607e+01 -5.7171e-01 +1.8541e+00 -1.7210e+00 +2.2463e+00 -1.6344e+00 -3.3421e+00 +2.9383e+00 +2.2387e+00 +1.5436e+00 +3.9938e+00
370 +9.483114501e+00 +9.483114501e+00 +3.123311450e+01 +3.123311450e+01 -6.8074e-01 +8.8167e-01 -1.4196e+00 +2.0816e+00 -1.4566e+00 -3.3391e+00 +3.1665e+00 +2.6769e+00 +1.7207e+00 +3.9869e+00
441 +4.754458334e+00 +4.754458334e+00 +2.650445833e+01 +2.650445833e+01 +1.2986e+00 +1.2058e+00 -1.5340e+00 +2.0768e+00 -8.5350e-01 -3.2509e+00 +3.3501e+00 +2.9660e+00 +2.1080e+00 +4.1910e+00
545 +3.620941014e+00 +3.620941014e+00 +2.537094101e+01 +2.537094101e+01 +2.7436e+00 +1.1401e+00 -1.1714e+00 +2.2683e+00 -1.6707e-01 -3.0564e+00 +2.8355e+00 +2.7510e+00 +2.5424e+00 +4.4779e+00
952 +2.340583269e+00 +2.340583269e+00 +2.409058327e+01 +2.409058327e+01 +2.3290e+00 +1.0277e+00 -1.3569e+00 +2.5871e+00 -3.7444e-01 -2.9020e+00 +3.1542e+00 +2.6690e+00 +2.3273e+00 +4.1132e+00
2588 +1.369575403e+00 +1.369575403e+00 +2.311957540e+01 +2.311957540e+01 +3.1665e+00 +1.1657e+00 -1.3591e+00 +3.0715e+00 -2.2211e+00 -2.5602e+00 +3.5271e+00 +1.9655e+00 +1.5112e+00 +3.8783e+00
2665 +8.325375377e-01 +8.325375377e-01 +2.258253754e+01 +2.258253754e+01 +3.1014e+00 +8.3361e-01 -1.5194e+00 +3.1024e+00 -2.1457e+00 -2.4763e+00 +3.3733e+00 +1.9632e+00 +1.5843e+00 +3.7603e+00
2893 +6.031346171e-01 +6.031346171e-01 +2.235313462e+01 +2.235313462e+01 +3.0941e+00 +9.2711e-01 -1.2079e+00 +3.0046e+00 -2.3295e+00 -2.6283e+00 +3.4047e+00 +1.9949e+00 +1.5356e+00 +3.7860e+00
5309 +2.732601268e-01 +2.732601268e-01 +2.202326013e+01 +2.202326013e+01 +3.7071e+00 +7.0696e-01 -9.4035e-01 +2.9142e+00 -1.4603e+00 -2.4770e+00 +3.2506e+00 +2.2472e+00 +1.7850e+00 +3.8968e+00
5361 +1.707836695e-01 +1.707836695e-01 +2.192078367e+01 +2.192078367e+01 +3.6740e+00 +8.6936e-01 -9.7740e-01 +3.0915e+00 -1.5671e+00 -2.4454e+00 +3.3845e+00 +2.3722e+00 +1.6541e+00 +3.9064e+00
5382 +1.141380988e-01 +1.141380988e-01 +2.186413810e+01 +2.186413810e+01 +3.5416e+00 +7.3900e-01 -8.9071e-01 +3.0245e+00 -1.6842e+00 -2.4993e+00 +3.3489e+00 +2.2854e+00 +1.7363e+00 +3.7724e+00
5450 +7.566406350e-02 +7.566406350e-02 +2.182566406e+01 +2.182566406e+01 +3.5925e+00 +8.1994e-01 -9.6956e-01 +3.0679e+00 -1.7017e+00 -2.3897e+00 +3.3364e+00 +2.2450e+00 +1.6608e+00 +3.7931e+00
5659 +1.797166978e-02 +1.797166978e-02 +2.176797167e+01 +2.176797167e+01 +3.7636e+00 +9.3827e-01 -1.1008e+00 +3.1077e+00 -1.6897e+00 -2.3131e+00 +3.3213e+00 +2.1649e+00 +1.6972e+00 +3.8159e+00
5832 +5.295956644e-03 +5.295956644e-03 +2.175529596e+01 +2.175529596e+01 +3.7566e+00 +8.7104e-01 -1.0972e+00 +3.0872e+00 -1.6564e+00 -2.3842e+00 +3.2814e+00 +2.1373e+00 +1.7159e+00 +3.8627e+00
6087 +7.079258424e-08 +7.079258424e-08 +2.175000007e+01 +2.175000007e+01 +3.7719e+00 +8.9385e-01 -1.1079e+00 +3.0670e+00 -1.6849e+00 -2.3510e+00 +3.3237e+00 +2.1415e+00 +1.7233e+00 +3.8642e+00
6172 +6.079561388e-08 +6.079561388e-08 +2.175000006e+01 +2.175000006e+01 +3.7756e+00 +8.8134e-01 -1.0997e+00 +3.0937e+00 -1.6823e+00 -2.3621e+00 +3.3034e+00 +2.1246e+00 +1.7108e+00 +3.8368e+00
6228 +2.966306312e-09 +2.966306312e-09 +2.175000000e+01 +2.175000000e+01 +3.7519e+00 +8.7686e-01 -1.0974e+00 +3.0801e+00 -1.7179e+00 -2.3657e+00 +3.3111e+00 +2.1514e+00 +1.7037e+00 +3.8523e+00
% function evaluation | noise-free fitness - Fopt (6.479000000000e+01) | best noise-free fitness - Fopt | measured fitness | best measured fitness | x1 | x2...
1 +6.431101967e+02 +6.431101967e+02 +7.079001967e+02 +7.079001967e+02 +3.7618e+00 -1.2762e+00 +1.4741e+00 -3.5821e-01 +6.2287e-01 +2.7166e+00 -1.0083e+00 -1.1823e+00 +2.1627e+00 +1.4508e+00
16 +5.897561411e+02 +5.897561411e+02 +6.545461411e+02 +6.545461411e+02 +3.1009e+00 +5.8252e-01 +3.4616e+00 -1.1604e+00 +3.1112e+00 +4.8486e+00 -1.2547e+00 +1.6491e+00 -2.8489e-02 -3.7298e-01
26 +3.546633796e+02 +3.546633796e+02 +4.194533796e+02 +4.194533796e+02 +4.5821e+00 -1.4894e+00 +1.0445e+00 -1.3370e+00 +4.2595e+00 +2.1176e+00 -1.4554e+00 +1.1383e+00 -3.6216e+00 +1.1793e-01
58 +2.110516141e+02 +2.110516141e+02 +2.758416141e+02 +2.758416141e+02 +1.7057e+00 -4.3236e+00 -7.5436e-01 +3.7786e-01 +3.0015e+00 +8.7403e-01 -2.1943e+00 +1.4343e+00 +4.3137e+00 +1.6552e+00
89 +1.332011035e+02 +1.332011035e+02 +1.979911035e+02 +1.979911035e+02 -1.5362e+00 -4.8775e-01 -4.2413e-01 -9.7652e-01 +1.2400e+00 -1.4280e-01 -3.9286e+00 +4.6502e+00 -1.9056e+00 +2.3536e+00
110 +9.446057980e+01 +9.446057980e+01 +1.592505798e+02 +1.592505798e+02 -1.3533e+00 -6.0105e-01 +1.5415e+00 +1.3626e-01 +3.0294e+00 -4.3723e-01 -2.5583e+00 +1.8828e+00 -1.3303e+00 -4.9066e-01
118 +5.891062814e+01 +5.891062814e+01 +1.237006281e+02 +1.237006281e+02 -2.5222e+00 -9.3451e-01 +7.4873e-02 -1.1412e-01 +9.4444e-01 -3.0945e+00 -4.3190e+00 +3.4344e+00 -1.7273e+00 -1.1095e-01
130 +3.194789920e+01 +3.194789920e+01 +9.673789920e+01 +9.673789920e+01 -1.7915e+00 +4.5349e-01 -1.1833e+00 +2.5729e-01 +1.7998e-01 -1.8296e+00 -3.6988e+00 +6.5888e-01 -1.5031e+00 +2.3377e+00
164 +1.366113042e+01 +1.366113042e+01 +7.845113042e+01 +7.845113042e+01 -3.0464e+00 -3.6249e+00 -3.2215e+00 -1.1920e+00 +1.2728e+00 -1.9952e+00 -5.6544e+00 +2.7103e-01 -3.7309e+00 +1.6150e+00
313 +6.479668832e+00 +6.479668832e+00 +7.126966883e+01 +7.126966883e+01 -2.1421e+00 -1.3120e+00 -1.5463e+00 +8.1971e-01 -1.1905e-01 -2.6234e+00 -4.7584e+00 +4.5985e-01 -3.0051e+00 +2.2402e+00
350 +6.027711385e+00 +6.027711385e+00 +7.081771139e+01 +7.081771139e+01 -1.5691e+00 -2.1200e+00 -8.6965e-01 +9.9417e-01 +2.7759e-01 -1.7493e+00 -4.6413e+00 +2.7136e-01 -2.1360e+00 +1.7824e+00
380 +2.613499530e+00 +2.613499530e+00 +6.740349953e+01 +6.740349953e+01 -7.7766e-01 -1.7561e+00 -7.4703e-01 +1.4568e+00 -7.7473e-02 -3.2274e+00 -4.0642e+00 -1.2488e-01 -3.5423e+00 +2.9553e+00
453 +1.789964177e+00 +1.789964177e+00 +6.657996418e+01 +6.657996418e+01 -1.2357e+00 -1.6642e+00 +1.4261e-01 +1.7446e+00 -3.6416e-01 -2.9161e+00 -3.8101e+00 +2.5436e-01 -4.0019e+00 +2.7196e+00
482 +1.376171655e+00 +1.376171655e+00 +6.616617165e+01 +6.616617165e+01 -1.0951e+00 -1.5974e+00 +4.0213e-01 +1.8560e+00 -4.3402e-01 -3.0437e+00 -3.6956e+00 +1.1211e-01 -3.9782e+00 +2.7008e+00
575 +7.681586748e-01 +7.681586748e-01 +6.555815867e+01 +6.555815867e+01 -1.8995e+00 -1.7789e+00 +2.1768e-01 +1.5345e+00 -2.7918e-01 -2.9772e+00 -3.8525e+00 -1.4805e-01 -3.6599e+00 +2.6962e+00
746 +5.304662344e-01 +5.304662344e-01 +6.532046623e+01 +6.532046623e+01 -1.8221e+00 -1.6612e+00 -1.4277e-02 +1.4770e+00 -4.4379e-01 -2.9934e+00 -3.8983e+00 +5.9622e-02 -3.7191e+00 +2.5262e+00
830 +3.892055962e-01 +3.892055962e-01 +6.517920560e+01 +6.517920560e+01 -1.7146e+00 -1.7501e+00 +1.6330e-01 +1.6788e+00 -4.8305e-01 -3.0637e+00 -3.8019e+00 -5.5412e-03 -3.7698e+00 +2.4925e+00
872 +2.187972320e-01 +2.187972320e-01 +6.500879723e+01 +6.500879723e+01 -1.7217e+00 -1.7911e+00 +1.2988e-01 +1.4747e+00 -3.3416e-01 -3.0384e+00 -3.7736e+00 +8.0783e-02 -3.6781e+00 +2.6105e+00
917 +1.491975619e-01 +1.491975619e-01 +6.493919756e+01 +6.493919756e+01 -1.8355e+00 -1.7946e+00 +1.0595e-01 +1.4646e+00 -2.8829e-01 -3.0011e+00 -3.7961e+00 +4.6711e-02 -3.6693e+00 +2.5295e+00
994 +9.106167216e-02 +9.106167216e-02 +6.488106167e+01 +6.488106167e+01 -1.8371e+00 -1.8741e+00 +7.3891e-02 +1.5011e+00 -3.3590e-01 -3.0225e+00 -3.7729e+00 -9.1286e-02 -3.6771e+00 +2.5973e+00
1039 +5.272488797e-02 +5.272488797e-02 +6.484272489e+01 +6.484272489e+01 -1.8182e+00 -2.0093e+00 -2.0154e-02 +1.4748e+00 -3.5062e-01 -3.0594e+00 -3.8699e+00 -1.0971e-01 -3.6240e+00 +2.5716e+00
1055 +3.448089606e-02 +3.448089606e-02 +6.482448090e+01 +6.482448090e+01 -1.8356e+00 -1.9861e+00 -2.6639e-02 +1.4021e+00 -3.0715e-01 -3.0367e+00 -3.8722e+00 -9.4934e-02 -3.6132e+00 +2.5979e+00
1059 +1.831005014e-02 +1.831005014e-02 +6.480831005e+01 +6.480831005e+01 -1.7894e+00 -2.0023e+00 -2.5968e-02 +1.4710e+00 -3.5126e-01 -3.0234e+00 -3.8530e+00 -1.0449e-01 -3.5363e+00 +2.6017e+00
6294 +1.325744048e-02 +1.325744048e-02 +6.480325744e+01 +6.480325744e+01 -1.8382e+00 -2.0507e+00 -6.4123e-02 +1.3984e+00 -2.5219e-01 -2.9729e+00 -3.9034e+00 -9.2140e-02 -3.5256e+00 +2.5204e+00
6531 +1.558439777e-07 +1.558439777e-07 +6.479000016e+01 +6.479000016e+01 -1.8493e+00 -2.0883e+00 -1.0723e-01 +1.3938e+00 -2.7251e-01 -3.0016e+00 -3.9514e+00 -5.1194e-02 -3.4723e+00 +2.5603e+00
6727 +7.197272112e-09 +7.197272112e-09 +6.479000001e+01 +6.479000001e+01 -1.8366e+00 -2.0975e+00 -1.0622e-01 +1.4070e+00 -2.7734e-01 -2.9726e+00 -3.9383e+00 -6.6396e-02 -3.4807e+00 +2.5513e+00
% function evaluation | noise-free fitness - Fopt (6.479000000000e+01) | best noise-free fitness - Fopt | measured fitness | best measured fitness | x1 | x2...
1 +6.369941266e+02 +6.369941266e+02 +7.017841266e+02 +7.017841266e+02 -2.4912e+00 +3.7088e+00 +3.1629e+00 -2.7415e+00 +1.2533e+00 -2.3352e-01 -2.7878e+00 +1.2303e+00 +3.3501e+00 +3.1267e+00
4 +3.638812982e+02 +3.638812982e+02 +4.286712982e+02 +4.286712982e+02 +6.6574e-01 +3.2331e+00 +3.1062e+00 +1.8844e-01 +5.1313e-01 -9.3047e-01 -4.1588e+00 +5.0307e+00 +2.8889e+00 +1.9872e+00
14 +2.074270416e+02 +2.074270416e+02 +2.722170416e+02 +2.722170416e+02 -1.8787e+00 +9.6485e-01 +2.6401e+00 -1.1460e+00 +2.2074e+00 +1.5900e+00 -4.7188e+00 +4.1433e+00 -3.6359e-01 +2.1936e-01
60 +1.541129301e+02 +1.541129301e+02 +2.189029301e+02 +2.189029301e+02 -6.1137e+00 +3.7556e+00 +2.2749e+00 +1.4587e+00 -1.1365e+00 -6.5555e-01 -2.5835e+00 +4.7541e+00 -1.5000e+00 +9.7432e-01
105 +6.476237305e+01 +6.476237305e+01 +1.295523731e+02 +1.295523731e+02 -4.4727e+00 +1.7017e+00 +1.1131e+00 +7.1155e-01 +4.3213e-01 -2.7180e-01 -3.9191e+00 +2.5956e+00 -3.2373e+00 +8.8454e-01
171 +3.255853700e+01 +3.255853700e+01 +9.734853700e+01 +9.734853700e+01 -4.4037e+00 -1.1660e+00 +1.0163e+00 +1.1241e-02 -4.9372e-01 -1.2929e+00 -3.8696e+00 +2.4214e+00 -4.2606e+00 +9.8466e-02
242 +2.303099169e+01 +2.303099169e+01 +8.782099169e+01 +8.782099169e+01 -3.4351e+00 -2.3441e+00 +2.1842e+00 +2.0325e+00 -3.8663e-01 -4.0839e+00 -2.9864e+00 +2.1162e-01 -4.1656e+00 +2.1684e+00
248 +9.526828075e+00 +9.526828075e+00 +7.431682807e+01 +7.431682807e+01 -3.1040e+00 -2.4073e+00 +1.6309e+00 +1.3097e+00 -1.8735e-01 -3.3350e+00 -2.8145e+00 -9.0609e-01 -3.5222e+00 +2.4247e+00
387 +6.201555812e+00 +6.201555812e+00 +7.099155581e+01 +7.099155581e+01 -1.5112e+00 -1.4280e+00 +5.9629e-01 +1.6940e+00 +2.2832e-02 -3.0047e+00 -3.1488e+00 -1.3079e-01 -3.5143e+00 +2.4715e+00
432 +3.205413296e+00 +3.205413296e+00 +6.799541330e+01 +6.799541330e+01 -1.6025e+00 -1.3568e+00 +9.8715e-01 +2.2126e+00 -1.2878e+00 -3.4894e+00 -3.6714e+00 -6.3149e-02 -4.3893e+00 +2.6725e+00
472 +2.392598135e+00 +2.392598135e+00 +6.718259813e+01 +6.718259813e+01 -1.2213e+00 -1.1820e+00 +6.7245e-01 +2.1491e+00 -6.8420e-01 -3.0961e+00 -3.3155e+00 +3.6824e-01 -4.2501e+00 +2.8786e+00
625 +1.228561956e+00 +1.228561956e+00 +6.601856196e+01 +6.601856196e+01 -1.9786e+00 -1.6802e+00 +6.2136e-01 +1.9644e+00 -4.5142e-01 -2.9203e+00 -3.6313e+00 +2.8441e-01 -3.7584e+00 +2.4189e+00
678 +9.271620853e-01 +9.271620853e-01 +6.571716209e+01 +6.571716209e+01 -1.8716e+00 -1.7979e+00 +7.9838e-01 +1.9758e+00 -5.7787e-01 -2.8378e+00 -3.5925e+00 +2.6306e-01 -3.6163e+00 +2.4545e+00
2569 +6.175690779e-01 +6.175690779e-01 +6.540756908e+01 +6.540756908e+01 -2.3745e+00 -2.5139e+00 -2.3998e-01 +1.0512e+00 +5.0226e-02 -2.7747e+00 -4.0399e+00 -7.6980e-02 -3.0469e+00 +2.4439e+00
2633 +3.459544187e-01 +3.459544187e-01 +6.513595442e+01 +6.513595442e+01 -2.0165e+00 -2.0913e+00 -2.8638e-01 +1.1433e+00 -1.0342e-01 -2.9902e+00 -3.9521e+00 +1.3966e-03 -3.4860e+00 +2.6174e+00
2695 +2.463957070e-01 +2.463957070e-01 +6.503639571e+01 +6.503639571e+01 -2.0598e+00 -2.3660e+00 -2.3463e-01 +1.1626e+00 -7.8014e-02 -2.9510e+00 -4.0211e+00 -1.5642e-01 -3.3718e+00 +2.5368e+00
2708 +1.566387528e-01 +1.566387528e-01 +6.494663875e+01 +6.494663875e+01 -1.9513e+00 -2.2879e+00 -2.0686e-01 +1.2612e+00 -1.9735e-01 -2.9945e+00 -3.9498e+00 -1.9841e-01 -3.4662e+00 +2.6538e+00
2716 +9.385722244e-02 +9.385722244e-02 +6.488385722e+01 +6.488385722e+01 -2.0739e+00 -2.1255e+00 -2.4612e-01 +1.2291e+00 -1.7968e-01 -2.9211e+00 -3.9521e+00 -1.3912e-01 -3.3655e+00 +2.5961e+00
2725 +5.534602711e-02 +5.534602711e-02 +6.484534603e+01 +6.484534603e+01 -2.0127e+00 -2.2200e+00 -2.6859e-01 +1.2019e+00 -1.8768e-01 -2.8712e+00 -4.0126e+00 -8.0348e-02 -3.3826e+00 +2.5186e+00
2955 +3.514316630e-02 +3.514316630e-02 +6.482514317e+01 +6.482514317e+01 -1.8051e+00 -2.0311e+00 -1.9556e-01 +1.3151e+00 -2.5799e-01 -2.9528e+00 -3.9701e+00 -2.9681e-02 -3.5544e+00 +2.5596e+00
2961 +2.496222797e-02 +2.496222797e-02 +6.481496223e+01 +6.481496223e+01 -1.8526e+00 -2.1899e+00 -1.9849e-01 +1.3124e+00 -2.6210e-01 -2.9957e+00 -3.9787e+00 -1.9921e-02 -3.4746e+00 +2.5127e+00
3015 +1.163510910e-02 +1.163510910e-02 +6.480163511e+01 +6.480163511e+01 -1.8597e+00 -2.1210e+00 -8.5858e-02 +1.3538e+00 -2.3783e-01 -2.9872e+00 -3.9111e+00 -1.1185e-01 -3.5003e+00 +2.5342e+00
3035 +9.834620926e-03 +9.834620926e-03 +6.479983462e+01 +6.479983462e+01 -1.8670e+00 -2.1048e+00 -9.5854e-02 +1.3781e+00 -2.4122e-01 -2.9906e+00 -3.9196e+00 -1.1928e-01 -3.4641e+00 +2.5716e+00
3161 +3.607739387e-07 +3.607739387e-07 +6.479000036e+01 +6.479000036e+01 -1.8465e+00 -2.1255e+00 -8.2760e-02 +1.3737e+00 -2.6566e-01 -2.9875e+00 -3.9181e+00 -9.5280e-02 -3.4975e+00 +2.5712e+00
3268 +1.778905414e-07 +1.778905414e-07 +6.479000018e+01 +6.479000018e+01 -1.8313e+00 -2.1119e+00 -9.6081e-02 +1.3782e+00 -2.6130e-01 -2.9881e+00 -3.9285e+00 -7.4238e-02 -3.4955e+00 +2.5478e+00
3304 +4.926590691e-09 +4.926590691e-09 +6.479000000e+01 +6.479000000e+01 -1.8473e+00 -2.1208e+00 -1.1225e-01 +1.3644e+00 -2.4944e-01 -2.9777e+00 -3.9452e+00 -9.4471e-02 -3.4805e+00 +2.5664e+00
% function evaluation | noise-free fitness - Fopt (6.479000000000e+01) | best noise-free fitness - Fopt | measured fitness | best measured fitness | x1 | x2...
1 +9.458960032e+02 +9.458960032e+02 +1.010686003e+03 +1.010686003e+03 -3.0003e+00 +3.5190e+00 -2.1088e+00 +1.1608e+00 +3.9276e+00 +1.5731e-01 +2.8913e+00 -1.5900e+00 -1.4847e-01 -1.0347e+00
7 +4.932369634e+02 +4.932369634e+02 +5.580269634e+02 +5.580269634e+02 -3.9491e+00 +4.3537e+00 -2.0347e+00 -9.7327e-01 +2.8681e+00 -2.1049e+00 -9.2018e-01 -3.1754e+00 -7.1505e-01 +1.1734e-01
22 +3.954742670e+02 +3.954742670e+02 +4.602642670e+02 +4.602642670e+02 -4.1627e+00 +4.9353e+00 -9.3879e-01 +1.1995e+00 +7.6706e-01 +1.8880e+00 +4.1845e-01 -1.8093e+00 -3.2287e+00 +6.1367e-01
42 +1.851391168e+02 +1.851391168e+02 +2.499291168e+02 +2.499291168e+02 -2.7115e+00 +3.0803e+00 -3.3309e+00 +1.4569e+00 +1.9534e+00 +4.0028e-01 -3.9216e+00 -2.3709e+00 +2.5150e-01 +2.6218e+00
68 +1.434511556e+02 +1.434511556e+02 +2.082411556e+02 +2.082411556e+02 -3.3237e+00 +4.0947e+00 +2.2528e-01 +2.3984e+00 -3.7089e-01 -1.8234e+00 -2.2955e+00 +2.6913e+00 -1.1501e+00 +1.8780e+00
80 +9.781376857e+01 +9.781376857e+01 +1.626037686e+02 +1.626037686e+02 -4.7509e+00 +2.6510e+00 -4.0178e-01 +1.2121e+00 -1.4866e-02 +1.1853e+00 -4.0268e+00 -2.0512e-01 -2.1853e+00 +3.1298e+00
163 +3.037478074e+01 +3.037478074e+01 +9.516478074e+01 +9.516478074e+01 -3.6339e+00 -4.9552e-01 -1.0156e-01 +1.6712e+00 -1.4366e+00 -3.0872e+00 -4.3791e+00 -4.2256e-02 -5.1786e+00 +2.7261e+00
279 +2.468622839e+01 +2.468622839e+01 +8.947622839e+01 +8.947622839e+01 -2.8421e+00 +1.1364e+00 -6.0449e-01 +9.4497e-01 -4.5782e-01 -3.3251e+00 -3.3003e+00 +3.9305e-01 -4.6973e+00 +2.9716e+00
346 +1.578228367e+01 +1.578228367e+01 +8.057228367e+01 +8.057228367e+01 -2.9667e+00 -5.5831e-01 +1.5289e+00 +6.7339e-01 +8.7581e-02 -3.2827e+00 -3.0337e+00 +4.6573e-01 -4.5310e+00 +2.8039e+00
441 +8.316754484e+00 +8.316754484e+00 +7.310675448e+01 +7.310675448e+01 -3.1555e+00 -9.7808e-01 +3.5620e-01 +7.9080e-01 -1.0934e-01 -2.7404e+00 -3.1651e+00 +3.0373e-01 -4.7245e+00 +2.7683e+00
496 +5.878464083e+00 +5.878464083e+00 +7.066846408e+01 +7.066846408e+01 -3.0026e+00 -1.6295e+00 +6.5571e-01 +8.9161e-01 +1.7243e-01 -2.8841e+00 -3.3474e+00 -7.5251e-03 -4.1292e+00 +2.2746e+00
556 +3.329298420e+00 +3.329298420e+00 +6.811929842e+01 +6.811929842e+01 -2.8085e+00 -1.8287e+00 +8.5984e-01 +1.3519e+00 -1.1981e-01 -2.6465e+00 -3.6574e+00 +6.6211e-01 -3.4280e+00 +2.0278e+00
640 +1.926227153e+00 +1.926227153e+00 +6.671622715e+01 +6.671622715e+01 -2.7436e+00 -2.2271e+00 -2.0074e-01 +5.7065e-01 +5.8159e-02 -2.4978e+00 -4.5201e+00 +4.5220e-01 -3.0507e+00 +1.6724e+00
686 +1.239311426e+00 +1.239311426e+00 +6.602931143e+01 +6.602931143e+01 -2.5837e+00 -2.3888e+00 -5.0637e-01 +9.2834e-01 -8.8479e-02 -2.6553e+00 -4.1296e+00 +2.1182e-01 -3.3275e+00 +2.1595e+00
742 +9.284657815e-01 +9.284657815e-01 +6.571846578e+01 +6.571846578e+01 -2.4932e+00 -2.5071e+00 -1.2373e-01 +8.8896e-01 -3.4315e-02 -2.8603e+00 -4.0411e+00 +4.5826e-02 -3.0163e+00 +2.0302e+00
2414 +5.595081656e-01 +5.595081656e-01 +6.534950817e+01 +6.534950817e+01 -1.9098e+00 -2.1120e+00 -2.7712e-01 +1.2631e+00 -2.5768e-01 -2.8028e+00 -4.1241e+00 -1.9781e-01 -3.2661e+00 +2.5712e+00
2602 +3.871239491e-01 +3.871239491e-01 +6.517712395e+01 +6.517712395e+01 -1.8485e+00 -2.0615e+00 -5.1276e-01 +1.4489e+00 -3.1260e-01 -3.0454e+00 -4.0321e+00 -2.7198e-01 -3.4473e+00 +2.8195e+00
5396 +2.198668575e-01 +2.198668575e-01 +6.500986686e+01 +6.500986686e+01 -1.7589e+00 -2.2769e+00 +5.0457e-02 +1.5772e+00 -3.2557e-01 -3.2098e+00 -3.8478e+00 -2.6607e-01 -3.5213e+00 +2.6834e+00
5546 +1.413895737e-01 +1.413895737e-01 +6.493138957e+01 +6.493138957e+01 -1.9002e+00 -1.8632e+00 +1.3224e-01 +1.4581e+00 -3.1858e-01 -2.9245e+00 -3.8024e+00 +4.9949e-02 -3.5904e+00 +2.5426e+00
5573 +9.265889758e-02 +9.265889758e-02 +6.488265890e+01 +6.488265890e+01 -1.8563e+00 -2.1615e+00 -6.6754e-02 +1.3519e+00 -2.4017e-01 -3.0190e+00 -3.8865e+00 -5.2915e-02 -3.5430e+00 +2.5178e+00
5800 +2.299760099e-02 +2.299760099e-02 +6.481299760e+01 +6.481299760e+01 -1.8128e+00 -2.1613e+00 -6.9133e-02 +1.4883e+00 -3.0434e-01 -3.0189e+00 -3.9175e+00 -1.0961e-01 -3.4882e+00 +2.5610e+00
6006 +1.450471712e-02 +1.450471712e-02 +6.480450472e+01 +6.480450472e+01 -1.9220e+00 -2.0309e+00 -1.1963e-01 +1.3740e+00 -2.5495e-01 -2.9720e+00 -3.9320e+00 -1.0789e-01 -3.4781e+00 +2.5938e+00
6043 +9.834620926e-03 +9.834620926e-03 +6.479983462e+01 +6.479983462e+01 -1.8740e+00 -2.0614e+00 -1.1017e-01 +1.3925e+00 -2.9983e-01 -2.9741e+00 -3.9494e+00 -3.0090e-02 -3.4814e+00 +2.5254e+00
6092 +4.318551134e-07 +4.318551134e-07 +6.479000043e+01 +6.479000043e+01 -1.8347e+00 -2.0821e+00 -7.9364e-02 +1.4067e+00 -2.5096e-01 -3.0021e+00 -3.8920e+00 -7.3613e-02 -3.4534e+00 +2.5336e+00
6302 +5.381608048e-08 +5.381608048e-08 +6.479000005e+01 +6.479000005e+01 -1.8602e+00 -2.1201e+00 -1.2123e-01 +1.3773e+00 -2.5189e-01 -2.9715e+00 -3.9236e+00 -7.6696e-02 -3.4709e+00 +2.5417e+00
6333 +2.382283526e-08 +2.382283526e-08 +6.479000002e+01 +6.479000002e+01 -1.8307e+00 -2.0911e+00 -1.1010e-01 +1.3922e+00 -2.5860e-01 -2.9915e+00 -3.9206e+00 -5.2981e-02 -3.4576e+00 +2.5471e+00
6520 +4.491184313e-09 +4.491184313e-09 +6.479000000e+01 +6.479000000e+01 -1.8629e+00 -2.0896e+00 -1.1359e-01 +1.4039e+00 -2.7134e-01 -2.9850e+00 -3.9228e+00 -7.0896e-02 -3.4773e+00 +2.5469e+00
