% function evaluation | noise-free fitness - Fopt (-1.694000000000e+01) | best noise-free fitness - Fopt | measured fitness | best measured fitness | x1 | x2...
1 +2.684810336e+01 +2.684810336e+01 +9.908103364e+00 +9.908103364e+00 -7.8667e-01 -1.1695e+00 +3.5329e-01
2 +1.733619011e+01 +1.733619011e+01 +3.961901074e-01 +3.961901074e-01 +3.0590e-01 +3.8263e-01 -9.3091e-01
3 +1.448114309e+01 +1.448114309e+01 -2.458856915e+00 -2.458856915e+00 -1.4163e+00 -6.7047e-01 -1.3260e+00
10 +8.574109297e+00 +8.574109297e+00 -8.365890703e+00 -8.365890703e+00 +6.4735e-01 -4.0597e-01 -2.1226e+00
37 +5.846306760e+00 +5.846306760e+00 -1.109369324e+01 -1.109369324e+01 +2.9284e+00 +2.4317e+00 -3.1732e+00
46 +2.819359708e+00 +2.819359708e+00 -1.412064029e+01 -1.412064029e+01 +3.8237e+00 +4.3012e+00 -1.7141e+00
53 +2.446434248e+00 +2.446434248e+00 -1.449356575e+01 -1.449356575e+01 +3.7105e+00 +2.2074e+00 -9.1445e-01
92 +1.215005761e+00 +1.215005761e+00 -1.572499424e+01 -1.572499424e+01 +4.2706e+00 +2.9158e+00 -1.8445e+00
97 +8.313429927e-01 +8.313429927e-01 -1.610865701e+01 -1.610865701e+01 +4.2039e+00 +2.7566e+00 -1.6206e+00
122 +6.197214219e-01 +6.197214219e-01 -1.632027858e+01 -1.632027858e+01 +3.8117e+00 +2.9909e+00 -1.7999e+00
201 +2.433624000e-01 +2.433624000e-01 -1.669663760e+01 -1.669663760e+01 +3.8703e+00 +2.8092e+00 -1.7296e+00
223 +1.494661394e-01 +1.494661394e-01 -1.679053386e+01 -1.679053386e+01 +3.6887e+00 +2.5814e+00 -1.5434e+00
241 +3.039748697e-02 +3.039748697e-02 -1.690960251e+01 -1.690960251e+01 +3.6428e+00 +2.5363e+00 -1.5294e+00
310 +2.401129187e-02 +2.401129187e-02 -1.691598871e+01 -1.691598871e+01 +3.6484e+00 +2.5401e+00 -1.5258e+00
329 +1.221663124e-02 +1.221663124e-02 -1.692778337e+01 -1.692778337e+01 +3.6585e+00 +2.5481e+00 -1.5253e+00
364 +3.652196984e-03 +3.652196984e-03 -1.693634780e+01 -1.693634780e+01 +3.6561e+00 +2.5518e+00 -1.5304e+00
402 +1.995865393e-03 +1.995865393e-03 -1.693800413e+01 -1.693800413e+01 +3.6557e+00 +2.5485e+00 -1.5293e+00
452 +1.435141247e-03 +1.435141247e-03 -1.693856486e+01 -1.693856486e+01 +3.6545e+00 +2.5476e+00 -1.5281e+00
482 +8.247311627e-04 +8.247311627e-04 -1.693917527e+01 -1.693917527e+01 +3.6553e+00 +2.5487e+00 -1.5289e+00
528 +6.287885726e-04 +6.287885726e-04 -1.693937121e+01 -1.693937121e+01 +3.6556e+00 +2.5489e+00 -1.5292e+00
602 +2.471904101e-04 +2.471904101e-04 -1.693975281e+01 -1.693975281e+01 +3.6558e+00 +2.5494e+00 -1.5295e+00
682 +1.109532178e-04 +1.109532178e-04 -1.693988905e+01 -1.693988905e+01 +3.6560e+00 +2.5496e+00 -1.5297e+00
706 +5.225481591e-05 +5.225481591e-05 -1.693994775e+01 -1.693994775e+01 +3.6560e+00 +2.5496e+00 -1.5296e+00
732 +3.769256201e-05 +3.769256201e-05 -1.693996231e+01 -1.693996231e+01 +3.6560e+00 +2.5496e+00 -1.5296e+00
796 +1.088778026e-05 +1.088778026e-05 -1.693998911e+01 -1.693998911e+01 +3.6560e+00 +2.5496e+00 -1.5296e+00
854 +1.062357491e-06 +1.062357491e-06 -1.693999894e+01 -1.693999894e+01 +3.6560e+00 +2.5496e+00 -1.5296e+00
884 +9.861215240e-07 +9.861215240e-07 -1.693999901e+01 -1.693999901e+01 +3.6560e+00 +2.5496e+00 -1.5296e+00
944 +5.324993495e-07 +5.324993495e-07 -1.693999947e+01 -1.693999947e+01 +3.6560e+00 +2.5496e+00 -1.5296e+00
987 +3.616733899e-07 +3.616733899e-07 -1.693999964e+01 -1.693999964e+01 +3.6560e+00 +2.5496e+00 -1.5296e+00
1041 +2.484091652e-07 +2.484091652e-07 -1.693999975e+01 -1.693999975e+01 +3.6560e+00 +2.5496e+00 -1.5296e+00
1065 +1.536865391e-07 +1.536865391e-07 -1.693999985e+01 -1.693999985e+01 +3.6560e+00 +2.5496e+00 -1.5296e+00
1095 +4.181037738e-08 +4.181037738e-08 -1.693999996e+01 -1.693999996e+01 +3.6560e+00 +2.5496e+00 -1.5296e+00
1126 +3.971189955e-08 +3.971189955e-08 -1.693999996e+01 -1.693999996e+01 +3.6560e+00 +2.5496e+00 -1.5296e+00
1144 +2.065254279e-08 +2.065254279e-08 -1.693999998e+01 -1.693999998e+01 +3.6560e+00 +2.5496e+00 -1.5296e+00
1149 +1.126412741e-08 +1.126412741e-08 -1.693999999e+01 -1.693999999e+01 +3.6560e+00 +2.5496e+00 -1.5296e+00
1171 +3.522419689e-09 +3.522419689e-09 -1.694000000e+01 -1.694000000e+01 +3.6560e+00 +2.5496e+00 -1.5296e+00
1178 +2.489699114e-09 +2.489699114e-09 -1.694000000e+01 -1.694000000e+01 +3.6560e+00 +2.5496e+00 -1.5296e+00
% function evaluation | noise-free fitness - Fopt (-1.694000000000e+01) | best noise-free fitness - Fopt | measured fitness | best measured fitness | x1 | x2...
1 +6.990308381e+01 +6.990308381e+01 +5.296308381e+01 +5.296308381e+01 -1.5962e+00 -3.9730e+00 -2.3339e+00
4 +1.245493938e+01 +1.245493938e+01 -4.485060624e+00 -4.485060624e+00 -1.8672e-01 +1.3003e-01 -5.3555e+00
39 +8.470829630e+00 +8.470829630e+00 -8.469170370e+00 -8.469170370e+00 +2.1953e+00 +1.0489e+00 -4.3099e+00
51 +3.633858360e+00 +3.633858360e+00 -1.330614164e+01 -1.330614164e+01 +3.3289e+00 +1.6049e+00 -3.2189e+00
63 +1.899172717e+00 +1.899172717e+00 -1.504082728e+01 -1.504082728e+01 +3.7476e+00 +2.3156e+00 -2.2970e+00
77 +6.726805205e-01 +6.726805205e-01 -1.626731948e+01 -1.626731948e+01 +3.7364e+00 +2.7420e+00 -1.3136e+00
212 +1.001672618e-01 +1.001672618e-01 -1.683983274e+01 -1.683983274e+01 +3.6596e+00 +2.5373e+00 -1.4857e+00
297 +8.890569252e-02 +8.890569252e-02 -1.685109431e+01 -1.685109431e+01 +3.6410e+00 +2.5780e+00 -1.5624e+00
349 +5.734226059e-02 +5.734226059e-02 -1.688265774e+01 -1.688265774e+01 +3.6636e+00 +2.5751e+00 -1.5457e+00
353 +2.676869155e-02 +2.676869155e-02 -1.691323131e+01 -1.691323131e+01 +3.6675e+00 +2.5729e+00 -1.5370e+00
368 +2.206719565e-02 +2.206719565e-02 -1.691793280e+01 -1.691793280e+01 +3.6404e+00 +2.5477e+00 -1.5209e+00
420 +1.249944704e-02 +1.249944704e-02 -1.692750055e+01 -1.692750055e+01 +3.6666e+00 +2.5598e+00 -1.5363e+00
457 +6.435074102e-03 +6.435074102e-03 -1.693356493e+01 -1.693356493e+01 +3.6599e+00 +2.5531e+00 -1.5344e+00
480 +2.632652699e-03 +2.632652699e-03 -1.693736735e+01 -1.693736735e+01 +3.6556e+00 +2.5496e+00 -1.5304e+00
528 +2.331432509e-03 +2.331432509e-03 -1.693766857e+01 -1.693766857e+01 +3.6545e+00 +2.5474e+00 -1.5280e+00
2043 +1.141096375e-03 +1.141096375e-03 -1.693885890e+01 -1.693885890e+01 +3.6556e+00 +2.5498e+00 -1.5293e+00
2113 +9.993551792e-04 +9.993551792e-04 -1.693900064e+01 -1.693900064e+01 +3.6557e+00 +2.5500e+00 -1.5294e+00
2123 +6.306637607e-04 +6.306637607e-04 -1.693936934e+01 -1.693936934e+01 +3.6553e+00 +2.5489e+00 -1.5290e+00
2146 +2.668120577e-04 +2.668120577e-04 -1.693973319e+01 -1.693973319e+01 +3.6559e+00 +2.5496e+00 -1.5296e+00
2239 +2.076620863e-04 +2.076620863e-04 -1.693979234e+01 -1.693979234e+01 +3.6561e+00 +2.5496e+00 -1.5296e+00
2260 +1.483399377e-04 +1.483399377e-04 -1.693985166e+01 -1.693985166e+01 +3.6560e+00 +2.5497e+00 -1.5296e+00
2354 +2.955916752e-05 +2.955916752e-05 -1.693997044e+01 -1.693997044e+01 +3.6560e+00 +2.5496e+00 -1.5296e+00
7063 +1.320156636e-05 +1.320156636e-05 -1.693998680e+01 -1.693998680e+01 +3.6560e+00 +2.5496e+00 -1.5296e+00
7160 +3.552745895e-06 +3.552745895e-06 -1.693999645e+01 -1.693999645e+01 +3.6560e+00 +2.5496e+00 -1.5296e+00
7342 +1.951788423e-06 +1.951788423e-06 -1.693999805e+01 -1.693999805e+01 +3.6560e+00 +2.5496e+00 -1.5296e+00
7355 +8.605103474e-07 +8.605103474e-07 -1.693999914e+01 -1.693999914e+01 +3.6560e+00 +2.5496e+00 -1.5296e+00
7489 +4.976089585e-07 +4.976089585e-07 -1.693999950e+01 -1.693999950e+01 +3.6560e+00 +2.5496e+00 -1.5296e+00
7553 +3.221612843e-07 +3.221612843e-07 -1.693999968e+01 -1.693999968e+01 +3.6560e+00 +2.5496e+00 -1.5296e+00
7634 +1.427586369e-07 +1.427586369e-07 -1.693999986e+01 -1.693999986e+01 +3.6560e+00 +2.5496e+00 -1.5296e+00
7671 +9.497226827e-08 +9.497226827e-08 -1.693999991e+01 -1.693999991e+01 +3.6560e+00 +2.5496e+00 -1.5296e+00
7785 +5.329966513e-08 +5.329966513e-08 -1.693999995e+01 -1.693999995e+01 +3.6560e+00 +2.5496e+00 -1.5296e+00
7835 +9.126779332e-09 +9.126779332e-09 -1.693999999e+01 -1.693999999e+01 +3.6560e+00 +2.5496e+00 -1.5296e+00
7851 +4.595015923e-09 +4.595015923e-09 -1.694000000e+01 -1.694000000e+01 +3.6560e+00 +2.5496e+00 -1.5296e+00
% function evaluation | noise-free fitness - Fopt (-1.694000000000e+01) | best noise-free fitness - Fopt | measured fitness | best measured fitness | x1 | x2...
1 +1.793882184e+01 +1.793882184e+01 +9.988218404e-01 +9.988218404e-01 +1.8527e+00 +2.5597e-01 +3.6271e+00
2 +1.075488153e+01 +1.075488153e+01 -6.185118467e+00 -6.185118467e+00 +2.4514e+00 +4.2940e+00 +7.4183e-01
19 +6.136825021e+00 +6.136825021e+00 -1.080317498e+01 -1.080317498e+01 +2.6610e+00 +3.4024e+00 -7.6377e-01
31 +3.499723359e+00 +3.499723359e+00 -1.344027664e+01 -1.344027664e+01 +4.4102e+00 +2.7592e+00 +4.5798e-01
48 +2.407059567e+00 +2.407059567e+00 -1.453294043e+01 -1.453294043e+01 +4.9391e+00 +3.9479e+00 -2.1529e+00
50 +1.390878942e+00 +1.390878942e+00 -1.554912106e+01 -1.554912106e+01 +4.0019e+00 +2.9992e+00 -1.0992e+00
114 +4.487224936e-02 +4.487224936e-02 -1.689512775e+01 -1.689512775e+01 +3.6294e+00 +2.5036e+00 -1.4988e+00
289 +3.851068534e-02 +3.851068534e-02 -1.690148931e+01 -1.690148931e+01 +3.6325e+00 +2.5346e+00 -1.5039e+00
306 +2.011039012e-02 +2.011039012e-02 -1.691988961e+01 -1.691988961e+01 +3.6591e+00 +2.5633e+00 -1.5395e+00
336 +1.170244879e-02 +1.170244879e-02 -1.692829755e+01 -1.692829755e+01 +3.6461e+00 +2.5388e+00 -1.5210e+00
531 +9.973573225e-03 +9.973573225e-03 -1.693002643e+01 -1.693002643e+01 +3.6358e+00 +2.5258e+00 -1.5109e+00
1814 +1.928501890e-03 +1.928501890e-03 -1.693807150e+01 -1.693807150e+01 +3.6548e+00 +2.5495e+00 -1.5297e+00
2027 +1.187017959e-03 +1.187017959e-03 -1.693881298e+01 -1.693881298e+01 +3.6563e+00 +2.5491e+00 -1.5296e+00
2076 +9.144830187e-04 +9.144830187e-04 -1.693908552e+01 -1.693908552e+01 +3.6562e+00 +2.5500e+00 -1.5298e+00
2094 +2.942791946e-04 +2.942791946e-04 -1.693970572e+01 -1.693970572e+01 +3.6559e+00 +2.5494e+00 -1.5295e+00
2097 +1.853397432e-04 +1.853397432e-04 -1.693981466e+01 -1.693981466e+01 +3.6559e+00 +2.5495e+00 -1.5295e+00
2188 +1.254485163e-04 +1.254485163e-04 -1.693987455e+01 -1.693987455e+01 +3.6559e+00 +2.5495e+00 -1.5295e+00
2255 +3.051512468e-05 +3.051512468e-05 -1.693996948e+01 -1.693996948e+01 +3.6560e+00 +2.5496e+00 -1.5296e+00
2288 +1.974962128e-05 +1.974962128e-05 -1.693998025e+01 -1.693998025e+01 +3.6560e+00 +2.5496e+00 -1.5296e+00
2364 +1.524688489e-05 +1.524688489e-05 -1.693998475e+01 -1.693998475e+01 +3.6560e+00 +2.5496e+00 -1.5296e+00
4985 +1.902726023e-06 +1.902726023e-06 -1.693999810e+01 -1.693999810e+01 +3.6560e+00 +2.5496e+00 -1.5296e+00
5082 +1.523738437e-06 +1.523738437e-06 -1.693999848e+01 -1.693999848e+01 +3.6560e+00 +2.5496e+00 -1.5296e+00
5163 +6.935502164e-07 +6.935502164e-07 -1.693999931e+01 -1.693999931e+01 +3.6560e+00 +2.5496e+00 -1.5296e+00
5231 +2.258804948e-07 +2.258804948e-07 -1.693999977e+01 -1.693999977e+01 +3.6560e+00 +2.5496e+00 -1.5296e+00
5499 +1.014587596e-07 +1.014587596e-07 -1.693999990e+01 -1.693999990e+01 +3.6560e+00 +2.5496e+00 -1.5296e+00
5536 +9.604838169e-08 +9.604838169e-08 -1.693999990e+01 -1.693999990e+01 +3.6560e+00 +2.5496e+00 -1.5296e+00
5597 +4.249712049e-08 +4.249712049e-08 -1.693999996e+01 -1.693999996e+01 +3.6560e+00 +2.5496e+00 -1.5296e+00
5618 +3.930100334e-08 +3.930100334e-08 -1.693999996e+01 -1.693999996e+01 +3.6560e+00 +2.5496e+00 -1.5296e+00
5675 +2.316176761e-08 +2.316176761e-08 -1.693999998e+01 -1.693999998e+01 +3.6560e+00 +2.5496e+00 -1.5296e+00
5682 +1.232349334e-08 +1.232349334e-08 -1.693999999e+01 -1.693999999e+01 +3.6560e+00 +2.5496e+00 -1.5296e+00
5690 +6.798067886e-09 +6.798067886e-09 -1.693999999e+01 -1.693999999e+01 +3.6560e+00 +2.5496e+00 -1.5296e+00
5697 +3.645926228e-09 +3.645926228e-09 -1.694000000e+01 -1.694000000e+01 +3.6560e+00 +2.5496e+00 -1.5296e+00
% function evaluation | noise-free fitness - Fopt (1.881000000000e+01) | best noise-free fitness - Fopt | measured fitness | best measured fitness | x1 | x2...
1 +8.716353243e+00 +8.716353243e+00 +2.752635324e+01 +2.752635324e+01 +9.6805e-01 +3.4603e+00 -2.8228e+00
3 +4.596011188e+00 +4.596011188e+00 +2.340601119e+01 +2.340601119e+01 +8.3123e-01 +2.9813e+00 -2.8828e+00
11 +3.561752948e+00 +3.561752948e+00 +2.237175295e+01 +2.237175295e+01 +1.7830e+00 +2.1924e+00 -2.7243e+00
22 +1.122709977e+00 +1.122709977e+00 +1.993270998e+01 +1.993270998e+01 +6.6675e-01 +2.2892e+00 -1.2252e+00
89 +5.212158901e-01 +5.212158901e-01 +1.933121589e+01 +1.933121589e+01 -2.5602e-01 +1.9522e+00 -9.3085e-01
121 +3.415501916e-01 +3.415501916e-01 +1.915155019e+01 +1.915155019e+01 +8.2963e-02 +2.0141e+00 -1.0000e+00
186 +1.267529091e-01 +1.267529091e-01 +1.893675291e+01 +1.893675291e+01 -2.3127e-01 +1.7229e+00 -7.9682e-01
232 +8.441999214e-02 +8.441999214e-02 +1.889441999e+01 +1.889441999e+01 -1.8992e-01 +1.7918e+00 -8.3811e-01
244 +3.941813664e-02 +3.941813664e-02 +1.884941814e+01 +1.884941814e+01 -1.9087e-01 +1.8039e+00 -8.1978e-01
278 +1.042590907e-02 +1.042590907e-02 +1.882042591e+01 +1.882042591e+01 -1.8853e-01 +1.7866e+00 -8.2438e-01
349 +5.930555538e-03 +5.930555538e-03 +1.881593056e+01 +1.881593056e+01 -1.9358e-01 +1.7824e+00 -8.2307e-01
367 +2.216958184e-03 +2.216958184e-03 +1.881221696e+01 +1.881221696e+01 -1.9007e-01 +1.7815e+00 -8.2258e-01
414 +1.021446967e-03 +1.021446967e-03 +1.881102145e+01 +1.881102145e+01 -1.9069e-01 +1.7811e+00 -8.2265e-01
462 +8.918436036e-04 +8.918436036e-04 +1.881089184e+01 +1.881089184e+01 -1.9126e-01 +1.7811e+00 -8.2268e-01
463 +6.216283892e-04 +6.216283892e-04 +1.881062163e+01 +1.881062163e+01 -1.9057e-01 +1.7813e+00 -8.2282e-01
515 +3.516148514e-04 +3.516148514e-04 +1.881035161e+01 +1.881035161e+01 -1.9051e-01 +1.7812e+00 -8.2281e-01
558 +2.296177843e-04 +2.296177843e-04 +1.881022962e+01 +1.881022962e+01 -1.9111e-01 +1.7810e+00 -8.2251e-01
2084 +1.055404230e-04 +1.055404230e-04 +1.881010554e+01 +1.881010554e+01 -1.9137e-01 +1.7807e+00 -8.2230e-01
2105 +6.749523218e-05 +6.749523218e-05 +1.881006750e+01 +1.881006750e+01 -1.9119e-01 +1.7808e+00 -8.2242e-01
2139 +4.505943265e-05 +4.505943265e-05 +1.881004506e+01 +1.881004506e+01 -1.9123e-01 +1.7808e+00 -8.2238e-01
2152 +3.274963519e-05 +3.274963519e-05 +1.881003275e+01 +1.881003275e+01 -1.9119e-01 +1.7808e+00 -8.2242e-01
2297 +2.042122845e-05 +2.042122845e-05 +1.881002042e+01 +1.881002042e+01 -1.9118e-01 +1.7808e+00 -8.2241e-01
2315 +1.065427479e-05 +1.065427479e-05 +1.881001065e+01 +1.881001065e+01 -1.9122e-01 +1.7808e+00 -8.2239e-01
2390 +7.756212547e-06 +7.756212547e-06 +1.881000776e+01 +1.881000776e+01 -1.9120e-01 +1.7808e+00 -8.2240e-01
2416 +4.752609378e-06 +4.752609378e-06 +1.881000475e+01 +1.881000475e+01 -1.9120e-01 +1.7808e+00 -8.2240e-01
2436 +1.013783194e-06 +1.013783194e-06 +1.881000101e+01 +1.881000101e+01 -1.9120e-01 +1.7808e+00 -8.2240e-01
2503 +9.757241592e-07 +9.757241592e-07 +1.881000098e+01 +1.881000098e+01 -1.9120e-01 +1.7808e+00 -8.2240e-01
2632 +5.526989497e-07 +5.526989497e-07 +1.881000055e+01 +1.881000055e+01 -1.9120e-01 +1.7808e+00 -8.2240e-01
2681 +2.584383836e-07 +2.584383836e-07 +1.881000026e+01 +1.881000026e+01 -1.9120e-01 +1.7808e+00 -8.2240e-01
2715 +2.387496600e-07 +2.387496600e-07 +1.881000024e+01 +1.881000024e+01 -1.9120e-01 +1.7808e+00 -8.2240e-01
2791 +1.572177588e-07 +1.572177588e-07 +1.881000016e+01 +1.881000016e+01 -1.9120e-01 +1.7808e+00 -8.2240e-01
2799 +7.553870063e-08 +7.553870063e-08 +1.881000008e+01 +1.881000008e+01 -1.9120e-01 +1.7808e+00 -8.2240e-01
2872 +3.630016110e-08 +3.630016110e-08 +1.881000004e+01 +1.881000004e+01 -1.9120e-01 +1.7808e+00 -8.2240e-01
2876 +1.533305394e-08 +1.533305394e-08 +1.881000002e+01 +1.881000002e+01 -1.9120e-01 +1.7808e+00 -8.2240e-01
2970 +5.149878746e-09 +5.149878746e-09 +1.881000001e+01 +1.881000001e+01 -1.9120e-01 +1.7808e+00 -8.2240e-01
% function evaluation | noise-free fitness - Fopt (1.881000000000e+01) | best noise-free fitness - Fopt | measured fitness | best measured fitness | x1 | x2...
1 +5.663450321e+00 +5.663450321e+00 +2.447345032e+01 +2.447345032e+01 -2.1154e+00 -1.2238e+00 +7.0712e-01
21 +3.558697901e+00 +3.558697901e+00 +2.236869790e+01 +2.236869790e+01 -3.3848e+00 -1.0253e+00 -1.3128e-01
60 +2.358067589e+00 +2.358067589e+00 +2.116806759e+01 +2.116806759e+01 -7.2503e-01 +9.5583e-01 -1.1575e+00
94 +1.517166230e+00 +1.517166230e+00 +2.032716623e+01 +2.032716623e+01 +2.4630e-01 +1.6864e+00 -7.5246e-01
115 +9.851372155e-01 +9.851372155e-01 +1.979513722e+01 +1.979513722e+01 +2.0855e-01 +1.8804e+00 -7.8002e-01
136 +6.056532470e-01 +6.056532470e-01 +1.941565325e+01 +1.941565325e+01 -3.6868e-01 +1.8924e+00 -5.6119e-01
143 +3.310630051e-01 +3.310630051e-01 +1.914106301e+01 +1.914106301e+01 -2.5702e-01 +1.8363e+00 -9.0250e-01
178 +1.950037338e-01 +1.950037338e-01 +1.900500373e+01 +1.900500373e+01 -2.5644e-01 +1.7250e+00 -7.9623e-01
230 +1.042650860e-01 +1.042650860e-01 +1.891426509e+01 +1.891426509e+01 -2.5162e-01 +1.7247e+00 -7.2672e-01
246 +9.086911798e-02 +9.086911798e-02 +1.890086912e+01 +1.890086912e+01 -2.7274e-01 +1.7519e+00 -7.2871e-01
267 +5.078810643e-02 +5.078810643e-02 +1.886078811e+01 +1.886078811e+01 -1.7598e-01 +1.7997e+00 -8.2581e-01
307 +3.542907116e-02 +3.542907116e-02 +1.884542907e+01 +1.884542907e+01 -1.8350e-01 +1.8074e+00 -8.2930e-01
327 +2.400645767e-02 +2.400645767e-02 +1.883400646e+01 +1.883400646e+01 -2.1444e-01 +1.7620e+00 -7.9714e-01
350 +1.399640273e-02 +1.399640273e-02 +1.882399640e+01 +1.882399640e+01 -1.7685e-01 +1.7868e+00 -8.2961e-01
372 +7.013511429e-03 +7.013511429e-03 +1.881701351e+01 +1.881701351e+01 -2.0508e-01 +1.7725e+00 -8.1107e-01
413 +6.029371966e-03 +6.029371966e-03 +1.881602937e+01 +1.881602937e+01 -1.9703e-01 +1.7796e+00 -8.1779e-01
427 +3.217272712e-03 +3.217272712e-03 +1.881321727e+01 +1.881321727e+01 -1.9035e-01 +1.7814e+00 -8.2209e-01
445 +1.179752883e-03 +1.179752883e-03 +1.881117975e+01 +1.881117975e+01 -1.9194e-01 +1.7803e+00 -8.2154e-01
508 +9.145541698e-04 +9.145541698e-04 +1.881091455e+01 +1.881091455e+01 -1.9070e-01 +1.7812e+00 -8.2275e-01
533 +6.293915971e-04 +6.293915971e-04 +1.881062939e+01 +1.881062939e+01 -1.9117e-01 +1.7807e+00 -8.2230e-01
674 +3.905520214e-04 +3.905520214e-04 +1.881039055e+01 +1.881039055e+01 -1.9197e-01 +1.7803e+00 -8.2187e-01
2238 +1.557190652e-04 +1.557190652e-04 +1.881015572e+01 +1.881015572e+01 -1.9122e-01 +1.7808e+00 -8.2248e-01
2309 +3.506984583e-05 +3.506984583e-05 +1.881003507e+01 +1.881003507e+01 -1.9119e-01 +1.7808e+00 -8.2240e-01
4844 +2.122644965e-05 +2.122644965e-05 +1.881002123e+01 +1.881002123e+01 -1.9121e-01 +1.7808e+00 -8.2241e-01
4978 +1.071473320e-05 +1.071473320e-05 +1.881001071e+01 +1.881001071e+01 -1.9120e-01 +1.7808e+00 -8.2240e-01
4979 +1.127844925e-06 +1.127844925e-06 +1.881000113e+01 +1.881000113e+01 -1.9120e-01 +1.7808e+00 -8.2240e-01
5161 +9.246760477e-07 +9.246760477e-07 +1.881000092e+01 +1.881000092e+01 -1.9120e-01 +1.7808e+00 -8.2240e-01
5232 +5.287355123e-07 +5.287355123e-07 +1.881000053e+01 +1.881000053e+01 -1.9120e-01 +1.7808e+00 -8.2240e-01
5270 +3.764877050e-07 +3.764877050e-07 +1.881000038e+01 +1.881000038e+01 -1.9120e-01 +1.7808e+00 -8.2240e-01
5334 +1.613503215e-07 +1.613503215e-07 +1.881000016e+01 +1.881000016e+01 -1.9120e-01 +1.7808e+00 -8.2240e-01
5353 +5.280181625e-08 +5.280181625e-08 +1.881000005e+01 +1.881000005e+01 -1.9120e-01 +1.7808e+00 -8.2240e-01
5516 +1.391797255e-08 +1.391797255e-08 +1.881000001e+01 +1.881000001e+01 -1.9120e-01 +1.7808e+00 -8.2240e-01
5626 +7.032397775e-09 +7.032397775e-09 +1.881000001e+01 +1.881000001e+01 -1.9120e-01 +1.7808e+00 -8.2240e-01
5641 +3.070049104e-09 +3.070049104e-09 +1.881000000e+01 +1.881000000e+01 -1.9120e-01 +1.7808e+00 -8.2240e-01
% function evaluation | noise-free fitness - Fopt (1.881000000000e+01) | best noise-free fitness - Fopt | measured fitness | best measured fitness | x1 | x2...
1 +7.885167878e+00 +7.885167878e+00 +2.669516788e+01 +2.669516788e+01 +2.7986e+00 +1.3990e+00 -5.6572e-01
5 +4.377933827e+00 +4.377933827e+00 +2.318793383e+01 +2.318793383e+01 +2.5035e+00 +3.1865e+00 -3.3398e+00
26 +3.786131574e+00 +3.786131574e+00 +2.259613157e+01 +2.259613157e+01 +1.5060e+00 +2.6173e+00 -1.3185e+00
32 +1.866069607e+00 +1.866069607e+00 +2.067606961e+01 +2.067606961e+01 +4.0060e-01 +2.6546e+00 -1.8294e+00
94 +1.163003167e+00 +1.163003167e+00 +1.997300317e+01 +1.997300317e+01 +9.2567e-01 +2.0855e+00 -1.3846e+00
142 +9.928342765e-01 +9.928342765e-01 +1.980283428e+01 +1.980283428e+01 +7.8665e-01 +2.4340e+00 -1.5383e+00
193 +5.855084092e-01 +5.855084092e-01 +1.939550841e+01 +1.939550841e+01 +8.7343e-01 +2.4497e+00 -1.5026e+00
331 +3.965843494e-01 +3.965843494e-01 +1.920658435e+01 +1.920658435e+01 +8.5418e-01 +2.4439e+00 -1.4526e+00
2035 +1.594820548e-01 +1.594820548e-01 +1.896948205e+01 +1.896948205e+01 -9.7951e-02 +1.8319e+00 -8.3541e-01
2113 +1.225708174e-01 +1.225708174e-01 +1.893257082e+01 +1.893257082e+01 -2.2284e-01 +1.7485e+00 -8.5803e-01
2168 +9.212373436e-02 +9.212373436e-02 +1.890212373e+01 +1.890212373e+01 -2.1770e-01 +1.7867e+00 -7.5303e-01
2202 +4.773064187e-02 +4.773064187e-02 +1.885773064e+01 +1.885773064e+01 -2.4496e-01 +1.7629e+00 -7.7624e-01
2217 +3.226847322e-02 +3.226847322e-02 +1.884226847e+01 +1.884226847e+01 -1.9890e-01 +1.7698e+00 -8.0447e-01
2271 +1.687949952e-02 +1.687949952e-02 +1.882687950e+01 +1.882687950e+01 -1.9392e-01 +1.7755e+00 -8.1691e-01
2281 +1.157894304e-02 +1.157894304e-02 +1.882157894e+01 +1.882157894e+01 -1.9446e-01 +1.7774e+00 -8.1990e-01
2308 +6.381764504e-03 +6.381764504e-03 +1.881638176e+01 +1.881638176e+01 -1.8588e-01 +1.7864e+00 -8.2590e-01
2332 +3.323654529e-03 +3.323654529e-03 +1.881332365e+01 +1.881332365e+01 -1.8888e-01 +1.7826e+00 -8.2257e-01
2395 +2.267318541e-03 +2.267318541e-03 +1.881226732e+01 +1.881226732e+01 -1.8945e-01 +1.7819e+00 -8.2338e-01
2401 +5.703508261e-04 +5.703508261e-04 +1.881057035e+01 +1.881057035e+01 -1.9042e-01 +1.7812e+00 -8.2290e-01
2523 +2.403989190e-04 +2.403989190e-04 +1.881024040e+01 +1.881024040e+01 -1.9138e-01 +1.7808e+00 -8.2232e-01
2531 +1.583081598e-04 +1.583081598e-04 +1.881015831e+01 +1.881015831e+01 -1.9143e-01 +1.7807e+00 -8.2225e-01
4647 +7.874931801e-05 +7.874931801e-05 +1.881007875e+01 +1.881007875e+01 -1.9117e-01 +1.7808e+00 -8.2241e-01
4768 +3.780062974e-05 +3.780062974e-05 +1.881003780e+01 +1.881003780e+01 -1.9120e-01 +1.7808e+00 -8.2239e-01
4897 +1.848605454e-05 +1.848605454e-05 +1.881001849e+01 +1.881001849e+01 -1.9120e-01 +1.7808e+00 -8.2240e-01
5046 +1.402744759e-05 +1.402744759e-05 +1.881001403e+01 +1.881001403e+01 -1.9120e-01 +1.7808e+00 -8.2240e-01
5101 +5.003768251e-06 +5.003768251e-06 +1.881000500e+01 +1.881000500e+01 -1.9120e-01 +1.7808e+00 -8.2240e-01
5133 +2.994795441e-06 +2.994795441e-06 +1.881000299e+01 +1.881000299e+01 -1.9120e-01 +1.7808e+00 -8.2240e-01
5147 +2.032050578e-06 +2.032050578e-06 +1.881000203e+01 +1.881000203e+01 -1.9120e-01 +1.7808e+00 -8.2240e-01
5173 +1.513671460e-06 +1.513671460e-06 +1.881000151e+01 +1.881000151e+01 -1.9120e-01 +1.7808e+00 -8.2240e-01
5203 +5.365382414e-07 +5.365382414e-07 +1.881000054e+01 +1.881000054e+01 -1.9120e-01 +1.7808e+00 -8.2240e-01
5282 +3.888320776e-07 +3.888320776e-07 +1.881000039e+01 +1.881000039e+01 -1.9120e-01 +1.7808e+00 -8.2240e-01
5383 +1.715260325e-07 +1.715260325e-07 +1.881000017e+01 +1.881000017e+01 -1.9120e-01 +1.7808e+00 -8.2240e-01
5448 +1.250207049e-07 +1.250207049e-07 +1.881000013e+01 +1.881000013e+01 -1.9120e-01 +1.7808e+00 -8.2240e-01
5465 +7.484685938e-08 +7.484685938e-08 +1.881000007e+01 +1.881000007e+01 -1.9120e-01 +1.7808e+00 -8.2240e-01
5522 +2.834945079e-08 +2.834945079e-08 +1.881000003e+01 +1.881000003e+01 -1.9120e-01 +1.7808e+00 -8.2240e-01
5569 +2.291139722e-08 +2.291139722e-08 +1.881000002e+01 +1.881000002e+01 -1.9120e-01 +1.7808e+00 -8.2240e-01
5613 +1.399192584e-08 +1.399192584e-08 +1.881000001e+01 +1.881000001e+01 -1.9120e-01 +1.7808e+00 -8.2240e-01
5628 +5.817806681e-09 +5.817806681e-09 +1.881000001e+01 +1.881000001e+01 -1.9120e-01 +1.7808e+00 -8.2240e-01
5655 +3.250669067e-09 +3.250669067e-09 +1.881000000e+01 +1.881000000e+01 -1.9120e-01 +1.7808e+00 -8.2240e-01
% function evaluation | noise-free fitness - Fopt (2.731500000000e+02) | best noise-free fitness - Fopt | measured fitness | best measured fitness | x1 | x2...
1 +2.517552194e+01 +2.517552194e+01 +2.983255219e+02 +2.983255219e+02 +1.2667e+00 +2.3491e+00 +2.0839e+00
3 +8.308717964e+00 +8.308717964e+00 +2.814587180e+02 +2.814587180e+02 +8.1042e-01 +2.8007e+00 +1.7645e+00
29 +3.899757851e+00 +3.899757851e+00 +2.770497579e+02 +2.770497579e+02 -1.6348e+00 +4.2658e+00 -2.4981e-01
41 +2.282240513e+00 +2.282240513e+00 +2.754322405e+02 +2.754322405e+02 -4.1970e+00 +3.6835e+00 -1.1390e+00
75 +6.474524469e-01 +6.474524469e-01 +2.737974524e+02 +2.737974524e+02 -3.4787e+00 +3.7175e+00 -2.7883e-01
87 +5.475378873e-01 +5.475378873e-01 +2.736975379e+02 +2.736975379e+02 -3.5296e+00 +3.8660e+00 -2.7310e-01
96 +2.710598799e-01 +2.710598799e-01 +2.734210599e+02 +2.734210599e+02 -3.6684e+00 +3.6743e+00 -4.3701e-01
102 +2.193331780e-01 +2.193331780e-01 +2.733693332e+02 +2.733693332e+02 -3.5515e+00 +3.6098e+00 -4.7532e-01
131 +9.590312113e-02 +9.590312113e-02 +2.732459031e+02 +2.732459031e+02 -3.5329e+00 +3.7777e+00 -4.8433e-01
196 +6.224188365e-02 +6.224188365e-02 +2.732122419e+02 +2.732122419e+02 -3.6048e+00 +3.7460e+00 -5.0796e-01
216 +1.230981868e-02 +1.230981868e-02 +2.731623098e+02 +2.731623098e+02 -3.5787e+00 +3.7503e+00 -4.7236e-01
307 +5.173089689e-03 +5.173089689e-03 +2.731551731e+02 +2.731551731e+02 -3.5774e+00 +3.7543e+00 -4.7826e-01
339 +3.755394123e-03 +3.755394123e-03 +2.731537554e+02 +2.731537554e+02 -3.5810e+00 +3.7519e+00 -4.7934e-01
426 +2.008998866e-03 +2.008998866e-03 +2.731520090e+02 +2.731520090e+02 -3.5787e+00 +3.7532e+00 -4.7786e-01
439 +1.553893365e-03 +1.553893365e-03 +2.731515539e+02 +2.731515539e+02 -3.5790e+00 +3.7538e+00 -4.7878e-01
454 +6.228681637e-04 +6.228681637e-04 +2.731506229e+02 +2.731506229e+02 -3.5792e+00 +3.7533e+00 -4.7842e-01
481 +3.925226795e-04 +3.925226795e-04 +2.731503925e+02 +2.731503925e+02 -3.5791e+00 +3.7538e+00 -4.7851e-01
538 +2.341393209e-04 +2.341393209e-04 +2.731502341e+02 +2.731502341e+02 -3.5791e+00 +3.7537e+00 -4.7841e-01
548 +3.052484578e-05 +3.052484578e-05 +2.731500305e+02 +2.731500305e+02 -3.5792e+00 +3.7536e+00 -4.7841e-01
727 +2.272904339e-05 +2.272904339e-05 +2.731500227e+02 +2.731500227e+02 -3.5792e+00 +3.7536e+00 -4.7840e-01
757 +1.580144340e-05 +1.580144340e-05 +2.731500158e+02 +2.731500158e+02 -3.5792e+00 +3.7536e+00 -4.7840e-01
805 +7.625260594e-06 +7.625260594e-06 +2.731500076e+02 +2.731500076e+02 -3.5792e+00 +3.7536e+00 -4.7840e-01
861 +5.715487362e-06 +5.715487362e-06 +2.731500057e+02 +2.731500057e+02 -3.5792e+00 +3.7536e+00 -4.7840e-01
887 +2.731845939e-06 +2.731845939e-06 +2.731500027e+02 +2.731500027e+02 -3.5792e+00 +3.7536e+00 -4.7840e-01
890 +2.057675147e-06 +2.057675147e-06 +2.731500021e+02 +2.731500021e+02 -3.5792e+00 +3.7536e+00 -4.7840e-01
893 +1.436306320e-06 +1.436306320e-06 +2.731500014e+02 +2.731500014e+02 -3.5792e+00 +3.7536e+00 -4.7840e-01
912 +8.829748595e-07 +8.829748595e-07 +2.731500009e+02 +2.731500009e+02 -3.5792e+00 +3.7536e+00 -4.7840e-01
929 +5.130192449e-07 +5.130192449e-07 +2.731500005e+02 +2.731500005e+02 -3.5792e+00 +3.7536e+00 -4.7840e-01
936 +3.355758054e-07 +3.355758054e-07 +2.731500003e+02 +2.731500003e+02 -3.5792e+00 +3.7536e+00 -4.7840e-01
1036 +2.113380901e-07 +2.113380901e-07 +2.731500002e+02 +2.731500002e+02 -3.5792e+00 +3.7536e+00 -4.7840e-01
1062 +1.388923465e-07 +1.388923465e-07 +2.731500001e+02 +2.731500001e+02 -3.5792e+00 +3.7536e+00 -4.7840e-01
1065 +9.634942444e-08 +9.634942444e-08 +2.731500001e+02 +2.731500001e+02 -3.5792e+00 +3.7536e+00 -4.7840e-01
1095 +5.662019475e-08 +5.662019475e-08 +2.731500001e+02 +2.731500001e+02 -3.5792e+00 +3.7536e+00 -4.7840e-01
1109 +8.444658306e-10 +8.444658306e-10 +2.731500000e+02 +2.731500000e+02 -3.5792e+00 +3.7536e+00 -4.7840e-01
% function evaluation | noise-free fitness - Fopt (2.731500000000e+02) | best noise-free fitness - Fopt | measured fitness | best measured fitness | x1 | x2...
1 +1.057509072e+02 +1.057509072e+02 +3.789009072e+02 +3.789009072e+02 -1.0662e+00 -3.7417e+00 -1.9231e+00
4 +3.389925285e+01 +3.389925285e+01 +3.070492528e+02 +3.070492528e+02 -1.6163e+00 -7.6045e-01 -8.9053e-01
11 +2.087355281e+01 +2.087355281e+01 +2.940235528e+02 +2.940235528e+02 -4.6226e+00 +1.9408e+00 +1.8104e+00
32 +1.026479649e+01 +1.026479649e+01 +2.834147965e+02 +2.834147965e+02 -3.2866e+00 +3.2186e+00 -2.0196e+00
39 +2.573609335e+00 +2.573609335e+00 +2.757236093e+02 +2.757236093e+02 -3.6445e+00 +2.8150e+00 -1.1423e+00
62 +5.390633435e-01 +5.390633435e-01 +2.736890633e+02 +2.736890633e+02 -3.2944e+00 +4.0943e+00 -2.4198e-01
136 +1.370617367e-01 +1.370617367e-01 +2.732870617e+02 +2.732870617e+02 -3.5650e+00 +3.7485e+00 -4.0535e-01
206 +8.395361802e-02 +8.395361802e-02 +2.732339536e+02 +2.732339536e+02 -3.5507e+00 +3.7869e+00 -4.7750e-01
223 +6.273291918e-02 +6.273291918e-02 +2.732127329e+02 +2.732127329e+02 -3.5611e+00 +3.7870e+00 -4.4660e-01
278 +1.672760902e-02 +1.672760902e-02 +2.731667276e+02 +2.731667276e+02 -3.5857e+00 +3.7428e+00 -4.8764e-01
450 +1.579144985e-02 +1.579144985e-02 +2.731657914e+02 +2.731657914e+02 -3.5937e+00 +3.7253e+00 -4.8026e-01
538 +9.722428125e-03 +9.722428125e-03 +2.731597224e+02 +2.731597224e+02 -3.5946e+00 +3.7250e+00 -4.8151e-01
1866 +2.863798679e-03 +2.863798679e-03 +2.731528638e+02 +2.731528638e+02 -3.5807e+00 +3.7512e+00 -4.7928e-01
1959 +1.081016289e-03 +1.081016289e-03 +2.731510810e+02 +2.731510810e+02 -3.5792e+00 +3.7530e+00 -4.7894e-01
2042 +6.745674555e-04 +6.745674555e-04 +2.731506746e+02 +2.731506746e+02 -3.5793e+00 +3.7539e+00 -4.7865e-01
2055 +1.712072410e-04 +1.712072410e-04 +2.731501712e+02 +2.731501712e+02 -3.5792e+00 +3.7536e+00 -4.7838e-01
2138 +1.343373972e-04 +1.343373972e-04 +2.731501343e+02 +2.731501343e+02 -3.5793e+00 +3.7536e+00 -4.7845e-01
2171 +7.459401837e-05 +7.459401837e-05 +2.731500746e+02 +2.731500746e+02 -3.5791e+00 +3.7536e+00 -4.7837e-01
2172 +3.697046526e-05 +3.697046526e-05 +2.731500370e+02 +2.731500370e+02 -3.5792e+00 +3.7536e+00 -4.7838e-01
2284 +2.283171170e-05 +2.283171170e-05 +2.731500228e+02 +2.731500228e+02 -3.5792e+00 +3.7536e+00 -4.7840e-01
2350 +1.257634460e-05 +1.257634460e-05 +2.731500126e+02 +2.731500126e+02 -3.5792e+00 +3.7536e+00 -4.7840e-01
2358 +7.007177260e-06 +7.007177260e-06 +2.731500070e+02 +2.731500070e+02 -3.5792e+00 +3.7536e+00 -4.7840e-01
2387 +1.826684866e-06 +1.826684866e-06 +2.731500018e+02 +2.731500018e+02 -3.5792e+00 +3.7536e+00 -4.7840e-01
2440 +1.216270960e-06 +1.216270960e-06 +2.731500012e+02 +2.731500012e+02 -3.5792e+00 +3.7536e+00 -4.7840e-01
2457 +6.876641692e-07 +6.876641692e-07 +2.731500007e+02 +2.731500007e+02 -3.5792e+00 +3.7536e+00 -4.7840e-01
2546 +6.044176644e-07 +6.044176644e-07 +2.731500006e+02 +2.731500006e+02 -3.5792e+00 +3.7536e+00 -4.7840e-01
2594 +3.736670351e-07 +3.736670351e-07 +2.731500004e+02 +2.731500004e+02 -3.5792e+00 +3.7536e+00 -4.7840e-01
2627 +2.507450176e-07 +2.507450176e-07 +2.731500003e+02 +2.731500003e+02 -3.5792e+00 +3.7536e+00 -4.7840e-01
2664 +1.351482979e-07 +1.351482979e-07 +2.731500001e+02 +2.731500001e+02 -3.5792e+00 +3.7536e+00 -4.7840e-01
2762 +4.933502851e-08 +4.933502851e-08 +2.731500000e+02 +2.731500000e+02 -3.5792e+00 +3.7536e+00 -4.7840e-01
2778 +3.222532996e-08 +3.222532996e-08 +2.731500000e+02 +2.731500000e+02 -3.5792e+00 +3.7536e+00 -4.7840e-01
2806 +1.268233518e-08 +1.268233518e-08 +2.731500000e+02 +2.731500000e+02 -3.5792e+00 +3.7536e+00 -4.7840e-01
2832 +8.176471056e-09 +8.176471056e-09 +2.731500000e+02 +2.731500000e+02 -3.5792e+00 +3.7536e+00 -4.7840e-01
2839 +5.202593911e-09 +5.202593911e-09 +2.731500000e+02 +2.731500000e+02 -3.5792e+00 +3.7536e+00 -4.7840e-01
2846 +2.684600986e-09 +2.684600986e-09 +2.731500000e+02 +2.731500000e+02 -3.5792e+00 +3.7536e+00 -4.7840e-01
% function evaluation | noise-free fitness - Fopt (2.731500000000e+02) | best noise-free fitness - Fopt | measured fitness | best measured fitness | x1 | x2...
1 +4.343929989e+01 +4.343929989e+01 +3.165892999e+02 +3.165892999e+02 -1.3100e+00 -3.1222e+00 +3.6140e-02
4 +3.504986339e+01 +3.504986339e+01 +3.081998634e+02 +3.081998634e+02 -4.2683e+00 -2.2385e+00 -2.5945e-01
28 +2.142840747e+01 +2.142840747e+01 +2.945784075e+02 +2.945784075e+02 -5.1412e+00 -3.3683e+00 -1.8873e+00
34 +1.224225560e+01 +1.224225560e+01 +2.853922556e+02 +2.853922556e+02 -4.8553e+00 -1.6890e+00 -4.5748e-01
42 +5.988691949e+00 +5.988691949e+00 +2.791386919e+02 +2.791386919e+02 -2.2246e+00 +2.7888e+00 -7.1759e-01
93 +3.168743339e+00 +3.168743339e+00 +2.763187433e+02 +2.763187433e+02 -2.6347e+00 +4.6641e+00 -1.2639e-01
95 +2.299860508e+00 +2.299860508e+00 +2.754498605e+02 +2.754498605e+02 -3.0965e+00 +2.9522e+00 -7.8543e-01
119 +1.343253833e+00 +1.343253833e+00 +2.744932538e+02 +2.744932538e+02 -3.9569e+00 +2.7365e+00 -2.5648e-01
135 +6.231025941e-01 +6.231025941e-01 +2.737731026e+02 +2.737731026e+02 -3.3567e+00 +3.6330e+00 -6.8176e-01
178 +3.646878015e-01 +3.646878015e-01 +2.735146878e+02 +2.735146878e+02 -3.4544e+00 +3.8663e+00 -3.9242e-01
193 +1.639341195e-01 +1.639341195e-01 +2.733139341e+02 +2.733139341e+02 -3.4483e+00 +3.9434e+00 -5.0955e-01
223 +6.556436692e-02 +6.556436692e-02 +2.732155644e+02 +2.732155644e+02 -3.5862e+00 +3.7722e+00 -4.8137e-01
319 +5.841367810e-02 +5.841367810e-02 +2.732084137e+02 +2.732084137e+02 -3.5546e+00 +3.7733e+00 -4.6063e-01
327 +3.508613502e-02 +3.508613502e-02 +2.731850861e+02 +2.731850861e+02 -3.5787e+00 +3.7489e+00 -4.8505e-01
332 +1.432266000e-02 +1.432266000e-02 +2.731643227e+02 +2.731643227e+02 -3.5857e+00 +3.7366e+00 -4.7964e-01
435 +7.157317003e-03 +7.157317003e-03 +2.731571573e+02 +2.731571573e+02 -3.5821e+00 +3.7469e+00 -4.7897e-01
452 +1.871915191e-03 +1.871915191e-03 +2.731518719e+02 +2.731518719e+02 -3.5802e+00 +3.7539e+00 -4.7840e-01
498 +1.561940151e-03 +1.561940151e-03 +2.731515619e+02 +2.731515619e+02 -3.5789e+00 +3.7542e+00 -4.7864e-01
545 +5.514659835e-04 +5.514659835e-04 +2.731505515e+02 +2.731505515e+02 -3.5790e+00 +3.7536e+00 -4.7841e-01
576 +3.005188644e-04 +3.005188644e-04 +2.731503005e+02 +2.731503005e+02 -3.5793e+00 +3.7534e+00 -4.7833e-01
601 +2.455032596e-04 +2.455032596e-04 +2.731502455e+02 +2.731502455e+02 -3.5793e+00 +3.7535e+00 -4.7829e-01
629 +1.290164627e-04 +1.290164627e-04 +2.731501290e+02 +2.731501290e+02 -3.5792e+00 +3.7537e+00 -4.7843e-01
689 +3.069797492e-05 +3.069797492e-05 +2.731500307e+02 +2.731500307e+02 -3.5792e+00 +3.7536e+00 -4.7840e-01
766 +9.383717270e-06 +9.383717270e-06 +2.731500094e+02 +2.731500094e+02 -3.5792e+00 +3.7536e+00 -4.7840e-01
2759 +5.818078535e-06 +5.818078535e-06 +2.731500058e+02 +2.731500058e+02 -3.5792e+00 +3.7536e+00 -4.7840e-01
2856 +2.479717864e-06 +2.479717864e-06 +2.731500025e+02 +2.731500025e+02 -3.5792e+00 +3.7536e+00 -4.7840e-01
2868 +7.883005537e-07 +7.883005537e-07 +2.731500008e+02 +2.731500008e+02 -3.5792e+00 +3.7536e+00 -4.7840e-01
2914 +5.432443118e-07 +5.432443118e-07 +2.731500005e+02 +2.731500005e+02 -3.5792e+00 +3.7536e+00 -4.7840e-01
2979 +3.626461762e-07 +3.626461762e-07 +2.731500004e+02 +2.731500004e+02 -3.5792e+00 +3.7536e+00 -4.7840e-01
3037 +2.033834789e-07 +2.033834789e-07 +2.731500002e+02 +2.731500002e+02 -3.5792e+00 +3.7536e+00 -4.7840e-01
3085 +1.435498120e-07 +1.435498120e-07 +2.731500001e+02 +2.731500001e+02 -3.5792e+00 +3.7536e+00 -4.7840e-01
3094 +3.563167184e-08 +3.563167184e-08 +2.731500000e+02 +2.731500000e+02 -3.5792e+00 +3.7536e+00 -4.7840e-01
3105 +2.459341886e-08 +2.459341886e-08 +2.731500000e+02 +2.731500000e+02 -3.5792e+00 +3.7536e+00 -4.7840e-01
3192 +7.351957265e-09 +7.351957265e-09 +2.731500000e+02 +2.731500000e+02 -3.5792e+00 +3.7536e+00 -4.7840e-01
3203 +2.079957540e-09 +2.079957540e-09 +2.731500000e+02 +2.731500000e+02 -3.5792e+00 +3.7536e+00 -4.7840e-01
% function evaluation | noise-free fitness - Fopt (3.718000000000e+01) | best noise-free fitness - Fopt | measured fitness | best measured fitness | x1 | x2...
1 +3.257915380e+01 +3.257915380e+01 +6.975915380e+01 +6.975915380e+01 +3.5500e+00 -2.1499e+00 +1.1742e+00
2 +1.787164264e+01 +1.787164264e+01 +5.505164264e+01 +5.505164264e+01 +4.6026e+00 -3.1213e+00 +1.6459e+00
13 +1.022400720e+01 +1.022400720e+01 +4.740400720e+01 +4.740400720e+01 +2.8098e+00 -1.1973e+00 +2.6955e+00
23 +9.677948660e+00 +9.677948660e+00 +4.685794866e+01 +4.685794866e+01 +2.4611e+00 +7.8745e-01 +1.7356e+00
73 +5.799768535e+00 +5.799768535e+00 +4.297976853e+01 +4.297976853e+01 +1.8656e+00 +1.7906e+00 +3.5560e+00
102 +3.691117513e+00 +3.691117513e+00 +4.087111751e+01 +4.087111751e+01 -6.4829e-01 +2.2912e+00 +2.0153e+00
104 +1.321435030e+00 +1.321435030e+00 +3.850143503e+01 +3.850143503e+01 -2.7093e+00 +1.9781e+00 +1.7467e+00
181 +7.021571566e-01 +7.021571566e-01 +3.788215716e+01 +3.788215716e+01 -3.7928e+00 +2.2098e+00 +2.3421e+00
224 +4.855414742e-01 +4.855414742e-01 +3.766554147e+01 +3.766554147e+01 -3.3750e+00 +2.3349e+00 +2.0374e+00
245 +3.387187541e-01 +3.387187541e-01 +3.751871875e+01 +3.751871875e+01 -3.1720e+00 +2.3060e+00 +2.1224e+00
353 +2.382220013e-01 +2.382220013e-01 +3.741822200e+01 +3.741822200e+01 -3.3733e+00 +2.2444e+00 +2.0475e+00
452 +1.482680372e-01 +1.482680372e-01 +3.732826804e+01 +3.732826804e+01 -3.3615e+00 +2.2478e+00 +2.0817e+00
2356 +7.242686760e-02 +7.242686760e-02 +3.725242687e+01 +3.725242687e+01 -3.9070e+00 +2.0887e+00 +2.0272e+00
2421 +4.129968226e-02 +4.129968226e-02 +3.722129968e+01 +3.722129968e+01 -3.8939e+00 +2.0830e+00 +2.0366e+00
2521 +3.925898430e-02 +3.925898430e-02 +3.721925898e+01 +3.721925898e+01 -3.9085e+00 +2.0553e+00 +2.0436e+00
2528 +1.962135672e-02 +1.962135672e-02 +3.719962136e+01 +3.719962136e+01 -3.8833e+00 +2.0698e+00 +2.0364e+00
2578 +1.375461906e-02 +1.375461906e-02 +3.719375462e+01 +3.719375462e+01 -3.9286e+00 +2.0533e+00 +2.0391e+00
2630 +8.352998571e-03 +8.352998571e-03 +3.718835300e+01 +3.718835300e+01 -3.8978e+00 +2.0623e+00 +2.0411e+00
2651 +4.025057735e-03 +4.025057735e-03 +3.718402506e+01 +3.718402506e+01 -3.8978e+00 +2.0607e+00 +2.0407e+00
2669 +3.647947866e-03 +3.647947866e-03 +3.718364795e+01 +3.718364795e+01 -3.8989e+00 +2.0593e+00 +2.0387e+00
2714 +1.364253489e-03 +1.364253489e-03 +3.718136425e+01 +3.718136425e+01 -3.8983e+00 +2.0603e+00 +2.0398e+00
2732 +8.930533450e-04 +8.930533450e-04 +3.718089305e+01 +3.718089305e+01 -3.8999e+00 +2.0599e+00 +2.0399e+00
2782 +2.837804038e-04 +2.837804038e-04 +3.718028378e+01 +3.718028378e+01 -3.8994e+00 +2.0599e+00 +2.0401e+00
2923 +2.476356282e-04 +2.476356282e-04 +3.718024764e+01 +3.718024764e+01 -3.8994e+00 +2.0599e+00 +2.0401e+00
2935 +7.655421588e-05 +7.655421588e-05 +3.718007655e+01 +3.718007655e+01 -3.8992e+00 +2.0600e+00 +2.0400e+00
5167 +3.267516505e-05 +3.267516505e-05 +3.718003268e+01 +3.718003268e+01 -3.8992e+00 +2.0600e+00 +2.0400e+00
5384 +1.579748223e-05 +1.579748223e-05 +3.718001580e+01 +3.718001580e+01 -3.8992e+00 +2.0600e+00 +2.0400e+00
5425 +8.951020405e-06 +8.951020405e-06 +3.718000895e+01 +3.718000895e+01 -3.8992e+00 +2.0600e+00 +2.0400e+00
5470 +6.041312140e-06 +6.041312140e-06 +3.718000604e+01 +3.718000604e+01 -3.8992e+00 +2.0600e+00 +2.0400e+00
5516 +3.948761332e-06 +3.948761332e-06 +3.718000395e+01 +3.718000395e+01 -3.8992e+00 +2.0600e+00 +2.0400e+00
5518 +1.591701853e-06 +1.591701853e-06 +3.718000159e+01 +3.718000159e+01 -3.8992e+00 +2.0600e+00 +2.0400e+00
5570 +1.239301625e-06 +1.239301625e-06 +3.718000124e+01 +3.718000124e+01 -3.8992e+00 +2.0600e+00 +2.0400e+00
5597 +6.851193959e-07 +6.851193959e-07 +3.718000069e+01 +3.718000069e+01 -3.8992e+00 +2.0600e+00 +2.0400e+00
5670 +5.264421858e-07 +5.264421858e-07 +3.718000053e+01 +3.718000053e+01 -3.8992e+00 +2.0600e+00 +2.0400e+00
5779 +3.729417770e-07 +3.729417770e-07 +3.718000037e+01 +3.718000037e+01 -3.8992e+00 +2.0600e+00 +2.0400e+00
5811 +2.288893555e-07 +2.288893555e-07 +3.718000023e+01 +3.718000023e+01 -3.8992e+00 +2.0600e+00 +2.0400e+00
5914 +6.375903183e-08 +6.375903183e-08 +3.718000006e+01 +3.718000006e+01 -3.8992e+00 +2.0600e+00 +2.0400e+00
5982 +4.108208884e-08 +4.108208884e-08 +3.718000004e+01 +3.718000004e+01 -3.8992e+00 +2.0600e+00 +2.0400e+00
6035 +3.936102644e-08 +3.936102644e-08 +3.718000004e+01 +3.718000004e+01 -3.8992e+00 +2.0600e+00 +2.0400e+00
6117 +2.151558220e-08 +2.151558220e-08 +3.718000002e+01 +3.718000002e+01 -3.8992e+00 +2.0600e+00 +2.0400e+00
6134 +8.422972542e-09 +8.422972542e-09 +3.718000001e+01 +3.718000001e+01 -3.8992e+00 +2.0600e+00 +2.0400e+00
6145 +4.037666201e-09 +4.037666201e-09 +3.718000000e+01 +3.718000000e+01 -3.8992e+00 +2.0600e+00 +2.0400e+00
% function evaluation | noise-free fitness - Fopt (3.718000000000e+01) | best noise-free fitness - Fopt | measured fitness | best measured fitness | x1 | x2...
1 +7.791847265e+01 +7.791847265e+01 +1.150984727e+02 +1.150984727e+02 -2.3277e+00 +2.8695e+00 -3.5876e+00
3 +5.871737425e+01 +5.871737425e+01 +9.589737425e+01 +9.589737425e+01 -5.6620e+00 +2.7915e+00 -2.5507e+00
10 +2.835631882e+01 +2.835631882e+01 +6.553631882e+01 +6.553631882e+01 -5.6352e+00 +5.2252e+00 -1.2862e+00
13 +6.468865620e+00 +6.468865620e+00 +4.364886562e+01 +4.364886562e+01 -2.5525e+00 +2.9230e+00 +1.5287e+00
23 +3.133473542e+00 +3.133473542e+00 +4.031347354e+01 +4.031347354e+01 -4.2214e+00 +1.7685e+00 +9.6743e-01
28 +1.267534226e+00 +1.267534226e+00 +3.844753423e+01 +3.844753423e+01 -4.3156e+00 +1.4588e+00 +1.7261e+00
106 +5.599606607e-01 +5.599606607e-01 +3.773996066e+01 +3.773996066e+01 -3.5672e+00 +2.1406e+00 +2.0986e+00
136 +3.390149629e-01 +3.390149629e-01 +3.751901496e+01 +3.751901496e+01 -3.3391e+00 +2.2143e+00 +2.0861e+00
181 +1.860057277e-01 +1.860057277e-01 +3.736600573e+01 +3.736600573e+01 -3.8716e+00 +2.1350e+00 +2.0403e+00
191 +1.050694793e-01 +1.050694793e-01 +3.728506948e+01 +3.728506948e+01 -3.8905e+00 +2.0465e+00 +2.0580e+00
248 +8.309152416e-02 +8.309152416e-02 +3.726309152e+01 +3.726309152e+01 -3.9362e+00 +2.0649e+00 +2.0356e+00
394 +6.071133587e-02 +6.071133587e-02 +3.724071134e+01 +3.724071134e+01 -4.0556e+00 +2.0244e+00 +2.0380e+00
2125 +2.621816374e-02 +2.621816374e-02 +3.720621816e+01 +3.720621816e+01 -3.9165e+00 +2.0530e+00 +2.0434e+00
2141 +5.035632375e-03 +5.035632375e-03 +3.718503563e+01 +3.718503563e+01 -3.9026e+00 +2.0615e+00 +2.0387e+00
2259 +2.112978776e-03 +2.112978776e-03 +3.718211298e+01 +3.718211298e+01 -3.8967e+00 +2.0609e+00 +2.0407e+00
2395 +1.380381604e-03 +1.380381604e-03 +3.718138038e+01 +3.718138038e+01 -3.9001e+00 +2.0601e+00 +2.0403e+00
2418 +4.974628835e-04 +4.974628835e-04 +3.718049746e+01 +3.718049746e+01 -3.8991e+00 +2.0599e+00 +2.0399e+00
2487 +3.648451022e-04 +3.648451022e-04 +3.718036485e+01 +3.718036485e+01 -3.8993e+00 +2.0600e+00 +2.0401e+00
2518 +2.500231395e-04 +2.500231395e-04 +3.718025002e+01 +3.718025002e+01 -3.8993e+00 +2.0599e+00 +2.0400e+00
2558 +1.494234281e-04 +1.494234281e-04 +3.718014942e+01 +3.718014942e+01 -3.8991e+00 +2.0600e+00 +2.0400e+00
2597 +3.358868260e-05 +3.358868260e-05 +3.718003359e+01 +3.718003359e+01 -3.8992e+00 +2.0600e+00 +2.0400e+00
2701 +1.488183024e-05 +1.488183024e-05 +3.718001488e+01 +3.718001488e+01 -3.8992e+00 +2.0600e+00 +2.0400e+00
2811 +9.587190895e-06 +9.587190895e-06 +3.718000959e+01 +3.718000959e+01 -3.8992e+00 +2.0600e+00 +2.0400e+00
2832 +2.004793629e-06 +2.004793629e-06 +3.718000200e+01 +3.718000200e+01 -3.8992e+00 +2.0600e+00 +2.0400e+00
2916 +1.441131559e-06 +1.441131559e-06 +3.718000144e+01 +3.718000144e+01 -3.8992e+00 +2.0600e+00 +2.0400e+00
2931 +6.423280254e-07 +6.423280254e-07 +3.718000064e+01 +3.718000064e+01 -3.8992e+00 +2.0600e+00 +2.0400e+00
2974 +5.998786961e-07 +5.998786961e-07 +3.718000060e+01 +3.718000060e+01 -3.8992e+00 +2.0600e+00 +2.0400e+00
2982 +2.691151124e-07 +2.691151124e-07 +3.718000027e+01 +3.718000027e+01 -3.8992e+00 +2.0600e+00 +2.0400e+00
3050 +1.704840216e-07 +1.704840216e-07 +3.718000017e+01 +3.718000017e+01 -3.8992e+00 +2.0600e+00 +2.0400e+00
3114 +1.200664883e-07 +1.200664883e-07 +3.718000012e+01 +3.718000012e+01 -3.8992e+00 +2.0600e+00 +2.0400e+00
3125 +9.687359181e-08 +9.687359181e-08 +3.718000010e+01 +3.718000010e+01 -3.8992e+00 +2.0600e+00 +2.0400e+00
3147 +4.978456047e-08 +4.978456047e-08 +3.718000005e+01 +3.718000005e+01 -3.8992e+00 +2.0600e+00 +2.0400e+00
3162 +2.104563634e-08 +2.104563634e-08 +3.718000002e+01 +3.718000002e+01 -3.8992e+00 +2.0600e+00 +2.0400e+00
3206 +9.616066166e-09 +9.616066166e-09 +3.718000001e+01 +3.718000001e+01 -3.8992e+00 +2.0600e+00 +2.0400e+00
3210 +4.152497013e-09 +4.152497013e-09 +3.718000000e+01 +3.718000000e+01 -3.8992e+00 +2.0600e+00 +2.0400e+00
% function evaluation | noise-free fitness - Fopt (3.718000000000e+01) | best noise-free fitness - Fopt | measured fitness | best measured fitness | x1 | x2...
1 +4.360027531e+01 +4.360027531e+01 +8.078027531e+01 +8.078027531e+01 +3.0894e+00 -3.8950e+00 -3.2090e+00
2 +2.965702836e+01 +2.965702836e+01 +6.683702836e+01 +6.683702836e+01 +3.0696e+00 -3.6083e+00 -1.2999e+00
13 +2.027272596e+01 +2.027272596e+01 +5.745272596e+01 +5.745272596e+01 +7.7973e-01 +2.8531e-01 -1.7298e+00
43 +1.426489267e+01 +1.426489267e+01 +5.144489267e+01 +5.144489267e+01 +2.7937e+00 -6.8580e-01 -1.7391e+00
76 +8.550055000e+00 +8.550055000e+00 +4.573005500e+01 +4.573005500e+01 +1.9532e+00 -1.6316e-01 +1.5657e+00
100 +4.448287565e+00 +4.448287565e+00 +4.162828756e+01 +4.162828756e+01 +7.9540e-01 +2.3573e+00 +1.0021e+00
180 +3.606422551e+00 +3.606422551e+00 +4.078642255e+01 +4.078642255e+01 +2.0052e+00 +2.5141e+00 +1.8035e+00
220 +2.416720274e+00 +2.416720274e+00 +3.959672027e+01 +3.959672027e+01 +2.1045e+00 +2.6093e+00 +1.6396e+00
2103 +1.584135172e+00 +1.584135172e+00 +3.876413517e+01 +3.876413517e+01 +2.0433e+00 +2.5847e+00 +1.7787e+00
3111 +7.344910030e-01 +7.344910030e-01 +3.791449100e+01 +3.791449100e+01 -3.8348e+00 +1.9282e+00 +1.9822e+00
3134 +2.693865165e-01 +2.693865165e-01 +3.744938652e+01 +3.744938652e+01 -4.1285e+00 +2.0052e+00 +1.9929e+00
3155 +7.528047328e-02 +7.528047328e-02 +3.725528047e+01 +3.725528047e+01 -3.8445e+00 +2.0669e+00 +2.0370e+00
3267 +5.909818986e-02 +5.909818986e-02 +3.723909819e+01 +3.723909819e+01 -3.8436e+00 +2.0802e+00 +2.0300e+00
3357 +2.014318568e-02 +2.014318568e-02 +3.720014319e+01 +3.720014319e+01 -3.8979e+00 +2.0586e+00 +2.0450e+00
3369 +1.421882026e-02 +1.421882026e-02 +3.719421882e+01 +3.719421882e+01 -3.9019e+00 +2.0565e+00 +2.0362e+00
3438 +7.272810926e-03 +7.272810926e-03 +3.718727281e+01 +3.718727281e+01 -3.9016e+00 +2.0617e+00 +2.0380e+00
3481 +3.888475095e-03 +3.888475095e-03 +3.718388848e+01 +3.718388848e+01 -3.8981e+00 +2.0614e+00 +2.0417e+00
3497 +2.451965179e-03 +2.451965179e-03 +3.718245197e+01 +3.718245197e+01 -3.8989e+00 +2.0611e+00 +2.0400e+00
3574 +9.844807652e-04 +9.844807652e-04 +3.718098448e+01 +3.718098448e+01 -3.8997e+00 +2.0599e+00 +2.0399e+00
3637 +5.558667272e-04 +5.558667272e-04 +3.718055587e+01 +3.718055587e+01 -3.9002e+00 +2.0598e+00 +2.0400e+00
3733 +3.489024259e-04 +3.489024259e-04 +3.718034890e+01 +3.718034890e+01 -3.8992e+00 +2.0601e+00 +2.0400e+00
3758 +2.090984719e-04 +2.090984719e-04 +3.718020910e+01 +3.718020910e+01 -3.8992e+00 +2.0600e+00 +2.0400e+00
3788 +1.427112152e-04 +1.427112152e-04 +3.718014271e+01 +3.718014271e+01 -3.8990e+00 +2.0600e+00 +2.0400e+00
3816 +5.195545376e-05 +5.195545376e-05 +3.718005196e+01 +3.718005196e+01 -3.8992e+00 +2.0600e+00 +2.0400e+00
3891 +2.919729732e-05 +2.919729732e-05 +3.718002920e+01 +3.718002920e+01 -3.8992e+00 +2.0600e+00 +2.0400e+00
5996 +2.059164269e-05 +2.059164269e-05 +3.718002059e+01 +3.718002059e+01 -3.8992e+00 +2.0600e+00 +2.0400e+00
6048 +1.180207637e-05 +1.180207637e-05 +3.718001180e+01 +3.718001180e+01 -3.8992e+00 +2.0600e+00 +2.0400e+00
6141 +7.253672941e-06 +7.253672941e-06 +3.718000725e+01 +3.718000725e+01 -3.8992e+00 +2.0600e+00 +2.0400e+00
6151 +5.354147284e-06 +5.354147284e-06 +3.718000535e+01 +3.718000535e+01 -3.8992e+00 +2.0600e+00 +2.0400e+00
6188 +1.654711873e-06 +1.654711873e-06 +3.718000165e+01 +3.718000165e+01 -3.8992e+00 +2.0600e+00 +2.0400e+00
6239 +9.126139560e-07 +9.126139560e-07 +3.718000091e+01 +3.718000091e+01 -3.8992e+00 +2.0600e+00 +2.0400e+00
6368 +4.458086380e-07 +4.458086380e-07 +3.718000045e+01 +3.718000045e+01 -3.8992e+00 +2.0600e+00 +2.0400e+00
6493 +3.218567315e-07 +3.218567315e-07 +3.718000032e+01 +3.718000032e+01 -3.8992e+00 +2.0600e+00 +2.0400e+00
6527 +1.859031471e-07 +1.859031471e-07 +3.718000019e+01 +3.718000019e+01 -3.8992e+00 +2.0600e+00 +2.0400e+00
6578 +1.081387211e-07 +1.081387211e-07 +3.718000011e+01 +3.718000011e+01 -3.8992e+00 +2.0600e+00 +2.0400e+00
6599 +4.946290488e-08 +4.946290488e-08 +3.718000005e+01 +3.718000005e+01 -3.8992e+00 +2.0600e+00 +2.0400e+00
6697 +2.063224969e-08 +2.063224969e-08 +3.718000002e+01 +3.718000002e+01 -3.8992e+00 +2.0600e+00 +2.0400e+00
6798 +1.461641830e-08 +1.461641830e-08 +3.718000001e+01 +3.718000001e+01 -3.8992e+00 +2.0600e+00 +2.0400e+00
6827 +3.927326020e-09 +3.927326020e-09 +3.718000000e+01 +3.718000000e+01 -3.8992e+00 +2.0600e+00 +2.0400e+00
% function evaluation | noise-free fitness - Fopt (-1.479000000000e+02) | best noise-free fitness - Fopt | measured fitness | best measured fitness | x1 | x2...
1 +2.324326938e+01 +2.324326938e+01 -1.246567306e+02 -1.246567306e+02 +2.4337e+00 -2.9644e+00 -4.6829e-02
3 +1.266942936e+01 +1.266942936e+01 -1.352305706e+02 -1.352305706e+02 +1.3459e+00 -2.1119e+00 +2.7336e-01
14 +9.829793521e+00 +9.829793521e+00 -1.380702065e+02 -1.380702065e+02 +1.1007e+00 +2.7696e-01 -1.8477e+00
50 +5.657488134e+00 +5.657488134e+00 -1.422425119e+02 -1.422425119e+02 -1.9730e+00 -2.4435e+00 -1.8131e+00
68 +2.380442348e+00 +2.380442348e+00 -1.455195577e+02 -1.455195577e+02 -1.2820e+00 -1.6518e+00 -2.2211e+00
192 +1.211942513e+00 +1.211942513e+00 -1.466880575e+02 -1.466880575e+02 -1.8603e+00 -2.7518e-01 +1.6421e+00
239 +2.915545455e-01 +2.915545455e-01 -1.476084455e+02 -1.476084455e+02 -1.6805e+00 +1.5465e-01 +9.9252e-01
276 +3.430509018e-02 +3.430509018e-02 -1.478656949e+02 -1.478656949e+02 -1.6603e+00 +1.3473e-01 +1.1317e+00
416 +1.876171808e-02 +1.876171808e-02 -1.478812383e+02 -1.478812383e+02 -1.6681e+00 +1.3737e-01 +1.1376e+00
433 +1.008471887e-02 +1.008471887e-02 -1.478899153e+02 -1.478899153e+02 -1.6664e+00 +1.3553e-01 +1.1398e+00
435 +8.836509973e-03 +8.836509973e-03 -1.478911635e+02 -1.478911635e+02 -1.6735e+00 +1.3742e-01 +1.1438e+00
457 +4.150980118e-03 +4.150980118e-03 -1.478958490e+02 -1.478958490e+02 -1.6714e+00 +1.3743e-01 +1.1388e+00
586 +3.508355715e-03 +3.508355715e-03 -1.478964916e+02 -1.478964916e+02 -1.6706e+00 +1.4011e-01 +1.1443e+00
593 +2.160633144e-03 +2.160633144e-03 -1.478978394e+02 -1.478978394e+02 -1.6706e+00 +1.3978e-01 +1.1444e+00
2364 +1.139502479e-03 +1.139502479e-03 -1.478988605e+02 -1.478988605e+02 -1.6708e+00 +1.3559e-01 +1.1373e+00
2464 +7.017429102e-04 +7.017429102e-04 -1.478992983e+02 -1.478992983e+02 -1.6704e+00 +1.3490e-01 +1.1370e+00
2506 +6.141964350e-04 +6.141964350e-04 -1.478993858e+02 -1.478993858e+02 -1.6706e+00 +1.3544e-01 +1.1367e+00
2526 +3.499793484e-04 +3.499793484e-04 -1.478996500e+02 -1.478996500e+02 -1.6703e+00 +1.3524e-01 +1.1367e+00
2577 +2.434365979e-04 +2.434365979e-04 -1.478997566e+02 -1.478997566e+02 -1.6704e+00 +1.3506e-01 +1.1365e+00
2624 +1.330224761e-04 +1.330224761e-04 -1.478998670e+02 -1.478998670e+02 -1.6704e+00 +1.3520e-01 +1.1368e+00
2655 +7.263303885e-05 +7.263303885e-05 -1.478999274e+02 -1.478999274e+02 -1.6704e+00 +1.3517e-01 +1.1368e+00
2675 +6.029388723e-05 +6.029388723e-05 -1.478999397e+02 -1.478999397e+02 -1.6704e+00 +1.3520e-01 +1.1368e+00
2701 +3.124471132e-05 +3.124471132e-05 -1.478999688e+02 -1.478999688e+02 -1.6704e+00 +1.3519e-01 +1.1368e+00
2722 +1.636507761e-05 +1.636507761e-05 -1.478999836e+02 -1.478999836e+02 -1.6704e+00 +1.3520e-01 +1.1368e+00
2758 +1.396288746e-05 +1.396288746e-05 -1.478999860e+02 -1.478999860e+02 -1.6704e+00 +1.3519e-01 +1.1368e+00
2866 +8.286685812e-06 +8.286685812e-06 -1.478999917e+02 -1.478999917e+02 -1.6704e+00 +1.3520e-01 +1.1368e+00
2944 +3.852732846e-06 +3.852732846e-06 -1.478999961e+02 -1.478999961e+02 -1.6704e+00 +1.3520e-01 +1.1368e+00
2967 +1.892265203e-06 +1.892265203e-06 -1.478999981e+02 -1.478999981e+02 -1.6704e+00 +1.3520e-01 +1.1368e+00
2976 +1.449627774e-06 +1.449627774e-06 -1.478999986e+02 -1.478999986e+02 -1.6704e+00 +1.3520e-01 +1.1368e+00
3005 +7.795657666e-07 +7.795657666e-07 -1.478999992e+02 -1.478999992e+02 -1.6704e+00 +1.3520e-01 +1.1368e+00
3015 +5.036537800e-07 +5.036537800e-07 -1.478999995e+02 -1.478999995e+02 -1.6704e+00 +1.3520e-01 +1.1368e+00
3029 +3.222887699e-07 +3.222887699e-07 -1.478999997e+02 -1.478999997e+02 -1.6704e+00 +1.3520e-01 +1.1368e+00
3084 +2.403351971e-07 +2.403351971e-07 -1.478999998e+02 -1.478999998e+02 -1.6704e+00 +1.3520e-01 +1.1368e+00
3109 +1.303073418e-07 +1.303073418e-07 -1.478999999e+02 -1.478999999e+02 -1.6704e+00 +1.3520e-01 +1.1368e+00
3164 +9.445264482e-08 +9.445264482e-08 -1.478999999e+02 -1.478999999e+02 -1.6704e+00 +1.3520e-01 +1.1368e+00
3184 +4.959684929e-08 +4.959684929e-08 -1.479000000e+02 -1.479000000e+02 -1.6704e+00 +1.3520e-01 +1.1368e+00
3228 +3.843695140e-08 +3.843695140e-08 -1.479000000e+02 -1.479000000e+02 -1.6704e+00 +1.3520e-01 +1.1368e+00
3229 +1.434659680e-08 +1.434659680e-08 -1.479000000e+02 -1.479000000e+02 -1.6704e+00 +1.3520e-01 +1.1368e+00
3275 +2.550308409e-09 +2.550308409e-09 -1.479000000e+02 -1.479000000e+02 -1.6704e+00 +1.3520e-01 +1.1368e+00
3280 +8.064091617e-10 +8.064091617e-10 -1.479000000e+02 -1.479000000e+02 -1.6704e+00 +1.3520e-01 +1.1368e+00
% function evaluation | noise-free fitness - Fopt (-1.479000000000e+02) | best noise-free fitness - Fopt | measured fitness | best measured fitness | x1 | x2...
1 +1.381877926e+01 +1.381877926e+01 -1.340812207e+02 -1.340812207e+02 -4.2099e-02 -1.1373e-01 +2.6530e+00
2 +4.793669723e+00 +4.793669723e+00 -1.431063303e+02 -1.431063303e+02 -2.0108e-01 +1.8632e+00 +4.4191e+00
7 +1.465519893e+00 +1.465519893e+00 -1.464344801e+02 -1.464344801e+02 -1.6438e+00 +1.5733e-01 +1.7616e+00
99 +6.072199853e-01 +6.072199853e-01 -1.472927800e+02 -1.472927800e+02 -1.6996e+00 +6.5502e-01 +1.8078e+00
109 +2.846719331e-01 +2.846719331e-01 -1.476153281e+02 -1.476153281e+02 -1.7098e+00 +1.2025e-01 +1.0714e+00
156 +1.311153346e-01 +1.311153346e-01 -1.477688847e+02 -1.477688847e+02 -1.7028e+00 +2.2598e-01 +1.2360e+00
186 +9.833893867e-02 +9.833893867e-02 -1.478016611e+02 -1.478016611e+02 -1.6582e+00 +2.1461e-01 +1.2347e+00
213 +4.209413854e-02 +4.209413854e-02 -1.478579059e+02 -1.478579059e+02 -1.6704e+00 +1.4772e-01 +1.1777e+00
233 +3.958518662e-02 +3.958518662e-02 -1.478604148e+02 -1.478604148e+02 -1.6600e+00 +1.2552e-01 +1.1551e+00
264 +1.767481953e-02 +1.767481953e-02 -1.478823252e+02 -1.478823252e+02 -1.6725e+00 +1.2654e-01 +1.1248e+00
339 +8.411035134e-03 +8.411035134e-03 -1.478915890e+02 -1.478915890e+02 -1.6744e+00 +1.3451e-01 +1.1391e+00
368 +3.027061471e-03 +3.027061471e-03 -1.478969729e+02 -1.478969729e+02 -1.6705e+00 +1.3701e-01 +1.1402e+00
442 +1.774106442e-03 +1.774106442e-03 -1.478982259e+02 -1.478982259e+02 -1.6705e+00 +1.3522e-01 +1.1372e+00
455 +4.927633353e-04 +4.927633353e-04 -1.478995072e+02 -1.478995072e+02 -1.6703e+00 +1.3534e-01 +1.1371e+00
520 +2.914278869e-04 +2.914278869e-04 -1.478997086e+02 -1.478997086e+02 -1.6704e+00 +1.3516e-01 +1.1367e+00
558 +2.499492996e-04 +2.499492996e-04 -1.478997501e+02 -1.478997501e+02 -1.6703e+00 +1.3531e-01 +1.1369e+00
604 +3.070615986e-05 +3.070615986e-05 -1.478999693e+02 -1.478999693e+02 -1.6704e+00 +1.3519e-01 +1.1368e+00
655 +1.870757413e-05 +1.870757413e-05 -1.478999813e+02 -1.478999813e+02 -1.6704e+00 +1.3519e-01 +1.1368e+00
714 +1.449606819e-05 +1.449606819e-05 -1.478999855e+02 -1.478999855e+02 -1.6704e+00 +1.3520e-01 +1.1368e+00
742 +3.451381076e-06 +3.451381076e-06 -1.478999965e+02 -1.478999965e+02 -1.6704e+00 +1.3520e-01 +1.1368e+00
765 +2.237573113e-06 +2.237573113e-06 -1.478999978e+02 -1.478999978e+02 -1.6704e+00 +1.3520e-01 +1.1368e+00
769 +7.809236422e-07 +7.809236422e-07 -1.478999992e+02 -1.478999992e+02 -1.6704e+00 +1.3520e-01 +1.1368e+00
843 +6.028203927e-07 +6.028203927e-07 -1.478999994e+02 -1.478999994e+02 -1.6704e+00 +1.3520e-01 +1.1368e+00
869 +3.333542224e-07 +3.333542224e-07 -1.478999997e+02 -1.478999997e+02 -1.6704e+00 +1.3520e-01 +1.1368e+00
898 +2.347935038e-07 +2.347935038e-07 -1.478999998e+02 -1.478999998e+02 -1.6704e+00 +1.3520e-01 +1.1368e+00
948 +1.234647300e-07 +1.234647300e-07 -1.478999999e+02 -1.478999999e+02 -1.6704e+00 +1.3520e-01 +1.1368e+00
965 +5.539365588e-08 +5.539365588e-08 -1.478999999e+02 -1.478999999e+02 -1.6704e+00 +1.3520e-01 +1.1368e+00
987 +3.246722713e-08 +3.246722713e-08 -1.479000000e+02 -1.479000000e+02 -1.6704e+00 +1.3520e-01 +1.1368e+00
1011 +2.081895900e-08 +2.081895900e-08 -1.479000000e+02 -1.479000000e+02 -1.6704e+00 +1.3520e-01 +1.1368e+00
1025 +9.979117976e-09 +9.979117976e-09 -1.479000000e+02 -1.479000000e+02 -1.6704e+00 +1.3520e-01 +1.1368e+00
% function evaluation | noise-free fitness - Fopt (-1.479000000000e+02) | best noise-free fitness - Fopt | measured fitness | best measured fitness | x1 | x2...
1 +2.783458449e+01 +2.783458449e+01 -1.200654155e+02 -1.200654155e+02 +1.8035e+00 -1.3288e+00 +1.7291e+00
2 +1.457401613e+01 +1.457401613e+01 -1.333259839e+02 -1.333259839e+02 +1.9797e+00 +2.4194e+00 +4.7062e+00
3 +6.210277052e+00 +6.210277052e+00 -1.416897229e+02 -1.416897229e+02 -2.4651e+00 -1.9957e+00 -7.6572e-01
16 +3.028797709e+00 +3.028797709e+00 -1.448712023e+02 -1.448712023e+02 -1.9191e+00 +4.8650e-01 +3.5391e-01
32 +1.649579616e+00 +1.649579616e+00 -1.462504204e+02 -1.462504204e+02 -1.8548e+00 +7.3912e-01 +1.0301e+00
45 +1.410573963e+00 +1.410573963e+00 -1.464894260e+02 -1.464894260e+02 -1.5083e+00 +7.8540e-01 +2.0181e+00
55 +6.377997404e-01 +6.377997404e-01 -1.472622003e+02 -1.472622003e+02 -1.5111e+00 +4.1325e-01 +1.1508e+00
79 +2.352644235e-01 +2.352644235e-01 -1.476647356e+02 -1.476647356e+02 -1.6527e+00 +2.6696e-01 +1.2608e+00
113 +1.420101363e-01 +1.420101363e-01 -1.477579899e+02 -1.477579899e+02 -1.7322e+00 +2.4971e-01 +1.2983e+00
194 +4.749469657e-02 +4.749469657e-02 -1.478525053e+02 -1.478525053e+02 -1.6867e+00 +2.4812e-01 +1.3167e+00
1004 +3.954938041e-02 +3.954938041e-02 -1.478604506e+02 -1.478604506e+02 -1.6861e+00 +2.4617e-01 +1.3131e+00
2316 +2.370295691e-02 +2.370295691e-02 -1.478762970e+02 -1.478762970e+02 -1.6814e+00 +1.4841e-01 +1.1421e+00
2362 +1.263537878e-02 +1.263537878e-02 -1.478873646e+02 -1.478873646e+02 -1.6690e+00 +1.4208e-01 +1.1426e+00
2403 +7.101270038e-03 +7.101270038e-03 -1.478928987e+02 -1.478928987e+02 -1.6727e+00 +1.3971e-01 +1.1449e+00
2421 +4.313462434e-03 +4.313462434e-03 -1.478956865e+02 -1.478956865e+02 -1.6715e+00 +1.3401e-01 +1.1344e+00
2457 +3.672615536e-03 +3.672615536e-03 -1.478963274e+02 -1.478963274e+02 -1.6719e+00 +1.3541e-01 +1.1388e+00
2490 +2.246004923e-03 +2.246004923e-03 -1.478977540e+02 -1.478977540e+02 -1.6700e+00 +1.3656e-01 +1.1393e+00
2502 +7.289107371e-04 +7.289107371e-04 -1.478992711e+02 -1.478992711e+02 -1.6704e+00 +1.3476e-01 +1.1362e+00
2644 +2.727882207e-04 +2.727882207e-04 -1.478997272e+02 -1.478997272e+02 -1.6703e+00 +1.3517e-01 +1.1366e+00
2690 +9.411418253e-05 +9.411418253e-05 -1.478999059e+02 -1.478999059e+02 -1.6704e+00 +1.3531e-01 +1.1370e+00
2828 +3.480222648e-05 +3.480222648e-05 -1.478999652e+02 -1.478999652e+02 -1.6704e+00 +1.3520e-01 +1.1368e+00
2923 +1.891313892e-05 +1.891313892e-05 -1.478999811e+02 -1.478999811e+02 -1.6704e+00 +1.3518e-01 +1.1368e+00
2958 +1.577767546e-05 +1.577767546e-05 -1.478999842e+02 -1.478999842e+02 -1.6704e+00 +1.3521e-01 +1.1368e+00
3010 +9.305297510e-06 +9.305297510e-06 -1.478999907e+02 -1.478999907e+02 -1.6704e+00 +1.3520e-01 +1.1368e+00
3012 +2.998459195e-06 +2.998459195e-06 -1.478999970e+02 -1.478999970e+02 -1.6704e+00 +1.3520e-01 +1.1368e+00
3107 +1.549409149e-06 +1.549409149e-06 -1.478999985e+02 -1.478999985e+02 -1.6704e+00 +1.3520e-01 +1.1368e+00
3135 +9.246137438e-07 +9.246137438e-07 -1.478999991e+02 -1.478999991e+02 -1.6704e+00 +1.3520e-01 +1.1368e+00
3162 +5.537005165e-07 +5.537005165e-07 -1.478999994e+02 -1.478999994e+02 -1.6704e+00 +1.3520e-01 +1.1368e+00
3185 +3.914761635e-07 +3.914761635e-07 -1.478999996e+02 -1.478999996e+02 -1.6704e+00 +1.3520e-01 +1.1368e+00
3287 +2.346523331e-07 +2.346523331e-07 -1.478999998e+02 -1.478999998e+02 -1.6704e+00 +1.3520e-01 +1.1368e+00
3313 +5.713414453e-08 +5.713414453e-08 -1.478999999e+02 -1.478999999e+02 -1.6704e+00 +1.3520e-01 +1.1368e+00
3388 +3.484137778e-08 +3.484137778e-08 -1.479000000e+02 -1.479000000e+02 -1.6704e+00 +1.3520e-01 +1.1368e+00
3394 +1.672711392e-08 +1.672711392e-08 -1.479000000e+02 -1.479000000e+02 -1.6704e+00 +1.3520e-01 +1.1368e+00
3401 +1.378916181e-08 +1.378916181e-08 -1.479000000e+02 -1.479000000e+02 -1.6704e+00 +1.3520e-01 +1.1368e+00
3444 +8.331170420e-09 +8.331170420e-09 -1.479000000e+02 -1.479000000e+02 -1.6704e+00 +1.3520e-01 +1.1368e+00
3455 +6.013095799e-09 +6.013095799e-09 -1.479000000e+02 -1.479000000e+02 -1.6704e+00 +1.3520e-01 +1.1368e+00
