% function evaluation | noise-free fitness - Fopt (-1.694000000000e+01) | best noise-free fitness - Fopt | measured fitness | best measured fitness | x1 | x2...
1 +1.017957006e+02 +1.017957006e+02 +8.485570057e+01 +8.485570057e+01 -2.4358e+00 +7.6132e-01 -2.3852e+00 -3.7159e+00 +1.0605e+00
3 +6.030652892e+01 +6.030652892e+01 +4.336652892e+01 +4.336652892e+01 -2.2989e+00 -2.5707e+00 -3.9236e+00 -3.6589e+00 -1.4163e-01
8 +1.309629433e+01 +1.309629433e+01 -3.843705673e+00 -3.843705673e+00 +5.8218e-01 -1.1640e+00 -3.6410e+00 -1.2745e+00 -1.0242e+00
12 +8.582036735e+00 +8.582036735e+00 -8.357963265e+00 -8.357963265e+00 +3.5559e+00 +5.2424e-01 -4.5834e+00 +2.0367e+00 +1.4255e+00
27 +5.630069824e+00 +5.630069824e+00 -1.130993018e+01 -1.130993018e+01 +1.7983e+00 +3.8078e-01 -2.4468e+00 +3.0080e-01 -6.0158e-01
76 +2.591659729e+00 +2.591659729e+00 -1.434834027e+01 -1.434834027e+01 +4.3746e+00 +3.1498e+00 -1.1789e+00 +1.5582e+00 +3.8377e-01
86 +1.302999551e+00 +1.302999551e+00 -1.563700045e+01 -1.563700045e+01 +2.4436e+00 +1.7051e+00 -2.0708e+00 +2.1808e+00 +1.0577e+00
200 +6.987747129e-01 +6.987747129e-01 -1.624122529e+01 -1.624122529e+01 +3.6351e+00 +2.5138e+00 -1.8066e+00 +1.1224e+00 +1.1381e+00
216 +3.353383059e-01 +3.353383059e-01 -1.660466169e+01 -1.660466169e+01 +3.5260e+00 +2.6169e+00 -1.4339e+00 +1.4455e+00 +1.2271e+00
229 +1.783951860e-01 +1.783951860e-01 -1.676160481e+01 -1.676160481e+01 +3.7797e+00 +2.6147e+00 -1.4934e+00 +1.3635e+00 +1.4394e+00
282 +8.388029798e-02 +8.388029798e-02 -1.685611970e+01 -1.685611970e+01 +3.6992e+00 +2.5048e+00 -1.5215e+00 +1.5069e+00 +1.3986e+00
361 +4.292433778e-02 +4.292433778e-02 -1.689707566e+01 -1.689707566e+01 +3.7035e+00 +2.5718e+00 -1.5260e+00 +1.4540e+00 +1.4158e+00
387 +3.509150073e-02 +3.509150073e-02 -1.690490850e+01 -1.690490850e+01 +3.6716e+00 +2.5466e+00 -1.5315e+00 +1.4603e+00 +1.4019e+00
395 +2.396933995e-02 +2.396933995e-02 -1.691603066e+01 -1.691603066e+01 +3.6717e+00 +2.5519e+00 -1.5210e+00 +1.4660e+00 +1.3939e+00
396 +1.302972531e-02 +1.302972531e-02 -1.692697027e+01 -1.692697027e+01 +3.6664e+00 +2.5454e+00 -1.5265e+00 +1.4705e+00 +1.3988e+00
566 +9.720681757e-03 +9.720681757e-03 -1.693027932e+01 -1.693027932e+01 +3.6533e+00 +2.5497e+00 -1.5278e+00 +1.4752e+00 +1.3973e+00
595 +5.394882719e-03 +5.394882719e-03 -1.693460512e+01 -1.693460512e+01 +3.6565e+00 +2.5493e+00 -1.5306e+00 +1.4692e+00 +1.3945e+00
602 +2.892266936e-03 +2.892266936e-03 -1.693710773e+01 -1.693710773e+01 +3.6545e+00 +2.5493e+00 -1.5293e+00 +1.4706e+00 +1.3967e+00
643 +2.285140333e-03 +2.285140333e-03 -1.693771486e+01 -1.693771486e+01 +3.6556e+00 +2.5478e+00 -1.5301e+00 +1.4698e+00 +1.3953e+00
674 +1.432452191e-03 +1.432452191e-03 -1.693856755e+01 -1.693856755e+01 +3.6568e+00 +2.5494e+00 -1.5294e+00 +1.4695e+00 +1.3967e+00
703 +9.052915304e-04 +9.052915304e-04 -1.693909471e+01 -1.693909471e+01 +3.6555e+00 +2.5491e+00 -1.5301e+00 +1.4699e+00 +1.3955e+00
809 +5.904410910e-04 +5.904410910e-04 -1.693940956e+01 -1.693940956e+01 +3.6561e+00 +2.5495e+00 -1.5294e+00 +1.4694e+00 +1.3960e+00
821 +3.355794776e-04 +3.355794776e-04 -1.693966442e+01 -1.693966442e+01 +3.6560e+00 +2.5495e+00 -1.5296e+00 +1.4695e+00 +1.3961e+00
906 +2.355437638e-04 +2.355437638e-04 -1.693976446e+01 -1.693976446e+01 +3.6560e+00 +2.5495e+00 -1.5295e+00 +1.4697e+00 +1.3960e+00
921 +1.567270735e-04 +1.567270735e-04 -1.693984327e+01 -1.693984327e+01 +3.6560e+00 +2.5496e+00 -1.5296e+00 +1.4696e+00 +1.3960e+00
1123 +9.506703981e-05 +9.506703981e-05 -1.693990493e+01 -1.693990493e+01 +3.6561e+00 +2.5495e+00 -1.5296e+00 +1.4697e+00 +1.3960e+00
4665 +5.338610111e-05 +5.338610111e-05 -1.693994661e+01 -1.693994661e+01 +3.6560e+00 +2.5496e+00 -1.5296e+00 +1.4696e+00 +1.3960e+00
4728 +3.729200505e-05 +3.729200505e-05 -1.693996271e+01 -1.693996271e+01 +3.6560e+00 +2.5496e+00 -1.5296e+00 +1.4696e+00 +1.3960e+00
4801 +2.136898959e-05 +2.136898959e-05 -1.693997863e+01 -1.693997863e+01 +3.6560e+00 +2.5496e+00 -1.5296e+00 +1.4696e+00 +1.3960e+00
4826 +1.369308177e-05 +1.369308177e-05 -1.693998631e+01 -1.693998631e+01 +3.6560e+00 +2.5496e+00 -1.5296e+00 +1.4696e+00 +1.3960e+00
4990 +4.202656211e-06 +4.202656211e-06 -1.693999580e+01 -1.693999580e+01 +3.6560e+00 +2.5496e+00 -1.5296e+00 +1.4696e+00 +1.3960e+00
5039 +3.258504442e-06 +3.258504442e-06 -1.693999674e+01 -1.693999674e+01 +3.6560e+00 +2.5496e+00 -1.5296e+00 +1.4696e+00 +1.3960e+00
5126 +2.102253777e-06 +2.102253777e-06 -1.693999790e+01 -1.693999790e+01 +3.6560e+00 +2.5496e+00 -1.5296e+00 +1.4696e+00 +1.3960e+00
5135 +1.205359283e-06 +1.205359283e-06 -1.693999879e+01 -1.693999879e+01 +3.6560e+00 +2.5496e+00 -1.5296e+00 +1.4696e+00 +1.3960e+00
5181 +9.791908830e-07 +9.791908830e-07 -1.693999902e+01 -1.693999902e+01 +3.6560e+00 +2.5496e+00 -1.5296e+00 +1.4696e+00 +1.3960e+00
5285 +5.745595608e-07 +5.745595608e-07 -1.693999943e+01 -1.693999943e+01 +3.6560e+00 +2.5496e+00 -1.5296e+00 +1.4696e+00 +1.3960e+00
5333 +3.789443994e-07 +3.789443994e-07 -1.693999962e+01 -1.693999962e+01 +3.6560e+00 +2.5496e+00 -1.5296e+00 +1.4696e+00 +1.3960e+00
5422 +2.437830346e-07 +2.437830346e-07 -1.693999976e+01 -1.693999976e+01 +3.6560e+00 +2.5496e+00 -1.5296e+00 +1.4696e+00 +1.3960e+00
5528 +1.273177297e-07 +1.273177297e-07 -1.693999987e+01 -1.693999987e+01 +3.6560e+00 +2.5496e+00 -1.5296e+00 +1.4696e+00 +1.3960e+00
5617 +9.714140248e-08 +9.714140248e-08 -1.693999990e+01 -1.693999990e+01 +3.6560e+00 +2.5496e+00 -1.5296e+00 +1.4696e+00 +1.3960e+00
5635 +4.221787009e-08 +4.221787009e-08 -1.693999996e+01 -1.693999996e+01 +3.6560e+00 +2.5496e+00 -1.5296e+00 +1.4696e+00 +1.3960e+00
5672 +2.659934850e-08 +2.659934850e-08 -1.693999997e+01 -1.693999997e+01 +3.6560e+00 +2.5496e+00 -1.5296e+00 +1.4696e+00 +1.3960e+00
5762 +2.268251720e-08 +2.268251720e-08 -1.693999998e+01 -1.693999998e+01 +3.6560e+00 +2.5496e+00 -1.5296e+00 +1.4696e+00 +1.3960e+00
5773 +7.051959017e-09 +7.051959017e-09 -1.693999999e+01 -1.693999999e+01 +3.6560e+00 +2.5496e+00 -1.5296e+00 +1.4696e+00 +1.3960e+00
5788 +2.762586604e-09 +2.762586604e-09 -1.694000000e+01 -1.694000000e+01 +3.6560e+00 +2.5496e+00 -1.5296e+00 +1.4696e+00 +1.3960e+00
% function evaluation | noise-free fitness - Fopt (-1.694000000000e+01) | best noise-free fitness - Fopt | measured fitness | best measured fitness | x1 | x2...
1 +2.303031804e+02 +2.303031804e+02 +2.133631804e+02 +2.133631804e+02 -3.0974e+00 +3.0725e+00 +1.8184e+00 +2.8012e+00 +3.5634e+00
2 +1.142038458e+02 +1.142038458e+02 +9.726384575e+01 +9.726384575e+01 -2.4199e+00 +3.4163e+00 +9.6137e-01 +1.0828e+00 +8.6958e-01
8 +5.825101519e+01 +5.825101519e+01 +4.131101519e+01 +4.131101519e+01 -1.3767e+00 +1.0608e+00 -1.4013e+00 +4.0895e+00 +3.3524e+00
13 +2.289359398e+01 +2.289359398e+01 +5.953593977e+00 +5.953593977e+00 -3.5798e-01 +5.7509e-02 -2.6131e+00 +5.3452e+00 +1.0408e+00
18 +1.403759423e+01 +1.403759423e+01 -2.902405767e+00 -2.902405767e+00 +1.4125e+00 -6.8923e-01 -1.3532e+00 +3.1412e+00 +4.7121e+00
23 +8.825685224e+00 +8.825685224e+00 -8.114314776e+00 -8.114314776e+00 +1.5200e-01 -3.9344e-01 -1.7403e+00 +4.3109e+00 +3.8903e-01
88 +5.978895157e+00 +5.978895157e+00 -1.096110484e+01 -1.096110484e+01 +3.6120e+00 -5.2540e-01 -1.1487e+00 -1.0301e-02 +1.8838e-01
140 +2.372063078e+00 +2.372063078e+00 -1.456793692e+01 -1.456793692e+01 +2.6217e+00 +6.8849e-01 -1.4342e+00 +1.6667e+00 +3.8155e-01
176 +1.289264506e+00 +1.289264506e+00 -1.565073549e+01 -1.565073549e+01 +4.1133e+00 +2.0797e+00 -1.5035e+00 +1.8115e+00 +1.6201e+00
233 +5.251780166e-01 +5.251780166e-01 -1.641482198e+01 -1.641482198e+01 +3.8776e+00 +2.4207e+00 -1.6210e+00 +1.5080e+00 +1.6123e+00
289 +3.089504368e-01 +3.089504368e-01 -1.663104956e+01 -1.663104956e+01 +3.5355e+00 +2.5255e+00 -1.5497e+00 +1.6035e+00 +1.4409e+00
357 +2.474776438e-01 +2.474776438e-01 -1.669252236e+01 -1.669252236e+01 +3.5595e+00 +2.5918e+00 -1.5913e+00 +1.5521e+00 +1.3932e+00
416 +1.124957416e-01 +1.124957416e-01 -1.682750426e+01 -1.682750426e+01 +3.4979e+00 +2.4828e+00 -1.5775e+00 +1.5839e+00 +1.4181e+00
463 +9.309887873e-02 +9.309887873e-02 -1.684690112e+01 -1.684690112e+01 +3.5640e+00 +2.5533e+00 -1.5687e+00 +1.5138e+00 +1.3724e+00
561 +6.225729105e-02 +6.225729105e-02 -1.687774271e+01 -1.687774271e+01 +3.6226e+00 +2.5760e+00 -1.5354e+00 +1.4876e+00 +1.4195e+00
578 +3.857339954e-02 +3.857339954e-02 -1.690142660e+01 -1.690142660e+01 +3.6686e+00 +2.5541e+00 -1.5144e+00 +1.4539e+00 +1.3968e+00
592 +2.476383914e-02 +2.476383914e-02 -1.691523616e+01 -1.691523616e+01 +3.6487e+00 +2.5382e+00 -1.5306e+00 +1.4721e+00 +1.3913e+00
700 +1.273201285e-02 +1.273201285e-02 -1.692726799e+01 -1.692726799e+01 +3.6513e+00 +2.5536e+00 -1.5294e+00 +1.4656e+00 +1.3976e+00
742 +7.622880465e-03 +7.622880465e-03 -1.693237712e+01 -1.693237712e+01 +3.6491e+00 +2.5511e+00 -1.5309e+00 +1.4696e+00 +1.3948e+00
770 +6.031610883e-03 +6.031610883e-03 -1.693396839e+01 -1.693396839e+01 +3.6579e+00 +2.5543e+00 -1.5296e+00 +1.4716e+00 +1.3989e+00
833 +3.303647506e-03 +3.303647506e-03 -1.693669635e+01 -1.693669635e+01 +3.6573e+00 +2.5477e+00 -1.5293e+00 +1.4709e+00 +1.3965e+00
852 +2.061658003e-03 +2.061658003e-03 -1.693793834e+01 -1.693793834e+01 +3.6546e+00 +2.5492e+00 -1.5298e+00 +1.4698e+00 +1.3955e+00
918 +1.241724654e-03 +1.241724654e-03 -1.693875828e+01 -1.693875828e+01 +3.6569e+00 +2.5500e+00 -1.5294e+00 +1.4694e+00 +1.3959e+00
960 +6.520766769e-04 +6.520766769e-04 -1.693934792e+01 -1.693934792e+01 +3.6561e+00 +2.5496e+00 -1.5293e+00 +1.4698e+00 +1.3956e+00
1014 +5.387868412e-04 +5.387868412e-04 -1.693946121e+01 -1.693946121e+01 +3.6559e+00 +2.5495e+00 -1.5296e+00 +1.4700e+00 +1.3961e+00
1048 +3.193961095e-04 +3.193961095e-04 -1.693968060e+01 -1.693968060e+01 +3.6561e+00 +2.5496e+00 -1.5295e+00 +1.4696e+00 +1.3961e+00
1065 +2.366757214e-04 +2.366757214e-04 -1.693976332e+01 -1.693976332e+01 +3.6559e+00 +2.5494e+00 -1.5297e+00 +1.4697e+00 +1.3959e+00
1162 +1.034434794e-04 +1.034434794e-04 -1.693989656e+01 -1.693989656e+01 +3.6560e+00 +2.5496e+00 -1.5296e+00 +1.4696e+00 +1.3960e+00
1198 +9.385394820e-05 +9.385394820e-05 -1.693990615e+01 -1.693990615e+01 +3.6558e+00 +2.5494e+00 -1.5297e+00 +1.4697e+00 +1.3959e+00
1219 +5.677225682e-05 +5.677225682e-05 -1.693994323e+01 -1.693994323e+01 +3.6560e+00 +2.5496e+00 -1.5296e+00 +1.4696e+00 +1.3960e+00
1308 +3.518302882e-05 +3.518302882e-05 -1.693996482e+01 -1.693996482e+01 +3.6560e+00 +2.5496e+00 -1.5296e+00 +1.4696e+00 +1.3960e+00
1351 +2.420535125e-05 +2.420535125e-05 -1.693997579e+01 -1.693997579e+01 +3.6560e+00 +2.5496e+00 -1.5296e+00 +1.4696e+00 +1.3960e+00
1433 +1.558006504e-05 +1.558006504e-05 -1.693998442e+01 -1.693998442e+01 +3.6560e+00 +2.5496e+00 -1.5296e+00 +1.4696e+00 +1.3960e+00
1666 +9.890657072e-06 +9.890657072e-06 -1.693999011e+01 -1.693999011e+01 +3.6560e+00 +2.5496e+00 -1.5296e+00 +1.4696e+00 +1.3960e+00
4750 +2.034672981e-06 +2.034672981e-06 -1.693999797e+01 -1.693999797e+01 +3.6560e+00 +2.5496e+00 -1.5296e+00 +1.4696e+00 +1.3960e+00
4860 +1.028868795e-06 +1.028868795e-06 -1.693999897e+01 -1.693999897e+01 +3.6560e+00 +2.5496e+00 -1.5296e+00 +1.4696e+00 +1.3960e+00
4891 +7.599417167e-07 +7.599417167e-07 -1.693999924e+01 -1.693999924e+01 +3.6560e+00 +2.5496e+00 -1.5296e+00 +1.4696e+00 +1.3960e+00
4934 +6.012353886e-07 +6.012353886e-07 -1.693999940e+01 -1.693999940e+01 +3.6560e+00 +2.5496e+00 -1.5296e+00 +1.4696e+00 +1.3960e+00
5040 +2.995298480e-07 +2.995298480e-07 -1.693999970e+01 -1.693999970e+01 +3.6560e+00 +2.5496e+00 -1.5296e+00 +1.4696e+00 +1.3960e+00
5155 +2.376246613e-07 +2.376246613e-07 -1.693999976e+01 -1.693999976e+01 +3.6560e+00 +2.5496e+00 -1.5296e+00 +1.4696e+00 +1.3960e+00
5272 +1.231616729e-07 +1.231616729e-07 -1.693999988e+01 -1.693999988e+01 +3.6560e+00 +2.5496e+00 -1.5296e+00 +1.4696e+00 +1.3960e+00
5289 +9.860253058e-08 +9.860253058e-08 -1.693999990e+01 -1.693999990e+01 +3.6560e+00 +2.5496e+00 -1.5296e+00 +1.4696e+00 +1.3960e+00
5355 +5.823721594e-08 +5.823721594e-08 -1.693999994e+01 -1.693999994e+01 +3.6560e+00 +2.5496e+00 -1.5296e+00 +1.4696e+00 +1.3960e+00
5435 +2.734009996e-08 +2.734009996e-08 -1.693999997e+01 -1.693999997e+01 +3.6560e+00 +2.5496e+00 -1.5296e+00 +1.4696e+00 +1.3960e+00
5497 +2.392114951e-08 +2.392114951e-08 -1.693999998e+01 -1.693999998e+01 +3.6560e+00 +2.5496e+00 -1.5296e+00 +1.4696e+00 +1.3960e+00
5498 +1.264463023e-08 +1.264463023e-08 -1.693999999e+01 -1.693999999e+01 +3.6560e+00 +2.5496e+00 -1.5296e+00 +1.4696e+00 +1.3960e+00
5507 +8.167702958e-09 +8.167702958e-09 -1.693999999e+01 -1.693999999e+01 +3.6560e+00 +2.5496e+00 -1.5296e+00 +1.4696e+00 +1.3960e+00
5516 +2.973713720e-09 +2.973713720e-09 -1.694000000e+01 -1.694000000e+01 +3.6560e+00 +2.5496e+00 -1.5296e+00 +1.4696e+00 +1.3960e+00
% function evaluation | noise-free fitness - Fopt (-1.694000000000e+01) | best noise-free fitness - Fopt | measured fitness | best measured fitness | x1 | x2...
1 +2.838663964e+02 +2.838663964e+02 +2.669263964e+02 +2.669263964e+02 -3.9252e+00 +2.2032e+00 -2.5347e+00 -3.1614e+00 +1.2421e+00
2 +1.239391720e+02 +1.239391720e+02 +1.069991720e+02 +1.069991720e+02 -3.1916e+00 +8.0314e-01 -9.5814e-02 -1.5079e+00 -1.2084e+00
10 +5.926783201e+01 +5.926783201e+01 +4.232783201e+01 +4.232783201e+01 -3.4985e+00 -1.8534e-01 -3.4008e+00 -3.6823e+00 -4.5738e+00
17 +3.295647472e+01 +3.295647472e+01 +1.601647472e+01 +1.601647472e+01 -9.4307e-01 +2.6099e+00 -3.6210e+00 -1.6817e+00 +2.3626e-01
18 +2.298083249e+01 +2.298083249e+01 +6.040832490e+00 +6.040832490e+00 -2.0296e-01 +1.0136e+00 -5.5426e+00 -6.5230e-01 -1.5059e-02
22 +1.218731938e+01 +1.218731938e+01 -4.752680615e+00 -4.752680615e+00 +1.7998e-01 +1.3191e+00 +3.8855e-01 -2.1776e+00 -2.2408e+00
42 +9.191646348e+00 +9.191646348e+00 -7.748353652e+00 -7.748353652e+00 +1.7389e+00 +2.3802e-01 -2.2372e+00 -3.5295e+00 -1.1417e+00
56 +5.654189215e+00 +5.654189215e+00 -1.128581078e+01 -1.128581078e+01 +4.0091e+00 -3.4182e-01 -2.1243e-01 -4.6184e+00 -1.9304e+00
138 +3.616580616e+00 +3.616580616e+00 -1.332341938e+01 -1.332341938e+01 +2.5726e+00 +3.9848e+00 -8.8063e-01 +1.3531e+00 +1.8829e+00
180 +1.928818104e+00 +1.928818104e+00 -1.501118190e+01 -1.501118190e+01 +3.9221e+00 +3.8972e+00 -1.3337e+00 +1.6848e+00 +1.9785e+00
208 +1.276365138e+00 +1.276365138e+00 -1.566363486e+01 -1.566363486e+01 +3.7486e+00 +3.1844e+00 -1.2785e+00 +1.6427e+00 +1.9453e+00
220 +9.176619925e-01 +9.176619925e-01 -1.602233801e+01 -1.602233801e+01 +4.0494e+00 +3.3228e+00 -1.3682e+00 +1.8661e+00 +1.7196e+00
295 +5.273345608e-01 +5.273345608e-01 -1.641266544e+01 -1.641266544e+01 +3.6870e+00 +2.6159e+00 -1.4264e+00 +1.5270e+00 +1.1266e+00
314 +2.457695092e-01 +2.457695092e-01 -1.669423049e+01 -1.669423049e+01 +3.8394e+00 +2.3697e+00 -1.4327e+00 +1.5207e+00 +1.4044e+00
433 +1.510734037e-01 +1.510734037e-01 -1.678892660e+01 -1.678892660e+01 +3.6507e+00 +2.5667e+00 -1.5760e+00 +1.5716e+00 +1.4107e+00
450 +9.293116208e-02 +9.293116208e-02 -1.684706884e+01 -1.684706884e+01 +3.6663e+00 +2.5821e+00 -1.5183e+00 +1.5629e+00 +1.4118e+00
637 +5.750971614e-02 +5.750971614e-02 -1.688249028e+01 -1.688249028e+01 +3.6578e+00 +2.6028e+00 -1.5502e+00 +1.5871e+00 +1.4559e+00
1259 +3.961591016e-02 +3.961591016e-02 -1.690038409e+01 -1.690038409e+01 +3.6470e+00 +2.5939e+00 -1.5547e+00 +1.5910e+00 +1.4502e+00
4119 +1.772848012e-02 +1.772848012e-02 -1.692227152e+01 -1.692227152e+01 +3.6476e+00 +2.5609e+00 -1.5279e+00 +1.4652e+00 +1.4040e+00
4150 +1.377971594e-02 +1.377971594e-02 -1.692622028e+01 -1.692622028e+01 +3.6595e+00 +2.5529e+00 -1.5240e+00 +1.4632e+00 +1.3988e+00
4245 +6.560556938e-03 +6.560556938e-03 -1.693343944e+01 -1.693343944e+01 +3.6574e+00 +2.5491e+00 -1.5278e+00 +1.4663e+00 +1.3971e+00
4327 +3.283851416e-03 +3.283851416e-03 -1.693671615e+01 -1.693671615e+01 +3.6581e+00 +2.5503e+00 -1.5281e+00 +1.4665e+00 +1.3954e+00
4443 +1.980435667e-03 +1.980435667e-03 -1.693801956e+01 -1.693801956e+01 +3.6554e+00 +2.5497e+00 -1.5290e+00 +1.4702e+00 +1.3971e+00
4503 +1.582010066e-03 +1.582010066e-03 -1.693841799e+01 -1.693841799e+01 +3.6580e+00 +2.5517e+00 -1.5287e+00 +1.4681e+00 +1.3972e+00
4512 +7.092640556e-04 +7.092640556e-04 -1.693929074e+01 -1.693929074e+01 +3.6566e+00 +2.5501e+00 -1.5291e+00 +1.4694e+00 +1.3962e+00
4601 +5.838068302e-04 +5.838068302e-04 -1.693941619e+01 -1.693941619e+01 +3.6563e+00 +2.5500e+00 -1.5294e+00 +1.4692e+00 +1.3962e+00
4640 +3.555096980e-04 +3.555096980e-04 -1.693964449e+01 -1.693964449e+01 +3.6560e+00 +2.5498e+00 -1.5295e+00 +1.4694e+00 +1.3961e+00
4765 +1.702969347e-04 +1.702969347e-04 -1.693982970e+01 -1.693982970e+01 +3.6561e+00 +2.5497e+00 -1.5296e+00 +1.4696e+00 +1.3960e+00
4851 +1.255651507e-04 +1.255651507e-04 -1.693987443e+01 -1.693987443e+01 +3.6561e+00 +2.5497e+00 -1.5295e+00 +1.4695e+00 +1.3960e+00
4880 +6.923569008e-05 +6.923569008e-05 -1.693993076e+01 -1.693993076e+01 +3.6560e+00 +2.5497e+00 -1.5296e+00 +1.4696e+00 +1.3960e+00
4921 +3.189410027e-05 +3.189410027e-05 -1.693996811e+01 -1.693996811e+01 +3.6560e+00 +2.5496e+00 -1.5296e+00 +1.4696e+00 +1.3960e+00
5079 +1.965092709e-05 +1.965092709e-05 -1.693998035e+01 -1.693998035e+01 +3.6560e+00 +2.5496e+00 -1.5296e+00 +1.4696e+00 +1.3960e+00
5203 +1.201510281e-05 +1.201510281e-05 -1.693998798e+01 -1.693998798e+01 +3.6560e+00 +2.5496e+00 -1.5296e+00 +1.4696e+00 +1.3960e+00
5280 +9.436206124e-06 +9.436206124e-06 -1.693999056e+01 -1.693999056e+01 +3.6560e+00 +2.5496e+00 -1.5296e+00 +1.4696e+00 +1.3960e+00
10409 +4.776809977e-06 +4.776809977e-06 -1.693999522e+01 -1.693999522e+01 +3.6560e+00 +2.5496e+00 -1.5296e+00 +1.4696e+00 +1.3960e+00
10485 +1.946095271e-06 +1.946095271e-06 -1.693999805e+01 -1.693999805e+01 +3.6560e+00 +2.5496e+00 -1.5296e+00 +1.4696e+00 +1.3960e+00
10538 +1.277084369e-06 +1.277084369e-06 -1.693999872e+01 -1.693999872e+01 +3.6560e+00 +2.5496e+00 -1.5296e+00 +1.4696e+00 +1.3960e+00
10601 +6.848077199e-07 +6.848077199e-07 -1.693999932e+01 -1.693999932e+01 +3.6560e+00 +2.5496e+00 -1.5296e+00 +1.4696e+00 +1.3960e+00
10681 +5.690376064e-07 +5.690376064e-07 -1.693999943e+01 -1.693999943e+01 +3.6560e+00 +2.5496e+00 -1.5296e+00 +1.4696e+00 +1.3960e+00
10775 +3.550766294e-07 +3.550766294e-07 -1.693999964e+01 -1.693999964e+01 +3.6560e+00 +2.5496e+00 -1.5296e+00 +1.4696e+00 +1.3960e+00
10882 +2.143209379e-07 +2.143209379e-07 -1.693999979e+01 -1.693999979e+01 +3.6560e+00 +2.5496e+00 -1.5296e+00 +1.4696e+00 +1.3960e+00
10954 +1.487619414e-07 +1.487619414e-07 -1.693999985e+01 -1.693999985e+01 +3.6560e+00 +2.5496e+00 -1.5296e+00 +1.4696e+00 +1.3960e+00
11113 +9.566629444e-08 +9.566629444e-08 -1.693999990e+01 -1.693999990e+01 +3.6560e+00 +2.5496e+00 -1.5296e+00 +1.4696e+00 +1.3960e+00
11156 +4.301699619e-08 +4.301699619e-08 -1.693999996e+01 -1.693999996e+01 +3.6560e+00 +2.5496e+00 -1.5296e+00 +1.4696e+00 +1.3960e+00
11211 +3.676444749e-08 +3.676444749e-08 -1.693999996e+01 -1.693999996e+01 +3.6560e+00 +2.5496e+00 -1.5296e+00 +1.4696e+00 +1.3960e+00
11284 +1.806765226e-08 +1.806765226e-08 -1.693999998e+01 -1.693999998e+01 +3.6560e+00 +2.5496e+00 -1.5296e+00 +1.4696e+00 +1.3960e+00
11403 +1.451078546e-08 +1.451078546e-08 -1.693999999e+01 -1.693999999e+01 +3.6560e+00 +2.5496e+00 -1.5296e+00 +1.4696e+00 +1.3960e+00
11433 +9.486218033e-09 +9.486218033e-09 -1.693999999e+01 -1.693999999e+01 +3.6560e+00 +2.5496e+00 -1.5296e+00 +1.4696e+00 +1.3960e+00
11462 +4.104904860e-09 +4.104904860e-09 -1.694000000e+01 -1.694000000e+01 +3.6560e+00 +2.5496e+00 -1.5296e+00 +1.4696e+00 +1.3960e+00
% function evaluation | noise-free fitness - Fopt (1.881000000000e+01) | best noise-free fitness - Fopt | measured fitness | best measured fitness | x1 | x2...
1 +1.057975478e+01 +1.057975478e+01 +2.938975478e+01 +2.938975478e+01 +1.0188e+00 +8.6269e-01 -1.0644e+00 +2.3011e+00 -3.2883e+00
10 +6.242833587e+00 +6.242833587e+00 +2.505283359e+01 +2.505283359e+01 +5.6444e-01 +2.9968e+00 -2.7523e-01 -1.4752e+00 -9.9393e-01
18 +3.186769547e+00 +3.186769547e+00 +2.199676955e+01 +2.199676955e+01 -1.1551e+00 +1.9832e+00 -1.1230e+00 +1.1134e+00 +1.3505e+00
82 +2.328377191e+00 +2.328377191e+00 +2.113837719e+01 +2.113837719e+01 -8.3217e-01 +1.4584e+00 -1.9002e+00 -2.0138e-01 +2.7997e-01
102 +1.006393029e+00 +1.006393029e+00 +1.981639303e+01 +1.981639303e+01 +1.4060e-01 +1.7588e+00 -1.1667e+00 -8.9953e-02 +2.1132e+00
158 +5.061449485e-01 +5.061449485e-01 +1.931614495e+01 +1.931614495e+01 +7.4074e-02 +1.9229e+00 -9.1887e-01 -1.0574e-01 +1.9349e+00
240 +2.127759298e-01 +2.127759298e-01 +1.902277593e+01 +1.902277593e+01 -2.3384e-01 +1.6996e+00 -8.2989e-01 -1.1210e-01 +1.6911e+00
333 +1.159626306e-01 +1.159626306e-01 +1.892596263e+01 +1.892596263e+01 -1.3297e-01 +1.7046e+00 -8.0204e-01 -2.1899e-01 +1.8515e+00
414 +7.059703384e-02 +7.059703384e-02 +1.888059703e+01 +1.888059703e+01 -1.6322e-01 +1.6973e+00 -7.7430e-01 -1.3552e-01 +1.7861e+00
458 +5.113326067e-02 +5.113326067e-02 +1.886113326e+01 +1.886113326e+01 -1.8391e-01 +1.7066e+00 -7.9898e-01 -1.5613e-01 +1.7786e+00
525 +3.668395625e-02 +3.668395625e-02 +1.884668396e+01 +1.884668396e+01 -1.6479e-01 +1.7000e+00 -8.0378e-01 -1.4675e-01 +1.7670e+00
668 +2.336304743e-02 +2.336304743e-02 +1.883336305e+01 +1.883336305e+01 -1.6647e-01 +1.7104e+00 -8.0434e-01 -1.4502e-01 +1.7698e+00
819 +1.414442911e-02 +1.414442911e-02 +1.882414443e+01 +1.882414443e+01 -1.6708e-01 +1.7050e+00 -8.0309e-01 -1.4959e-01 +1.7734e+00
3822 +8.865055324e-03 +8.865055324e-03 +1.881886506e+01 +1.881886506e+01 -1.9377e-01 +1.7775e+00 -8.2012e-01 -3.7470e-02 +1.6759e+00
3848 +5.278650380e-03 +5.278650380e-03 +1.881527865e+01 +1.881527865e+01 -1.8935e-01 +1.7776e+00 -8.2165e-01 -3.8777e-02 +1.6780e+00
3972 +3.590034767e-03 +3.590034767e-03 +1.881359003e+01 +1.881359003e+01 -1.9165e-01 +1.7798e+00 -8.2184e-01 -3.4356e-02 +1.6723e+00
4022 +1.237864411e-03 +1.237864411e-03 +1.881123786e+01 +1.881123786e+01 -1.9138e-01 +1.7799e+00 -8.2199e-01 -3.4122e-02 +1.6720e+00
4080 +4.924215746e-04 +4.924215746e-04 +1.881049242e+01 +1.881049242e+01 -1.9141e-01 +1.7809e+00 -8.2256e-01 -3.3433e-02 +1.6718e+00
4216 +2.724495679e-04 +2.724495679e-04 +1.881027245e+01 +1.881027245e+01 -1.9110e-01 +1.7806e+00 -8.2240e-01 -3.3687e-02 +1.6721e+00
4232 +2.400033056e-04 +2.400033056e-04 +1.881024000e+01 +1.881024000e+01 -1.9116e-01 +1.7809e+00 -8.2226e-01 -3.3693e-02 +1.6720e+00
4362 +1.534541690e-04 +1.534541690e-04 +1.881015345e+01 +1.881015345e+01 -1.9117e-01 +1.7807e+00 -8.2236e-01 -3.3563e-02 +1.6720e+00
4365 +7.510910753e-05 +7.510910753e-05 +1.881007511e+01 +1.881007511e+01 -1.9121e-01 +1.7808e+00 -8.2243e-01 -3.3614e-02 +1.6720e+00
4395 +6.021885875e-05 +6.021885875e-05 +1.881006022e+01 +1.881006022e+01 -1.9119e-01 +1.7808e+00 -8.2239e-01 -3.3636e-02 +1.6720e+00
4507 +3.189698545e-05 +3.189698545e-05 +1.881003190e+01 +1.881003190e+01 -1.9120e-01 +1.7808e+00 -8.2239e-01 -3.3601e-02 +1.6720e+00
4617 +2.358237890e-05 +2.358237890e-05 +1.881002358e+01 +1.881002358e+01 -1.9119e-01 +1.7808e+00 -8.2239e-01 -3.3603e-02 +1.6720e+00
4718 +4.862884495e-06 +4.862884495e-06 +1.881000486e+01 +1.881000486e+01 -1.9120e-01 +1.7808e+00 -8.2240e-01 -3.3602e-02 +1.6720e+00
4840 +2.562864243e-06 +2.562864243e-06 +1.881000256e+01 +1.881000256e+01 -1.9120e-01 +1.7808e+00 -8.2240e-01 -3.3599e-02 +1.6720e+00
4914 +2.391139109e-06 +2.391139109e-06 +1.881000239e+01 +1.881000239e+01 -1.9120e-01 +1.7808e+00 -8.2240e-01 -3.3599e-02 +1.6720e+00
4949 +1.259269943e-06 +1.259269943e-06 +1.881000126e+01 +1.881000126e+01 -1.9120e-01 +1.7808e+00 -8.2240e-01 -3.3599e-02 +1.6720e+00
4983 +6.725476211e-07 +6.725476211e-07 +1.881000067e+01 +1.881000067e+01 -1.9120e-01 +1.7808e+00 -8.2240e-01 -3.3600e-02 +1.6720e+00
4999 +6.247266953e-07 +6.247266953e-07 +1.881000062e+01 +1.881000062e+01 -1.9120e-01 +1.7808e+00 -8.2240e-01 -3.3600e-02 +1.6720e+00
5173 +3.535502167e-07 +3.535502167e-07 +1.881000035e+01 +1.881000035e+01 -1.9120e-01 +1.7808e+00 -8.2240e-01 -3.3600e-02 +1.6720e+00
5255 +2.436621216e-07 +2.436621216e-07 +1.881000024e+01 +1.881000024e+01 -1.9120e-01 +1.7808e+00 -8.2240e-01 -3.3600e-02 +1.6720e+00
5318 +1.404613776e-07 +1.404613776e-07 +1.881000014e+01 +1.881000014e+01 -1.9120e-01 +1.7808e+00 -8.2240e-01 -3.3600e-02 +1.6720e+00
5400 +8.345498159e-08 +8.345498159e-08 +1.881000008e+01 +1.881000008e+01 -1.9120e-01 +1.7808e+00 -8.2240e-01 -3.3600e-02 +1.6720e+00
5440 +6.015921628e-08 +6.015921628e-08 +1.881000006e+01 +1.881000006e+01 -1.9120e-01 +1.7808e+00 -8.2240e-01 -3.3600e-02 +1.6720e+00
5445 +2.577560565e-08 +2.577560565e-08 +1.881000003e+01 +1.881000003e+01 -1.9120e-01 +1.7808e+00 -8.2240e-01 -3.3600e-02 +1.6720e+00
5544 +1.846397879e-08 +1.846397879e-08 +1.881000002e+01 +1.881000002e+01 -1.9120e-01 +1.7808e+00 -8.2240e-01 -3.3600e-02 +1.6720e+00
5549 +1.544645301e-08 +1.544645301e-08 +1.881000002e+01 +1.881000002e+01 -1.9120e-01 +1.7808e+00 -8.2240e-01 -3.3600e-02 +1.6720e+00
5617 +4.909672668e-09 +4.909672668e-09 +1.881000000e+01 +1.881000000e+01 -1.9120e-01 +1.7808e+00 -8.2240e-01 -3.3600e-02 +1.6720e+00
% function evaluation | noise-free fitness - Fopt (1.881000000000e+01) | best noise-free fitness - Fopt | measured fitness | best measured fitness | x1 | x2...
1 +9.506483965e+00 +9.506483965e+00 +2.831648396e+01 +2.831648396e+01 +2.2353e+00 +3.5762e+00 +2.0040e+00 -4.9652e-01 +3.5337e+00
10 +4.914060381e+00 +4.914060381e+00 +2.372406038e+01 +2.372406038e+01 +6.5736e-01 -4.8417e-01 +2.2229e+00 -9.4178e-01 +4.1100e+00
26 +2.329466092e+00 +2.329466092e+00 +2.113946609e+01 +2.113946609e+01 -1.0745e-02 +2.2190e+00 -2.8903e-01 -2.6812e-01 +1.9039e+00
117 +1.454422542e+00 +1.454422542e+00 +2.026442254e+01 +2.026442254e+01 -3.9794e-01 +1.2718e+00 -1.0015e+00 +1.4567e-01 +2.7599e+00
150 +8.802659412e-01 +8.802659412e-01 +1.969026594e+01 +1.969026594e+01 -2.7546e-01 +1.6242e+00 -1.2092e+00 +1.1196e-01 +1.6922e+00
157 +5.935653574e-01 +5.935653574e-01 +1.940356536e+01 +1.940356536e+01 -3.6278e-01 +1.7982e+00 -1.1648e+00 -1.5129e-01 +1.5909e+00
200 +3.960751596e-01 +3.960751596e-01 +1.920607516e+01 +1.920607516e+01 -1.9742e-01 +1.6810e+00 -9.1899e-01 -1.4173e-01 +1.8366e+00
228 +2.025209053e-01 +2.025209053e-01 +1.901252091e+01 +1.901252091e+01 -2.0921e-01 +1.8427e+00 -9.4866e-01 -6.8336e-02 +1.7411e+00
231 +1.531792870e-01 +1.531792870e-01 +1.896317929e+01 +1.896317929e+01 -1.8671e-01 +1.8661e+00 -8.2156e-01 -1.1568e-01 +1.6011e+00
252 +8.515892534e-02 +8.515892534e-02 +1.889515893e+01 +1.889515893e+01 -2.4233e-01 +1.7647e+00 -8.4040e-01 -5.2223e-02 +1.6869e+00
339 +5.900953754e-02 +5.900953754e-02 +1.886900954e+01 +1.886900954e+01 -2.1217e-01 +1.7795e+00 -8.2658e-01 -4.6180e-02 +1.6781e+00
361 +3.432171491e-02 +3.432171491e-02 +1.884432171e+01 +1.884432171e+01 -1.8094e-01 +1.7711e+00 -8.3429e-01 -6.7819e-02 +1.6819e+00
403 +2.441061368e-02 +2.441061368e-02 +1.883441061e+01 +1.883441061e+01 -1.9999e-01 +1.7827e+00 -8.1380e-01 -3.1047e-02 +1.6712e+00
454 +1.190333531e-02 +1.190333531e-02 +1.882190334e+01 +1.882190334e+01 -1.9424e-01 +1.7792e+00 -8.2527e-01 -3.3312e-02 +1.6756e+00
490 +8.289310413e-03 +8.289310413e-03 +1.881828931e+01 +1.881828931e+01 -1.8911e-01 +1.7789e+00 -8.2214e-01 -3.5659e-02 +1.6714e+00
519 +6.024455892e-03 +6.024455892e-03 +1.881602446e+01 +1.881602446e+01 -1.9170e-01 +1.7797e+00 -8.1994e-01 -3.5915e-02 +1.6739e+00
573 +2.168391211e-03 +2.168391211e-03 +1.881216839e+01 +1.881216839e+01 -1.9033e-01 +1.7795e+00 -8.2214e-01 -3.5416e-02 +1.6743e+00
658 +1.059768727e-03 +1.059768727e-03 +1.881105977e+01 +1.881105977e+01 -1.9048e-01 +1.7808e+00 -8.2201e-01 -3.4148e-02 +1.6723e+00
793 +8.397916849e-04 +8.397916849e-04 +1.881083979e+01 +1.881083979e+01 -1.9091e-01 +1.7801e+00 -8.2220e-01 -3.4198e-02 +1.6720e+00
1019 +6.200288370e-04 +6.200288370e-04 +1.881062003e+01 +1.881062003e+01 -1.9076e-01 +1.7805e+00 -8.2206e-01 -3.4475e-02 +1.6722e+00
4257 +3.364663825e-04 +3.364663825e-04 +1.881033647e+01 +1.881033647e+01 -1.9055e-01 +1.7794e+00 -8.2204e-01 -3.5557e-02 +1.6739e+00
4499 +2.466298180e-04 +2.466298180e-04 +1.881024663e+01 +1.881024663e+01 -1.9055e-01 +1.7794e+00 -8.2203e-01 -3.5545e-02 +1.6738e+00
8815 +1.213687074e-04 +1.213687074e-04 +1.881012137e+01 +1.881012137e+01 -1.9120e-01 +1.7807e+00 -8.2238e-01 -3.3669e-02 +1.6720e+00
8924 +9.214778722e-05 +9.214778722e-05 +1.881009215e+01 +1.881009215e+01 -1.9122e-01 +1.7808e+00 -8.2242e-01 -3.3605e-02 +1.6720e+00
8933 +3.146937697e-05 +3.146937697e-05 +1.881003147e+01 +1.881003147e+01 -1.9120e-01 +1.7808e+00 -8.2240e-01 -3.3590e-02 +1.6720e+00
9257 +2.226409411e-05 +2.226409411e-05 +1.881002226e+01 +1.881002226e+01 -1.9121e-01 +1.7808e+00 -8.2240e-01 -3.3592e-02 +1.6720e+00
9262 +1.189102878e-05 +1.189102878e-05 +1.881001189e+01 +1.881001189e+01 -1.9120e-01 +1.7808e+00 -8.2240e-01 -3.3604e-02 +1.6720e+00
9345 +5.843215504e-06 +5.843215504e-06 +1.881000584e+01 +1.881000584e+01 -1.9120e-01 +1.7808e+00 -8.2240e-01 -3.3590e-02 +1.6720e+00
21413 +3.822715613e-06 +3.822715613e-06 +1.881000382e+01 +1.881000382e+01 -1.9120e-01 +1.7808e+00 -8.2240e-01 -3.3600e-02 +1.6720e+00
21478 +1.872695719e-06 +1.872695719e-06 +1.881000187e+01 +1.881000187e+01 -1.9120e-01 +1.7808e+00 -8.2240e-01 -3.3600e-02 +1.6720e+00
21530 +1.034522356e-06 +1.034522356e-06 +1.881000103e+01 +1.881000103e+01 -1.9120e-01 +1.7808e+00 -8.2240e-01 -3.3600e-02 +1.6720e+00
21545 +8.425827858e-07 +8.425827858e-07 +1.881000084e+01 +1.881000084e+01 -1.9120e-01 +1.7808e+00 -8.2240e-01 -3.3600e-02 +1.6720e+00
21588 +5.884079606e-07 +5.884079606e-07 +1.881000059e+01 +1.881000059e+01 -1.9120e-01 +1.7808e+00 -8.2240e-01 -3.3600e-02 +1.6720e+00
21723 +3.315091703e-07 +3.315091703e-07 +1.881000033e+01 +1.881000033e+01 -1.9120e-01 +1.7808e+00 -8.2240e-01 -3.3600e-02 +1.6720e+00
21759 +2.240035641e-07 +2.240035641e-07 +1.881000022e+01 +1.881000022e+01 -1.9120e-01 +1.7808e+00 -8.2240e-01 -3.3600e-02 +1.6720e+00
21852 +1.040890076e-07 +1.040890076e-07 +1.881000010e+01 +1.881000010e+01 -1.9120e-01 +1.7808e+00 -8.2240e-01 -3.3600e-02 +1.6720e+00
21918 +9.518338473e-08 +9.518338473e-08 +1.881000010e+01 +1.881000010e+01 -1.9120e-01 +1.7808e+00 -8.2240e-01 -3.3600e-02 +1.6720e+00
21951 +6.088027504e-08 +6.088027504e-08 +1.881000006e+01 +1.881000006e+01 -1.9120e-01 +1.7808e+00 -8.2240e-01 -3.3600e-02 +1.6720e+00
21981 +3.098879731e-08 +3.098879731e-08 +1.881000003e+01 +1.881000003e+01 -1.9120e-01 +1.7808e+00 -8.2240e-01 -3.3600e-02 +1.6720e+00
22052 +2.114084197e-08 +2.114084197e-08 +1.881000002e+01 +1.881000002e+01 -1.9120e-01 +1.7808e+00 -8.2240e-01 -3.3600e-02 +1.6720e+00
22062 +1.140683636e-08 +1.140683636e-08 +1.881000001e+01 +1.881000001e+01 -1.9120e-01 +1.7808e+00 -8.2240e-01 -3.3600e-02 +1.6720e+00
22096 +9.408388735e-09 +9.408388735e-09 +1.881000001e+01 +1.881000001e+01 -1.9120e-01 +1.7808e+00 -8.2240e-01 -3.3600e-02 +1.6720e+00
% function evaluation | noise-free fitness - Fopt (1.881000000000e+01) | best noise-free fitness - Fopt | measured fitness | best measured fitness | x1 | x2...
1 +3.320871528e+01 +3.320871528e+01 +5.201871528e+01 +5.201871528e+01 +1.6020e+00 +3.5808e+00 -3.8512e+00 -3.1098e+00 +1.4382e+00
2 +2.230378224e+01 +2.230378224e+01 +4.111378224e+01 +4.111378224e+01 +6.6915e-01 +3.1229e+00 -4.3424e+00 -2.4019e+00 +3.7161e+00
3 +1.195766145e+01 +1.195766145e+01 +3.076766145e+01 +3.076766145e+01 +1.5773e+00 +9.7935e-01 -5.0435e+00 -1.0151e+00 +3.7457e+00
6 +9.707865857e+00 +9.707865857e+00 +2.851786586e+01 +2.851786586e+01 +7.0128e-01 +1.7134e+00 -3.7603e+00 -6.2297e-01 +2.2272e+00
24 +6.261132500e+00 +6.261132500e+00 +2.507113250e+01 +2.507113250e+01 -5.9568e-01 +6.5181e-01 -3.2783e+00 -1.2814e+00 +1.6817e+00
67 +3.591212740e+00 +3.591212740e+00 +2.240121274e+01 +2.240121274e+01 -6.7903e-01 +9.5005e-01 -1.7335e+00 -6.5891e-01 +3.1331e+00
76 +2.013169219e+00 +2.013169219e+00 +2.082316922e+01 +2.082316922e+01 +8.3941e-01 +1.2300e+00 -1.5678e+00 +8.8689e-02 +1.7555e+00
119 +1.377908814e+00 +1.377908814e+00 +2.018790881e+01 +2.018790881e+01 -6.2308e-02 +1.2861e+00 -8.2164e-01 -6.5152e-01 +1.5536e+00
206 +7.719154917e-01 +7.719154917e-01 +1.958191549e+01 +1.958191549e+01 -3.8241e-01 +2.0281e+00 -7.9267e-01 -4.3209e-01 +2.0948e+00
284 +5.325728863e-01 +5.325728863e-01 +1.934257289e+01 +1.934257289e+01 -3.6219e-01 +2.0526e+00 -9.2843e-01 -1.7292e-01 +1.5264e+00
360 +2.879112626e-01 +2.879112626e-01 +1.909791126e+01 +1.909791126e+01 -2.1776e-01 +1.9362e+00 -1.0051e+00 +9.0794e-04 +1.4590e+00
374 +1.927858630e-01 +1.927858630e-01 +1.900278586e+01 +1.900278586e+01 -1.8465e-01 +1.8785e+00 -9.9074e-01 -8.7379e-02 +1.5545e+00
419 +1.451754976e-01 +1.451754976e-01 +1.895517550e+01 +1.895517550e+01 -2.0631e-01 +1.7331e+00 -7.9198e-01 -1.7303e-01 +1.7450e+00
516 +6.625917970e-02 +6.625917970e-02 +1.887625918e+01 +1.887625918e+01 -2.0851e-01 +1.7556e+00 -8.7781e-01 -4.5902e-02 +1.6338e+00
545 +4.449519065e-02 +4.449519065e-02 +1.885449519e+01 +1.885449519e+01 -1.8341e-01 +1.7547e+00 -8.3186e-01 -3.8110e-02 +1.6679e+00
621 +2.200703915e-02 +2.200703915e-02 +1.883200704e+01 +1.883200704e+01 -1.9053e-01 +1.8009e+00 -8.2126e-01 -2.7951e-02 +1.6635e+00
663 +1.543458171e-02 +1.543458171e-02 +1.882543458e+01 +1.882543458e+01 -1.8485e-01 +1.7849e+00 -8.2283e-01 -2.9266e-02 +1.6720e+00
711 +7.670590057e-03 +7.670590057e-03 +1.881767059e+01 +1.881767059e+01 -1.9033e-01 +1.7873e+00 -8.2218e-01 -3.2295e-02 +1.6684e+00
727 +2.595086370e-03 +2.595086370e-03 +1.881259509e+01 +1.881259509e+01 -1.9331e-01 +1.7835e+00 -8.2334e-01 -2.9485e-02 +1.6682e+00
804 +2.496968974e-03 +2.496968974e-03 +1.881249697e+01 +1.881249697e+01 -1.9119e-01 +1.7798e+00 -8.2182e-01 -3.3157e-02 +1.6717e+00
860 +1.237757595e-03 +1.237757595e-03 +1.881123776e+01 +1.881123776e+01 -1.9177e-01 +1.7818e+00 -8.2256e-01 -3.2156e-02 +1.6700e+00
914 +9.832456525e-04 +9.832456525e-04 +1.881098325e+01 +1.881098325e+01 -1.9139e-01 +1.7807e+00 -8.2246e-01 -3.3608e-02 +1.6723e+00
925 +5.425510817e-04 +5.425510817e-04 +1.881054255e+01 +1.881054255e+01 -1.9135e-01 +1.7809e+00 -8.2242e-01 -3.3597e-02 +1.6718e+00
994 +3.930385991e-04 +3.930385991e-04 +1.881039304e+01 +1.881039304e+01 -1.9124e-01 +1.7806e+00 -8.2212e-01 -3.3493e-02 +1.6719e+00
1076 +1.905513239e-04 +1.905513239e-04 +1.881019055e+01 +1.881019055e+01 -1.9116e-01 +1.7808e+00 -8.2214e-01 -3.3443e-02 +1.6721e+00
1211 +1.386652582e-04 +1.386652582e-04 +1.881013867e+01 +1.881013867e+01 -1.9116e-01 +1.7807e+00 -8.2218e-01 -3.3468e-02 +1.6720e+00
1477 +9.462445725e-05 +9.462445725e-05 +1.881009462e+01 +1.881009462e+01 -1.9117e-01 +1.7807e+00 -8.2213e-01 -3.3442e-02 +1.6720e+00
2010 +6.298980507e-05 +6.298980507e-05 +1.881006299e+01 +1.881006299e+01 -1.9117e-01 +1.7807e+00 -8.2214e-01 -3.3448e-02 +1.6720e+00
4448 +2.700704397e-05 +2.700704397e-05 +1.881002701e+01 +1.881002701e+01 -1.9119e-01 +1.7808e+00 -8.2240e-01 -3.3634e-02 +1.6720e+00
4755 +1.855136630e-05 +1.855136630e-05 +1.881001855e+01 +1.881001855e+01 -1.9121e-01 +1.7808e+00 -8.2241e-01 -3.3593e-02 +1.6720e+00
4989 +1.581221786e-05 +1.581221786e-05 +1.881001581e+01 +1.881001581e+01 -1.9120e-01 +1.7808e+00 -8.2240e-01 -3.3600e-02 +1.6720e+00
4996 +9.052042365e-06 +9.052042365e-06 +1.881000905e+01 +1.881000905e+01 -1.9120e-01 +1.7808e+00 -8.2240e-01 -3.3599e-02 +1.6720e+00
5101 +3.661533178e-06 +3.661533178e-06 +1.881000366e+01 +1.881000366e+01 -1.9120e-01 +1.7808e+00 -8.2240e-01 -3.3597e-02 +1.6720e+00
5113 +2.239067410e-06 +2.239067410e-06 +1.881000224e+01 +1.881000224e+01 -1.9120e-01 +1.7808e+00 -8.2240e-01 -3.3601e-02 +1.6720e+00
5270 +1.305452447e-06 +1.305452447e-06 +1.881000131e+01 +1.881000131e+01 -1.9120e-01 +1.7808e+00 -8.2240e-01 -3.3600e-02 +1.6720e+00
5300 +7.557876600e-07 +7.557876600e-07 +1.881000076e+01 +1.881000076e+01 -1.9120e-01 +1.7808e+00 -8.2240e-01 -3.3599e-02 +1.6720e+00
5369 +6.039625582e-07 +6.039625582e-07 +1.881000060e+01 +1.881000060e+01 -1.9120e-01 +1.7808e+00 -8.2240e-01 -3.3600e-02 +1.6720e+00
5481 +3.514731475e-07 +3.514731475e-07 +1.881000035e+01 +1.881000035e+01 -1.9120e-01 +1.7808e+00 -8.2240e-01 -3.3600e-02 +1.6720e+00
5556 +2.391153089e-07 +2.391153089e-07 +1.881000024e+01 +1.881000024e+01 -1.9120e-01 +1.7808e+00 -8.2240e-01 -3.3600e-02 +1.6720e+00
5615 +1.276329549e-07 +1.276329549e-07 +1.881000013e+01 +1.881000013e+01 -1.9120e-01 +1.7808e+00 -8.2240e-01 -3.3600e-02 +1.6720e+00
5665 +9.715850169e-08 +9.715850169e-08 +1.881000010e+01 +1.881000010e+01 -1.9120e-01 +1.7808e+00 -8.2240e-01 -3.3600e-02 +1.6720e+00
5724 +3.740523979e-08 +3.740523979e-08 +1.881000004e+01 +1.881000004e+01 -1.9120e-01 +1.7808e+00 -8.2240e-01 -3.3600e-02 +1.6720e+00
5815 +1.981328168e-08 +1.981328168e-08 +1.881000002e+01 +1.881000002e+01 -1.9120e-01 +1.7808e+00 -8.2240e-01 -3.3600e-02 +1.6720e+00
5877 +7.622070086e-09 +7.622070086e-09 +1.881000001e+01 +1.881000001e+01 -1.9120e-01 +1.7808e+00 -8.2240e-01 -3.3600e-02 +1.6720e+00
% function evaluation | noise-free fitness - Fopt (2.731500000000e+02) | best noise-free fitness - Fopt | measured fitness | best measured fitness | x1 | x2...
1 +2.727382419e+01 +2.727382419e+01 +3.004238242e+02 +3.004238242e+02 +1.6306e+00 -1.6273e+00 -3.8566e+00 +3.8242e-01 -3.2217e-01
3 +2.160623964e+01 +2.160623964e+01 +2.947562396e+02 +2.947562396e+02 -3.2402e-01 -4.5627e+00 -2.9506e+00 +1.6433e+00 +1.9080e+00
11 +1.411980756e+01 +1.411980756e+01 +2.872698076e+02 +2.872698076e+02 +1.3238e+00 +3.7946e-01 -2.6898e+00 +2.5764e+00 +1.2580e+00
33 +8.159560768e+00 +8.159560768e+00 +2.813095608e+02 +2.813095608e+02 +1.3035e+00 -6.4375e-01 -2.5031e+00 +6.7936e-01 +2.6264e+00
54 +5.365720694e+00 +5.365720694e+00 +2.785157207e+02 +2.785157207e+02 +3.5369e+00 +3.0480e+00 -1.9939e+00 +1.0414e+00 +1.6574e+00
95 +3.884043304e+00 +3.884043304e+00 +2.770340433e+02 +2.770340433e+02 +1.0919e+00 +2.4872e+00 +8.5533e-01 +1.1368e+00 +1.1649e+00
187 +2.450388591e+00 +2.450388591e+00 +2.756003886e+02 +2.756003886e+02 +3.9527e+00 +3.4738e+00 +7.5897e-01 +1.4013e+00 +6.1394e-01
356 +1.371405773e+00 +1.371405773e+00 +2.745214058e+02 +2.745214058e+02 +3.9411e+00 +4.0691e+00 +9.3664e-01 +1.5787e+00 +7.0308e-01
511 +9.804948190e-01 +9.804948190e-01 +2.741304948e+02 +2.741304948e+02 +3.8247e+00 +3.8800e+00 +8.1114e-01 +1.5435e+00 +7.6663e-01
3633 +5.512844807e-01 +5.512844807e-01 +2.737012845e+02 +2.737012845e+02 -3.6662e+00 +3.8611e+00 -4.3643e-01 +2.6748e+00 +1.7620e+00
3647 +3.459069362e-01 +3.459069362e-01 +2.734959069e+02 +2.734959069e+02 -3.4344e+00 +3.7356e+00 -4.6541e-01 +2.6554e+00 +1.7877e+00
3792 +2.456302398e-01 +2.456302398e-01 +2.733956302e+02 +2.733956302e+02 -3.6221e+00 +3.6396e+00 -5.3582e-01 +2.6356e+00 +1.8686e+00
3832 +1.462237684e-01 +1.462237684e-01 +2.732962238e+02 +2.732962238e+02 -3.7339e+00 +3.7270e+00 -3.9844e-01 +2.5647e+00 +1.9831e+00
3873 +9.425909356e-02 +9.425909356e-02 +2.732442591e+02 +2.732442591e+02 -3.6059e+00 +3.7750e+00 -5.1139e-01 +2.5999e+00 +1.9551e+00
3919 +5.542961321e-02 +5.542961321e-02 +2.732054296e+02 +2.732054296e+02 -3.6680e+00 +3.7278e+00 -4.9716e-01 +2.5879e+00 +2.0376e+00
3992 +3.810616258e-02 +3.810616258e-02 +2.731881062e+02 +2.731881062e+02 -3.5980e+00 +3.7723e+00 -5.2516e-01 +2.5449e+00 +2.0044e+00
4063 +2.147132641e-02 +2.147132641e-02 +2.731714713e+02 +2.731714713e+02 -3.6090e+00 +3.7591e+00 -4.9623e-01 +2.5609e+00 +2.0115e+00
4165 +1.167281902e-02 +1.167281902e-02 +2.731616728e+02 +2.731616728e+02 -3.5781e+00 +3.7523e+00 -4.8551e-01 +2.5687e+00 +2.0035e+00
4266 +9.025596520e-03 +9.025596520e-03 +2.731590256e+02 +2.731590256e+02 -3.5745e+00 +3.7549e+00 -4.7879e-01 +2.5668e+00 +2.0129e+00
4366 +5.589421137e-03 +5.589421137e-03 +2.731555894e+02 +2.731555894e+02 -3.5660e+00 +3.7539e+00 -4.7614e-01 +2.5666e+00 +2.0067e+00
4417 +3.309882832e-03 +3.309882832e-03 +2.731533099e+02 +2.731533099e+02 -3.5780e+00 +3.7550e+00 -4.7943e-01 +2.5673e+00 +2.0068e+00
4454 +1.637189966e-03 +1.637189966e-03 +2.731516372e+02 +2.731516372e+02 -3.5802e+00 +3.7539e+00 -4.7886e-01 +2.5687e+00 +2.0078e+00
4503 +1.358090723e-03 +1.358090723e-03 +2.731513581e+02 +2.731513581e+02 -3.5785e+00 +3.7536e+00 -4.7857e-01 +2.5690e+00 +2.0075e+00
4554 +7.604007900e-04 +7.604007900e-04 +2.731507604e+02 +2.731507604e+02 -3.5786e+00 +3.7539e+00 -4.7836e-01 +2.5686e+00 +2.0081e+00
4650 +2.371786203e-04 +2.371786203e-04 +2.731502372e+02 +2.731502372e+02 -3.5791e+00 +3.7537e+00 -4.7842e-01 +2.5688e+00 +2.0082e+00
4748 +1.491292202e-04 +1.491292202e-04 +2.731501491e+02 +2.731501491e+02 -3.5793e+00 +3.7536e+00 -4.7836e-01 +2.5688e+00 +2.0080e+00
4787 +9.067756764e-05 +9.067756764e-05 +2.731500907e+02 +2.731500907e+02 -3.5790e+00 +3.7536e+00 -4.7836e-01 +2.5688e+00 +2.0080e+00
4872 +4.749867486e-05 +4.749867486e-05 +2.731500475e+02 +2.731500475e+02 -3.5792e+00 +3.7536e+00 -4.7842e-01 +2.5688e+00 +2.0080e+00
4877 +3.171946275e-05 +3.171946275e-05 +2.731500317e+02 +2.731500317e+02 -3.5792e+00 +3.7536e+00 -4.7841e-01 +2.5688e+00 +2.0080e+00
4972 +2.480862361e-05 +2.480862361e-05 +2.731500248e+02 +2.731500248e+02 -3.5792e+00 +3.7536e+00 -4.7840e-01 +2.5688e+00 +2.0080e+00
4976 +1.541141313e-05 +1.541141313e-05 +2.731500154e+02 +2.731500154e+02 -3.5792e+00 +3.7536e+00 -4.7840e-01 +2.5688e+00 +2.0080e+00
5046 +5.400561918e-06 +5.400561918e-06 +2.731500054e+02 +2.731500054e+02 -3.5792e+00 +3.7536e+00 -4.7840e-01 +2.5688e+00 +2.0080e+00
5231 +1.882744471e-06 +1.882744471e-06 +2.731500019e+02 +2.731500019e+02 -3.5792e+00 +3.7536e+00 -4.7840e-01 +2.5688e+00 +2.0080e+00
5339 +1.351951255e-06 +1.351951255e-06 +2.731500014e+02 +2.731500014e+02 -3.5792e+00 +3.7536e+00 -4.7840e-01 +2.5688e+00 +2.0080e+00
5363 +8.503220101e-07 +8.503220101e-07 +2.731500009e+02 +2.731500009e+02 -3.5792e+00 +3.7536e+00 -4.7840e-01 +2.5688e+00 +2.0080e+00
5406 +6.288685199e-07 +6.288685199e-07 +2.731500006e+02 +2.731500006e+02 -3.5792e+00 +3.7536e+00 -4.7840e-01 +2.5688e+00 +2.0080e+00
5489 +2.537854584e-07 +2.537854584e-07 +2.731500003e+02 +2.731500003e+02 -3.5792e+00 +3.7536e+00 -4.7840e-01 +2.5688e+00 +2.0080e+00
5516 +1.366527158e-07 +1.366527158e-07 +2.731500001e+02 +2.731500001e+02 -3.5792e+00 +3.7536e+00 -4.7840e-01 +2.5688e+00 +2.0080e+00
5642 +8.558072295e-08 +8.558072295e-08 +2.731500001e+02 +2.731500001e+02 -3.5792e+00 +3.7536e+00 -4.7840e-01 +2.5688e+00 +2.0080e+00
5652 +5.135177616e-08 +5.135177616e-08 +2.731500001e+02 +2.731500001e+02 -3.5792e+00 +3.7536e+00 -4.7840e-01 +2.5688e+00 +2.0080e+00
5705 +2.994403303e-08 +2.994403303e-08 +2.731500000e+02 +2.731500000e+02 -3.5792e+00 +3.7536e+00 -4.7840e-01 +2.5688e+00 +2.0080e+00
5746 +2.449201020e-08 +2.449201020e-08 +2.731500000e+02 +2.731500000e+02 -3.5792e+00 +3.7536e+00 -4.7840e-01 +2.5688e+00 +2.0080e+00
5807 +1.321916443e-08 +1.321916443e-08 +2.731500000e+02 +2.731500000e+02 -3.5792e+00 +3.7536e+00 -4.7840e-01 +2.5688e+00 +2.0080e+00
5819 +9.059363038e-09 +9.059363038e-09 +2.731500000e+02 +2.731500000e+02 -3.5792e+00 +3.7536e+00 -4.7840e-01 +2.5688e+00 +2.0080e+00
% function evaluation | noise-free fitness - Fopt (2.731500000000e+02) | best noise-free fitness - Fopt | measured fitness | best measured fitness | x1 | x2...
1 +8.299372309e+00 +8.299372309e+00 +2.814493723e+02 +2.814493723e+02 -9.7389e-01 +1.2153e+00 +1.1924e+00 +1.4634e+00 +1.4019e+00
37 +4.829450658e+00 +4.829450658e+00 +2.779794507e+02 +2.779794507e+02 -1.9387e+00 +1.8721e+00 -1.0691e+00 +3.8756e+00 +2.6193e+00
42 +3.593221942e+00 +3.593221942e+00 +2.767432219e+02 +2.767432219e+02 -3.3751e+00 +5.5504e-01 -1.0266e+00 +2.8668e+00 +1.7419e+00
88 +2.430138255e+00 +2.430138255e+00 +2.755801383e+02 +2.755801383e+02 -1.0103e+00 +2.5675e+00 -5.1485e-01 +2.2882e+00 +1.9607e+00
147 +1.444914283e+00 +1.444914283e+00 +2.745949143e+02 +2.745949143e+02 -2.8349e+00 +3.7883e+00 +1.4700e-01 +2.2126e+00 +1.3680e+00
156 +8.998891971e-01 +8.998891971e-01 +2.740498892e+02 +2.740498892e+02 -2.1964e+00 +3.9313e+00 -2.4320e-01 +2.1367e+00 +2.3308e+00
261 +3.009465442e-01 +3.009465442e-01 +2.734509465e+02 +2.734509465e+02 -3.6168e+00 +3.8469e+00 -4.8137e-01 +2.5382e+00 +1.8567e+00
279 +2.328289921e-01 +2.328289921e-01 +2.733828290e+02 +2.733828290e+02 -3.5439e+00 +3.7558e+00 -4.8148e-01 +2.5466e+00 +2.1901e+00
371 +1.328229244e-01 +1.328229244e-01 +2.732828229e+02 +2.732828229e+02 -3.3294e+00 +3.7176e+00 -4.7704e-01 +2.5250e+00 +1.9979e+00
524 +9.512451766e-02 +9.512451766e-02 +2.732451245e+02 +2.732451245e+02 -3.4459e+00 +3.7495e+00 -5.3094e-01 +2.5222e+00 +1.9851e+00
593 +4.760917683e-02 +4.760917683e-02 +2.731976092e+02 +2.731976092e+02 -3.4550e+00 +3.7722e+00 -5.3446e-01 +2.5167e+00 +1.9763e+00
734 +3.871205459e-02 +3.871205459e-02 +2.731887121e+02 +2.731887121e+02 -3.4567e+00 +3.7736e+00 -5.3275e-01 +2.5173e+00 +1.9775e+00
3855 +1.088369526e-02 +1.088369526e-02 +2.731608837e+02 +2.731608837e+02 -3.5796e+00 +3.7535e+00 -4.7690e-01 +2.5719e+00 +2.0071e+00
3902 +8.914421559e-03 +8.914421559e-03 +2.731589144e+02 +2.731589144e+02 -3.5633e+00 +3.7521e+00 -4.7524e-01 +2.5682e+00 +2.0055e+00
3962 +4.656924672e-03 +4.656924672e-03 +2.731546569e+02 +2.731546569e+02 -3.5768e+00 +3.7531e+00 -4.7685e-01 +2.5680e+00 +2.0087e+00
4049 +3.396597244e-03 +3.396597244e-03 +2.731533966e+02 +2.731533966e+02 -3.5771e+00 +3.7535e+00 -4.7838e-01 +2.5687e+00 +2.0086e+00
4062 +1.966319692e-03 +1.966319692e-03 +2.731519663e+02 +2.731519663e+02 -3.5789e+00 +3.7534e+00 -4.7872e-01 +2.5684e+00 +2.0068e+00
4130 +8.682409209e-04 +8.682409209e-04 +2.731508682e+02 +2.731508682e+02 -3.5792e+00 +3.7541e+00 -4.7815e-01 +2.5684e+00 +2.0088e+00
4295 +6.084691082e-04 +6.084691082e-04 +2.731506085e+02 +2.731506085e+02 -3.5791e+00 +3.7538e+00 -4.7836e-01 +2.5689e+00 +2.0081e+00
4304 +2.875046994e-04 +2.875046994e-04 +2.731502875e+02 +2.731502875e+02 -3.5795e+00 +3.7536e+00 -4.7838e-01 +2.5689e+00 +2.0079e+00
4308 +2.474246011e-04 +2.474246011e-04 +2.731502474e+02 +2.731502474e+02 -3.5793e+00 +3.7535e+00 -4.7852e-01 +2.5689e+00 +2.0081e+00
4375 +1.135269044e-04 +1.135269044e-04 +2.731501135e+02 +2.731501135e+02 -3.5790e+00 +3.7536e+00 -4.7836e-01 +2.5688e+00 +2.0080e+00
4426 +6.637066565e-05 +6.637066565e-05 +2.731500664e+02 +2.731500664e+02 -3.5792e+00 +3.7536e+00 -4.7839e-01 +2.5688e+00 +2.0081e+00
4589 +4.935444645e-05 +4.935444645e-05 +2.731500494e+02 +2.731500494e+02 -3.5793e+00 +3.7536e+00 -4.7840e-01 +2.5688e+00 +2.0080e+00
4590 +3.720762260e-05 +3.720762260e-05 +2.731500372e+02 +2.731500372e+02 -3.5792e+00 +3.7536e+00 -4.7841e-01 +2.5688e+00 +2.0080e+00
4689 +2.339541635e-05 +2.339541635e-05 +2.731500234e+02 +2.731500234e+02 -3.5792e+00 +3.7536e+00 -4.7840e-01 +2.5688e+00 +2.0080e+00
4775 +1.363929334e-05 +1.363929334e-05 +2.731500136e+02 +2.731500136e+02 -3.5792e+00 +3.7536e+00 -4.7840e-01 +2.5688e+00 +2.0080e+00
4892 +9.253634573e-06 +9.253634573e-06 +2.731500093e+02 +2.731500093e+02 -3.5792e+00 +3.7536e+00 -4.7840e-01 +2.5688e+00 +2.0080e+00
4977 +5.780338029e-06 +5.780338029e-06 +2.731500058e+02 +2.731500058e+02 -3.5792e+00 +3.7536e+00 -4.7840e-01 +2.5688e+00 +2.0080e+00
5029 +2.673852464e-06 +2.673852464e-06 +2.731500027e+02 +2.731500027e+02 -3.5792e+00 +3.7536e+00 -4.7840e-01 +2.5688e+00 +2.0080e+00
5088 +1.542503298e-06 +1.542503298e-06 +2.731500015e+02 +2.731500015e+02 -3.5792e+00 +3.7536e+00 -4.7840e-01 +2.5688e+00 +2.0080e+00
5148 +7.422575550e-07 +7.422575550e-07 +2.731500007e+02 +2.731500007e+02 -3.5792e+00 +3.7536e+00 -4.7840e-01 +2.5688e+00 +2.0080e+00
5207 +5.956640621e-07 +5.956640621e-07 +2.731500006e+02 +2.731500006e+02 -3.5792e+00 +3.7536e+00 -4.7840e-01 +2.5688e+00 +2.0080e+00
5303 +3.926626277e-07 +3.926626277e-07 +2.731500004e+02 +2.731500004e+02 -3.5792e+00 +3.7536e+00 -4.7840e-01 +2.5688e+00 +2.0080e+00
5374 +2.384244340e-07 +2.384244340e-07 +2.731500002e+02 +2.731500002e+02 -3.5792e+00 +3.7536e+00 -4.7840e-01 +2.5688e+00 +2.0080e+00
5421 +1.448569833e-07 +1.448569833e-07 +2.731500001e+02 +2.731500001e+02 -3.5792e+00 +3.7536e+00 -4.7840e-01 +2.5688e+00 +2.0080e+00
5568 +9.179876770e-08 +9.179876770e-08 +2.731500001e+02 +2.731500001e+02 -3.5792e+00 +3.7536e+00 -4.7840e-01 +2.5688e+00 +2.0080e+00
5606 +2.332166105e-08 +2.332166105e-08 +2.731500000e+02 +2.731500000e+02 -3.5792e+00 +3.7536e+00 -4.7840e-01 +2.5688e+00 +2.0080e+00
5724 +1.053376764e-08 +1.053376764e-08 +2.731500000e+02 +2.731500000e+02 -3.5792e+00 +3.7536e+00 -4.7840e-01 +2.5688e+00 +2.0080e+00
5771 +8.891049674e-09 +8.891049674e-09 +2.731500000e+02 +2.731500000e+02 -3.5792e+00 +3.7536e+00 -4.7840e-01 +2.5688e+00 +2.0080e+00
5772 +3.499394552e-09 +3.499394552e-09 +2.731500000e+02 +2.731500000e+02 -3.5792e+00 +3.7536e+00 -4.7840e-01 +2.5688e+00 +2.0080e+00
% function evaluation | noise-free fitness - Fopt (2.731500000000e+02) | best noise-free fitness - Fopt | measured fitness | best measured fitness | x1 | x2...
1 +1.586828607e+01 +1.586828607e+01 +2.890182861e+02 +2.890182861e+02 -2.9384e+00 -3.4799e+00 -1.4229e+00 +1.3791e+00 +4.8095e-01
23 +1.462084309e+01 +1.462084309e+01 +2.877708431e+02 +2.877708431e+02 -2.2197e+00 -2.9778e+00 +6.4123e-01 +4.2368e+00 +8.0625e-01
31 +9.397197050e+00 +9.397197050e+00 +2.825471971e+02 +2.825471971e+02 -3.4585e+00 -1.0926e+00 -3.0384e-01 +9.1027e-01 +2.6657e+00
56 +4.327194811e+00 +4.327194811e+00 +2.774771948e+02 +2.774771948e+02 -4.3941e+00 +1.8893e+00 -9.1983e-01 +2.8950e+00 +2.6078e+00
70 +3.532913737e+00 +3.532913737e+00 +2.766829137e+02 +2.766829137e+02 -3.5606e+00 +4.3071e+00 -1.1465e+00 +3.5627e+00 +2.0829e+00
102 +1.593683344e+00 +1.593683344e+00 +2.747436833e+02 +2.747436833e+02 -1.8336e+00 +4.0493e+00 -8.8007e-01 +2.1506e+00 +1.8181e+00
123 +1.140696225e+00 +1.140696225e+00 +2.742906962e+02 +2.742906962e+02 -3.0655e+00 +4.0884e+00 -5.2599e-01 +2.6741e+00 +2.6000e+00
151 +8.226092627e-01 +8.226092627e-01 +2.739726093e+02 +2.739726093e+02 -3.8397e+00 +3.7165e+00 -2.6293e-01 +2.4697e+00 +2.2317e+00
209 +5.258751743e-01 +5.258751743e-01 +2.736758752e+02 +2.736758752e+02 -3.6467e+00 +3.7957e+00 -6.7480e-01 +2.7705e+00 +1.9786e+00
211 +3.427262038e-01 +3.427262038e-01 +2.734927262e+02 +2.734927262e+02 -3.7372e+00 +3.8619e+00 -5.3530e-01 +2.4366e+00 +2.2355e+00
251 +2.039364016e-01 +2.039364016e-01 +2.733539364e+02 +2.733539364e+02 -3.7015e+00 +3.8742e+00 -5.9359e-01 +2.5556e+00 +2.1734e+00
271 +1.157471473e-01 +1.157471473e-01 +2.732657471e+02 +2.732657471e+02 -3.7024e+00 +3.7997e+00 -5.8420e-01 +2.5336e+00 +2.0276e+00
278 +7.064966974e-02 +7.064966974e-02 +2.732206497e+02 +2.732206497e+02 -3.6238e+00 +3.7816e+00 -4.7441e-01 +2.5832e+00 +1.9953e+00
383 +6.261420297e-02 +6.261420297e-02 +2.732126142e+02 +2.732126142e+02 -3.7544e+00 +3.7789e+00 -4.9865e-01 +2.5834e+00 +2.0619e+00
410 +3.658147322e-02 +3.658147322e-02 +2.731865815e+02 +2.731865815e+02 -3.7347e+00 +3.7601e+00 -4.9715e-01 +2.5753e+00 +2.0273e+00
533 +2.437024491e-02 +2.437024491e-02 +2.731743702e+02 +2.731743702e+02 -3.7436e+00 +3.7615e+00 -5.0213e-01 +2.5784e+00 +2.0273e+00
685 +1.497282111e-02 +1.497282111e-02 +2.731649728e+02 +2.731649728e+02 -3.7474e+00 +3.7620e+00 -4.9994e-01 +2.5802e+00 +2.0298e+00
8067 +9.995052902e-03 +9.995052902e-03 +2.731599951e+02 +2.731599951e+02 -3.5837e+00 +3.7505e+00 -4.7908e-01 +2.5711e+00 +2.0130e+00
8224 +5.946753380e-03 +5.946753380e-03 +2.731559468e+02 +2.731559468e+02 -3.5819e+00 +3.7551e+00 -4.7707e-01 +2.5711e+00 +2.0100e+00
8273 +3.749065094e-03 +3.749065094e-03 +2.731537491e+02 +2.731537491e+02 -3.5818e+00 +3.7540e+00 -4.7698e-01 +2.5688e+00 +2.0072e+00
8454 +1.408204167e-03 +1.408204167e-03 +2.731514082e+02 +2.731514082e+02 -3.5786e+00 +3.7535e+00 -4.7859e-01 +2.5683e+00 +2.0082e+00
8542 +7.677680847e-04 +7.677680847e-04 +2.731507678e+02 +2.731507678e+02 -3.5784e+00 +3.7533e+00 -4.7818e-01 +2.5688e+00 +2.0076e+00
8705 +3.890897959e-04 +3.890897959e-04 +2.731503891e+02 +2.731503891e+02 -3.5793e+00 +3.7535e+00 -4.7827e-01 +2.5689e+00 +2.0081e+00
8733 +1.941953345e-04 +1.941953345e-04 +2.731501942e+02 +2.731501942e+02 -3.5790e+00 +3.7536e+00 -4.7837e-01 +2.5688e+00 +2.0079e+00
9087 +1.240575916e-04 +1.240575916e-04 +2.731501241e+02 +2.731501241e+02 -3.5790e+00 +3.7536e+00 -4.7825e-01 +2.5688e+00 +2.0080e+00
9207 +8.448667541e-05 +8.448667541e-05 +2.731500845e+02 +2.731500845e+02 -3.5792e+00 +3.7536e+00 -4.7844e-01 +2.5688e+00 +2.0080e+00
9313 +5.236287478e-05 +5.236287478e-05 +2.731500524e+02 +2.731500524e+02 -3.5792e+00 +3.7536e+00 -4.7838e-01 +2.5688e+00 +2.0080e+00
9342 +3.613464929e-05 +3.613464929e-05 +2.731500361e+02 +2.731500361e+02 -3.5792e+00 +3.7536e+00 -4.7838e-01 +2.5688e+00 +2.0080e+00
9408 +2.453662859e-05 +2.453662859e-05 +2.731500245e+02 +2.731500245e+02 -3.5792e+00 +3.7536e+00 -4.7838e-01 +2.5688e+00 +2.0080e+00
9531 +1.425066677e-05 +1.425066677e-05 +2.731500143e+02 +2.731500143e+02 -3.5792e+00 +3.7536e+00 -4.7839e-01 +2.5688e+00 +2.0080e+00
9954 +9.410902749e-06 +9.410902749e-06 +2.731500094e+02 +2.731500094e+02 -3.5792e+00 +3.7536e+00 -4.7840e-01 +2.5688e+00 +2.0080e+00
9970 +5.119762193e-06 +5.119762193e-06 +2.731500051e+02 +2.731500051e+02 -3.5792e+00 +3.7536e+00 -4.7840e-01 +2.5688e+00 +2.0080e+00
10036 +3.543539322e-06 +3.543539322e-06 +2.731500035e+02 +2.731500035e+02 -3.5792e+00 +3.7536e+00 -4.7840e-01 +2.5688e+00 +2.0080e+00
10113 +1.457480380e-06 +1.457480380e-06 +2.731500015e+02 +2.731500015e+02 -3.5792e+00 +3.7536e+00 -4.7840e-01 +2.5688e+00 +2.0080e+00
10214 +7.281352623e-07 +7.281352623e-07 +2.731500007e+02 +2.731500007e+02 -3.5792e+00 +3.7536e+00 -4.7840e-01 +2.5688e+00 +2.0080e+00
10288 +6.052783306e-07 +6.052783306e-07 +2.731500006e+02 +2.731500006e+02 -3.5792e+00 +3.7536e+00 -4.7840e-01 +2.5688e+00 +2.0080e+00
10477 +3.666905286e-07 +3.666905286e-07 +2.731500004e+02 +2.731500004e+02 -3.5792e+00 +3.7536e+00 -4.7840e-01 +2.5688e+00 +2.0080e+00
10521 +2.346990300e-07 +2.346990300e-07 +2.731500002e+02 +2.731500002e+02 -3.5792e+00 +3.7536e+00 -4.7840e-01 +2.5688e+00 +2.0080e+00
10644 +9.866545270e-08 +9.866545270e-08 +2.731500001e+02 +2.731500001e+02 -3.5792e+00 +3.7536e+00 -4.7840e-01 +2.5688e+00 +2.0080e+00
10704 +5.241082590e-08 +5.241082590e-08 +2.731500001e+02 +2.731500001e+02 -3.5792e+00 +3.7536e+00 -4.7840e-01 +2.5688e+00 +2.0080e+00
10837 +3.087677669e-08 +3.087677669e-08 +2.731500000e+02 +2.731500000e+02 -3.5792e+00 +3.7536e+00 -4.7840e-01 +2.5688e+00 +2.0080e+00
10903 +1.916140491e-08 +1.916140491e-08 +2.731500000e+02 +2.731500000e+02 -3.5792e+00 +3.7536e+00 -4.7840e-01 +2.5688e+00 +2.0080e+00
10909 +1.490008117e-08 +1.490008117e-08 +2.731500000e+02 +2.731500000e+02 -3.5792e+00 +3.7536e+00 -4.7840e-01 +2.5688e+00 +2.0080e+00
11072 +7.616336006e-09 +7.616336006e-09 +2.731500000e+02 +2.731500000e+02 -3.5792e+00 +3.7536e+00 -4.7840e-01 +2.5688e+00 +2.0080e+00
11102 +4.006153631e-09 +4.006153631e-09 +2.731500000e+02 +2.731500000e+02 -3.5792e+00 +3.7536e+00 -4.7840e-01 +2.5688e+00 +2.0080e+00
% function evaluation | noise-free fitness - Fopt (3.718000000000e+01) | best noise-free fitness - Fopt | measured fitness | best measured fitness | x1 | x2...
1 +3.245614048e+01 +3.245614048e+01 +6.963614048e+01 +6.963614048e+01 +1.8158e+00 +2.1157e+00 -7.7939e-01 +4.5764e-01 -2.7680e-01
3 +2.182866630e+01 +2.182866630e+01 +5.900866630e+01 +5.900866630e+01 +8.1741e-01 +1.7080e+00 -2.6864e-01 +5.4134e+00 -2.1886e+00
17 +1.054784952e+01 +1.054784952e+01 +4.772784952e+01 +4.772784952e+01 -7.8913e-01 -2.7967e-01 +5.4670e-01 +1.9320e+00 -3.5344e+00
22 +8.905597408e+00 +8.905597408e+00 +4.608559741e+01 +4.608559741e+01 -2.0410e-02 +2.8121e+00 -1.8097e-02 +3.0821e+00 -4.4682e+00
46 +4.726406200e+00 +4.726406200e+00 +4.190640620e+01 +4.190640620e+01 -3.1140e+00 +3.5217e+00 -1.3609e-01 +3.3623e+00 -4.0124e+00
91 +3.589875682e+00 +3.589875682e+00 +4.076987568e+01 +4.076987568e+01 -2.7268e+00 +1.2556e+00 +3.0874e+00 +8.4772e-01 -2.0694e+00
105 +1.320535048e+00 +1.320535048e+00 +3.850053505e+01 +3.850053505e+01 -3.3468e+00 +2.4160e+00 +1.7723e+00 +2.6308e+00 -3.3165e+00
194 +9.191467616e-01 +9.191467616e-01 +3.809914676e+01 +3.809914676e+01 -2.4750e+00 +8.3107e-01 +2.7952e+00 +1.3709e+00 -2.9410e+00
294 +5.909662593e-01 +5.909662593e-01 +3.777096626e+01 +3.777096626e+01 -3.4621e+00 +1.6600e+00 +2.8194e+00 +1.1400e+00 -3.2090e+00
370 +3.784013461e-01 +3.784013461e-01 +3.755840135e+01 +3.755840135e+01 -3.7162e+00 +2.2717e+00 +2.6158e+00 +1.4310e+00 -3.3278e+00
490 +2.285350806e-01 +2.285350806e-01 +3.740853508e+01 +3.740853508e+01 -3.5380e+00 +2.0167e+00 +2.6336e+00 +1.3831e+00 -3.3183e+00
549 +1.411169660e-01 +1.411169660e-01 +3.732111697e+01 +3.732111697e+01 -3.4919e+00 +1.9635e+00 +2.5850e+00 +1.4471e+00 -3.3293e+00
612 +9.115286501e-02 +9.115286501e-02 +3.727115287e+01 +3.727115287e+01 -3.4950e+00 +1.9925e+00 +2.5985e+00 +1.4257e+00 -3.3288e+00
863 +6.097811756e-02 +6.097811756e-02 +3.724097812e+01 +3.724097812e+01 -3.5049e+00 +2.0004e+00 +2.5971e+00 +1.4239e+00 -3.3311e+00
5490 +2.585060266e-02 +2.585060266e-02 +3.720585060e+01 +3.720585060e+01 -3.9105e+00 +2.0511e+00 +2.0346e+00 +1.6012e+00 -3.5261e+00
5496 +2.192222070e-02 +2.192222070e-02 +3.720192222e+01 +3.720192222e+01 -3.9048e+00 +2.0686e+00 +2.0417e+00 +1.6057e+00 -3.5319e+00
5603 +1.336276635e-02 +1.336276635e-02 +3.719336277e+01 +3.719336277e+01 -3.9026e+00 +2.0528e+00 +2.0444e+00 +1.6020e+00 -3.5349e+00
5634 +9.148681087e-03 +9.148681087e-03 +3.718914868e+01 +3.718914868e+01 -3.9051e+00 +2.0533e+00 +2.0408e+00 +1.6016e+00 -3.5324e+00
5678 +6.015950013e-03 +6.015950013e-03 +3.718601595e+01 +3.718601595e+01 -3.9069e+00 +2.0585e+00 +2.0355e+00 +1.6068e+00 -3.5355e+00
5779 +3.067553407e-03 +3.067553407e-03 +3.718306755e+01 +3.718306755e+01 -3.9020e+00 +2.0581e+00 +2.0340e+00 +1.6113e+00 -3.5344e+00
5914 +2.313047188e-03 +2.313047188e-03 +3.718231305e+01 +3.718231305e+01 -3.8989e+00 +2.0603e+00 +2.0408e+00 +1.6097e+00 -3.5342e+00
5929 +1.220749978e-03 +1.220749978e-03 +3.718122075e+01 +3.718122075e+01 -3.8998e+00 +2.0598e+00 +2.0395e+00 +1.6099e+00 -3.5343e+00
6012 +9.198468025e-04 +9.198468025e-04 +3.718091985e+01 +3.718091985e+01 -3.8987e+00 +2.0598e+00 +2.0407e+00 +1.6092e+00 -3.5327e+00
6106 +6.135923681e-04 +6.135923681e-04 +3.718061359e+01 +3.718061359e+01 -3.8986e+00 +2.0599e+00 +2.0407e+00 +1.6094e+00 -3.5335e+00
6119 +3.795558709e-04 +3.795558709e-04 +3.718037956e+01 +3.718037956e+01 -3.8987e+00 +2.0599e+00 +2.0407e+00 +1.6094e+00 -3.5334e+00
6252 +2.469183827e-04 +2.469183827e-04 +3.718024692e+01 +3.718024692e+01 -3.8986e+00 +2.0599e+00 +2.0407e+00 +1.6094e+00 -3.5333e+00
6348 +1.521187469e-04 +1.521187469e-04 +3.718015212e+01 +3.718015212e+01 -3.8987e+00 +2.0599e+00 +2.0407e+00 +1.6094e+00 -3.5333e+00
6604 +9.294151422e-05 +9.294151422e-05 +3.718009294e+01 +3.718009294e+01 -3.8987e+00 +2.0599e+00 +2.0407e+00 +1.6094e+00 -3.5334e+00
7315 +6.247883316e-05 +6.247883316e-05 +3.718006248e+01 +3.718006248e+01 -3.8987e+00 +2.0599e+00 +2.0407e+00 +1.6094e+00 -3.5333e+00
11576 +2.570041115e-05 +2.570041115e-05 +3.718002570e+01 +3.718002570e+01 -3.8992e+00 +2.0600e+00 +2.0400e+00 +1.6096e+00 -3.5336e+00
11702 +1.648523882e-05 +1.648523882e-05 +3.718001649e+01 +3.718001649e+01 -3.8992e+00 +2.0600e+00 +2.0400e+00 +1.6096e+00 -3.5336e+00
11724 +1.120400415e-05 +1.120400415e-05 +3.718001120e+01 +3.718001120e+01 -3.8992e+00 +2.0600e+00 +2.0400e+00 +1.6096e+00 -3.5336e+00
11825 +9.058172850e-06 +9.058172850e-06 +3.718000906e+01 +3.718000906e+01 -3.8992e+00 +2.0600e+00 +2.0400e+00 +1.6096e+00 -3.5336e+00
11865 +5.745545955e-06 +5.745545955e-06 +3.718000575e+01 +3.718000575e+01 -3.8992e+00 +2.0600e+00 +2.0400e+00 +1.6096e+00 -3.5336e+00
11955 +3.947152230e-06 +3.947152230e-06 +3.718000395e+01 +3.718000395e+01 -3.8992e+00 +2.0600e+00 +2.0400e+00 +1.6096e+00 -3.5336e+00
11956 +1.963563939e-06 +1.963563939e-06 +3.718000196e+01 +3.718000196e+01 -3.8992e+00 +2.0600e+00 +2.0400e+00 +1.6096e+00 -3.5336e+00
12036 +1.371280703e-06 +1.371280703e-06 +3.718000137e+01 +3.718000137e+01 -3.8992e+00 +2.0600e+00 +2.0400e+00 +1.6096e+00 -3.5336e+00
12111 +9.291136180e-07 +9.291136180e-07 +3.718000093e+01 +3.718000093e+01 -3.8992e+00 +2.0600e+00 +2.0400e+00 +1.6096e+00 -3.5336e+00
12261 +5.636896887e-07 +5.636896887e-07 +3.718000056e+01 +3.718000056e+01 -3.8992e+00 +2.0600e+00 +2.0400e+00 +1.6096e+00 -3.5336e+00
12417 +3.980595835e-07 +3.980595835e-07 +3.718000040e+01 +3.718000040e+01 -3.8992e+00 +2.0600e+00 +2.0400e+00 +1.6096e+00 -3.5336e+00
12420 +1.302700596e-07 +1.302700596e-07 +3.718000013e+01 +3.718000013e+01 -3.8992e+00 +2.0600e+00 +2.0400e+00 +1.6096e+00 -3.5336e+00
12675 +9.664900347e-08 +9.664900347e-08 +3.718000010e+01 +3.718000010e+01 -3.8992e+00 +2.0600e+00 +2.0400e+00 +1.6096e+00 -3.5336e+00
12824 +6.290193255e-08 +6.290193255e-08 +3.718000006e+01 +3.718000006e+01 -3.8992e+00 +2.0600e+00 +2.0400e+00 +1.6096e+00 -3.5336e+00
12842 +3.849405772e-08 +3.849405772e-08 +3.718000004e+01 +3.718000004e+01 -3.8992e+00 +2.0600e+00 +2.0400e+00 +1.6096e+00 -3.5336e+00
12903 +1.945972627e-08 +1.945972627e-08 +3.718000002e+01 +3.718000002e+01 -3.8992e+00 +2.0600e+00 +2.0400e+00 +1.6096e+00 -3.5336e+00
12988 +1.546665374e-08 +1.546665374e-08 +3.718000002e+01 +3.718000002e+01 -3.8992e+00 +2.0600e+00 +2.0400e+00 +1.6096e+00 -3.5336e+00
13045 +5.903913802e-09 +5.903913802e-09 +3.718000001e+01 +3.718000001e+01 -3.8992e+00 +2.0600e+00 +2.0400e+00 +1.6096e+00 -3.5336e+00
13070 +9.165930237e-10 +9.165930237e-10 +3.718000000e+01 +3.718000000e+01 -3.8992e+00 +2.0600e+00 +2.0400e+00 +1.6096e+00 -3.5336e+00
% function evaluation | noise-free fitness - Fopt (3.718000000000e+01) | best noise-free fitness - Fopt | measured fitness | best measured fitness | x1 | x2...
1 +1.026312014e+02 +1.026312014e+02 +1.398112014e+02 +1.398112014e+02 +2.9205e+00 -1.1379e+00 -3.2629e+00 +2.7380e-01 -7.7537e-01
2 +7.918877938e+01 +7.918877938e+01 +1.163687794e+02 +1.163687794e+02 +2.3008e+00 -2.0221e+00 -3.4059e+00 -3.3909e+00 +1.2838e+00
5 +2.830452168e+01 +2.830452168e+01 +6.548452168e+01 +6.548452168e+01 +2.4892e+00 +1.1771e+00 -1.6740e+00 -9.2083e-01 -2.3823e+00
13 +2.163550074e+01 +2.163550074e+01 +5.881550074e+01 +5.881550074e+01 +1.9880e+00 -1.4225e+00 -1.0218e+00 -8.8424e-01 -3.0861e+00
16 +7.274631824e+00 +7.274631824e+00 +4.445463182e+01 +4.445463182e+01 +9.3085e-02 +1.5448e-01 +3.3408e+00 +1.6389e+00 -2.1849e+00
50 +5.929781260e+00 +5.929781260e+00 +4.310978126e+01 +4.310978126e+01 -1.3566e+00 +2.3428e+00 +2.0213e+00 +1.3274e-01 -3.8919e+00
63 +2.182121780e+00 +2.182121780e+00 +3.936212178e+01 +3.936212178e+01 -2.9224e+00 +1.6446e+00 +3.3299e+00 +8.2354e-01 -3.4755e+00
123 +1.273846075e+00 +1.273846075e+00 +3.845384608e+01 +3.845384608e+01 -3.0778e+00 +1.5623e+00 +3.0614e+00 +1.1668e+00 -3.1257e+00
182 +9.007646254e-01 +9.007646254e-01 +3.808076463e+01 +3.808076463e+01 -3.2260e+00 +1.5780e+00 +2.3662e+00 +1.7947e+00 -3.2890e+00
210 +2.289924384e-01 +2.289924384e-01 +3.740899244e+01 +3.740899244e+01 -3.9625e+00 +2.0695e+00 +1.9392e+00 +1.5217e+00 -3.5749e+00
243 +9.485902846e-02 +9.485902846e-02 +3.727485903e+01 +3.727485903e+01 -3.8975e+00 +2.0436e+00 +2.1357e+00 +1.5354e+00 -3.5071e+00
373 +5.833692014e-02 +5.833692014e-02 +3.723833692e+01 +3.723833692e+01 -3.9194e+00 +2.0833e+00 +2.0495e+00 +1.5849e+00 -3.4692e+00
481 +3.503790813e-02 +3.503790813e-02 +3.721503791e+01 +3.721503791e+01 -3.9165e+00 +2.0599e+00 +2.0268e+00 +1.5970e+00 -3.5175e+00
525 +1.837484773e-02 +1.837484773e-02 +3.719837485e+01 +3.719837485e+01 -3.9157e+00 +2.0596e+00 +2.0106e+00 +1.6116e+00 -3.5314e+00
551 +1.454422793e-02 +1.454422793e-02 +3.719454423e+01 +3.719454423e+01 -3.9156e+00 +2.0610e+00 +2.0127e+00 +1.6175e+00 -3.5363e+00
565 +9.071139423e-03 +9.071139423e-03 +3.718907114e+01 +3.718907114e+01 -3.9152e+00 +2.0634e+00 +2.0192e+00 +1.6153e+00 -3.5406e+00
658 +4.902834472e-03 +4.902834472e-03 +3.718490283e+01 +3.718490283e+01 -3.9166e+00 +2.0614e+00 +2.0146e+00 +1.6159e+00 -3.5405e+00
913 +3.771723591e-03 +3.771723591e-03 +3.718377172e+01 +3.718377172e+01 -3.9155e+00 +2.0619e+00 +2.0161e+00 +1.6154e+00 -3.5404e+00
2012 +2.477589428e-03 +2.477589428e-03 +3.718247759e+01 +3.718247759e+01 -3.9167e+00 +2.0620e+00 +2.0145e+00 +1.6159e+00 -3.5409e+00
4753 +1.417788253e-03 +1.417788253e-03 +3.718141779e+01 +3.718141779e+01 -3.9000e+00 +2.0594e+00 +2.0401e+00 +1.6090e+00 -3.5333e+00
4840 +8.751809659e-04 +8.751809659e-04 +3.718087518e+01 +3.718087518e+01 -3.8991e+00 +2.0600e+00 +2.0401e+00 +1.6100e+00 -3.5339e+00
4954 +5.595234737e-04 +5.595234737e-04 +3.718055952e+01 +3.718055952e+01 -3.8994e+00 +2.0601e+00 +2.0398e+00 +1.6098e+00 -3.5337e+00
4991 +3.972676018e-04 +3.972676018e-04 +3.718039727e+01 +3.718039727e+01 -3.8990e+00 +2.0603e+00 +2.0400e+00 +1.6097e+00 -3.5335e+00
5030 +2.191061520e-04 +2.191061520e-04 +3.718021911e+01 +3.718021911e+01 -3.8992e+00 +2.0601e+00 +2.0400e+00 +1.6095e+00 -3.5335e+00
5055 +1.303689036e-04 +1.303689036e-04 +3.718013037e+01 +3.718013037e+01 -3.8992e+00 +2.0600e+00 +2.0400e+00 +1.6095e+00 -3.5336e+00
5158 +6.560561011e-05 +6.560561011e-05 +3.718006561e+01 +3.718006561e+01 -3.8992e+00 +2.0600e+00 +2.0400e+00 +1.6096e+00 -3.5336e+00
5194 +6.280763449e-05 +6.280763449e-05 +3.718006281e+01 +3.718006281e+01 -3.8992e+00 +2.0600e+00 +2.0400e+00 +1.6096e+00 -3.5336e+00
5252 +3.126188537e-05 +3.126188537e-05 +3.718003126e+01 +3.718003126e+01 -3.8992e+00 +2.0600e+00 +2.0400e+00 +1.6096e+00 -3.5336e+00
5323 +1.846004358e-05 +1.846004358e-05 +3.718001846e+01 +3.718001846e+01 -3.8992e+00 +2.0600e+00 +2.0400e+00 +1.6096e+00 -3.5336e+00
5359 +8.391821467e-06 +8.391821467e-06 +3.718000839e+01 +3.718000839e+01 -3.8992e+00 +2.0600e+00 +2.0400e+00 +1.6096e+00 -3.5336e+00
5652 +5.415879485e-06 +5.415879485e-06 +3.718000542e+01 +3.718000542e+01 -3.8992e+00 +2.0600e+00 +2.0400e+00 +1.6096e+00 -3.5336e+00
5702 +3.266420208e-06 +3.266420208e-06 +3.718000327e+01 +3.718000327e+01 -3.8992e+00 +2.0600e+00 +2.0400e+00 +1.6096e+00 -3.5336e+00
6296 +2.469851353e-06 +2.469851353e-06 +3.718000247e+01 +3.718000247e+01 -3.8992e+00 +2.0600e+00 +2.0400e+00 +1.6096e+00 -3.5336e+00
11433 +1.412119026e-06 +1.412119026e-06 +3.718000141e+01 +3.718000141e+01 -3.8992e+00 +2.0600e+00 +2.0400e+00 +1.6096e+00 -3.5336e+00
11612 +9.977255218e-07 +9.977255218e-07 +3.718000100e+01 +3.718000100e+01 -3.8992e+00 +2.0600e+00 +2.0400e+00 +1.6096e+00 -3.5336e+00
11656 +5.902612941e-07 +5.902612941e-07 +3.718000059e+01 +3.718000059e+01 -3.8992e+00 +2.0600e+00 +2.0400e+00 +1.6096e+00 -3.5336e+00
11869 +3.789371306e-07 +3.789371306e-07 +3.718000038e+01 +3.718000038e+01 -3.8992e+00 +2.0600e+00 +2.0400e+00 +1.6096e+00 -3.5336e+00
11990 +2.423401142e-07 +2.423401142e-07 +3.718000024e+01 +3.718000024e+01 -3.8992e+00 +2.0600e+00 +2.0400e+00 +1.6096e+00 -3.5336e+00
12124 +1.425831186e-07 +1.425831186e-07 +3.718000014e+01 +3.718000014e+01 -3.8992e+00 +2.0600e+00 +2.0400e+00 +1.6096e+00 -3.5336e+00
12133 +8.813179164e-08 +8.813179164e-08 +3.718000009e+01 +3.718000009e+01 -3.8992e+00 +2.0600e+00 +2.0400e+00 +1.6096e+00 -3.5336e+00
12270 +3.078796595e-08 +3.078796595e-08 +3.718000003e+01 +3.718000003e+01 -3.8992e+00 +2.0600e+00 +2.0400e+00 +1.6096e+00 -3.5336e+00
12383 +1.285295781e-08 +1.285295781e-08 +3.718000001e+01 +3.718000001e+01 -3.8992e+00 +2.0600e+00 +2.0400e+00 +1.6096e+00 -3.5336e+00
12618 +9.110280530e-09 +9.110280530e-09 +3.718000001e+01 +3.718000001e+01 -3.8992e+00 +2.0600e+00 +2.0400e+00 +1.6096e+00 -3.5336e+00
12638 +4.836927303e-09 +4.836927303e-09 +3.718000000e+01 +3.718000000e+01 -3.8992e+00 +2.0600e+00 +2.0400e+00 +1.6096e+00 -3.5336e+00
% function evaluation | noise-free fitness - Fopt (3.718000000000e+01) | best noise-free fitness - Fopt | measured fitness | best measured fitness | x1 | x2...
1 +8.484220539e+01 +8.484220539e+01 +1.220222054e+02 +1.220222054e+02 -3.3928e+00 +1.7718e+00 -1.8205e+00 -2.1114e+00 +3.7396e+00
14 +4.571590207e+01 +4.571590207e+01 +8.289590207e+01 +8.289590207e+01 -2.0962e+00 +1.8737e+00 -1.4342e+00 +1.8678e-02 +3.1317e+00
20 +2.307164524e+01 +2.307164524e+01 +6.025164524e+01 +6.025164524e+01 -3.4781e+00 +2.8530e+00 +3.3066e-01 +6.3029e-01 +6.3051e-01
28 +1.383540683e+01 +1.383540683e+01 +5.101540683e+01 +5.101540683e+01 -1.9038e+00 +3.2508e+00 +7.3257e-01 +1.1591e+00 +1.8240e+00
32 +8.931088848e+00 +8.931088848e+00 +4.611108885e+01 +4.611108885e+01 -1.8770e+00 +4.1258e+00 +2.8757e+00 +9.9324e-01 -1.3449e+00
51 +5.883771541e+00 +5.883771541e+00 +4.306377154e+01 +4.306377154e+01 -2.6695e+00 +1.6956e+00 +3.1885e+00 +3.5115e-01 -2.3758e+00
122 +3.530729275e+00 +3.530729275e+00 +4.071072928e+01 +4.071072928e+01 -2.7771e+00 +9.3599e-01 +2.8830e+00 +1.2888e+00 -4.1046e+00
187 +1.680120066e+00 +1.680120066e+00 +3.886012007e+01 +3.886012007e+01 -2.1562e+00 +1.4793e+00 +4.4846e+00 +9.9512e-01 -2.5617e+00
227 +1.533886261e+00 +1.533886261e+00 +3.871388626e+01 +3.871388626e+01 -3.5699e+00 +1.8312e+00 +3.7799e+00 +1.1820e+00 -2.8934e+00
247 +9.620117701e-01 +9.620117701e-01 +3.814201177e+01 +3.814201177e+01 -2.6269e+00 +1.9637e+00 +3.3750e+00 +1.3199e+00 -3.1968e+00
426 +6.261306719e-01 +6.261306719e-01 +3.780613067e+01 +3.780613067e+01 -2.7807e+00 +2.0630e+00 +4.0064e+00 +9.6742e-01 -2.8650e+00
607 +3.930027449e-01 +3.930027449e-01 +3.757300274e+01 +3.757300274e+01 -2.7772e+00 +2.2425e+00 +4.0021e+00 +1.0143e+00 -2.9106e+00
3874 +1.956148261e-01 +1.956148261e-01 +3.737561483e+01 +3.737561483e+01 -3.8801e+00 +2.1426e+00 +2.0361e+00 +1.6044e+00 -3.5075e+00
3910 +8.467798380e-02 +8.467798380e-02 +3.726467798e+01 +3.726467798e+01 -3.9037e+00 +2.0625e+00 +2.0297e+00 +1.5630e+00 -3.4734e+00
4007 +2.987386716e-02 +2.987386716e-02 +3.720987387e+01 +3.720987387e+01 -3.8671e+00 +2.0629e+00 +2.0595e+00 +1.6124e+00 -3.5238e+00
4210 +2.494350167e-02 +2.494350167e-02 +3.720494350e+01 +3.720494350e+01 -3.8840e+00 +2.0403e+00 +2.0384e+00 +1.6088e+00 -3.5291e+00
4250 +1.456287942e-02 +1.456287942e-02 +3.719456288e+01 +3.719456288e+01 -3.9043e+00 +2.0604e+00 +2.0424e+00 +1.6042e+00 -3.5320e+00
4320 +7.914304455e-03 +7.914304455e-03 +3.718791430e+01 +3.718791430e+01 -3.9035e+00 +2.0637e+00 +2.0423e+00 +1.6076e+00 -3.5321e+00
4379 +5.733521662e-03 +5.733521662e-03 +3.718573352e+01 +3.718573352e+01 -3.8984e+00 +2.0604e+00 +2.0391e+00 +1.6069e+00 -3.5332e+00
4452 +2.520533501e-03 +2.520533501e-03 +3.718252053e+01 +3.718252053e+01 -3.8974e+00 +2.0592e+00 +2.0409e+00 +1.6088e+00 -3.5313e+00
4521 +2.414747758e-03 +2.414747758e-03 +3.718241475e+01 +3.718241475e+01 -3.8991e+00 +2.0594e+00 +2.0393e+00 +1.6087e+00 -3.5342e+00
4581 +1.175746168e-03 +1.175746168e-03 +3.718117575e+01 +3.718117575e+01 -3.8992e+00 +2.0596e+00 +2.0390e+00 +1.6096e+00 -3.5339e+00
4646 +9.917854142e-04 +9.917854142e-04 +3.718099179e+01 +3.718099179e+01 -3.8991e+00 +2.0603e+00 +2.0396e+00 +1.6093e+00 -3.5337e+00
4777 +4.867705355e-04 +4.867705355e-04 +3.718048677e+01 +3.718048677e+01 -3.8990e+00 +2.0602e+00 +2.0402e+00 +1.6099e+00 -3.5336e+00
4842 +2.439739615e-04 +2.439739615e-04 +3.718024397e+01 +3.718024397e+01 -3.8992e+00 +2.0601e+00 +2.0399e+00 +1.6097e+00 -3.5337e+00
5000 +7.215422649e-05 +7.215422649e-05 +3.718007215e+01 +3.718007215e+01 -3.8992e+00 +2.0599e+00 +2.0400e+00 +1.6096e+00 -3.5336e+00
5079 +3.055171932e-05 +3.055171932e-05 +3.718003055e+01 +3.718003055e+01 -3.8992e+00 +2.0600e+00 +2.0400e+00 +1.6096e+00 -3.5336e+00
10504 +1.874376883e-05 +1.874376883e-05 +3.718001874e+01 +3.718001874e+01 -3.8992e+00 +2.0600e+00 +2.0400e+00 +1.6096e+00 -3.5336e+00
11162 +1.489285504e-05 +1.489285504e-05 +3.718001489e+01 +3.718001489e+01 -3.8992e+00 +2.0600e+00 +2.0400e+00 +1.6096e+00 -3.5336e+00
11200 +6.314316877e-06 +6.314316877e-06 +3.718000631e+01 +3.718000631e+01 -3.8992e+00 +2.0600e+00 +2.0400e+00 +1.6096e+00 -3.5336e+00
11214 +6.302553068e-06 +6.302553068e-06 +3.718000630e+01 +3.718000630e+01 -3.8992e+00 +2.0600e+00 +2.0400e+00 +1.6096e+00 -3.5336e+00
11340 +2.218529474e-06 +2.218529474e-06 +3.718000222e+01 +3.718000222e+01 -3.8992e+00 +2.0600e+00 +2.0400e+00 +1.6096e+00 -3.5336e+00
11439 +1.281045428e-06 +1.281045428e-06 +3.718000128e+01 +3.718000128e+01 -3.8992e+00 +2.0600e+00 +2.0400e+00 +1.6096e+00 -3.5336e+00
11470 +9.527204341e-07 +9.527204341e-07 +3.718000095e+01 +3.718000095e+01 -3.8992e+00 +2.0600e+00 +2.0400e+00 +1.6096e+00 -3.5336e+00
11528 +5.833623220e-07 +5.833623220e-07 +3.718000058e+01 +3.718000058e+01 -3.8992e+00 +2.0600e+00 +2.0400e+00 +1.6096e+00 -3.5336e+00
11706 +3.327971498e-07 +3.327971498e-07 +3.718000033e+01 +3.718000033e+01 -3.8992e+00 +2.0600e+00 +2.0400e+00 +1.6096e+00 -3.5336e+00
11920 +2.343705177e-07 +2.343705177e-07 +3.718000023e+01 +3.718000023e+01 -3.8992e+00 +2.0600e+00 +2.0400e+00 +1.6096e+00 -3.5336e+00
12083 +1.535669867e-07 +1.535669867e-07 +3.718000015e+01 +3.718000015e+01 -3.8992e+00 +2.0600e+00 +2.0400e+00 +1.6096e+00 -3.5336e+00
12134 +8.963112919e-08 +8.963112919e-08 +3.718000009e+01 +3.718000009e+01 -3.8992e+00 +2.0600e+00 +2.0400e+00 +1.6096e+00 -3.5336e+00
12176 +6.203309511e-08 +6.203309511e-08 +3.718000006e+01 +3.718000006e+01 -3.8992e+00 +2.0600e+00 +2.0400e+00 +1.6096e+00 -3.5336e+00
12264 +3.214020694e-08 +3.214020694e-08 +3.718000003e+01 +3.718000003e+01 -3.8992e+00 +2.0600e+00 +2.0400e+00 +1.6096e+00 -3.5336e+00
12378 +2.439482216e-08 +2.439482216e-08 +3.718000002e+01 +3.718000002e+01 -3.8992e+00 +2.0600e+00 +2.0400e+00 +1.6096e+00 -3.5336e+00
12512 +1.199144606e-08 +1.199144606e-08 +3.718000001e+01 +3.718000001e+01 -3.8992e+00 +2.0600e+00 +2.0400e+00 +1.6096e+00 -3.5336e+00
12550 +9.707683546e-09 +9.707683546e-09 +3.718000001e+01 +3.718000001e+01 -3.8992e+00 +2.0600e+00 +2.0400e+00 +1.6096e+00 -3.5336e+00
12582 +1.894797208e-09 +1.894797208e-09 +3.718000000e+01 +3.718000000e+01 -3.8992e+00 +2.0600e+00 +2.0400e+00 +1.6096e+00 -3.5336e+00
% function evaluation | noise-free fitness - Fopt (-1.479000000000e+02) | best noise-free fitness - Fopt | measured fitness | best measured fitness | x1 | x2...
1 +1.622362233e+01 +1.622362233e+01 -1.316763777e+02 -1.316763777e+02 +3.6767e-01 +3.6248e-02 -5.7563e-01 -3.7208e+00 +2.4769e+00
10 +5.400924901e+00 +5.400924901e+00 -1.424990751e+02 -1.424990751e+02 -3.7098e-01 +5.5206e-01 +2.2678e+00 -3.8557e+00 -1.7340e+00
93 +3.669425578e+00 +3.669425578e+00 -1.442305744e+02 -1.442305744e+02 +7.1820e-02 +1.6032e+00 +9.2936e-01 -8.0559e-01 -2.7975e+00
179 +1.669145377e+00 +1.669145377e+00 -1.462308546e+02 -1.462308546e+02 -1.3497e+00 +5.2034e-01 +2.4251e+00 -2.5090e+00 -2.3249e+00
240 +8.279723024e-01 +8.279723024e-01 -1.470720277e+02 -1.470720277e+02 -1.6858e+00 +3.4498e-01 +1.4975e+00 -1.7531e+00 -3.2143e+00
346 +6.286397154e-01 +6.286397154e-01 -1.472713603e+02 -1.472713603e+02 -1.4965e+00 -1.8456e-01 +1.4463e+00 -1.8097e+00 -3.1948e+00
402 +3.105614849e-01 +3.105614849e-01 -1.475894385e+02 -1.475894385e+02 -1.5235e+00 -6.1261e-02 +1.4391e+00 -1.9944e+00 -3.1312e+00
454 +1.437032405e-01 +1.437032405e-01 -1.477562968e+02 -1.477562968e+02 -1.6411e+00 +9.3776e-02 +1.2905e+00 -2.0125e+00 -3.0529e+00
636 +8.974301805e-02 +8.974301805e-02 -1.478102570e+02 -1.478102570e+02 -1.6322e+00 +1.2567e-01 +1.1834e+00 -1.9754e+00 -3.0858e+00
645 +5.850747021e-02 +5.850747021e-02 -1.478414925e+02 -1.478414925e+02 -1.6528e+00 +1.5068e-01 +1.1790e+00 -2.0039e+00 -3.1134e+00
732 +3.904624192e-02 +3.904624192e-02 -1.478609538e+02 -1.478609538e+02 -1.6803e+00 +1.2379e-01 +1.1525e+00 -1.9881e+00 -3.0991e+00
764 +1.764255885e-02 +1.764255885e-02 -1.478823574e+02 -1.478823574e+02 -1.6709e+00 +1.2624e-01 +1.1652e+00 -1.9997e+00 -3.1014e+00
798 +1.530114051e-02 +1.530114051e-02 -1.478846989e+02 -1.478846989e+02 -1.6737e+00 +1.3360e-01 +1.1490e+00 -2.0017e+00 -3.1029e+00
835 +9.064266981e-03 +9.064266981e-03 -1.478909357e+02 -1.478909357e+02 -1.6754e+00 +1.3250e-01 +1.1464e+00 -2.0156e+00 -3.1094e+00
888 +5.595576682e-03 +5.595576682e-03 -1.478944044e+02 -1.478944044e+02 -1.6705e+00 +1.3619e-01 +1.1380e+00 -2.0137e+00 -3.1058e+00
920 +3.526134322e-03 +3.526134322e-03 -1.478964739e+02 -1.478964739e+02 -1.6710e+00 +1.3530e-01 +1.1343e+00 -2.0162e+00 -3.1094e+00
998 +2.489425269e-03 +2.489425269e-03 -1.478975106e+02 -1.478975106e+02 -1.6700e+00 +1.3531e-01 +1.1377e+00 -2.0163e+00 -3.1089e+00
1043 +1.424350314e-03 +1.424350314e-03 -1.478985756e+02 -1.478985756e+02 -1.6706e+00 +1.3515e-01 +1.1375e+00 -2.0148e+00 -3.1097e+00
1146 +9.870566622e-04 +9.870566622e-04 -1.478990129e+02 -1.478990129e+02 -1.6703e+00 +1.3540e-01 +1.1371e+00 -2.0153e+00 -3.1096e+00
1149 +6.108992354e-04 +6.108992354e-04 -1.478993891e+02 -1.478993891e+02 -1.6705e+00 +1.3473e-01 +1.1369e+00 -2.0155e+00 -3.1094e+00
1366 +3.727038645e-04 +3.727038645e-04 -1.478996273e+02 -1.478996273e+02 -1.6705e+00 +1.3487e-01 +1.1367e+00 -2.0155e+00 -3.1094e+00
4984 +2.347682559e-04 +2.347682559e-04 -1.478997652e+02 -1.478997652e+02 -1.6703e+00 +1.3522e-01 +1.1368e+00 -2.0153e+00 -3.1096e+00
5002 +1.579948894e-04 +1.579948894e-04 -1.478998420e+02 -1.478998420e+02 -1.6704e+00 +1.3505e-01 +1.1370e+00 -2.0151e+00 -3.1095e+00
5085 +6.779204449e-05 +6.779204449e-05 -1.478999322e+02 -1.478999322e+02 -1.6704e+00 +1.3529e-01 +1.1366e+00 -2.0153e+00 -3.1097e+00
5157 +3.765853251e-05 +3.765853251e-05 -1.478999623e+02 -1.478999623e+02 -1.6704e+00 +1.3522e-01 +1.1368e+00 -2.0152e+00 -3.1096e+00
5363 +2.480540624e-05 +2.480540624e-05 -1.478999752e+02 -1.478999752e+02 -1.6704e+00 +1.3522e-01 +1.1368e+00 -2.0152e+00 -3.1096e+00
5576 +1.474120154e-05 +1.474120154e-05 -1.478999853e+02 -1.478999853e+02 -1.6704e+00 +1.3520e-01 +1.1368e+00 -2.0152e+00 -3.1096e+00
5760 +9.545537836e-06 +9.545537836e-06 -1.478999905e+02 -1.478999905e+02 -1.6704e+00 +1.3520e-01 +1.1368e+00 -2.0152e+00 -3.1096e+00
11035 +6.199701147e-06 +6.199701147e-06 -1.478999938e+02 -1.478999938e+02 -1.6704e+00 +1.3520e-01 +1.1368e+00 -2.0152e+00 -3.1096e+00
11070 +1.503248200e-06 +1.503248200e-06 -1.478999985e+02 -1.478999985e+02 -1.6704e+00 +1.3520e-01 +1.1368e+00 -2.0152e+00 -3.1096e+00
11206 +8.337160580e-07 +8.337160580e-07 -1.478999992e+02 -1.478999992e+02 -1.6704e+00 +1.3520e-01 +1.1368e+00 -2.0152e+00 -3.1096e+00
11301 +5.388500881e-07 +5.388500881e-07 -1.478999995e+02 -1.478999995e+02 -1.6704e+00 +1.3520e-01 +1.1368e+00 -2.0152e+00 -3.1096e+00
11492 +3.727535898e-07 +3.727535898e-07 -1.478999996e+02 -1.478999996e+02 -1.6704e+00 +1.3520e-01 +1.1368e+00 -2.0152e+00 -3.1096e+00
11689 +2.002097403e-07 +2.002097403e-07 -1.478999998e+02 -1.478999998e+02 -1.6704e+00 +1.3520e-01 +1.1368e+00 -2.0152e+00 -3.1096e+00
11775 +9.294717529e-08 +9.294717529e-08 -1.478999999e+02 -1.478999999e+02 -1.6704e+00 +1.3520e-01 +1.1368e+00 -2.0152e+00 -3.1096e+00
11918 +5.983176266e-08 +5.983176266e-08 -1.478999999e+02 -1.478999999e+02 -1.6704e+00 +1.3520e-01 +1.1368e+00 -2.0152e+00 -3.1096e+00
11978 +2.193999649e-08 +2.193999649e-08 -1.479000000e+02 -1.479000000e+02 -1.6704e+00 +1.3520e-01 +1.1368e+00 -2.0152e+00 -3.1096e+00
11983 +1.203187594e-08 +1.203187594e-08 -1.479000000e+02 -1.479000000e+02 -1.6704e+00 +1.3520e-01 +1.1368e+00 -2.0152e+00 -3.1096e+00
12132 +9.037876225e-09 +9.037876225e-09 -1.479000000e+02 -1.479000000e+02 -1.6704e+00 +1.3520e-01 +1.1368e+00 -2.0152e+00 -3.1096e+00
12158 +3.352653266e-09 +3.352653266e-09 -1.479000000e+02 -1.479000000e+02 -1.6704e+00 +1.3520e-01 +1.1368e+00 -2.0152e+00 -3.1096e+00
% function evaluation | noise-free fitness - Fopt (-1.479000000000e+02) | best noise-free fitness - Fopt | measured fitness | best measured fitness | x1 | x2...
1 +2.607680655e+01 +2.607680655e+01 -1.218231935e+02 -1.218231935e+02 -1.1683e+00 -3.1230e+00 -1.8685e+00 -1.1486e+00 +2.5632e+00
4 +2.140833328e+01 +2.140833328e+01 -1.264916667e+02 -1.264916667e+02 +2.8022e+00 -3.1271e+00 -3.2707e+00 +3.7025e-01 +2.1476e+00
11 +1.386414695e+01 +1.386414695e+01 -1.340358530e+02 -1.340358530e+02 +3.3651e-02 -3.1732e+00 +7.3841e-01 -5.5592e+00 +6.7758e-02
22 +9.962714452e+00 +9.962714452e+00 -1.379372855e+02 -1.379372855e+02 +1.8660e-02 -9.4068e-01 +1.9655e+00 -1.1936e+00 -5.5063e-01
31 +5.329907568e+00 +5.329907568e+00 -1.425700924e+02 -1.425700924e+02 -5.8587e-01 +7.6630e-01 -2.4141e-01 -7.4061e-01 -3.3470e+00
48 +3.979933701e+00 +3.979933701e+00 -1.439200663e+02 -1.439200663e+02 -1.5252e+00 +7.1376e-01 +9.6654e-01 -1.1705e+00 -1.2098e+00
117 +2.005097668e+00 +2.005097668e+00 -1.458949023e+02 -1.458949023e+02 -1.4807e+00 +1.0827e+00 +3.1870e-01 -2.1527e+00 -4.0464e+00
133 +1.532874323e+00 +1.532874323e+00 -1.463671257e+02 -1.463671257e+02 -1.8951e+00 +1.2330e+00 +1.3294e+00 -2.6409e+00 -2.6296e+00
216 +8.354244643e-01 +8.354244643e-01 -1.470645755e+02 -1.470645755e+02 -1.2207e+00 +3.7502e-01 +9.2980e-01 -2.6094e+00 -3.6638e+00
344 +5.215719151e-01 +5.215719151e-01 -1.473784281e+02 -1.473784281e+02 -1.6745e+00 +6.2543e-01 +5.6725e-02 -2.6121e+00 -3.5953e+00
448 +3.827355329e-01 +3.827355329e-01 -1.475172645e+02 -1.475172645e+02 -1.6798e+00 +4.4847e-01 +3.7423e-01 -2.4546e+00 -3.5061e+00
499 +2.457547151e-01 +2.457547151e-01 -1.476542453e+02 -1.476542453e+02 -1.6464e+00 +5.8491e-01 +3.5896e-01 -2.4396e+00 -3.5264e+00
579 +1.517886747e-01 +1.517886747e-01 -1.477482113e+02 -1.477482113e+02 -1.6659e+00 +5.3745e-01 +3.6038e-01 -2.4013e+00 -3.5578e+00
645 +9.557470709e-02 +9.557470709e-02 -1.478044253e+02 -1.478044253e+02 -1.6694e+00 +5.1819e-01 +3.7014e-01 -2.3960e+00 -3.5665e+00
3756 +3.686213537e-02 +3.686213537e-02 -1.478631379e+02 -1.478631379e+02 -1.6718e+00 +1.1046e-01 +1.1639e+00 -2.0123e+00 -3.1054e+00
3891 +2.356815019e-02 +2.356815019e-02 -1.478764318e+02 -1.478764318e+02 -1.6536e+00 +1.2518e-01 +1.1592e+00 -2.0278e+00 -3.1246e+00
3951 +1.561959902e-02 +1.561959902e-02 -1.478843804e+02 -1.478843804e+02 -1.6678e+00 +1.3646e-01 +1.1430e+00 -2.0210e+00 -3.1087e+00
4026 +5.860599448e-03 +5.860599448e-03 -1.478941394e+02 -1.478941394e+02 -1.6695e+00 +1.3278e-01 +1.1433e+00 -2.0149e+00 -3.1055e+00
4080 +3.292417389e-03 +3.292417389e-03 -1.478967076e+02 -1.478967076e+02 -1.6702e+00 +1.3581e-01 +1.1385e+00 -2.0163e+00 -3.1079e+00
4146 +2.369980293e-03 +2.369980293e-03 -1.478976300e+02 -1.478976300e+02 -1.6702e+00 +1.3476e-01 +1.1368e+00 -2.0162e+00 -3.1100e+00
4244 +1.411357185e-03 +1.411357185e-03 -1.478985886e+02 -1.478985886e+02 -1.6700e+00 +1.3515e-01 +1.1369e+00 -2.0150e+00 -3.1098e+00
4302 +7.560952636e-04 +7.560952636e-04 -1.478992439e+02 -1.478992439e+02 -1.6701e+00 +1.3493e-01 +1.1368e+00 -2.0154e+00 -3.1102e+00
4326 +5.215061198e-04 +5.215061198e-04 -1.478994785e+02 -1.478994785e+02 -1.6704e+00 +1.3489e-01 +1.1374e+00 -2.0149e+00 -3.1092e+00
4368 +3.819166179e-04 +3.819166179e-04 -1.478996181e+02 -1.478996181e+02 -1.6704e+00 +1.3525e-01 +1.1366e+00 -2.0150e+00 -3.1096e+00
4406 +2.234621234e-04 +2.234621234e-04 -1.478997765e+02 -1.478997765e+02 -1.6704e+00 +1.3519e-01 +1.1368e+00 -2.0152e+00 -3.1097e+00
4487 +1.307682283e-04 +1.307682283e-04 -1.478998692e+02 -1.478998692e+02 -1.6704e+00 +1.3524e-01 +1.1368e+00 -2.0152e+00 -3.1096e+00
4510 +8.225838647e-05 +8.225838647e-05 -1.478999177e+02 -1.478999177e+02 -1.6704e+00 +1.3517e-01 +1.1368e+00 -2.0152e+00 -3.1096e+00
4565 +4.449463933e-05 +4.449463933e-05 -1.478999555e+02 -1.478999555e+02 -1.6704e+00 +1.3521e-01 +1.1368e+00 -2.0152e+00 -3.1096e+00
4647 +3.452827073e-05 +3.452827073e-05 -1.478999655e+02 -1.478999655e+02 -1.6704e+00 +1.3520e-01 +1.1368e+00 -2.0152e+00 -3.1096e+00
4715 +2.498995681e-05 +2.498995681e-05 -1.478999750e+02 -1.478999750e+02 -1.6704e+00 +1.3522e-01 +1.1368e+00 -2.0152e+00 -3.1096e+00
4748 +1.429983678e-05 +1.429983678e-05 -1.478999857e+02 -1.478999857e+02 -1.6704e+00 +1.3520e-01 +1.1368e+00 -2.0152e+00 -3.1096e+00
4751 +8.188127282e-06 +8.188127282e-06 -1.478999918e+02 -1.478999918e+02 -1.6704e+00 +1.3520e-01 +1.1368e+00 -2.0152e+00 -3.1096e+00
4873 +2.005010543e-06 +2.005010543e-06 -1.478999980e+02 -1.478999980e+02 -1.6704e+00 +1.3520e-01 +1.1368e+00 -2.0152e+00 -3.1096e+00
4954 +1.549918579e-06 +1.549918579e-06 -1.478999985e+02 -1.478999985e+02 -1.6704e+00 +1.3520e-01 +1.1368e+00 -2.0152e+00 -3.1096e+00
4957 +9.178488654e-07 +9.178488654e-07 -1.478999991e+02 -1.478999991e+02 -1.6704e+00 +1.3520e-01 +1.1368e+00 -2.0152e+00 -3.1096e+00
5032 +5.882959613e-07 +5.882959613e-07 -1.478999994e+02 -1.478999994e+02 -1.6704e+00 +1.3520e-01 +1.1368e+00 -2.0152e+00 -3.1096e+00
5108 +3.721339965e-07 +3.721339965e-07 -1.478999996e+02 -1.478999996e+02 -1.6704e+00 +1.3520e-01 +1.1368e+00 -2.0152e+00 -3.1096e+00
5297 +2.164885586e-07 +2.164885586e-07 -1.478999998e+02 -1.478999998e+02 -1.6704e+00 +1.3520e-01 +1.1368e+00 -2.0152e+00 -3.1096e+00
5364 +1.564591798e-07 +1.564591798e-07 -1.478999998e+02 -1.478999998e+02 -1.6704e+00 +1.3520e-01 +1.1368e+00 -2.0152e+00 -3.1096e+00
5418 +4.759942840e-08 +4.759942840e-08 -1.479000000e+02 -1.479000000e+02 -1.6704e+00 +1.3520e-01 +1.1368e+00 -2.0152e+00 -3.1096e+00
5544 +3.079975386e-08 +3.079975386e-08 -1.479000000e+02 -1.479000000e+02 -1.6704e+00 +1.3520e-01 +1.1368e+00 -2.0152e+00 -3.1096e+00
5569 +1.890336421e-08 +1.890336421e-08 -1.479000000e+02 -1.479000000e+02 -1.6704e+00 +1.3520e-01 +1.1368e+00 -2.0152e+00 -3.1096e+00
5577 +1.487791224e-08 +1.487791224e-08 -1.479000000e+02 -1.479000000e+02 -1.6704e+00 +1.3520e-01 +1.1368e+00 -2.0152e+00 -3.1096e+00
5589 +8.478536984e-09 +8.478536984e-09 -1.479000000e+02 -1.479000000e+02 -1.6704e+00 +1.3520e-01 +1.1368e+00 -2.0152e+00 -3.1096e+00
% function evaluation | noise-free fitness - Fopt (-1.479000000000e+02) | best noise-free fitness - Fopt | measured fitness | best measured fitness | x1 | x2...
1 +9.380905624e+00 +9.380905624e+00 -1.385190944e+02 -1.385190944e+02 -3.8534e+00 -7.4212e-01 +1.1306e+00 +9.4545e-01 -1.1308e+00
7 +4.674213448e+00 +4.674213448e+00 -1.432257866e+02 -1.432257866e+02 -2.3767e+00 -1.2755e-01 -1.1785e+00 -2.6676e+00 -3.6533e+00
61 +2.529678605e+00 +2.529678605e+00 -1.453703214e+02 -1.453703214e+02 -1.9195e+00 +7.8037e-01 +2.9013e-01 -1.7637e+00 -3.8946e+00
129 +1.973819140e+00 +1.973819140e+00 -1.459261809e+02 -1.459261809e+02 -1.1810e+00 -1.1532e-01 +9.8643e-01 -2.2001e+00 -2.8158e+00
157 +1.047421936e+00 +1.047421936e+00 -1.468525781e+02 -1.468525781e+02 -1.4154e+00 +5.9453e-01 +8.6682e-01 -2.3774e+00 -3.4726e+00
158 +6.431268920e-01 +6.431268920e-01 -1.472568731e+02 -1.472568731e+02 -1.5462e+00 +2.4120e-02 +1.2957e+00 -2.0724e+00 -2.8368e+00
235 +6.117278138e-01 +6.117278138e-01 -1.472882722e+02 -1.472882722e+02 -1.8488e+00 +4.3847e-01 +5.4193e-01 -2.3382e+00 -3.3186e+00
269 +2.122879392e-01 +2.122879392e-01 -1.476877121e+02 -1.476877121e+02 -1.6891e+00 +2.7121e-01 +9.8709e-01 -2.1927e+00 -3.1525e+00
359 +1.188345857e-01 +1.188345857e-01 -1.477811654e+02 -1.477811654e+02 -1.6682e+00 +1.0083e-01 +1.1474e+00 -1.9853e+00 -3.1905e+00
390 +6.937939998e-02 +6.937939998e-02 -1.478306206e+02 -1.478306206e+02 -1.6966e+00 +7.7691e-02 +1.1780e+00 -1.9861e+00 -3.0895e+00
441 +5.318339875e-02 +5.318339875e-02 -1.478468166e+02 -1.478468166e+02 -1.7015e+00 +1.1371e-01 +1.1636e+00 -1.9899e+00 -3.0807e+00
470 +2.555624139e-02 +2.555624139e-02 -1.478744438e+02 -1.478744438e+02 -1.6728e+00 +1.1190e-01 +1.1679e+00 -2.0036e+00 -3.0967e+00
522 +1.795995586e-02 +1.795995586e-02 -1.478820400e+02 -1.478820400e+02 -1.6724e+00 +1.0432e-01 +1.1882e+00 -1.9914e+00 -3.0859e+00
621 +1.488656598e-02 +1.488656598e-02 -1.478851134e+02 -1.478851134e+02 -1.6761e+00 +9.9746e-02 +1.1863e+00 -1.9919e+00 -3.0841e+00
723 +9.924122649e-03 +9.924122649e-03 -1.478900759e+02 -1.478900759e+02 -1.6742e+00 +1.0475e-01 +1.1870e+00 -1.9961e+00 -3.0834e+00
941 +5.995335091e-03 +5.995335091e-03 -1.478940047e+02 -1.478940047e+02 -1.6730e+00 +1.0516e-01 +1.1852e+00 -1.9963e+00 -3.0849e+00
4757 +2.422918293e-03 +2.422918293e-03 -1.478975771e+02 -1.478975771e+02 -1.6698e+00 +1.3661e-01 +1.1338e+00 -2.0170e+00 -3.1118e+00
4787 +1.409459595e-03 +1.409459595e-03 -1.478985905e+02 -1.478985905e+02 -1.6703e+00 +1.3712e-01 +1.1346e+00 -2.0167e+00 -3.1103e+00
4900 +9.730212080e-04 +9.730212080e-04 -1.478990270e+02 -1.478990270e+02 -1.6704e+00 +1.3487e-01 +1.1368e+00 -2.0152e+00 -3.1100e+00
4921 +5.756739133e-04 +5.756739133e-04 -1.478994243e+02 -1.478994243e+02 -1.6703e+00 +1.3549e-01 +1.1359e+00 -2.0157e+00 -3.1102e+00
5048 +3.220453858e-04 +3.220453858e-04 -1.478996780e+02 -1.478996780e+02 -1.6705e+00 +1.3519e-01 +1.1369e+00 -2.0150e+00 -3.1094e+00
5065 +2.024287808e-04 +2.024287808e-04 -1.478997976e+02 -1.478997976e+02 -1.6704e+00 +1.3528e-01 +1.1367e+00 -2.0152e+00 -3.1096e+00
5128 +1.306671196e-04 +1.306671196e-04 -1.478998693e+02 -1.478998693e+02 -1.6705e+00 +1.3517e-01 +1.1369e+00 -2.0151e+00 -3.1095e+00
5200 +9.644415809e-05 +9.644415809e-05 -1.478999036e+02 -1.478999036e+02 -1.6704e+00 +1.3519e-01 +1.1368e+00 -2.0152e+00 -3.1096e+00
5298 +4.363758225e-05 +4.363758225e-05 -1.478999564e+02 -1.478999564e+02 -1.6704e+00 +1.3518e-01 +1.1368e+00 -2.0152e+00 -3.1096e+00
5308 +3.569249751e-05 +3.569249751e-05 -1.478999643e+02 -1.478999643e+02 -1.6704e+00 +1.3520e-01 +1.1368e+00 -2.0152e+00 -3.1096e+00
5456 +2.204366945e-05 +2.204366945e-05 -1.478999780e+02 -1.478999780e+02 -1.6704e+00 +1.3519e-01 +1.1368e+00 -2.0152e+00 -3.1096e+00
5482 +9.253152399e-06 +9.253152399e-06 -1.478999907e+02 -1.478999907e+02 -1.6704e+00 +1.3521e-01 +1.1368e+00 -2.0152e+00 -3.1096e+00
5677 +6.013446978e-06 +6.013446978e-06 -1.478999940e+02 -1.478999940e+02 -1.6704e+00 +1.3521e-01 +1.1368e+00 -2.0152e+00 -3.1096e+00
5801 +3.915177786e-06 +3.915177786e-06 -1.478999961e+02 -1.478999961e+02 -1.6704e+00 +1.3521e-01 +1.1368e+00 -2.0152e+00 -3.1096e+00
6142 +2.470961391e-06 +2.470961391e-06 -1.478999975e+02 -1.478999975e+02 -1.6704e+00 +1.3521e-01 +1.1368e+00 -2.0152e+00 -3.1096e+00
10857 +8.831606522e-07 +8.831606522e-07 -1.478999991e+02 -1.478999991e+02 -1.6704e+00 +1.3520e-01 +1.1368e+00 -2.0152e+00 -3.1096e+00
11013 +5.272810029e-07 +5.272810029e-07 -1.478999995e+02 -1.478999995e+02 -1.6704e+00 +1.3520e-01 +1.1368e+00 -2.0152e+00 -3.1096e+00
11230 +3.586909259e-07 +3.586909259e-07 -1.478999996e+02 -1.478999996e+02 -1.6704e+00 +1.3520e-01 +1.1368e+00 -2.0152e+00 -3.1096e+00
11397 +1.227538462e-07 +1.227538462e-07 -1.478999999e+02 -1.478999999e+02 -1.6704e+00 +1.3520e-01 +1.1368e+00 -2.0152e+00 -3.1096e+00
11537 +9.730240436e-08 +9.730240436e-08 -1.478999999e+02 -1.478999999e+02 -1.6704e+00 +1.3520e-01 +1.1368e+00 -2.0152e+00 -3.1096e+00
11625 +5.930385782e-08 +5.930385782e-08 -1.478999999e+02 -1.478999999e+02 -1.6704e+00 +1.3520e-01 +1.1368e+00 -2.0152e+00 -3.1096e+00
11661 +1.479986622e-08 +1.479986622e-08 -1.479000000e+02 -1.479000000e+02 -1.6704e+00 +1.3520e-01 +1.1368e+00 -2.0152e+00 -3.1096e+00
11826 +8.061959988e-09 +8.061959988e-09 -1.479000000e+02 -1.479000000e+02 -1.6704e+00 +1.3520e-01 +1.1368e+00 -2.0152e+00 -3.1096e+00
11838 +5.670500514e-09 +5.670500514e-09 -1.479000000e+02 -1.479000000e+02 -1.6704e+00 +1.3520e-01 +1.1368e+00 -2.0152e+00 -3.1096e+00
