% function evaluation | noise-free fitness - Fopt (-1.694000000000e+01) | best noise-free fitness - Fopt | measured fitness | best measured fitness | x1 | x2...
1 +1.504312198e+02 +1.504312198e+02 +1.334912198e+02 +1.334912198e+02 -1.7712e-01 +1.8917e+00
2 +1.003417608e+01 +1.003417608e+01 -6.905823923e+00 -6.905823923e+00 +1.7743e+00 +4.2320e+00
6 +5.059575455e+00 +5.059575455e+00 -1.188042454e+01 -1.188042454e+01 +3.2070e+00 -1.0903e+00
23 +2.023904087e+00 +2.023904087e+00 -1.491609591e+01 -1.491609591e+01 +4.3218e+00 +1.7040e+00
47 +1.064664511e+00 +1.064664511e+00 -1.587533549e+01 -1.587533549e+01 +3.4247e+00 +2.0071e+00
80 +9.107078640e-01 +9.107078640e-01 -1.602929214e+01 -1.602929214e+01 +3.3695e+00 +2.7222e+00
105 +3.939987910e-01 +3.939987910e-01 -1.654600121e+01 -1.654600121e+01 +3.5163e+00 +2.6361e+00
129 +1.134834406e-01 +1.134834406e-01 -1.682651656e+01 -1.682651656e+01 +3.6927e+00 +2.5189e+00
155 +7.817205725e-02 +7.817205725e-02 -1.686182794e+01 -1.686182794e+01 +3.6419e+00 +2.5286e+00
163 +5.881580113e-02 +5.881580113e-02 -1.688118420e+01 -1.688118420e+01 +3.6500e+00 +2.6038e+00
171 +2.725480806e-02 +2.725480806e-02 -1.691274519e+01 -1.691274519e+01 +3.6506e+00 +2.5495e+00
177 +2.201040780e-02 +2.201040780e-02 -1.691798959e+01 -1.691798959e+01 +3.6584e+00 +2.5352e+00
189 +8.132254255e-03 +8.132254255e-03 -1.693186775e+01 -1.693186775e+01 +3.6557e+00 +2.5439e+00
253 +1.593326490e-03 +1.593326490e-03 -1.693840667e+01 -1.693840667e+01 +3.6559e+00 +2.5500e+00
308 +7.746096900e-04 +7.746096900e-04 -1.693922539e+01 -1.693922539e+01 +3.6561e+00 +2.5496e+00
314 +2.303712634e-04 +2.303712634e-04 -1.693976963e+01 -1.693976963e+01 +3.6559e+00 +2.5497e+00
389 +6.317245196e-05 +6.317245196e-05 -1.693993683e+01 -1.693993683e+01 +3.6560e+00 +2.5496e+00
442 +3.764798427e-05 +3.764798427e-05 -1.693996235e+01 -1.693996235e+01 +3.6560e+00 +2.5496e+00
464 +1.570011121e-05 +1.570011121e-05 -1.693998430e+01 -1.693998430e+01 +3.6560e+00 +2.5496e+00
606 +9.874728057e-06 +9.874728057e-06 -1.693999013e+01 -1.693999013e+01 +3.6560e+00 +2.5496e+00
612 +1.917866893e-06 +1.917866893e-06 -1.693999808e+01 -1.693999808e+01 +3.6560e+00 +2.5496e+00
633 +1.370593981e-06 +1.370593981e-06 -1.693999863e+01 -1.693999863e+01 +3.6560e+00 +2.5496e+00
654 +9.798789797e-07 +9.798789797e-07 -1.693999902e+01 -1.693999902e+01 +3.6560e+00 +2.5496e+00
676 +5.823132767e-07 +5.823132767e-07 -1.693999942e+01 -1.693999942e+01 +3.6560e+00 +2.5496e+00
677 +3.036736231e-07 +3.036736231e-07 -1.693999970e+01 -1.693999970e+01 +3.6560e+00 +2.5496e+00
710 +7.764501220e-08 +7.764501220e-08 -1.693999992e+01 -1.693999992e+01 +3.6560e+00 +2.5496e+00
766 +5.052411822e-08 +5.052411822e-08 -1.693999995e+01 -1.693999995e+01 +3.6560e+00 +2.5496e+00
768 +1.036138642e-08 +1.036138642e-08 -1.693999999e+01 -1.693999999e+01 +3.6560e+00 +2.5496e+00
784 +7.697835258e-09 +7.697835258e-09 -1.693999999e+01 -1.693999999e+01 +3.6560e+00 +2.5496e+00
% function evaluation | noise-free fitness - Fopt (-1.694000000000e+01) | best noise-free fitness - Fopt | measured fitness | best measured fitness | x1 | x2...
1 +4.929353504e+02 +4.929353504e+02 +4.759953504e+02 +4.759953504e+02 -2.5002e+00 -9.8944e-01
2 +6.575002264e+01 +6.575002264e+01 +4.881002264e+01 +4.881002264e+01 +1.1359e-01 -4.6133e-01
8 +5.524588834e+01 +5.524588834e+01 +3.830588834e+01 +3.830588834e+01 -9.4331e-01 -5.3845e+00
10 +2.913042111e+01 +2.913042111e+01 +1.219042111e+01 +1.219042111e+01 -4.6930e-02 -4.0373e+00
19 +2.379130467e+01 +2.379130467e+01 +6.851304666e+00 +6.851304666e+00 +2.0107e-01 -4.9336e+00
27 +1.480693329e+01 +1.480693329e+01 -2.133066708e+00 -2.133066708e+00 +1.3301e+00 -4.6570e+00
51 +8.222253759e+00 +8.222253759e+00 -8.717746241e+00 -8.717746241e+00 +4.1902e+00 -4.6469e+00
98 +5.120878598e+00 +5.120878598e+00 -1.181912140e+01 -1.181912140e+01 +4.9263e+00 -2.2075e+00
137 +3.182272437e+00 +3.182272437e+00 -1.375772756e+01 -1.375772756e+01 +4.0994e+00 +1.6043e+00
143 +1.171238481e+00 +1.171238481e+00 -1.576876152e+01 -1.576876152e+01 +4.0399e+00 +2.1600e+00
186 +3.847702191e-01 +3.847702191e-01 -1.655522978e+01 -1.655522978e+01 +3.6370e+00 +2.2724e+00
231 +7.198337868e-02 +7.198337868e-02 -1.686801662e+01 -1.686801662e+01 +3.6643e+00 +2.5268e+00
348 +5.856023018e-02 +5.856023018e-02 -1.688143977e+01 -1.688143977e+01 +3.6641e+00 +2.4945e+00
368 +7.668763283e-03 +7.668763283e-03 -1.693233124e+01 -1.693233124e+01 +3.6588e+00 +2.5466e+00
416 +3.145941947e-03 +3.145941947e-03 -1.693685406e+01 -1.693685406e+01 +3.6562e+00 +2.5519e+00
481 +1.392787686e-03 +1.392787686e-03 -1.693860721e+01 -1.693860721e+01 +3.6561e+00 +2.5496e+00
501 +5.522784519e-04 +5.522784519e-04 -1.693944772e+01 -1.693944772e+01 +3.6560e+00 +2.5493e+00
524 +3.299191458e-04 +3.299191458e-04 -1.693967008e+01 -1.693967008e+01 +3.6560e+00 +2.5496e+00
534 +7.433615023e-05 +7.433615023e-05 -1.693992566e+01 -1.693992566e+01 +3.6560e+00 +2.5496e+00
551 +6.028191997e-05 +6.028191997e-05 -1.693993972e+01 -1.693993972e+01 +3.6560e+00 +2.5496e+00
590 +3.783496924e-05 +3.783496924e-05 -1.693996217e+01 -1.693996217e+01 +3.6560e+00 +2.5496e+00
636 +1.938959671e-05 +1.938959671e-05 -1.693998061e+01 -1.693998061e+01 +3.6560e+00 +2.5496e+00
677 +1.262964470e-05 +1.262964470e-05 -1.693998737e+01 -1.693998737e+01 +3.6560e+00 +2.5496e+00
704 +3.854502701e-06 +3.854502701e-06 -1.693999615e+01 -1.693999615e+01 +3.6560e+00 +2.5496e+00
719 +1.397408894e-06 +1.397408894e-06 -1.693999860e+01 -1.693999860e+01 +3.6560e+00 +2.5496e+00
734 +9.594889150e-07 +9.594889150e-07 -1.693999904e+01 -1.693999904e+01 +3.6560e+00 +2.5496e+00
740 +5.654663795e-07 +5.654663795e-07 -1.693999943e+01 -1.693999943e+01 +3.6560e+00 +2.5496e+00
766 +3.576585037e-07 +3.576585037e-07 -1.693999964e+01 -1.693999964e+01 +3.6560e+00 +2.5496e+00
833 +2.335697218e-07 +2.335697218e-07 -1.693999977e+01 -1.693999977e+01 +3.6560e+00 +2.5496e+00
847 +9.789459199e-08 +9.789459199e-08 -1.693999990e+01 -1.693999990e+01 +3.6560e+00 +2.5496e+00
861 +5.290944571e-08 +5.290944571e-08 -1.693999995e+01 -1.693999995e+01 +3.6560e+00 +2.5496e+00
905 +3.873784848e-08 +3.873784848e-08 -1.693999996e+01 -1.693999996e+01 +3.6560e+00 +2.5496e+00
915 +2.193019455e-08 +2.193019455e-08 -1.693999998e+01 -1.693999998e+01 +3.6560e+00 +2.5496e+00
924 +8.504297710e-09 +8.504297710e-09 -1.693999999e+01 -1.693999999e+01 +3.6560e+00 +2.5496e+00
926 +2.669274579e-09 +2.669274579e-09 -1.694000000e+01 -1.694000000e+01 +3.6560e+00 +2.5496e+00
% function evaluation | noise-free fitness - Fopt (-1.694000000000e+01) | best noise-free fitness - Fopt | measured fitness | best measured fitness | x1 | x2...
1 +2.462341021e+02 +2.462341021e+02 +2.292941021e+02 +2.292941021e+02 -6.6641e-01 +3.8046e+00
2 +2.843666812e+01 +2.843666812e+01 +1.149666812e+01 +1.149666812e+01 +1.6183e+00 +4.0835e+00
4 +1.122363187e+01 +1.122363187e+01 -5.716368132e+00 -5.716368132e+00 +3.3639e+00 +5.1369e+00
10 +5.970646205e+00 +5.970646205e+00 -1.096935379e+01 -1.096935379e+01 +2.8479e+00 +4.0260e+00
24 +2.822769931e+00 +2.822769931e+00 -1.411723007e+01 -1.411723007e+01 +4.5446e+00 +9.3155e-01
30 +1.404008402e+00 +1.404008402e+00 -1.553599160e+01 -1.553599160e+01 +3.3079e+00 +1.9115e+00
108 +7.488083423e-01 +7.488083423e-01 -1.619119166e+01 -1.619119166e+01 +3.6668e+00 +2.1084e+00
121 +2.633469332e-01 +2.633469332e-01 -1.667665307e+01 -1.667665307e+01 +3.5251e+00 +2.7015e+00
130 +2.477381456e-01 +2.477381456e-01 -1.669226185e+01 -1.669226185e+01 +3.5296e+00 +2.6019e+00
146 +1.158060581e-01 +1.158060581e-01 -1.682419394e+01 -1.682419394e+01 +3.6133e+00 +2.5430e+00
168 +8.507361843e-02 +8.507361843e-02 -1.685492638e+01 -1.685492638e+01 +3.6422e+00 +2.6017e+00
169 +6.057812908e-02 +6.057812908e-02 -1.687942187e+01 -1.687942187e+01 +3.6741e+00 +2.4982e+00
170 +3.977835794e-02 +3.977835794e-02 -1.690022164e+01 -1.690022164e+01 +3.6594e+00 +2.5211e+00
195 +3.280481237e-03 +3.280481237e-03 -1.693671952e+01 -1.693671952e+01 +3.6555e+00 +2.5477e+00
311 +1.715315174e-03 +1.715315174e-03 -1.693828468e+01 -1.693828468e+01 +3.6561e+00 +2.5501e+00
315 +1.093457976e-03 +1.093457976e-03 -1.693890654e+01 -1.693890654e+01 +3.6556e+00 +2.5502e+00
338 +9.864154662e-04 +9.864154662e-04 -1.693901358e+01 -1.693901358e+01 +3.6560e+00 +2.5505e+00
1184 +3.252783987e-04 +3.252783987e-04 -1.693967472e+01 -1.693967472e+01 +3.6561e+00 +2.5497e+00
1268 +2.315623359e-04 +2.315623359e-04 -1.693976844e+01 -1.693976844e+01 +3.6559e+00 +2.5497e+00
1394 +2.901275919e-05 +2.901275919e-05 -1.693997099e+01 -1.693997099e+01 +3.6560e+00 +2.5496e+00
3021 +1.443863226e-05 +1.443863226e-05 -1.693998556e+01 -1.693998556e+01 +3.6560e+00 +2.5496e+00
3039 +9.579286072e-06 +9.579286072e-06 -1.693999042e+01 -1.693999042e+01 +3.6560e+00 +2.5496e+00
3051 +1.843546137e-06 +1.843546137e-06 -1.693999816e+01 -1.693999816e+01 +3.6560e+00 +2.5496e+00
3179 +1.386796139e-06 +1.386796139e-06 -1.693999861e+01 -1.693999861e+01 +3.6560e+00 +2.5496e+00
3208 +8.726730378e-07 +8.726730378e-07 -1.693999913e+01 -1.693999913e+01 +3.6560e+00 +2.5496e+00
3294 +5.943878314e-07 +5.943878314e-07 -1.693999941e+01 -1.693999941e+01 +3.6560e+00 +2.5496e+00
3306 +2.952373954e-07 +2.952373954e-07 -1.693999970e+01 -1.693999970e+01 +3.6560e+00 +2.5496e+00
3385 +4.165682199e-08 +4.165682199e-08 -1.693999996e+01 -1.693999996e+01 +3.6560e+00 +2.5496e+00
3509 +2.175799096e-08 +2.175799096e-08 -1.693999998e+01 -1.693999998e+01 +3.6560e+00 +2.5496e+00
3529 +1.318795384e-08 +1.318795384e-08 -1.693999999e+01 -1.693999999e+01 +3.6560e+00 +2.5496e+00
3569 +5.164881856e-09 +5.164881856e-09 -1.693999999e+01 -1.693999999e+01 +3.6560e+00 +2.5496e+00
3570 +3.681343230e-09 +3.681343230e-09 -1.694000000e+01 -1.694000000e+01 +3.6560e+00 +2.5496e+00
% function evaluation | noise-free fitness - Fopt (1.881000000000e+01) | best noise-free fitness - Fopt | measured fitness | best measured fitness | x1 | x2...
1 +2.579931014e+01 +2.579931014e+01 +4.460931014e+01 +4.460931014e+01 -1.3116e+00 -3.2663e-01
2 +5.114503805e+00 +5.114503805e+00 +2.392450380e+01 +2.392450380e+01 +2.7626e+00 +2.3279e+00
10 +1.166665425e+00 +1.166665425e+00 +1.997666543e+01 +1.997666543e+01 -2.3978e-02 +1.8460e+00
64 +7.116464895e-01 +7.116464895e-01 +1.952164649e+01 +1.952164649e+01 -4.7139e-01 +1.6427e+00
87 +5.612709956e-01 +5.612709956e-01 +1.937127100e+01 +1.937127100e+01 -2.0290e-01 +1.6028e+00
93 +2.966044411e-01 +2.966044411e-01 +1.910660444e+01 +1.910660444e+01 -1.9647e-01 +1.8046e+00
122 +2.433600384e-01 +2.433600384e-01 +1.905336004e+01 +1.905336004e+01 -3.3398e-01 +1.7249e+00
137 +9.584898975e-02 +9.584898975e-02 +1.890584899e+01 +1.890584899e+01 -2.0511e-01 +1.7619e+00
153 +9.936382066e-03 +9.936382066e-03 +1.881993638e+01 +1.881993638e+01 -1.8284e-01 +1.7783e+00
272 +3.757039327e-03 +3.757039327e-03 +1.881375704e+01 +1.881375704e+01 -1.9097e-01 +1.7816e+00
284 +2.016344700e-03 +2.016344700e-03 +1.881201634e+01 +1.881201634e+01 -1.9114e-01 +1.7806e+00
298 +1.286547102e-03 +1.286547102e-03 +1.881128655e+01 +1.881128655e+01 -1.9161e-01 +1.7808e+00
311 +3.304837222e-04 +3.304837222e-04 +1.881033048e+01 +1.881033048e+01 -1.9108e-01 +1.7807e+00
317 +2.386738376e-04 +2.386738376e-04 +1.881023867e+01 +1.881023867e+01 -1.9135e-01 +1.7807e+00
370 +8.636037977e-05 +8.636037977e-05 +1.881008636e+01 +1.881008636e+01 -1.9124e-01 +1.7808e+00
406 +3.659389256e-05 +3.659389256e-05 +1.881003659e+01 +1.881003659e+01 -1.9119e-01 +1.7808e+00
459 +8.914931815e-06 +8.914931815e-06 +1.881000891e+01 +1.881000891e+01 -1.9120e-01 +1.7808e+00
472 +3.753569750e-06 +3.753569750e-06 +1.881000375e+01 +1.881000375e+01 -1.9120e-01 +1.7808e+00
478 +1.713584609e-06 +1.713584609e-06 +1.881000171e+01 +1.881000171e+01 -1.9120e-01 +1.7808e+00
500 +1.369209489e-06 +1.369209489e-06 +1.881000137e+01 +1.881000137e+01 -1.9120e-01 +1.7808e+00
510 +7.605287955e-07 +7.605287955e-07 +1.881000076e+01 +1.881000076e+01 -1.9120e-01 +1.7808e+00
516 +4.864969974e-07 +4.864969974e-07 +1.881000049e+01 +1.881000049e+01 -1.9120e-01 +1.7808e+00
572 +2.536913044e-07 +2.536913044e-07 +1.881000025e+01 +1.881000025e+01 -1.9120e-01 +1.7808e+00
617 +1.413610207e-07 +1.413610207e-07 +1.881000014e+01 +1.881000014e+01 -1.9120e-01 +1.7808e+00
670 +7.489206411e-08 +7.489206411e-08 +1.881000007e+01 +1.881000007e+01 -1.9120e-01 +1.7808e+00
688 +3.799408788e-08 +3.799408788e-08 +1.881000004e+01 +1.881000004e+01 -1.9120e-01 +1.7808e+00
695 +1.529081572e-08 +1.529081572e-08 +1.881000002e+01 +1.881000002e+01 -1.9120e-01 +1.7808e+00
716 +4.896616446e-09 +4.896616446e-09 +1.881000000e+01 +1.881000000e+01 -1.9120e-01 +1.7808e+00
% function evaluation | noise-free fitness - Fopt (1.881000000000e+01) | best noise-free fitness - Fopt | measured fitness | best measured fitness | x1 | x2...
1 +7.153378318e+01 +7.153378318e+01 +9.034378318e+01 +9.034378318e+01 +1.1271e+00 -2.9537e+00
3 +3.663288116e+01 +3.663288116e+01 +5.544288116e+01 +5.544288116e+01 -3.2029e+00 -3.5718e+00
18 +2.164252817e+01 +2.164252817e+01 +4.045252817e+01 +4.045252817e+01 -2.6660e+00 -4.5271e+00
24 +1.405177318e+01 +1.405177318e+01 +3.286177318e+01 +3.286177318e+01 -3.4320e+00 -2.4130e+00
33 +1.062754535e+00 +1.062754535e+00 +1.987275453e+01 +1.987275453e+01 +1.9497e-02 +1.4920e+00
96 +8.465400497e-01 +8.465400497e-01 +1.965654005e+01 +1.965654005e+01 -9.5195e-01 +1.8234e+00
184 +4.031428196e-01 +4.031428196e-01 +1.921314282e+01 +1.921314282e+01 +1.0782e-01 +1.8205e+00
196 +3.595646071e-01 +3.595646071e-01 +1.916956461e+01 +1.916956461e+01 +7.5849e-02 +1.7897e+00
201 +1.027929974e-01 +1.027929974e-01 +1.891279300e+01 +1.891279300e+01 -2.0610e-01 +1.7518e+00
255 +7.704476806e-02 +7.704476806e-02 +1.888704477e+01 +1.888704477e+01 -2.3795e-01 +1.7747e+00
262 +6.263174429e-02 +6.263174429e-02 +1.887263174e+01 +1.887263174e+01 -1.7725e-01 +1.7968e+00
293 +3.462336575e-02 +3.462336575e-02 +1.884462337e+01 +1.884462337e+01 -2.0967e-01 +1.7902e+00
316 +2.226326638e-02 +2.226326638e-02 +1.883226327e+01 +1.883226327e+01 -1.8885e-01 +1.7853e+00
327 +3.322402393e-03 +3.322402393e-03 +1.881332240e+01 +1.881332240e+01 -1.8754e-01 +1.7803e+00
393 +1.206009843e-03 +1.206009843e-03 +1.881120601e+01 +1.881120601e+01 -1.9064e-01 +1.7811e+00
488 +7.183343048e-04 +7.183343048e-04 +1.881071833e+01 +1.881071833e+01 -1.9113e-01 +1.7807e+00
517 +5.392140186e-04 +5.392140186e-04 +1.881053921e+01 +1.881053921e+01 -1.9086e-01 +1.7808e+00
533 +3.472080913e-04 +3.472080913e-04 +1.881034721e+01 +1.881034721e+01 -1.9136e-01 +1.7807e+00
540 +2.327916100e-04 +2.327916100e-04 +1.881023279e+01 +1.881023279e+01 -1.9098e-01 +1.7808e+00
565 +3.827958971e-05 +3.827958971e-05 +1.881003828e+01 +1.881003828e+01 -1.9120e-01 +1.7808e+00
1748 +8.425278843e-06 +8.425278843e-06 +1.881000843e+01 +1.881000843e+01 -1.9120e-01 +1.7808e+00
1845 +5.393184669e-06 +5.393184669e-06 +1.881000539e+01 +1.881000539e+01 -1.9120e-01 +1.7808e+00
1857 +1.383853228e-06 +1.383853228e-06 +1.881000138e+01 +1.881000138e+01 -1.9120e-01 +1.7808e+00
1884 +7.166116163e-07 +7.166116163e-07 +1.881000072e+01 +1.881000072e+01 -1.9120e-01 +1.7808e+00
1990 +4.731081518e-07 +4.731081518e-07 +1.881000047e+01 +1.881000047e+01 -1.9120e-01 +1.7808e+00
2029 +3.689636969e-07 +3.689636969e-07 +1.881000037e+01 +1.881000037e+01 -1.9120e-01 +1.7808e+00
2036 +6.340820846e-08 +6.340820846e-08 +1.881000006e+01 +1.881000006e+01 -1.9120e-01 +1.7808e+00
2114 +5.360465494e-08 +5.360465494e-08 +1.881000005e+01 +1.881000005e+01 -1.9120e-01 +1.7808e+00
2116 +3.611869559e-08 +3.611869559e-08 +1.881000004e+01 +1.881000004e+01 -1.9120e-01 +1.7808e+00
2119 +1.663000759e-08 +1.663000759e-08 +1.881000002e+01 +1.881000002e+01 -1.9120e-01 +1.7808e+00
2165 +3.940893833e-09 +3.940893833e-09 +1.881000000e+01 +1.881000000e+01 -1.9120e-01 +1.7808e+00
% function evaluation | noise-free fitness - Fopt (1.881000000000e+01) | best noise-free fitness - Fopt | measured fitness | best measured fitness | x1 | x2...
1 +3.449102894e+01 +3.449102894e+01 +5.330102894e+01 +5.330102894e+01 +3.9411e+00 +3.1706e+00
4 +9.271311919e+00 +9.271311919e+00 +2.808131192e+01 +2.808131192e+01 +3.5327e+00 +3.3814e+00
27 +4.072173644e+00 +4.072173644e+00 +2.288217364e+01 +2.288217364e+01 -3.7735e-01 +3.0605e+00
32 +1.404602496e+00 +1.404602496e+00 +2.021460250e+01 +2.021460250e+01 +1.0799e+00 +1.8802e+00
73 +8.339884850e-01 +8.339884850e-01 +1.964398849e+01 +1.964398849e+01 -7.4809e-01 +1.9491e+00
84 +5.344423709e-01 +5.344423709e-01 +1.934444237e+01 +1.934444237e+01 -4.4446e-01 +1.9348e+00
101 +3.845985405e-01 +3.845985405e-01 +1.919459854e+01 +1.919459854e+01 +1.4652e-01 +1.7212e+00
114 +1.586499210e-01 +1.586499210e-01 +1.896864992e+01 +1.896864992e+01 -2.7206e-01 +1.7410e+00
152 +7.831995368e-02 +7.831995368e-02 +1.888831995e+01 +1.888831995e+01 -2.1248e-01 +1.7864e+00
154 +4.590315604e-02 +4.590315604e-02 +1.885590316e+01 +1.885590316e+01 -1.9106e-01 +1.7771e+00
171 +3.658222375e-02 +3.658222375e-02 +1.884658222e+01 +1.884658222e+01 -1.7917e-01 +1.7762e+00
179 +2.387787225e-02 +2.387787225e-02 +1.883387787e+01 +1.883387787e+01 -2.0899e-01 +1.7824e+00
251 +8.316268490e-03 +8.316268490e-03 +1.881831627e+01 +1.881831627e+01 -1.8665e-01 +1.7780e+00
264 +2.856893737e-03 +2.856893737e-03 +1.881285689e+01 +1.881285689e+01 -1.9185e-01 +1.7805e+00
331 +4.167732457e-04 +4.167732457e-04 +1.881041677e+01 +1.881041677e+01 -1.9128e-01 +1.7809e+00
1132 +2.347183141e-04 +2.347183141e-04 +1.881023472e+01 +1.881023472e+01 -1.9120e-01 +1.7807e+00
1309 +3.322354012e-05 +3.322354012e-05 +1.881003322e+01 +1.881003322e+01 -1.9119e-01 +1.7808e+00
1397 +2.418671502e-05 +2.418671502e-05 +1.881002419e+01 +1.881002419e+01 -1.9121e-01 +1.7808e+00
1489 +1.418466837e-06 +1.418466837e-06 +1.881000142e+01 +1.881000142e+01 -1.9120e-01 +1.7808e+00
1665 +7.251885137e-07 +7.251885137e-07 +1.881000073e+01 +1.881000073e+01 -1.9120e-01 +1.7808e+00
1747 +5.749004224e-07 +5.749004224e-07 +1.881000057e+01 +1.881000057e+01 -1.9120e-01 +1.7808e+00
1752 +3.849054018e-07 +3.849054018e-07 +1.881000038e+01 +1.881000038e+01 -1.9120e-01 +1.7808e+00
1810 +2.448438821e-07 +2.448438821e-07 +1.881000024e+01 +1.881000024e+01 -1.9120e-01 +1.7808e+00
1818 +1.103855496e-07 +1.103855496e-07 +1.881000011e+01 +1.881000011e+01 -1.9120e-01 +1.7808e+00
1824 +9.574806725e-08 +9.574806725e-08 +1.881000010e+01 +1.881000010e+01 -1.9120e-01 +1.7808e+00
1841 +4.958732802e-08 +4.958732802e-08 +1.881000005e+01 +1.881000005e+01 -1.9120e-01 +1.7808e+00
1859 +1.395124372e-08 +1.395124372e-08 +1.881000001e+01 +1.881000001e+01 -1.9120e-01 +1.7808e+00
1873 +7.420521086e-09 +7.420521086e-09 +1.881000001e+01 +1.881000001e+01 -1.9120e-01 +1.7808e+00
% function evaluation | noise-free fitness - Fopt (2.731500000000e+02) | best noise-free fitness - Fopt | measured fitness | best measured fitness | x1 | x2...
1 +2.108886126e+01 +2.108886126e+01 +2.942388613e+02 +2.942388613e+02 -2.0579e+00 +4.2734e-01
4 +1.450584362e+01 +1.450584362e+01 +2.876558436e+02 +2.876558436e+02 -2.9786e+00 +4.7249e-01
6 +8.098087545e+00 +8.098087545e+00 +2.812480875e+02 +2.812480875e+02 -2.5807e+00 +3.7576e+00
11 +4.510963312e+00 +4.510963312e+00 +2.776609633e+02 +2.776609633e+02 -2.1929e+00 +5.0257e+00
13 +1.397701324e+00 +1.397701324e+00 +2.745477013e+02 +2.745477013e+02 -4.1037e+00 +2.4867e+00
39 +5.972547639e-01 +5.972547639e-01 +2.737472548e+02 +2.737472548e+02 -3.6057e+00 +3.6079e+00
93 +1.631048993e-01 +1.631048993e-01 +2.733131049e+02 +2.733131049e+02 -3.6286e+00 +3.6088e+00
205 +1.573058808e-01 +1.573058808e-01 +2.733073059e+02 +2.733073059e+02 -3.5961e+00 +3.6355e+00
208 +9.782704762e-02 +9.782704762e-02 +2.732478270e+02 +2.732478270e+02 -3.6243e+00 +3.6683e+00
218 +4.457886981e-02 +4.457886981e-02 +2.731945789e+02 +2.731945789e+02 -3.5879e+00 +3.7275e+00
258 +2.000323727e-02 +2.000323727e-02 +2.731700032e+02 +2.731700032e+02 -3.5875e+00 +3.7462e+00
296 +7.576722608e-03 +7.576722608e-03 +2.731575767e+02 +2.731575767e+02 -3.5817e+00 +3.7468e+00
342 +5.216254639e-03 +5.216254639e-03 +2.731552163e+02 +2.731552163e+02 -3.5791e+00 +3.7527e+00
343 +1.418319446e-03 +1.418319446e-03 +2.731514183e+02 +2.731514183e+02 -3.5786e+00 +3.7543e+00
384 +2.773832615e-04 +2.773832615e-04 +2.731502774e+02 +2.731502774e+02 -3.5792e+00 +3.7535e+00
475 +2.409801349e-04 +2.409801349e-04 +2.731502410e+02 +2.731502410e+02 -3.5793e+00 +3.7536e+00
479 +1.371370242e-04 +1.371370242e-04 +2.731501371e+02 +2.731501371e+02 -3.5792e+00 +3.7536e+00
521 +3.354556151e-05 +3.354556151e-05 +2.731500335e+02 +2.731500335e+02 -3.5792e+00 +3.7536e+00
549 +2.371971999e-05 +2.371971999e-05 +2.731500237e+02 +2.731500237e+02 -3.5792e+00 +3.7536e+00
585 +1.010411347e-05 +1.010411347e-05 +2.731500101e+02 +2.731500101e+02 -3.5792e+00 +3.7536e+00
593 +9.827193878e-06 +9.827193878e-06 +2.731500098e+02 +2.731500098e+02 -3.5792e+00 +3.7536e+00
597 +5.124160452e-06 +5.124160452e-06 +2.731500051e+02 +2.731500051e+02 -3.5792e+00 +3.7536e+00
636 +1.150841285e-06 +1.150841285e-06 +2.731500012e+02 +2.731500012e+02 -3.5792e+00 +3.7536e+00
643 +7.834591997e-07 +7.834591997e-07 +2.731500008e+02 +2.731500008e+02 -3.5792e+00 +3.7536e+00
652 +6.110282698e-07 +6.110282698e-07 +2.731500006e+02 +2.731500006e+02 -3.5792e+00 +3.7536e+00
689 +2.912429409e-07 +2.912429409e-07 +2.731500003e+02 +2.731500003e+02 -3.5792e+00 +3.7536e+00
693 +1.379851824e-07 +1.379851824e-07 +2.731500001e+02 +2.731500001e+02 -3.5792e+00 +3.7536e+00
731 +5.829656402e-08 +5.829656402e-08 +2.731500001e+02 +2.731500001e+02 -3.5792e+00 +3.7536e+00
750 +1.436217190e-08 +1.436217190e-08 +2.731500000e+02 +2.731500000e+02 -3.5792e+00 +3.7536e+00
807 +7.902485777e-09 +7.902485777e-09 +2.731500000e+02 +2.731500000e+02 -3.5792e+00 +3.7536e+00
812 +2.516742370e-09 +2.516742370e-09 +2.731500000e+02 +2.731500000e+02 -3.5792e+00 +3.7536e+00
% function evaluation | noise-free fitness - Fopt (2.731500000000e+02) | best noise-free fitness - Fopt | measured fitness | best measured fitness | x1 | x2...
1 +3.273047971e+01 +3.273047971e+01 +3.058804797e+02 +3.058804797e+02 -1.4611e+00 +1.7386e+00
3 +7.131493634e+00 +7.131493634e+00 +2.802814936e+02 +2.802814936e+02 -2.1574e+00 +2.2047e+00
11 +1.908512896e+00 +1.908512896e+00 +2.750585129e+02 +2.750585129e+02 -3.3762e+00 +2.8850e+00
17 +1.459209878e+00 +1.459209878e+00 +2.746092099e+02 +2.746092099e+02 -3.3322e+00 +4.0919e+00
41 +5.473145663e-01 +5.473145663e-01 +2.736973146e+02 +2.736973146e+02 -3.4401e+00 +3.7712e+00
46 +8.281369639e-02 +8.281369639e-02 +2.732328137e+02 +2.732328137e+02 -3.6105e+00 +3.7080e+00
112 +8.795138910e-03 +8.795138910e-03 +2.731587951e+02 +2.731587951e+02 -3.5793e+00 +3.7485e+00
221 +3.247962277e-03 +3.247962277e-03 +2.731532480e+02 +2.731532480e+02 -3.5788e+00 +3.7562e+00
242 +2.490527239e-03 +2.490527239e-03 +2.731524905e+02 +2.731524905e+02 -3.5789e+00 +3.7532e+00
250 +1.399629847e-03 +1.399629847e-03 +2.731513996e+02 +2.731513996e+02 -3.5795e+00 +3.7535e+00
279 +5.763676946e-04 +5.763676946e-04 +2.731505764e+02 +2.731505764e+02 -3.5792e+00 +3.7538e+00
372 +2.326059500e-04 +2.326059500e-04 +2.731502326e+02 +2.731502326e+02 -3.5791e+00 +3.7536e+00
1399 +1.420226295e-04 +1.420226295e-04 +2.731501420e+02 +2.731501420e+02 -3.5792e+00 +3.7536e+00
1402 +7.687318350e-05 +7.687318350e-05 +2.731500769e+02 +2.731500769e+02 -3.5792e+00 +3.7536e+00
1455 +3.385659835e-05 +3.385659835e-05 +2.731500339e+02 +2.731500339e+02 -3.5792e+00 +3.7536e+00
1543 +1.275262844e-05 +1.275262844e-05 +2.731500128e+02 +2.731500128e+02 -3.5792e+00 +3.7536e+00
1564 +7.885842706e-06 +7.885842706e-06 +2.731500079e+02 +2.731500079e+02 -3.5792e+00 +3.7536e+00
1629 +2.086599864e-06 +2.086599864e-06 +2.731500021e+02 +2.731500021e+02 -3.5792e+00 +3.7536e+00
1732 +1.019899628e-06 +1.019899628e-06 +2.731500010e+02 +2.731500010e+02 -3.5792e+00 +3.7536e+00
1739 +8.739042414e-07 +8.739042414e-07 +2.731500009e+02 +2.731500009e+02 -3.5792e+00 +3.7536e+00
1781 +5.932107570e-07 +5.932107570e-07 +2.731500006e+02 +2.731500006e+02 -3.5792e+00 +3.7536e+00
1840 +3.682082479e-07 +3.682082479e-07 +2.731500004e+02 +2.731500004e+02 -3.5792e+00 +3.7536e+00
1888 +2.141387654e-07 +2.141387654e-07 +2.731500002e+02 +2.731500002e+02 -3.5792e+00 +3.7536e+00
1925 +1.014945497e-07 +1.014945497e-07 +2.731500001e+02 +2.731500001e+02 -3.5792e+00 +3.7536e+00
1930 +8.370489013e-08 +8.370489013e-08 +2.731500001e+02 +2.731500001e+02 -3.5792e+00 +3.7536e+00
1936 +5.510503343e-08 +5.510503343e-08 +2.731500001e+02 +2.731500001e+02 -3.5792e+00 +3.7536e+00
1947 +2.557948164e-08 +2.557948164e-08 +2.731500000e+02 +2.731500000e+02 -3.5792e+00 +3.7536e+00
1949 +7.330925200e-09 +7.330925200e-09 +2.731500000e+02 +2.731500000e+02 -3.5792e+00 +3.7536e+00
% function evaluation | noise-free fitness - Fopt (2.731500000000e+02) | best noise-free fitness - Fopt | measured fitness | best measured fitness | x1 | x2...
1 +3.460995595e+01 +3.460995595e+01 +3.077599559e+02 +3.077599559e+02 -1.6798e+00 +1.4006e+00
2 +1.166607016e+01 +1.166607016e+01 +2.848160702e+02 +2.848160702e+02 -2.3961e-01 +2.2391e+00
4 +7.345273805e+00 +7.345273805e+00 +2.804952738e+02 +2.804952738e+02 -2.3046e+00 +1.9316e+00
8 +1.240636901e+00 +1.240636901e+00 +2.743906369e+02 +2.743906369e+02 -3.3341e+00 +3.4929e+00
93 +4.096058274e-01 +4.096058274e-01 +2.735596058e+02 +2.735596058e+02 -3.6123e+00 +3.9583e+00
131 +2.434044923e-01 +2.434044923e-01 +2.733934045e+02 +2.733934045e+02 -3.4971e+00 +3.9725e+00
154 +1.027319260e-01 +1.027319260e-01 +2.732527319e+02 +2.732527319e+02 -3.6162e+00 +3.7470e+00
190 +6.270555623e-02 +6.270555623e-02 +2.732127056e+02 +2.732127056e+02 -3.5783e+00 +3.7177e+00
240 +3.193474090e-02 +3.193474090e-02 +2.731819347e+02 +2.731819347e+02 -3.5616e+00 +3.7941e+00
257 +1.904861343e-02 +1.904861343e-02 +2.731690486e+02 +2.731690486e+02 -3.5762e+00 +3.7595e+00
315 +1.305768518e-02 +1.305768518e-02 +2.731630577e+02 +2.731630577e+02 -3.5759e+00 +3.7543e+00
323 +7.595625710e-03 +7.595625710e-03 +2.731575956e+02 +2.731575956e+02 -3.5778e+00 +3.7510e+00
371 +4.044645480e-03 +4.044645480e-03 +2.731540446e+02 +2.731540446e+02 -3.5785e+00 +3.7562e+00
382 +3.111386090e-03 +3.111386090e-03 +2.731531114e+02 +2.731531114e+02 -3.5799e+00 +3.7511e+00
424 +1.097105125e-03 +1.097105125e-03 +2.731510971e+02 +2.731510971e+02 -3.5788e+00 +3.7545e+00
445 +9.920393457e-04 +9.920393457e-04 +2.731509920e+02 +2.731509920e+02 -3.5789e+00 +3.7545e+00
462 +2.670257941e-04 +2.670257941e-04 +2.731502670e+02 +2.731502670e+02 -3.5792e+00 +3.7535e+00
1433 +2.295068572e-04 +2.295068572e-04 +2.731502295e+02 +2.731502295e+02 -3.5793e+00 +3.7535e+00
1508 +1.445848441e-04 +1.445848441e-04 +2.731501446e+02 +2.731501446e+02 -3.5792e+00 +3.7536e+00
1534 +7.787489852e-05 +7.787489852e-05 +2.731500779e+02 +2.731500779e+02 -3.5792e+00 +3.7536e+00
1554 +3.562424718e-05 +3.562424718e-05 +2.731500356e+02 +2.731500356e+02 -3.5792e+00 +3.7536e+00
1570 +1.425860347e-05 +1.425860347e-05 +2.731500143e+02 +2.731500143e+02 -3.5792e+00 +3.7536e+00
1614 +2.058703899e-06 +2.058703899e-06 +2.731500021e+02 +2.731500021e+02 -3.5792e+00 +3.7536e+00
1677 +1.198957534e-06 +1.198957534e-06 +2.731500012e+02 +2.731500012e+02 -3.5792e+00 +3.7536e+00
1691 +6.922160196e-07 +6.922160196e-07 +2.731500007e+02 +2.731500007e+02 -3.5792e+00 +3.7536e+00
1730 +5.835811976e-07 +5.835811976e-07 +2.731500006e+02 +2.731500006e+02 -3.5792e+00 +3.7536e+00
1767 +2.022737817e-07 +2.022737817e-07 +2.731500002e+02 +2.731500002e+02 -3.5792e+00 +3.7536e+00
1794 +1.161133127e-07 +1.161133127e-07 +2.731500001e+02 +2.731500001e+02 -3.5792e+00 +3.7536e+00
1806 +9.940634982e-08 +9.940634982e-08 +2.731500001e+02 +2.731500001e+02 -3.5792e+00 +3.7536e+00
1818 +5.774978717e-08 +5.774978717e-08 +2.731500001e+02 +2.731500001e+02 -3.5792e+00 +3.7536e+00
1835 +1.795234539e-08 +1.795234539e-08 +2.731500000e+02 +2.731500000e+02 -3.5792e+00 +3.7536e+00
1857 +1.333404498e-08 +1.333404498e-08 +2.731500000e+02 +2.731500000e+02 -3.5792e+00 +3.7536e+00
1872 +8.301981325e-10 +8.301981325e-10 +2.731500000e+02 +2.731500000e+02 -3.5792e+00 +3.7536e+00
% function evaluation | noise-free fitness - Fopt (3.718000000000e+01) | best noise-free fitness - Fopt | measured fitness | best measured fitness | x1 | x2...
1 +2.634321653e+01 +2.634321653e+01 +6.352321653e+01 +6.352321653e+01 -2.5748e+00 -1.2414e+00
2 +2.022137281e+01 +2.022137281e+01 +5.740137281e+01 +5.740137281e+01 -9.6808e-01 -4.5193e+00
5 +1.019776303e+01 +1.019776303e+01 +4.737776303e+01 +4.737776303e+01 -3.1541e+00 -1.0642e+00
22 +9.097983293e+00 +9.097983293e+00 +4.627798329e+01 +4.627798329e+01 -4.2081e+00 +4.1690e-01
31 +1.701278286e+00 +1.701278286e+00 +3.888127829e+01 +3.888127829e+01 -3.1692e+00 +2.2016e+00
49 +3.634972873e-01 +3.634972873e-01 +3.754349729e+01 +3.754349729e+01 -3.9682e+00 +2.2212e+00
111 +2.143152225e-01 +2.143152225e-01 +3.739431522e+01 +3.739431522e+01 -3.8795e+00 +2.0058e+00
136 +6.407760658e-02 +6.407760658e-02 +3.724407761e+01 +3.724407761e+01 -3.8677e+00 +2.0517e+00
178 +6.149224557e-02 +6.149224557e-02 +3.724149225e+01 +3.724149225e+01 -3.8513e+00 +2.0707e+00
190 +3.421244858e-02 +3.421244858e-02 +3.721421245e+01 +3.721421245e+01 -3.9250e+00 +2.0675e+00
201 +2.410153435e-02 +2.410153435e-02 +3.720410153e+01 +3.720410153e+01 -3.8931e+00 +2.0553e+00
206 +1.389773966e-02 +1.389773966e-02 +3.719389774e+01 +3.719389774e+01 -3.8938e+00 +2.0623e+00
215 +5.934118098e-03 +5.934118098e-03 +3.718593412e+01 +3.718593412e+01 -3.8994e+00 +2.0608e+00
270 +3.021287276e-03 +3.021287276e-03 +3.718302129e+01 +3.718302129e+01 -3.8962e+00 +2.0597e+00
289 +2.357443507e-03 +2.357443507e-03 +3.718235744e+01 +3.718235744e+01 -3.8985e+00 +2.0596e+00
297 +1.023647865e-03 +1.023647865e-03 +3.718102365e+01 +3.718102365e+01 -3.8998e+00 +2.0603e+00
314 +4.743097734e-04 +4.743097734e-04 +3.718047431e+01 +3.718047431e+01 -3.8989e+00 +2.0600e+00
333 +3.281400346e-04 +3.281400346e-04 +3.718032814e+01 +3.718032814e+01 -3.8991e+00 +2.0601e+00
344 +2.479723614e-04 +2.479723614e-04 +3.718024797e+01 +3.718024797e+01 -3.8994e+00 +2.0600e+00
382 +2.906566404e-05 +2.906566404e-05 +3.718002907e+01 +3.718002907e+01 -3.8992e+00 +2.0600e+00
1560 +1.113933636e-05 +1.113933636e-05 +3.718001114e+01 +3.718001114e+01 -3.8992e+00 +2.0600e+00
1592 +2.137576530e-06 +2.137576530e-06 +3.718000214e+01 +3.718000214e+01 -3.8992e+00 +2.0600e+00
1594 +1.022061397e-06 +1.022061397e-06 +3.718000102e+01 +3.718000102e+01 -3.8992e+00 +2.0600e+00
1652 +7.204982992e-07 +7.204982992e-07 +3.718000072e+01 +3.718000072e+01 -3.8992e+00 +2.0600e+00
1693 +4.544095802e-07 +4.544095802e-07 +3.718000045e+01 +3.718000045e+01 -3.8992e+00 +2.0600e+00
1715 +2.063222837e-07 +2.063222837e-07 +3.718000021e+01 +3.718000021e+01 -3.8992e+00 +2.0600e+00
1777 +1.410699610e-07 +1.410699610e-07 +3.718000014e+01 +3.718000014e+01 -3.8992e+00 +2.0600e+00
1785 +9.487875019e-08 +9.487875019e-08 +3.718000009e+01 +3.718000009e+01 -3.8992e+00 +2.0600e+00
1787 +1.884226464e-08 +1.884226464e-08 +3.718000002e+01 +3.718000002e+01 -3.8992e+00 +2.0600e+00
1835 +6.487155702e-09 +6.487155702e-09 +3.718000001e+01 +3.718000001e+01 -3.8992e+00 +2.0600e+00
% function evaluation | noise-free fitness - Fopt (3.718000000000e+01) | best noise-free fitness - Fopt | measured fitness | best measured fitness | x1 | x2...
1 +1.376837792e+01 +1.376837792e+01 +5.094837792e+01 +5.094837792e+01 -2.5290e+00 -1.1511e+00
3 +4.132554754e+00 +4.132554754e+00 +4.131255475e+01 +4.131255475e+01 -3.9205e+00 +8.0624e-01
7 +2.665000531e+00 +2.665000531e+00 +3.984500053e+01 +3.984500053e+01 -2.3905e+00 +1.6384e+00
35 +2.426900065e+00 +2.426900065e+00 +3.960690006e+01 +3.960690006e+01 -1.9129e+00 +1.4560e+00
36 +1.006585428e+00 +1.006585428e+00 +3.818658543e+01 +3.818658543e+01 -3.6405e+00 +2.1985e+00
62 +5.548514573e-01 +5.548514573e-01 +3.773485146e+01 +3.773485146e+01 -3.7369e+00 +2.1939e+00
69 +2.441037145e-01 +2.441037145e-01 +3.742410371e+01 +3.742410371e+01 -4.0357e+00 +2.0088e+00
93 +1.169084045e-01 +1.169084045e-01 +3.729690840e+01 +3.729690840e+01 -3.8491e+00 +2.0568e+00
111 +6.070603051e-02 +6.070603051e-02 +3.724070603e+01 +3.724070603e+01 -3.8672e+00 +2.0657e+00
140 +3.179918223e-02 +3.179918223e-02 +3.721179918e+01 +3.721179918e+01 -3.8986e+00 +2.0568e+00
152 +8.167792193e-03 +8.167792193e-03 +3.718816779e+01 +3.718816779e+01 -3.8969e+00 +2.0623e+00
186 +3.276717449e-03 +3.276717449e-03 +3.718327672e+01 +3.718327672e+01 -3.9019e+00 +2.0605e+00
195 +1.702942306e-03 +1.702942306e-03 +3.718170294e+01 +3.718170294e+01 -3.8997e+00 +2.0604e+00
208 +1.128693492e-03 +1.128693492e-03 +3.718112869e+01 +3.718112869e+01 -3.8987e+00 +2.0602e+00
273 +9.921211067e-04 +9.921211067e-04 +3.718099212e+01 +3.718099212e+01 -3.8984e+00 +2.0601e+00
278 +4.869231720e-04 +4.869231720e-04 +3.718048692e+01 +3.718048692e+01 -3.8989e+00 +2.0599e+00
292 +2.406519683e-04 +2.406519683e-04 +3.718024065e+01 +3.718024065e+01 -3.8992e+00 +2.0599e+00
367 +5.152903551e-05 +5.152903551e-05 +3.718005153e+01 +3.718005153e+01 -3.8992e+00 +2.0600e+00
373 +3.857522243e-05 +3.857522243e-05 +3.718003858e+01 +3.718003858e+01 -3.8992e+00 +2.0600e+00
420 +1.066780733e-06 +1.066780733e-06 +3.718000107e+01 +3.718000107e+01 -3.8992e+00 +2.0600e+00
1547 +9.091645197e-07 +9.091645197e-07 +3.718000091e+01 +3.718000091e+01 -3.8992e+00 +2.0600e+00
1630 +1.376429424e-07 +1.376429424e-07 +3.718000014e+01 +3.718000014e+01 -3.8992e+00 +2.0600e+00
1816 +9.720091043e-08 +9.720091043e-08 +3.718000010e+01 +3.718000010e+01 -3.8992e+00 +2.0600e+00
1841 +5.759325461e-08 +5.759325461e-08 +3.718000006e+01 +3.718000006e+01 -3.8992e+00 +2.0600e+00
1843 +2.648864239e-08 +2.648864239e-08 +3.718000003e+01 +3.718000003e+01 -3.8992e+00 +2.0600e+00
1865 +2.411209010e-08 +2.411209010e-08 +3.718000002e+01 +3.718000002e+01 -3.8992e+00 +2.0600e+00
1883 +7.047681549e-09 +7.047681549e-09 +3.718000001e+01 +3.718000001e+01 -3.8992e+00 +2.0600e+00
1888 +3.956046157e-09 +3.956046157e-09 +3.718000000e+01 +3.718000000e+01 -3.8992e+00 +2.0600e+00
% function evaluation | noise-free fitness - Fopt (3.718000000000e+01) | best noise-free fitness - Fopt | measured fitness | best measured fitness | x1 | x2...
1 +7.452890573e+00 +7.452890573e+00 +4.463289057e+01 +4.463289057e+01 +5.3841e-01 +8.1480e-01
593 +5.001786883e+00 +5.001786883e+00 +4.218178688e+01 +4.218178688e+01 -4.4931e+00 +8.9177e-01
596 +5.466278992e-01 +5.466278992e-01 +3.772662790e+01 +3.772662790e+01 -3.6205e+00 +1.8917e+00
689 +1.810053844e-01 +1.810053844e-01 +3.736100538e+01 +3.736100538e+01 -3.7839e+00 +2.1028e+00
704 +1.578607824e-01 +1.578607824e-01 +3.733786078e+01 +3.733786078e+01 -3.7574e+00 +2.0908e+00
760 +4.277423253e-02 +4.277423253e-02 +3.722277423e+01 +3.722277423e+01 -3.8930e+00 +2.0639e+00
819 +3.024678310e-02 +3.024678310e-02 +3.721024678e+01 +3.721024678e+01 -3.9070e+00 +2.0627e+00
845 +2.175729535e-02 +2.175729535e-02 +3.720175730e+01 +3.720175730e+01 -3.8833e+00 +2.0623e+00
860 +1.139527494e-02 +1.139527494e-02 +3.719139527e+01 +3.719139527e+01 -3.8958e+00 +2.0627e+00
872 +7.619902144e-03 +7.619902144e-03 +3.718761990e+01 +3.718761990e+01 -3.9050e+00 +2.0591e+00
931 +5.592354024e-03 +5.592354024e-03 +3.718559235e+01 +3.718559235e+01 -3.8977e+00 +2.0588e+00
959 +3.056896583e-03 +3.056896583e-03 +3.718305690e+01 +3.718305690e+01 -3.8966e+00 +2.0604e+00
970 +1.439463828e-03 +1.439463828e-03 +3.718143946e+01 +3.718143946e+01 -3.9001e+00 +2.0603e+00
998 +9.897823281e-04 +9.897823281e-04 +3.718098978e+01 +3.718098978e+01 -3.8982e+00 +2.0600e+00
1070 +4.233984469e-04 +4.233984469e-04 +3.718042340e+01 +3.718042340e+01 -3.8995e+00 +2.0600e+00
1080 +2.825764478e-04 +2.825764478e-04 +3.718028258e+01 +3.718028258e+01 -3.8991e+00 +2.0601e+00
1114 +2.507636302e-04 +2.507636302e-04 +3.718025076e+01 +3.718025076e+01 -3.8994e+00 +2.0600e+00
1162 +6.119100919e-05 +6.119100919e-05 +3.718006119e+01 +3.718006119e+01 -3.8992e+00 +2.0600e+00
1189 +3.428537625e-05 +3.428537625e-05 +3.718003429e+01 +3.718003429e+01 -3.8992e+00 +2.0600e+00
1258 +2.064888765e-05 +2.064888765e-05 +3.718002065e+01 +3.718002065e+01 -3.8992e+00 +2.0600e+00
1260 +1.155245451e-05 +1.155245451e-05 +3.718001155e+01 +3.718001155e+01 -3.8992e+00 +2.0600e+00
2945 +7.432830316e-06 +7.432830316e-06 +3.718000743e+01 +3.718000743e+01 -3.8992e+00 +2.0600e+00
2981 +4.019800883e-06 +4.019800883e-06 +3.718000402e+01 +3.718000402e+01 -3.8992e+00 +2.0600e+00
2989 +1.808680722e-06 +1.808680722e-06 +3.718000181e+01 +3.718000181e+01 -3.8992e+00 +2.0600e+00
3033 +8.328371450e-07 +8.328371450e-07 +3.718000083e+01 +3.718000083e+01 -3.8992e+00 +2.0600e+00
3095 +5.722414613e-07 +5.722414613e-07 +3.718000057e+01 +3.718000057e+01 -3.8992e+00 +2.0600e+00
3152 +3.902001637e-07 +3.902001637e-07 +3.718000039e+01 +3.718000039e+01 -3.8992e+00 +2.0600e+00
3224 +1.711845243e-07 +1.711845243e-07 +3.718000017e+01 +3.718000017e+01 -3.8992e+00 +2.0600e+00
3234 +5.789956248e-08 +5.789956248e-08 +3.718000006e+01 +3.718000006e+01 -3.8992e+00 +2.0600e+00
3298 +1.971118024e-08 +1.971118024e-08 +3.718000002e+01 +3.718000002e+01 -3.8992e+00 +2.0600e+00
3384 +1.504916014e-08 +1.504916014e-08 +3.718000002e+01 +3.718000002e+01 -3.8992e+00 +2.0600e+00
3386 +3.106158886e-09 +3.106158886e-09 +3.718000000e+01 +3.718000000e+01 -3.8992e+00 +2.0600e+00
% function evaluation | noise-free fitness - Fopt (-1.479000000000e+02) | best noise-free fitness - Fopt | measured fitness | best measured fitness | x1 | x2...
1 +5.241576895e+01 +5.241576895e+01 -9.548423105e+01 -9.548423105e+01 +2.7666e+00 -2.6204e+00
3 +2.267006310e+01 +2.267006310e+01 -1.252299369e+02 -1.252299369e+02 +1.2689e+00 +5.2926e-01
11 +1.157793683e+01 +1.157793683e+01 -1.363220632e+02 -1.363220632e+02 +6.5057e-01 -1.7152e+00
14 +4.303937208e+00 +4.303937208e+00 -1.435960628e+02 -1.435960628e+02 +8.9698e-01 -2.2190e+00
28 +3.042326917e+00 +3.042326917e+00 -1.448576731e+02 -1.448576731e+02 -1.3834e+00 -1.1603e+00
44 +1.925679042e+00 +1.925679042e+00 -1.459743210e+02 -1.459743210e+02 -1.9841e+00 -3.8664e-01
54 +1.460157800e+00 +1.460157800e+00 -1.464398422e+02 -1.464398422e+02 -8.0475e-01 -8.6982e-01
73 +6.049018733e-01 +6.049018733e-01 -1.472950981e+02 -1.472950981e+02 -2.0385e+00 +5.2982e-01
114 +2.757691026e-01 +2.757691026e-01 -1.476242309e+02 -1.476242309e+02 -1.7844e+00 +3.1461e-01
121 +1.263755704e-01 +1.263755704e-01 -1.477736244e+02 -1.477736244e+02 -1.6451e+00 +7.2415e-02
161 +9.771655886e-02 +9.771655886e-02 -1.478022834e+02 -1.478022834e+02 -1.6491e+00 +7.7798e-02
213 +5.792362691e-02 +5.792362691e-02 -1.478420764e+02 -1.478420764e+02 -1.6242e+00 +1.2076e-01
238 +3.202163554e-02 +3.202163554e-02 -1.478679784e+02 -1.478679784e+02 -1.6575e+00 +1.4058e-01
258 +8.209473724e-03 +8.209473724e-03 -1.478917905e+02 -1.478917905e+02 -1.6728e+00 +1.3990e-01
345 +3.996225943e-03 +3.996225943e-03 -1.478960038e+02 -1.478960038e+02 -1.6714e+00 +1.3621e-01
368 +1.371103727e-03 +1.371103727e-03 -1.478986289e+02 -1.478986289e+02 -1.6695e+00 +1.3453e-01
387 +4.211826704e-04 +4.211826704e-04 -1.478995788e+02 -1.478995788e+02 -1.6703e+00 +1.3512e-01
430 +2.325817830e-04 +2.325817830e-04 -1.478997674e+02 -1.478997674e+02 -1.6705e+00 +1.3523e-01
484 +3.101071249e-05 +3.101071249e-05 -1.478999690e+02 -1.478999690e+02 -1.6704e+00 +1.3519e-01
547 +1.282039958e-05 +1.282039958e-05 -1.478999872e+02 -1.478999872e+02 -1.6704e+00 +1.3520e-01
565 +6.868636092e-06 +6.868636092e-06 -1.478999931e+02 -1.478999931e+02 -1.6704e+00 +1.3520e-01
586 +5.854855146e-06 +5.854855146e-06 -1.478999941e+02 -1.478999941e+02 -1.6704e+00 +1.3520e-01
1572 +3.147110164e-06 +3.147110164e-06 -1.478999969e+02 -1.478999969e+02 -1.6704e+00 +1.3520e-01
1619 +8.166895498e-07 +8.166895498e-07 -1.478999992e+02 -1.478999992e+02 -1.6704e+00 +1.3520e-01
1722 +6.089002227e-07 +6.089002227e-07 -1.478999994e+02 -1.478999994e+02 -1.6704e+00 +1.3520e-01
1792 +6.412116704e-08 +6.412116704e-08 -1.478999999e+02 -1.478999999e+02 -1.6704e+00 +1.3520e-01
1835 +5.932781733e-08 +5.932781733e-08 -1.478999999e+02 -1.478999999e+02 -1.6704e+00 +1.3520e-01
1865 +1.326668553e-08 +1.326668553e-08 -1.479000000e+02 -1.479000000e+02 -1.6704e+00 +1.3520e-01
1911 +2.264101795e-09 +2.264101795e-09 -1.479000000e+02 -1.479000000e+02 -1.6704e+00 +1.3520e-01
% function evaluation | noise-free fitness - Fopt (-1.479000000000e+02) | best noise-free fitness - Fopt | measured fitness | best measured fitness | x1 | x2...
1 +2.822010292e+01 +2.822010292e+01 -1.196798971e+02 -1.196798971e+02 -1.3499e+00 -3.9586e+00
2 +4.743450912e+00 +4.743450912e+00 -1.431565491e+02 -1.431565491e+02 +1.0322e+00 -2.8092e+00
4 +1.818794851e+00 +1.818794851e+00 -1.460812051e+02 -1.460812051e+02 -2.2736e+00 +8.5175e-01
24 +1.540487182e+00 +1.540487182e+00 -1.463595128e+02 -1.463595128e+02 -1.5368e+00 +3.9218e-01
49 +4.266898563e-01 +4.266898563e-01 -1.474733101e+02 -1.474733101e+02 -1.4442e+00 -1.2886e-01
86 +3.435446548e-01 +3.435446548e-01 -1.475564553e+02 -1.475564553e+02 -1.8315e+00 +2.9650e-01
104 +1.149001353e-01 +1.149001353e-01 -1.477850999e+02 -1.477850999e+02 -1.6722e+00 +9.6917e-02
123 +8.245246771e-02 +8.245246771e-02 -1.478175475e+02 -1.478175475e+02 -1.6667e+00 +1.0963e-01
130 +1.856903252e-02 +1.856903252e-02 -1.478814310e+02 -1.478814310e+02 -1.6765e+00 +1.3476e-01
214 +3.118640698e-03 +3.118640698e-03 -1.478968814e+02 -1.478968814e+02 -1.6683e+00 +1.3322e-01
219 +8.076144539e-04 +8.076144539e-04 -1.478991924e+02 -1.478991924e+02 -1.6702e+00 +1.3520e-01
296 +2.302998870e-04 +2.302998870e-04 -1.478997697e+02 -1.478997697e+02 -1.6703e+00 +1.3515e-01
351 +9.006078835e-05 +9.006078835e-05 -1.478999099e+02 -1.478999099e+02 -1.6704e+00 +1.3517e-01
1492 +3.400483337e-05 +3.400483337e-05 -1.478999660e+02 -1.478999660e+02 -1.6704e+00 +1.3519e-01
1582 +2.497138112e-05 +2.497138112e-05 -1.478999750e+02 -1.478999750e+02 -1.6704e+00 +1.3520e-01
1601 +2.825334633e-06 +2.825334633e-06 -1.478999972e+02 -1.478999972e+02 -1.6704e+00 +1.3520e-01
1684 +2.438516873e-06 +2.438516873e-06 -1.478999976e+02 -1.478999976e+02 -1.6704e+00 +1.3520e-01
1711 +7.836756026e-07 +7.836756026e-07 -1.478999992e+02 -1.478999992e+02 -1.6704e+00 +1.3520e-01
1724 +6.154616585e-07 +6.154616585e-07 -1.478999994e+02 -1.478999994e+02 -1.6704e+00 +1.3520e-01
1760 +1.582408515e-07 +1.582408515e-07 -1.478999998e+02 -1.478999998e+02 -1.6704e+00 +1.3520e-01
1824 +6.418579801e-08 +6.418579801e-08 -1.478999999e+02 -1.478999999e+02 -1.6704e+00 +1.3520e-01
1854 +3.558358230e-08 +3.558358230e-08 -1.479000000e+02 -1.479000000e+02 -1.6704e+00 +1.3520e-01
1858 +9.920597677e-09 +9.920597677e-09 -1.479000000e+02 -1.479000000e+02 -1.6704e+00 +1.3520e-01
1864 +4.681311339e-09 +4.681311339e-09 -1.479000000e+02 -1.479000000e+02 -1.6704e+00 +1.3520e-01
% function evaluation | noise-free fitness - Fopt (-1.479000000000e+02) | best noise-free fitness - Fopt | measured fitness | best measured fitness | x1 | x2...
1 +9.634814085e+00 +9.634814085e+00 -1.382651859e+02 -1.382651859e+02 -2.8128e+00 -2.9485e+00
19 +9.059569066e-01 +9.059569066e-01 -1.469940431e+02 -1.469940431e+02 -1.8780e+00 +9.0207e-04
28 +3.668490894e-01 +3.668490894e-01 -1.475331509e+02 -1.475331509e+02 -1.7979e+00 +1.0599e-01
57 +2.159071687e-01 +2.159071687e-01 -1.476840928e+02 -1.476840928e+02 -1.5775e+00 +1.3690e-01
98 +4.503346673e-02 +4.503346673e-02 -1.478549665e+02 -1.478549665e+02 -1.6643e+00 +1.4730e-01
162 +3.211908160e-02 +3.211908160e-02 -1.478678809e+02 -1.478678809e+02 -1.6725e+00 +1.5153e-01
202 +9.556872989e-03 +9.556872989e-03 -1.478904431e+02 -1.478904431e+02 -1.6717e+00 +1.3911e-01
252 +4.535122990e-03 +4.535122990e-03 -1.478954649e+02 -1.478954649e+02 -1.6717e+00 +1.3702e-01
253 +2.048691473e-03 +2.048691473e-03 -1.478979513e+02 -1.478979513e+02 -1.6711e+00 +1.3613e-01
315 +1.290224047e-03 +1.290224047e-03 -1.478987098e+02 -1.478987098e+02 -1.6708e+00 +1.3579e-01
361 +2.521394797e-04 +2.521394797e-04 -1.478997479e+02 -1.478997479e+02 -1.6706e+00 +1.3533e-01
398 +8.220219286e-05 +8.220219286e-05 -1.478999178e+02 -1.478999178e+02 -1.6704e+00 +1.3524e-01
449 +6.019373066e-05 +6.019373066e-05 -1.478999398e+02 -1.478999398e+02 -1.6704e+00 +1.3518e-01
453 +3.857995802e-05 +3.857995802e-05 -1.478999614e+02 -1.478999614e+02 -1.6704e+00 +1.3521e-01
1662 +1.476087010e-05 +1.476087010e-05 -1.478999852e+02 -1.478999852e+02 -1.6704e+00 +1.3520e-01
1703 +9.356117829e-06 +9.356117829e-06 -1.478999906e+02 -1.478999906e+02 -1.6704e+00 +1.3520e-01
1705 +2.958018598e-06 +2.958018598e-06 -1.478999970e+02 -1.478999970e+02 -1.6704e+00 +1.3520e-01
1719 +1.103775531e-06 +1.103775531e-06 -1.478999989e+02 -1.478999989e+02 -1.6704e+00 +1.3520e-01
1723 +7.546635743e-07 +7.546635743e-07 -1.478999992e+02 -1.478999992e+02 -1.6704e+00 +1.3520e-01
1787 +4.385232728e-07 +4.385232728e-07 -1.478999996e+02 -1.478999996e+02 -1.6704e+00 +1.3520e-01
1800 +2.427223080e-07 +2.427223080e-07 -1.478999998e+02 -1.478999998e+02 -1.6704e+00 +1.3520e-01
1856 +8.943442253e-08 +8.943442253e-08 -1.478999999e+02 -1.478999999e+02 -1.6704e+00 +1.3520e-01
1903 +3.519156166e-08 +3.519156166e-08 -1.479000000e+02 -1.479000000e+02 -1.6704e+00 +1.3520e-01
1917 +1.389355475e-08 +1.389355475e-08 -1.479000000e+02 -1.479000000e+02 -1.6704e+00 +1.3520e-01
1928 +5.292008609e-09 +5.292008609e-09 -1.479000000e+02 -1.479000000e+02 -1.6704e+00 +1.3520e-01
