% function evaluation | noise-free fitness - Fopt (-4.620900000000e+02) | best noise-free fitness - Fopt | measured fitness | best measured fitness | x1 | x2...
1 +2.599685650e+02 +2.599685650e+02 -2.021214350e+02 -2.021214350e+02 +2.6448e+00 +1.5949e+00 -2.3977e+00
4 +1.663585223e+02 +1.663585223e+02 -2.957314777e+02 -2.957314777e+02 +2.5114e+00 +2.4945e+00 -1.2367e+00
7 +9.573902221e+01 +9.573902221e+01 -3.663509778e+02 -3.663509778e+02 +3.1763e+00 -9.2732e-02 +9.7760e-01
11 +5.837713558e+01 +5.837713558e+01 -4.037128644e+02 -4.037128644e+02 +2.7049e+00 +1.2778e+00 +7.8610e-01
38 +3.525754379e+01 +3.525754379e+01 -4.268324562e+02 -4.268324562e+02 -9.8211e-02 +1.2404e+00 +2.9777e+00
70 +2.202845636e+01 +2.202845636e+01 -4.400615436e+02 -4.400615436e+02 +6.4879e-01 +2.4292e+00 +2.6455e+00
176 +1.130199273e+01 +1.130199273e+01 -4.507880073e+02 -4.507880073e+02 +6.4834e-01 +2.8495e+00 +2.5650e+00
326 +9.990800299e+00 +9.990800299e+00 -4.520991997e+02 -4.520991997e+02 +7.1508e-01 +2.3038e+00 +2.5691e+00
1230 +4.714203961e+00 +4.714203961e+00 -4.573757960e+02 -4.573757960e+02 -2.4483e+00 +1.6879e+00 +2.6037e+00
1261 +2.603972850e+00 +2.603972850e+00 -4.594860271e+02 -4.594860271e+02 -2.4214e+00 +1.7472e+00 +2.2179e+00
3723 +2.324372759e+00 +2.324372759e+00 -4.597656272e+02 -4.597656272e+02 -1.3276e+00 +2.2851e+00 +1.9059e+00
9056 +8.153520615e-01 +8.153520615e-01 -4.612746479e+02 -4.612746479e+02 -2.3725e+00 +2.2806e+00 +2.2287e+00
9741 +1.478418848e-01 +1.478418848e-01 -4.619421581e+02 -4.619421581e+02 -2.3490e+00 +2.3034e+00 +2.2048e+00
9890 +9.710869537e-02 +9.710869537e-02 -4.619928913e+02 -4.619928913e+02 -2.3236e+00 +2.2998e+00 +2.2184e+00
9965 +1.970253273e-02 +1.970253273e-02 -4.620702975e+02 -4.620702975e+02 -2.3477e+00 +2.2971e+00 +2.2118e+00
10091 +9.091010445e-03 +9.091010445e-03 -4.620809090e+02 -4.620809090e+02 -2.3417e+00 +2.2974e+00 +2.2120e+00
10176 +5.099425487e-03 +5.099425487e-03 -4.620849006e+02 -4.620849006e+02 -2.3374e+00 +2.3004e+00 +2.2148e+00
10238 +2.829077075e-03 +2.829077075e-03 -4.620871709e+02 -4.620871709e+02 -2.3401e+00 +2.3018e+00 +2.2142e+00
10287 +1.588993319e-03 +1.588993319e-03 -4.620884110e+02 -4.620884110e+02 -2.3395e+00 +2.3010e+00 +2.2131e+00
10288 +1.442056251e-03 +1.442056251e-03 -4.620885579e+02 -4.620885579e+02 -2.3402e+00 +2.3014e+00 +2.2132e+00
10349 +6.481729973e-04 +6.481729973e-04 -4.620893518e+02 -4.620893518e+02 -2.3406e+00 +2.3006e+00 +2.2141e+00
10380 +4.853237560e-04 +4.853237560e-04 -4.620895147e+02 -4.620895147e+02 -2.3404e+00 +2.2995e+00 +2.2132e+00
10389 +1.699587930e-04 +1.699587930e-04 -4.620898300e+02 -4.620898300e+02 -2.3399e+00 +2.3002e+00 +2.2136e+00
10416 +6.239018859e-05 +6.239018859e-05 -4.620899376e+02 -4.620899376e+02 -2.3403e+00 +2.3000e+00 +2.2137e+00
10420 +3.863811293e-05 +3.863811293e-05 -4.620899614e+02 -4.620899614e+02 -2.3409e+00 +2.2997e+00 +2.2136e+00
10472 +1.763592576e-05 +1.763592576e-05 -4.620899824e+02 -4.620899824e+02 -2.3405e+00 +2.3000e+00 +2.2137e+00
10538 +1.444532268e-05 +1.444532268e-05 -4.620899856e+02 -4.620899856e+02 -2.3406e+00 +2.2999e+00 +2.2136e+00
10568 +9.137286952e-06 +9.137286952e-06 -4.620899909e+02 -4.620899909e+02 -2.3410e+00 +2.3001e+00 +2.2136e+00
10599 +1.438565732e-06 +1.438565732e-06 -4.620899986e+02 -4.620899986e+02 -2.3408e+00 +2.3000e+00 +2.2136e+00
10767 +9.590788750e-07 +9.590788750e-07 -4.620899990e+02 -4.620899990e+02 -2.3407e+00 +2.3000e+00 +2.2136e+00
10794 +7.740743513e-08 +7.740743513e-08 -4.620899999e+02 -4.620899999e+02 -2.3408e+00 +2.3000e+00 +2.2136e+00
10851 +1.204062983e-08 +1.204062983e-08 -4.620900000e+02 -4.620900000e+02 -2.3408e+00 +2.3000e+00 +2.2136e+00
10970 +8.966082987e-09 +8.966082987e-09 -4.620900000e+02 -4.620900000e+02 -2.3408e+00 +2.3000e+00 +2.2136e+00
11016 +2.522085651e-09 +2.522085651e-09 -4.620900000e+02 -4.620900000e+02 -2.3408e+00 +2.3000e+00 +2.2136e+00
% function evaluation | noise-free fitness - Fopt (-4.620900000000e+02) | best noise-free fitness - Fopt | measured fitness | best measured fitness | x1 | x2...
1 +5.516087155e+01 +5.516087155e+01 -4.069291285e+02 -4.069291285e+02 -5.9119e-02 +3.8709e+00 +1.4532e+00
14 +3.039086289e+01 +3.039086289e+01 -4.316991371e+02 -4.316991371e+02 -2.6841e-01 +2.7935e+00 +1.7967e+00
30 +1.925736484e+01 +1.925736484e+01 -4.428326352e+02 -4.428326352e+02 -1.7008e+00 +2.3676e+00 +1.8781e+00
37 +4.283114663e+00 +4.283114663e+00 -4.578068853e+02 -4.578068853e+02 -1.3102e+00 +2.3256e+00 +2.5362e+00
60 +3.492227125e+00 +3.492227125e+00 -4.585977729e+02 -4.585977729e+02 -1.3823e+00 +1.6829e+00 +2.2298e+00
1335 +1.271697089e+00 +1.271697089e+00 -4.608183029e+02 -4.608183029e+02 -2.3266e+00 +1.7107e+00 +2.2026e+00
1500 +8.896550866e-01 +8.896550866e-01 -4.612003449e+02 -4.612003449e+02 -2.3944e+00 +2.2949e+00 +2.2272e+00
1543 +5.958332041e-01 +5.958332041e-01 -4.614941668e+02 -4.614941668e+02 -2.2940e+00 +2.2902e+00 +2.2184e+00
1547 +4.839299101e-02 +4.839299101e-02 -4.620416070e+02 -4.620416070e+02 -2.3392e+00 +2.3083e+00 +2.2118e+00
1614 +1.797605406e-02 +1.797605406e-02 -4.620720239e+02 -4.620720239e+02 -2.3375e+00 +2.2972e+00 +2.2159e+00
1632 +1.261221714e-02 +1.261221714e-02 -4.620773878e+02 -4.620773878e+02 -2.3469e+00 +2.3006e+00 +2.2153e+00
1636 +8.707629643e-03 +8.707629643e-03 -4.620812924e+02 -4.620812924e+02 -2.3445e+00 +2.2973e+00 +2.2127e+00
1648 +1.561561749e-03 +1.561561749e-03 -4.620884384e+02 -4.620884384e+02 -2.3431e+00 +2.2992e+00 +2.2139e+00
1671 +9.255916713e-04 +9.255916713e-04 -4.620890744e+02 -4.620890744e+02 -2.3419e+00 +2.3005e+00 +2.2141e+00
1733 +8.429218082e-05 +8.429218082e-05 -4.620899157e+02 -4.620899157e+02 -2.3402e+00 +2.3002e+00 +2.2136e+00
1784 +2.163532821e-05 +2.163532821e-05 -4.620899784e+02 -4.620899784e+02 -2.3409e+00 +2.3001e+00 +2.2135e+00
1787 +4.952342636e-06 +4.952342636e-06 -4.620899950e+02 -4.620899950e+02 -2.3408e+00 +2.2999e+00 +2.2136e+00
1860 +1.215650570e-06 +1.215650570e-06 -4.620899988e+02 -4.620899988e+02 -2.3408e+00 +2.3000e+00 +2.2136e+00
1883 +8.973461831e-07 +8.973461831e-07 -4.620899991e+02 -4.620899991e+02 -2.3408e+00 +2.3000e+00 +2.2136e+00
1884 +4.140685519e-07 +4.140685519e-07 -4.620899996e+02 -4.620899996e+02 -2.3408e+00 +2.3000e+00 +2.2136e+00
1896 +5.661809155e-08 +5.661809155e-08 -4.620899999e+02 -4.620899999e+02 -2.3408e+00 +2.3000e+00 +2.2136e+00
2005 +2.043248060e-08 +2.043248060e-08 -4.620900000e+02 -4.620900000e+02 -2.3408e+00 +2.3000e+00 +2.2136e+00
2016 +1.057844656e-08 +1.057844656e-08 -4.620900000e+02 -4.620900000e+02 -2.3408e+00 +2.3000e+00 +2.2136e+00
2017 +3.516902325e-09 +3.516902325e-09 -4.620900000e+02 -4.620900000e+02 -2.3408e+00 +2.3000e+00 +2.2136e+00
% function evaluation | noise-free fitness - Fopt (-4.620900000000e+02) | best noise-free fitness - Fopt | measured fitness | best measured fitness | x1 | x2...
1 +1.388190048e+02 +1.388190048e+02 -3.232709952e+02 -3.232709952e+02 -3.3612e+00 -2.2970e+00 -1.7171e-01
2 +9.817270297e+01 +9.817270297e+01 -3.639172970e+02 -3.639172970e+02 -2.6371e+00 +2.7523e+00 -2.9624e-01
15 +2.833645751e+01 +2.833645751e+01 -4.337535425e+02 -4.337535425e+02 -4.1357e+00 +1.4364e+00 +2.2017e+00
32 +2.257834006e+01 +2.257834006e+01 -4.395116599e+02 -4.395116599e+02 -3.3754e+00 +2.7830e+00 +2.7701e+00
67 +1.490469507e+01 +1.490469507e+01 -4.471853049e+02 -4.471853049e+02 -2.3277e+00 +8.5833e-01 +2.2030e+00
88 +7.841806765e+00 +7.841806765e+00 -4.542481932e+02 -4.542481932e+02 -2.4031e+00 +1.1663e+00 +2.2126e+00
202 +6.088190248e+00 +6.088190248e+00 -4.560018098e+02 -4.560018098e+02 -3.3851e+00 +1.7929e+00 +2.5828e+00
207 +3.298408852e+00 +3.298408852e+00 -4.587915911e+02 -4.587915911e+02 -3.3675e+00 +1.7532e+00 +2.2019e+00
273 +2.491418550e+00 +2.491418550e+00 -4.595985815e+02 -4.595985815e+02 -3.3657e+00 +1.6811e+00 +2.2166e+00
8094 +3.772168319e-01 +3.772168319e-01 -4.617127832e+02 -4.617127832e+02 -2.3415e+00 +2.2891e+00 +2.2011e+00
8474 +1.689886111e-01 +1.689886111e-01 -4.619210114e+02 -4.619210114e+02 -2.3273e+00 +2.3059e+00 +2.2217e+00
8518 +4.008642237e-02 +4.008642237e-02 -4.620499136e+02 -4.620499136e+02 -2.3347e+00 +2.3059e+00 +2.2168e+00
8542 +1.459705951e-02 +1.459705951e-02 -4.620754029e+02 -4.620754029e+02 -2.3488e+00 +2.3003e+00 +2.2122e+00
8704 +7.275301749e-03 +7.275301749e-03 -4.620827247e+02 -4.620827247e+02 -2.3398e+00 +2.3007e+00 +2.2155e+00
8714 +5.073596745e-03 +5.073596745e-03 -4.620849264e+02 -4.620849264e+02 -2.3369e+00 +2.2993e+00 +2.2145e+00
8729 +2.446243819e-03 +2.446243819e-03 -4.620875538e+02 -4.620875538e+02 -2.3387e+00 +2.2991e+00 +2.2143e+00
8767 +1.460606384e-03 +1.460606384e-03 -4.620885394e+02 -4.620885394e+02 -2.3424e+00 +2.3008e+00 +2.2131e+00
8857 +8.746191851e-04 +8.746191851e-04 -4.620891254e+02 -4.620891254e+02 -2.3415e+00 +2.2993e+00 +2.2141e+00
8871 +6.292961301e-04 +6.292961301e-04 -4.620893707e+02 -4.620893707e+02 -2.3409e+00 +2.2990e+00 +2.2134e+00
8913 +2.897923276e-04 +2.897923276e-04 -4.620897102e+02 -4.620897102e+02 -2.3412e+00 +2.3001e+00 +2.2140e+00
8925 +2.309806077e-04 +2.309806077e-04 -4.620897690e+02 -4.620897690e+02 -2.3399e+00 +2.2998e+00 +2.2134e+00
8977 +4.010234585e-05 +4.010234585e-05 -4.620899599e+02 -4.620899599e+02 -2.3409e+00 +2.2998e+00 +2.2137e+00
9026 +2.019935033e-05 +2.019935033e-05 -4.620899798e+02 -4.620899798e+02 -2.3409e+00 +2.3001e+00 +2.2135e+00
9094 +1.280469695e-05 +1.280469695e-05 -4.620899872e+02 -4.620899872e+02 -2.3410e+00 +2.2999e+00 +2.2136e+00
9153 +5.662016918e-06 +5.662016918e-06 -4.620899943e+02 -4.620899943e+02 -2.3407e+00 +2.3000e+00 +2.2136e+00
9167 +3.440279215e-06 +3.440279215e-06 -4.620899966e+02 -4.620899966e+02 -2.3409e+00 +2.3000e+00 +2.2136e+00
9200 +2.208688670e-06 +2.208688670e-06 -4.620899978e+02 -4.620899978e+02 -2.3408e+00 +2.3000e+00 +2.2136e+00
9227 +1.365114088e-06 +1.365114088e-06 -4.620899986e+02 -4.620899986e+02 -2.3409e+00 +2.3000e+00 +2.2136e+00
9229 +2.993928092e-07 +2.993928092e-07 -4.620899997e+02 -4.620899997e+02 -2.3408e+00 +2.3000e+00 +2.2136e+00
9373 +1.983039510e-07 +1.983039510e-07 -4.620899998e+02 -4.620899998e+02 -2.3408e+00 +2.3000e+00 +2.2136e+00
9378 +9.906096921e-08 +9.906096921e-08 -4.620899999e+02 -4.620899999e+02 -2.3408e+00 +2.3000e+00 +2.2136e+00
9381 +1.912246717e-08 +1.912246717e-08 -4.620900000e+02 -4.620900000e+02 -2.3408e+00 +2.3000e+00 +2.2136e+00
9424 +1.504218972e-08 +1.504218972e-08 -4.620900000e+02 -4.620900000e+02 -2.3408e+00 +2.3000e+00 +2.2136e+00
9545 +7.671360436e-09 +7.671360436e-09 -4.620900000e+02 -4.620900000e+02 -2.3408e+00 +2.3000e+00 +2.2136e+00
9560 +4.691571576e-09 +4.691571576e-09 -4.620900000e+02 -4.620900000e+02 -2.3408e+00 +2.3000e+00 +2.2136e+00
9577 +1.101454927e-09 +1.101454927e-09 -4.620900000e+02 -4.620900000e+02 -2.3408e+00 +2.3000e+00 +2.2136e+00
9586 +1.480202627e-10 +1.480202627e-10 -4.620900000e+02 -4.620900000e+02 -2.3408e+00 +2.3000e+00 +2.2136e+00
% function evaluation | noise-free fitness - Fopt (7.766000000000e+01) | best noise-free fitness - Fopt | measured fitness | best measured fitness | x1 | x2...
1 +4.356054904e+01 +4.356054904e+01 +1.212205490e+02 +1.212205490e+02 +1.1211e+00 -5.8510e-01 -1.9730e+00
2 +3.918399823e+01 +3.918399823e+01 +1.168439982e+02 +1.168439982e+02 +1.8073e+00 -1.1991e+00 -9.4980e-01
18 +1.799237029e+01 +1.799237029e+01 +9.565237029e+01 +9.565237029e+01 +2.4142e+00 -1.3372e+00 -2.0379e+00
33 +1.180710075e+01 +1.180710075e+01 +8.946710075e+01 +8.946710075e+01 +2.5319e+00 -1.2987e+00 -1.5928e+00
72 +7.071515774e+00 +7.071515774e+00 +8.473151577e+01 +8.473151577e+01 +1.3692e+00 -1.4088e+00 -8.4836e-01
106 +5.963815103e+00 +5.963815103e+00 +8.362381510e+01 +8.362381510e+01 +1.5017e+00 -8.7623e-01 -9.3166e-01
277 +2.933354353e+00 +2.933354353e+00 +8.059335435e+01 +8.059335435e+01 +1.4466e+00 -1.4309e+00 -1.2663e+00
291 +2.323253742e+00 +2.323253742e+00 +7.998325374e+01 +7.998325374e+01 +1.4254e+00 -1.4340e+00 -1.2684e+00
3347 +1.264346338e+00 +1.264346338e+00 +7.892434634e+01 +7.892434634e+01 +2.3840e+00 -8.7168e-01 -9.0003e-01
3612 +9.962649219e-01 +9.962649219e-01 +7.865626492e+01 +7.865626492e+01 +2.3984e+00 -8.5477e-01 -9.1020e-01
120111 +4.008209090e-01 +4.008209090e-01 +7.806082091e+01 +7.806082091e+01 +2.4192e+00 -8.7479e-01 -1.2646e+00
123092 +2.387948252e-01 +2.387948252e-01 +7.789879483e+01 +7.789879483e+01 +2.3838e+00 -8.7306e-01 -1.2739e+00
133807 +4.246106656e-02 +4.246106656e-02 +7.770246107e+01 +7.770246107e+01 +2.3945e+00 -8.5660e-01 -1.2760e+00
135818 +1.956845921e-02 +1.956845921e-02 +7.767956846e+01 +7.767956846e+01 +2.4064e+00 -8.5305e-01 -1.2710e+00
143999 +4.219208012e-03 +4.219208012e-03 +7.766421921e+01 +7.766421921e+01 +2.3953e+00 -8.5778e-01 -1.2724e+00
146059 +1.612423686e-03 +1.612423686e-03 +7.766161242e+01 +7.766161242e+01 +2.3983e+00 -8.5750e-01 -1.2717e+00
146948 +2.363080190e-04 +2.363080190e-04 +7.766023631e+01 +7.766023631e+01 +2.3985e+00 -8.5553e-01 -1.2717e+00
147674 +8.357331346e-05 +8.357331346e-05 +7.766008357e+01 +7.766008357e+01 +2.3978e+00 -8.5599e-01 -1.2720e+00
149594 +1.737969561e-05 +1.737969561e-05 +7.766001738e+01 +7.766001738e+01 +2.3983e+00 -8.5585e-01 -1.2720e+00
149828 +6.264114390e-06 +6.264114390e-06 +7.766000626e+01 +7.766000626e+01 +2.3983e+00 -8.5608e-01 -1.2720e+00
151937 +3.617601593e-06 +3.617601593e-06 +7.766000362e+01 +7.766000362e+01 +2.3985e+00 -8.5598e-01 -1.2720e+00
152335 +7.653410847e-07 +7.653410847e-07 +7.766000077e+01 +7.766000077e+01 +2.3984e+00 -8.5601e-01 -1.2720e+00
153555 +1.971696406e-07 +1.971696406e-07 +7.766000020e+01 +7.766000020e+01 +2.3984e+00 -8.5599e-01 -1.2720e+00
154114 +7.904633037e-08 +7.904633037e-08 +7.766000008e+01 +7.766000008e+01 +2.3984e+00 -8.5600e-01 -1.2720e+00
154667 +3.486931632e-08 +3.486931632e-08 +7.766000003e+01 +7.766000003e+01 +2.3984e+00 -8.5600e-01 -1.2720e+00
154812 +2.494721230e-08 +2.494721230e-08 +7.766000002e+01 +7.766000002e+01 +2.3984e+00 -8.5601e-01 -1.2720e+00
155354 +1.534407090e-08 +1.534407090e-08 +7.766000002e+01 +7.766000002e+01 +2.3984e+00 -8.5600e-01 -1.2720e+00
155765 +4.744592275e-09 +4.744592275e-09 +7.766000000e+01 +7.766000000e+01 +2.3984e+00 -8.5600e-01 -1.2720e+00
156454 +4.692992661e-10 +4.692992661e-10 +7.766000000e+01 +7.766000000e+01 +2.3984e+00 -8.5600e-01 -1.2720e+00
% function evaluation | noise-free fitness - Fopt (7.766000000000e+01) | best noise-free fitness - Fopt | measured fitness | best measured fitness | x1 | x2...
1 +2.144267508e+02 +2.144267508e+02 +2.920867508e+02 +2.920867508e+02 -2.2466e+00 +3.3295e+00 -3.7581e+00
2 +3.393488057e+01 +3.393488057e+01 +1.115948806e+02 +1.115948806e+02 -1.6227e+00 +9.3488e-01 -1.5606e+00
47 +1.884374523e+01 +1.884374523e+01 +9.650374523e+01 +9.650374523e+01 +5.8177e-01 -2.3190e+00 -1.2847e+00
106 +1.302029270e+01 +1.302029270e+01 +9.068029270e+01 +9.068029270e+01 +3.3404e+00 -3.8266e-01 -8.9039e-01
219 +5.873359567e+00 +5.873359567e+00 +8.353335957e+01 +8.353335957e+01 +2.2718e+00 -2.9623e-01 -8.8399e-01
289 +3.301894855e+00 +3.301894855e+00 +8.096189485e+01 +8.096189485e+01 +2.4214e+00 -2.7843e-01 -9.0562e-01
314 +2.112695680e+00 +2.112695680e+00 +7.977269568e+01 +7.977269568e+01 +2.3948e+00 -2.9923e-01 -9.0983e-01
1340 +1.329453498e+00 +1.329453498e+00 +7.898945350e+01 +7.898945350e+01 +2.3717e+00 -8.7525e-01 -1.2485e+00
1450 +4.765774237e-01 +4.765774237e-01 +7.813657742e+01 +7.813657742e+01 +2.4049e+00 -8.7284e-01 -1.2841e+00
1539 +3.871969988e-01 +3.871969988e-01 +7.804719700e+01 +7.804719700e+01 +2.4304e+00 -8.3779e-01 -1.2679e+00
1562 +2.423135268e-01 +2.423135268e-01 +7.790231353e+01 +7.790231353e+01 +2.4001e+00 -8.4377e-01 -1.2624e+00
1571 +1.271827441e-01 +1.271827441e-01 +7.778718274e+01 +7.778718274e+01 +2.4074e+00 -8.4303e-01 -1.2746e+00
1621 +6.947512549e-02 +6.947512549e-02 +7.772947513e+01 +7.772947513e+01 +2.3818e+00 -8.5896e-01 -1.2740e+00
1649 +5.607148576e-02 +5.607148576e-02 +7.771607149e+01 +7.771607149e+01 +2.4065e+00 -8.4766e-01 -1.2721e+00
1672 +2.053272208e-02 +2.053272208e-02 +7.768053272e+01 +7.768053272e+01 +2.3988e+00 -8.5201e-01 -1.2698e+00
1687 +8.344451942e-03 +8.344451942e-03 +7.766834445e+01 +7.766834445e+01 +2.4009e+00 -8.5250e-01 -1.2716e+00
1697 +5.787979547e-03 +5.787979547e-03 +7.766578798e+01 +7.766578798e+01 +2.3962e+00 -8.5356e-01 -1.2728e+00
1705 +3.008147773e-03 +3.008147773e-03 +7.766300815e+01 +7.766300815e+01 +2.3976e+00 -8.5785e-01 -1.2713e+00
1731 +1.930109536e-03 +1.930109536e-03 +7.766193011e+01 +7.766193011e+01 +2.3961e+00 -8.5495e-01 -1.2717e+00
1744 +1.110359131e-03 +1.110359131e-03 +7.766111036e+01 +7.766111036e+01 +2.3996e+00 -8.5555e-01 -1.2714e+00
1759 +1.829549815e-04 +1.829549815e-04 +7.766018295e+01 +7.766018295e+01 +2.3983e+00 -8.5598e-01 -1.2723e+00
1824 +1.271349998e-04 +1.271349998e-04 +7.766012713e+01 +7.766012713e+01 +2.3986e+00 -8.5619e-01 -1.2722e+00
1839 +5.284509723e-05 +5.284509723e-05 +7.766005285e+01 +7.766005285e+01 +2.3986e+00 -8.5594e-01 -1.2721e+00
1855 +2.216874903e-05 +2.216874903e-05 +7.766002217e+01 +7.766002217e+01 +2.3984e+00 -8.5600e-01 -1.2721e+00
1885 +5.793932445e-07 +5.793932445e-07 +7.766000058e+01 +7.766000058e+01 +2.3984e+00 -8.5603e-01 -1.2720e+00
1959 +2.263087850e-07 +2.263087850e-07 +7.766000023e+01 +7.766000023e+01 +2.3984e+00 -8.5599e-01 -1.2720e+00
2043 +9.787328281e-08 +9.787328281e-08 +7.766000010e+01 +7.766000010e+01 +2.3984e+00 -8.5600e-01 -1.2720e+00
2049 +1.283824247e-08 +1.283824247e-08 +7.766000001e+01 +7.766000001e+01 +2.3984e+00 -8.5600e-01 -1.2720e+00
2086 +6.160206567e-09 +6.160206567e-09 +7.766000001e+01 +7.766000001e+01 +2.3984e+00 -8.5600e-01 -1.2720e+00
2090 +3.080074862e-09 +3.080074862e-09 +7.766000000e+01 +7.766000000e+01 +2.3984e+00 -8.5600e-01 -1.2720e+00
% function evaluation | noise-free fitness - Fopt (7.766000000000e+01) | best noise-free fitness - Fopt | measured fitness | best measured fitness | x1 | x2...
1 +2.420141788e+02 +2.420141788e+02 +3.196741788e+02 +3.196741788e+02 -3.7344e+00 -3.2882e+00 +1.4998e+00
5 +1.506466824e+02 +1.506466824e+02 +2.283066824e+02 +2.283066824e+02 -2.1224e+00 -6.8077e+00 -2.2351e+00
13 +8.356711195e+01 +8.356711195e+01 +1.612271120e+02 +1.612271120e+02 -3.8744e+00 -2.2442e+00 +1.3109e-01
17 +5.279477542e+01 +5.279477542e+01 +1.304547754e+02 +1.304547754e+02 -1.3327e-01 -1.3926e+00 +1.9749e-01
43 +2.348023116e+01 +2.348023116e+01 +1.011402312e+02 +1.011402312e+02 +3.5767e+00 -1.2839e+00 -1.2622e+00
99 +1.186531355e+01 +1.186531355e+01 +8.952531355e+01 +8.952531355e+01 +2.4624e+00 -1.3029e+00 -6.4002e-01
127 +4.726264372e+00 +4.726264372e+00 +8.238626437e+01 +8.238626437e+01 +3.3879e+00 -3.2001e-01 -1.5576e+00
1372 +3.887652619e+00 +3.887652619e+00 +8.154765262e+01 +8.154765262e+01 +1.4776e+00 -8.7074e-01 -1.2902e+00
3567 +2.114916519e+00 +2.114916519e+00 +7.977491652e+01 +7.977491652e+01 +2.3868e+00 -1.4593e+00 -1.5875e+00
9890 +1.554153595e+00 +1.554153595e+00 +7.921415360e+01 +7.921415360e+01 +2.4007e+00 -8.6901e-01 -9.3723e-01
10343 +9.954824408e-01 +9.954824408e-01 +7.865548244e+01 +7.865548244e+01 +2.3988e+00 -8.5638e-01 -9.1018e-01
26208 +1.386821076e-01 +1.386821076e-01 +7.779868211e+01 +7.779868211e+01 +2.3832e+00 -8.4750e-01 -1.2666e+00
48943 +6.343792417e-02 +6.343792417e-02 +7.772343792e+01 +7.772343792e+01 +2.3810e+00 -8.5472e-01 -1.2715e+00
49045 +1.215596869e-02 +1.215596869e-02 +7.767215597e+01 +7.767215597e+01 +2.3989e+00 -8.5480e-01 -1.2696e+00
49120 +5.594952596e-03 +5.594952596e-03 +7.766559495e+01 +7.766559495e+01 +2.4002e+00 -8.5499e-01 -1.2703e+00
49130 +2.982774073e-03 +2.982774073e-03 +7.766298277e+01 +7.766298277e+01 +2.3955e+00 -8.5712e-01 -1.2714e+00
49203 +2.533772017e-04 +2.533772017e-04 +7.766025338e+01 +7.766025338e+01 +2.3972e+00 -8.5602e-01 -1.2720e+00
49244 +2.128962183e-04 +2.128962183e-04 +7.766021290e+01 +7.766021290e+01 +2.3986e+00 -8.5609e-01 -1.2723e+00
49378 +9.069819461e-05 +9.069819461e-05 +7.766009070e+01 +7.766009070e+01 +2.3982e+00 -8.5597e-01 -1.2718e+00
49419 +5.154633139e-05 +5.154633139e-05 +7.766005155e+01 +7.766005155e+01 +2.3982e+00 -8.5613e-01 -1.2719e+00
49480 +3.040702440e-05 +3.040702440e-05 +7.766003041e+01 +7.766003041e+01 +2.3984e+00 -8.5602e-01 -1.2719e+00
49507 +1.644224778e-05 +1.644224778e-05 +7.766001644e+01 +7.766001644e+01 +2.3985e+00 -8.5585e-01 -1.2720e+00
49522 +4.770819956e-06 +4.770819956e-06 +7.766000477e+01 +7.766000477e+01 +2.3985e+00 -8.5602e-01 -1.2720e+00
49650 +3.645314095e-06 +3.645314095e-06 +7.766000365e+01 +7.766000365e+01 +2.3984e+00 -8.5595e-01 -1.2720e+00
49665 +1.776285885e-06 +1.776285885e-06 +7.766000178e+01 +7.766000178e+01 +2.3985e+00 -8.5598e-01 -1.2720e+00
49667 +8.101970650e-08 +8.101970650e-08 +7.766000008e+01 +7.766000008e+01 +2.3984e+00 -8.5600e-01 -1.2720e+00
49763 +3.848018082e-08 +3.848018082e-08 +7.766000004e+01 +7.766000004e+01 +2.3984e+00 -8.5600e-01 -1.2720e+00
49946 +2.699479751e-09 +2.699479751e-09 +7.766000000e+01 +7.766000000e+01 +2.3984e+00 -8.5600e-01 -1.2720e+00
49986 +2.182218850e-10 +2.182218850e-10 +7.766000000e+01 +7.766000000e+01 +2.3984e+00 -8.5600e-01 -1.2720e+00
% function evaluation | noise-free fitness - Fopt (1.156800000000e+02) | best noise-free fitness - Fopt | measured fitness | best measured fitness | x1 | x2...
1 +1.761915742e+02 +1.761915742e+02 +2.918715742e+02 +2.918715742e+02 +1.1557e+00 +3.3622e+00 -1.2159e+00
5 +5.845070568e+01 +5.845070568e+01 +1.741307057e+02 +1.741307057e+02 +1.2278e-01 +4.4941e-01 -7.3050e-01
32 +2.240522531e+01 +2.240522531e+01 +1.380852253e+02 +1.380852253e+02 -2.2598e+00 -3.5485e-01 +7.1693e-01
57 +1.245522300e+01 +1.245522300e+01 +1.281352230e+02 +1.281352230e+02 -3.2127e+00 -1.9938e+00 +6.1288e-01
193 +5.887958911e+00 +5.887958911e+00 +1.215679589e+02 +1.215679589e+02 -3.0796e+00 -1.5334e+00 +2.3626e-01
208 +3.599782609e+00 +3.599782609e+00 +1.192797826e+02 +1.192797826e+02 -3.1308e+00 -1.6299e+00 +2.4148e-01
244 +2.313281899e+00 +2.313281899e+00 +1.179932819e+02 +1.179932819e+02 -3.1978e+00 -1.5971e+00 +2.4743e-01
3209 +1.454131802e+00 +1.454131802e+00 +1.171341318e+02 +1.171341318e+02 -2.2100e+00 -4.4329e-01 +2.5369e-01
3383 +9.992229169e-01 +9.992229169e-01 +1.166792229e+02 +1.166792229e+02 -2.1800e+00 -4.3402e-01 +2.4571e-01
7608 +5.696630824e-01 +5.696630824e-01 +1.162496631e+02 +1.162496631e+02 -2.1623e+00 -1.0075e+00 +2.5444e-01
7626 +3.624152424e-01 +3.624152424e-01 +1.160424152e+02 +1.160424152e+02 -2.1552e+00 -9.8482e-01 +2.5692e-01
7633 +9.015349588e-02 +9.015349588e-02 +1.157701535e+02 +1.157701535e+02 -2.1976e+00 -9.8798e-01 +2.4508e-01
7723 +3.979859336e-02 +3.979859336e-02 +1.157197986e+02 +1.157197986e+02 -2.1774e+00 -9.7531e-01 +2.4584e-01
7737 +2.332823783e-02 +2.332823783e-02 +1.157033282e+02 +1.157033282e+02 -2.1731e+00 -9.8740e-01 +2.4327e-01
7763 +5.911601836e-03 +5.911601836e-03 +1.156859116e+02 +1.156859116e+02 -2.1780e+00 -9.8018e-01 +2.4390e-01
7836 +2.449578553e-03 +2.449578553e-03 +1.156824496e+02 +1.156824496e+02 -2.1750e+00 -9.8386e-01 +2.4493e-01
7840 +1.431639695e-03 +1.431639695e-03 +1.156814316e+02 +1.156814316e+02 -2.1806e+00 -9.8359e-01 +2.4436e-01
7945 +5.145570546e-04 +5.145570546e-04 +1.156805146e+02 +1.156805146e+02 -2.1775e+00 -9.8347e-01 +2.4518e-01
7947 +5.016224607e-05 +5.016224607e-05 +1.156800502e+02 +1.156800502e+02 -2.1781e+00 -9.8344e-01 +2.4487e-01
8106 +3.457007242e-05 +3.457007242e-05 +1.156800346e+02 +1.156800346e+02 -2.1782e+00 -9.8301e-01 +2.4481e-01
8116 +1.765874056e-05 +1.765874056e-05 +1.156800177e+02 +1.156800177e+02 -2.1786e+00 -9.8318e-01 +2.4472e-01
8189 +1.259271642e-06 +1.259271642e-06 +1.156800013e+02 +1.156800013e+02 -2.1784e+00 -9.8316e-01 +2.4480e-01
8329 +3.729368245e-07 +3.729368245e-07 +1.156800004e+02 +1.156800004e+02 -2.1784e+00 -9.8322e-01 +2.4479e-01
8443 +5.595910579e-08 +5.595910579e-08 +1.156800001e+02 +1.156800001e+02 -2.1784e+00 -9.8320e-01 +2.4480e-01
8606 +2.283647405e-08 +2.283647405e-08 +1.156800000e+02 +1.156800000e+02 -2.1784e+00 -9.8321e-01 +2.4480e-01
8631 +3.523737746e-09 +3.523737746e-09 +1.156800000e+02 +1.156800000e+02 -2.1784e+00 -9.8320e-01 +2.4480e-01
% function evaluation | noise-free fitness - Fopt (1.156800000000e+02) | best noise-free fitness - Fopt | measured fitness | best measured fitness | x1 | x2...
1 +1.310787826e+02 +1.310787826e+02 +2.467587826e+02 +2.467587826e+02 -8.2441e-01 +2.7246e+00 +1.6597e+00
4 +5.846667775e+01 +5.846667775e+01 +1.741466778e+02 +1.741466778e+02 +8.9474e-01 +1.9276e+00 +9.5600e-01
23 +3.381265682e+01 +3.381265682e+01 +1.494926568e+02 +1.494926568e+02 -1.6542e+00 -1.7030e+00 -4.8855e-01
43 +9.814534806e+00 +9.814534806e+00 +1.254945348e+02 +1.254945348e+02 -2.1456e+00 -1.5630e+00 +1.6599e-01
103 +5.290796330e+00 +5.290796330e+00 +1.209707963e+02 +1.209707963e+02 -2.1690e+00 -9.6754e-01 +9.0965e-01
134 +1.734257510e+00 +1.734257510e+00 +1.174142575e+02 +1.174142575e+02 -2.2262e+00 -1.0032e+00 +6.0596e-01
155 +1.253497625e+00 +1.253497625e+00 +1.169334976e+02 +1.169334976e+02 -2.1780e+00 -1.0036e+00 +6.0461e-01
252 +9.963766121e-01 +9.963766121e-01 +1.166763766e+02 +1.166763766e+02 -2.1794e+00 -9.8224e-01 +6.0687e-01
9433 +2.967735657e-01 +2.967735657e-01 +1.159767736e+02 +1.159767736e+02 -2.1834e+00 -9.6680e-01 +2.5412e-01
9641 +1.030587672e-01 +1.030587672e-01 +1.157830588e+02 +1.157830588e+02 -2.1594e+00 -9.9144e-01 +2.4539e-01
9808 +9.677059299e-02 +9.677059299e-02 +1.157767706e+02 +1.157767706e+02 -2.1703e+00 -9.9318e-01 +2.4130e-01
9818 +2.673369645e-02 +2.673369645e-02 +1.157067337e+02 +1.157067337e+02 -2.1839e+00 -9.8134e-01 +2.4820e-01
9865 +1.390755742e-02 +1.390755742e-02 +1.156939076e+02 +1.156939076e+02 -2.1711e+00 -9.8406e-01 +2.4608e-01
9880 +1.611959018e-03 +1.611959018e-03 +1.156816120e+02 +1.156816120e+02 -2.1781e+00 -9.8164e-01 +2.4525e-01
9908 +1.381791344e-03 +1.381791344e-03 +1.156813818e+02 +1.156813818e+02 -2.1772e+00 -9.8450e-01 +2.4469e-01
10026 +9.930357640e-04 +9.930357640e-04 +1.156809930e+02 +1.156809930e+02 -2.1780e+00 -9.8245e-01 +2.4539e-01
10029 +3.425525064e-04 +3.425525064e-04 +1.156803426e+02 +1.156803426e+02 -2.1782e+00 -9.8244e-01 +2.4481e-01
10172 +1.320560043e-04 +1.320560043e-04 +1.156801321e+02 +1.156801321e+02 -2.1780e+00 -9.8297e-01 +2.4461e-01
10184 +4.582668885e-05 +4.582668885e-05 +1.156800458e+02 +1.156800458e+02 -2.1781e+00 -9.8338e-01 +2.4472e-01
10191 +3.660259515e-05 +3.660259515e-05 +1.156800366e+02 +1.156800366e+02 -2.1783e+00 -9.8298e-01 +2.4485e-01
10305 +9.825393747e-06 +9.825393747e-06 +1.156800098e+02 +1.156800098e+02 -2.1782e+00 -9.8317e-01 +2.4479e-01
10375 +2.306403658e-06 +2.306403658e-06 +1.156800023e+02 +1.156800023e+02 -2.1785e+00 -9.8316e-01 +2.4480e-01
10463 +1.076966683e-06 +1.076966683e-06 +1.156800011e+02 +1.156800011e+02 -2.1785e+00 -9.8318e-01 +2.4481e-01
10496 +2.336617229e-07 +2.336617229e-07 +1.156800002e+02 +1.156800002e+02 -2.1784e+00 -9.8319e-01 +2.4479e-01
10519 +9.156620706e-08 +9.156620706e-08 +1.156800001e+02 +1.156800001e+02 -2.1784e+00 -9.8320e-01 +2.4479e-01
10633 +6.272739483e-08 +6.272739483e-08 +1.156800001e+02 +1.156800001e+02 -2.1784e+00 -9.8320e-01 +2.4480e-01
10658 +1.692966123e-08 +1.692966123e-08 +1.156800000e+02 +1.156800000e+02 -2.1784e+00 -9.8320e-01 +2.4480e-01
10751 +8.229648074e-09 +8.229648074e-09 +1.156800000e+02 +1.156800000e+02 -2.1784e+00 -9.8320e-01 +2.4480e-01
10799 +1.933202043e-09 +1.933202043e-09 +1.156800000e+02 +1.156800000e+02 -2.1784e+00 -9.8320e-01 +2.4480e-01
% function evaluation | noise-free fitness - Fopt (1.156800000000e+02) | best noise-free fitness - Fopt | measured fitness | best measured fitness | x1 | x2...
1 +3.161479207e+01 +3.161479207e+01 +1.472947921e+02 +1.472947921e+02 -3.1942e+00 -1.0821e+00 +1.1524e+00
2 +1.416437101e+01 +1.416437101e+01 +1.298443710e+02 +1.298443710e+02 -2.0019e+00 -1.4722e+00 -1.0254e-01
181 +9.475091583e+00 +9.475091583e+00 +1.251550916e+02 +1.251550916e+02 -3.2134e+00 -1.6219e+00 +9.4986e-01
258 +6.303800892e+00 +6.303800892e+00 +1.219838009e+02 +1.219838009e+02 -3.1629e+00 -1.6057e+00 +8.7377e-01
1959 +3.352712012e+00 +3.352712012e+00 +1.190327120e+02 +1.190327120e+02 -3.1572e+00 -1.5502e+00 +6.0336e-01
4418 +1.884022728e+00 +1.884022728e+00 +1.175640227e+02 +1.175640227e+02 -2.2476e+00 -9.9507e-01 +6.0090e-01
4898 +1.491702980e+00 +1.491702980e+00 +1.171717030e+02 +1.171717030e+02 -2.1784e+00 -1.0102e+00 +6.1411e-01
5135 +9.962247642e-01 +9.962247642e-01 +1.166762248e+02 +1.166762248e+02 -2.1807e+00 -9.8388e-01 +6.0555e-01
8606 +1.473071468e-01 +1.473071468e-01 +1.158273071e+02 +1.158273071e+02 -2.1757e+00 -9.8827e-01 +2.3609e-01
8716 +6.417246402e-02 +6.417246402e-02 +1.157441725e+02 +1.157441725e+02 -2.1770e+00 -9.8127e-01 +2.3952e-01
8735 +4.368554428e-03 +4.368554428e-03 +1.156843686e+02 +1.156843686e+02 -2.1799e+00 -9.8369e-01 +2.4343e-01
8813 +2.488628271e-03 +2.488628271e-03 +1.156824886e+02 +1.156824886e+02 -2.1801e+00 -9.8499e-01 +2.4492e-01
8831 +6.134103053e-04 +6.134103053e-04 +1.156806134e+02 +1.156806134e+02 -2.1798e+00 -9.8353e-01 +2.4508e-01
8862 +2.821146075e-04 +2.821146075e-04 +1.156802821e+02 +1.156802821e+02 -2.1775e+00 -9.8271e-01 +2.4480e-01
8879 +1.994901081e-04 +1.994901081e-04 +1.156801995e+02 +1.156801995e+02 -2.1777e+00 -9.8315e-01 +2.4504e-01
8912 +9.356401071e-05 +9.356401071e-05 +1.156800936e+02 +1.156800936e+02 -2.1779e+00 -9.8327e-01 +2.4494e-01
8919 +3.242237972e-05 +3.242237972e-05 +1.156800324e+02 +1.156800324e+02 -2.1786e+00 -9.8330e-01 +2.4490e-01
8956 +1.002651082e-05 +1.002651082e-05 +1.156800100e+02 +1.156800100e+02 -2.1785e+00 -9.8314e-01 +2.4475e-01
8966 +5.369505942e-06 +5.369505942e-06 +1.156800054e+02 +1.156800054e+02 -2.1785e+00 -9.8327e-01 +2.4479e-01
9009 +3.645448857e-06 +3.645448857e-06 +1.156800036e+02 +1.156800036e+02 -2.1785e+00 -9.8324e-01 +2.4480e-01
9035 +5.126672562e-07 +5.126672562e-07 +1.156800005e+02 +1.156800005e+02 -2.1784e+00 -9.8320e-01 +2.4482e-01
9068 +3.847220427e-07 +3.847220427e-07 +1.156800004e+02 +1.156800004e+02 -2.1784e+00 -9.8320e-01 +2.4479e-01
9104 +1.059230641e-07 +1.059230641e-07 +1.156800001e+02 +1.156800001e+02 -2.1784e+00 -9.8320e-01 +2.4480e-01
9130 +1.808595584e-08 +1.808595584e-08 +1.156800000e+02 +1.156800000e+02 -2.1784e+00 -9.8320e-01 +2.4480e-01
9140 +5.553417282e-09 +5.553417282e-09 +1.156800000e+02 +1.156800000e+02 -2.1784e+00 -9.8320e-01 +2.4480e-01
% function evaluation | noise-free fitness - Fopt (-3.710000000000e+00) | best noise-free fitness - Fopt | measured fitness | best measured fitness | x1 | x2...
1 +3.655139918e+02 +3.655139918e+02 +3.618039918e+02 +3.618039918e+02 -1.5501e+00 +1.8619e+00 -2.9335e+00
3 +2.287095158e+02 +2.287095158e+02 +2.249995158e+02 +2.249995158e+02 +9.0233e-01 +2.5932e+00 -5.7368e-01
8 +1.166098926e+02 +1.166098926e+02 +1.128998926e+02 +1.128998926e+02 -3.9348e-02 +1.1656e+00 +2.9934e-01
11 +6.917659744e+01 +6.917659744e+01 +6.546659744e+01 +6.546659744e+01 -2.3544e-01 -2.9088e-01 +7.4202e-01
19 +5.930375993e+01 +5.930375993e+01 +5.559375993e+01 +5.559375993e+01 +8.5527e-01 -1.8434e-01 +2.2484e+00
29 +8.830271048e+00 +8.830271048e+00 +5.120271048e+00 +5.120271048e+00 +3.2127e+00 -2.8599e+00 +1.5195e+00
254 +6.031501654e+00 +6.031501654e+00 +2.321501654e+00 +2.321501654e+00 +4.1278e+00 -1.6974e+00 +2.1617e+00
275 +3.611610335e+00 +3.611610335e+00 -9.838966451e-02 -9.838966451e-02 +4.0933e+00 -1.7349e+00 +2.1488e+00
1874 +2.162013743e+00 +2.162013743e+00 -1.547986257e+00 -1.547986257e+00 +3.0919e+00 -2.8856e+00 +2.1461e+00
5808 +1.500925853e+00 +1.500925853e+00 -2.209074147e+00 -2.209074147e+00 +2.1442e+00 -2.3017e+00 +1.7970e+00
5976 +9.996295196e-01 +9.996295196e-01 -2.710370480e+00 -2.710370480e+00 +2.1251e+00 -2.2928e+00 +1.7833e+00
20487 +3.255816761e-01 +3.255816761e-01 -3.384418324e+00 -3.384418324e+00 +3.1042e+00 -2.2744e+00 +1.7794e+00
20663 +5.189199591e-02 +5.189199591e-02 -3.658108004e+00 -3.658108004e+00 +3.1259e+00 -2.2988e+00 +1.7793e+00
21167 +1.984465912e-02 +1.984465912e-02 -3.690155341e+00 -3.690155341e+00 +3.1267e+00 -2.2926e+00 +1.7812e+00
21257 +3.484681654e-03 +3.484681654e-03 -3.706515318e+00 -3.706515318e+00 +3.1230e+00 -2.2941e+00 +1.7840e+00
21486 +8.050590888e-04 +8.050590888e-04 -3.709194941e+00 -3.709194941e+00 +3.1181e+00 -2.2956e+00 +1.7831e+00
21620 +3.009353174e-04 +3.009353174e-04 -3.709699065e+00 -3.709699065e+00 +3.1193e+00 -2.2951e+00 +1.7835e+00
21731 +1.428936309e-04 +1.428936309e-04 -3.709857106e+00 -3.709857106e+00 +3.1192e+00 -2.2950e+00 +1.7832e+00
21732 +9.322608484e-05 +9.322608484e-05 -3.709906774e+00 -3.709906774e+00 +3.1196e+00 -2.2950e+00 +1.7831e+00
21842 +1.711485314e-05 +1.711485314e-05 -3.709982885e+00 -3.709982885e+00 +3.1201e+00 -2.2951e+00 +1.7831e+00
22062 +1.365331824e-05 +1.365331824e-05 -3.709986347e+00 -3.709986347e+00 +3.1201e+00 -2.2951e+00 +1.7833e+00
22109 +8.310104083e-06 +8.310104083e-06 -3.709991690e+00 -3.709991690e+00 +3.1199e+00 -2.2952e+00 +1.7832e+00
22121 +3.428350657e-06 +3.428350657e-06 -3.709996572e+00 -3.709996572e+00 +3.1201e+00 -2.2952e+00 +1.7832e+00
22127 +1.984132449e-06 +1.984132449e-06 -3.709998016e+00 -3.709998016e+00 +3.1200e+00 -2.2952e+00 +1.7832e+00
22145 +7.729337579e-07 +7.729337579e-07 -3.709999227e+00 -3.709999227e+00 +3.1200e+00 -2.2952e+00 +1.7832e+00
22233 +4.000420071e-07 +4.000420071e-07 -3.709999600e+00 -3.709999600e+00 +3.1200e+00 -2.2952e+00 +1.7832e+00
22261 +2.204555498e-07 +2.204555498e-07 -3.709999780e+00 -3.709999780e+00 +3.1200e+00 -2.2952e+00 +1.7832e+00
22470 +6.735294233e-08 +6.735294233e-08 -3.709999933e+00 -3.709999933e+00 +3.1200e+00 -2.2952e+00 +1.7832e+00
22479 +4.922994101e-08 +4.922994101e-08 -3.709999951e+00 -3.709999951e+00 +3.1200e+00 -2.2952e+00 +1.7832e+00
22509 +3.707166707e-08 +3.707166707e-08 -3.709999963e+00 -3.709999963e+00 +3.1200e+00 -2.2952e+00 +1.7832e+00
22546 +1.795899385e-08 +1.795899385e-08 -3.709999982e+00 -3.709999982e+00 +3.1200e+00 -2.2952e+00 +1.7832e+00
22610 +1.376347880e-08 +1.376347880e-08 -3.709999986e+00 -3.709999986e+00 +3.1200e+00 -2.2952e+00 +1.7832e+00
22625 +9.132131495e-09 +9.132131495e-09 -3.709999991e+00 -3.709999991e+00 +3.1200e+00 -2.2952e+00 +1.7832e+00
22673 +4.679828525e-09 +4.679828525e-09 -3.709999995e+00 -3.709999995e+00 +3.1200e+00 -2.2952e+00 +1.7832e+00
% function evaluation | noise-free fitness - Fopt (-3.710000000000e+00) | best noise-free fitness - Fopt | measured fitness | best measured fitness | x1 | x2...
1 +1.599665440e+02 +1.599665440e+02 +1.562565440e+02 +1.562565440e+02 -3.1832e+00 +8.3045e-01 -2.5949e-01
5 +7.077239458e+01 +7.077239458e+01 +6.706239458e+01 +6.706239458e+01 -2.3158e+00 -5.8499e-01 +3.4427e-01
9 +5.064510979e+01 +5.064510979e+01 +4.693510979e+01 +4.693510979e+01 +7.6222e-03 -1.7786e+00 +4.4107e-01
44 +2.203401216e+01 +2.203401216e+01 +1.832401216e+01 +1.832401216e+01 +6.1574e+00 -2.9995e+00 +1.4182e+00
75 +1.120048981e+01 +1.120048981e+01 +7.490489813e+00 +7.490489813e+00 +3.2947e+00 -2.3255e+00 +1.7306e+00
127 +7.181232292e+00 +7.181232292e+00 +3.471232292e+00 +3.471232292e+00 +2.0840e+00 -1.7861e+00 +2.1845e+00
157 +5.616618291e+00 +5.616618291e+00 +1.906618291e+00 +1.906618291e+00 +2.0814e+00 -2.2172e+00 +2.1289e+00
425 +3.004366089e+00 +3.004366089e+00 -7.056339113e-01 -7.056339113e-01 +2.1344e+00 -2.8327e+00 +1.7803e+00
541 +2.351324782e+00 +2.351324782e+00 -1.358675218e+00 -1.358675218e+00 +2.1160e+00 -2.9177e+00 +1.7914e+00
4233 +3.390219747e-01 +3.390219747e-01 -3.370978025e+00 -3.370978025e+00 +3.1199e+00 -2.2830e+00 +1.7956e+00
4392 +1.073869280e-01 +1.073869280e-01 -3.602613072e+00 -3.602613072e+00 +3.1153e+00 -2.3079e+00 +1.7828e+00
4412 +5.942918970e-02 +5.942918970e-02 -3.650570810e+00 -3.650570810e+00 +3.1154e+00 -2.3045e+00 +1.7851e+00
4485 +3.607793142e-02 +3.607793142e-02 -3.673922069e+00 -3.673922069e+00 +3.1256e+00 -2.2881e+00 +1.7823e+00
4502 +1.724197706e-02 +1.724197706e-02 -3.692758023e+00 -3.692758023e+00 +3.1193e+00 -2.2908e+00 +1.7818e+00
4504 +8.062412877e-03 +8.062412877e-03 -3.701937587e+00 -3.701937587e+00 +3.1195e+00 -2.2964e+00 +1.7851e+00
4626 +1.173561885e-03 +1.173561885e-03 -3.708826438e+00 -3.708826438e+00 +3.1196e+00 -2.2940e+00 +1.7829e+00
4712 +7.737934506e-04 +7.737934506e-04 -3.709226207e+00 -3.709226207e+00 +3.1211e+00 -2.2950e+00 +1.7828e+00
4725 +1.412830214e-04 +1.412830214e-04 -3.709858717e+00 -3.709858717e+00 +3.1198e+00 -2.2955e+00 +1.7830e+00
4803 +3.039798101e-05 +3.039798101e-05 -3.709969602e+00 -3.709969602e+00 +3.1201e+00 -2.2951e+00 +1.7831e+00
4908 +1.440767338e-05 +1.440767338e-05 -3.709985592e+00 -3.709985592e+00 +3.1202e+00 -2.2952e+00 +1.7832e+00
4918 +1.339712917e-06 +1.339712917e-06 -3.709998660e+00 -3.709998660e+00 +3.1201e+00 -2.2952e+00 +1.7832e+00
4999 +9.850461069e-07 +9.850461069e-07 -3.709999015e+00 -3.709999015e+00 +3.1200e+00 -2.2952e+00 +1.7832e+00
5070 +4.274946805e-07 +4.274946805e-07 -3.709999573e+00 -3.709999573e+00 +3.1200e+00 -2.2952e+00 +1.7832e+00
5090 +3.766201808e-07 +3.766201808e-07 -3.709999623e+00 -3.709999623e+00 +3.1200e+00 -2.2952e+00 +1.7832e+00
5178 +5.273969217e-08 +5.273969217e-08 -3.709999947e+00 -3.709999947e+00 +3.1200e+00 -2.2952e+00 +1.7832e+00
5198 +2.312236846e-08 +2.312236846e-08 -3.709999977e+00 -3.709999977e+00 +3.1200e+00 -2.2952e+00 +1.7832e+00
5200 +1.415591333e-08 +1.415591333e-08 -3.709999986e+00 -3.709999986e+00 +3.1200e+00 -2.2952e+00 +1.7832e+00
5312 +4.031458722e-09 +4.031458722e-09 -3.709999996e+00 -3.709999996e+00 +3.1200e+00 -2.2952e+00 +1.7832e+00
5326 +2.846102909e-09 +2.846102909e-09 -3.709999997e+00 -3.709999997e+00 +3.1200e+00 -2.2952e+00 +1.7832e+00
% function evaluation | noise-free fitness - Fopt (-3.710000000000e+00) | best noise-free fitness - Fopt | measured fitness | best measured fitness | x1 | x2...
1 +2.761160903e+02 +2.761160903e+02 +2.724060903e+02 +2.724060903e+02 +2.6028e+00 +1.7622e+00 -2.0174e+00
5 +1.308637367e+02 +1.308637367e+02 +1.271537367e+02 +1.271537367e+02 +2.1630e+00 +7.8251e-01 -5.9332e-01
16 +2.660584485e+01 +2.660584485e+01 +2.289584485e+01 +2.289584485e+01 +4.0268e+00 -1.3239e+00 +1.8319e+00
47 +2.085505216e+01 +2.085505216e+01 +1.714505216e+01 +1.714505216e+01 +6.2989e+00 -5.8814e-01 +1.8021e+00
76 +1.526866746e+01 +1.526866746e+01 +1.155866746e+01 +1.155866746e+01 +4.0387e+00 -2.7534e+00 +1.0740e+00
113 +8.134125968e+00 +8.134125968e+00 +4.424125968e+00 +4.424125968e+00 +2.1591e+00 -3.4065e+00 +1.4893e+00
268 +3.770046474e+00 +3.770046474e+00 +6.004647412e-02 +6.004647412e-02 +3.1272e+00 -2.3692e+00 +1.7598e+00
305 +2.066110557e+00 +2.066110557e+00 -1.643889443e+00 -1.643889443e+00 +3.0790e+00 -2.3096e+00 +1.7553e+00
329 +6.930331772e-01 +6.930331772e-01 -3.016966823e+00 -3.016966823e+00 +3.0643e+00 -2.2893e+00 +1.7903e+00
373 +5.872635884e-01 +5.872635884e-01 -3.122736412e+00 -3.122736412e+00 +3.0996e+00 -2.2695e+00 +1.7764e+00
377 +1.555128695e-01 +1.555128695e-01 -3.554487130e+00 -3.554487130e+00 +3.1093e+00 -2.2918e+00 +1.7918e+00
418 +8.995297238e-02 +8.995297238e-02 -3.620047028e+00 -3.620047028e+00 +3.0990e+00 -2.2934e+00 +1.7823e+00
438 +3.462467371e-02 +3.462467371e-02 -3.675375326e+00 -3.675375326e+00 +3.1126e+00 -2.3005e+00 +1.7815e+00
457 +1.697554651e-02 +1.697554651e-02 -3.693024453e+00 -3.693024453e+00 +3.1157e+00 -2.2963e+00 +1.7807e+00
479 +1.403031655e-02 +1.403031655e-02 -3.695969683e+00 -3.695969683e+00 +3.1194e+00 -2.2971e+00 +1.7860e+00
491 +1.690587292e-03 +1.690587292e-03 -3.708309413e+00 -3.708309413e+00 +3.1200e+00 -2.2967e+00 +1.7835e+00
542 +9.775289497e-04 +9.775289497e-04 -3.709022471e+00 -3.709022471e+00 +3.1182e+00 -2.2959e+00 +1.7830e+00
568 +1.173042452e-04 +1.173042452e-04 -3.709882696e+00 -3.709882696e+00 +3.1206e+00 -2.2955e+00 +1.7832e+00
591 +7.918054720e-05 +7.918054720e-05 -3.709920819e+00 -3.709920819e+00 +3.1195e+00 -2.2954e+00 +1.7832e+00
597 +3.740694827e-05 +3.740694827e-05 -3.709962593e+00 -3.709962593e+00 +3.1196e+00 -2.2952e+00 +1.7832e+00
598 +2.455103999e-05 +2.455103999e-05 -3.709975449e+00 -3.709975449e+00 +3.1197e+00 -2.2953e+00 +1.7832e+00
648 +7.333893651e-06 +7.333893651e-06 -3.709992666e+00 -3.709992666e+00 +3.1200e+00 -2.2951e+00 +1.7832e+00
656 +5.161351012e-06 +5.161351012e-06 -3.709994839e+00 -3.709994839e+00 +3.1201e+00 -2.2952e+00 +1.7832e+00
668 +9.772899134e-07 +9.772899134e-07 -3.709999023e+00 -3.709999023e+00 +3.1200e+00 -2.2952e+00 +1.7832e+00
705 +1.615391509e-07 +1.615391509e-07 -3.709999838e+00 -3.709999838e+00 +3.1200e+00 -2.2952e+00 +1.7832e+00
746 +6.024076260e-08 +6.024076260e-08 -3.709999940e+00 -3.709999940e+00 +3.1200e+00 -2.2952e+00 +1.7832e+00
771 +3.061781939e-08 +3.061781939e-08 -3.709999969e+00 -3.709999969e+00 +3.1200e+00 -2.2952e+00 +1.7832e+00
776 +2.054049375e-08 +2.054049375e-08 -3.709999979e+00 -3.709999979e+00 +3.1200e+00 -2.2952e+00 +1.7832e+00
784 +1.196956312e-09 +1.196956312e-09 -3.709999999e+00 -3.709999999e+00 +3.1200e+00 -2.2952e+00 +1.7832e+00
% function evaluation | noise-free fitness - Fopt (1.321800000000e+02) | best noise-free fitness - Fopt | measured fitness | best measured fitness | x1 | x2...
1 +3.642884848e+02 +3.642884848e+02 +4.964684848e+02 +4.964684848e+02 -2.0449e+00 -3.0638e+00 -1.8613e+00
8 +2.097408772e+02 +2.097408772e+02 +3.419208772e+02 +3.419208772e+02 -1.6589e+00 -1.8282e+00 -4.0563e-01
10 +9.384493321e+01 +9.384493321e+01 +2.260249332e+02 +2.260249332e+02 -2.7026e+00 -1.6159e+00 +1.9071e+00
19 +1.954856612e+01 +1.954856612e+01 +1.517285661e+02 +1.517285661e+02 -1.8205e+00 +1.6155e-03 +3.8706e+00
92 +1.365549216e+01 +1.365549216e+01 +1.458354922e+02 +1.458354922e+02 -4.7542e+00 +1.0739e+00 +3.4304e+00
98 +5.242948943e+00 +5.242948943e+00 +1.374229489e+02 +1.374229489e+02 -3.6708e+00 +9.5762e-01 +3.1522e+00
1512 +2.761492634e+00 +2.761492634e+00 +1.349414926e+02 +1.349414926e+02 -3.7513e+00 +8.8563e-01 +3.7901e+00
2082 +1.460241358e+00 +1.460241358e+00 +1.336402414e+02 +1.336402414e+02 -3.6963e+00 +1.5179e+00 +3.4699e+00
2116 +7.336067358e-01 +7.336067358e-01 +1.329136067e+02 +1.329136067e+02 -3.7127e+00 +1.4820e+00 +3.4694e+00
3968 +4.167140956e-01 +4.167140956e-01 +1.325967141e+02 +1.325967141e+02 -3.7492e+00 +1.5038e+00 +3.4696e+00
8856 +3.517581346e-01 +3.517581346e-01 +1.325317581e+02 +1.325317581e+02 -3.7716e+00 +1.4827e+00 +3.4761e+00
9296 +5.872521050e-02 +5.872521050e-02 +1.322387252e+02 +1.322387252e+02 -3.7496e+00 +1.4864e+00 +3.4597e+00
9491 +3.294553392e-02 +3.294553392e-02 +1.322129455e+02 +1.322129455e+02 -3.7650e+00 +1.4899e+00 +3.4618e+00
9569 +2.364137681e-03 +2.364137681e-03 +1.321823641e+02 +1.321823641e+02 -3.7650e+00 +1.4835e+00 +3.4607e+00
9732 +1.178117182e-03 +1.178117182e-03 +1.321811781e+02 +1.321811781e+02 -3.7648e+00 +1.4834e+00 +3.4612e+00
9771 +5.658233396e-04 +5.658233396e-04 +1.321805658e+02 +1.321805658e+02 -3.7636e+00 +1.4823e+00 +3.4621e+00
9839 +2.742348368e-04 +2.742348368e-04 +1.321802742e+02 +1.321802742e+02 -3.7629e+00 +1.4822e+00 +3.4616e+00
9842 +1.838290375e-04 +1.838290375e-04 +1.321801838e+02 +1.321801838e+02 -3.7641e+00 +1.4819e+00 +3.4616e+00
9888 +1.533632438e-04 +1.533632438e-04 +1.321801534e+02 +1.321801534e+02 -3.7648e+00 +1.4822e+00 +3.4616e+00
9960 +4.455745690e-05 +4.455745690e-05 +1.321800446e+02 +1.321800446e+02 -3.7637e+00 +1.4824e+00 +3.4615e+00
9963 +3.783229911e-05 +3.783229911e-05 +1.321800378e+02 +1.321800378e+02 -3.7641e+00 +1.4826e+00 +3.4616e+00
9990 +8.876097070e-06 +8.876097070e-06 +1.321800089e+02 +1.321800089e+02 -3.7640e+00 +1.4825e+00 +3.4615e+00
10072 +5.338202413e-07 +5.338202413e-07 +1.321800005e+02 +1.321800005e+02 -3.7640e+00 +1.4824e+00 +3.4616e+00
10255 +1.879492686e-07 +1.879492686e-07 +1.321800002e+02 +1.321800002e+02 -3.7640e+00 +1.4824e+00 +3.4616e+00
10330 +9.713588156e-08 +9.713588156e-08 +1.321800001e+02 +1.321800001e+02 -3.7640e+00 +1.4824e+00 +3.4616e+00
10343 +4.990212688e-08 +4.990212688e-08 +1.321800000e+02 +1.321800000e+02 -3.7640e+00 +1.4824e+00 +3.4616e+00
10367 +8.090438541e-09 +8.090438541e-09 +1.321800000e+02 +1.321800000e+02 -3.7640e+00 +1.4824e+00 +3.4616e+00
% function evaluation | noise-free fitness - Fopt (1.321800000000e+02) | best noise-free fitness - Fopt | measured fitness | best measured fitness | x1 | x2...
1 +4.971242804e+02 +4.971242804e+02 +6.293042804e+02 +6.293042804e+02 +2.9332e+00 -2.4458e+00 -3.1855e+00
2 +3.276496635e+02 +3.276496635e+02 +4.598296635e+02 +4.598296635e+02 +3.6865e+00 -3.7678e+00 -4.6425e-01
4 +2.511710936e+02 +2.511710936e+02 +3.833510936e+02 +3.833510936e+02 -5.5983e-01 -1.8094e+00 -9.0638e-01
11 +1.055752221e+02 +1.055752221e+02 +2.377552221e+02 +2.377552221e+02 -1.5084e+00 -6.8245e-01 +1.3717e+00
28 +6.664050436e+01 +6.664050436e+01 +1.988205044e+02 +1.988205044e+02 -4.2110e+00 -5.4255e-01 +3.6006e+00
57 +5.577859746e+01 +5.577859746e+01 +1.879585975e+02 +1.879585975e+02 -6.0848e-01 +1.7354e+00 +4.8849e+00
79 +3.696703813e+01 +3.696703813e+01 +1.691470381e+02 +1.691470381e+02 -2.7367e+00 +2.0435e+00 +4.7458e+00
92 +9.239840186e+00 +9.239840186e+00 +1.414198402e+02 +1.414198402e+02 -1.7443e+00 +1.9921e+00 +3.8549e+00
222 +4.653516456e+00 +4.653516456e+00 +1.368335165e+02 +1.368335165e+02 -3.6569e+00 +2.0234e+00 +3.1583e+00
362 +2.248771935e+00 +2.248771935e+00 +1.344287719e+02 +1.344287719e+02 -3.7279e+00 +2.0301e+00 +3.4383e+00
411 +1.584405865e+00 +1.584405865e+00 +1.337644059e+02 +1.337644059e+02 -3.7301e+00 +2.0166e+00 +3.4553e+00
568 +9.975777302e-01 +9.975777302e-01 +1.331775777e+02 +1.331775777e+02 -3.7639e+00 +2.0293e+00 +3.4610e+00
8663 +1.747978417e-01 +1.747978417e-01 +1.323547978e+02 +1.323547978e+02 -3.7598e+00 +1.4876e+00 +3.4521e+00
22612 +9.809936222e-02 +9.809936222e-02 +1.322780994e+02 +1.322780994e+02 -3.7847e+00 +1.4869e+00 +3.4618e+00
22662 +3.841190698e-02 +3.841190698e-02 +1.322184119e+02 +1.322184119e+02 -3.7527e+00 +1.4857e+00 +3.4635e+00
22672 +2.148870678e-02 +2.148870678e-02 +1.322014887e+02 +1.322014887e+02 -3.7683e+00 +1.4826e+00 +3.4587e+00
22680 +6.205825697e-03 +6.205825697e-03 +1.321862058e+02 +1.321862058e+02 -3.7652e+00 +1.4832e+00 +3.4599e+00
22727 +9.605711634e-04 +9.605711634e-04 +1.321809606e+02 +1.321809606e+02 -3.7651e+00 +1.4829e+00 +3.4611e+00
22839 +2.229454655e-04 +2.229454655e-04 +1.321802229e+02 +1.321802229e+02 -3.7634e+00 +1.4828e+00 +3.4617e+00
22919 +1.427486534e-04 +1.427486534e-04 +1.321801427e+02 +1.321801427e+02 -3.7635e+00 +1.4827e+00 +3.4615e+00
22939 +6.607733241e-05 +6.607733241e-05 +1.321800661e+02 +1.321800661e+02 -3.7644e+00 +1.4822e+00 +3.4615e+00
22962 +1.900155530e-05 +1.900155530e-05 +1.321800190e+02 +1.321800190e+02 -3.7642e+00 +1.4823e+00 +3.4616e+00
22987 +1.514663995e-05 +1.514663995e-05 +1.321800151e+02 +1.321800151e+02 -3.7640e+00 +1.4823e+00 +3.4616e+00
22995 +2.751957936e-06 +2.751957936e-06 +1.321800028e+02 +1.321800028e+02 -3.7641e+00 +1.4824e+00 +3.4616e+00
23001 +3.552542864e-07 +3.552542864e-07 +1.321800004e+02 +1.321800004e+02 -3.7640e+00 +1.4824e+00 +3.4616e+00
23115 +2.135089971e-07 +2.135089971e-07 +1.321800002e+02 +1.321800002e+02 -3.7640e+00 +1.4824e+00 +3.4616e+00
23143 +1.346778049e-07 +1.346778049e-07 +1.321800001e+02 +1.321800001e+02 -3.7640e+00 +1.4824e+00 +3.4616e+00
23146 +8.364943938e-08 +8.364943938e-08 +1.321800001e+02 +1.321800001e+02 -3.7640e+00 +1.4824e+00 +3.4616e+00
23154 +5.803826753e-08 +5.803826753e-08 +1.321800001e+02 +1.321800001e+02 -3.7640e+00 +1.4824e+00 +3.4616e+00
23199 +3.945692129e-08 +3.945692129e-08 +1.321800000e+02 +1.321800000e+02 -3.7640e+00 +1.4824e+00 +3.4616e+00
23210 +1.728869847e-08 +1.728869847e-08 +1.321800000e+02 +1.321800000e+02 -3.7640e+00 +1.4824e+00 +3.4616e+00
23229 +1.326941401e-08 +1.326941401e-08 +1.321800000e+02 +1.321800000e+02 -3.7640e+00 +1.4824e+00 +3.4616e+00
23252 +4.227558748e-09 +4.227558748e-09 +1.321800000e+02 +1.321800000e+02 -3.7640e+00 +1.4824e+00 +3.4616e+00
23256 +1.130075589e-09 +1.130075589e-09 +1.321800000e+02 +1.321800000e+02 -3.7640e+00 +1.4824e+00 +3.4616e+00
23273 +9.977156878e-10 +9.977156878e-10 +1.321800000e+02 +1.321800000e+02 -3.7640e+00 +1.4824e+00 +3.4616e+00
% function evaluation | noise-free fitness - Fopt (1.321800000000e+02) | best noise-free fitness - Fopt | measured fitness | best measured fitness | x1 | x2...
1 +1.521556519e+02 +1.521556519e+02 +2.843356519e+02 +2.843356519e+02 -3.2337e+00 -1.4423e+00 +3.2665e-01
9 +6.596275135e+01 +6.596275135e+01 +1.981427514e+02 +1.981427514e+02 -3.2877e+00 -1.5688e+00 +2.7570e+00
16 +5.463790918e+01 +5.463790918e+01 +1.868179092e+02 +1.868179092e+02 -1.5733e+00 -4.8892e-01 +4.1183e+00
22 +1.451118695e+01 +1.451118695e+01 +1.466911870e+02 +1.466911870e+02 -4.6897e+00 +9.1520e-01 +4.2504e+00
82 +9.225848000e+00 +9.225848000e+00 +1.414058480e+02 +1.414058480e+02 -4.7930e+00 +1.0282e+00 +3.4912e+00
185 +1.877262553e+00 +1.877262553e+00 +1.340572626e+02 +1.340572626e+02 -4.7859e+00 +1.5163e+00 +3.4548e+00
1559 +1.290650158e+00 +1.290650158e+00 +1.334706502e+02 +1.334706502e+02 -3.7473e+00 +2.0184e+00 +3.4608e+00
1692 +9.995850740e-01 +9.995850740e-01 +1.331795851e+02 +1.331795851e+02 -3.7626e+00 +2.0292e+00 +3.4606e+00
17904 +4.250231181e-01 +4.250231181e-01 +1.326050231e+02 +1.326050231e+02 -3.7806e+00 +1.4580e+00 +3.4606e+00
18288 +2.984452829e-01 +2.984452829e-01 +1.324784453e+02 +1.324784453e+02 -3.7329e+00 +1.4855e+00 +3.4697e+00
18303 +5.050867991e-02 +5.050867991e-02 +1.322305087e+02 +1.322305087e+02 -3.7543e+00 +1.4769e+00 +3.4640e+00
18363 +7.883882751e-03 +7.883882751e-03 +1.321878839e+02 +1.321878839e+02 -3.7638e+00 +1.4858e+00 +3.4606e+00
18494 +3.820036237e-03 +3.820036237e-03 +1.321838200e+02 +1.321838200e+02 -3.7629e+00 +1.4800e+00 +3.4618e+00
18550 +1.912868220e-03 +1.912868220e-03 +1.321819129e+02 +1.321819129e+02 -3.7644e+00 +1.4837e+00 +3.4609e+00
18652 +2.755666128e-04 +2.755666128e-04 +1.321802756e+02 +1.321802756e+02 -3.7641e+00 +1.4821e+00 +3.4613e+00
18702 +1.160025893e-04 +1.160025893e-04 +1.321801160e+02 +1.321801160e+02 -3.7637e+00 +1.4827e+00 +3.4614e+00
18877 +5.585523849e-05 +5.585523849e-05 +1.321800559e+02 +1.321800559e+02 -3.7637e+00 +1.4823e+00 +3.4618e+00
18888 +2.768701879e-05 +2.768701879e-05 +1.321800277e+02 +1.321800277e+02 -3.7638e+00 +1.4822e+00 +3.4616e+00
18966 +1.016224138e-05 +1.016224138e-05 +1.321800102e+02 +1.321800102e+02 -3.7642e+00 +1.4824e+00 +3.4616e+00
19094 +8.330901949e-06 +8.330901949e-06 +1.321800083e+02 +1.321800083e+02 -3.7642e+00 +1.4824e+00 +3.4616e+00
19099 +5.849182827e-06 +5.849182827e-06 +1.321800058e+02 +1.321800058e+02 -3.7641e+00 +1.4823e+00 +3.4616e+00
19257 +3.608320469e-06 +3.608320469e-06 +1.321800036e+02 +1.321800036e+02 -3.7639e+00 +1.4824e+00 +3.4616e+00
19330 +1.711189668e-06 +1.711189668e-06 +1.321800017e+02 +1.321800017e+02 -3.7640e+00 +1.4824e+00 +3.4616e+00
19365 +1.898124822e-07 +1.898124822e-07 +1.321800002e+02 +1.321800002e+02 -3.7640e+00 +1.4824e+00 +3.4616e+00
19537 +4.360538242e-08 +4.360538242e-08 +1.321800000e+02 +1.321800000e+02 -3.7640e+00 +1.4824e+00 +3.4616e+00
19575 +2.080651029e-08 +2.080651029e-08 +1.321800000e+02 +1.321800000e+02 -3.7640e+00 +1.4824e+00 +3.4616e+00
19783 +4.042988166e-09 +4.042988166e-09 +1.321800000e+02 +1.321800000e+02 -3.7640e+00 +1.4824e+00 +3.4616e+00
19865 +1.726448318e-09 +1.726448318e-09 +1.321800000e+02 +1.321800000e+02 -3.7640e+00 +1.4824e+00 +3.4616e+00
