% function evaluation | noise-free fitness - Fopt (-4.620900000000e+02) | best noise-free fitness - Fopt | measured fitness | best measured fitness | x1 | x2...
1 +3.354901392e+02 +3.354901392e+02 -1.265998608e+02 -1.265998608e+02 -1.4877e+00 +3.0456e+00 +1.1861e+00 -1.6093e-01 +3.4256e+00 +1.9825e-01 -8.1036e-01 -8.6757e-01 +2.7643e+00 -2.9248e+00
12 +2.499091737e+02 +2.499091737e+02 -2.121808263e+02 -2.121808263e+02 -4.3752e+00 +1.5690e+00 -2.5124e-01 +7.1469e-02 -1.1583e-01 +3.2984e+00 -9.0859e-01 -8.4522e-01 +2.7951e+00 +4.7654e-01
18 +1.560641547e+02 +1.560641547e+02 -3.060258453e+02 -3.060258453e+02 -7.0113e-01 +6.3111e+00 +1.7976e+00 +6.6741e-01 +1.8401e+00 +7.2015e-01 +2.4079e+00 +3.1342e+00 +3.2891e+00 +6.4809e-01
157 +8.332627666e+01 +8.332627666e+01 -3.787637233e+02 -3.787637233e+02 -2.5435e+00 +4.0908e+00 +8.3073e-01 -7.7498e-01 +3.0606e+00 +2.1230e+00 +1.1877e+00 +3.0122e+00 +1.9089e+00 +3.8015e-01
316 +5.790292803e+01 +5.790292803e+01 -4.041870720e+02 -4.041870720e+02 -2.1927e+00 +3.2315e+00 +1.4307e+00 +7.3987e-02 +2.4025e+00 +2.3441e+00 +3.4129e+00 +3.5379e+00 +1.8435e+00 +8.1578e-02
1045 +3.920124675e+01 +3.920124675e+01 -4.228887533e+02 -4.228887533e+02 -3.2155e-01 +2.4392e+00 +2.2463e+00 +8.1575e-01 +3.0181e+00 +1.5610e+00 +2.5671e+00 +2.7165e+00 +2.6481e+00 -6.2993e-01
1101 +2.093323230e+01 +2.093323230e+01 -4.411567677e+02 -4.411567677e+02 -3.5908e-01 +2.2807e+00 +2.2699e+00 +8.0081e-01 +2.8765e+00 +1.5955e+00 +2.5471e+00 +2.6295e+00 +2.5921e+00 -6.6480e-01
1312 +1.556636911e+01 +1.556636911e+01 -4.465236309e+02 -4.465236309e+02 -3.4065e-01 +2.2905e+00 +2.2207e+00 +6.7867e-01 +2.8772e+00 +1.6140e+00 +2.5651e+00 +2.5993e+00 +2.6164e+00 -6.3665e-01
7114 +8.943230646e+00 +8.943230646e+00 -4.531467694e+02 -4.531467694e+02 -2.3170e+00 +2.2890e+00 +3.8672e+00 +1.4842e+00 +2.8675e+00 +2.1800e+00 +2.1020e+00 +3.0632e+00 +1.8024e+00 +7.2827e-02
14104 +4.808933568e+00 +4.808933568e+00 -4.572810664e+02 -4.572810664e+02 -2.3635e+00 +2.2818e+00 +2.1611e+00 +7.8396e-01 +2.3025e+00 +2.1874e+00 +2.5280e+00 +2.5756e+00 +1.4653e+00 +4.8364e-02
14279 +3.755664404e+00 +3.755664404e+00 -4.583343356e+02 -4.583343356e+02 -2.3109e+00 +2.2706e+00 +2.2112e+00 +7.1854e-01 +2.2452e+00 +2.1899e+00 +2.5543e+00 +2.5985e+00 +1.4699e+00 +6.8311e-02
14539 +2.290913107e+00 +2.290913107e+00 -4.597990869e+02 -4.597990869e+02 -2.3696e+00 +2.3136e+00 +2.2030e+00 +7.2416e-01 +2.3275e+00 +2.1723e+00 +2.5260e+00 +2.5904e+00 +1.4533e+00 +4.9026e-02
14658 +1.435420845e+00 +1.435420845e+00 -4.606545792e+02 -4.606545792e+02 -2.3271e+00 +2.2805e+00 +2.1958e+00 +7.3111e-01 +2.3051e+00 +2.1796e+00 +2.5454e+00 +2.6064e+00 +1.4507e+00 +6.2228e-02
15409 +9.984467715e-01 +9.984467715e-01 -4.610915532e+02 -4.610915532e+02 -2.3417e+00 +2.2977e+00 +2.2131e+00 +7.2687e-01 +2.2989e+00 +2.1759e+00 +2.5466e+00 +2.5991e+00 +1.4556e+00 +5.7292e-02
% function evaluation | noise-free fitness - Fopt (-4.620900000000e+02) | best noise-free fitness - Fopt | measured fitness | best measured fitness | x1 | x2...
1 +4.011811927e+02 +4.011811927e+02 -6.090880730e+01 -6.090880730e+01 -3.7534e+00 +3.6556e+00 -5.0093e-01 -1.9214e+00 -1.9090e+00 -1.7641e+00 -4.9634e-02 -1.6025e-01 +3.8444e+00 -9.5759e-02
4 +2.935158711e+02 +2.935158711e+02 -1.685741289e+02 -1.685741289e+02 -3.1463e+00 +3.2450e+00 -4.7193e+00 -3.7051e+00 +9.7423e-01 +8.8588e-01 +3.9384e+00 +5.0410e-01 +3.6017e-02 +3.6470e-01
32 +1.998901138e+02 +1.998901138e+02 -2.621998862e+02 -2.621998862e+02 -3.3192e+00 +4.8643e+00 -2.7121e+00 -9.3483e-02 -1.1689e-01 +1.2427e+00 +1.3253e+00 -6.4650e-01 +2.0935e+00 -1.9640e-02
122 +1.535775304e+02 +1.535775304e+02 -3.085124696e+02 -3.085124696e+02 -2.6537e+00 +5.7786e+00 -1.3469e+00 -4.2331e-01 +8.8248e-01 +3.1300e-02 +2.5201e+00 +1.4043e+00 +2.1867e+00 -5.1750e-01
280 +8.984916158e+01 +8.984916158e+01 -3.722408384e+02 -3.722408384e+02 -2.2287e+00 +4.5480e+00 -3.6932e-01 +1.2423e+00 +2.4281e+00 +2.0933e+00 +3.0234e+00 +2.6596e+00 +1.3857e+00 +5.9849e-01
360 +5.013894912e+01 +5.013894912e+01 -4.119510509e+02 -4.119510509e+02 -2.2928e+00 +4.4796e+00 +7.7333e-01 +1.2922e+00 +2.3108e+00 +1.5137e+00 +3.5029e+00 +2.1201e+00 +2.2203e+00 +4.0123e-01
760 +3.854066271e+01 +3.854066271e+01 -4.235493373e+02 -4.235493373e+02 -2.4501e+00 +4.7769e+00 -2.5168e-01 +7.0679e-01 +2.8430e+00 +1.6213e+00 +2.5850e+00 +2.6195e+00 +2.6635e+00 -6.3243e-01
4902 +2.426041205e+01 +2.426041205e+01 -4.378295879e+02 -4.378295879e+02 -2.3154e+00 +1.6906e+00 +2.1734e+00 +7.8231e-01 +1.6356e+00 +2.1876e+00 +2.0828e+00 +2.6461e+00 +2.2228e+00 +5.8859e-02
5066 +1.239106149e+01 +1.239106149e+01 -4.496989385e+02 -4.496989385e+02 -2.4297e+00 +1.3937e+00 +2.2067e+00 +6.7338e-01 +1.5933e+00 +2.1768e+00 +2.1166e+00 +2.6045e+00 +2.2029e+00 +1.5931e-02
5095 +8.644790572e+00 +8.644790572e+00 -4.534452094e+02 -4.534452094e+02 -2.3590e+00 +1.3798e+00 +2.2364e+00 +6.6273e-01 +1.6566e+00 +2.1533e+00 +2.0714e+00 +2.6043e+00 +2.2472e+00 +8.9883e-02
5248 +5.853035828e+00 +5.853035828e+00 -4.562369642e+02 -4.562369642e+02 -2.3652e+00 +1.4292e+00 +2.2272e+00 +7.5699e-01 +1.6378e+00 +2.1852e+00 +2.0753e+00 +2.6038e+00 +2.2381e+00 +6.5932e-02
5880 +3.980587784e+00 +3.980587784e+00 -4.581094122e+02 -4.581094122e+02 -2.3404e+00 +1.3905e+00 +2.2140e+00 +7.2766e-01 +1.6519e+00 +2.1757e+00 +2.0913e+00 +2.5983e+00 +2.2241e+00 +5.7935e-02
31511 +1.707132820e+00 +1.707132820e+00 -4.603828672e+02 -4.603828672e+02 -2.3434e+00 +2.2934e+00 +2.2204e+00 +1.4778e+00 +2.2802e+00 +2.1853e+00 +2.5477e+00 +2.6030e+00 +1.8084e+00 +6.7162e-02
31906 +1.416735485e+00 +1.416735485e+00 -4.606732645e+02 -4.606732645e+02 -2.3589e+00 +2.2840e+00 +2.2108e+00 +1.3659e+00 +2.3013e+00 +2.1606e+00 +2.5453e+00 +2.5976e+00 +1.8060e+00 +5.1661e-02
33211 +9.984980279e-01 +9.984980279e-01 -4.610915020e+02 -4.610915020e+02 -2.3392e+00 +2.2991e+00 +2.2140e+00 +1.3894e+00 +2.2994e+00 +2.1764e+00 +2.5465e+00 +2.5987e+00 +1.8029e+00 +5.7892e-02
160135 +6.307956489e-01 +6.307956489e-01 -4.614592044e+02 -4.614592044e+02 -2.3334e+00 +2.3159e+00 +2.2275e+00 +7.3797e-01 +2.3011e+00 +2.1767e+00 +2.5471e+00 +2.6054e+00 +1.7950e+00 +7.1451e-02
160589 +3.390084418e-01 +3.390084418e-01 -4.617509916e+02 -4.617509916e+02 -2.3364e+00 +2.2982e+00 +2.2013e+00 +7.3181e-01 +2.3010e+00 +2.1818e+00 +2.5414e+00 +2.5921e+00 +1.8143e+00 +5.5036e-02
160858 +1.832519162e-01 +1.832519162e-01 -4.619067481e+02 -4.619067481e+02 -2.3523e+00 +2.2991e+00 +2.2252e+00 +7.3266e-01 +2.2984e+00 +2.1692e+00 +2.5470e+00 +2.5947e+00 +1.7984e+00 +5.4629e-02
160972 +1.386435875e-01 +1.386435875e-01 -4.619513564e+02 -4.619513564e+02 -2.3480e+00 +2.3000e+00 +2.2207e+00 +7.2019e-01 +2.3053e+00 +2.1786e+00 +2.5429e+00 +2.5950e+00 +1.8052e+00 +5.4211e-02
161248 +6.549499087e-02 +6.549499087e-02 -4.620245050e+02 -4.620245050e+02 -2.3403e+00 +2.2955e+00 +2.2122e+00 +7.3352e-01 +2.2992e+00 +2.1802e+00 +2.5455e+00 +2.5952e+00 +1.8059e+00 +5.6062e-02
161607 +5.660585524e-02 +5.660585524e-02 -4.620333941e+02 -4.620333941e+02 -2.3345e+00 +2.3012e+00 +2.2134e+00 +7.2782e-01 +2.3007e+00 +2.1793e+00 +2.5518e+00 +2.6012e+00 +1.8054e+00 +5.7726e-02
161882 +3.780924962e-02 +3.780924962e-02 -4.620521908e+02 -4.620521908e+02 -2.3441e+00 +2.3024e+00 +2.2137e+00 +7.2349e-01 +2.2957e+00 +2.1795e+00 +2.5474e+00 +2.5976e+00 +1.8033e+00 +5.7025e-02
161990 +1.404326105e-02 +1.404326105e-02 -4.620759567e+02 -4.620759567e+02 -2.3368e+00 +2.3041e+00 +2.2135e+00 +7.2672e-01 +2.2993e+00 +2.1758e+00 +2.5455e+00 +2.5996e+00 +1.8030e+00 +5.7214e-02
162732 +9.641798991e-03 +9.641798991e-03 -4.620803582e+02 -4.620803582e+02 -2.3425e+00 +2.2986e+00 +2.2139e+00 +7.2625e-01 +2.2983e+00 +2.1760e+00 +2.5473e+00 +2.5973e+00 +1.8021e+00 +5.9059e-02
162793 +4.964713503e-03 +4.964713503e-03 -4.620850353e+02 -4.620850353e+02 -2.3439e+00 +2.2975e+00 +2.2153e+00 +7.2746e-01 +2.2992e+00 +2.1752e+00 +2.5470e+00 +2.5987e+00 +1.8037e+00 +5.7471e-02
163013 +3.514629662e-03 +3.514629662e-03 -4.620864854e+02 -4.620864854e+02 -2.3427e+00 +2.3018e+00 +2.2141e+00 +7.2793e-01 +2.2993e+00 +2.1739e+00 +2.5475e+00 +2.5983e+00 +1.8028e+00 +5.7232e-02
163376 +1.902690866e-03 +1.902690866e-03 -4.620880973e+02 -4.620880973e+02 -2.3404e+00 +2.2998e+00 +2.2136e+00 +7.2912e-01 +2.2999e+00 +2.1750e+00 +2.5481e+00 +2.5987e+00 +1.8029e+00 +5.7692e-02
163668 +1.400816840e-03 +1.400816840e-03 -4.620885992e+02 -4.620885992e+02 -2.3409e+00 +2.3008e+00 +2.2131e+00 +7.2832e-01 +2.2994e+00 +2.1749e+00 +2.5465e+00 +2.5977e+00 +1.8031e+00 +5.7470e-02
164050 +7.986098544e-04 +7.986098544e-04 -4.620892014e+02 -4.620892014e+02 -2.3408e+00 +2.3007e+00 +2.2140e+00 +7.2797e-01 +2.2995e+00 +2.1756e+00 +2.5473e+00 +2.5984e+00 +1.8027e+00 +5.7564e-02
164325 +5.236277799e-04 +5.236277799e-04 -4.620894764e+02 -4.620894764e+02 -2.3408e+00 +2.2997e+00 +2.2135e+00 +7.2808e-01 +2.2993e+00 +2.1750e+00 +2.5470e+00 +2.5979e+00 +1.8034e+00 +5.7643e-02
164453 +2.660140757e-04 +2.660140757e-04 -4.620897340e+02 -4.620897340e+02 -2.3403e+00 +2.3002e+00 +2.2135e+00 +7.2783e-01 +2.2987e+00 +2.1752e+00 +2.5473e+00 +2.5983e+00 +1.8031e+00 +5.7648e-02
164655 +2.233373755e-04 +2.233373755e-04 -4.620897767e+02 -4.620897767e+02 -2.3409e+00 +2.3002e+00 +2.2134e+00 +7.2758e-01 +2.2989e+00 +2.1752e+00 +2.5471e+00 +2.5984e+00 +1.8031e+00 +5.7696e-02
164689 +1.536170168e-04 +1.536170168e-04 -4.620898464e+02 -4.620898464e+02 -2.3408e+00 +2.2999e+00 +2.2142e+00 +7.2794e-01 +2.2991e+00 +2.1751e+00 +2.5474e+00 +2.5984e+00 +1.8032e+00 +5.7590e-02
165038 +8.917555232e-05 +8.917555232e-05 -4.620899108e+02 -4.620899108e+02 -2.3410e+00 +2.3001e+00 +2.2136e+00 +7.2811e-01 +2.2993e+00 +2.1754e+00 +2.5471e+00 +2.5984e+00 +1.8030e+00 +5.7582e-02
165421 +5.911604870e-05 +5.911604870e-05 -4.620899409e+02 -4.620899409e+02 -2.3409e+00 +2.3000e+00 +2.2134e+00 +7.2798e-01 +2.2991e+00 +2.1752e+00 +2.5473e+00 +2.5983e+00 +1.8031e+00 +5.7625e-02
165488 +3.858652070e-05 +3.858652070e-05 -4.620899614e+02 -4.620899614e+02 -2.3409e+00 +2.3001e+00 +2.2138e+00 +7.2782e-01 +2.2993e+00 +2.1752e+00 +2.5472e+00 +2.5985e+00 +1.8032e+00 +5.7634e-02
165991 +1.724339307e-05 +1.724339307e-05 -4.620899828e+02 -4.620899828e+02 -2.3408e+00 +2.3000e+00 +2.2137e+00 +7.2811e-01 +2.2992e+00 +2.1752e+00 +2.5472e+00 +2.5984e+00 +1.8032e+00 +5.7574e-02
166286 +1.252854111e-05 +1.252854111e-05 -4.620899875e+02 -4.620899875e+02 -2.3408e+00 +2.3000e+00 +2.2136e+00 +7.2802e-01 +2.2992e+00 +2.1752e+00 +2.5472e+00 +2.5983e+00 +1.8033e+00 +5.7604e-02
166321 +9.233304070e-06 +9.233304070e-06 -4.620899908e+02 -4.620899908e+02 -2.3408e+00 +2.3000e+00 +2.2136e+00 +7.2812e-01 +2.2992e+00 +2.1752e+00 +2.5472e+00 +2.5984e+00 +1.8032e+00 +5.7623e-02
166705 +4.261143488e-06 +4.261143488e-06 -4.620899957e+02 -4.620899957e+02 -2.3407e+00 +2.2999e+00 +2.2136e+00 +7.2805e-01 +2.2992e+00 +2.1752e+00 +2.5472e+00 +2.5984e+00 +1.8032e+00 +5.7609e-02
166974 +3.610954195e-06 +3.610954195e-06 -4.620899964e+02 -4.620899964e+02 -2.3408e+00 +2.3000e+00 +2.2136e+00 +7.2801e-01 +2.2992e+00 +2.1752e+00 +2.5472e+00 +2.5984e+00 +1.8032e+00 +5.7624e-02
167103 +2.507494003e-06 +2.507494003e-06 -4.620899975e+02 -4.620899975e+02 -2.3409e+00 +2.3000e+00 +2.2136e+00 +7.2802e-01 +2.2992e+00 +2.1752e+00 +2.5472e+00 +2.5984e+00 +1.8032e+00 +5.7623e-02
167215 +1.283633367e-06 +1.283633367e-06 -4.620899987e+02 -4.620899987e+02 -2.3408e+00 +2.3000e+00 +2.2136e+00 +7.2802e-01 +2.2992e+00 +2.1752e+00 +2.5472e+00 +2.5984e+00 +1.8032e+00 +5.7603e-02
167538 +8.906133644e-07 +8.906133644e-07 -4.620899991e+02 -4.620899991e+02 -2.3408e+00 +2.3000e+00 +2.2136e+00 +7.2802e-01 +2.2992e+00 +2.1752e+00 +2.5472e+00 +2.5984e+00 +1.8032e+00 +5.7596e-02
167779 +2.001224289e-07 +2.001224289e-07 -4.620899998e+02 -4.620899998e+02 -2.3408e+00 +2.3000e+00 +2.2136e+00 +7.2800e-01 +2.2992e+00 +2.1752e+00 +2.5472e+00 +2.5984e+00 +1.8032e+00 +5.7599e-02
168717 +1.216654368e-07 +1.216654368e-07 -4.620899999e+02 -4.620899999e+02 -2.3408e+00 +2.3000e+00 +2.2136e+00 +7.2800e-01 +2.2992e+00 +2.1752e+00 +2.5472e+00 +2.5984e+00 +1.8032e+00 +5.7601e-02
168773 +9.319677474e-08 +9.319677474e-08 -4.620899999e+02 -4.620899999e+02 -2.3408e+00 +2.3000e+00 +2.2136e+00 +7.2800e-01 +2.2992e+00 +2.1752e+00 +2.5472e+00 +2.5984e+00 +1.8032e+00 +5.7603e-02
169082 +6.292020771e-08 +6.292020771e-08 -4.620899999e+02 -4.620899999e+02 -2.3408e+00 +2.3000e+00 +2.2136e+00 +7.2800e-01 +2.2992e+00 +2.1752e+00 +2.5472e+00 +2.5984e+00 +1.8032e+00 +5.7597e-02
169298 +3.822867711e-08 +3.822867711e-08 -4.620900000e+02 -4.620900000e+02 -2.3408e+00 +2.3000e+00 +2.2136e+00 +7.2800e-01 +2.2992e+00 +2.1752e+00 +2.5472e+00 +2.5984e+00 +1.8032e+00 +5.7602e-02
169591 +2.066059324e-08 +2.066059324e-08 -4.620900000e+02 -4.620900000e+02 -2.3408e+00 +2.3000e+00 +2.2136e+00 +7.2800e-01 +2.2992e+00 +2.1752e+00 +2.5472e+00 +2.5984e+00 +1.8032e+00 +5.7600e-02
169991 +1.421295792e-08 +1.421295792e-08 -4.620900000e+02 -4.620900000e+02 -2.3408e+00 +2.3000e+00 +2.2136e+00 +7.2800e-01 +2.2992e+00 +2.1752e+00 +2.5472e+00 +2.5984e+00 +1.8032e+00 +5.7600e-02
170233 +6.480490811e-09 +6.480490811e-09 -4.620900000e+02 -4.620900000e+02 -2.3408e+00 +2.3000e+00 +2.2136e+00 +7.2800e-01 +2.2992e+00 +2.1752e+00 +2.5472e+00 +2.5984e+00 +1.8032e+00 +5.7601e-02
170456 +6.962750376e-10 +6.962750376e-10 -4.620900000e+02 -4.620900000e+02 -2.3408e+00 +2.3000e+00 +2.2136e+00 +7.2800e-01 +2.2992e+00 +2.1752e+00 +2.5472e+00 +2.5984e+00 +1.8032e+00 +5.7600e-02
% function evaluation | noise-free fitness - Fopt (-4.620900000000e+02) | best noise-free fitness - Fopt | measured fitness | best measured fitness | x1 | x2...
1 +6.722108482e+02 +6.722108482e+02 +2.101208482e+02 +2.101208482e+02 -2.9627e+00 -5.1061e-01 -2.3907e+00 -8.1589e-01 -3.4929e+00 -9.0555e-02 -2.3234e+00 -3.9207e+00 +2.5923e+00 -3.0050e+00
2 +4.146191144e+02 +4.146191144e+02 -4.747088557e+01 -4.747088557e+01 -1.8286e+00 -1.1339e+00 -1.6599e+00 -2.0515e+00 -2.5034e+00 +1.9819e+00 +3.9867e+00 -1.4945e+00 +2.2103e+00 -3.4915e+00
25 +3.317470962e+02 +3.317470962e+02 -1.303429038e+02 -1.303429038e+02 -1.8589e+00 +3.0025e+00 -4.5428e+00 -5.7911e+00 +1.9044e+00 +2.3500e+00 +9.6551e-01 +2.1962e-01 -2.9086e-01 -6.1281e-01
43 +2.400932393e+02 +2.400932393e+02 -2.219967607e+02 -2.219967607e+02 +2.3957e+00 +4.8859e+00 -3.3027e+00 -2.8408e+00 +2.1041e+00 -1.3755e-01 +2.8995e+00 +9.7583e-01 +2.4432e+00 +1.0699e-01
243 +1.561499622e+02 +1.561499622e+02 -3.059400378e+02 -3.059400378e+02 +9.1760e-01 +2.2232e+00 +1.0251e+00 +1.4709e+00 -6.9961e-01 +4.5860e-01 +5.9930e-01 +1.8624e+00 +1.5435e+00 -2.4638e-01
308 +9.315454660e+01 +9.315454660e+01 -3.689354534e+02 -3.689354534e+02 +5.6101e-01 +4.3428e+00 +5.5439e-01 +3.1939e+00 +1.6354e+00 +1.7272e+00 +2.5744e+00 +3.4854e+00 +2.1892e+00 +4.3834e-01
765 +5.835864294e+01 +5.835864294e+01 -4.037313571e+02 -4.037313571e+02 +6.4047e-01 +2.2161e+00 -4.1161e-01 +1.9239e+00 +6.1917e-01 +2.1869e+00 +2.6006e+00 +2.5960e+00 +1.8279e+00 +6.3343e-01
902 +3.921806562e+01 +3.921806562e+01 -4.228719344e+02 -4.228719344e+02 +6.1348e-01 +2.2642e+00 -1.2241e-01 +1.9387e+00 +6.2723e-01 +2.1801e+00 +2.5815e+00 +2.6293e+00 +1.8324e+00 +6.6957e-01
4804 +2.327019884e+01 +2.327019884e+01 -4.388198012e+02 -4.388198012e+02 -2.4365e+00 +2.2455e+00 +1.3595e+00 +1.3930e+00 +1.1929e+00 +1.5896e+00 +2.5573e+00 +2.1340e+00 +2.5726e+00 +3.9319e-01
5008 +1.544759840e+01 +1.544759840e+01 -4.466424016e+02 -4.466424016e+02 -2.3603e+00 +2.3391e+00 +1.3973e+00 +1.4117e+00 +1.1937e+00 +1.6263e+00 +2.5450e+00 +2.2063e+00 +2.5819e+00 +4.1232e-01
11397 +9.904790121e+00 +9.904790121e+00 -4.521852099e+02 -4.521852099e+02 -3.3178e+00 +6.9244e-01 +2.2376e+00 -3.1470e-02 +2.2790e+00 +1.6350e+00 +2.5308e+00 +2.1884e+00 +1.7856e+00 +6.2924e-02
30930 +6.305496040e+00 +6.305496040e+00 -4.557845040e+02 -4.557845040e+02 -2.3641e+00 +2.2962e+00 +2.1783e+00 +7.1981e-01 +2.3132e+00 +2.1363e+00 +2.0897e+00 +2.5847e+00 +2.1667e+00 +4.9064e-02
31383 +3.694232107e+00 +3.694232107e+00 -4.583957679e+02 -4.583957679e+02 -2.3208e+00 +2.3330e+00 +2.2194e+00 +7.2507e-01 +2.3057e+00 +2.1927e+00 +2.0958e+00 +2.5897e+00 +2.1925e+00 +7.0841e-02
31923 +2.489588662e+00 +2.489588662e+00 -4.596004113e+02 -4.596004113e+02 -2.3622e+00 +2.3145e+00 +2.2102e+00 +7.3967e-01 +2.2792e+00 +2.1737e+00 +2.0936e+00 +2.6046e+00 +2.2278e+00 +5.4283e-02
508459 +1.481182851e+00 +1.481182851e+00 -4.606088171e+02 -4.606088171e+02 -2.3502e+00 +2.2990e+00 +2.2087e+00 +1.4136e+00 +2.3182e+00 +2.1742e+00 +2.5483e+00 +2.6024e+00 +1.7907e+00 +5.9334e-02
511939 +9.995284767e-01 +9.995284767e-01 -4.610904715e+02 -4.610904715e+02 -2.3390e+00 +2.2992e+00 +2.2146e+00 +1.3856e+00 +2.3001e+00 +2.1743e+00 +2.5475e+00 +2.5982e+00 +1.8027e+00 +5.6613e-02
% function evaluation | noise-free fitness - Fopt (7.766000000000e+01) | best noise-free fitness - Fopt | measured fitness | best measured fitness | x1 | x2...
1 +6.162550574e+02 +6.162550574e+02 +6.939150574e+02 +6.939150574e+02 +1.5019e-01 -1.7435e+00 -3.3520e+00 -2.9929e+00 +2.0204e+00 +2.5650e+00 +3.8085e+00 -1.9414e+00 +1.5217e+00 -7.4224e-01
16 +3.626753219e+02 +3.626753219e+02 +4.403353219e+02 +4.403353219e+02 +6.1048e-02 +8.2490e-01 -3.9573e+00 +6.9630e-01 +8.7406e-01 -8.5866e-01 +1.2147e+00 -3.8801e+00 +1.6322e+00 -5.5312e+00
26 +2.306922783e+02 +2.306922783e+02 +3.083522783e+02 +3.083522783e+02 -1.6877e+00 +9.0290e-01 -3.1801e+00 -1.8699e+00 -2.4494e+00 -2.5906e+00 +1.1956e-01 -2.5906e+00 +1.3584e+00 -4.8219e+00
131 +1.528263672e+02 +1.528263672e+02 +2.304863672e+02 +2.304863672e+02 -4.4198e-01 -1.0282e+00 -6.8131e+00 +1.7243e+00 -2.2846e+00 -1.7631e-02 +3.6085e-02 +1.7384e+00 +6.1123e-01 -2.7434e+00
330 +9.872404971e+01 +9.872404971e+01 +1.763840497e+02 +1.763840497e+02 +2.4936e+00 -5.6440e-01 -9.6700e-01 +2.9901e+00 -1.6317e+00 -5.4997e-01 +6.0894e-01 -7.3988e-01 -8.0180e-01 -3.5721e+00
551 +4.992872200e+01 +4.992872200e+01 +1.275887220e+02 +1.275887220e+02 +2.2793e+00 -2.4026e+00 -1.1343e+00 +3.9892e+00 -3.0957e+00 -7.2720e-02 -6.8310e-01 -3.1878e-01 -8.9746e-01 -3.4251e+00
844 +3.760189547e+01 +3.760189547e+01 +1.152618955e+02 +1.152618955e+02 +2.4431e+00 -2.4922e+00 -1.3047e+00 +4.4287e+00 -3.1138e+00 +1.3059e-02 +5.7670e-01 -7.1293e-01 -8.5137e-01 -3.8401e+00
964 +2.436203710e+01 +2.436203710e+01 +1.020220371e+02 +1.020220371e+02 +2.3115e+00 -2.5765e+00 -1.2411e+00 +4.5266e+00 -3.1156e+00 +1.5090e-02 +5.5126e-01 -7.4566e-01 -6.2958e-01 -3.8561e+00
5193 +1.526510704e+01 +1.526510704e+01 +9.292510704e+01 +9.292510704e+01 +3.3899e+00 -1.7859e+00 -1.3207e+00 +4.5688e+00 -2.5545e+00 -5.1627e-01 +1.4324e-01 +1.4314e-01 +1.9280e-01 -3.8842e+00
5394 +9.242153652e+00 +9.242153652e+00 +8.690215365e+01 +8.690215365e+01 +3.4203e+00 -1.7718e+00 -1.2989e+00 +4.5936e+00 -2.4658e+00 -5.4756e-01 +1.1348e-01 +1.1447e-01 +1.7464e-01 -3.8591e+00
11112 +5.698778499e+00 +5.698778499e+00 +8.335877850e+01 +8.335877850e+01 +2.3919e+00 -8.5568e-01 -4.0661e-01 +3.3135e+00 -2.4742e+00 +6.0874e-05 +1.0409e-01 -2.9721e-01 +1.6828e-01 -3.8757e+00
12328 +3.980727310e+00 +3.980727310e+00 +8.164072731e+01 +8.164072731e+01 +2.3986e+00 -8.5572e-01 -4.1699e-01 +3.3226e+00 -2.4631e+00 -1.0461e-02 +1.3388e-01 -2.7723e-01 +1.6963e-01 -3.8608e+00
286974 +2.302849915e+00 +2.302849915e+00 +7.996284991e+01 +7.996284991e+01 +2.4154e+00 -8.5363e-01 -1.2818e+00 +3.9991e+00 -2.4536e+00 -5.3286e-01 +5.9131e-01 +1.1840e-01 -1.8431e-01 -3.8555e+00
596171 +1.538522984e+00 +1.538522984e+00 +7.919852298e+01 +7.919852298e+01 +2.4059e+00 -8.5436e-01 -1.2649e+00 +3.3280e+00 -2.4746e+00 -5.3249e-01 +1.2943e-01 +1.1126e-01 +1.5757e-01 -3.8704e+00
597147 +9.993700658e-01 +9.993700658e-01 +7.865937007e+01 +7.865937007e+01 +2.3960e+00 -8.5495e-01 -1.2706e+00 +3.3225e+00 -2.4645e+00 -5.3837e-01 +1.3297e-01 +1.1596e-01 +1.7044e-01 -3.8609e+00
% function evaluation | noise-free fitness - Fopt (7.766000000000e+01) | best noise-free fitness - Fopt | measured fitness | best measured fitness | x1 | x2...
1 +3.257864069e+03 +3.257864069e+03 +3.335524069e+03 +3.335524069e+03 -1.3508e+00 +3.4175e+00 +2.4083e+00 +3.7761e+00 -6.9792e-01 -1.6740e+00 -1.2034e+00 +3.9105e+00 -6.3600e-01 +2.4900e+00
2 +1.616125438e+03 +1.616125438e+03 +1.693785438e+03 +1.693785438e+03 +6.3357e-01 +3.0101e+00 +2.4119e+00 +2.5865e+00 -3.3603e+00 -2.8105e+00 +1.3293e+00 +3.1705e+00 -4.4990e+00 +1.3612e+00
8 +1.452795263e+03 +1.452795263e+03 +1.530455263e+03 +1.530455263e+03 +1.2012e+00 +3.9581e+00 -4.8810e-01 +4.5511e+00 -3.4357e+00 -9.6982e-01 -4.8168e-01 +3.2958e+00 -2.1701e+00 +1.3449e+00
12 +5.340518710e+02 +5.340518710e+02 +6.117118710e+02 +6.117118710e+02 -6.1921e-01 +3.3997e+00 +4.5178e+00 +2.9606e+00 -4.3316e-01 -1.5491e+00 +1.6982e+00 +3.4451e+00 +3.2966e-01 -7.6136e-01
19 +3.425974758e+02 +3.425974758e+02 +4.202574758e+02 +4.202574758e+02 +4.0115e-01 +4.1106e+00 +5.8775e-01 +1.3321e+00 -2.8141e+00 -7.6534e-01 -4.3414e+00 +2.1760e+00 -2.2688e+00 -3.2752e+00
20 +2.504208114e+02 +2.504208114e+02 +3.280808114e+02 +3.280808114e+02 +9.5287e-01 +4.1608e+00 +5.2766e-01 +1.6678e+00 -2.9871e+00 -3.1622e+00 -1.2717e+00 +2.8264e+00 +1.0392e+00 -3.1775e+00
91 +1.315365970e+02 +1.315365970e+02 +2.091965970e+02 +2.091965970e+02 -1.5262e+00 +4.0162e+00 +4.2401e-03 +3.8803e+00 -5.3694e+00 -5.1811e-01 -7.5967e-01 +6.0920e-01 +2.3297e-01 -3.1391e+00
186 +7.870884613e+01 +7.870884613e+01 +1.563688461e+02 +1.563688461e+02 +2.3619e+00 +1.7195e+00 -1.5203e+00 +3.3094e+00 -3.0651e+00 -8.8992e-01 +2.7829e-01 +4.8229e-01 +5.8558e-01 -4.8315e+00
200 +5.088195256e+01 +5.088195256e+01 +1.285419526e+02 +1.285419526e+02 +2.5780e+00 +9.0453e-02 +3.3973e-01 +2.0271e+00 -2.5448e+00 -4.7045e-02 -4.3556e-01 +7.0216e-02 +4.7794e-01 -3.9008e+00
545 +2.412227429e+01 +2.412227429e+01 +1.017822743e+02 +1.017822743e+02 +3.4462e+00 +1.1979e-01 -2.1397e+00 +4.4743e+00 -1.7861e+00 -1.0679e+00 +5.9319e-01 +1.3004e-01 +6.0862e-01 -3.4419e+00
5104 +1.462828231e+01 +1.462828231e+01 +9.228828231e+01 +9.228828231e+01 +2.7428e-01 -8.1252e-01 -4.0885e-01 +3.9175e+00 -3.0851e+00 -5.2903e-01 +5.9395e-01 +1.3411e-01 +5.6422e-01 -3.4795e+00
5468 +9.985867123e+00 +9.985867123e+00 +8.764586712e+01 +8.764586712e+01 +3.9861e-01 -8.3982e-01 -4.1426e-01 +4.0257e+00 -3.1316e+00 -5.1461e-01 +5.9019e-01 +1.1518e-01 +5.8268e-01 -3.4893e+00
12386 +6.301081479e+00 +6.301081479e+00 +8.396108148e+01 +8.396108148e+01 +2.3964e+00 +6.7676e-02 -1.2682e+00 +4.0288e+00 -2.4661e+00 -1.0757e+00 +5.9755e-01 -2.8047e-01 +5.9935e-01 -3.5076e+00
31497 +3.596416991e+00 +3.596416991e+00 +8.125641699e+01 +8.125641699e+01 +2.4147e+00 -8.4026e-01 -1.3174e+00 +4.0392e+00 -2.4743e+00 -5.2707e-01 +6.1125e-01 +1.3636e-01 +1.6793e-01 -3.8395e+00
31741 +2.498211010e+00 +2.498211010e+00 +8.015821101e+01 +8.015821101e+01 +2.4059e+00 -8.3412e-01 -1.2668e+00 +4.0518e+00 -2.4788e+00 -5.6087e-01 +5.7865e-01 +1.0417e-01 +1.9001e-01 -3.8583e+00
32251 +1.331989393e+00 +1.331989393e+00 +7.899198939e+01 +7.899198939e+01 +2.3937e+00 -8.5778e-01 -1.2652e+00 +3.9851e+00 -2.4743e+00 -5.4146e-01 +5.9258e-01 +1.2744e-01 +1.6037e-01 -3.8628e+00
33740 +9.997318548e-01 +9.997318548e-01 +7.865973185e+01 +7.865973185e+01 +2.4006e+00 -8.5500e-01 -1.2723e+00 +3.9805e+00 -2.4645e+00 -5.3859e-01 +5.9052e-01 +1.1551e-01 +1.6885e-01 -3.8615e+00
2114467 +5.504102806e-01 +5.504102806e-01 +7.821041028e+01 +7.821041028e+01 +2.3958e+00 -8.7442e-01 -1.2621e+00 +3.3369e+00 -2.4730e+00 -5.3519e-01 +5.9898e-01 +1.2566e-01 +1.5978e-01 -3.8611e+00
2114548 +3.838073594e-01 +3.838073594e-01 +7.804380736e+01 +7.804380736e+01 +2.3895e+00 -8.6553e-01 -1.2573e+00 +3.3079e+00 -2.4663e+00 -5.3448e-01 +5.8577e-01 +1.2277e-01 +1.6663e-01 -3.8676e+00
2114590 +1.750417689e-01 +1.750417689e-01 +7.783504177e+01 +7.783504177e+01 +2.4083e+00 -8.5678e-01 -1.2686e+00 +3.3120e+00 -2.4718e+00 -5.3887e-01 +5.8925e-01 +1.1771e-01 +1.7114e-01 -3.8542e+00
2114658 +1.341635402e-01 +1.341635402e-01 +7.779416354e+01 +7.779416354e+01 +2.4056e+00 -8.6592e-01 -1.2671e+00 +3.3255e+00 -2.4675e+00 -5.3533e-01 +5.8773e-01 +1.1282e-01 +1.7158e-01 -3.8551e+00
2114754 +4.069760291e-02 +4.069760291e-02 +7.770069760e+01 +7.770069760e+01 +2.3961e+00 -8.5539e-01 -1.2698e+00 +3.3150e+00 -2.4652e+00 -5.3683e-01 +5.8886e-01 +1.1391e-01 +1.7096e-01 -3.8603e+00
2114828 +3.891784346e-02 +3.891784346e-02 +7.769891784e+01 +7.769891784e+01 +2.3944e+00 -8.5658e-01 -1.2712e+00 +3.3230e+00 -2.4644e+00 -5.4507e-01 +5.8831e-01 +1.1357e-01 +1.7062e-01 -3.8609e+00
2114855 +8.957774557e-03 +8.957774557e-03 +7.766895777e+01 +7.766895777e+01 +2.3966e+00 -8.5709e-01 -1.2757e+00 +3.3236e+00 -2.4642e+00 -5.3763e-01 +5.9045e-01 +1.1651e-01 +1.6940e-01 -3.8603e+00
2115029 +4.517457506e-03 +4.517457506e-03 +7.766451746e+01 +7.766451746e+01 +2.3982e+00 -8.5923e-01 -1.2715e+00 +3.3237e+00 -2.4647e+00 -5.3886e-01 +5.9056e-01 +1.1634e-01 +1.6932e-01 -3.8607e+00
2115079 +3.774313621e-03 +3.774313621e-03 +7.766377431e+01 +7.766377431e+01 +2.3982e+00 -8.5781e-01 -1.2733e+00 +3.3225e+00 -2.4658e+00 -5.3936e-01 +5.8946e-01 +1.1623e-01 +1.6914e-01 -3.8607e+00
2115091 +2.121596158e-03 +2.121596158e-03 +7.766212160e+01 +7.766212160e+01 +2.3982e+00 -8.5585e-01 -1.2709e+00 +3.3224e+00 -2.4639e+00 -5.3992e-01 +5.8936e-01 +1.1653e-01 +1.7028e-01 -3.8610e+00
2115232 +1.402605303e-03 +1.402605303e-03 +7.766140261e+01 +7.766140261e+01 +2.3981e+00 -8.5569e-01 -1.2709e+00 +3.3239e+00 -2.4645e+00 -5.3890e-01 +5.8947e-01 +1.1621e-01 +1.6911e-01 -3.8608e+00
2115346 +4.589378837e-04 +4.589378837e-04 +7.766045894e+01 +7.766045894e+01 +2.3988e+00 -8.5544e-01 -1.2724e+00 +3.3232e+00 -2.4639e+00 -5.3904e-01 +5.8991e-01 +1.1614e-01 +1.6934e-01 -3.8610e+00
2115491 +3.562959072e-04 +3.562959072e-04 +7.766035630e+01 +7.766035630e+01 +2.3985e+00 -8.5654e-01 -1.2721e+00 +3.3230e+00 -2.4639e+00 -5.3938e-01 +5.8999e-01 +1.1625e-01 +1.6965e-01 -3.8608e+00
2115507 +2.199158853e-04 +2.199158853e-04 +7.766021992e+01 +7.766021992e+01 +2.3987e+00 -8.5588e-01 -1.2716e+00 +3.3231e+00 -2.4639e+00 -5.3927e-01 +5.8979e-01 +1.1625e-01 +1.6961e-01 -3.8606e+00
2115596 +1.319099851e-04 +1.319099851e-04 +7.766013191e+01 +7.766013191e+01 +2.3987e+00 -8.5621e-01 -1.2721e+00 +3.3233e+00 -2.4639e+00 -5.3934e-01 +5.8939e-01 +1.1599e-01 +1.6969e-01 -3.8609e+00
2115624 +9.161952433e-05 +9.161952433e-05 +7.766009162e+01 +7.766009162e+01 +2.3984e+00 -8.5620e-01 -1.2720e+00 +3.3235e+00 -2.4640e+00 -5.3912e-01 +5.8948e-01 +1.1591e-01 +1.6949e-01 -3.8609e+00
2115720 +4.019490666e-05 +4.019490666e-05 +7.766004019e+01 +7.766004019e+01 +2.3986e+00 -8.5603e-01 -1.2721e+00 +3.3232e+00 -2.4640e+00 -5.3921e-01 +5.8958e-01 +1.1607e-01 +1.6954e-01 -3.8607e+00
2115785 +3.007306692e-05 +3.007306692e-05 +7.766003007e+01 +7.766003007e+01 +2.3983e+00 -8.5590e-01 -1.2720e+00 +3.3232e+00 -2.4639e+00 -5.3920e-01 +5.8959e-01 +1.1608e-01 +1.6954e-01 -3.8608e+00
2115841 +2.458107012e-05 +2.458107012e-05 +7.766002458e+01 +7.766002458e+01 +2.3986e+00 -8.5604e-01 -1.2721e+00 +3.3231e+00 -2.4639e+00 -5.3918e-01 +5.8959e-01 +1.1599e-01 +1.6962e-01 -3.8608e+00
2115856 +9.525480849e-06 +9.525480849e-06 +7.766000953e+01 +7.766000953e+01 +2.3985e+00 -8.5610e-01 -1.2720e+00 +3.3232e+00 -2.4640e+00 -5.3921e-01 +5.8958e-01 +1.1601e-01 +1.6955e-01 -3.8608e+00
2116014 +5.739758933e-06 +5.739758933e-06 +7.766000574e+01 +7.766000574e+01 +2.3984e+00 -8.5606e-01 -1.2720e+00 +3.3232e+00 -2.4640e+00 -5.3924e-01 +5.8965e-01 +1.1600e-01 +1.6960e-01 -3.8608e+00
2116102 +2.947063749e-06 +2.947063749e-06 +7.766000295e+01 +7.766000295e+01 +2.3984e+00 -8.5594e-01 -1.2720e+00 +3.3232e+00 -2.4640e+00 -5.3922e-01 +5.8960e-01 +1.1603e-01 +1.6961e-01 -3.8608e+00
2116141 +2.061023935e-06 +2.061023935e-06 +7.766000206e+01 +7.766000206e+01 +2.3984e+00 -8.5603e-01 -1.2720e+00 +3.3232e+00 -2.4640e+00 -5.3922e-01 +5.8961e-01 +1.1599e-01 +1.6959e-01 -3.8608e+00
2116162 +1.463000018e-06 +1.463000018e-06 +7.766000146e+01 +7.766000146e+01 +2.3984e+00 -8.5603e-01 -1.2720e+00 +3.3232e+00 -2.4640e+00 -5.3920e-01 +5.8960e-01 +1.1601e-01 +1.6958e-01 -3.8608e+00
2116199 +8.728984398e-07 +8.728984398e-07 +7.766000087e+01 +7.766000087e+01 +2.3984e+00 -8.5601e-01 -1.2720e+00 +3.3232e+00 -2.4640e+00 -5.3920e-01 +5.8959e-01 +1.1600e-01 +1.6960e-01 -3.8608e+00
2116283 +4.355155028e-07 +4.355155028e-07 +7.766000044e+01 +7.766000044e+01 +2.3984e+00 -8.5600e-01 -1.2720e+00 +3.3232e+00 -2.4640e+00 -5.3920e-01 +5.8961e-01 +1.1601e-01 +1.6960e-01 -3.8608e+00
2116365 +3.327442357e-07 +3.327442357e-07 +7.766000033e+01 +7.766000033e+01 +2.3984e+00 -8.5599e-01 -1.2720e+00 +3.3232e+00 -2.4640e+00 -5.3920e-01 +5.8960e-01 +1.1600e-01 +1.6960e-01 -3.8608e+00
2116432 +1.442546136e-07 +1.442546136e-07 +7.766000014e+01 +7.766000014e+01 +2.3984e+00 -8.5601e-01 -1.2720e+00 +3.3232e+00 -2.4640e+00 -5.3920e-01 +5.8959e-01 +1.1600e-01 +1.6960e-01 -3.8608e+00
2116596 +9.624571362e-08 +9.624571362e-08 +7.766000010e+01 +7.766000010e+01 +2.3984e+00 -8.5600e-01 -1.2720e+00 +3.3232e+00 -2.4640e+00 -5.3920e-01 +5.8961e-01 +1.1600e-01 +1.6960e-01 -3.8608e+00
2116607 +5.135137826e-08 +5.135137826e-08 +7.766000005e+01 +7.766000005e+01 +2.3984e+00 -8.5601e-01 -1.2720e+00 +3.3232e+00 -2.4640e+00 -5.3920e-01 +5.8960e-01 +1.1600e-01 +1.6960e-01 -3.8608e+00
2116753 +1.840184893e-08 +1.840184893e-08 +7.766000002e+01 +7.766000002e+01 +2.3984e+00 -8.5600e-01 -1.2720e+00 +3.3232e+00 -2.4640e+00 -5.3920e-01 +5.8960e-01 +1.1600e-01 +1.6960e-01 -3.8608e+00
2116846 +1.311397568e-08 +1.311397568e-08 +7.766000001e+01 +7.766000001e+01 +2.3984e+00 -8.5600e-01 -1.2720e+00 +3.3232e+00 -2.4640e+00 -5.3920e-01 +5.8960e-01 +1.1600e-01 +1.6960e-01 -3.8608e+00
2116851 +5.420560001e-09 +5.420560001e-09 +7.766000001e+01 +7.766000001e+01 +2.3984e+00 -8.5600e-01 -1.2720e+00 +3.3232e+00 -2.4640e+00 -5.3920e-01 +5.8960e-01 +1.1600e-01 +1.6960e-01 -3.8608e+00
2116879 +2.248981446e-09 +2.248981446e-09 +7.766000000e+01 +7.766000000e+01 +2.3984e+00 -8.5600e-01 -1.2720e+00 +3.3232e+00 -2.4640e+00 -5.3920e-01 +5.8960e-01 +1.1600e-01 +1.6960e-01 -3.8608e+00
% function evaluation | noise-free fitness - Fopt (7.766000000000e+01) | best noise-free fitness - Fopt | measured fitness | best measured fitness | x1 | x2...
1 +4.787670382e+02 +4.787670382e+02 +5.564270382e+02 +5.564270382e+02 -2.3824e+00 +2.1671e+00 +2.7736e+00 -4.1292e-01 -1.3802e+00 -4.3732e-02 -8.8609e-01 +1.9800e+00 -3.0056e+00 -1.0311e+00
6 +3.724797469e+02 +3.724797469e+02 +4.501397469e+02 +4.501397469e+02 -4.2039e+00 +2.2497e-01 -1.0469e+00 -8.2420e-01 -1.4559e-01 -4.1951e-01 +2.6549e+00 +2.9363e+00 -1.6933e+00 -5.5364e+00
15 +2.431565148e+02 +2.431565148e+02 +3.208165148e+02 +3.208165148e+02 -5.8535e-01 -1.0819e+00 +2.2847e+00 +3.1283e-01 -1.8657e+00 -1.0163e+00 -1.6103e+00 +1.7401e+00 -2.6141e+00 -4.9385e+00
25 +1.374924723e+02 +1.374924723e+02 +2.151524723e+02 +2.151524723e+02 -2.6152e+00 +8.9663e-01 +2.1954e+00 +2.1989e+00 -3.7653e+00 -5.6743e-01 -5.3907e-01 -2.7016e-01 -8.5312e-01 -3.4942e+00
102 +9.438446273e+01 +9.438446273e+01 +1.720444627e+02 +1.720444627e+02 +2.0902e+00 -1.1500e+00 +8.1438e-02 +2.7163e+00 -4.2146e+00 -4.7597e-01 +1.3063e+00 +6.1419e-01 -8.7211e-01 -3.4425e+00
338 +6.249714919e+01 +6.249714919e+01 +1.401571492e+02 +1.401571492e+02 +8.4149e-01 -8.6752e-01 -1.2899e+00 +3.5497e+00 -3.5662e+00 -1.9635e+00 +1.5990e-01 +5.7887e-01 -1.8018e-01 -4.0801e+00
810 +3.742120484e+01 +3.742120484e+01 +1.150812048e+02 +1.150812048e+02 +5.3219e-01 -9.7269e-01 +6.2269e-02 +3.4350e+00 -2.3893e+00 -1.5903e+00 +7.0344e-02 -2.5533e-01 +1.1831e-01 -3.8890e+00
920 +2.011504115e+01 +2.011504115e+01 +9.777504115e+01 +9.777504115e+01 +4.6014e-01 -9.5938e-01 +2.5826e-01 +3.3133e+00 -2.4269e+00 -1.5873e+00 +9.2497e-02 -2.9020e-01 +1.7344e-01 -3.8760e+00
1061 +1.581707923e+01 +1.581707923e+01 +9.347707923e+01 +9.347707923e+01 +4.0254e-01 -8.7296e-01 +2.8906e-01 +3.3467e+00 -2.4756e+00 -1.5762e+00 +1.3493e-01 -2.9849e-01 +1.7197e-01 -3.8671e+00
5631 +9.472731653e+00 +9.472731653e+00 +8.713273165e+01 +8.713273165e+01 +2.4383e+00 -8.5143e-01 +3.9187e-01 +4.0177e+00 -2.4417e+00 -5.5017e-01 +5.6532e-01 -2.7045e-01 +5.9007e-01 -4.1687e+00
12810 +6.224153074e+00 +6.224153074e+00 +8.388415307e+01 +8.388415307e+01 +2.4127e+00 +8.5360e-02 -1.2783e+00 +3.3483e+00 -1.8764e+00 -1.0827e+00 +1.1168e-01 +1.0433e-01 +5.9509e-01 -3.8691e+00
34352 +3.957928573e+00 +3.957928573e+00 +8.161792857e+01 +8.161792857e+01 +2.4082e+00 -8.6492e-01 -4.1641e-01 +4.0132e+00 -2.4842e+00 -1.1071e+00 +5.7531e-01 +1.2327e-01 +1.5914e-01 -3.8684e+00
623624 +2.445988411e+00 +2.445988411e+00 +8.010598841e+01 +8.010598841e+01 +2.4007e+00 -8.8228e-01 -1.2621e+00 +4.0241e+00 -2.4298e+00 -5.3422e-01 +5.7793e-01 +1.0530e-01 +1.8415e-01 -3.8510e+00
624244 +1.561375851e+00 +1.561375851e+00 +7.922137585e+01 +7.922137585e+01 +2.3763e+00 -8.5151e-01 -1.2732e+00 +4.0028e+00 -2.4684e+00 -5.2169e-01 +5.9063e-01 +1.2579e-01 +1.6565e-01 -3.8524e+00
629489 +9.998636452e-01 +9.998636452e-01 +7.865986365e+01 +7.865986365e+01 +2.4002e+00 -8.5522e-01 -1.2727e+00 +3.9797e+00 -2.4642e+00 -5.3784e-01 +5.8894e-01 +1.1655e-01 +1.6945e-01 -3.8598e+00
% function evaluation | noise-free fitness - Fopt (1.156800000000e+02) | best noise-free fitness - Fopt | measured fitness | best measured fitness | x1 | x2...
1 +4.214176145e+03 +4.214176145e+03 +4.329856145e+03 +4.329856145e+03 -5.2092e-01 +6.8684e-01 +3.8507e+00 -2.6405e+00 +1.9229e+00 +3.1062e+00 +3.5346e+00 +2.9196e+00 +1.9657e+00 +3.1156e+00
4 +2.819984790e+03 +2.819984790e+03 +2.935664790e+03 +2.935664790e+03 -1.5334e+00 -3.2212e+00 +6.2505e-01 -4.3200e+00 -9.5977e-01 -5.6145e-01 +2.0434e+00 +5.2268e-01 -1.2432e+00 +3.9185e+00
6 +2.334069340e+03 +2.334069340e+03 +2.449749340e+03 +2.449749340e+03 +4.2064e-01 +1.7060e+00 +3.6194e+00 -3.8955e+00 -7.0612e-01 +2.5747e+00 +4.0869e+00 +4.1247e+00 +1.3085e-01 -1.1879e+00
13 +1.379880355e+03 +1.379880355e+03 +1.495560355e+03 +1.495560355e+03 +3.1775e+00 -5.8370e-01 +3.6034e+00 -5.8690e+00 -9.3597e-01 +1.3139e+00 +1.2908e+00 +1.7520e+00 +8.2489e-01 -2.1714e+00
23 +9.833257870e+02 +9.833257870e+02 +1.099005787e+03 +1.099005787e+03 -1.3296e+00 +2.7238e+00 +5.0011e+00 -6.3636e+00 -1.6185e+00 +2.8479e+00 +6.3453e-01 +1.8490e+00 -2.1549e+00 -1.7773e+00
48 +5.611137578e+02 +5.611137578e+02 +6.767937578e+02 +6.767937578e+02 -1.5832e+00 -1.9886e+00 +3.9649e+00 -3.5807e+00 -2.2924e-01 -1.3101e+00 -1.9219e+00 -2.8923e+00 -1.2583e+00 -2.2460e+00
92 +3.535601722e+02 +3.535601722e+02 +4.692401722e+02 +4.692401722e+02 +1.3422e+00 -4.3610e-01 +5.8898e+00 -3.5296e+00 -4.1102e+00 -2.4722e+00 -6.0528e+00 -1.5924e-01 -4.5760e+00 -1.4219e+00
123 +2.132873075e+02 +2.132873075e+02 +3.289673075e+02 +3.289673075e+02 -5.3681e+00 -1.0825e+00 +2.3737e+00 -3.9208e+00 -3.4098e+00 -3.1659e+00 -3.9166e+00 +1.6609e+00 -5.1062e+00 -2.2871e+00
160 +1.505576807e+02 +1.505576807e+02 +2.662376807e+02 +2.662376807e+02 -7.1890e+00 -1.9993e+00 +3.6161e-01 -1.6561e-01 -2.9949e+00 -1.8204e+00 -2.8926e+00 +4.0905e+00 -3.8312e+00 -1.9801e+00
406 +7.455543366e+01 +7.455543366e+01 +1.902354337e+02 +1.902354337e+02 -5.0668e+00 -1.8740e+00 +3.4641e-01 +4.4229e-01 -3.7008e+00 -3.6400e+00 -3.0529e+00 +2.3737e+00 -3.0331e+00 -1.3480e+00
598 +5.986602994e+01 +5.986602994e+01 +1.755460299e+02 +1.755460299e+02 -2.4051e+00 -2.2113e-01 +1.1186e+00 +2.3375e+00 -3.8068e+00 -3.6572e+00 -4.5909e+00 +2.3785e+00 -4.3126e+00 -1.9608e+00
1224 +3.918037530e+01 +3.918037530e+01 +1.548603753e+02 +1.548603753e+02 -2.1630e+00 -9.3039e-01 +1.7566e+00 +1.1757e+00 -3.7592e+00 -3.8197e+00 -3.0474e+00 +3.2679e+00 -3.4736e+00 -1.9466e+00
1384 +2.506134645e+01 +2.506134645e+01 +1.407413464e+02 +1.407413464e+02 -2.1462e+00 -1.0175e+00 +1.8896e+00 +1.0149e+00 -3.6500e+00 -3.8633e+00 -3.0611e+00 +3.2600e+00 -3.4829e+00 -1.9454e+00
6175 +1.396363768e+01 +1.396363768e+01 +1.296436377e+02 +1.296436377e+02 -3.2109e+00 -9.9007e-01 +1.0701e+00 +3.1148e+00 -3.5828e+00 -3.8236e+00 -4.0524e+00 +3.2266e+00 -3.9073e+00 -1.6038e+00
6359 +9.434599383e+00 +9.434599383e+00 +1.251145994e+02 +1.251145994e+02 -3.1852e+00 -9.6162e-01 +1.1123e+00 +3.0935e+00 -3.5958e+00 -3.8068e+00 -4.0187e+00 +3.2603e+00 -3.9204e+00 -1.5819e+00
13638 +6.293157298e+00 +6.293157298e+00 +1.219731573e+02 +1.219731573e+02 -2.1768e+00 -9.6748e-01 +1.0885e+00 +3.8116e+00 -3.0314e+00 -3.8008e+00 -4.0136e+00 +2.3536e+00 -3.5040e+00 -1.9470e+00
54090 +3.981060587e+00 +3.981060587e+00 +1.196610606e+02 +1.196610606e+02 -2.1771e+00 -9.8273e-01 +1.0997e+00 +3.0885e+00 -3.6044e+00 -3.2434e+00 -4.0164e+00 +2.3558e+00 -3.5037e+00 -1.5893e+00
143965 +2.374158258e+00 +2.374158258e+00 +1.180541583e+02 +1.180541583e+02 -2.1172e+00 -9.7264e-01 +2.3792e-01 +3.0609e+00 -3.5963e+00 -3.2334e+00 -4.0170e+00 +2.3488e+00 -3.9255e+00 -1.9428e+00
145679 +1.331131252e+00 +1.331131252e+00 +1.170111313e+02 +1.170111313e+02 -2.1734e+00 -9.7726e-01 +2.4432e-01 +3.0994e+00 -3.6005e+00 -3.2435e+00 -4.0191e+00 +2.3439e+00 -3.9189e+00 -1.9455e+00
149289 +9.996368987e-01 +9.996368987e-01 +1.166796369e+02 +1.166796369e+02 -2.1754e+00 -9.8280e-01 +2.4409e-01 +3.0884e+00 -3.6037e+00 -3.2418e+00 -4.0171e+00 +2.3555e+00 -3.9244e+00 -1.9514e+00
% function evaluation | noise-free fitness - Fopt (1.156800000000e+02) | best noise-free fitness - Fopt | measured fitness | best measured fitness | x1 | x2...
1 +7.850274521e+02 +7.850274521e+02 +9.007074521e+02 +9.007074521e+02 -4.8912e-01 +3.8891e-01 -3.4104e-01 -2.5768e+00 +5.7237e-02 +4.7412e-01 +1.0135e+00 +4.4476e-01 -1.4879e+00 +4.0445e-01
4 +4.640600875e+02 +4.640600875e+02 +5.797400875e+02 +5.797400875e+02 -1.5457e+00 +3.4484e+00 +1.1008e-01 +2.2662e+00 -1.7264e+00 -1.1254e+00 +3.0298e-01 -6.7588e-01 -3.4475e+00 +4.6888e-01
39 +3.053837764e+02 +3.053837764e+02 +4.210637764e+02 +4.210637764e+02 -2.4196e+00 +6.7088e-01 -3.9134e+00 -1.8471e+00 -4.0468e+00 +2.9791e-01 -2.8761e+00 +4.8244e-01 -3.1608e+00 -2.1006e+00
48 +2.228467250e+02 +2.228467250e+02 +3.385267250e+02 +3.385267250e+02 -2.7496e+00 +4.3983e+00 -5.5882e-01 -2.0023e+00 -1.1551e+00 -3.8753e+00 -4.6308e+00 +2.4599e+00 -4.7548e+00 -2.6425e+00
166 +1.553286820e+02 +1.553286820e+02 +2.710086820e+02 +2.710086820e+02 -8.3803e-01 -3.6365e+00 +1.8927e+00 -2.5310e+00 -3.1554e+00 -3.1124e+00 -3.9426e+00 +9.0904e-01 -3.0896e+00 -1.8739e+00
193 +8.837867078e+01 +8.837867078e+01 +2.040586708e+02 +2.040586708e+02 -2.1872e+00 -1.9436e+00 -4.5186e-01 +1.0580e+00 -4.3374e+00 -2.1968e+00 -2.8891e+00 +3.3654e+00 -3.4872e+00 -2.3374e+00
585 +6.235509570e+01 +6.235509570e+01 +1.780350957e+02 +1.780350957e+02 -9.8458e-01 -2.8876e-01 -6.6975e-01 +3.1439e+00 -3.6794e+00 -3.6481e+00 -3.6056e+00 +2.3381e+00 -4.2503e+00 -1.4090e+00
711 +2.869179625e+01 +2.869179625e+01 +1.443717963e+02 +1.443717963e+02 -1.2424e+00 -1.0594e+00 -5.1214e-01 +3.0112e+00 -3.5901e+00 -3.2330e+00 -3.5747e+00 +2.4308e+00 -3.8326e+00 -1.5177e+00
832 +2.282573437e+01 +2.282573437e+01 +1.385057344e+02 +1.385057344e+02 -2.2847e+00 -7.9448e-01 -1.1792e+00 +3.1428e+00 -3.6420e+00 -3.1693e+00 -3.5077e+00 +2.3213e+00 -3.9270e+00 -1.9524e+00
1019 +1.580039752e+01 +1.580039752e+01 +1.314803975e+02 +1.314803975e+02 -2.1781e+00 -9.7078e-01 -1.2202e+00 +3.0750e+00 -3.6152e+00 -3.1958e+00 -3.5910e+00 +2.3472e+00 -4.2938e+00 -1.8773e+00
1030 +8.618178434e+00 +8.618178434e+00 +1.242981784e+02 +1.242981784e+02 -2.1363e+00 -1.0344e+00 -1.1794e+00 +3.1022e+00 -3.6398e+00 -3.2593e+00 -3.5899e+00 +2.3500e+00 -4.2890e+00 -1.9423e+00
1167 +6.215683045e+00 +6.215683045e+00 +1.218956830e+02 +1.218956830e+02 -2.1219e+00 -9.6903e-01 -1.1927e+00 +3.0955e+00 -3.6011e+00 -3.2396e+00 -3.5583e+00 +2.3512e+00 -4.2801e+00 -1.9520e+00
13541 +3.980867358e+00 +3.980867358e+00 +1.196608674e+02 +1.196608674e+02 -2.1788e+00 -1.8926e+00 +2.4467e-01 +3.7445e+00 -3.6043e+00 -3.7881e+00 -3.5611e+00 +1.9630e+00 -3.9244e+00 -1.9510e+00
239348 +2.374533695e+00 +2.374533695e+00 +1.180545337e+02 +1.180545337e+02 -2.1701e+00 -9.7309e-01 +2.2961e-01 +3.7774e+00 -3.5933e+00 -3.2463e+00 -3.5691e+00 +2.3538e+00 -3.9177e+00 -1.5829e+00
% function evaluation | noise-free fitness - Fopt (1.156800000000e+02) | best noise-free fitness - Fopt | measured fitness | best measured fitness | x1 | x2...
1 +1.700016125e+03 +1.700016125e+03 +1.815696125e+03 +1.815696125e+03 -1.6234e+00 -3.0349e+00 -3.3262e+00 +3.9590e+00 -3.6378e+00 +2.1100e+00 +2.2910e+00 -3.0717e+00 +3.8639e-01 +1.3134e+00
8 +1.288360254e+03 +1.288360254e+03 +1.404040254e+03 +1.404040254e+03 -4.9981e+00 -2.7619e+00 -6.1161e+00 +5.0755e+00 -8.4725e+00 +2.6660e+00 +6.5078e-01 -4.3982e+00 -1.0043e+00 +9.8197e-01
16 +8.158752370e+02 +8.158752370e+02 +9.315552370e+02 +9.315552370e+02 -3.8679e+00 -3.0836e+00 -2.0793e+00 +2.3435e+00 -3.5236e+00 +8.9458e-01 -1.0609e+00 -4.5975e+00 -2.1034e-02 -1.7657e+00
32 +6.112045450e+02 +6.112045450e+02 +7.268845450e+02 +7.268845450e+02 -2.5139e+00 -4.9416e+00 -7.4237e+00 +9.3954e-01 -5.2372e+00 -2.9484e-01 -2.0798e+00 -3.8401e+00 -1.6374e+00 -3.3377e-01
33 +3.070033151e+02 +3.070033151e+02 +4.226833151e+02 +4.226833151e+02 -3.1977e+00 -3.8385e+00 +1.0979e+00 +1.2472e+00 -1.5580e+00 -8.3061e-01 -3.3433e+00 -2.5109e+00 -4.4679e+00 -1.7563e+00
58 +2.207871832e+02 +2.207871832e+02 +3.364671832e+02 +3.364671832e+02 -1.8368e+00 -4.4750e+00 +3.5573e-01 +6.3689e-01 -1.9682e+00 -5.3684e+00 -4.1853e+00 -5.0903e-01 -4.4044e+00 -3.3273e+00
151 +1.193560068e+02 +1.193560068e+02 +2.350360068e+02 +2.350360068e+02 -2.2336e+00 -3.7950e+00 +4.5088e-01 +2.6087e-01 -4.1467e+00 -3.0716e+00 -2.7635e+00 +1.1165e+00 -3.2348e+00 -2.1841e+00
252 +9.958725092e+01 +9.958725092e+01 +2.152672509e+02 +2.152672509e+02 -2.1093e+00 -2.8579e+00 +1.0887e+00 +2.8800e+00 -5.3006e+00 -2.4913e+00 -4.5721e+00 +2.8832e+00 -3.9448e+00 -8.0148e-01
624 +5.967854783e+01 +5.967854783e+01 +1.753585478e+02 +1.753585478e+02 -3.2219e+00 -7.0063e-01 -1.2968e+00 +3.8128e+00 -3.0157e+00 -2.2318e+00 -3.4944e+00 +1.7759e+00 -3.4493e+00 -1.9556e+00
867 +3.528772889e+01 +3.528772889e+01 +1.509677289e+02 +1.509677289e+02 -3.1398e+00 -8.7697e-01 -1.1387e+00 +3.7258e+00 -3.0448e+00 -2.6623e+00 -4.0565e+00 +2.4703e+00 -3.5908e+00 -1.6184e+00
968 +2.411123101e+01 +2.411123101e+01 +1.397912310e+02 +1.397912310e+02 -3.1125e+00 -9.5158e-01 -1.1574e+00 +3.7221e+00 -3.0202e+00 -2.6287e+00 -4.0097e+00 +2.3208e+00 -3.5253e+00 -1.6230e+00
1155 +1.309315593e+01 +1.309315593e+01 +1.287731559e+02 +1.287731559e+02 -3.1842e+00 -9.6791e-01 -1.1649e+00 +3.7260e+00 -3.0138e+00 -2.6983e+00 -3.9926e+00 +2.3707e+00 -3.5143e+00 -1.5629e+00
5576 +9.195240117e+00 +9.195240117e+00 +1.248752401e+02 +1.248752401e+02 -1.2144e+00 -6.0679e-02 +2.7874e-01 +3.1353e+00 -4.2543e+00 -3.7680e+00 -4.0214e+00 +1.9626e+00 -3.9206e+00 -1.5828e+00
25289 +5.640062237e+00 +5.640062237e+00 +1.213200622e+02 +1.213200622e+02 -2.1882e+00 -9.7073e-01 -5.9618e-01 +3.0791e+00 -3.0250e+00 -3.7810e+00 -3.5617e+00 +2.3315e+00 -3.4830e+00 -1.9540e+00
26445 +3.980642486e+00 +3.980642486e+00 +1.196606425e+02 +1.196606425e+02 -2.1791e+00 -9.8178e-01 -5.8134e-01 +3.0883e+00 -3.0340e+00 -3.7878e+00 -3.5607e+00 +2.3563e+00 -3.5038e+00 -1.9513e+00
36032 +2.375903179e+00 +2.375903179e+00 +1.180559032e+02 +1.180559032e+02 -2.1781e+00 -9.8568e-01 +2.3716e-01 +3.0990e+00 -3.6191e+00 -3.2370e+00 -3.5643e+00 +2.3567e+00 -3.4981e+00 -1.6052e+00
137288 +1.509536848e+00 +1.509536848e+00 +1.171895368e+02 +1.171895368e+02 -2.1784e+00 -9.7613e-01 +1.0806e+00 +3.0901e+00 -3.6149e+00 -3.2302e+00 -3.5566e+00 +2.3606e+00 -3.9358e+00 -1.9506e+00
141812 +9.998155497e-01 +9.998155497e-01 +1.166798155e+02 +1.166798155e+02 -2.1771e+00 -9.8381e-01 +1.1000e+00 +3.0881e+00 -3.6066e+00 -3.2427e+00 -3.5617e+00 +2.3553e+00 -3.9247e+00 -1.9505e+00
% function evaluation | noise-free fitness - Fopt (-3.710000000000e+00) | best noise-free fitness - Fopt | measured fitness | best measured fitness | x1 | x2...
1 +9.697403926e+02 +9.697403926e+02 +9.660303926e+02 +9.660303926e+02 +8.2614e-01 -2.3845e+00 -2.1974e+00 +2.7371e+00 +1.9981e+00 +2.0766e+00 -3.7117e-01 +3.8539e+00 -3.2364e-01 -1.2323e+00
3 +4.857740748e+02 +4.857740748e+02 +4.820640748e+02 +4.820640748e+02 -7.3440e-01 +1.2519e+00 -1.1183e+00 +4.6847e+00 +4.3254e+00 +1.5806e+00 +1.8996e+00 +1.2608e+00 +1.0872e+00 -4.0419e-01
14 +3.550098277e+02 +3.550098277e+02 +3.512998277e+02 +3.512998277e+02 +1.2624e+00 -1.7354e+00 -3.2475e+00 +6.9862e+00 +2.6689e+00 +6.6810e-02 +7.5812e-01 +1.1300e+00 -1.8524e+00 -1.9046e+00
42 +2.479134440e+02 +2.479134440e+02 +2.442034440e+02 +2.442034440e+02 +3.0367e+00 -2.9595e-01 -1.2994e+00 +1.9547e+00 +3.1718e+00 -4.7462e-01 +1.5626e+00 -3.3050e+00 -3.6983e+00 -1.9311e+00
73 +1.402280409e+02 +1.402280409e+02 +1.365180409e+02 +1.365180409e+02 +1.2500e+00 +1.9193e+00 -1.2846e+00 +5.7291e+00 +2.7319e+00 +2.7197e+00 -4.3681e-01 -2.4685e+00 -1.9643e+00 +1.6878e+00
174 +9.284765161e+01 +9.284765161e+01 +8.913765161e+01 +8.913765161e+01 +1.4100e+00 -3.1281e+00 +3.7439e+00 +3.1253e+00 +3.0620e+00 +3.7238e+00 +5.2480e-02 -8.5600e-01 -2.5111e+00 +7.2223e-01
355 +6.144586404e+01 +6.144586404e+01 +5.773586404e+01 +5.773586404e+01 +2.0464e+00 -3.0790e+00 +4.4805e-01 +3.2573e+00 +2.4723e+00 +4.6495e+00 -3.6373e-01 -2.3746e+00 -3.1654e+00 -2.3268e-01
659 +3.372645306e+01 +3.372645306e+01 +3.001645306e+01 +3.001645306e+01 +1.2986e+00 -3.8545e+00 +1.7266e+00 +4.5030e+00 +3.7851e+00 +3.1275e+00 +1.9186e-01 -1.9739e+00 -2.3025e+00 +1.2280e+00
795 +2.471076450e+01 +2.471076450e+01 +2.100076450e+01 +2.100076450e+01 +1.1317e+00 -3.9022e+00 +1.8492e+00 +4.5219e+00 +3.9526e+00 +3.0858e+00 +1.6506e-01 -2.3671e+00 -2.2967e+00 +1.0061e+00
878 +1.461878492e+01 +1.461878492e+01 +1.090878492e+01 +1.090878492e+01 +1.0974e+00 -3.9479e+00 +1.7805e+00 +4.5432e+00 +3.7411e+00 +3.1468e+00 +1.5234e-01 -2.3996e+00 -2.3163e+00 +1.0292e+00
5034 +9.475516828e+00 +9.475516828e+00 +5.765516828e+00 +5.765516828e+00 +3.1581e+00 -3.1454e+00 +1.7971e+00 +4.6561e+00 +3.1308e+00 +3.7155e+00 -2.8647e-01 -2.3607e+00 -1.9042e+00 +6.8184e-01
5415 +6.295494337e+00 +6.295494337e+00 +2.585494337e+00 +2.585494337e+00 +3.1532e+00 -3.1653e+00 +1.7798e+00 +4.5271e+00 +3.1593e+00 +3.6632e+00 -2.9539e-01 -2.3750e+00 -1.9151e+00 +6.7144e-01
13232 +3.981001398e+00 +3.981001398e+00 +2.710013975e-01 +2.710013975e-01 +2.1226e+00 -2.2953e+00 +1.7842e+00 +4.5672e+00 +3.1533e+00 +3.1269e+00 +1.5955e-01 -1.9922e+00 -2.3353e+00 +3.6218e-01
74445 +2.286519486e+00 +2.286519486e+00 -1.423480514e+00 -1.423480514e+00 +3.1541e+00 -2.3014e+00 +2.6342e+00 +3.9189e+00 +3.1487e+00 +3.1251e+00 +1.6152e-01 -1.9969e+00 -2.3342e+00 +6.7169e-01
97238 +1.303767419e+00 +1.303767419e+00 -2.406232581e+00 -2.406232581e+00 +3.1232e+00 -2.3040e+00 +1.7845e+00 +4.6209e+00 +3.1511e+00 +3.6809e+00 +1.5526e-01 -2.0031e+00 -2.3348e+00 +6.7215e-01
98432 +9.996671289e-01 +9.996671289e-01 -2.710332871e+00 -2.710332871e+00 +3.1204e+00 -2.2976e+00 +1.7808e+00 +4.5658e+00 +3.1533e+00 +3.6717e+00 +1.5823e-01 -1.9919e+00 -2.3351e+00 +6.7221e-01
% function evaluation | noise-free fitness - Fopt (-3.710000000000e+00) | best noise-free fitness - Fopt | measured fitness | best measured fitness | x1 | x2...
1 +6.854232260e+02 +6.854232260e+02 +6.817132260e+02 +6.817132260e+02 +1.4262e+00 +2.0052e+00 +9.5823e-02 +2.9749e+00 -2.6344e+00 -3.4870e+00 +1.6203e+00 +1.4264e-01 +4.1819e-01 -2.6549e+00
6 +4.982786702e+02 +4.982786702e+02 +4.945686702e+02 +4.945686702e+02 +2.9783e+00 +1.5702e+00 -9.0447e-01 +4.5883e+00 -7.6198e-01 -3.1310e+00 +5.0125e-01 -6.7270e-01 +8.0373e-01 -5.5789e-01
16 +2.993823286e+02 +2.993823286e+02 +2.956723286e+02 +2.956723286e+02 +2.5561e+00 +2.0088e-01 +2.1642e-01 +4.8704e+00 +1.2389e+00 +1.8088e+00 -1.7748e+00 -7.4992e-01 +1.4833e-01 -4.8862e-01
30 +2.299739926e+02 +2.299739926e+02 +2.262639926e+02 +2.262639926e+02 -1.4593e-01 -4.6288e-01 +6.0399e-02 +1.4003e+00 +2.9787e+00 -7.0287e-01 +1.5314e+00 -1.7644e+00 -1.1155e+00 +2.1324e-02
106 +1.524251302e+02 +1.524251302e+02 +1.487151302e+02 +1.487151302e+02 +3.1440e+00 +2.4540e-01 +3.5250e+00 +6.8699e+00 +5.3651e-01 +3.1817e+00 -1.5392e+00 -2.1729e+00 -1.4466e+00 -1.6889e-01
183 +7.972064443e+01 +7.972064443e+01 +7.601064443e+01 +7.601064443e+01 +2.4421e+00 -1.4100e+00 +1.7496e+00 +3.9684e+00 +2.6118e+00 +2.9167e+00 -1.1700e+00 -2.0341e+00 -1.7014e+00 +8.4381e-02
326 +5.834160703e+01 +5.834160703e+01 +5.463160703e+01 +5.463160703e+01 +8.9077e-01 -4.4640e-01 +3.2284e+00 +4.6092e+00 +3.0551e+00 +3.0156e+00 -7.7063e-01 -1.9633e+00 -2.1438e+00 +6.5579e-01
931 +3.891599612e+01 +3.891599612e+01 +3.520599612e+01 +3.520599612e+01 +2.0550e+00 -4.8364e-01 +1.7643e+00 +4.6517e+00 +2.5516e+00 +4.3393e+00 -4.1501e-01 -1.9428e+00 -2.7258e+00 +3.3972e-01
965 +2.337936700e+01 +2.337936700e+01 +1.966936700e+01 +1.966936700e+01 +2.1240e+00 -4.1387e-01 +1.7866e+00 +4.6286e+00 +2.4742e+00 +4.2249e+00 -2.8158e-01 -1.9441e+00 -2.6317e+00 +3.9019e-01
1142 +1.425570209e+01 +1.425570209e+01 +1.054570209e+01 +1.054570209e+01 +2.1031e+00 -4.1206e-01 +1.7767e+00 +4.6513e+00 +2.5084e+00 +4.2034e+00 -2.7181e-01 -2.0088e+00 -2.6687e+00 +3.7010e-01
6424 +9.995887796e+00 +9.995887796e+00 +6.285887796e+00 +6.285887796e+00 +3.1130e+00 -4.6024e-01 +2.6392e+00 +3.1670e+00 +3.7228e+00 +3.1347e+00 -2.9699e-01 -1.9915e+00 -2.3336e+00 +1.0310e+00
12286 +5.873396265e+00 +5.873396265e+00 +2.163396265e+00 +2.163396265e+00 +3.1029e+00 -2.3032e+00 +9.5878e-01 +3.9011e+00 +3.7357e+00 +3.6701e+00 -2.8051e-01 -1.9624e+00 -2.3220e+00 +1.0591e+00
13611 +3.980916135e+00 +3.980916135e+00 +2.709161346e-01 +2.709161346e-01 +3.1198e+00 -2.2958e+00 +9.5670e-01 +3.9098e+00 +3.7236e+00 +3.6719e+00 -2.9663e-01 -1.9913e+00 -2.3355e+00 +1.0331e+00
99910 +2.511840229e+00 +2.511840229e+00 -1.198159771e+00 -1.198159771e+00 +3.1044e+00 -2.3047e+00 +1.7883e+00 +4.5986e+00 +3.1538e+00 +3.6760e+00 -3.0712e-01 -1.9871e+00 -2.3423e+00 +6.8392e-01
% function evaluation | noise-free fitness - Fopt (-3.710000000000e+00) | best noise-free fitness - Fopt | measured fitness | best measured fitness | x1 | x2...
1 +1.163357065e+03 +1.163357065e+03 +1.159647065e+03 +1.159647065e+03 -2.7827e-01 +3.8038e+00 -2.6671e+00 +1.4697e+00 +2.2402e+00 +2.1675e+00 -1.4304e+00 +3.8844e+00 -8.9277e-01 -2.1254e+00
6 +5.405006754e+02 +5.405006754e+02 +5.367906754e+02 +5.367906754e+02 +2.4308e-01 +3.4195e+00 -5.7385e+00 +2.4216e+00 +1.3284e+00 +1.6495e+00 -1.0632e+00 +2.2782e+00 -2.3195e+00 -5.2723e-01
19 +3.813508139e+02 +3.813508139e+02 +3.776408139e+02 +3.776408139e+02 -1.1269e+00 +3.3473e+00 -5.8882e+00 +2.8516e+00 +4.4838e+00 +2.5987e+00 -1.6408e+00 +1.3433e+00 -2.3844e+00 +1.0183e+00
27 +2.170817727e+02 +2.170817727e+02 +2.133717727e+02 +2.133717727e+02 +2.9705e-01 -1.5751e-01 -4.4417e+00 +2.6431e+00 +1.6004e+00 +2.6595e+00 -1.5848e+00 -1.8203e+00 -2.9203e+00 -5.3836e-01
123 +1.542239489e+02 +1.542239489e+02 +1.505139489e+02 +1.505139489e+02 -2.2142e+00 -2.6281e+00 -4.9006e-01 +4.0870e+00 +3.3462e+00 +2.9412e+00 -2.1229e+00 -1.9337e+00 -1.8063e+00 +1.3171e+00
315 +7.769756455e+01 +7.769756455e+01 +7.398756455e+01 +7.398756455e+01 +3.2534e+00 -3.3582e+00 +3.3692e-01 +3.8469e+00 +1.4788e+00 +3.4079e+00 +7.2270e-01 -1.5281e+00 -2.7323e+00 +7.3384e-02
481 +5.325818146e+01 +5.325818146e+01 +4.954818146e+01 +4.954818146e+01 +3.8322e+00 -2.3909e+00 +9.7327e-01 +5.0710e+00 +2.4605e+00 +2.2782e+00 -3.4345e-01 -2.0543e+00 -1.7198e+00 +6.7679e-01
554 +3.756626054e+01 +3.756626054e+01 +3.385626054e+01 +3.385626054e+01 +3.0853e+00 -2.4409e+00 +1.0042e+00 +4.1006e+00 +2.6350e+00 +3.0144e+00 -3.2462e-01 -2.0060e+00 -1.4802e+00 +1.0437e+00
1107 +2.418012987e+01 +2.418012987e+01 +2.047012987e+01 +2.047012987e+01 +4.1997e+00 -2.3163e+00 +9.5899e-01 +3.9371e+00 +2.5184e+00 +3.7339e+00 -3.0093e-01 -2.0072e+00 -1.2975e+00 +3.9586e-01
1165 +1.552998218e+01 +1.552998218e+01 +1.181998218e+01 +1.181998218e+01 +4.1330e+00 -2.3003e+00 +9.5905e-01 +3.9605e+00 +2.5130e+00 +3.6637e+00 -2.8663e-01 -1.9857e+00 -1.3020e+00 +3.6816e-01
5021 +9.975977390e+00 +9.975977390e+00 +6.265977390e+00 +6.265977390e+00 +1.1973e+00 -1.3820e+00 +9.5645e-01 +3.1496e+00 +3.1648e+00 +3.1556e+00 +1.4521e-01 -1.9924e+00 -2.6789e+00 +6.7137e-01
12141 +6.282998749e+00 +6.282998749e+00 +2.572998749e+00 +2.572998749e+00 +3.0689e+00 -1.3974e+00 +1.7360e+00 +4.5981e+00 +2.4862e+00 +3.1396e+00 +1.5303e-01 -1.9830e+00 -2.3349e+00 +6.7391e-01
13568 +3.981053468e+00 +3.981053468e+00 +2.710534683e-01 +2.710534683e-01 +3.1195e+00 -1.3645e+00 +1.7831e+00 +4.5693e+00 +2.5055e+00 +3.1273e+00 +1.5906e-01 -1.9921e+00 -2.3355e+00 +6.7263e-01
185266 +2.427689633e+00 +2.427689633e+00 -1.282310367e+00 -1.282310367e+00 +3.1207e+00 -2.3052e+00 +1.7786e+00 +3.9177e+00 +2.4842e+00 +3.6751e+00 +1.5643e-01 -1.9942e+00 -2.3315e+00 +1.0155e+00
1154326 +1.533337049e+00 +1.533337049e+00 -2.176662951e+00 -2.176662951e+00 +3.1262e+00 -2.2987e+00 +1.7868e+00 +4.5734e+00 +3.1537e+00 +3.6925e+00 +1.7388e-01 -1.9931e+00 -2.3435e+00 +6.7097e-01
1160182 +9.981765890e-01 +9.981765890e-01 -2.711823411e+00 -2.711823411e+00 +3.1210e+00 -2.2944e+00 +1.7807e+00 +4.5656e+00 +3.1532e+00 +3.6725e+00 +1.5930e-01 -1.9919e+00 -2.3350e+00 +6.7180e-01
% function evaluation | noise-free fitness - Fopt (1.321800000000e+02) | best noise-free fitness - Fopt | measured fitness | best measured fitness | x1 | x2...
1 +4.924849866e+02 +4.924849866e+02 +6.246649866e+02 +6.246649866e+02 -3.6954e+00 +2.6203e+00 +2.6525e+00 +4.1080e-01 +1.1588e+00 -2.3595e-01 +2.0649e+00 -2.2586e+00 -1.1737e+00 -1.9874e+00
9 +3.207791142e+02 +3.207791142e+02 +4.529591142e+02 +4.529591142e+02 -4.9834e+00 +4.5032e+00 +7.8984e-01 -9.4727e-02 +1.7248e+00 -3.4517e+00 +4.0149e-04 -1.0572e+00 -6.2386e-01 +1.3970e+00
36 +2.419753459e+02 +2.419753459e+02 +3.741553459e+02 +3.741553459e+02 -3.1112e+00 +3.4008e+00 +2.3140e+00 -9.2495e-01 -2.9243e-01 -3.3716e+00 -1.7128e+00 +1.3394e+00 +2.8235e+00 +2.0159e+00
59 +1.573460111e+02 +1.573460111e+02 +2.895260111e+02 +2.895260111e+02 -3.7403e+00 +1.9787e+00 +2.5339e+00 -4.0989e+00 -2.1717e-01 -1.0296e+00 -2.2144e-01 +1.7248e+00 +8.9993e-01 +1.4486e+00
188 +9.552090080e+01 +9.552090080e+01 +2.277009008e+02 +2.277009008e+02 -1.5495e+00 +2.4269e+00 +3.7794e+00 -2.0286e+00 -3.8245e+00 -1.0168e+00 -4.0652e+00 +5.4237e-01 +9.3916e-01 +9.7593e-01
569 +5.528633763e+01 +5.528633763e+01 +1.874663376e+02 +1.874663376e+02 -2.8137e+00 +3.9812e+00 +1.9764e+00 -2.7615e+00 -2.5931e+00 -1.1751e+00 -2.6397e+00 -5.9998e-03 +1.3277e+00 +7.4525e-01
974 +3.737103505e+01 +3.737103505e+01 +1.695510351e+02 +1.695510351e+02 -2.6012e+00 +3.9438e+00 +2.0400e+00 -2.6468e+00 -2.5584e+00 -1.0846e+00 -2.7428e+00 +5.4207e-01 +9.0880e-01 +8.0730e-01
1129 +2.428356583e+01 +2.428356583e+01 +1.564635658e+02 +1.564635658e+02 -2.7936e+00 +3.8926e+00 +2.0483e+00 -2.7005e+00 -2.5747e+00 -1.0363e+00 -2.6869e+00 +5.7119e-01 +9.3424e-01 +8.0903e-01
5264 +1.543512581e+01 +1.543512581e+01 +1.476151258e+02 +1.476151258e+02 -3.7298e+00 +1.4601e+00 +3.4907e+00 -1.9525e+00 -1.9013e+00 -1.6048e+00 -2.7932e+00 +1.1664e-01 +1.2564e+00 +3.6886e-01
5347 +7.692817798e+00 +7.692817798e+00 +1.398728178e+02 +1.398728178e+02 -3.7444e+00 +1.4794e+00 +3.4590e+00 -1.9044e+00 -1.9332e+00 -1.5929e+00 -2.7550e+00 +9.8981e-02 +1.3280e+00 +3.8292e-01
5413 +6.128198922e+00 +6.128198922e+00 +1.383081989e+02 +1.383081989e+02 -3.7390e+00 +1.4886e+00 +3.4557e+00 -1.9512e+00 -1.9091e+00 -1.5842e+00 -2.7551e+00 +1.1040e-01 +1.3214e+00 +4.2743e-01
6194 +3.980495832e+00 +3.980495832e+00 +1.361604958e+02 +1.361604958e+02 -3.7640e+00 +1.4831e+00 +3.4623e+00 -1.9650e+00 -1.9215e+00 -1.6005e+00 -2.7288e+00 +9.7809e-02 +1.3490e+00 +4.0871e-01
72080 +2.368556478e+00 +2.368556478e+00 +1.345485565e+02 +1.345485565e+02 -3.7610e+00 +1.4756e+00 +3.4646e+00 -1.9685e+00 -3.1561e+00 -1.0554e+00 -2.2801e+00 +9.1712e-02 +9.1799e-01 +7.6116e-01
116821 +1.464911444e+00 +1.464911444e+00 +1.336449114e+02 +1.336449114e+02 -3.7654e+00 +1.5008e+00 +3.4610e+00 -1.9654e+00 -3.1220e+00 -1.0612e+00 -2.2731e+00 +8.6711e-02 +9.3219e-01 +4.1715e-01
119331 +9.986296776e-01 +9.986296776e-01 +1.331786297e+02 +1.331786297e+02 -3.7605e+00 +1.4816e+00 +3.4615e+00 -1.9649e+00 -3.1378e+00 -1.0567e+00 -2.2737e+00 +9.7349e-02 +9.2788e-01 +4.0912e-01
% function evaluation | noise-free fitness - Fopt (1.321800000000e+02) | best noise-free fitness - Fopt | measured fitness | best measured fitness | x1 | x2...
1 +4.780079084e+02 +4.780079084e+02 +6.101879084e+02 +6.101879084e+02 -3.9572e+00 +3.2026e+00 -2.4305e+00 +1.4171e-01 +6.1740e-02 -7.1045e-02 +1.9712e+00 -3.5608e+00 +1.9299e-01 +2.0546e+00
5 +3.146751912e+02 +3.146751912e+02 +4.468551912e+02 +4.468551912e+02 -3.3134e+00 +1.6378e+00 -3.5556e+00 -8.5597e-01 +1.5892e+00 -1.7723e-02 -1.4146e+00 -2.7939e-01 -1.1292e+00 -6.6015e-01
27 +2.175968259e+02 +2.175968259e+02 +3.497768259e+02 +3.497768259e+02 -2.9608e+00 +4.6923e+00 -6.5153e-01 -8.7927e-01 -2.5593e+00 -2.4327e+00 -3.7411e-01 +8.4547e-01 +4.5035e-01 +2.2024e+00
141 +1.315169375e+02 +1.315169375e+02 +2.636969375e+02 +2.636969375e+02 -8.0168e-01 +9.8838e-01 +2.0100e+00 +6.3152e-02 -4.8910e+00 -2.5274e-01 -2.0848e+00 -1.1035e+00 +9.7395e-01 +6.7254e-01
292 +8.795194398e+01 +8.795194398e+01 +2.201319440e+02 +2.201319440e+02 -2.5588e+00 +2.5166e+00 +2.9364e-01 -3.1656e+00 -2.4843e+00 -1.5636e+00 -2.9502e+00 +1.3911e-01 +1.7646e+00 +1.5204e+00
520 +5.868857364e+01 +5.868857364e+01 +1.908685736e+02 +1.908685736e+02 -6.8150e+00 +1.4114e+00 +1.0512e+00 -1.3188e+00 -3.0560e+00 -1.4249e+00 -2.1450e+00 +1.7072e-01 +5.1395e-01 +7.3099e-01
1019 +3.887766851e+01 +3.887766851e+01 +1.710576685e+02 +1.710576685e+02 -6.9286e+00 +2.3841e+00 +3.4858e+00 -1.0769e+00 -1.8297e+00 -1.0411e+00 -2.2608e+00 +5.1965e-01 +6.4995e-01 +7.4961e-01
1283 +2.344241887e+01 +2.344241887e+01 +1.556224189e+02 +1.556224189e+02 -6.8663e+00 +2.3711e+00 +3.5025e+00 -8.1182e-01 -1.8878e+00 -1.0714e+00 -2.2998e+00 +9.9540e-02 +5.5784e-01 +7.6988e-01
6108 +1.290733088e+01 +1.290733088e+01 +1.450873309e+02 +1.450873309e+02 -3.7141e+00 +1.4307e+00 +4.2516e+00 -1.2148e+00 -3.1323e+00 -1.5979e+00 -2.7296e+00 +7.0221e-02 +1.3622e+00 +7.1687e-01
6179 +8.538734089e+00 +8.538734089e+00 +1.407187341e+02 +1.407187341e+02 -3.7580e+00 +1.4953e+00 +4.3356e+00 -1.2166e+00 -3.1053e+00 -1.6189e+00 -2.7226e+00 +1.1028e-01 +1.3415e+00 +7.9855e-01
13065 +5.707281023e+00 +5.707281023e+00 +1.378872810e+02 +1.378872810e+02 -3.7903e+00 +5.7002e-01 +4.3177e+00 -1.2825e+00 -2.4948e+00 -1.6047e+00 -2.2543e+00 +8.6629e-02 +9.2346e-01 +7.5613e-01
31197 +3.934999912e+00 +3.934999912e+00 +1.361149999e+02 +1.361149999e+02 -3.8132e+00 +1.4586e+00 +3.4619e+00 -1.2691e+00 -2.4762e+00 -1.5871e+00 -2.2684e+00 -2.9607e-01 +9.2430e-01 +4.1245e-01
147844 +2.502839873e+00 +2.502839873e+00 +1.346828399e+02 +1.346828399e+02 -3.7703e+00 +1.4793e+00 +3.4792e+00 -1.2756e+00 -2.5063e+00 -1.0412e+00 -2.2823e+00 +1.0006e-01 +9.2912e-01 +7.6041e-01
252306 +1.550058445e+00 +1.550058445e+00 +1.337300584e+02 +1.337300584e+02 -3.7907e+00 +1.4957e+00 +3.4773e+00 -1.3077e+00 -2.5020e+00 -1.0487e+00 -2.2850e+00 +9.5021e-02 +9.2333e-01 +4.1408e-01
258348 +9.998197830e-01 +9.998197830e-01 +1.331798198e+02 +1.331798198e+02 -3.7659e+00 +1.4802e+00 +3.4629e+00 -1.3083e+00 -2.4906e+00 -1.0565e+00 -2.2725e+00 +9.7301e-02 +9.2825e-01 +4.0910e-01
% function evaluation | noise-free fitness - Fopt (1.321800000000e+02) | best noise-free fitness - Fopt | measured fitness | best measured fitness | x1 | x2...
1 +3.936382474e+02 +3.936382474e+02 +5.258182474e+02 +5.258182474e+02 +3.1447e+00 +2.3251e+00 -2.3235e+00 +1.0333e+00 -2.3893e+00 -2.6097e-01 -1.5940e+00 +3.7637e+00 -1.5558e-01 +1.9480e+00
18 +2.459195368e+02 +2.459195368e+02 +3.780995368e+02 +3.780995368e+02 +1.2019e+00 +3.3000e+00 +9.0764e-01 -2.5902e+00 -2.0207e+00 +3.8100e-01 -3.6801e+00 +2.9040e+00 +2.4003e+00 -9.8741e-01
44 +1.080078900e+02 +1.080078900e+02 +2.401878900e+02 +2.401878900e+02 -3.5174e-01 +6.6603e-01 +3.3962e+00 -1.9065e+00 -3.7289e+00 -1.8608e+00 -1.7675e+00 +1.5528e-01 -6.7091e-02 +1.4210e+00
127 +9.122986648e+01 +9.122986648e+01 +2.234098665e+02 +2.234098665e+02 -8.5819e-01 -4.2674e-02 +3.7819e+00 -4.1817e+00 -2.5340e+00 -5.5647e-01 -2.5671e+00 +1.2534e-01 +9.5921e-01 -7.7345e-01
1179 +6.289428683e+01 +6.289428683e+01 +1.950742868e+02 +1.950742868e+02 -4.9880e-01 -1.4023e-01 +2.5833e+00 -5.1727e-01 -1.7168e+00 -1.0298e-01 -2.2546e+00 +8.0584e-02 +9.9487e-02 +7.8643e-01
1364 +3.760842287e+01 +3.760842287e+01 +1.697884229e+02 +1.697884229e+02 -6.4400e-01 -1.3747e-01 +2.6765e+00 -4.3389e-01 -1.9198e+00 -5.3386e-01 -2.2782e+00 +1.3726e-01 +1.1597e-01 +7.4643e-01
1951 +2.508467575e+01 +2.508467575e+01 +1.572646757e+02 +1.572646757e+02 -7.0255e-01 -1.5235e-01 +2.6335e+00 -7.5852e-01 -1.9162e+00 -5.3401e-01 -2.2814e+00 +9.9452e-02 +1.5163e-01 +7.7297e-01
6549 +1.582651647e+01 +1.582651647e+01 +1.480065165e+02 +1.480065165e+02 -2.7655e+00 +5.8183e-01 +5.1376e+00 -1.8984e+00 -1.8876e+00 -1.0471e+00 -2.3031e+00 +1.0865e-01 +1.7110e+00 +4.0315e-01
13724 +9.896288594e+00 +9.896288594e+00 +1.420762886e+02 +1.420762886e+02 -3.7864e+00 +1.3992e+00 +4.3178e+00 -1.9940e+00 -3.2027e+00 -1.0441e+00 -2.7551e+00 +6.9394e-02 +9.3047e-01 +8.1054e-01
13933 +4.869450832e+00 +4.869450832e+00 +1.370494508e+02 +1.370494508e+02 -3.7663e+00 +1.4970e+00 +4.3173e+00 -1.9576e+00 -3.1763e+00 -1.0704e+00 -2.7213e+00 +1.0420e-01 +9.2077e-01 +7.7137e-01
15202 +3.980921960e+00 +3.980921960e+00 +1.361609220e+02 +1.361609220e+02 -3.7657e+00 +1.4825e+00 +4.3167e+00 -1.9655e+00 -3.1382e+00 -1.0555e+00 -2.7292e+00 +9.7700e-02 +9.2828e-01 +7.6986e-01
130375 +2.439429840e+00 +2.439429840e+00 +1.346194298e+02 +1.346194298e+02 -3.7465e+00 +1.4951e+00 +4.3117e+00 -1.2361e+00 -2.4845e+00 -1.0579e+00 -2.2781e+00 +9.8776e-02 +9.2265e-01 +4.0066e-01
