% function evaluation | noise-free fitness - Fopt (-4.620900000000e+02) | best noise-free fitness - Fopt | measured fitness | best measured fitness | x1 | x2...
1 +2.394716436e+03 +2.394716436e+03 +1.932626436e+03 +1.932626436e+03 +3.7465e+00 +2.2794e+00 -3.9824e+00 +3.2435e+00 -1.2977e+00 +9.5909e-01 -1.4104e+00 +1.5471e+00 +5.5473e-01 -3.2916e+00 -9.7330e-01 +1.2868e+00 +1.6301e+00 -6.1731e-01 -1.9366e+00 +1.7097e+00 -1.1832e+00 +7.9482e-01 +2.0844e+00 -2.6319e+00
16 +1.368152225e+03 +1.368152225e+03 +9.060622250e+02 +9.060622250e+02 +5.2161e+00 +9.5683e-01 -5.4879e+00 +7.6297e+00 -3.9878e-01 +2.2588e+00 +9.8042e-01 +3.5992e+00 -5.0821e-01 -7.4308e+00 -1.0294e+00 +2.1655e+00 +8.0521e-01 -3.5490e-01 -4.8760e+00 -2.6644e+00 -2.3299e+00 +2.6294e+00 -1.9857e+00 -2.1200e+00
47 +8.500386321e+02 +8.500386321e+02 +3.879486321e+02 +3.879486321e+02 +3.9820e+00 +7.0252e+00 -4.3929e+00 +6.6396e+00 +2.6867e+00 +2.8864e+00 -1.3249e-01 -4.5410e-01 +2.7189e+00 -4.7991e+00 -9.2971e-01 -9.6063e-01 +2.0789e+00 -1.0619e+00 -4.2285e+00 -3.3051e+00 +1.5572e+00 +2.7916e+00 -9.3732e-01 -8.7026e-01
93 +5.986418731e+02 +5.986418731e+02 +1.365518731e+02 +1.365518731e+02 +5.7677e+00 +4.9084e+00 -1.4138e+00 +4.8066e+00 +5.7305e-02 +3.6762e+00 -3.4406e+00 +2.5360e+00 +5.2376e+00 -1.2778e+00 -5.5605e-01 -1.6649e+00 -2.1700e+00 -3.6359e+00 -2.5376e+00 -6.5937e+00 -3.4874e-01 +2.4425e+00 -3.9283e+00 -3.7898e-01
274 +3.894854690e+02 +3.894854690e+02 -7.260453100e+01 -7.260453100e+01 +8.2242e+00 +4.2637e+00 -2.3589e+00 +5.2111e+00 +4.0370e+00 +3.6905e+00 +2.7705e+00 -5.8714e-02 +1.2600e+00 +1.0347e+00 -3.0818e+00 -3.7342e+00 -1.0119e+00 -4.4063e+00 -2.0776e+00 -3.2461e+00 -1.4786e-01 +1.6913e+00 -2.8065e+00 +2.4041e+00
404 +2.480079111e+02 +2.480079111e+02 -2.140820889e+02 -2.140820889e+02 +3.9791e+00 +3.2468e+00 -5.1217e-01 +1.0313e-01 +1.4871e+00 +2.1726e+00 +9.9776e-01 +7.0925e-01 +6.0328e-01 +5.8132e-01 -3.1698e+00 -5.0131e+00 -1.0544e+00 -2.5560e+00 -1.5934e+00 -4.2000e+00 -1.0575e+00 +2.8495e+00 -2.1931e+00 +1.5374e+00
1044 +1.473821427e+02 +1.473821427e+02 -3.147078573e+02 -3.147078573e+02 +3.3362e-01 +2.3264e+00 +1.2956e+00 -1.8549e+00 +1.0678e+00 +3.5430e+00 +4.8424e-01 +2.6655e+00 +1.0572e+00 -6.3328e-01 -2.4417e+00 -3.1259e+00 -5.4280e-01 -3.8580e+00 -9.7691e-01 -4.4958e+00 -2.8146e-01 +2.9132e+00 -2.4414e+00 +1.4599e+00
2189 +9.926762953e+01 +9.926762953e+01 -3.628223705e+02 -3.628223705e+02 -1.3685e+00 +2.1982e+00 +5.1502e-01 -8.7319e-01 +9.1101e-01 +2.1228e+00 +5.2900e-01 +2.6305e+00 +1.9130e+00 -1.5332e+00 -2.8378e+00 -2.7841e+00 -1.1589e-01 -4.6294e+00 -4.4576e-01 -3.9458e+00 +4.9320e-01 +2.9763e+00 -3.4928e+00 +1.2059e+00
10193 +5.479154164e+01 +5.479154164e+01 -4.072984584e+02 -4.072984584e+02 -2.3017e+00 -5.5792e-01 +2.2263e+00 +1.6864e+00 +2.2485e+00 +3.5121e+00 +1.7446e+00 +3.3353e+00 +1.2388e+00 +6.5201e-01 -3.2853e+00 -3.7766e+00 -1.5542e-01 -3.4360e+00 -1.3015e+00 -3.9176e+00 -6.1465e-01 +2.9088e+00 -2.4003e+00 +1.5100e+00
10519 +3.980997986e+01 +3.980997986e+01 -4.222800201e+02 -4.222800201e+02 -2.2801e+00 -5.5324e-01 +2.1517e+00 +1.5642e+00 +2.2816e+00 +3.6052e+00 +1.7797e+00 +3.3420e+00 +1.1123e+00 +6.6885e-01 -3.3417e+00 -3.7776e+00 -1.5106e-01 -3.3741e+00 -1.4250e+00 -3.8910e+00 -7.3139e-01 +2.9342e+00 -2.4876e+00 +1.5456e+00
11016 +2.442239013e+01 +2.442239013e+01 -4.376676099e+02 -4.376676099e+02 -2.3471e+00 -5.8491e-01 +2.2131e+00 +1.6208e+00 +2.2919e+00 +3.5264e+00 +1.7892e+00 +3.2271e+00 +1.1467e+00 +6.1936e-01 -3.3334e+00 -3.7726e+00 -1.1719e-01 -3.4002e+00 -1.3912e+00 -3.9215e+00 -7.1348e-01 +2.9379e+00 -2.4267e+00 +1.5166e+00
24209 +1.417279534e+01 +1.417279534e+01 -4.479172047e+02 -4.479172047e+02 -1.3365e+00 +2.3078e+00 +5.7032e-01 +7.4526e-01 +2.2997e+00 +1.3797e+00 +3.2745e+00 +3.3118e+00 +2.3809e+00 +8.5677e-02 -3.3156e+00 -3.7602e+00 -1.2445e-01 -2.9588e+00 -1.3828e+00 -3.8939e+00 -3.4087e-01 +3.3642e+00 -2.8130e+00 +1.8259e+00
141673 +9.833770963e+00 +9.833770963e+00 -4.522562290e+02 -4.522562290e+02 -2.3322e+00 +2.3188e+00 +2.2011e+00 +7.2973e-01 +3.1606e+00 +2.9832e+00 +3.2590e+00 +2.5800e+00 +1.8445e+00 +5.8528e-02 -2.7623e+00 -4.3019e+00 -6.1280e-01 -3.4034e+00 -1.8020e+00 -3.9396e+00 -3.5172e-01 +2.9446e+00 -2.8242e+00 +2.1686e+00
369744 +6.296563915e+00 +6.296563915e+00 -4.557934361e+02 -4.557934361e+02 -2.3399e+00 +2.3173e+00 +2.2208e+00 +7.2603e-01 +2.2953e+00 +2.9835e+00 +1.7872e+00 +2.6129e+00 +1.1243e+00 +5.8311e-02 -2.7482e+00 -3.7822e+00 -1.3624e-01 -2.9617e+00 -1.3911e+00 -3.9209e+00 -3.3783e-01 +3.3627e+00 -2.4379e+00 +2.1806e+00
5513243 +3.980715118e+00 +3.980715118e+00 -4.581092849e+02 -4.581092849e+02 -2.3404e+00 +2.2994e+00 +2.2129e+00 +7.2780e-01 +2.2992e+00 +2.9919e+00 +3.2560e+00 +2.5981e+00 +1.8031e+00 +5.7232e-02 -3.3221e+00 -3.7839e+00 -1.3856e-01 -2.9611e+00 -1.3846e+00 -3.9241e+00 -3.3913e-01 +2.9480e+00 -2.4367e+00 +1.8198e+00
% function evaluation | noise-free fitness - Fopt (-4.620900000000e+02) | best noise-free fitness - Fopt | measured fitness | best measured fitness | x1 | x2...
1 +4.221576254e+03 +4.221576254e+03 +3.759486254e+03 +3.759486254e+03 +3.8816e+00 -2.1184e+00 -2.9261e+00 -6.9531e-01 -3.1579e+00 -3.4643e+00 +3.7234e+00 +3.7712e-01 -9.4311e-01 -8.8962e-01 +2.7278e+00 +3.9142e+00 +1.2615e+00 +1.8400e+00 -2.6440e+00 +3.0579e+00 +2.6576e+00 -3.7783e+00 -3.3890e+00 -1.4532e+00
7 +3.311277759e+03 +3.311277759e+03 +2.849187759e+03 +2.849187759e+03 +2.8575e+00 -1.5966e-01 -3.2715e+00 +2.3186e+00 -1.3777e+00 -3.0287e+00 +5.9885e+00 +3.7053e+00 +2.4581e+00 +1.7178e+00 +3.2512e+00 +4.6590e+00 -1.2689e-01 -1.2223e+00 -6.7639e+00 +1.3231e+00 +1.3754e+00 -6.4512e+00 -1.1271e+00 -1.4795e+00
9 +2.229509090e+03 +2.229509090e+03 +1.767419090e+03 +1.767419090e+03 +9.6795e-01 +2.7737e+00 -3.0146e+00 +5.1102e-01 +9.7663e-01 -5.4909e+00 +2.4222e+00 +1.5914e-01 -7.9905e-01 -4.5632e+00 -6.7162e-01 +4.2733e+00 +1.9536e-01 -4.4076e-01 -4.6212e+00 +2.5794e-01 +8.2566e-01 -4.0149e+00 -3.0505e+00 +2.5699e+00
32 +7.939860914e+02 +7.939860914e+02 +3.318960914e+02 +3.318960914e+02 +1.3219e+00 -2.3494e+00 -5.0611e+00 +6.5715e-01 -6.0992e-01 -1.6206e+00 -4.5395e-02 +3.3684e-01 +1.0010e+00 -4.4799e+00 +4.4849e-01 -7.9874e-01 +2.2988e+00 -3.8905e+00 -2.2639e+00 -1.7603e+00 +1.2140e+00 -2.0782e+00 -1.6655e+00 +1.1708e+00
177 +5.466882837e+02 +5.466882837e+02 +8.459828372e+01 +8.459828372e+01 +1.1537e+00 +2.3018e+00 -2.4851e+00 +5.0379e+00 +1.7944e+00 -5.6205e+00 +3.3274e+00 +2.5410e+00 -2.0881e+00 +1.1081e+00 -3.2497e+00 -1.7072e+00 -1.6575e+00 -3.1723e+00 +7.8725e-02 -2.0964e+00 +3.2081e-01 +2.4797e+00 -5.2307e+00 +1.9604e+00
326 +3.611811724e+02 +3.611811724e+02 -1.009088276e+02 -1.009088276e+02 -2.6200e+00 -6.1265e-01 -3.4083e+00 -2.8631e-01 +1.4036e+00 -1.1255e+00 +4.1431e-01 +1.1573e+00 +3.8617e+00 -9.9281e-01 -2.7070e+00 -3.1100e+00 +5.5008e-01 -1.9691e+00 -1.9597e+00 -3.8100e+00 -7.0113e-01 +4.4351e-01 -5.2357e+00 +2.0894e+00
437 +2.045183420e+02 +2.045183420e+02 -2.575716580e+02 -2.575716580e+02 -2.5735e+00 +4.3648e-01 +2.8064e+00 -6.1137e-01 +2.9308e+00 +2.4159e+00 +1.7208e+00 +2.3928e+00 +2.8747e+00 -2.2148e+00 -2.6974e+00 -4.2203e+00 -6.3672e-01 -1.4828e+00 -1.0139e+00 -5.0394e+00 -1.0994e+00 +2.2549e+00 -1.9261e+00 +2.5051e+00
869 +1.560621718e+02 +1.560621718e+02 -3.060278282e+02 -3.060278282e+02 -1.8387e+00 +2.4397e+00 +2.0922e+00 +8.6537e-01 +3.0261e+00 +2.6438e+00 +2.0012e+00 +2.6027e+00 +2.2981e+00 +1.3934e-01 -1.6644e+00 -4.3992e+00 -1.2763e-01 -2.3183e+00 -1.7807e+00 -4.1581e+00 +7.8777e-02 +3.2280e+00 -2.1484e+00 +1.7572e+00
1488 +9.978929704e+01 +9.978929704e+01 -3.623007030e+02 -3.623007030e+02 -1.5358e+00 +2.2986e+00 +2.3286e+00 +2.1874e+00 +2.9547e+00 +1.4106e+00 +3.0599e+00 +2.1433e+00 +2.4454e+00 -5.3451e-01 -2.7566e+00 -4.1220e+00 -2.1105e-01 -2.9254e+00 -1.8173e+00 -4.7221e+00 -7.2452e-01 +2.9149e+00 -2.4500e+00 +2.2405e+00
1652 +6.191524202e+01 +6.191524202e+01 -4.001747580e+02 -4.001747580e+02 -1.4295e+00 +2.2822e+00 +2.2990e+00 +2.4523e+00 +2.9807e+00 +1.2980e+00 +3.2651e+00 +2.5224e+00 +2.3915e+00 -5.1349e-01 -2.7058e+00 -3.7680e+00 -2.3262e-02 -2.9352e+00 -1.8252e+00 -4.8338e+00 -6.8439e-01 +3.0169e+00 -2.5054e+00 +2.4876e+00
1904 +3.976889246e+01 +3.976889246e+01 -4.223211075e+02 -4.223211075e+02 -1.2936e+00 +2.2386e+00 +2.1618e+00 +2.4053e+00 +3.0194e+00 +1.3576e+00 +3.2276e+00 +2.5588e+00 +2.4198e+00 -5.6766e-01 -2.6913e+00 -3.7410e+00 -1.2911e-01 -2.9385e+00 -1.8273e+00 -4.8051e+00 -7.0543e-01 +2.9458e+00 -2.4364e+00 +2.3998e+00
2097 +2.492200572e+01 +2.492200572e+01 -4.371679943e+02 -4.371679943e+02 -1.3607e+00 +2.2857e+00 +2.2603e+00 +2.4655e+00 +3.0910e+00 +1.3688e+00 +3.3000e+00 +2.6123e+00 +2.3968e+00 -5.6243e-01 -2.7441e+00 -3.7694e+00 -1.4192e-01 -2.9719e+00 -1.7955e+00 -4.7714e+00 -7.0122e-01 +2.9406e+00 -2.4754e+00 +2.4265e+00
24956 +1.558878165e+01 +1.558878165e+01 -4.465012184e+02 -4.465012184e+02 -2.3516e+00 +2.3081e+00 +5.9116e-01 -1.6209e-01 +3.1680e+00 +3.0058e+00 +3.2767e+00 +3.2895e+00 +1.7905e+00 +6.9881e-02 -3.2997e+00 -3.7648e+00 -1.4096e-01 -2.9427e+00 -1.7864e+00 -3.9474e+00 -3.2989e-01 +2.9560e+00 -3.1561e+00 +2.1820e+00
73193 +9.599886527e+00 +9.599886527e+00 -4.524901135e+02 -4.524901135e+02 -2.3348e+00 +2.2937e+00 +2.2215e+00 +1.6203e+00 +2.3033e+00 +2.9849e+00 +3.2736e+00 +2.6166e+00 +2.3782e+00 +6.0429e-02 -3.3224e+00 -4.3250e+00 -6.1754e-01 -2.9682e+00 -1.3844e+00 -4.3025e+00 -3.3759e-01 +2.9426e+00 -2.4449e+00 +1.8179e+00
442915 +6.307917898e+00 +6.307917898e+00 -4.557820821e+02 -4.557820821e+02 -2.3475e+00 +2.2875e+00 +2.2205e+00 +7.3655e-01 +2.2918e+00 +2.9835e+00 +3.2952e+00 +2.6102e+00 +1.8048e+00 +5.2031e-02 -3.3228e+00 -4.3081e+00 -1.3899e-01 -3.3969e+00 -1.3807e+00 -3.9297e+00 -3.3787e-01 +2.9495e+00 -2.8287e+00 +2.1853e+00
1408453 +3.981063791e+00 +3.981063791e+00 -4.581089362e+02 -4.581089362e+02 -2.3403e+00 +2.2999e+00 +2.2142e+00 +7.2787e-01 +2.2996e+00 +2.9922e+00 +3.2521e+00 +2.5977e+00 +1.8036e+00 +5.7909e-02 -2.7505e+00 -4.3081e+00 -1.3865e-01 -2.9608e+00 -1.3847e+00 -3.9241e+00 -3.3912e-01 +2.9482e+00 -2.8296e+00 +2.1803e+00
% function evaluation | noise-free fitness - Fopt (-4.620900000000e+02) | best noise-free fitness - Fopt | measured fitness | best measured fitness | x1 | x2...
1 +1.618408573e+03 +1.618408573e+03 +1.156318573e+03 +1.156318573e+03 +3.6602e-01 -8.2321e-02 +7.7461e-01 -1.3063e+00 -3.5585e+00 -2.5258e-01 +3.6803e-01 -6.1859e-01 +3.5238e+00 -5.0474e-01 -3.6418e+00 +9.5640e-01 +3.5780e+00 +3.4953e+00 +3.3006e-01 -2.4780e+00 +8.4259e-01 +4.9651e-01 -1.1663e+00 -7.2574e-01
2 +1.154094975e+03 +1.154094975e+03 +6.920049749e+02 +6.920049749e+02 +2.7938e+00 -3.2322e-01 +4.1771e-01 +1.7337e-01 +6.4350e-02 -1.4280e-01 -2.8608e+00 +1.7891e+00 +4.9658e+00 +4.7786e-01 -7.1981e+00 -9.5639e-02 +3.8676e+00 +8.1933e-01 +9.1901e-01 +9.5744e-02 -7.4677e-01 +2.5255e-01 -1.6621e+00 -4.7812e-01
27 +9.888404364e+02 +9.888404364e+02 +5.267504364e+02 +5.267504364e+02 +2.0892e+00 +6.8803e-01 +4.4194e+00 -5.9903e-01 -3.0312e+00 -6.7268e-01 -2.4635e+00 -9.9602e-01 +5.2172e+00 -1.2080e+00 -3.7128e+00 +8.3639e-01 +1.9441e+00 +1.0524e+00 -2.1272e+00 -3.0620e+00 -1.4559e-01 -1.3789e-01 -4.8357e-01 +8.6684e-01
51 +5.988435741e+02 +5.988435741e+02 +1.367535741e+02 +1.367535741e+02 +1.7371e+00 +1.7986e+00 +4.3178e+00 +5.7453e-01 +2.4773e-01 +2.0859e+00 -5.0018e-01 -1.5719e+00 +3.9033e+00 -4.0650e-01 -2.6863e+00 -1.6061e+00 +1.6789e+00 +2.1804e-01 -2.9229e+00 -1.6898e+00 -1.0414e+00 -8.6186e-01 -2.6887e+00 +2.9622e+00
133 +3.413204969e+02 +3.413204969e+02 -1.207695031e+02 -1.207695031e+02 +1.2609e+00 +4.4239e+00 +1.2246e+00 +6.1670e-01 +1.8389e-01 +3.6925e+00 +8.9804e-02 -8.6507e-01 -1.3635e-02 -6.1837e-01 -5.0567e-01 -1.9073e+00 +2.9382e-01 -1.2292e+00 -1.4310e-01 -5.3546e+00 -1.0224e+00 +1.5349e+00 -2.4888e+00 +1.8261e+00
337 +2.382187291e+02 +2.382187291e+02 -2.238712709e+02 -2.238712709e+02 -1.2621e+00 +1.2457e+00 +1.1803e+00 +1.9523e+00 +2.8387e+00 +1.8498e+00 +2.4482e-01 +1.5283e+00 +5.6752e-01 -8.0156e-01 -2.5903e+00 -5.3464e+00 -3.7262e-01 -2.0328e+00 -9.3903e-01 -4.2966e+00 -1.0939e+00 +2.4831e+00 -2.7755e+00 +2.5930e+00
1830 +1.340340021e+02 +1.340340021e+02 -3.280559979e+02 -3.280559979e+02 -2.3339e+00 -1.5095e+00 +2.0695e+00 +3.6206e-01 +9.9653e-01 +1.5259e+00 +3.8428e-01 +1.9153e+00 +1.0867e+00 -6.4791e-01 -2.3173e+00 -4.1501e+00 -1.1244e+00 -3.4236e+00 -1.3776e+00 -3.9753e+00 +4.7028e-01 +3.3917e+00 -2.5690e+00 +2.1756e+00
2288 +9.991851992e+01 +9.991851992e+01 -3.621714801e+02 -3.621714801e+02 -2.3869e+00 -1.5565e+00 +2.0788e+00 +7.6544e-01 +8.1381e-01 +1.4927e+00 +4.5820e-01 +1.8152e+00 +1.2092e+00 -5.5654e-01 -2.7641e+00 -4.8229e+00 -1.5078e+00 -3.3963e+00 -1.4560e+00 -3.9119e+00 +1.0259e+00 +3.0291e+00 -2.8509e+00 +2.4701e+00
10627 +6.058219095e+01 +6.058219095e+01 -4.015078091e+02 -4.015078091e+02 -2.2980e+00 +2.4549e+00 +2.3250e+00 +6.5912e-01 +1.4254e+00 +3.5254e+00 +1.8427e+00 +3.3692e+00 +2.4683e+00 +8.0940e-01 -2.1792e+00 -3.7666e+00 -6.1615e-01 -2.9602e+00 -2.2374e+00 -3.9212e+00 -6.8427e-03 +3.7236e+00 -2.1671e+00 +1.8629e+00
11026 +3.886135479e+01 +3.886135479e+01 -4.232286452e+02 -4.232286452e+02 -2.3145e+00 +2.3495e+00 +2.2493e+00 +7.5789e-01 +1.5014e+00 +3.6550e+00 +1.8192e+00 +3.2941e+00 +2.3793e+00 +6.1344e-01 -2.2275e+00 -3.7466e+00 -6.0784e-01 -2.9414e+00 -2.2382e+00 -3.9127e+00 -1.7153e-02 +3.3334e+00 -2.0596e+00 +1.8604e+00
11461 +2.504826646e+01 +2.504826646e+01 -4.370417335e+02 -4.370417335e+02 -2.3671e+00 +2.3116e+00 +2.2389e+00 +7.1160e-01 +1.4593e+00 +3.6712e+00 +1.7972e+00 +3.2378e+00 +2.3838e+00 +6.1145e-01 -2.2027e+00 -3.7226e+00 -6.0693e-01 -2.9617e+00 -2.2563e+00 -3.9213e+00 +8.6831e-02 +3.3750e+00 -2.1211e+00 +1.8190e+00
24651 +1.479543425e+01 +1.479543425e+01 -4.472945657e+02 -4.472945657e+02 -2.3450e+00 +2.2844e+00 +2.2091e+00 +7.1135e-01 +2.2898e+00 +2.1553e+00 +3.2091e+00 +1.8831e+00 +1.8201e+00 +3.6816e-02 -3.3523e+00 -3.7729e+00 -1.1287e-01 -3.3764e+00 -1.3938e+00 -3.8808e+00 +6.5667e-02 +3.3928e+00 -2.4012e+00 +1.8211e+00
25011 +9.826065540e+00 +9.826065540e+00 -4.522639345e+02 -4.522639345e+02 -2.3507e+00 +2.3331e+00 +2.2093e+00 +7.1813e-01 +2.3489e+00 +2.1698e+00 +3.2448e+00 +1.8730e+00 +1.8053e+00 +8.4876e-02 -3.3035e+00 -3.8072e+00 -1.3489e-01 -3.4115e+00 -1.3819e+00 -3.9288e+00 +9.3006e-02 +3.3524e+00 -2.4415e+00 +1.8343e+00
145504 +6.259768006e+00 +6.259768006e+00 -4.558302320e+02 -4.558302320e+02 -2.3492e+00 +2.3050e+00 +2.2200e+00 +7.1997e-01 +3.1652e+00 +2.9843e+00 +3.2370e+00 +2.5936e+00 +1.7989e+00 +6.5950e-02 -3.3258e+00 -3.7914e+00 -1.3723e-01 -2.9638e+00 -1.3873e+00 -3.9270e+00 -3.4211e-01 +2.9428e+00 -2.4309e+00 +2.1861e+00
% function evaluation | noise-free fitness - Fopt (7.766000000000e+01) | best noise-free fitness - Fopt | measured fitness | best measured fitness | x1 | x2...
1 +2.721599216e+03 +2.721599216e+03 +2.799259216e+03 +2.799259216e+03 +3.3662e+00 -2.4371e+00 -2.2729e+00 +1.9961e+00 -1.2820e+00 -3.4860e+00 -8.1552e-01 -3.1852e+00 +3.0461e+00 -2.6544e+00 -5.5669e-01 +2.3770e+00 +1.4030e+00 -1.4304e+00 +3.3032e+00 +1.4994e+00 +3.7871e+00 +3.0179e+00 +3.1526e-01 -3.6901e+00
6 +1.842317858e+03 +1.842317858e+03 +1.919977858e+03 +1.919977858e+03 +3.5609e+00 +1.5319e-02 -2.6803e-01 +2.3243e+00 -7.1996e-01 -1.9078e+00 -2.9336e+00 -1.8772e+00 +1.0219e+00 -2.0002e+00 +2.9863e+00 +1.6456e+00 +1.3889e+00 +3.0198e+00 +2.5796e+00 +4.4552e+00 +2.4008e+00 +1.9113e+00 +1.2014e+00 -7.0218e+00
29 +1.560624432e+03 +1.560624432e+03 +1.638284432e+03 +1.638284432e+03 +1.9474e+00 +5.1423e-01 -5.7230e-01 -2.1379e+00 -2.4371e+00 -4.9243e-01 +3.8657e-01 -1.6929e+00 +3.6701e+00 -5.2580e+00 +2.4588e+00 +6.6071e+00 +2.4865e+00 +1.3561e+00 +1.4089e-01 +4.0989e+00 +2.1582e+00 +1.3190e+00 +7.5732e-01 -1.7692e+00
32 +8.937318515e+02 +8.937318515e+02 +9.713918515e+02 +9.713918515e+02 +3.8273e+00 -3.6578e+00 -2.8945e+00 -5.3699e-01 -9.7206e-01 -9.8335e-01 +1.7811e+00 -6.4287e-02 +5.5233e+00 -5.6597e+00 +1.3974e-01 +2.5858e+00 +3.0246e+00 -5.8694e-02 +1.4781e+00 +4.8366e+00 +7.9132e-01 -2.8055e+00 +1.9734e+00 -4.8120e+00
79 +6.275602509e+02 +6.275602509e+02 +7.052202509e+02 +7.052202509e+02 +6.0600e+00 -2.8497e+00 -3.9684e+00 -2.1412e+00 -4.8401e+00 -3.8544e+00 +9.9165e-01 +1.1108e+00 +3.1433e+00 -5.3147e+00 -2.6793e+00 +4.1942e+00 -3.2155e-01 -3.1007e-01 -2.8747e+00 +2.7576e+00 -1.6891e+00 -3.9607e+00 +1.4228e+00 -4.4364e+00
94 +3.929000508e+02 +3.929000508e+02 +4.705600508e+02 +4.705600508e+02 +2.6512e+00 -7.5280e-01 -5.0969e-01 +5.3834e+00 -4.1859e+00 -1.2014e+00 +1.8748e+00 -1.1146e+00 +4.1299e+00 -8.2592e+00 +7.0271e-01 +8.0281e-01 +1.1734e+00 -1.2507e+00 -1.9802e+00 +5.7452e-01 -1.1387e+00 -3.2511e+00 +1.9937e+00 -5.0344e+00
260 +2.345496554e+02 +2.345496554e+02 +3.122096554e+02 +3.122096554e+02 +4.8386e-01 -2.3921e+00 +2.9901e-01 +2.4544e+00 -3.1147e+00 +8.8129e-01 +8.0559e-01 +2.8199e+00 +9.5974e-01 -2.7728e+00 +1.3398e+00 +1.2029e+00 +1.2500e+00 +2.0995e-01 -1.9529e+00 +4.4999e-01 -3.1935e-02 -4.4027e+00 +2.6805e+00 -2.9974e+00
555 +1.375017066e+02 +1.375017066e+02 +2.151617066e+02 +2.151617066e+02 +9.1369e-01 -2.7767e+00 -4.0867e-01 +2.4542e+00 -3.2128e+00 -1.8537e+00 +1.8207e+00 +1.3779e+00 +6.2029e-01 -4.3542e+00 +2.8559e+00 -1.2013e+00 +1.4888e+00 -1.9939e+00 -3.7008e+00 +1.8071e+00 -2.0605e-01 -2.4228e+00 +2.1267e+00 -3.7512e+00
1238 +8.976081389e+01 +8.976081389e+01 +1.674208139e+02 +1.674208139e+02 +1.2045e+00 -2.7689e+00 -3.8847e-01 +4.1469e+00 -3.2406e+00 +1.1504e-01 +1.3878e+00 -5.0065e-01 +1.2534e+00 -4.4067e+00 +2.3507e+00 -3.8833e-01 +1.6690e+00 -1.0775e+00 -3.2137e+00 +4.5847e-01 -6.1874e-01 -2.4457e+00 +2.4019e+00 -3.5102e+00
1505 +5.596468579e+01 +5.596468579e+01 +1.336246858e+02 +1.336246858e+02 +1.3429e+00 -2.6789e+00 -3.6882e-01 +4.1822e+00 -3.3541e+00 +1.5169e-01 +1.3199e+00 -6.3014e-01 +1.3705e+00 -4.5027e+00 +2.4602e+00 -3.5063e-01 +1.6360e+00 -1.1133e+00 -3.2404e+00 +4.8692e-01 -6.6154e-01 -2.7396e+00 +2.8196e+00 -3.4314e+00
1813 +3.886541693e+01 +3.886541693e+01 +1.165254169e+02 +1.165254169e+02 +1.3898e+00 -2.6277e+00 -3.7748e-01 +4.2186e+00 -3.3050e+00 +2.1989e-01 +1.2129e+00 -6.0405e-01 +1.2762e+00 -4.4778e+00 +2.4093e+00 -4.0584e-01 +1.6361e+00 -1.1037e+00 -3.2345e+00 +5.1835e-01 -6.4781e-01 -2.7388e+00 +2.7523e+00 -3.4607e+00
11425 +2.482759594e+01 +2.482759594e+01 +1.024875959e+02 +1.024875959e+02 +1.3671e+00 -8.3727e-01 -1.2963e+00 +4.2147e+00 -2.4274e+00 +2.5827e-01 -6.8769e-01 +1.0660e-01 +7.9811e-01 -3.3250e+00 +3.4834e+00 +1.5557e-01 -1.8923e-01 -1.6063e+00 -2.8409e+00 +1.8213e+00 -3.1111e-01 -2.7529e+00 +3.5002e+00 -2.8072e+00
25223 +1.579979571e+01 +1.579979571e+01 +9.345979571e+01 +9.345979571e+01 +2.3986e+00 -2.6472e+00 -2.2057e+00 +3.3052e+00 -1.5906e+00 +9.5148e-01 +1.2552e+00 -5.9665e-01 -4.9252e-01 -3.8514e+00 +2.9439e+00 +1.4861e-01 +2.9847e-01 -2.0581e+00 -2.8200e+00 +1.3630e+00 -3.0344e-01 -2.7442e+00 +2.7629e+00 -3.0834e+00
64465 +9.731232168e+00 +9.731232168e+00 +8.739123217e+01 +8.739123217e+01 +2.4169e+00 -8.4362e-01 -1.2526e+00 +3.3367e+00 -2.4753e+00 -5.5211e-01 +1.3245e+00 +8.0911e-01 +7.6240e-01 -3.8472e+00 +2.3644e+00 +1.9011e-01 -1.7031e-01 -1.6146e+00 -2.8214e+00 +9.6752e-01 -3.0091e-01 -2.3265e+00 +2.7573e+00 -3.4423e+00
490097 +6.265385860e+00 +6.265385860e+00 +8.392538586e+01 +8.392538586e+01 +2.4095e+00 -8.6207e-01 -2.1963e+00 +3.3234e+00 -2.4615e+00 -5.3692e-01 +5.9003e-01 +1.0792e-01 +7.4656e-01 -4.4838e+00 +2.3851e+00 -3.7238e-01 +2.9534e-01 -1.5990e+00 -2.8261e+00 +1.3495e+00 -2.9927e-01 -2.7451e+00 +3.1567e+00 -3.4535e+00
% function evaluation | noise-free fitness - Fopt (7.766000000000e+01) | best noise-free fitness - Fopt | measured fitness | best measured fitness | x1 | x2...
1 +8.525843499e+02 +8.525843499e+02 +9.302443499e+02 +9.302443499e+02 +8.1391e-02 +3.9518e+00 +1.2635e+00 -1.1165e+00 -3.0741e+00 -6.1947e-01 -5.7537e-01 -2.4875e+00 -1.6364e-01 -2.6592e+00 +1.6372e+00 +9.2182e-01 -4.0041e-01 +1.7482e+00 -2.6886e+00 +2.6199e+00 -7.3158e-01 +1.2254e+00 -2.2918e-01 -3.8877e+00
16 +5.860342650e+02 +5.860342650e+02 +6.636942650e+02 +6.636942650e+02 -2.8524e-01 +4.3204e+00 +1.9124e+00 +8.3032e-01 -1.9585e+00 +5.1981e+00 +8.8199e-01 -1.3178e+00 -7.0155e-01 -2.0650e+00 +2.5443e+00 +3.1354e+00 -1.8043e-02 +2.7395e-02 -1.6908e+00 -1.6347e-02 -1.3867e+00 -1.9249e+00 -2.6899e-01 -5.2234e+00
111 +3.592684400e+02 +3.592684400e+02 +4.369284400e+02 +4.369284400e+02 +5.1798e-01 +2.0677e+00 +3.4604e+00 +2.6878e+00 -9.9207e-01 +1.5446e+00 +9.0135e-01 -4.8795e-01 -3.2378e+00 -4.8493e+00 +1.8284e+00 -6.6424e-03 +2.4288e+00 -1.4112e+00 -4.9752e-01 +1.7452e+00 +8.3757e-02 -3.1767e+00 +1.6992e+00 -3.0773e+00
230 +2.345982434e+02 +2.345982434e+02 +3.122582434e+02 +3.122582434e+02 +4.9644e-01 +2.2723e+00 -7.6538e-02 +2.6050e+00 -1.3896e+00 +2.2494e+00 +1.5392e+00 -1.8128e+00 +5.4307e-02 -4.0548e+00 +2.3448e+00 +1.6733e+00 +2.3278e-01 -2.4922e+00 -2.5322e+00 +2.2651e+00 -1.4076e+00 -2.7771e+00 +2.5823e+00 -2.9961e+00
435 +1.524620956e+02 +1.524620956e+02 +2.301220956e+02 +2.301220956e+02 +2.3471e+00 +6.3680e-01 -3.5564e-01 +4.1659e+00 -2.5293e+00 +1.7311e-01 -2.0515e-01 +3.0368e-01 +1.0949e-02 -4.3172e+00 +1.5465e+00 -4.9509e-01 +8.8493e-01 -1.0963e+00 -3.7169e+00 +1.3723e+00 -1.1583e+00 -1.5991e+00 +3.1393e+00 -2.6231e+00
1071 +9.166681779e+01 +9.166681779e+01 +1.693268178e+02 +1.693268178e+02 +2.5726e+00 -9.1481e-01 -2.0842e-01 +2.5195e+00 -2.1409e+00 +1.9712e-01 +7.4828e-01 -5.0405e-01 +9.4935e-01 -3.1768e+00 +2.3462e+00 -3.3981e-01 -2.9087e-01 -2.0216e+00 -2.7934e+00 +1.4020e+00 -3.7019e-01 -2.7021e+00 +2.0173e+00 -3.4514e+00
1495 +5.773197241e+01 +5.773197241e+01 +1.353919724e+02 +1.353919724e+02 +2.4782e+00 -9.5497e-01 -4.0212e-01 +3.3532e+00 -2.4242e+00 +2.7048e-01 +6.2450e-01 +1.0230e-01 +9.2296e-01 -3.1936e+00 +2.3185e+00 +2.7216e-01 +2.3706e-01 -1.5877e+00 -2.8284e+00 +1.3368e+00 -2.2218e-01 -2.7061e+00 +1.7233e+00 -3.1440e+00
1586 +3.946702290e+01 +3.946702290e+01 +1.171270229e+02 +1.171270229e+02 +2.3699e+00 -9.3769e-01 -4.0426e-01 +3.3287e+00 -2.4897e+00 +3.0571e-01 +7.2613e-01 +9.1561e-02 +8.4679e-01 -3.2766e+00 +2.3244e+00 +1.0055e-01 +3.0555e-01 -1.5800e+00 -2.7608e+00 +1.3551e+00 -3.4515e-01 -2.7421e+00 +1.7785e+00 -3.1242e+00
1735 +2.492061127e+01 +2.492061127e+01 +1.025806113e+02 +1.025806113e+02 +2.3487e+00 -8.1197e-01 -3.3400e-01 +3.2994e+00 -2.3994e+00 +3.0449e-01 +5.4863e-01 +1.2774e-01 +7.5776e-01 -3.2897e+00 +2.3284e+00 +1.4814e-01 +3.5512e-01 -1.6245e+00 -2.8196e+00 +1.3905e+00 -3.1801e-01 -2.7275e+00 +1.7671e+00 -3.0800e+00
2005 +1.573939224e+01 +1.573939224e+01 +9.339939224e+01 +9.339939224e+01 +2.4082e+00 -8.4968e-01 -3.4462e-01 +3.3267e+00 -2.4446e+00 +2.7518e-01 +5.7548e-01 +1.1680e-01 +7.4964e-01 -3.3084e+00 +2.3661e+00 +1.5948e-01 +3.1400e-01 -1.6000e+00 -2.8088e+00 +1.3510e+00 -2.9136e-01 -2.7497e+00 +1.7623e+00 -3.0957e+00
59162 +9.708705227e+00 +9.708705227e+00 +8.736870523e+01 +8.736870523e+01 +2.4074e+00 +1.1462e-01 -2.1704e+00 +4.2255e+00 -2.4507e+00 -5.3369e-01 +5.9127e-01 +1.0410e-01 +1.6238e-01 -4.4451e+00 +2.3979e+00 +1.0868e-01 +2.9422e-01 -1.5897e+00 -2.8219e+00 +1.3290e+00 -2.9074e-01 -2.3420e+00 +2.7839e+00 -3.4433e+00
61282 +6.233630753e+00 +6.233630753e+00 +8.389363075e+01 +8.389363075e+01 +2.3971e+00 +1.1316e-01 -2.1994e+00 +4.2258e+00 -2.4631e+00 -5.4292e-01 +5.8542e-01 +1.0703e-01 +1.6603e-01 -4.4901e+00 +2.3857e+00 +1.4798e-01 +2.9837e-01 -1.6030e+00 -2.8172e+00 +1.3510e+00 -2.9070e-01 -2.3328e+00 +2.7665e+00 -3.4577e+00
% function evaluation | noise-free fitness - Fopt (7.766000000000e+01) | best noise-free fitness - Fopt | measured fitness | best measured fitness | x1 | x2...
1 +4.235803457e+03 +4.235803457e+03 +4.313463457e+03 +4.313463457e+03 -2.7706e+00 -7.2788e-02 -3.6898e-01 +3.4317e+00 +5.9752e-01 -1.4054e+00 +1.4065e+00 -2.7934e+00 -1.5782e+00 -2.1602e+00 -6.1657e-01 +2.4907e+00 +3.9718e+00 -1.7255e+00 -2.3835e+00 +1.5415e+00 -1.9680e-01 -3.9249e-01 +5.9867e-01 +3.2249e+00
4 +2.694380629e+03 +2.694380629e+03 +2.772040629e+03 +2.772040629e+03 +1.7305e+00 -1.9169e+00 +3.9786e-01 +4.1684e+00 +1.5079e+00 -2.7575e+00 +8.7891e-01 -7.0591e-01 -4.4208e-01 -3.0086e-01 +2.9378e+00 +3.8515e+00 +2.6801e+00 -1.1257e+00 -2.8272e+00 -2.5152e+00 -1.3784e+00 -1.7994e+00 +6.3429e-01 +2.5289e+00
6 +1.384819029e+03 +1.384819029e+03 +1.462479029e+03 +1.462479029e+03 -3.3503e+00 -3.2722e-01 +3.3263e-01 +4.2895e+00 -2.8961e-01 -2.4199e+00 +4.9622e+00 -1.0632e+00 -9.7737e-01 +2.6594e-01 +1.0552e+00 +5.6450e-01 +4.0188e+00 -2.7021e+00 -1.5949e+00 -1.4908e-01 -3.0471e+00 -1.5426e+00 +1.1355e+00 +1.0659e+00
20 +9.532762756e+02 +9.532762756e+02 +1.030936276e+03 +1.030936276e+03 -3.5506e+00 +2.8423e-01 +2.3748e+00 +3.6577e+00 +9.0745e-01 -2.5214e+00 +3.2893e+00 -2.3224e+00 -3.2993e+00 +2.0406e+00 +2.5267e+00 -4.6688e-01 +4.8408e+00 -2.4303e+00 -2.7807e+00 -3.0043e-01 -1.9819e+00 -3.3713e+00 +5.0549e-01 -4.8683e+00
31 +5.745417179e+02 +5.745417179e+02 +6.522017179e+02 +6.522017179e+02 -5.2725e+00 -1.6981e+00 -1.2973e+00 +2.1892e+00 +5.1422e-01 -1.6019e+00 +2.6252e+00 -7.5384e-01 -1.9574e+00 -6.6786e-01 +2.5759e+00 +1.6366e+00 +4.0505e+00 -4.6060e+00 -4.1683e+00 -6.4450e-01 -1.2101e+00 -2.4007e+00 +2.9641e+00 -4.0756e+00
98 +3.971062590e+02 +3.971062590e+02 +4.747662590e+02 +4.747662590e+02 -3.1563e+00 -3.1274e+00 -9.6888e-01 +2.1302e+00 -2.8193e+00 +6.6047e-01 -1.1567e+00 -8.1537e-01 -3.8756e-01 -2.8360e+00 +3.1279e+00 -5.8413e-01 -1.8701e+00 +3.7057e-01 -3.5694e+00 -1.2919e+00 +7.8663e-01 -2.7554e+00 +2.9674e+00 -2.8521e+00
291 +2.349505820e+02 +2.349505820e+02 +3.126105820e+02 +3.126105820e+02 -6.6697e-01 +9.7529e-02 -6.4181e-01 +3.7058e+00 -4.1153e+00 -4.2691e+00 +1.5024e+00 +1.0737e+00 -1.8934e-01 -3.2892e+00 +2.0939e+00 +6.4643e-01 +3.8387e-01 -2.0532e+00 -3.3527e+00 +5.7791e-01 -6.0713e-01 -2.6544e+00 +2.9940e+00 -4.4719e+00
825 +1.537692962e+02 +1.537692962e+02 +2.314292962e+02 +2.314292962e+02 +6.5800e-01 -9.9526e-01 -1.4857e+00 +1.8197e+00 -3.9994e+00 -4.7215e-01 +7.8874e-01 -6.1489e-01 +1.9828e-01 -3.5772e+00 +3.4542e+00 -2.9589e-01 +1.0552e+00 -1.6504e+00 -2.2272e+00 +2.2831e-01 +3.9327e-02 -2.3415e+00 +2.3697e+00 -3.1619e+00
1361 +9.640405685e+01 +9.640405685e+01 +1.740640569e+02 +1.740640569e+02 +4.6706e-01 -9.9565e-01 -1.1653e+00 +2.4893e+00 -3.3921e+00 -3.6649e-01 +1.4116e+00 -5.4111e-01 +2.0167e-01 -4.0075e+00 +3.4898e+00 +1.4288e-03 +8.2399e-01 -1.5980e+00 -2.7801e+00 +2.3758e-01 -2.9865e-01 -1.9520e+00 +2.3440e+00 -2.8683e+00
1516 +5.573493320e+01 +5.573493320e+01 +1.333949332e+02 +1.333949332e+02 +4.5466e-01 -8.8609e-01 -1.4192e+00 +2.5031e+00 -3.3242e+00 -5.0845e-01 +1.3641e+00 -5.2347e-01 +7.5423e-02 -3.7888e+00 +3.5060e+00 +1.2912e-01 +7.6858e-01 -1.6336e+00 -2.7630e+00 +2.0822e-01 -3.1540e-01 -1.9499e+00 +2.5002e+00 -3.0558e+00
1673 +3.950137487e+01 +3.950137487e+01 +1.171613749e+02 +1.171613749e+02 +4.0285e-01 -9.5676e-01 -1.3914e+00 +2.5123e+00 -3.2999e+00 -5.3884e-01 +1.3451e+00 -5.9295e-01 +1.3026e-01 -3.9271e+00 +3.4817e+00 +1.5630e-01 +8.3519e-01 -1.5888e+00 -2.8050e+00 +2.0705e-01 -3.2120e-01 -1.9338e+00 +2.4401e+00 -3.0836e+00
2418 +2.511127503e+01 +2.511127503e+01 +1.027712750e+02 +1.027712750e+02 +4.6499e-01 -8.5754e-01 -1.2687e+00 +2.4489e+00 -3.2988e+00 -5.3486e-01 +1.3380e+00 -5.9656e-01 +1.6598e-01 -3.8572e+00 +3.4907e+00 +1.4291e-01 +7.9980e-01 -1.6005e+00 -2.8219e+00 +2.1362e-01 -2.9820e-01 -1.9331e+00 +2.4396e+00 -3.0868e+00
11738 +1.552946387e+01 +1.552946387e+01 +9.318946387e+01 +9.318946387e+01 +2.4024e+00 -8.6155e-01 -2.9571e+00 +2.4690e+00 -3.3188e+00 -5.1326e-01 +1.3087e+00 +9.8160e-02 -4.7961e-01 -3.2980e+00 +2.3905e+00 -3.6447e-01 +3.0024e-01 -1.5862e+00 -2.8169e+00 +1.3448e+00 -3.0115e-01 -2.3256e+00 +3.1622e+00 -3.0915e+00
28482 +9.668249054e+00 +9.668249054e+00 +8.732824905e+01 +8.732824905e+01 +2.4045e+00 -8.4656e-01 -2.1833e+00 +4.2221e+00 -2.4832e+00 -5.4231e-01 +1.3303e+00 +1.2094e-01 -5.0522e-01 -3.8624e+00 +2.9665e+00 -3.7187e-01 -1.8456e-01 -2.0439e+00 -2.8227e+00 +1.3486e+00 +1.4173e-01 -2.7595e+00 +3.1743e+00 -3.4587e+00
82145 +5.753757953e+00 +5.753757953e+00 +8.341375795e+01 +8.341375795e+01 +2.4207e+00 -8.6459e-01 -1.2738e+00 +3.3116e+00 -1.6009e+00 +2.7126e-01 +5.9833e-01 +7.4888e-01 +1.7065e-01 -3.8582e+00 +2.9449e+00 +1.6967e-01 +3.0399e-01 -2.0489e+00 -2.8113e+00 +1.3598e+00 -2.8971e-01 -2.7520e+00 +2.7712e+00 -3.0882e+00
% function evaluation | noise-free fitness - Fopt (1.156800000000e+02) | best noise-free fitness - Fopt | measured fitness | best measured fitness | x1 | x2...
1 +1.297510512e+03 +1.297510512e+03 +1.413190512e+03 +1.413190512e+03 +1.0974e+00 -3.4093e+00 +3.6987e+00 -3.2953e+00 +2.4092e+00 +1.1030e+00 +3.5567e+00 +7.6570e-01 +9.5069e-01 -1.4424e+00 +1.7816e+00 -5.6479e-01 -1.8697e+00 +9.1882e-01 +1.3564e+00 -3.0731e+00 -1.7485e+00 +1.5540e+00 -2.4138e+00 -1.8560e+00
31 +9.496434332e+02 +9.496434332e+02 +1.065323433e+03 +1.065323433e+03 -4.3186e+00 -5.1617e+00 +3.8190e+00 -1.4790e+00 +1.5925e+00 +2.9352e+00 -9.8418e-02 +3.4588e+00 -3.7728e+00 -2.5349e+00 +3.1445e+00 -3.4380e+00 -3.0882e+00 -4.3882e+00 -5.8847e-01 -2.7026e+00 -3.6131e+00 +3.3278e+00 -7.3617e-01 -3.2007e+00
52 +5.236974423e+02 +5.236974423e+02 +6.393774423e+02 +6.393774423e+02 -2.9348e+00 -7.1653e+00 +2.5135e+00 -2.6271e+00 +1.1840e+00 -1.3721e+00 -3.1989e+00 +1.8963e+00 -2.9780e+00 -2.2611e+00 +1.9052e+00 -3.8212e+00 -6.1863e-01 -3.4543e-01 -2.4486e-01 -1.9408e+00 -2.8198e-01 +3.0605e+00 +2.3835e+00 -1.0188e+00
273 +3.443950999e+02 +3.443950999e+02 +4.600750999e+02 +4.600750999e+02 -3.2469e+00 -2.6149e+00 +4.8476e+00 +1.5669e+00 -7.0344e+00 -3.8854e+00 -3.9825e+00 +8.1330e-01 -5.4987e+00 -4.9757e+00 +4.5600e+00 -2.9037e+00 -1.6863e+00 +2.7180e+00 -3.2125e+00 -2.3291e-01 -7.8035e-01 +4.5258e+00 +3.8790e+00 -7.6172e-01
441 +2.336424431e+02 +2.336424431e+02 +3.493224431e+02 +3.493224431e+02 +9.5399e-01 -1.3486e-02 +2.5979e+00 +2.2570e+00 -2.9401e+00 -5.1760e+00 -4.2552e+00 +3.1922e+00 -6.5260e+00 -3.0034e+00 +4.8438e+00 -1.9487e+00 -3.8197e+00 -9.8707e-01 -2.1352e+00 -9.0575e-01 +1.6909e+00 +4.0285e+00 +3.3750e+00 -2.4641e-01
677 +1.433721383e+02 +1.433721383e+02 +2.590521383e+02 +2.590521383e+02 +8.3217e-01 -9.7825e-01 +4.0330e-01 +3.1242e+00 -2.6029e+00 -2.2727e+00 -3.5811e+00 +3.4114e+00 -3.2946e+00 -3.1970e+00 +2.6824e+00 -2.3969e+00 -5.2444e+00 +7.0104e-01 -2.0851e+00 -2.1392e-01 -3.3828e-01 +4.1468e+00 +3.0855e+00 -1.5953e+00
1639 +9.223379147e+01 +9.223379147e+01 +2.079137915e+02 +2.079137915e+02 +1.1863e+00 -8.4981e-01 +1.4314e-01 +3.2409e+00 -2.0623e+00 -1.7836e+00 -2.3811e+00 +3.1354e+00 -4.7231e+00 -2.5965e+00 +4.8821e+00 -2.3224e+00 -3.3191e+00 +7.1244e-01 -2.5383e+00 -3.7992e-01 -3.6837e-01 +3.8709e+00 +3.8114e+00 -8.4842e-01
1766 +6.265030487e+01 +6.265030487e+01 +1.783303049e+02 +1.783303049e+02 +1.0353e+00 -8.3185e-01 +3.1437e-01 +3.1191e+00 -1.9572e+00 -1.9800e+00 -2.2331e+00 +2.9813e+00 -4.6140e+00 -2.5266e+00 +4.9358e+00 -2.2614e+00 -3.2913e+00 +6.2499e-01 -2.4396e+00 -4.0871e-01 -4.6772e-01 +3.8689e+00 +3.8498e+00 -9.2526e-01
2035 +3.915871979e+01 +3.915871979e+01 +1.548387198e+02 +1.548387198e+02 +9.2372e-01 -9.6598e-01 +2.2850e-01 +3.0767e+00 -1.9831e+00 -1.7448e+00 -2.2454e+00 +2.9917e+00 -4.5988e+00 -2.5449e+00 +4.9335e+00 -2.2807e+00 -3.3952e+00 +6.5460e-01 -2.5014e+00 -3.4318e-01 -4.3741e-01 +3.8545e+00 +3.8573e+00 -8.9604e-01
10880 +2.389493974e+01 +2.389493974e+01 +1.395749397e+02 +1.395749397e+02 -2.2159e+00 -9.0338e-01 +2.4046e-01 +4.0065e+00 -1.8972e+00 -4.0413e+00 -2.8799e+00 +3.1179e+00 -3.2731e+00 -2.5363e+00 +3.2186e+00 -2.3240e+00 -3.4128e+00 +6.4196e-01 -2.4554e+00 -3.3826e-01 -4.2910e-01 +4.2647e+00 +3.8190e+00 -9.0444e-01
11339 +1.559816753e+01 +1.559816753e+01 +1.312781675e+02 +1.312781675e+02 -2.1850e+00 -1.0293e+00 +2.8466e-01 +3.9984e+00 -1.9418e+00 -4.0494e+00 -2.7967e+00 +3.0341e+00 -3.3490e+00 -2.5732e+00 +3.2543e+00 -2.3114e+00 -3.3607e+00 +6.7942e-01 -2.4774e+00 -3.4364e-01 -4.5853e-01 +4.2686e+00 +3.8473e+00 -9.2283e-01
72930 +9.879011447e+00 +9.879011447e+00 +1.255590114e+02 +1.255590114e+02 -2.1616e+00 -9.8010e-01 +2.5262e-01 +3.0880e+00 -2.7536e+00 -2.4381e+00 -2.8449e+00 +2.3604e+00 -3.3590e+00 -1.3907e+00 +3.2682e+00 -2.8353e+00 -3.3761e+00 +6.7230e-01 -2.0757e+00 -7.4798e-01 -4.5171e-01 +4.2640e+00 +3.1096e+00 -9.0270e-01
311367 +6.202088847e+00 +6.202088847e+00 +1.218820888e+02 +1.218820888e+02 -2.2143e+00 -9.6756e-01 +2.9353e-01 +3.1082e+00 -3.6134e+00 -3.2388e+00 -3.5941e+00 +2.3356e+00 -3.9210e+00 -1.9203e+00 +2.6551e+00 -2.3007e+00 -3.3731e+00 +6.6788e-01 -2.0752e+00 -3.5236e-01 -4.5691e-01 +3.8652e+00 +3.7994e+00 -8.9586e-01
312962 +3.826469324e+00 +3.826469324e+00 +1.195064693e+02 +1.195064693e+02 -2.1936e+00 -9.6441e-01 +2.0613e-01 +3.0717e+00 -3.6036e+00 -3.2452e+00 -3.5811e+00 +2.3638e+00 -3.9104e+00 -1.9380e+00 +2.6529e+00 -2.3022e+00 -3.3835e+00 +6.7536e-01 -2.0745e+00 -3.4839e-01 -4.4396e-01 +3.8597e+00 +3.8219e+00 -9.1061e-01
315718 +2.421980383e+00 +2.421980383e+00 +1.181019804e+02 +1.181019804e+02 -2.1744e+00 -9.6756e-01 +2.4392e-01 +3.0945e+00 -3.6054e+00 -3.2317e+00 -3.5599e+00 +2.3471e+00 -3.9150e+00 -1.9488e+00 +2.6738e+00 -2.3021e+00 -3.3767e+00 +6.6634e-01 -2.0652e+00 -3.4611e-01 -4.4899e-01 +3.8419e+00 +3.8266e+00 -9.1389e-01
% function evaluation | noise-free fitness - Fopt (1.156800000000e+02) | best noise-free fitness - Fopt | measured fitness | best measured fitness | x1 | x2...
1 +1.060591825e+03 +1.060591825e+03 +1.176271825e+03 +1.176271825e+03 -2.1687e+00 +2.1781e+00 +1.4992e+00 -2.2919e+00 -2.8014e+00 -2.4641e+00 -2.9963e+00 -3.9804e+00 +1.2868e+00 +1.5928e+00 +3.6410e+00 +1.8704e+00 -3.6127e+00 -1.1104e+00 +1.9306e+00 -6.8178e-01 -3.9311e+00 +1.7063e+00 +2.8769e-01 -1.7780e+00
14 +9.263896949e+02 +9.263896949e+02 +1.042069695e+03 +1.042069695e+03 -3.5158e+00 +6.2184e-01 +7.4338e-01 -1.4411e+00 -3.5901e+00 -1.1084e+00 -3.9894e+00 -6.3344e+00 +7.5105e-01 +2.7026e+00 +2.7337e+00 -1.7726e+00 -5.0265e+00 +2.8125e+00 -8.3160e-01 +1.7966e+00 -5.3255e+00 +3.6048e+00 +1.8660e+00 -1.5297e+00
30 +4.642333425e+02 +4.642333425e+02 +5.799133425e+02 +5.799133425e+02 -1.2548e+00 +7.9078e-01 +8.4370e-01 -2.0954e+00 -3.1236e+00 -2.2967e+00 -2.6689e+00 -1.6889e+00 +3.5148e-01 +1.2632e+00 +2.0067e+00 -1.8293e+00 -4.4880e+00 -3.5664e-01 -1.2574e+00 -1.7528e+00 -1.9273e+00 +3.7340e+00 +2.6555e+00 -1.1409e+00
170 +3.132831249e+02 +3.132831249e+02 +4.289631249e+02 +4.289631249e+02 -1.5026e+00 -2.9948e-01 -2.3798e+00 +1.5327e+00 -7.3038e-01 -1.6292e+00 -4.4294e+00 -2.7098e+00 -5.0963e+00 -7.8265e-01 +4.7184e+00 -2.1344e+00 -4.6843e+00 -1.5626e+00 -2.4151e+00 -7.6469e-01 -9.7218e-01 +3.0721e+00 +2.4541e+00 -2.2478e+00
285 +2.130926774e+02 +2.130926774e+02 +3.287726774e+02 +3.287726774e+02 -2.1532e+00 -3.3071e-01 -2.3742e+00 +3.9534e-01 -3.7940e+00 -5.0993e+00 -4.8415e+00 +3.3202e-01 -4.5235e+00 -9.0569e-01 +4.5760e+00 -7.9403e-01 -3.8374e+00 +2.0286e+00 -1.9976e+00 -7.3434e-01 +2.8575e-01 +3.5300e+00 +4.5745e+00 +5.2884e-01
737 +1.553988120e+02 +1.553988120e+02 +2.710788120e+02 +2.710788120e+02 -2.0360e+00 -1.1146e+00 -1.4140e+00 +2.9933e+00 -4.1459e+00 -4.1502e+00 -2.7076e+00 +1.8015e+00 -3.4280e+00 -3.1707e+00 +3.9133e+00 -3.6990e+00 -2.9602e+00 +6.7440e-01 -2.4695e+00 +5.4735e-01 -6.5315e-01 +3.7747e+00 +4.2445e+00 -3.7206e-01
1644 +9.649549266e+01 +9.649549266e+01 +2.121754927e+02 +2.121754927e+02 -2.0617e+00 -1.9232e+00 -1.4507e+00 +2.9661e+00 -2.0871e+00 -4.0890e+00 -2.9458e+00 +3.2680e+00 -4.0480e+00 -2.0847e+00 +3.9268e+00 -2.3730e+00 -2.9037e+00 +2.7931e-01 -1.5629e+00 -3.4395e-01 -1.2873e+00 +3.5431e+00 +3.8742e+00 -1.1664e+00
1902 +5.936262635e+01 +5.936262635e+01 +1.750426263e+02 +1.750426263e+02 -2.1424e+00 -1.9539e+00 -1.3885e+00 +2.9319e+00 -1.9773e+00 -3.9269e+00 -2.8317e+00 +3.1344e+00 -3.8584e+00 -1.9969e+00 +3.7439e+00 -2.2942e+00 -2.8842e+00 +2.2193e-01 -1.6128e+00 -3.6127e-01 -1.5713e+00 +3.5003e+00 +3.7738e+00 -1.2641e+00
2065 +3.910214549e+01 +3.910214549e+01 +1.547821455e+02 +1.547821455e+02 -2.1570e+00 -1.9245e+00 -1.4282e+00 +3.0261e+00 -2.0457e+00 -4.0798e+00 -2.7705e+00 +3.0076e+00 -3.9490e+00 -1.9370e+00 +3.8332e+00 -2.2719e+00 -2.8562e+00 +2.3941e-01 -1.6211e+00 -3.4338e-01 -1.5499e+00 +3.5056e+00 +3.7913e+00 -1.2016e+00
24110 +1.852080270e+01 +1.852080270e+01 +1.342008027e+02 +1.342008027e+02 -2.1095e+00 -1.0233e+00 -6.9957e-01 +3.0836e+00 -3.6182e+00 -2.4814e+00 -2.8828e+00 +2.3514e+00 -3.9031e+00 -1.3372e+00 +2.7387e+00 -2.2884e+00 -3.8261e+00 +2.2594e-01 -2.0485e+00 -3.6167e-01 -3.9587e-01 +3.8172e+00 +3.4315e+00 -9.1092e-01
24375 +1.198321133e+01 +1.198321133e+01 +1.276632113e+02 +1.276632113e+02 -2.2402e+00 -1.0188e+00 -6.5756e-01 +3.1224e+00 -3.5966e+00 -2.4565e+00 -2.8373e+00 +2.3998e+00 -3.9150e+00 -1.4101e+00 +2.7075e+00 -2.2841e+00 -3.8934e+00 +1.8787e-01 -2.0720e+00 -3.5817e-01 -4.3093e-01 +3.8560e+00 +3.4454e+00 -9.0215e-01
24815 +9.747119085e+00 +9.747119085e+00 +1.254271191e+02 +1.254271191e+02 -2.1789e+00 -1.0012e+00 -6.7519e-01 +3.1191e+00 -3.6081e+00 -2.4785e+00 -2.8694e+00 +2.3280e+00 -3.8930e+00 -1.3832e+00 +2.7052e+00 -2.3038e+00 -3.8337e+00 +2.2281e-01 -2.0688e+00 -3.3045e-01 -4.5917e-01 +3.8385e+00 +3.4487e+00 -9.1337e-01
142956 +6.233278588e+00 +6.233278588e+00 +1.219132786e+02 +1.219132786e+02 -2.1884e+00 -1.0061e+00 +2.4160e-01 +3.0843e+00 -3.6198e+00 -2.4513e+00 -3.5496e+00 +1.6314e+00 -3.9237e+00 -1.3862e+00 +2.6987e+00 -2.2937e+00 -3.3756e+00 +6.8640e-01 -2.0530e+00 -3.3873e-01 -4.5883e-01 +3.8457e+00 +3.4407e+00 -5.5355e-01
1029312 +3.934892452e+00 +3.934892452e+00 +1.196148925e+02 +1.196148925e+02 -2.1899e+00 -9.8007e-01 +2.6027e-01 +3.0982e+00 -3.5949e+00 -2.4585e+00 -2.8699e+00 +2.9784e+00 -3.9181e+00 -1.9545e+00 +3.2608e+00 -2.3047e+00 -3.3786e+00 +6.7407e-01 -2.0543e+00 -3.4807e-01 -4.2855e-01 +3.8472e+00 +3.4397e+00 -9.0583e-01
% function evaluation | noise-free fitness - Fopt (1.156800000000e+02) | best noise-free fitness - Fopt | measured fitness | best measured fitness | x1 | x2...
1 +2.617322458e+03 +2.617322458e+03 +2.733002458e+03 +2.733002458e+03 -1.4015e+00 +7.7980e-01 -1.9660e+00 -2.1139e+00 -3.4730e+00 +1.9607e+00 -3.4995e+00 +3.0620e-01 +1.9471e+00 -1.3944e+00 -2.8035e+00 -3.2961e+00 +3.6585e+00 -1.9075e+00 +3.1430e+00 +2.1534e+00 -2.3130e+00 +1.7511e+00 -1.6254e+00 +2.6042e+00
3 +2.410873857e+03 +2.410873857e+03 +2.526553857e+03 +2.526553857e+03 -1.1142e+00 -2.6308e+00 -1.4665e+00 -3.0372e+00 -1.3844e+00 +4.4008e+00 -2.6614e+00 +2.4981e+00 +2.8412e+00 -3.9028e-01 -2.4971e+00 -4.6761e+00 -9.1922e-02 -4.0326e-01 +3.5627e+00 +3.5061e+00 -2.3313e+00 +5.7444e-01 +4.2930e-01 +3.0620e+00
15 +1.449389278e+03 +1.449389278e+03 +1.565069278e+03 +1.565069278e+03 -5.3390e-01 -2.3128e+00 -1.8516e+00 -1.9487e+00 -3.6850e+00 +6.3205e+00 -3.7871e+00 +3.3861e+00 -7.2974e-01 -7.4566e-01 -3.6187e+00 -1.1857e+00 -1.4058e-01 -2.8410e+00 +1.2460e+00 +1.5111e+00 -4.2570e+00 +3.0939e+00 -1.7964e+00 +1.6233e+00
59 +9.241306524e+02 +9.241306524e+02 +1.039810652e+03 +1.039810652e+03 -2.8948e+00 -5.1771e+00 +9.0024e-01 +4.3659e-01 -2.4090e+00 +4.0039e+00 -1.0061e+00 +1.1294e+00 -1.7736e+00 +1.6955e+00 -3.8533e+00 -1.9823e+00 -1.9168e-01 -1.1148e+00 +1.0147e+00 -4.4473e-01 -2.8669e+00 +3.3527e+00 +1.7384e+00 -6.5916e-01
123 +5.409418934e+02 +5.409418934e+02 +6.566218934e+02 +6.566218934e+02 -3.0505e+00 -6.9040e+00 -3.5908e+00 +9.3721e-01 -1.9262e+00 +1.1104e+00 -2.9531e+00 +6.2913e+00 -5.1015e+00 -1.2524e+00 -2.4531e+00 -7.1634e-01 -2.0465e+00 -2.6141e+00 +2.6191e-01 -1.2808e+00 -1.9451e+00 +2.8895e+00 +3.5134e+00 -1.5978e+00
172 +3.884727779e+02 +3.884727779e+02 +5.041527779e+02 +5.041527779e+02 +9.8834e-01 -2.9744e+00 -5.6779e+00 +1.4733e+00 -6.4106e-01 -4.8453e-01 -3.8397e+00 +2.6702e+00 -2.0675e+00 -4.2648e-01 +5.4098e+00 -1.9891e+00 -2.6098e+00 +1.2829e+00 -1.7926e+00 -1.5983e+00 -2.3442e+00 +3.7661e+00 +3.3962e+00 -1.2927e+00
432 +2.369623900e+02 +2.369623900e+02 +3.526423900e+02 +3.526423900e+02 -4.0838e+00 -1.7566e+00 +6.6620e-01 +2.9504e+00 -2.4056e+00 -5.1698e+00 -3.4192e+00 +1.3242e+00 -3.8554e+00 -1.2493e+00 +3.6149e+00 -2.0063e+00 -3.5674e+00 +2.3990e-01 -2.9547e+00 -9.3164e-01 +6.0910e-01 +2.8546e+00 +3.5160e+00 -3.5077e-01
1145 +1.582191771e+02 +1.582191771e+02 +2.738991771e+02 +2.738991771e+02 -1.1755e+00 -3.7624e+00 -1.1213e+00 +4.0653e+00 -3.7315e+00 -1.6520e+00 -4.7485e+00 +2.1248e+00 -3.9150e+00 -2.1021e+00 +2.7177e+00 -3.4227e+00 -4.1069e+00 -5.5147e-01 -2.1287e+00 -4.4943e-01 -7.7049e-01 +4.2166e+00 +3.4160e+00 -8.3169e-01
1709 +9.969618794e+01 +9.969618794e+01 +2.153761879e+02 +2.153761879e+02 -2.2266e+00 -3.7830e+00 -6.2649e-01 +3.0116e+00 -3.6636e+00 -1.7396e+00 -4.8507e+00 +2.2838e+00 -4.0192e+00 -2.5058e+00 +3.3420e+00 -3.7214e+00 -3.4461e+00 -2.0796e-01 -2.4811e+00 -3.7761e-01 -4.8155e-01 +4.1556e+00 +3.2463e+00 -3.5404e-01
1908 +5.835365059e+01 +5.835365059e+01 +1.740336506e+02 +1.740336506e+02 -2.3245e+00 -3.8368e+00 -6.8797e-01 +3.1486e+00 -3.6325e+00 -1.8553e+00 -4.8547e+00 +2.3543e+00 -3.9434e+00 -2.5123e+00 +3.2115e+00 -3.6607e+00 -3.3804e+00 -2.2358e-01 -2.4687e+00 -3.3724e-01 -4.8527e-01 +4.2979e+00 +3.1022e+00 -3.2236e-01
2441 +3.965740487e+01 +3.965740487e+01 +1.553374049e+02 +1.553374049e+02 -2.1586e+00 -3.8731e+00 -6.7399e-01 +3.0747e+00 -3.6179e+00 -1.8448e+00 -4.8478e+00 +2.3418e+00 -3.9194e+00 -2.5698e+00 +3.2694e+00 -3.6943e+00 -3.3758e+00 -2.6743e-01 -2.4836e+00 -3.5501e-01 -4.4956e-01 +4.2589e+00 +3.1121e+00 -2.8329e-01
10666 +2.288110021e+01 +2.288110021e+01 +1.385611002e+02 +1.385611002e+02 -2.1450e+00 -9.9378e-01 +2.6075e-01 +5.7791e-01 -2.7029e+00 -2.4173e+00 -3.5501e+00 +2.3592e+00 -3.9226e+00 -1.9438e+00 +2.6640e+00 -2.2682e+00 -2.8549e+00 +6.7547e-01 -1.6191e+00 +1.0960e-01 -1.7313e-02 +4.2718e+00 +3.4431e+00 -5.5337e-01
23505 +1.583565985e+01 +1.583565985e+01 +1.315156598e+02 +1.315156598e+02 -2.1970e+00 -1.9488e+00 +2.1748e-01 +3.9983e+00 -3.6284e+00 -3.2684e+00 -3.5772e+00 +2.3812e+00 -3.3322e+00 -2.5659e+00 +3.2055e+00 -2.7908e+00 -3.8825e+00 +1.1806e+00 -2.4950e+00 -3.5404e-01 -4.4855e-01 +4.2794e+00 +3.4766e+00 -9.1007e-01
24457 +9.769799370e+00 +9.769799370e+00 +1.254497994e+02 +1.254497994e+02 -2.1898e+00 -1.9255e+00 +2.4557e-01 +3.9766e+00 -3.6281e+00 -3.2373e+00 -3.5556e+00 +2.3569e+00 -3.3504e+00 -2.5704e+00 +3.2806e+00 -2.8160e+00 -3.8572e+00 +1.1592e+00 -2.4839e+00 -3.5517e-01 -4.3974e-01 +4.2609e+00 +3.4410e+00 -9.1255e-01
69223 +6.301009658e+00 +6.301009658e+00 +1.219810097e+02 +1.219810097e+02 -2.1731e+00 -9.7620e-01 +2.5329e-01 +3.0786e+00 -3.6008e+00 -2.4357e+00 -2.8505e+00 +2.3630e+00 -3.9272e+00 -1.9563e+00 +2.6868e+00 -2.8230e+00 -3.8563e+00 +6.6675e-01 -2.0668e+00 -3.4403e-01 -4.4453e-01 +3.8450e+00 +3.4469e+00 -5.6014e-01
1232570 +3.976161888e+00 +3.976161888e+00 +1.196561619e+02 +1.196561619e+02 -2.1910e+00 -9.9854e-01 +2.5044e-01 +3.0891e+00 -3.5864e+00 -2.4576e+00 -2.8163e+00 +2.3668e+00 -3.9367e+00 -1.9496e+00 +3.2607e+00 -2.2989e+00 -3.8652e+00 +6.6077e-01 -2.0708e+00 -3.4537e-01 -4.4572e-01 +3.8515e+00 +3.4539e+00 -9.1715e-01
% function evaluation | noise-free fitness - Fopt (-3.710000000000e+00) | best noise-free fitness - Fopt | measured fitness | best measured fitness | x1 | x2...
1 +4.761631299e+03 +4.761631299e+03 +4.757921299e+03 +4.757921299e+03 -2.2058e+00 -3.0679e+00 -3.7028e-01 +2.5945e-01 +3.3533e+00 +2.8589e+00 -5.1303e-01 -2.8800e-01 -2.6230e+00 -1.0166e+00 -1.5075e+00 +1.9048e+00 -4.1958e-02 +3.2128e+00 -1.4072e+00 +8.7318e-02 -6.4096e-02 +1.1823e+00 +3.4506e+00 +3.5058e+00
2 +3.815135404e+03 +3.815135404e+03 +3.811425404e+03 +3.811425404e+03 -8.6631e-01 -3.3305e+00 +5.9906e-01 +5.5849e-02 +4.0399e+00 +5.6155e+00 -1.0370e+00 -1.7323e+00 -3.4101e+00 -3.6388e+00 -2.5015e+00 +1.4005e+00 -1.0449e+00 -3.5921e-01 -1.2571e+00 +4.6331e+00 -4.1448e-01 +3.5117e+00 -6.2182e-01 +6.3117e-01
5 +1.233656166e+03 +1.233656166e+03 +1.229946166e+03 +1.229946166e+03 -5.0434e+00 -4.6370e-01 -8.6781e-01 -1.4817e-01 +1.0368e+00 -3.1599e-02 -1.1001e+00 -9.4009e-01 -8.1684e-01 -9.8874e-01 -1.6965e+00 +8.6924e-01 -8.6967e-01 +2.0486e+00 -2.4629e+00 -6.5202e-01 +1.7339e-01 -2.9050e+00 +8.4876e-01 +1.7200e-01
14 +8.995744901e+02 +8.995744901e+02 +8.958644901e+02 +8.958644901e+02 -4.7959e+00 -3.4317e+00 +3.3201e-01 +2.3942e+00 -1.6373e+00 +2.0418e+00 +3.8310e+00 -7.0243e-01 -3.5462e+00 +3.2632e+00 -3.2202e+00 +2.2382e+00 -1.0373e+00 +5.4055e-01 -6.8003e-01 -2.5374e+00 +1.3956e+00 -3.2015e+00 +1.0004e+00 -2.2971e+00
86 +5.469937519e+02 +5.469937519e+02 +5.432837519e+02 +5.432837519e+02 -4.0746e+00 -3.1578e+00 +6.6370e+00 +3.0716e+00 -6.3307e-01 +4.8894e+00 +9.0512e-02 -1.1715e+00 -2.5129e+00 -9.4856e-01 +2.2193e+00 +5.6104e+00 +2.3203e+00 -1.4750e+00 +3.3702e+00 -1.5010e+00 +1.3885e+00 +1.0949e+00 +3.5000e+00 -5.2721e+00
110 +3.077931205e+02 +3.077931205e+02 +3.040831205e+02 +3.040831205e+02 -1.5829e+00 -1.6687e+00 +2.2540e+00 +3.4812e+00 +1.7553e+00 +3.7318e+00 -1.4380e+00 -8.7667e-01 -2.7057e+00 -5.5104e-01 +2.6327e+00 +1.9119e+00 +4.5730e+00 -1.8795e+00 -1.1114e+00 -2.1192e+00 +9.2195e-02 +1.2743e+00 +4.2127e+00 -3.6721e+00
278 +2.444221193e+02 +2.444221193e+02 +2.407121193e+02 +2.407121193e+02 -1.8850e+00 -1.5589e+00 +2.8193e+00 +3.7322e+00 +3.9907e+00 +4.8576e+00 -1.0751e+00 -3.0447e+00 -2.5403e+00 +1.7368e+00 +4.0465e+00 +2.8294e+00 +3.5324e+00 -1.0852e+00 +1.5895e-02 -4.3173e+00 +1.1414e+00 +6.0410e-01 +3.6277e+00 -3.8077e+00
714 +1.494429619e+02 +1.494429619e+02 +1.457329619e+02 +1.457329619e+02 +8.2469e-01 -2.9729e+00 +1.1813e+00 +4.1451e+00 +4.0074e+00 +4.9990e+00 +9.2119e-01 -1.1415e+00 -2.9451e+00 +4.5817e-03 +4.1405e+00 +1.2042e+00 +4.1199e+00 -2.2465e+00 +9.6120e-01 -2.8831e+00 +1.8716e+00 +8.7748e-01 +2.9038e+00 -3.1785e+00
2035 +9.683410271e+01 +9.683410271e+01 +9.312410271e+01 +9.312410271e+01 +1.0669e+00 -4.1087e+00 +1.8501e+00 +3.8356e+00 +4.0473e+00 +4.4251e+00 +9.5921e-01 -1.5257e+00 -2.8084e+00 +6.9952e-01 +4.3914e+00 +1.6210e+00 +3.6846e+00 -2.6927e+00 +4.1328e-01 -3.5356e+00 +1.5521e+00 +1.9701e+00 +3.2018e+00 -3.4830e+00
2485 +6.113780116e+01 +6.113780116e+01 +5.742780116e+01 +5.742780116e+01 +1.0130e+00 -4.0472e+00 +1.7600e+00 +4.0390e+00 +3.9595e+00 +4.5020e+00 +8.0337e-01 -1.2877e+00 -3.4382e+00 +6.3851e-01 +4.4581e+00 +1.5847e+00 +3.6052e+00 -2.7278e+00 +5.1534e-01 -3.6546e+00 +2.3442e+00 +1.8836e+00 +3.5888e+00 -3.2041e+00
2678 +3.979797297e+01 +3.979797297e+01 +3.608797297e+01 +3.608797297e+01 +1.0972e+00 -4.0817e+00 +1.7426e+00 +3.9190e+00 +3.9480e+00 +4.3627e+00 +8.7016e-01 -1.4223e+00 -3.5084e+00 +6.7357e-01 +4.3658e+00 +1.5805e+00 +3.6008e+00 -2.6908e+00 +5.1609e-01 -3.6477e+00 +2.3646e+00 +1.9307e+00 +3.5357e+00 -3.2155e+00
12988 +2.469885735e+01 +2.469885735e+01 +2.098885735e+01 +2.098885735e+01 +4.1187e+00 -2.2948e+00 +1.7762e+00 +5.6541e+00 +4.0347e+00 +3.6595e+00 +1.4819e+00 -1.9759e+00 -1.7652e+00 +6.0650e-02 +3.7682e+00 +1.5937e+00 +3.0926e+00 -2.1967e+00 +5.0412e-01 -3.6954e+00 +2.3683e+00 +1.9445e+00 +3.5610e+00 -3.5226e+00
25981 +1.569545299e+01 +1.569545299e+01 +1.198545299e+01 +1.198545299e+01 +1.1612e+00 -2.2948e+00 +2.7284e+00 +3.8851e+00 +3.9689e+00 +4.4674e+00 +1.6644e-01 -2.6738e+00 -2.3188e+00 +6.9992e-01 +3.7278e+00 +1.0677e+00 +3.5962e+00 -2.1633e+00 +9.1699e-02 -3.2788e+00 +1.5093e+00 +1.5392e+00 +3.9435e+00 -2.8559e+00
60339 +9.796885764e+00 +9.796885764e+00 +6.086885764e+00 +6.086885764e+00 +3.1247e+00 -2.3260e+00 +1.7945e+00 +3.8783e+00 +3.1455e+00 +3.7145e+00 +9.0406e-01 -1.3123e+00 -3.0085e+00 +6.7123e-01 +3.7661e+00 +1.0308e+00 +3.6088e+00 -2.1651e+00 +5.3257e-01 -3.2786e+00 +1.4973e+00 +1.5309e+00 +3.2221e+00 -2.8515e+00
544198 +6.308774704e+00 +6.308774704e+00 +2.598774704e+00 +2.598774704e+00 +3.1135e+00 -2.2849e+00 +1.7719e+00 +3.9223e+00 +4.0134e+00 +4.4817e+00 +8.7943e-01 -1.3728e+00 -2.3345e+00 +6.7625e-01 +3.7516e+00 +1.5842e+00 +3.6082e+00 -2.1703e+00 +5.1580e-01 -3.2739e+00 +1.5161e+00 +1.5212e+00 +3.5525e+00 -2.8439e+00
1063735 +3.682200813e+00 +3.682200813e+00 -2.779918737e-02 -2.779918737e-02 +3.1225e+00 -2.3225e+00 +1.8189e+00 +3.9051e+00 +3.1641e+00 +3.6617e+00 +1.4740e-01 -1.9966e+00 -3.0137e+00 +6.8901e-01 +3.1769e+00 +1.5903e+00 +3.6215e+00 -1.7224e+00 +5.0710e-01 -3.2871e+00 +1.4992e+00 +1.5252e+00 +3.5465e+00 -3.2235e+00
1064715 +2.468137665e+00 +2.468137665e+00 -1.241862335e+00 -1.241862335e+00 +3.1211e+00 -2.2949e+00 +1.7614e+00 +3.9180e+00 +3.1664e+00 +3.6767e+00 +1.5789e-01 -2.0018e+00 -2.9998e+00 +6.6617e-01 +3.1887e+00 +1.5698e+00 +3.5992e+00 -1.7251e+00 +5.1239e-01 -3.2712e+00 +1.5122e+00 +1.5221e+00 +3.5570e+00 -3.2155e+00
% function evaluation | noise-free fitness - Fopt (-3.710000000000e+00) | best noise-free fitness - Fopt | measured fitness | best measured fitness | x1 | x2...
1 +2.849562514e+03 +2.849562514e+03 +2.845852514e+03 +2.845852514e+03 +3.7250e+00 +3.1433e+00 +2.3412e+00 -2.4107e-01 -2.4387e+00 +2.8141e+00 +2.6795e+00 +3.9212e+00 -1.3627e+00 -7.5128e-01 +4.1536e-01 +1.5263e+00 -4.6960e-01 +2.1517e+00 -1.1858e+00 +5.5342e-01 +2.2762e-01 +3.9994e+00 -2.2243e+00 +2.3389e+00
2 +2.276818469e+03 +2.276818469e+03 +2.273108469e+03 +2.273108469e+03 +4.4571e+00 -9.2755e-01 +1.7782e+00 +1.4878e+00 -3.1697e-01 +4.0537e+00 -1.0505e+00 -3.5018e-01 -1.7492e+00 -2.7673e+00 +2.9263e+00 -1.3912e-01 -1.9604e+00 +2.1988e+00 -1.2554e+00 -9.0981e-01 -2.3184e+00 +3.0497e+00 -4.6740e-01 +2.1914e+00
7 +1.320466669e+03 +1.320466669e+03 +1.316756669e+03 +1.316756669e+03 +3.7742e+00 +2.8311e+00 +1.8114e+00 +1.0774e+00 -1.4745e+00 +3.5555e+00 +3.3353e+00 +4.8372e+00 -1.6398e+00 -1.7875e+00 -4.2598e-01 +2.6265e+00 +1.6637e-01 -1.9007e+00 -3.2834e-01 +4.7867e-01 +3.3434e+00 +3.1667e+00 +1.3766e+00 +5.8942e-01
28 +8.546578934e+02 +8.546578934e+02 +8.509478934e+02 +8.509478934e+02 +3.2212e+00 +1.4583e+00 +5.2747e+00 +2.3908e-01 -4.9029e+00 +2.6964e-01 +5.6753e+00 -8.9532e-01 -4.5058e+00 +3.9770e+00 -2.6966e+00 +3.2228e+00 +1.3491e-01 +3.9805e-01 -1.6333e+00 -1.6219e+00 -1.8997e+00 +3.3135e+00 +3.1245e+00 -3.7008e+00
52 +6.110111035e+02 +6.110111035e+02 +6.073011035e+02 +6.073011035e+02 +3.7954e+00 -2.2569e+00 +6.7308e-01 -2.6794e+00 -3.3282e+00 +1.0426e+00 +1.0253e+00 -1.1321e+00 -2.3430e+00 +2.5184e-01 -1.9192e+00 -3.1824e-01 +6.1794e-01 -2.3081e+00 -2.8301e+00 -1.0940e+00 -3.3089e-01 +2.7903e+00 +2.3196e+00 -1.9577e+00
123 +3.533050129e+02 +3.533050129e+02 +3.495950129e+02 +3.495950129e+02 +4.1115e+00 -1.7100e+00 +2.4936e+00 +3.3028e+00 -1.4926e+00 +2.4576e+00 +3.6594e+00 -4.0629e+00 -3.0630e+00 +4.9653e-01 +1.1001e+00 +3.1266e+00 +2.3279e+00 +9.0934e-01 -1.5709e+00 -2.8127e+00 +1.9959e+00 +2.5497e+00 +4.2736e+00 -3.9378e+00
260 +2.458138746e+02 +2.458138746e+02 +2.421038746e+02 +2.421038746e+02 +1.0881e+00 -1.5611e+00 -1.1215e+00 +3.2111e+00 +1.1002e-01 +2.4489e+00 -6.1829e-01 -2.5816e+00 -1.5938e+00 +2.3337e+00 +3.9873e-01 +3.9654e+00 +4.1337e+00 -1.7749e+00 -6.6339e-01 -4.1187e+00 +2.4393e+00 +1.5615e+00 +3.4251e+00 -2.9637e+00
1022 +1.582019314e+02 +1.582019314e+02 +1.544919314e+02 +1.544919314e+02 +1.1800e+00 +2.8738e-01 +1.2901e+00 +4.3404e+00 +2.0239e+00 +2.3522e+00 -1.1245e+00 -1.2751e+00 -1.6205e+00 +5.7173e-01 +4.2102e+00 +1.0039e+00 +3.6227e+00 -1.2419e+00 -7.2689e-01 -3.6301e+00 +1.2059e+00 +1.1198e+00 +3.5555e+00 -2.1995e+00
1670 +8.962765340e+01 +8.962765340e+01 +8.591765340e+01 +8.591765340e+01 +1.1626e+00 +7.1582e-01 +2.4779e+00 +3.8543e+00 +2.3776e+00 +1.4744e+00 +1.6943e-01 -8.2334e-01 -1.7300e+00 +1.2470e+00 +5.4241e+00 +1.6096e+00 +3.1518e+00 -1.6849e+00 +1.0442e+00 -3.2266e+00 +1.5279e+00 +1.8930e+00 +4.2566e+00 -3.2903e+00
1932 +6.120028890e+01 +6.120028890e+01 +5.749028890e+01 +5.749028890e+01 +1.1294e+00 +4.9958e-01 +2.6745e+00 +3.8314e+00 +2.4619e+00 +1.4343e+00 +1.5304e-01 -8.1949e-01 -1.7728e+00 +1.2485e+00 +5.4092e+00 +1.5520e+00 +3.1578e+00 -1.7451e+00 +9.9385e-01 -3.2453e+00 +1.5058e+00 +1.9611e+00 +4.1893e+00 -3.2000e+00
11595 +3.900288776e+01 +3.900288776e+01 +3.529288776e+01 +3.529288776e+01 +1.1903e+00 -3.7682e-01 +1.7828e+00 +4.7883e+00 +3.8709e+00 +5.0749e+00 +1.9364e-01 -2.6813e+00 -2.9426e+00 +6.5489e-01 +3.1701e+00 +1.0662e+00 +3.1298e+00 -1.2804e+00 +5.2999e-01 -3.6749e+00 +1.9479e+00 +1.5926e+00 +3.2611e+00 -2.8852e+00
12911 +2.509640486e+01 +2.509640486e+01 +2.138640486e+01 +2.138640486e+01 +1.1712e+00 -3.7779e-01 +1.7992e+00 +4.8075e+00 +3.9532e+00 +5.1839e+00 +1.4907e-01 -2.7023e+00 -2.9967e+00 +6.7563e-01 +3.1853e+00 +1.0595e+00 +3.1255e+00 -1.2461e+00 +5.1628e-01 -3.6625e+00 +1.9441e+00 +1.5258e+00 +3.2298e+00 -2.8563e+00
78621 +1.540391038e+01 +1.540391038e+01 +1.169391038e+01 +1.169391038e+01 +3.0946e+00 -2.2254e+00 +2.7569e+00 +3.9323e+00 +4.0214e+00 +4.4774e+00 +9.3442e-01 -1.3716e+00 -3.0292e+00 +7.3186e-02 +3.7656e+00 +1.5608e+00 +3.1429e+00 -1.7510e+00 +5.4154e-01 -3.2817e+00 +1.5109e+00 +1.5258e+00 +3.9224e+00 -2.8262e+00
82016 +9.996931016e+00 +9.996931016e+00 +6.286931016e+00 +6.286931016e+00 +3.1156e+00 -2.2978e+00 +2.7186e+00 +3.9122e+00 +4.0140e+00 +4.4880e+00 +8.6038e-01 -1.3731e+00 -2.9997e+00 +5.1229e-02 +3.7476e+00 +1.5772e+00 +3.1252e+00 -1.7318e+00 +5.1124e-01 -3.2761e+00 +1.5076e+00 +1.5238e+00 +3.9461e+00 -2.8560e+00
331233 +6.262307472e+00 +6.262307472e+00 +2.552307472e+00 +2.552307472e+00 +3.1048e+00 -2.2983e+00 +1.7825e+00 +3.9265e+00 +3.1586e+00 +4.4753e+00 +1.6354e-01 -2.0001e+00 -2.3346e+00 +5.5719e-02 +3.7476e+00 +1.0609e+00 +3.1231e+00 -1.7360e+00 +5.1571e-01 -3.2773e+00 +1.5131e+00 +1.5261e+00 +3.9527e+00 -2.8525e+00
1274463 +3.981045407e+00 +3.981045407e+00 +2.710454073e-01 +2.710454073e-01 +3.1192e+00 -2.2958e+00 +1.7823e+00 +3.9107e+00 +3.1527e+00 +4.4885e+00 +8.6545e-01 -1.9913e+00 -2.3353e+00 +5.1428e-02 +3.7506e+00 +1.5801e+00 +3.6041e+00 -1.7314e+00 +5.1291e-01 -3.2761e+00 +1.5089e+00 +1.5248e+00 +3.5550e+00 -2.8532e+00
% function evaluation | noise-free fitness - Fopt (-3.710000000000e+00) | best noise-free fitness - Fopt | measured fitness | best measured fitness | x1 | x2...
1 +4.350654200e+03 +4.350654200e+03 +4.346944200e+03 +4.346944200e+03 +5.0937e-02 -3.7480e+00 +1.5311e+00 +3.4626e+00 -2.0888e+00 -5.7313e-01 -3.3363e+00 -5.9861e-01 +3.4499e+00 -3.4713e+00 -1.9543e+00 -3.5805e-01 -2.4446e-02 -2.5132e+00 +1.8527e+00 +3.9399e+00 +1.8300e+00 -1.8842e+00 -3.0635e+00 +1.9490e+00
3 +1.044876792e+03 +1.044876792e+03 +1.041166792e+03 +1.041166792e+03 +1.4492e+00 -4.5367e+00 +2.2179e+00 +4.5967e+00 -2.7543e+00 +4.8289e-02 -7.7786e+00 -8.1558e-01 +2.2581e+00 -2.4560e+00 +8.9217e-01 -5.9550e-01 +1.6404e-02 -2.0498e+00 +9.0568e-01 +4.0290e-01 +2.2392e+00 +1.2765e+00 -2.0665e+00 -1.6646e+00
51 +7.664169708e+02 +7.664169708e+02 +7.627069708e+02 +7.627069708e+02 +2.6744e+00 -4.0663e+00 +1.1822e+00 -1.8899e-01 -1.5111e+00 -1.7965e+00 -4.0185e+00 -3.7654e-01 -1.8090e-02 -4.1570e+00 +2.2167e+00 -4.2125e+00 +1.0787e+00 -2.6663e+00 +5.4187e-01 -4.7851e-01 +1.8390e+00 +1.7040e+00 -1.9113e-01 -2.0824e+00
100 +5.651459788e+02 +5.651459788e+02 +5.614359788e+02 +5.614359788e+02 +1.9582e+00 -3.0434e+00 +3.5940e+00 -3.8919e+00 -1.7897e+00 -2.7895e+00 -1.4094e+00 -4.9267e+00 -1.5993e-01 -3.2950e+00 +1.8640e+00 -7.5857e-01 +2.6208e+00 -1.1112e+00 +1.3029e+00 -1.9599e+00 +1.5654e+00 +5.7927e-01 +2.5748e+00 -1.7336e+00
168 +3.596121585e+02 +3.596121585e+02 +3.559021585e+02 +3.559021585e+02 +4.0844e+00 -2.0816e+00 +7.1427e+00 +3.7654e-01 +3.6560e+00 +6.1736e+00 -1.3730e+00 -9.6640e-01 -2.3313e+00 +6.6035e-01 +3.6223e+00 +3.1496e-01 +2.1935e+00 -5.9893e-01 +1.6168e+00 -4.0306e+00 +2.0770e+00 +5.4769e-02 +2.8852e+00 -2.7098e+00
340 +2.367597865e+02 +2.367597865e+02 +2.330497865e+02 +2.330497865e+02 +3.2107e+00 -3.2965e+00 +5.0730e+00 +2.9161e+00 +2.2843e+00 +3.0272e+00 -1.8050e+00 -3.1930e+00 -2.4024e+00 +1.5220e+00 +5.1587e+00 +6.7710e-01 +3.1932e-01 -1.7741e+00 -4.3117e-01 -5.2158e+00 +2.5772e+00 +1.9705e+00 +3.5319e+00 -2.7296e+00
821 +1.558273734e+02 +1.558273734e+02 +1.521173734e+02 +1.521173734e+02 +3.0482e+00 -2.1198e+00 +3.9982e+00 +4.0184e+00 +3.2375e+00 +2.8634e+00 -2.2504e+00 -8.2714e-01 -1.2640e+00 +1.5703e-01 +3.0119e+00 +1.5543e+00 +2.9454e+00 -3.4807e+00 -3.3052e-01 -4.1387e+00 +1.5025e+00 +1.5721e+00 +2.7544e+00 -3.3071e+00
1507 +9.228019830e+01 +9.228019830e+01 +8.857019830e+01 +8.857019830e+01 +3.0995e+00 -2.4784e+00 +4.2152e+00 +3.2817e+00 +2.3300e+00 +3.6412e+00 -7.7245e-01 -1.3718e+00 -1.7540e+00 -3.0771e-02 +2.1541e+00 +1.5111e+00 +3.1992e+00 -2.2114e+00 +5.1472e-01 -3.6763e+00 +1.1074e+00 +1.5583e+00 +3.4642e+00 -3.5011e+00
1928 +6.066033747e+01 +6.066033747e+01 +5.695033747e+01 +5.695033747e+01 +3.1147e+00 -2.2240e+00 +4.2073e+00 +3.0198e+00 +2.2594e+00 +3.6457e+00 -1.1460e+00 -1.1587e+00 -1.6992e+00 +9.7207e-02 +2.2908e+00 +1.5781e+00 +3.0415e+00 -2.6236e+00 +5.2621e-01 -3.6467e+00 +1.1058e+00 +1.9198e+00 +3.1763e+00 -3.5102e+00
2296 +3.933040349e+01 +3.933040349e+01 +3.562040349e+01 +3.562040349e+01 +3.0804e+00 -2.2978e+00 +4.2247e+00 +3.0118e+00 +2.3121e+00 +3.6482e+00 -1.1174e+00 -1.3725e+00 -1.7516e+00 +6.6590e-02 +2.2563e+00 +1.5780e+00 +3.1481e+00 -2.6629e+00 +5.1289e-01 -3.6528e+00 +1.1434e+00 +1.9249e+00 +3.2206e+00 -3.5376e+00
9885 +2.509254387e+01 +2.509254387e+01 +2.138254387e+01 +2.138254387e+01 +2.1162e+00 -2.2796e+00 +1.7926e+00 +3.8709e+00 +2.2818e+00 +3.6864e+00 +1.3605e-01 -1.3310e+00 -2.9953e+00 +8.1039e-02 +3.1463e+00 +1.5860e+00 +4.9305e+00 -2.1652e+00 +9.1331e-02 -3.6692e+00 +1.5304e+00 +1.1779e+00 +3.9627e+00 -2.8662e+00
23237 +1.566258838e+01 +1.566258838e+01 +1.195258838e+01 +1.195258838e+01 +3.1291e+00 -2.2942e+00 +1.7684e+00 +3.0112e+00 +3.1694e+00 +4.4632e+00 +1.3958e+00 -2.6888e+00 -2.9439e+00 +3.8148e-02 +3.7544e+00 +1.0895e+00 +3.1310e+00 -1.7135e+00 +9.8503e-02 -3.2720e+00 +1.5170e+00 +1.5037e+00 +3.5432e+00 -3.2266e+00
96871 +8.778491455e+00 +8.778491455e+00 +5.068491455e+00 +5.068491455e+00 +3.1150e+00 -2.3229e+00 +1.7913e+00 +3.9101e+00 +3.1931e+00 +3.6661e+00 +1.3989e-01 -1.3435e+00 -2.3535e+00 +6.5076e-01 +3.7443e+00 +1.0623e+00 +3.1336e+00 -1.7342e+00 +8.8790e-02 -3.2674e+00 +1.5415e+00 +1.9382e+00 +3.9454e+00 -3.2148e+00
97746 +6.247208427e+00 +6.247208427e+00 +2.537208427e+00 +2.537208427e+00 +3.1244e+00 -2.3002e+00 +1.7899e+00 +3.9178e+00 +3.1502e+00 +3.6757e+00 +1.5381e-01 -1.3616e+00 -2.3261e+00 +6.7432e-01 +3.7447e+00 +1.0502e+00 +3.1296e+00 -1.7303e+00 +9.8257e-02 -3.2719e+00 +1.5078e+00 +1.9452e+00 +3.9539e+00 -3.2164e+00
% function evaluation | noise-free fitness - Fopt (1.321800000000e+02) | best noise-free fitness - Fopt | measured fitness | best measured fitness | x1 | x2...
1 +1.096229083e+03 +1.096229083e+03 +1.228409083e+03 +1.228409083e+03 -1.0243e+00 -3.5978e-02 +2.8113e+00 -1.3865e+00 +1.0183e+00 +2.0295e+00 +1.6679e+00 -4.5977e-01 +3.8762e+00 +1.7126e+00 +3.0392e+00 -6.8567e-01 -7.3879e-01 -1.8503e+00 +4.9465e-01 -1.4724e+00 -9.5711e-01 +1.3010e+00 +1.2828e+00 +2.0143e+00
3 +7.762478227e+02 +7.762478227e+02 +9.084278227e+02 +9.084278227e+02 -3.2901e+00 +9.8923e-01 +4.0571e+00 -2.6871e-01 +1.6890e-01 +1.1280e+00 +1.6985e+00 -1.2096e+00 +3.7156e+00 +3.5511e+00 +5.4143e+00 +2.8571e+00 -1.5844e+00 -3.1261e+00 -1.2516e+00 +7.1465e-01 -6.6269e-01 +3.7598e+00 -1.7794e+00 +1.9141e+00
27 +6.100965432e+02 +6.100965432e+02 +7.422765432e+02 +7.422765432e+02 -6.7543e-01 +1.5137e+00 +6.8048e+00 -2.9083e+00 -4.6975e-01 +3.8184e+00 +5.6796e-01 -3.3358e+00 +3.0049e+00 +1.1828e+00 +1.8012e+00 +1.2058e+00 +4.2246e-01 +6.3656e-02 +2.1757e-01 -5.3084e-02 +2.1326e+00 +5.3376e+00 -1.0003e+00 +1.5955e+00
66 +3.880956018e+02 +3.880956018e+02 +5.202756018e+02 +5.202756018e+02 +9.8368e-01 -6.5144e-01 +5.7843e+00 +1.6411e+00 -1.1390e+00 -2.4201e-01 +1.1719e-01 -1.5070e+00 +8.5240e-01 +2.1409e+00 +3.4495e+00 +1.8816e+00 -1.0594e+00 +3.7304e-01 -3.0701e+00 +1.6601e+00 +2.4584e+00 +3.7997e+00 -2.6701e-01 -1.0627e+00
270 +2.093653762e+02 +2.093653762e+02 +3.415453762e+02 +3.415453762e+02 -1.9943e+00 +3.1975e+00 +4.7852e+00 +1.2693e+00 -7.8408e-01 -1.3320e+00 -2.2566e+00 -4.7991e-01 +8.3157e-01 +1.4750e+00 +1.0472e-01 +3.7302e+00 -1.4021e+00 +3.1005e+00 -3.6775e+00 +2.6507e+00 +8.5310e-01 +3.9707e+00 -1.4395e+00 +9.4805e-01
713 +1.445350987e+02 +1.445350987e+02 +2.767150987e+02 +2.767150987e+02 -3.9530e+00 +3.8853e-01 +3.3483e+00 +3.2574e-01 -2.0994e+00 +2.6539e-01 -2.8067e+00 -4.7572e-01 +1.5505e+00 +1.0292e+00 +7.8490e-01 +2.5877e+00 -1.5545e+00 +4.2526e+00 -4.4256e+00 +2.8763e+00 +1.7446e+00 +3.4785e+00 -1.5225e+00 +1.3272e+00
2167 +8.574787054e+01 +8.574787054e+01 +2.179278705e+02 +2.179278705e+02 -4.8084e+00 +4.3835e-01 +4.1293e+00 +2.2379e-01 -1.7839e+00 -1.0772e-01 -2.1998e+00 +1.3196e-02 +9.5417e-01 +3.3957e-01 +7.7842e-01 +2.3699e+00 -1.5757e+00 +2.7766e+00 -4.0375e+00 +2.7663e+00 +2.5318e+00 +2.4349e+00 -6.5600e-01 +1.4530e+00
2294 +5.952591544e+01 +5.952591544e+01 +1.917059154e+02 +1.917059154e+02 -4.6533e+00 +6.1766e-01 +4.3297e+00 +3.0518e-01 -1.7935e+00 -3.6597e-01 -2.3573e+00 +1.0054e-01 +9.2866e-01 +4.2447e-01 +7.5894e-01 +2.4651e+00 -1.5452e+00 +2.8341e+00 -4.0201e+00 +2.7800e+00 +2.4120e+00 +2.6754e+00 -7.3252e-01 +1.4013e+00
2579 +3.689848472e+01 +3.689848472e+01 +1.690784847e+02 +1.690784847e+02 -4.7709e+00 +5.2185e-01 +4.3882e+00 +2.8904e-01 -1.7899e+00 -3.3746e-01 -2.2894e+00 +7.4168e-02 +9.2246e-01 +4.1079e-01 +7.4922e-01 +2.4989e+00 -1.4562e+00 +2.8146e+00 -4.0284e+00 +2.7383e+00 +2.5198e+00 +2.6862e+00 -6.6048e-01 +1.4341e+00
12101 +2.469563841e+01 +2.469563841e+01 +1.568756384e+02 +1.568756384e+02 -1.7507e+00 +1.4744e+00 +2.5552e+00 -1.9554e+00 -8.6965e-01 -2.4732e-01 -3.0128e+00 +8.0629e-01 +2.5259e-01 +9.6994e-01 +2.2037e-01 +3.5542e+00 -4.7463e-01 +3.7669e+00 -3.5805e+00 +3.6400e+00 +1.3091e+00 +3.4493e+00 -1.3845e+00 +1.0581e+00
25559 +1.361837182e+01 +1.361837182e+01 +1.457983718e+02 +1.457983718e+02 -3.8251e+00 +2.4414e+00 +3.5086e+00 -2.0040e+00 -2.5322e+00 -1.0641e+00 -1.5201e+00 +1.1779e-01 +9.6381e-01 +4.4323e-01 +8.0017e-01 +3.0614e+00 -1.4165e+00 +3.2962e+00 -3.9724e+00 +2.3551e+00 +1.6818e+00 +3.8852e+00 -9.9610e-01 +1.0707e+00
25929 +9.780700535e+00 +9.780700535e+00 +1.419607005e+02 +1.419607005e+02 -3.7475e+00 +2.4297e+00 +3.4642e+00 -2.0050e+00 -2.5053e+00 -1.0868e+00 -1.5939e+00 +8.1309e-02 +9.3723e-01 +4.2924e-01 +8.0317e-01 +3.0369e+00 -1.4468e+00 +3.2722e+00 -4.0075e+00 +2.3615e+00 +1.6799e+00 +3.8591e+00 -1.0169e+00 +1.0703e+00
203013 +6.297623519e+00 +6.297623519e+00 +1.384776235e+02 +1.384776235e+02 -3.7576e+00 +1.5012e+00 +3.4583e+00 -1.9583e+00 -2.4859e+00 -2.3483e-01 -1.5638e+00 +7.1887e-01 +1.5171e+00 -1.9996e-01 +7.9290e-01 +3.0339e+00 -1.4739e+00 +3.2816e+00 -3.5922e+00 +2.7428e+00 +1.6744e+00 +3.4569e+00 -1.3833e+00 +1.0671e+00
2380735 +3.937374566e+00 +3.937374566e+00 +1.361173746e+02 +1.361173746e+02 -3.7962e+00 +1.4926e+00 +3.4728e+00 -1.9529e+00 -2.4909e+00 -2.3246e-01 -1.5516e+00 +1.0041e-01 +9.2407e-01 +4.1364e-01 +7.9212e-01 +3.0298e+00 -9.8708e-01 +3.2927e+00 -3.5864e+00 +2.7428e+00 +1.6786e+00 +3.4602e+00 -1.3726e+00 +1.4174e+00
% function evaluation | noise-free fitness - Fopt (1.321800000000e+02) | best noise-free fitness - Fopt | measured fitness | best measured fitness | x1 | x2...
1 +2.202062375e+03 +2.202062375e+03 +2.334242375e+03 +2.334242375e+03 -2.4072e-01 -3.2182e+00 +3.2296e+00 +8.0933e-01 -2.0077e+00 +2.5272e+00 -7.7682e-01 +8.5914e-01 +2.5927e+00 +1.5910e+00 +3.2056e+00 -2.3251e+00 +2.8538e-02 +2.6326e+00 +3.5679e+00 +2.3281e+00 -2.2621e+00 +1.9016e+00 +8.1510e-01 +1.0160e+00
8 +8.489991234e+02 +8.489991234e+02 +9.811791234e+02 +9.811791234e+02 -1.2619e+00 +1.1743e+00 +4.7978e+00 -3.0611e+00 -4.8730e+00 +3.4979e+00 +1.9469e+00 +4.2563e+00 +4.8690e+00 +7.6171e-01 +1.7366e+00 +1.7681e+00 -1.0010e+00 +6.7257e-01 -3.9263e-01 +4.9943e+00 -1.7810e+00 +9.8897e-01 -3.2983e+00 -7.6918e-01
43 +5.669484797e+02 +5.669484797e+02 +6.991284797e+02 +6.991284797e+02 -2.4800e+00 -4.0962e+00 +3.3217e+00 -2.0127e+00 -4.0644e+00 +1.2603e+00 -1.5012e+00 -3.8047e-01 +2.0797e+00 +2.6135e+00 +4.5505e+00 +1.6274e+00 -2.6610e+00 +1.5182e+00 -2.6024e+00 +2.8078e+00 -2.5765e+00 +4.1156e+00 -1.5186e+00 -1.8498e+00
134 +3.777652437e+02 +3.777652437e+02 +5.099452437e+02 +5.099452437e+02 -1.8786e+00 -4.4669e+00 +5.5873e+00 -4.4383e-01 -5.5836e+00 -1.6526e+00 -3.7943e+00 +1.5775e-01 +1.7305e+00 -3.4606e-02 -3.2294e-02 +3.5331e+00 -1.3870e+00 +3.7368e+00 -3.4633e-01 +3.3298e+00 +1.7199e+00 +8.1176e-01 -1.0755e+00 +1.8297e+00
341 +2.251573522e+02 +2.251573522e+02 +3.573373522e+02 +3.573373522e+02 -5.4633e+00 -4.3723e+00 +6.0338e+00 -1.8232e+00 -6.4313e+00 -2.6027e+00 -3.1800e+00 +8.0053e-01 +1.3017e+00 +9.3498e-01 +1.3183e+00 +3.0972e+00 -2.1625e+00 +3.6734e+00 -3.6483e+00 +2.2941e+00 +1.3588e+00 +2.4303e+00 -1.2933e+00 +4.6820e-01
1362 +1.511798745e+02 +1.511798745e+02 +2.833598745e+02 +2.833598745e+02 -5.8944e+00 -1.4507e+00 +3.6894e+00 -1.9646e+00 -5.0995e+00 -2.4070e+00 -9.9615e-01 -6.7143e-01 +2.3616e-01 +3.3879e-01 -2.0506e-01 +3.5479e+00 -1.9274e+00 +2.4136e+00 -3.9414e+00 +1.9037e+00 +1.8278e+00 +3.2257e+00 -1.5361e+00 +1.7319e+00
1973 +9.684786271e+01 +9.684786271e+01 +2.290278627e+02 +2.290278627e+02 -5.7492e+00 -1.3448e+00 +3.4207e+00 -1.9568e+00 -4.7857e+00 -1.8389e+00 -6.8108e-01 -5.8537e-01 +2.7848e-01 +7.0362e-02 +2.5061e-01 +3.5343e+00 -2.2790e+00 +3.3062e+00 -4.1183e+00 +3.1295e+00 +1.7311e+00 +3.1013e+00 -1.3911e+00 +1.7023e+00
2231 +6.212098619e+01 +6.212098619e+01 +1.943009862e+02 +1.943009862e+02 -5.7433e+00 -1.2957e+00 +3.4269e+00 -1.9518e+00 -4.8668e+00 -1.8607e+00 -8.1851e-01 -5.2904e-01 +2.8614e-01 -1.9605e-01 +2.1804e-01 +3.5411e+00 -2.3307e+00 +3.3111e+00 -4.0083e+00 +3.1820e+00 +1.7083e+00 +3.1469e+00 -1.3831e+00 +1.6942e+00
10812 +3.912636038e+01 +3.912636038e+01 +1.713063604e+02 +1.713063604e+02 -3.7008e+00 +1.4957e+00 +1.8859e+00 -1.2160e+00 -2.5317e+00 -1.8215e+00 -3.5266e+00 +1.4268e-01 +1.5126e+00 -1.7948e-01 +1.3184e+00 +2.5051e+00 -9.8562e-01 +3.2978e+00 -4.0242e+00 +2.2799e+00 +2.0256e+00 +3.0862e+00 -1.3529e+00 +1.0691e+00
11022 +2.439015960e+01 +2.439015960e+01 +1.565701596e+02 +1.565701596e+02 -3.8348e+00 +1.4988e+00 +1.8449e+00 -1.0620e+00 -2.4865e+00 -1.7982e+00 -3.5750e+00 +1.0903e-01 +1.5520e+00 -2.0966e-01 +1.3372e+00 +2.5099e+00 -9.8718e-01 +3.2729e+00 -4.0244e+00 +2.3635e+00 +2.0708e+00 +3.1067e+00 -1.3829e+00 +1.0545e+00
24450 +1.554623548e+01 +1.554623548e+01 +1.477262355e+02 +1.477262355e+02 -3.7404e+00 +1.4353e+00 +3.4769e+00 -1.9941e+00 -1.6224e+00 -1.0643e+00 -1.5483e+00 +8.3846e-01 +1.5218e+00 +4.1526e-01 +8.0249e-01 +2.5220e+00 -9.9588e-01 +2.8272e+00 -3.9916e+00 +2.7358e+00 +2.1199e+00 +3.1042e+00 -6.8104e-01 +1.0661e+00
72813 +9.996839767e+00 +9.996839767e+00 +1.421768398e+02 +1.421768398e+02 -4.7568e+00 +1.5055e+00 +3.4456e+00 -1.9748e+00 -3.3188e+00 -1.0718e+00 -1.5854e+00 +9.2905e-02 +1.5081e+00 -1.8027e-01 +2.1072e-01 +3.0374e+00 -1.4584e+00 +3.2840e+00 -3.5921e+00 +2.7366e+00 +1.6760e+00 +3.8672e+00 -1.7081e+00 +1.0724e+00
117359 +6.184409292e+00 +6.184409292e+00 +1.383644093e+02 +1.383644093e+02 -3.7596e+00 +1.4725e+00 +3.4625e+00 -1.9594e+00 -2.4902e+00 -1.0525e+00 -2.2692e+00 +7.1617e-01 +1.5102e+00 +9.6068e-01 +7.9032e-01 +2.5250e+00 -9.8742e-01 +3.2833e+00 -3.5815e+00 +2.7393e+00 +1.3067e+00 +3.4590e+00 -1.3868e+00 +1.4284e+00
% function evaluation | noise-free fitness - Fopt (1.321800000000e+02) | best noise-free fitness - Fopt | measured fitness | best measured fitness | x1 | x2...
1 +8.503846115e+02 +8.503846115e+02 +9.825646115e+02 +9.825646115e+02 -2.2673e+00 -1.5581e+00 +2.0250e+00 +3.5418e+00 +1.9276e-01 +2.5891e+00 -3.9588e+00 +3.9456e+00 +2.1392e+00 -6.3731e-01 +1.7777e+00 +9.7107e-02 +3.4530e+00 +3.8122e+00 -2.6734e+00 +2.5303e+00 -1.6620e+00 -2.3659e-01 -3.1310e-01 +9.2047e-01
26 +5.428608348e+02 +5.428608348e+02 +6.750408348e+02 +6.750408348e+02 -5.6258e+00 -5.7304e-01 -2.0021e+00 +3.4841e+00 -1.0657e+00 +1.7837e+00 -4.5215e+00 +3.5092e+00 +8.8097e-01 -1.6901e+00 +1.4420e+00 -5.7619e-02 +8.3324e-01 +3.7047e+00 -8.0215e-01 +2.5514e+00 -8.4455e-01 +2.0584e+00 -2.1362e+00 +2.5639e+00
89 +3.393070508e+02 +3.393070508e+02 +4.714870508e+02 +4.714870508e+02 -4.0335e+00 +1.2724e+00 +9.3744e-01 +3.3957e+00 -2.8409e+00 +5.9035e-02 -4.3302e+00 +1.6118e+00 +2.7982e+00 -2.8562e-01 -2.1710e-01 +2.8168e-01 -1.4618e+00 +2.4568e+00 -3.0014e+00 +2.6155e+00 +9.8077e-01 +2.5173e+00 -1.6361e+00 +5.4175e-01
251 +2.202442911e+02 +2.202442911e+02 +3.524242911e+02 +3.524242911e+02 -3.9616e+00 +1.4570e+00 +2.0764e+00 -5.2981e-01 -5.2342e+00 -2.5112e+00 -5.2884e+00 +9.4556e-01 +2.4717e-01 +2.9773e-02 +9.3208e-01 +4.0579e+00 -1.5269e+00 +2.3381e+00 -3.3784e+00 +3.6475e-01 +2.1557e+00 +3.8158e+00 -9.7518e-01 +1.3689e+00
731 +1.408626509e+02 +1.408626509e+02 +2.730426509e+02 +2.730426509e+02 -2.9433e+00 +7.0570e-01 +7.5286e-01 -4.2673e-01 -2.9466e+00 -9.1734e-01 -3.0698e+00 -6.2514e-01 +2.0400e+00 +5.1483e-01 +1.8336e+00 +3.0217e+00 -1.9642e+00 +3.8863e+00 -4.0792e+00 +2.7452e+00 +1.7110e+00 +2.8526e+00 -1.0799e+00 +1.4353e+00
1500 +9.898939399e+01 +9.898939399e+01 +2.311693940e+02 +2.311693940e+02 -3.6711e+00 +1.3911e+00 +2.1578e+00 -1.0854e+00 -3.1902e+00 +4.2226e-01 -2.9571e+00 +6.6216e-01 +2.9868e-01 -2.1678e-01 +2.9850e-01 +3.0533e+00 -1.0662e+00 +3.1939e+00 -3.7275e+00 +2.3450e+00 +9.5989e-01 +3.5042e+00 -1.7537e+00 +1.6853e+00
1626 +5.968332198e+01 +5.968332198e+01 +1.918633220e+02 +1.918633220e+02 -3.7686e+00 +1.5267e+00 +2.4359e+00 -1.0197e+00 -3.2488e+00 +5.6449e-01 -3.1530e+00 +7.2907e-01 +1.9318e-01 -1.4480e-01 +2.1862e-01 +2.9583e+00 -9.8783e-01 +3.2344e+00 -3.5039e+00 +2.3873e+00 +8.6211e-01 +3.4859e+00 -1.7476e+00 +1.6917e+00
1780 +3.806422429e+01 +3.806422429e+01 +1.702442243e+02 +1.702442243e+02 -3.7511e+00 +1.5400e+00 +2.5054e+00 -1.2133e+00 -3.3865e+00 +4.4343e-01 -3.0646e+00 +8.0812e-01 +3.7080e-01 -1.8306e-01 +2.6900e-01 +3.0200e+00 -9.7017e-01 +3.2542e+00 -3.5956e+00 +2.3641e+00 +8.6619e-01 +3.4450e+00 -1.7173e+00 +1.7534e+00
2031 +2.491187384e+01 +2.491187384e+01 +1.570918738e+02 +1.570918738e+02 -3.7596e+00 +1.4705e+00 +2.5261e+00 -1.0916e+00 -3.3142e+00 +4.9531e-01 -3.0143e+00 +7.1796e-01 +2.5605e-01 -1.7708e-01 +2.4549e-01 +3.0488e+00 -9.8766e-01 +3.2603e+00 -3.5848e+00 +2.3265e+00 +8.4965e-01 +3.4689e+00 -1.7102e+00 +1.6933e+00
25337 +1.577817828e+01 +1.577817828e+01 +1.479581783e+02 +1.479581783e+02 -3.7586e+00 +5.3355e-01 +3.4548e+00 -1.9833e+00 -1.6690e+00 -2.9397e-01 -1.5474e+00 -6.2304e-01 +2.7333e-01 +4.0805e-01 +7.7140e-01 +2.5200e+00 -9.8740e-01 +3.2790e+00 -4.0132e+00 +2.3486e+00 +2.1151e+00 +3.4554e+00 -1.3880e+00 +1.6732e+00
42806 +9.997633927e+00 +9.997633927e+00 +1.421776339e+02 +1.421776339e+02 -4.7619e+00 +1.4814e+00 +3.4573e+00 -2.8411e+00 -2.4924e+00 -1.8530e+00 -2.2766e+00 -6.1255e-01 +1.5110e+00 -2.0943e-01 +7.9360e-01 +2.5121e+00 -4.7995e-01 +2.8361e+00 -3.5858e+00 +2.7352e+00 +1.6751e+00 +3.8792e+00 -1.3873e+00 +1.0638e+00
196944 +6.149382421e+00 +6.149382421e+00 +1.383293824e+02 +1.383293824e+02 -3.7569e+00 +1.4822e+00 +3.4732e+00 -1.0688e+00 -1.6334e+00 -2.4439e-01 -3.0312e+00 +9.5796e-02 +9.2947e-01 +4.1140e-01 +2.1220e-01 +3.0356e+00 -9.8523e-01 +3.2849e+00 -3.5839e+00 +2.7383e+00 +1.6761e+00 +3.4578e+00 -1.3836e+00 +1.4220e+00
692309 +3.956136474e+00 +3.956136474e+00 +1.361361365e+02 +1.361361365e+02 -3.7859e+00 +1.4721e+00 +3.4643e+00 -1.9706e+00 -2.4793e+00 -1.0664e+00 -2.2874e+00 +7.1335e-01 +9.3533e-01 +3.9905e-01 +7.8908e-01 +3.0186e+00 -1.4846e+00 +3.2850e+00 -3.5777e+00 +2.7352e+00 +1.6747e+00 +3.4586e+00 -1.3854e+00 +1.4403e+00
