% function evaluation | noise-free fitness - Fopt (-4.620900000000e+02) | best noise-free fitness - Fopt | measured fitness | best measured fitness | x1 | x2...
1 +3.466672209e+02 +3.466672209e+02 -1.154227791e+02 -1.154227791e+02 -2.8974e+00 -3.5829e+00
2 +1.884658701e+02 +1.884658701e+02 -2.736241299e+02 -2.736241299e+02 -1.5445e+00 -1.6752e+00
9 +1.535061613e+02 +1.535061613e+02 -3.085838387e+02 -3.085838387e+02 +1.3970e+00 -1.2308e+00
11 +5.718222878e+01 +5.718222878e+01 -4.049077712e+02 -4.049077712e+02 -6.2590e-01 +4.7833e-01
15 +3.502984854e+01 +3.502984854e+01 -4.270601515e+02 -4.270601515e+02 +6.3072e-01 +3.8436e+00
35 +1.373786444e+01 +1.373786444e+01 -4.483521356e+02 -4.483521356e+02 -3.5215e+00 +2.0067e+00
69 +9.488629979e+00 +9.488629979e+00 -4.526013700e+02 -4.526013700e+02 -1.2736e+00 +2.3666e+00
76 +5.513591101e+00 +5.513591101e+00 -4.565764089e+02 -4.565764089e+02 -2.1960e+00 +2.6996e+00
103 +2.980219334e+00 +2.980219334e+00 -4.591097807e+02 -4.591097807e+02 -2.2118e+00 +2.3019e+00
114 +1.340029123e+00 +1.340029123e+00 -4.607499709e+02 -4.607499709e+02 -2.3217e+00 +2.6832e+00
136 +7.571297127e-01 +7.571297127e-01 -4.613328703e+02 -4.613328703e+02 -2.2973e+00 +2.2865e+00
142 +8.519792028e-02 +8.519792028e-02 -4.620048021e+02 -4.620048021e+02 -2.3213e+00 +2.2973e+00
189 +5.443448664e-02 +5.443448664e-02 -4.620355655e+02 -4.620355655e+02 -2.3237e+00 +2.2994e+00
219 +3.128777391e-02 +3.128777391e-02 -4.620587122e+02 -4.620587122e+02 -2.3424e+00 +2.2963e+00
231 +2.027980040e-02 +2.027980040e-02 -4.620697202e+02 -4.620697202e+02 -2.3325e+00 +2.2983e+00
248 +1.091203284e-02 +1.091203284e-02 -4.620790880e+02 -4.620790880e+02 -2.3486e+00 +2.2994e+00
250 +4.938403106e-03 +4.938403106e-03 -4.620850616e+02 -4.620850616e+02 -2.3365e+00 +2.2995e+00
272 +1.531305771e-03 +1.531305771e-03 -4.620884687e+02 -4.620884687e+02 -2.3408e+00 +2.3009e+00
274 +2.990033436e-04 +2.990033436e-04 -4.620897010e+02 -4.620897010e+02 -2.3397e+00 +2.2999e+00
283 +6.303901330e-06 +6.303901330e-06 -4.620899937e+02 -4.620899937e+02 -2.3406e+00 +2.3000e+00
356 +1.532223280e-06 +1.532223280e-06 -4.620899985e+02 -4.620899985e+02 -2.3407e+00 +2.3000e+00
389 +4.188718208e-07 +4.188718208e-07 -4.620899996e+02 -4.620899996e+02 -2.3408e+00 +2.3000e+00
393 +3.130011805e-07 +3.130011805e-07 -4.620899997e+02 -4.620899997e+02 -2.3408e+00 +2.3000e+00
402 +2.459603365e-08 +2.459603365e-08 -4.620900000e+02 -4.620900000e+02 -2.3408e+00 +2.3000e+00
406 +1.684668405e-09 +1.684668405e-09 -4.620900000e+02 -4.620900000e+02 -2.3408e+00 +2.3000e+00
% function evaluation | noise-free fitness - Fopt (-4.620900000000e+02) | best noise-free fitness - Fopt | measured fitness | best measured fitness | x1 | x2...
1 +3.573519166e+01 +3.573519166e+01 -4.263548083e+02 -4.263548083e+02 +2.7801e+00 +2.0568e+00
12 +1.941182216e+01 +1.941182216e+01 -4.426781778e+02 -4.426781778e+02 -2.9607e-01 +3.2470e+00
37 +1.184726755e+01 +1.184726755e+01 -4.502427324e+02 -4.502427324e+02 +6.6147e-01 +2.7107e+00
103 +8.984659906e+00 +8.984659906e+00 -4.531053401e+02 -4.531053401e+02 +6.8683e-01 +2.2991e+00
710 +4.328545244e+00 +4.328545244e+00 -4.577614548e+02 -4.577614548e+02 -3.3583e+00 +2.6106e+00
730 +2.365161117e+00 +2.365161117e+00 -4.597248389e+02 -4.597248389e+02 -2.2630e+00 +2.6853e+00
889 +1.366059080e+00 +1.366059080e+00 -4.607239409e+02 -4.607239409e+02 -3.3359e+00 +2.2865e+00
970 +9.953302146e-01 +9.953302146e-01 -4.610946698e+02 -4.610946698e+02 -3.3372e+00 +2.3004e+00
2004 +2.075154049e-01 +2.075154049e-01 -4.618824846e+02 -4.618824846e+02 -2.3651e+00 +2.2927e+00
2010 +7.416074772e-02 +7.416074772e-02 -4.620158393e+02 -4.620158393e+02 -2.3284e+00 +2.3048e+00
2064 +3.053373613e-02 +3.053373613e-02 -4.620594663e+02 -4.620594663e+02 -2.3445e+00 +2.3038e+00
2103 +5.032604035e-03 +5.032604035e-03 -4.620849674e+02 -4.620849674e+02 -2.3392e+00 +2.3017e+00
2111 +5.295600920e-04 +5.295600920e-04 -4.620894704e+02 -4.620894704e+02 -2.3411e+00 +2.3005e+00
2158 +2.391659399e-04 +2.391659399e-04 -4.620897608e+02 -4.620897608e+02 -2.3401e+00 +2.3003e+00
2253 +4.689893217e-06 +4.689893217e-06 -4.620899953e+02 -4.620899953e+02 -2.3407e+00 +2.3000e+00
2353 +3.639428371e-06 +3.639428371e-06 -4.620899964e+02 -4.620899964e+02 -2.3407e+00 +2.3000e+00
2381 +6.461864359e-07 +6.461864359e-07 -4.620899994e+02 -4.620899994e+02 -2.3408e+00 +2.3000e+00
2445 +2.921658506e-07 +2.921658506e-07 -4.620899997e+02 -4.620899997e+02 -2.3408e+00 +2.3000e+00
2455 +2.025256549e-07 +2.025256549e-07 -4.620899998e+02 -4.620899998e+02 -2.3408e+00 +2.3000e+00
2487 +1.391458682e-07 +1.391458682e-07 -4.620899999e+02 -4.620899999e+02 -2.3408e+00 +2.3000e+00
2503 +5.577931006e-09 +5.577931006e-09 -4.620900000e+02 -4.620900000e+02 -2.3408e+00 +2.3000e+00
% function evaluation | noise-free fitness - Fopt (-4.620900000000e+02) | best noise-free fitness - Fopt | measured fitness | best measured fitness | x1 | x2...
1 +2.669093168e+01 +2.669093168e+01 -4.353990683e+02 -4.353990683e+02 -2.7591e+00 +3.0439e+00
5 +1.419124794e+01 +1.419124794e+01 -4.478987521e+02 -4.478987521e+02 -3.3630e+00 +1.7118e+00
14 +3.333114767e+00 +3.333114767e+00 -4.587568852e+02 -4.587568852e+02 -3.2893e+00 +2.0036e+00
648 +1.293649006e+00 +1.293649006e+00 -4.607963510e+02 -4.607963510e+02 -2.3087e+00 +1.9968e+00
2893 +9.990321358e-01 +9.990321358e-01 -4.610909679e+02 -4.610909679e+02 -2.3381e+00 +2.6587e+00
4349 +5.546782166e-02 +5.546782166e-02 -4.620345322e+02 -4.620345322e+02 -2.3551e+00 +2.3031e+00
4455 +1.835197406e-02 +1.835197406e-02 -4.620716480e+02 -4.620716480e+02 -2.3395e+00 +2.3034e+00
4465 +1.489451534e-02 +1.489451534e-02 -4.620751055e+02 -4.620751055e+02 -2.3437e+00 +2.2974e+00
4510 +1.749927089e-03 +1.749927089e-03 -4.620882501e+02 -4.620882501e+02 -2.3436e+00 +2.3004e+00
4538 +1.446494686e-03 +1.446494686e-03 -4.620885535e+02 -4.620885535e+02 -2.3418e+00 +2.3008e+00
4546 +6.354080121e-04 +6.354080121e-04 -4.620893646e+02 -4.620893646e+02 -2.3407e+00 +2.3006e+00
4569 +1.428884598e-04 +1.428884598e-04 -4.620898571e+02 -4.620898571e+02 -2.3417e+00 +2.2999e+00
4571 +6.974923383e-05 +6.974923383e-05 -4.620899303e+02 -4.620899303e+02 -2.3408e+00 +2.3002e+00
4578 +5.930638144e-05 +5.930638144e-05 -4.620899407e+02 -4.620899407e+02 -2.3405e+00 +2.3001e+00
4597 +2.412324801e-05 +2.412324801e-05 -4.620899759e+02 -4.620899759e+02 -2.3407e+00 +2.3001e+00
4644 +1.984596906e-06 +1.984596906e-06 -4.620899980e+02 -4.620899980e+02 -2.3407e+00 +2.3000e+00
4674 +9.609944982e-07 +9.609944982e-07 -4.620899990e+02 -4.620899990e+02 -2.3408e+00 +2.3000e+00
4718 +2.456790753e-07 +2.456790753e-07 -4.620899998e+02 -4.620899998e+02 -2.3408e+00 +2.3000e+00
4737 +1.287743885e-07 +1.287743885e-07 -4.620899999e+02 -4.620899999e+02 -2.3408e+00 +2.3000e+00
4755 +7.218778819e-08 +7.218778819e-08 -4.620899999e+02 -4.620899999e+02 -2.3408e+00 +2.3000e+00
4771 +6.247063311e-08 +6.247063311e-08 -4.620899999e+02 -4.620899999e+02 -2.3408e+00 +2.3000e+00
4774 +2.285986511e-08 +2.285986511e-08 -4.620900000e+02 -4.620900000e+02 -2.3408e+00 +2.3000e+00
4785 +4.237278972e-09 +4.237278972e-09 -4.620900000e+02 -4.620900000e+02 -2.3408e+00 +2.3000e+00
4791 +1.495720880e-09 +1.495720880e-09 -4.620900000e+02 -4.620900000e+02 -2.3408e+00 +2.3000e+00
% function evaluation | noise-free fitness - Fopt (7.766000000000e+01) | best noise-free fitness - Fopt | measured fitness | best measured fitness | x1 | x2...
1 +5.559106076e+01 +5.559106076e+01 +1.332510608e+02 +1.332510608e+02 -3.9336e+00 +7.5107e-02
4 +9.042059902e+00 +9.042059902e+00 +8.670205990e+01 +8.670205990e+01 +1.4315e+00 -1.1088e+00
36 +1.595294619e+00 +1.595294619e+00 +7.925529462e+01 +7.925529462e+01 +2.4444e+00 -1.1729e+00
91 +1.455943974e+00 +1.455943974e+00 +7.911594397e+01 +7.911594397e+01 +1.4144e+00 -8.6998e-01
875 +1.133590256e-01 +1.133590256e-01 +7.777335903e+01 +7.777335903e+01 +2.3979e+00 -8.6422e-01
2126 +6.556648510e-02 +6.556648510e-02 +7.772556649e+01 +7.772556649e+01 +2.3822e+00 -8.5366e-01
2139 +2.598559592e-02 +2.598559592e-02 +7.768598560e+01 +7.768598560e+01 +2.3928e+00 -8.5906e-01
2198 +1.785357100e-02 +1.785357100e-02 +7.767785357e+01 +7.767785357e+01 +2.4056e+00 -8.5405e-01
2216 +9.511413349e-03 +9.511413349e-03 +7.766951141e+01 +7.766951141e+01 +2.3996e+00 -8.5392e-01
2249 +4.844304486e-03 +4.844304486e-03 +7.766484430e+01 +7.766484430e+01 +2.4011e+00 -8.5448e-01
2257 +3.885620928e-03 +3.885620928e-03 +7.766388562e+01 +7.766388562e+01 +2.4021e+00 -8.5518e-01
2276 +8.750566794e-04 +8.750566794e-04 +7.766087506e+01 +7.766087506e+01 +2.3997e+00 -8.5545e-01
2292 +1.772121315e-04 +1.772121315e-04 +7.766017721e+01 +7.766017721e+01 +2.3992e+00 -8.5617e-01
2343 +8.038409034e-05 +8.038409034e-05 +7.766008038e+01 +7.766008038e+01 +2.3978e+00 -8.5593e-01
2373 +8.665837129e-06 +8.665837129e-06 +7.766000867e+01 +7.766000867e+01 +2.3984e+00 -8.5606e-01
2416 +8.829568117e-07 +8.829568117e-07 +7.766000088e+01 +7.766000088e+01 +2.3985e+00 -8.5601e-01
2445 +4.471629325e-07 +4.471629325e-07 +7.766000045e+01 +7.766000045e+01 +2.3984e+00 -8.5600e-01
2489 +1.111147583e-07 +1.111147583e-07 +7.766000011e+01 +7.766000011e+01 +2.3984e+00 -8.5600e-01
2546 +5.551441973e-08 +5.551441973e-08 +7.766000006e+01 +7.766000006e+01 +2.3984e+00 -8.5600e-01
2598 +5.235975209e-09 +5.235975209e-09 +7.766000001e+01 +7.766000001e+01 +2.3984e+00 -8.5600e-01
% function evaluation | noise-free fitness - Fopt (7.766000000000e+01) | best noise-free fitness - Fopt | measured fitness | best measured fitness | x1 | x2...
1 +9.116576896e+01 +9.116576896e+01 +1.688257690e+02 +1.688257690e+02 -3.1060e+00 -2.4858e+00
5 +5.394709963e+01 +5.394709963e+01 +1.316070996e+02 +1.316070996e+02 -3.3376e+00 -8.0706e-01
12 +3.008069460e+01 +3.008069460e+01 +1.077406946e+02 +1.077406946e+02 -2.6944e+00 -1.2076e+00
20 +2.451468004e+01 +2.451468004e+01 +1.021746800e+02 +1.021746800e+02 -1.4497e+00 -1.1191e+00
50 +1.396086507e+01 +1.396086507e+01 +9.162086507e+01 +9.162086507e+01 -7.3368e-01 -1.1336e+00
207 +9.989476931e+00 +9.989476931e+00 +8.764947693e+01 +8.764947693e+01 -6.6288e-01 -5.0122e-01
700 +5.767054793e+00 +5.767054793e+00 +8.342705479e+01 +8.342705479e+01 +2.2272e+00 -8.5689e-01
977 +1.820030480e+00 +1.820030480e+00 +7.948003048e+01 +7.948003048e+01 +2.4536e+00 -5.1028e-01
1017 +1.114494990e+00 +1.114494990e+00 +7.877449499e+01 +7.877449499e+01 +2.3737e+00 -4.9567e-01
1091 +9.996734286e-01 +9.996734286e-01 +7.865967343e+01 +7.865967343e+01 +2.3965e+00 -4.9231e-01
2343 +1.853940607e-01 +1.853940607e-01 +7.784539406e+01 +7.784539406e+01 +2.4085e+00 -8.6574e-01
2386 +7.777007144e-02 +7.777007144e-02 +7.773777007e+01 +7.773777007e+01 +2.3793e+00 -8.5753e-01
2472 +5.115688243e-02 +5.115688243e-02 +7.771115688e+01 +7.771115688e+01 +2.4149e+00 -8.5558e-01
2502 +1.352844789e-03 +1.352844789e-03 +7.766135284e+01 +7.766135284e+01 +2.3998e+00 -8.5524e-01
2593 +1.177346219e-04 +1.177346219e-04 +7.766011773e+01 +7.766011773e+01 +2.3992e+00 -8.5596e-01
2661 +4.059064062e-05 +4.059064062e-05 +7.766004059e+01 +7.766004059e+01 +2.3981e+00 -8.5588e-01
2663 +3.748605123e-05 +3.748605123e-05 +7.766003749e+01 +7.766003749e+01 +2.3988e+00 -8.5604e-01
2695 +1.038001328e-05 +1.038001328e-05 +7.766001038e+01 +7.766001038e+01 +2.3984e+00 -8.5593e-01
2699 +4.881530955e-06 +4.881530955e-06 +7.766000488e+01 +7.766000488e+01 +2.3984e+00 -8.5604e-01
2741 +5.546226305e-07 +5.546226305e-07 +7.766000055e+01 +7.766000055e+01 +2.3984e+00 -8.5600e-01
2798 +2.622243755e-07 +2.622243755e-07 +7.766000026e+01 +7.766000026e+01 +2.3984e+00 -8.5601e-01
2817 +1.882723524e-07 +1.882723524e-07 +7.766000019e+01 +7.766000019e+01 +2.3984e+00 -8.5600e-01
2855 +9.747368779e-08 +9.747368779e-08 +7.766000010e+01 +7.766000010e+01 +2.3984e+00 -8.5599e-01
2858 +3.577794416e-08 +3.577794416e-08 +7.766000004e+01 +7.766000004e+01 +2.3984e+00 -8.5600e-01
2877 +1.769203095e-08 +1.769203095e-08 +7.766000002e+01 +7.766000002e+01 +2.3984e+00 -8.5600e-01
2893 +1.039832398e-08 +1.039832398e-08 +7.766000001e+01 +7.766000001e+01 +2.3984e+00 -8.5600e-01
2911 +1.576736963e-09 +1.576736963e-09 +7.766000000e+01 +7.766000000e+01 +2.3984e+00 -8.5600e-01
2928 +7.881766351e-10 +7.881766351e-10 +7.766000000e+01 +7.766000000e+01 +2.3984e+00 -8.5600e-01
% function evaluation | noise-free fitness - Fopt (7.766000000000e+01) | best noise-free fitness - Fopt | measured fitness | best measured fitness | x1 | x2...
1 +7.034857322e+01 +7.034857322e+01 +1.480085732e+02 +1.480085732e+02 -2.1878e+00 +4.7118e-01
3 +5.499263216e+01 +5.499263216e+01 +1.326526322e+02 +1.326526322e+02 -2.2517e+00 -1.4190e+00
9 +3.770090935e+01 +3.770090935e+01 +1.153609094e+02 +1.153609094e+02 -6.4798e-01 +2.1235e-01
33 +9.942441228e+00 +9.942441228e+00 +8.760244123e+01 +8.760244123e+01 +2.5412e+00 -7.8039e-01
40 +2.140491333e+00 +2.140491333e+00 +7.980049133e+01 +7.980049133e+01 +1.4213e+00 -4.9239e-01
128 +1.513539504e+00 +1.513539504e+00 +7.917353950e+01 +7.917353950e+01 +1.4097e+00 -8.3753e-01
176 +9.981604536e-01 +9.981604536e-01 +7.865816045e+01 +7.865816045e+01 +1.4047e+00 -8.5622e-01
1866 +1.432684192e-01 +1.432684192e-01 +7.780326842e+01 +7.780326842e+01 +2.3876e+00 -8.4767e-01
1916 +3.877962629e-02 +3.877962629e-02 +7.769877963e+01 +7.769877963e+01 +2.3969e+00 -8.6001e-01
2019 +6.406028860e-03 +6.406028860e-03 +7.766640603e+01 +7.766640603e+01 +2.4039e+00 -8.5533e-01
2072 +4.615018935e-03 +4.615018935e-03 +7.766461502e+01 +7.766461502e+01 +2.3946e+00 -8.5517e-01
2095 +2.069916321e-04 +2.069916321e-04 +7.766020699e+01 +7.766020699e+01 +2.3985e+00 -8.5568e-01
2123 +1.501789412e-04 +1.501789412e-04 +7.766015018e+01 +7.766015018e+01 +2.3991e+00 -8.5618e-01
2194 +8.982528452e-05 +8.982528452e-05 +7.766008983e+01 +7.766008983e+01 +2.3982e+00 -8.5581e-01
2202 +3.767922577e-05 +3.767922577e-05 +7.766003768e+01 +7.766003768e+01 +2.3980e+00 -8.5597e-01
2251 +1.840956139e-05 +1.840956139e-05 +7.766001841e+01 +7.766001841e+01 +2.3983e+00 -8.5591e-01
2257 +9.680673429e-06 +9.680673429e-06 +7.766000968e+01 +7.766000968e+01 +2.3986e+00 -8.5600e-01
2268 +2.925871456e-06 +2.925871456e-06 +7.766000293e+01 +7.766000293e+01 +2.3983e+00 -8.5602e-01
2299 +2.110462916e-06 +2.110462916e-06 +7.766000211e+01 +7.766000211e+01 +2.3984e+00 -8.5597e-01
2311 +1.666659557e-07 +1.666659557e-07 +7.766000017e+01 +7.766000017e+01 +2.3984e+00 -8.5601e-01
2332 +3.692710493e-08 +3.692710493e-08 +7.766000004e+01 +7.766000004e+01 +2.3984e+00 -8.5600e-01
2383 +5.623746802e-09 +5.623746802e-09 +7.766000001e+01 +7.766000001e+01 +2.3984e+00 -8.5600e-01
2400 +1.825384288e-09 +1.825384288e-09 +7.766000000e+01 +7.766000000e+01 +2.3984e+00 -8.5600e-01
% function evaluation | noise-free fitness - Fopt (1.156800000000e+02) | best noise-free fitness - Fopt | measured fitness | best measured fitness | x1 | x2...
1 +8.100703013e+01 +8.100703013e+01 +1.966870301e+02 +1.966870301e+02 -1.8071e+00 +1.0466e+00
2 +4.096316606e+01 +4.096316606e+01 +1.566431661e+02 +1.566431661e+02 -1.2869e+00 +6.3177e-01
3 +3.508065470e+01 +3.508065470e+01 +1.507606547e+02 +1.507606547e+02 -2.6669e+00 -1.0893e+00
10 +2.175788052e+01 +2.175788052e+01 +1.374378805e+02 +1.374378805e+02 -2.7424e+00 -6.5502e-01
12 +1.513564252e+01 +1.513564252e+01 +1.308156425e+02 +1.308156425e+02 -4.4537e+00 -5.9263e-01
54 +9.617312223e+00 +9.617312223e+00 +1.252973122e+02 +1.252973122e+02 -2.3786e+00 -5.7640e-01
91 +2.250051104e+00 +2.250051104e+00 +1.179300511e+02 +1.179300511e+02 -2.1212e+00 -6.5093e-01
316 +1.178168483e+00 +1.178168483e+00 +1.168581685e+02 +1.168581685e+02 -2.2151e+00 -1.0045e+00
541 +9.999578969e-01 +9.999578969e-01 +1.166799579e+02 +1.166799579e+02 -1.1817e+00 -9.8150e-01
2493 +1.716181067e-01 +1.716181067e-01 +1.158516181e+02 +1.158516181e+02 -2.1632e+00 -9.9188e-01
2791 +6.575996723e-02 +6.575996723e-02 +1.157457600e+02 +1.157457600e+02 -2.1715e+00 -9.8818e-01
2847 +6.029620061e-02 +6.029620061e-02 +1.157402962e+02 +1.157402962e+02 -2.1938e+00 -9.8084e-01
2950 +1.165386498e-02 +1.165386498e-02 +1.156916539e+02 +1.156916539e+02 -2.1773e+00 -9.8569e-01
2972 +8.594606432e-03 +8.594606432e-03 +1.156885946e+02 +1.156885946e+02 -2.1848e+00 -9.8388e-01
2978 +4.016753975e-04 +4.016753975e-04 +1.156804017e+02 +1.156804017e+02 -2.1796e+00 -9.8346e-01
2990 +2.549741330e-04 +2.549741330e-04 +1.156802550e+02 +1.156802550e+02 -2.1784e+00 -9.8285e-01
3075 +1.212979506e-04 +1.212979506e-04 +1.156801213e+02 +1.156801213e+02 -2.1791e+00 -9.8311e-01
3080 +9.892141156e-05 +9.892141156e-05 +1.156800989e+02 +1.156800989e+02 -2.1778e+00 -9.8307e-01
3097 +1.273962251e-05 +1.273962251e-05 +1.156800127e+02 +1.156800127e+02 -2.1785e+00 -9.8328e-01
3133 +6.899005371e-06 +6.899005371e-06 +1.156800069e+02 +1.156800069e+02 -2.1783e+00 -9.8315e-01
3167 +4.428839105e-06 +4.428839105e-06 +1.156800044e+02 +1.156800044e+02 -2.1785e+00 -9.8316e-01
3185 +3.470410775e-06 +3.470410775e-06 +1.156800035e+02 +1.156800035e+02 -2.1784e+00 -9.8316e-01
3191 +6.016837091e-07 +6.016837091e-07 +1.156800006e+02 +1.156800006e+02 -2.1785e+00 -9.8320e-01
3204 +1.580818747e-07 +1.580818747e-07 +1.156800002e+02 +1.156800002e+02 -2.1784e+00 -9.8320e-01
3271 +5.430811711e-08 +5.430811711e-08 +1.156800001e+02 +1.156800001e+02 -2.1784e+00 -9.8320e-01
3340 +2.666681098e-08 +2.666681098e-08 +1.156800000e+02 +1.156800000e+02 -2.1784e+00 -9.8320e-01
3356 +5.875023135e-09 +5.875023135e-09 +1.156800000e+02 +1.156800000e+02 -2.1784e+00 -9.8320e-01
3367 +2.046988357e-09 +2.046988357e-09 +1.156800000e+02 +1.156800000e+02 -2.1784e+00 -9.8320e-01
% function evaluation | noise-free fitness - Fopt (1.156800000000e+02) | best noise-free fitness - Fopt | measured fitness | best measured fitness | x1 | x2...
1 +9.912734304e+01 +9.912734304e+01 +2.148073430e+02 +2.148073430e+02 -1.8652e+00 +1.1476e+00
4 +4.184944104e+01 +4.184944104e+01 +1.575294410e+02 +1.575294410e+02 -4.1202e+00 +2.0695e-01
5 +3.013430779e+01 +3.013430779e+01 +1.458143078e+02 +1.458143078e+02 -1.3789e+00 -1.1649e+00
11 +1.731643205e+01 +1.731643205e+01 +1.329964321e+02 +1.329964321e+02 -1.1608e+00 -2.1592e+00
36 +5.269643654e+00 +5.269643654e+00 +1.209496437e+02 +1.209496437e+02 -2.2774e+00 -6.7601e-01
93 +3.222151922e+00 +3.222151922e+00 +1.189021519e+02 +1.189021519e+02 -3.1615e+00 -1.0154e+00
129 +1.344752597e+00 +1.344752597e+00 +1.170247526e+02 +1.170247526e+02 -2.2173e+00 -1.2916e+00
1855 +6.414159083e-02 +6.414159083e-02 +1.157441416e+02 +1.157441416e+02 -2.1673e+00 -9.7874e-01
6591 +1.313403467e-02 +1.313403467e-02 +1.156931340e+02 +1.156931340e+02 -2.1836e+00 -9.8516e-01
6794 +9.681586546e-03 +9.681586546e-03 +1.156896816e+02 +1.156896816e+02 -2.1726e+00 -9.8165e-01
6865 +2.669649918e-03 +2.669649918e-03 +1.156826696e+02 +1.156826696e+02 -2.1762e+00 -9.8412e-01
6972 +2.092145946e-03 +2.092145946e-03 +1.156820921e+02 +1.156820921e+02 -2.1782e+00 -9.8218e-01
7004 +1.336943578e-03 +1.336943578e-03 +1.156813369e+02 +1.156813369e+02 -2.1809e+00 -9.8350e-01
7052 +9.073242824e-04 +9.073242824e-04 +1.156809073e+02 +1.156809073e+02 -2.1795e+00 -9.8260e-01
7067 +5.499361632e-04 +5.499361632e-04 +1.156805499e+02 +1.156805499e+02 -2.1776e+00 -9.8362e-01
7097 +1.235619928e-04 +1.235619928e-04 +1.156801236e+02 +1.156801236e+02 -2.1776e+00 -9.8320e-01
7138 +2.410921813e-05 +2.410921813e-05 +1.156800241e+02 +1.156800241e+02 -2.1787e+00 -9.8327e-01
7235 +1.456993076e-06 +1.456993076e-06 +1.156800015e+02 +1.156800015e+02 -2.1784e+00 -9.8323e-01
7284 +4.047885227e-08 +4.047885227e-08 +1.156800000e+02 +1.156800000e+02 -2.1784e+00 -9.8320e-01
7394 +1.483567758e-08 +1.483567758e-08 +1.156800000e+02 +1.156800000e+02 -2.1784e+00 -9.8320e-01
7493 +9.478654306e-09 +9.478654306e-09 +1.156800000e+02 +1.156800000e+02 -2.1784e+00 -9.8320e-01
7496 +1.693607032e-09 +1.693607032e-09 +1.156800000e+02 +1.156800000e+02 -2.1784e+00 -9.8320e-01
% function evaluation | noise-free fitness - Fopt (1.156800000000e+02) | best noise-free fitness - Fopt | measured fitness | best measured fitness | x1 | x2...
1 +8.710383586e+01 +8.710383586e+01 +2.027838359e+02 +2.027838359e+02 +2.3324e+00 -2.9065e+00
11 +5.400084154e+01 +5.400084154e+01 +1.696808415e+02 +1.696808415e+02 +2.7146e+00 -8.6490e-02
21 +3.076440404e+01 +3.076440404e+01 +1.464444040e+02 +1.464444040e+02 +1.7602e+00 -8.7230e-01
22 +2.350406204e+01 +2.350406204e+01 +1.391840620e+02 +1.391840620e+02 +1.1675e+00 -9.3973e-01
38 +7.195032943e+00 +7.195032943e+00 +1.228750329e+02 +1.228750329e+02 -1.1899e+00 -1.6285e+00
45 +2.259256651e+00 +2.259256651e+00 +1.179392567e+02 +1.179392567e+02 -1.1687e+00 -6.0515e-01
797 +1.098176600e+00 +1.098176600e+00 +1.167781766e+02 +1.167781766e+02 -2.2261e+00 -1.0006e+00
909 +4.737894721e-01 +4.737894721e-01 +1.161537895e+02 +1.161537895e+02 -2.1358e+00 -9.9144e-01
918 +2.842734977e-01 +2.842734977e-01 +1.159642735e+02 +1.159642735e+02 -2.1540e+00 -9.9254e-01
941 +1.258677769e-02 +1.258677769e-02 +1.156925868e+02 +1.156925868e+02 -2.1780e+00 -9.8027e-01
953 +5.028881798e-03 +5.028881798e-03 +1.156850289e+02 +1.156850289e+02 -2.1745e+00 -9.8414e-01
976 +1.375201353e-03 +1.375201353e-03 +1.156813752e+02 +1.156813752e+02 -2.1790e+00 -9.8405e-01
1026 +9.940039982e-04 +9.940039982e-04 +1.156809940e+02 +1.156809940e+02 -2.1803e+00 -9.8359e-01
1033 +4.290468813e-04 +4.290468813e-04 +1.156804290e+02 +1.156804290e+02 -2.1799e+00 -9.8314e-01
1056 +1.602801444e-04 +1.602801444e-04 +1.156801603e+02 +1.156801603e+02 -2.1791e+00 -9.8302e-01
1066 +1.252004084e-04 +1.252004084e-04 +1.156801252e+02 +1.156801252e+02 -2.1786e+00 -9.8346e-01
1082 +8.962215702e-06 +8.962215702e-06 +1.156800090e+02 +1.156800090e+02 -2.1786e+00 -9.8322e-01
1122 +2.698601989e-06 +2.698601989e-06 +1.156800027e+02 +1.156800027e+02 -2.1784e+00 -9.8316e-01
1150 +5.171351063e-07 +5.171351063e-07 +1.156800005e+02 +1.156800005e+02 -2.1784e+00 -9.8319e-01
1162 +3.747442179e-08 +3.747442179e-08 +1.156800000e+02 +1.156800000e+02 -2.1784e+00 -9.8320e-01
1197 +1.013029305e-08 +1.013029305e-08 +1.156800000e+02 +1.156800000e+02 -2.1784e+00 -9.8320e-01
1209 +4.459550951e-09 +4.459550951e-09 +1.156800000e+02 +1.156800000e+02 -2.1784e+00 -9.8320e-01
1210 +1.471164524e-09 +1.471164524e-09 +1.156800000e+02 +1.156800000e+02 -2.1784e+00 -9.8320e-01
% function evaluation | noise-free fitness - Fopt (-3.710000000000e+00) | best noise-free fitness - Fopt | measured fitness | best measured fitness | x1 | x2...
1 +5.338324712e+02 +5.338324712e+02 +5.301224712e+02 +5.301224712e+02 +3.3025e+00 +1.7808e+00
2 +5.355138114e+01 +5.355138114e+01 +4.984138114e+01 +4.984138114e+01 +5.7474e+00 -3.8093e+00
4 +3.655693525e+01 +3.655693525e+01 +3.284693525e+01 +3.284693525e+01 +7.8754e+00 -1.9798e+00
8 +7.270053430e+00 +7.270053430e+00 +3.560053430e+00 +3.560053430e+00 +5.0584e+00 -1.9103e+00
57 +5.418078109e+00 +5.418078109e+00 +1.708078109e+00 +1.708078109e+00 +2.1016e+00 -2.3406e+00
71 +3.328457832e+00 +3.328457832e+00 -3.815421683e-01 -3.815421683e-01 +2.9961e+00 -2.2831e+00
198 +2.224654732e+00 +2.224654732e+00 -1.485345268e+00 -1.485345268e+00 +2.1398e+00 -1.9188e+00
797 +1.437582282e+00 +1.437582282e+00 -2.272417718e+00 -2.272417718e+00 +3.0778e+00 -1.9427e+00
963 +5.712181400e-01 +5.712181400e-01 -3.138781860e+00 -3.138781860e+00 +3.0699e+00 -2.2998e+00
974 +1.411800064e-01 +1.411800064e-01 -3.568819994e+00 -3.568819994e+00 +3.0969e+00 -2.2992e+00
1004 +5.006620622e-02 +5.006620622e-02 -3.659933794e+00 -3.659933794e+00 +3.1047e+00 -2.2961e+00
1249 +2.549713545e-02 +2.549713545e-02 -3.684502865e+00 -3.684502865e+00 +3.1234e+00 -2.2985e+00
1260 +1.376574638e-02 +1.376574638e-02 -3.696234254e+00 -3.696234254e+00 +3.1281e+00 -2.2952e+00
1279 +4.567484145e-03 +4.567484145e-03 -3.705432516e+00 -3.705432516e+00 +3.1231e+00 -2.2939e+00
1335 +3.262634231e-03 +3.262634231e-03 -3.706737366e+00 -3.706737366e+00 +3.1233e+00 -2.2943e+00
1343 +1.301711023e-03 +1.301711023e-03 -3.708698289e+00 -3.708698289e+00 +3.1183e+00 -2.2958e+00
1344 +5.292814673e-06 +5.292814673e-06 -3.709994707e+00 -3.709994707e+00 +3.1200e+00 -2.2951e+00
1571 +2.701104131e-06 +2.701104131e-06 -3.709997299e+00 -3.709997299e+00 +3.1201e+00 -2.2952e+00
1575 +3.106608562e-07 +3.106608562e-07 -3.709999689e+00 -3.709999689e+00 +3.1200e+00 -2.2952e+00
1626 +1.618024172e-07 +1.618024172e-07 -3.709999838e+00 -3.709999838e+00 +3.1200e+00 -2.2952e+00
1630 +1.360949176e-08 +1.360949176e-08 -3.709999986e+00 -3.709999986e+00 +3.1200e+00 -2.2952e+00
1643 +9.106804200e-09 +9.106804200e-09 -3.709999991e+00 -3.709999991e+00 +3.1200e+00 -2.2952e+00
1654 +4.758597960e-10 +4.758597960e-10 -3.710000000e+00 -3.710000000e+00 +3.1200e+00 -2.2952e+00
% function evaluation | noise-free fitness - Fopt (-3.710000000000e+00) | best noise-free fitness - Fopt | measured fitness | best measured fitness | x1 | x2...
1 +7.875865211e+01 +7.875865211e+01 +7.504865211e+01 +7.504865211e+01 +2.4451e+00 -4.4176e-01
7 +1.122928731e+01 +1.122928731e+01 +7.519287305e+00 +7.519287305e+00 +1.3322e+00 -1.9957e+00
14 +3.048488621e+00 +3.048488621e+00 -6.615113786e-01 -6.615113786e-01 +2.1656e+00 -2.2646e+00
1895 +1.090357950e+00 +1.090357950e+00 -2.619642050e+00 -2.619642050e+00 +2.1383e+00 -2.2931e+00
2020 +2.588535055e-01 +2.588535055e-01 -3.451146494e+00 -3.451146494e+00 +3.1413e+00 -2.2851e+00
2206 +3.124542447e-02 +3.124542447e-02 -3.678754576e+00 -3.678754576e+00 +3.1098e+00 -2.2922e+00
2376 +1.790504443e-02 +1.790504443e-02 -3.692094956e+00 -3.692094956e+00 +3.1260e+00 -2.2927e+00
2384 +1.261091257e-02 +1.261091257e-02 -3.697389087e+00 -3.697389087e+00 +3.1184e+00 -2.2978e+00
2400 +4.581399870e-03 +4.581399870e-03 -3.705418600e+00 -3.705418600e+00 +3.1204e+00 -2.2935e+00
2414 +2.575929961e-04 +2.575929961e-04 -3.709742407e+00 -3.709742407e+00 +3.1188e+00 -2.2952e+00
2461 +1.822135438e-04 +1.822135438e-04 -3.709817786e+00 -3.709817786e+00 +3.1205e+00 -2.2949e+00
2510 +6.311168104e-05 +6.311168104e-05 -3.709936888e+00 -3.709936888e+00 +3.1200e+00 -2.2954e+00
2542 +4.962968091e-05 +4.962968091e-05 -3.709950370e+00 -3.709950370e+00 +3.1204e+00 -2.2953e+00
2553 +1.090220360e-06 +1.090220360e-06 -3.709998910e+00 -3.709998910e+00 +3.1200e+00 -2.2952e+00
2615 +2.928154670e-07 +2.928154670e-07 -3.709999707e+00 -3.709999707e+00 +3.1200e+00 -2.2952e+00
2653 +4.386135766e-08 +4.386135766e-08 -3.709999956e+00 -3.709999956e+00 +3.1200e+00 -2.2952e+00
2672 +2.363523199e-08 +2.363523199e-08 -3.709999976e+00 -3.709999976e+00 +3.1200e+00 -2.2952e+00
2725 +2.896934248e-09 +2.896934248e-09 -3.709999997e+00 -3.709999997e+00 +3.1200e+00 -2.2952e+00
% function evaluation | noise-free fitness - Fopt (-3.710000000000e+00) | best noise-free fitness - Fopt | measured fitness | best measured fitness | x1 | x2...
1 +5.746393689e+01 +5.746393689e+01 +5.375393689e+01 +5.375393689e+01 +1.8263e+00 -5.0014e-01
3 +3.697205161e+01 +3.697205161e+01 +3.326205161e+01 +3.326205161e+01 +1.8557e+00 -1.8112e+00
4 +2.429803103e+01 +2.429803103e+01 +2.058803103e+01 +2.058803103e+01 -1.5877e-01 -2.9591e+00
10 +1.365531334e+01 +1.365531334e+01 +9.945313344e+00 +9.945313344e+00 +2.0478e+00 -1.3082e+00
24 +8.053290902e+00 +8.053290902e+00 +4.343290902e+00 +4.343290902e+00 +2.2533e+00 -1.9646e+00
47 +1.092106854e+00 +1.092106854e+00 -2.617893146e+00 -2.617893146e+00 +3.1415e+00 -1.9368e+00
133 +8.292675959e-01 +8.292675959e-01 -2.880732404e+00 -2.880732404e+00 +3.0486e+00 -2.2954e+00
153 +2.950248504e-01 +2.950248504e-01 -3.414975150e+00 -3.414975150e+00 +3.1603e+00 -2.2942e+00
161 +4.300823708e-02 +4.300823708e-02 -3.666991763e+00 -3.666991763e+00 +3.1346e+00 -2.2948e+00
174 +1.053215092e-02 +1.053215092e-02 -3.699467849e+00 -3.699467849e+00 +3.1244e+00 -2.2970e+00
220 +3.044571559e-04 +3.044571559e-04 -3.709695543e+00 -3.709695543e+00 +3.1201e+00 -2.2948e+00
282 +3.540802512e-06 +3.540802512e-06 -3.709996459e+00 -3.709996459e+00 +3.1201e+00 -2.2952e+00
335 +2.283777589e-07 +2.283777589e-07 -3.709999772e+00 -3.709999772e+00 +3.1200e+00 -2.2952e+00
379 +6.307635747e-09 +6.307635747e-09 -3.709999994e+00 -3.709999994e+00 +3.1200e+00 -2.2952e+00
% function evaluation | noise-free fitness - Fopt (1.321800000000e+02) | best noise-free fitness - Fopt | measured fitness | best measured fitness | x1 | x2...
1 +2.099653065e+02 +2.099653065e+02 +3.421453065e+02 +3.421453065e+02 -3.1160e+00 -2.9081e+00
6 +1.303069597e+02 +1.303069597e+02 +2.624869597e+02 +2.624869597e+02 -5.0766e+00 -1.7808e+00
7 +9.243080531e+01 +9.243080531e+01 +2.246108053e+02 +2.246108053e+02 -3.7288e+00 +3.5800e+00
8 +1.755360178e+01 +1.755360178e+01 +1.497336018e+02 +1.497336018e+02 -3.7255e+00 +2.4209e+00
57 +2.905645537e+00 +2.905645537e+00 +1.350856455e+02 +1.350856455e+02 -2.7322e+00 +1.1670e+00
66 +2.489011273e+00 +2.489011273e+00 +1.346690113e+02 +1.346690113e+02 -3.7133e+00 +1.1912e+00
182 +1.366907047e+00 +1.366907047e+00 +1.335469070e+02 +1.335469070e+02 -2.7466e+00 +1.4753e+00
306 +1.887459536e-01 +1.887459536e-01 +1.323687460e+02 +1.323687460e+02 -3.7371e+00 +1.4790e+00
319 +1.013120167e-01 +1.013120167e-01 +1.322813120e+02 +1.322813120e+02 -3.7425e+00 +1.4805e+00
340 +3.374585730e-02 +3.374585730e-02 +1.322137459e+02 +1.322137459e+02 -3.7648e+00 +1.4786e+00
342 +2.042126482e-02 +2.042126482e-02 +1.322004213e+02 +1.322004213e+02 -3.7555e+00 +1.4842e+00
355 +1.526213327e-03 +1.526213327e-03 +1.321815262e+02 +1.321815262e+02 -3.7612e+00 +1.4827e+00
378 +7.558452927e-04 +7.558452927e-04 +1.321807558e+02 +1.321807558e+02 -3.7638e+00 +1.4830e+00
412 +3.148513869e-04 +3.148513869e-04 +1.321803149e+02 +1.321803149e+02 -3.7630e+00 +1.4826e+00
417 +6.844680871e-05 +6.844680871e-05 +1.321800684e+02 +1.321800684e+02 -3.7636e+00 +1.4825e+00
431 +2.202685707e-05 +2.202685707e-05 +1.321800220e+02 +1.321800220e+02 -3.7640e+00 +1.4823e+00
455 +8.390327707e-06 +8.390327707e-06 +1.321800084e+02 +1.321800084e+02 -3.7639e+00 +1.4825e+00
459 +1.346704437e-06 +1.346704437e-06 +1.321800013e+02 +1.321800013e+02 -3.7640e+00 +1.4824e+00
478 +1.393990772e-07 +1.393990772e-07 +1.321800001e+02 +1.321800001e+02 -3.7640e+00 +1.4824e+00
516 +4.994396363e-08 +4.994396363e-08 +1.321800000e+02 +1.321800000e+02 -3.7640e+00 +1.4824e+00
550 +3.749715916e-08 +3.749715916e-08 +1.321800000e+02 +1.321800000e+02 -3.7640e+00 +1.4824e+00
557 +1.598519361e-08 +1.598519361e-08 +1.321800000e+02 +1.321800000e+02 -3.7640e+00 +1.4824e+00
558 +6.501636562e-09 +6.501636562e-09 +1.321800000e+02 +1.321800000e+02 -3.7640e+00 +1.4824e+00
% function evaluation | noise-free fitness - Fopt (1.321800000000e+02) | best noise-free fitness - Fopt | measured fitness | best measured fitness | x1 | x2...
1 +1.026728410e+02 +1.026728410e+02 +2.348528410e+02 +2.348528410e+02 +1.7242e+00 -6.8632e-01
6 +8.327045356e+01 +8.327045356e+01 +2.154504536e+02 +2.154504536e+02 +8.0550e-03 -6.4955e-01
8 +2.500888892e+01 +2.500888892e+01 +1.571888889e+02 +1.571888889e+02 -5.6751e-01 +1.0927e+00
36 +1.510082801e+01 +1.510082801e+01 +1.472808280e+02 +1.472808280e+02 -1.0201e+00 +1.4880e+00
52 +8.488551784e+00 +8.488551784e+00 +1.406685518e+02 +1.406685518e+02 -1.7649e+00 +8.1489e-01
104 +4.685787349e+00 +4.685787349e+00 +1.368657873e+02 +1.368657873e+02 -3.8246e+00 +1.4385e+00
151 +2.748297598e+00 +2.748297598e+00 +1.349282976e+02 +1.349282976e+02 -3.7156e+00 +1.8863e+00
163 +2.489884446e+00 +2.489884446e+00 +1.346698844e+02 +1.346698844e+02 -3.7572e+00 +1.8000e+00
189 +1.511726965e+00 +1.511726965e+00 +1.336917270e+02 +1.336917270e+02 -3.8126e+00 +1.8379e+00
256 +9.969231602e-01 +9.969231602e-01 +1.331769232e+02 +1.331769232e+02 -3.7648e+00 +1.8416e+00
2210 +1.530175206e-01 +1.530175206e-01 +1.323330175e+02 +1.323330175e+02 -3.7549e+00 +1.4734e+00
2267 +2.763932918e-02 +2.763932918e-02 +1.322076393e+02 +1.322076393e+02 -3.7662e+00 +1.4789e+00
2383 +1.863006578e-02 +1.863006578e-02 +1.321986301e+02 +1.321986301e+02 -3.7725e+00 +1.4843e+00
2393 +1.078869206e-02 +1.078869206e-02 +1.321907887e+02 +1.321907887e+02 -3.7717e+00 +1.4818e+00
2397 +7.270242067e-03 +7.270242067e-03 +1.321872702e+02 +1.321872702e+02 -3.7636e+00 +1.4804e+00
2404 +1.601939565e-03 +1.601939565e-03 +1.321816019e+02 +1.321816019e+02 -3.7668e+00 +1.4826e+00
2424 +4.945659445e-04 +4.945659445e-04 +1.321804946e+02 +1.321804946e+02 -3.7638e+00 +1.4819e+00
2442 +4.459221515e-06 +4.459221515e-06 +1.321800045e+02 +1.321800045e+02 -3.7640e+00 +1.4824e+00
2609 +2.660164625e-06 +2.660164625e-06 +1.321800027e+02 +1.321800027e+02 -3.7640e+00 +1.4824e+00
2620 +2.216449872e-06 +2.216449872e-06 +1.321800022e+02 +1.321800022e+02 -3.7641e+00 +1.4824e+00
2629 +3.143546508e-07 +3.143546508e-07 +1.321800003e+02 +1.321800003e+02 -3.7640e+00 +1.4824e+00
2690 +2.268671437e-07 +2.268671437e-07 +1.321800002e+02 +1.321800002e+02 -3.7640e+00 +1.4824e+00
2711 +6.441061373e-08 +6.441061373e-08 +1.321800001e+02 +1.321800001e+02 -3.7640e+00 +1.4824e+00
2740 +1.933020144e-08 +1.933020144e-08 +1.321800000e+02 +1.321800000e+02 -3.7640e+00 +1.4824e+00
2757 +1.553522111e-08 +1.553522111e-08 +1.321800000e+02 +1.321800000e+02 -3.7640e+00 +1.4824e+00
2773 +6.385334927e-09 +6.385334927e-09 +1.321800000e+02 +1.321800000e+02 -3.7640e+00 +1.4824e+00
2788 +1.021504659e-09 +1.021504659e-09 +1.321800000e+02 +1.321800000e+02 -3.7640e+00 +1.4824e+00
2796 +1.185185283e-11 +1.185185283e-11 +1.321800000e+02 +1.321800000e+02 -3.7640e+00 +1.4824e+00
% function evaluation | noise-free fitness - Fopt (1.321800000000e+02) | best noise-free fitness - Fopt | measured fitness | best measured fitness | x1 | x2...
1 +2.911290134e+02 +2.911290134e+02 +4.233090134e+02 +4.233090134e+02 +9.9650e-02 -3.8127e+00
5 +1.501193570e+02 +1.501193570e+02 +2.822993570e+02 +2.822993570e+02 +4.1903e+00 -1.4646e+00
10 +2.580745322e+01 +2.580745322e+01 +1.579874532e+02 +1.579874532e+02 -8.8413e-01 +2.0356e+00
23 +1.133368703e+01 +1.133368703e+01 +1.435136870e+02 +1.435136870e+02 -3.8943e+00 +2.0612e+00
57 +7.760901669e+00 +7.760901669e+00 +1.399409017e+02 +1.399409017e+02 -1.7071e+00 +1.8046e+00
136 +2.822264385e+00 +2.822264385e+00 +1.350022644e+02 +1.350022644e+02 -2.8019e+00 +1.8363e+00
147 +1.067292498e+00 +1.067292498e+00 +1.332472925e+02 +1.332472925e+02 -3.7829e+00 +1.8444e+00
1115 +9.973909762e-01 +9.973909762e-01 +1.331773910e+02 +1.331773910e+02 -3.7609e+00 +1.8446e+00
10086 +2.072594308e-01 +2.072594308e-01 +1.323872594e+02 +1.323872594e+02 -3.7871e+00 +1.4902e+00
10257 +1.704860156e-03 +1.704860156e-03 +1.321817049e+02 +1.321817049e+02 -3.7638e+00 +1.4833e+00
11226 +1.211753416e-04 +1.211753416e-04 +1.321801212e+02 +1.321801212e+02 -3.7646e+00 +1.4823e+00
11325 +2.015283133e-05 +2.015283133e-05 +1.321800202e+02 +1.321800202e+02 -3.7641e+00 +1.4823e+00
11362 +3.102613022e-06 +3.102613022e-06 +1.321800031e+02 +1.321800031e+02 -3.7641e+00 +1.4824e+00
11576 +1.846980922e-06 +1.846980922e-06 +1.321800018e+02 +1.321800018e+02 -3.7641e+00 +1.4824e+00
11588 +1.106674830e-06 +1.106674830e-06 +1.321800011e+02 +1.321800011e+02 -3.7640e+00 +1.4824e+00
11614 +4.146029937e-07 +4.146029937e-07 +1.321800004e+02 +1.321800004e+02 -3.7640e+00 +1.4824e+00
11618 +3.252283420e-07 +3.252283420e-07 +1.321800003e+02 +1.321800003e+02 -3.7640e+00 +1.4824e+00
11649 +1.074776037e-07 +1.074776037e-07 +1.321800001e+02 +1.321800001e+02 -3.7640e+00 +1.4824e+00
11657 +7.357800769e-08 +7.357800769e-08 +1.321800001e+02 +1.321800001e+02 -3.7640e+00 +1.4824e+00
11691 +4.646807383e-08 +4.646807383e-08 +1.321800000e+02 +1.321800000e+02 -3.7640e+00 +1.4824e+00
11750 +3.556118600e-08 +3.556118600e-08 +1.321800000e+02 +1.321800000e+02 -3.7640e+00 +1.4824e+00
11781 +6.592870250e-09 +6.592870250e-09 +1.321800000e+02 +1.321800000e+02 -3.7640e+00 +1.4824e+00
11802 +6.062066404e-10 +6.062066404e-10 +1.321800000e+02 +1.321800000e+02 -3.7640e+00 +1.4824e+00
