% function evaluation | noise-free fitness - Fopt (7.627000000000e+01) | best noise-free fitness - Fopt | measured fitness | best measured fitness | x1 | x2...
1 +2.448341676e+05 +2.448341676e+05 +2.449104376e+05 +2.449104376e+05 +2.7516e+00 -2.2004e+00 +2.5977e+00 -7.6087e-01 -5.7138e-01
12 +1.405985647e+05 +1.405985647e+05 +1.406748347e+05 +1.406748347e+05 +3.1681e+00 -2.1184e+00 +4.8603e+00 +2.5379e+00 -4.4005e-03
20 +1.323650335e+04 +1.323650335e+04 +1.331277335e+04 +1.331277335e+04 +4.9678e+00 -1.5624e+00 +2.2336e+00 -1.8361e+00 +2.1134e+00
24 +3.794169952e+02 +3.794169952e+02 +4.556869952e+02 +4.556869952e+02 +3.7880e-01 -2.4150e+00 +3.4594e+00 +2.2184e+00 -2.2198e+00
61 +2.729721071e+01 +2.729721071e+01 +1.035672107e+02 +1.035672107e+02 +2.6784e+00 -2.8699e+00 +6.1021e-01 +3.9039e-01 -1.4290e+00
1511 +2.255050543e+01 +2.255050543e+01 +9.882050543e+01 +9.882050543e+01 +1.7123e-01 -1.7599e+00 +2.8702e+00 +3.0500e-01 -1.5592e-01
1529 +1.354004259e+01 +1.354004259e+01 +8.981004259e+01 +8.981004259e+01 -7.0031e-01 -1.9934e+00 +1.4132e+00 -9.2998e-02 -4.9827e-02
1652 +9.683219314e+00 +9.683219314e+00 +8.595321931e+01 +8.595321931e+01 +3.0993e-01 -2.8617e+00 -3.3024e-01 -6.5919e-02 +7.4946e-01
1698 +6.044822947e+00 +6.044822947e+00 +8.231482295e+01 +8.231482295e+01 -2.7163e-01 -3.4498e+00 -1.0911e+00 +7.1578e-01 +3.9646e-01
1794 +3.409996581e+00 +3.409996581e+00 +7.967999658e+01 +7.967999658e+01 -3.0373e-01 -3.2534e+00 -9.8092e-01 +5.2281e-01 -1.7964e-01
1806 +1.691616631e+00 +1.691616631e+00 +7.796161663e+01 +7.796161663e+01 -3.7970e-01 -3.0645e+00 -9.4659e-01 +2.7412e-01 -5.8901e-01
1842 +1.270978954e+00 +1.270978954e+00 +7.754097895e+01 +7.754097895e+01 -1.1118e+00 -3.1578e+00 -1.6276e+00 +1.8932e-01 -8.3953e-01
1857 +5.186880459e-01 +5.186880459e-01 +7.678868805e+01 +7.678868805e+01 -1.0446e+00 -3.0178e+00 -9.6491e-01 +4.3591e-01 -1.1870e+00
1891 +3.261728583e-01 +3.261728583e-01 +7.659617286e+01 +7.659617286e+01 -9.1911e-01 -2.9852e+00 -1.0286e+00 +4.0867e-01 -1.8567e+00
1910 +1.069076395e-01 +1.069076395e-01 +7.637690764e+01 +7.637690764e+01 -7.2290e-01 -3.1524e+00 -1.1454e+00 +5.8603e-01 -1.8065e+00
1937 +7.452260179e-02 +7.452260179e-02 +7.634452260e+01 +7.634452260e+01 -1.0286e+00 -3.1581e+00 -1.2943e+00 +5.1635e-01 -1.5075e+00
1982 +5.150561881e-02 +5.150561881e-02 +7.632150562e+01 +7.632150562e+01 -7.3290e-01 -3.2113e+00 -1.2404e+00 +6.1683e-01 -1.7121e+00
2001 +1.892981046e-02 +1.892981046e-02 +7.628892981e+01 +7.628892981e+01 -8.4525e-01 -3.1584e+00 -1.2067e+00 +5.6184e-01 -1.6751e+00
2036 +1.415316154e-02 +1.415316154e-02 +7.628415316e+01 +7.628415316e+01 -9.7800e-01 -3.1842e+00 -1.2262e+00 +6.3302e-01 -1.6949e+00
2079 +4.053179367e-03 +4.053179367e-03 +7.627405318e+01 +7.627405318e+01 -9.0893e-01 -3.1371e+00 -1.2572e+00 +5.0861e-01 -1.7217e+00
2095 +3.969796689e-03 +3.969796689e-03 +7.627396980e+01 +7.627396980e+01 -9.0440e-01 -3.1709e+00 -1.2452e+00 +5.7744e-01 -1.7038e+00
2112 +1.025712067e-03 +1.025712067e-03 +7.627102571e+01 +7.627102571e+01 -9.0857e-01 -3.1481e+00 -1.2384e+00 +5.4783e-01 -1.7510e+00
2134 +3.831045151e-04 +3.831045151e-04 +7.627038310e+01 +7.627038310e+01 -9.3926e-01 -3.1471e+00 -1.2382e+00 +5.5352e-01 -1.7506e+00
2195 +2.345987790e-04 +2.345987790e-04 +7.627023460e+01 +7.627023460e+01 -9.4650e-01 -3.1534e+00 -1.2434e+00 +5.6136e-01 -1.7373e+00
2199 +1.378551066e-04 +1.378551066e-04 +7.627013786e+01 +7.627013786e+01 -9.4039e-01 -3.1504e+00 -1.2487e+00 +5.5065e-01 -1.7385e+00
2210 +6.848843405e-05 +6.848843405e-05 +7.627006849e+01 +7.627006849e+01 -9.3955e-01 -3.1471e+00 -1.2399e+00 +5.5119e-01 -1.7431e+00
2229 +3.302072308e-05 +3.302072308e-05 +7.627003302e+01 +7.627003302e+01 -9.3891e-01 -3.1478e+00 -1.2406e+00 +5.5254e-01 -1.7476e+00
2260 +1.098230845e-05 +1.098230845e-05 +7.627001098e+01 +7.627001098e+01 -9.3995e-01 -3.1503e+00 -1.2406e+00 +5.5770e-01 -1.7486e+00
2293 +7.223628728e-06 +7.223628728e-06 +7.627000722e+01 +7.627000722e+01 -9.3762e-01 -3.1506e+00 -1.2428e+00 +5.5546e-01 -1.7448e+00
2306 +4.717929599e-06 +4.717929599e-06 +7.627000472e+01 +7.627000472e+01 -9.3933e-01 -3.1500e+00 -1.2416e+00 +5.5612e-01 -1.7472e+00
2313 +2.860603331e-06 +2.860603331e-06 +7.627000286e+01 +7.627000286e+01 -9.3935e-01 -3.1509e+00 -1.2433e+00 +5.5643e-01 -1.7461e+00
2330 +1.724686129e-06 +1.724686129e-06 +7.627000172e+01 +7.627000172e+01 -9.3835e-01 -3.1500e+00 -1.2417e+00 +5.5574e-01 -1.7480e+00
2346 +1.161344187e-06 +1.161344187e-06 +7.627000116e+01 +7.627000116e+01 -9.3831e-01 -3.1506e+00 -1.2427e+00 +5.5630e-01 -1.7481e+00
2386 +5.841283723e-07 +5.841283723e-07 +7.627000058e+01 +7.627000058e+01 -9.3851e-01 -3.1504e+00 -1.2428e+00 +5.5580e-01 -1.7476e+00
2432 +2.945420050e-07 +2.945420050e-07 +7.627000029e+01 +7.627000029e+01 -9.3832e-01 -3.1506e+00 -1.2425e+00 +5.5631e-01 -1.7469e+00
2458 +8.855582223e-08 +8.855582223e-08 +7.627000009e+01 +7.627000009e+01 -9.3818e-01 -3.1504e+00 -1.2424e+00 +5.5602e-01 -1.7471e+00
2500 +4.979163748e-08 +4.979163748e-08 +7.627000005e+01 +7.627000005e+01 -9.3825e-01 -3.1504e+00 -1.2423e+00 +5.5600e-01 -1.7473e+00
2512 +1.132063687e-08 +1.132063687e-08 +7.627000001e+01 +7.627000001e+01 -9.3846e-01 -3.1504e+00 -1.2424e+00 +5.5603e-01 -1.7471e+00
2546 +4.775600360e-09 +4.775600360e-09 +7.627000000e+01 +7.627000000e+01 -9.3846e-01 -3.1504e+00 -1.2424e+00 +5.5601e-01 -1.7472e+00
% function evaluation | noise-free fitness - Fopt (7.627000000000e+01) | best noise-free fitness - Fopt | measured fitness | best measured fitness | x1 | x2...
1 +3.155289791e+04 +3.155289791e+04 +3.162916791e+04 +3.162916791e+04 +6.5915e-01 -2.0604e+00 -3.0628e+00 -3.4814e+00 +2.3453e+00
5 +1.385488518e+04 +1.385488518e+04 +1.393115518e+04 +1.393115518e+04 -2.7517e+00 -2.7468e+00 -6.7490e+00 -3.8997e+00 +1.0915e+00
58 +3.631221867e+03 +3.631221867e+03 +3.707491867e+03 +3.707491867e+03 -1.0310e+00 -2.7981e+00 -4.8932e+00 -3.4349e+00 +3.5333e+00
110 +8.061641037e+02 +8.061641037e+02 +8.824341037e+02 +8.824341037e+02 -9.5744e-01 -3.0312e+00 -4.6000e+00 -2.7468e+00 +2.7699e+00
120 +4.284705770e+02 +4.284705770e+02 +5.047405770e+02 +5.047405770e+02 -1.0950e+00 -3.2270e+00 -5.3996e+00 -2.9441e+00 +2.3493e+00
132 +2.188794596e+02 +2.188794596e+02 +2.951494596e+02 +2.951494596e+02 -2.5589e-01 -3.1498e+00 -5.1664e+00 -3.1837e+00 +2.7538e+00
147 +8.983776593e+01 +8.983776593e+01 +1.661077659e+02 +1.661077659e+02 -1.0576e+00 -2.8950e+00 -5.7268e+00 -3.6867e+00 +1.9207e+00
161 +4.292607326e+01 +4.292607326e+01 +1.191960733e+02 +1.191960733e+02 -8.1727e-01 -3.0429e+00 -5.1902e+00 -3.1081e+00 +1.9625e+00
202 +3.748886598e+01 +3.748886598e+01 +1.137588660e+02 +1.137588660e+02 -1.3758e+00 -3.0532e+00 -4.9502e+00 -2.7111e+00 +1.5467e+00
898 +2.430682863e+01 +2.430682863e+01 +1.005768286e+02 +1.005768286e+02 -7.5731e-01 -1.9602e+00 -3.7596e+00 -3.5243e+00 -1.8721e+00
1153 +1.555499577e+01 +1.555499577e+01 +9.182499577e+01 +9.182499577e+01 -4.1512e-01 -2.3771e+00 -3.5462e+00 -2.6395e+00 -2.0263e+00
1258 +8.936375214e+00 +8.936375214e+00 +8.520637521e+01 +8.520637521e+01 -3.9518e-02 -2.5817e+00 -2.5230e+00 -1.5132e+00 -2.6247e+00
1309 +6.276943917e+00 +6.276943917e+00 +8.254694392e+01 +8.254694392e+01 -4.0867e-01 -2.9838e+00 -2.4507e+00 -5.6535e-01 -2.8962e+00
1319 +2.856231586e+00 +2.856231586e+00 +7.912623159e+01 +7.912623159e+01 -1.2928e-01 -3.3253e+00 -2.4291e+00 -9.0695e-02 -2.1528e+00
1373 +1.588338392e+00 +1.588338392e+00 +7.785833839e+01 +7.785833839e+01 -2.3807e-01 -3.3492e+00 -2.0717e+00 +2.6357e-01 -2.3107e+00
1384 +1.162727720e+00 +1.162727720e+00 +7.743272772e+01 +7.743272772e+01 -4.9694e-01 -3.5902e+00 -2.1030e+00 +7.0153e-01 -1.9403e+00
1434 +9.554199383e-01 +9.554199383e-01 +7.722541994e+01 +7.722541994e+01 -5.7303e-01 -3.4683e+00 -1.8812e+00 +7.2021e-01 -2.3802e+00
1577 +6.237456872e-01 +6.237456872e-01 +7.689374569e+01 +7.689374569e+01 -4.4709e-01 -3.4398e+00 -1.7439e+00 +6.8179e-01 -2.0733e+00
1656 +3.345027200e-01 +3.345027200e-01 +7.660450272e+01 +7.660450272e+01 -7.0034e-01 -3.4210e+00 -1.6224e+00 +7.4874e-01 -1.7975e+00
1695 +2.175200058e-01 +2.175200058e-01 +7.648752001e+01 +7.648752001e+01 -7.4674e-01 -3.3827e+00 -1.4319e+00 +7.8155e-01 -1.5444e+00
1714 +7.061143336e-02 +7.061143336e-02 +7.634061143e+01 +7.634061143e+01 -7.9829e-01 -3.0942e+00 -1.1918e+00 +4.5793e-01 -1.7935e+00
1715 +5.885401284e-02 +5.885401284e-02 +7.632885401e+01 +7.632885401e+01 -7.7157e-01 -3.2170e+00 -1.2010e+00 +6.8139e-01 -1.8115e+00
1780 +3.158308579e-02 +3.158308579e-02 +7.630158309e+01 +7.630158309e+01 -9.5718e-01 -3.2395e+00 -1.3598e+00 +6.5196e-01 -1.7817e+00
1787 +1.705171052e-02 +1.705171052e-02 +7.628705171e+01 +7.628705171e+01 -9.3926e-01 -3.1622e+00 -1.1760e+00 +6.3728e-01 -1.8156e+00
1816 +4.556441028e-03 +4.556441028e-03 +7.627455644e+01 +7.627455644e+01 -9.4508e-01 -3.1705e+00 -1.2197e+00 +6.1024e-01 -1.7370e+00
1863 +1.948687023e-03 +1.948687023e-03 +7.627194869e+01 +7.627194869e+01 -9.6981e-01 -3.1514e+00 -1.2211e+00 +5.8117e-01 -1.7489e+00
1914 +6.079093018e-04 +6.079093018e-04 +7.627060791e+01 +7.627060791e+01 -9.4770e-01 -3.1558e+00 -1.2568e+00 +5.5718e-01 -1.7402e+00
1921 +2.611495440e-04 +2.611495440e-04 +7.627026115e+01 +7.627026115e+01 -9.5046e-01 -3.1541e+00 -1.2491e+00 +5.6074e-01 -1.7435e+00
1955 +1.177864631e-04 +1.177864631e-04 +7.627011779e+01 +7.627011779e+01 -9.3303e-01 -3.1523e+00 -1.2481e+00 +5.5506e-01 -1.7521e+00
1964 +6.327900870e-05 +6.327900870e-05 +7.627006328e+01 +7.627006328e+01 -9.3403e-01 -3.1495e+00 -1.2420e+00 +5.5454e-01 -1.7534e+00
1998 +5.662377845e-05 +5.662377845e-05 +7.627005662e+01 +7.627005662e+01 -9.3579e-01 -3.1504e+00 -1.2449e+00 +5.5361e-01 -1.7475e+00
2016 +2.669520346e-05 +2.669520346e-05 +7.627002670e+01 +7.627002670e+01 -9.3784e-01 -3.1521e+00 -1.2445e+00 +5.5823e-01 -1.7509e+00
2020 +2.040099297e-05 +2.040099297e-05 +7.627002040e+01 +7.627002040e+01 -9.3495e-01 -3.1493e+00 -1.2403e+00 +5.5438e-01 -1.7464e+00
2044 +1.102023784e-05 +1.102023784e-05 +7.627001102e+01 +7.627001102e+01 -9.3657e-01 -3.1520e+00 -1.2428e+00 +5.5830e-01 -1.7474e+00
2073 +7.971223326e-06 +7.971223326e-06 +7.627000797e+01 +7.627000797e+01 -9.3698e-01 -3.1501e+00 -1.2400e+00 +5.5667e-01 -1.7467e+00
2076 +5.730425087e-06 +5.730425087e-06 +7.627000573e+01 +7.627000573e+01 -9.3837e-01 -3.1499e+00 -1.2405e+00 +5.5654e-01 -1.7486e+00
2082 +2.177888717e-06 +2.177888717e-06 +7.627000218e+01 +7.627000218e+01 -9.3871e-01 -3.1505e+00 -1.2428e+00 +5.5611e-01 -1.7486e+00
2131 +1.081774599e-06 +1.081774599e-06 +7.627000108e+01 +7.627000108e+01 -9.3912e-01 -3.1504e+00 -1.2426e+00 +5.5621e-01 -1.7478e+00
2139 +9.444485727e-07 +9.444485727e-07 +7.627000094e+01 +7.627000094e+01 -9.3808e-01 -3.1504e+00 -1.2424e+00 +5.5602e-01 -1.7473e+00
2162 +2.254086553e-07 +2.254086553e-07 +7.627000023e+01 +7.627000023e+01 -9.3857e-01 -3.1502e+00 -1.2420e+00 +5.5600e-01 -1.7473e+00
2208 +7.672362301e-08 +7.672362301e-08 +7.627000008e+01 +7.627000008e+01 -9.3834e-01 -3.1504e+00 -1.2422e+00 +5.5616e-01 -1.7472e+00
2228 +3.573693164e-08 +3.573693164e-08 +7.627000004e+01 +7.627000004e+01 -9.3849e-01 -3.1504e+00 -1.2425e+00 +5.5594e-01 -1.7471e+00
2251 +7.166420346e-09 +7.166420346e-09 +7.627000001e+01 +7.627000001e+01 -9.3840e-01 -3.1504e+00 -1.2424e+00 +5.5605e-01 -1.7472e+00
% function evaluation | noise-free fitness - Fopt (7.627000000000e+01) | best noise-free fitness - Fopt | measured fitness | best measured fitness | x1 | x2...
1 +1.536624532e+04 +1.536624532e+04 +1.544251532e+04 +1.544251532e+04 -2.7528e+00 -1.0392e+00 +2.9243e+00 -5.3548e-01 -4.2618e-01
39 +5.360009557e+03 +5.360009557e+03 +5.436279557e+03 +5.436279557e+03 -3.7607e+00 +3.0270e-01 +4.4313e+00 -1.1983e+00 -3.2893e+00
77 +4.031103385e+02 +4.031103385e+02 +4.793803385e+02 +4.793803385e+02 -2.5584e+00 +1.1848e+00 +7.3492e+00 -1.3229e+00 -1.0341e+00
117 +3.253058319e+02 +3.253058319e+02 +4.015758319e+02 +4.015758319e+02 -3.6643e+00 +2.1672e+00 +7.9496e+00 -2.3837e+00 -1.2397e+00
124 +1.821264229e+02 +1.821264229e+02 +2.583964229e+02 +2.583964229e+02 -3.8449e+00 +1.8586e+00 +7.0879e+00 -2.6730e+00 +2.8896e-01
189 +1.103257848e+02 +1.103257848e+02 +1.865957848e+02 +1.865957848e+02 -4.6875e+00 +1.6280e+00 +6.3865e+00 -2.5637e+00 +6.0439e-01
282 +9.862532266e+01 +9.862532266e+01 +1.748953227e+02 +1.748953227e+02 -3.9617e+00 +1.2522e+00 +6.1498e+00 -2.2586e+00 +9.7739e-01
944 +5.923835053e+01 +5.923835053e+01 +1.355083505e+02 +1.355083505e+02 -1.5158e+00 +1.1132e+00 +4.2052e+00 -3.4342e+00 -2.3084e+00
1080 +3.630763916e+01 +3.630763916e+01 +1.125776392e+02 +1.125776392e+02 +1.2330e+00 -2.3086e-01 +1.2951e+00 -3.3711e+00 -3.8693e+00
1109 +2.482783682e+01 +2.482783682e+01 +1.010978368e+02 +1.010978368e+02 +1.5661e+00 -1.4049e+00 -2.0132e-01 -2.4206e+00 -3.0949e+00
1208 +1.366504702e+01 +1.366504702e+01 +8.993504702e+01 +8.993504702e+01 +7.4136e-01 -1.5302e+00 +5.6840e-01 -1.6668e+00 -1.6433e+00
1268 +4.382580507e+00 +4.382580507e+00 +8.065258051e+01 +8.065258051e+01 +7.6261e-01 -2.9275e+00 -1.2666e+00 -3.8590e-01 -1.2561e+00
1275 +2.543795290e+00 +2.543795290e+00 +7.881379529e+01 +7.881379529e+01 -1.8668e-01 -3.1915e+00 -1.0378e+00 +3.8612e-01 -4.9464e-01
1316 +2.089789030e+00 +2.089789030e+00 +7.835978903e+01 +7.835978903e+01 -4.1910e-01 -3.2045e+00 -8.8773e-01 +5.9527e-01 -6.1915e-01
1358 +1.073885130e+00 +1.073885130e+00 +7.734388513e+01 +7.734388513e+01 -2.8644e-01 -3.4453e+00 -1.4355e+00 +7.0307e-01 -1.0538e+00
1374 +6.518912762e-01 +6.518912762e-01 +7.692189128e+01 +7.692189128e+01 -3.9525e-01 -3.0293e+00 -1.1951e+00 +1.8136e-01 -1.4750e+00
1472 +4.652556607e-01 +4.652556607e-01 +7.673525566e+01 +7.673525566e+01 -5.9979e-01 -3.1408e+00 -1.0189e+00 +5.3385e-01 -1.2633e+00
1488 +3.044702279e-01 +3.044702279e-01 +7.657447023e+01 +7.657447023e+01 -5.2186e-01 -3.0912e+00 -1.0707e+00 +4.2927e-01 -1.5459e+00
1509 +2.293055109e-01 +2.293055109e-01 +7.649930551e+01 +7.649930551e+01 -6.2107e-01 -3.0763e+00 -9.7637e-01 +4.9102e-01 -1.5356e+00
1538 +1.228428722e-01 +1.228428722e-01 +7.639284287e+01 +7.639284287e+01 -6.3112e-01 -3.1980e+00 -1.1325e+00 +6.5529e-01 -1.7866e+00
1551 +5.244827047e-02 +5.244827047e-02 +7.632244827e+01 +7.632244827e+01 -8.7035e-01 -3.1550e+00 -1.0969e+00 +6.7038e-01 -1.8598e+00
1639 +2.990793544e-02 +2.990793544e-02 +7.629990794e+01 +7.629990794e+01 -8.7300e-01 -3.1809e+00 -1.1408e+00 +6.7180e-01 -1.7562e+00
1685 +2.089029807e-02 +2.089029807e-02 +7.629089030e+01 +7.629089030e+01 -8.8465e-01 -3.1442e+00 -1.1479e+00 +6.0140e-01 -1.7648e+00
1706 +1.464179005e-02 +1.464179005e-02 +7.628464179e+01 +7.628464179e+01 -8.4099e-01 -3.1796e+00 -1.2081e+00 +6.1117e-01 -1.7433e+00
1730 +9.732715283e-03 +9.732715283e-03 +7.627973272e+01 +7.627973272e+01 -8.9616e-01 -3.1948e+00 -1.2546e+00 +6.2130e-01 -1.7481e+00
1763 +5.607481050e-03 +5.607481050e-03 +7.627560748e+01 +7.627560748e+01 -9.5253e-01 -3.1469e+00 -1.1866e+00 +5.9456e-01 -1.7587e+00
1783 +2.555605991e-03 +2.555605991e-03 +7.627255561e+01 +7.627255561e+01 -9.3295e-01 -3.1551e+00 -1.2443e+00 +5.6963e-01 -1.7917e+00
1820 +1.470377439e-03 +1.470377439e-03 +7.627147038e+01 +7.627147038e+01 -9.3046e-01 -3.1563e+00 -1.2156e+00 +5.8329e-01 -1.7407e+00
1829 +9.390369525e-04 +9.390369525e-04 +7.627093904e+01 +7.627093904e+01 -9.2417e-01 -3.1404e+00 -1.2226e+00 +5.4962e-01 -1.7598e+00
1905 +3.684332305e-04 +3.684332305e-04 +7.627036843e+01 +7.627036843e+01 -9.3216e-01 -3.1456e+00 -1.2250e+00 +5.5764e-01 -1.7461e+00
1943 +1.803992461e-04 +1.803992461e-04 +7.627018040e+01 +7.627018040e+01 -9.3519e-01 -3.1554e+00 -1.2390e+00 +5.6641e-01 -1.7424e+00
1964 +1.445044034e-04 +1.445044034e-04 +7.627014450e+01 +7.627014450e+01 -9.3837e-01 -3.1466e+00 -1.2379e+00 +5.5322e-01 -1.7553e+00
1972 +8.438909755e-05 +8.438909755e-05 +7.627008439e+01 +7.627008439e+01 -9.4180e-01 -3.1482e+00 -1.2365e+00 +5.5769e-01 -1.7517e+00
1997 +5.417712725e-05 +5.417712725e-05 +7.627005418e+01 +7.627005418e+01 -9.4024e-01 -3.1470e+00 -1.2371e+00 +5.5386e-01 -1.7480e+00
2048 +3.551200582e-05 +3.551200582e-05 +7.627003551e+01 +7.627003551e+01 -9.4206e-01 -3.1521e+00 -1.2453e+00 +5.5796e-01 -1.7469e+00
2059 +1.598234397e-05 +1.598234397e-05 +7.627001598e+01 +7.627001598e+01 -9.4087e-01 -3.1510e+00 -1.2411e+00 +5.5835e-01 -1.7459e+00
2069 +7.990534257e-06 +7.990534257e-06 +7.627000799e+01 +7.627000799e+01 -9.4119e-01 -3.1498e+00 -1.2420e+00 +5.5598e-01 -1.7478e+00
2076 +3.706775388e-06 +3.706775388e-06 +7.627000371e+01 +7.627000371e+01 -9.3929e-01 -3.1510e+00 -1.2435e+00 +5.5673e-01 -1.7480e+00
2099 +7.681527450e-07 +7.681527450e-07 +7.627000077e+01 +7.627000077e+01 -9.3855e-01 -3.1506e+00 -1.2430e+00 +5.5608e-01 -1.7478e+00
2132 +5.178753781e-07 +5.178753781e-07 +7.627000052e+01 +7.627000052e+01 -9.3880e-01 -3.1504e+00 -1.2425e+00 +5.5612e-01 -1.7477e+00
2165 +2.604893439e-07 +2.604893439e-07 +7.627000026e+01 +7.627000026e+01 -9.3801e-01 -3.1505e+00 -1.2422e+00 +5.5611e-01 -1.7470e+00
2194 +1.383543520e-07 +1.383543520e-07 +7.627000014e+01 +7.627000014e+01 -9.3835e-01 -3.1505e+00 -1.2427e+00 +5.5605e-01 -1.7473e+00
2205 +7.760779397e-08 +7.760779397e-08 +7.627000008e+01 +7.627000008e+01 -9.3841e-01 -3.1505e+00 -1.2424e+00 +5.5624e-01 -1.7472e+00
2234 +5.606470665e-08 +5.606470665e-08 +7.627000006e+01 +7.627000006e+01 -9.3837e-01 -3.1504e+00 -1.2424e+00 +5.5604e-01 -1.7473e+00
2238 +3.801253001e-08 +3.801253001e-08 +7.627000004e+01 +7.627000004e+01 -9.3855e-01 -3.1504e+00 -1.2423e+00 +5.5604e-01 -1.7472e+00
2266 +1.341824429e-08 +1.341824429e-08 +7.627000001e+01 +7.627000001e+01 -9.3838e-01 -3.1504e+00 -1.2424e+00 +5.5601e-01 -1.7471e+00
2270 +3.821853056e-09 +3.821853056e-09 +7.627000000e+01 +7.627000000e+01 -9.3837e-01 -3.1504e+00 -1.2424e+00 +5.5601e-01 -1.7472e+00
2274 +4.966977940e-10 +4.966977940e-10 +7.627000000e+01 +7.627000000e+01 -9.3838e-01 -3.1504e+00 -1.2424e+00 +5.5601e-01 -1.7472e+00
% function evaluation | noise-free fitness - Fopt (-2.255000000000e+01) | best noise-free fitness - Fopt | measured fitness | best measured fitness | x1 | x2...
1 +1.434895154e+07 +1.434895154e+07 +1.434892899e+07 +1.434892899e+07 -3.8619e-01 -3.9909e+00 -8.4858e-01 -2.0477e+00 +2.1479e+00
2 +4.617670558e+06 +4.617670558e+06 +4.617648008e+06 +4.617648008e+06 -5.1370e-01 -1.2179e+00 -2.7655e+00 -3.9046e-01 -1.5733e+00
3 +1.419229213e+06 +1.419229213e+06 +1.419206663e+06 +1.419206663e+06 -1.7810e+00 -4.3224e+00 +8.7961e-01 +1.4276e+00 -1.8743e+00
13 +3.199752693e+04 +3.199752693e+04 +3.197497693e+04 +3.197497693e+04 +1.9460e+00 -6.2256e+00 -1.6423e+00 +2.6206e+00 -1.3745e+00
41 +1.011796196e+03 +1.011796196e+03 +9.892461961e+02 +9.892461961e+02 -3.2530e+00 +1.7653e+00 +1.8864e+00 +4.0959e+00 -3.6318e+00
96 +6.619679572e+02 +6.619679572e+02 +6.394179572e+02 +6.394179572e+02 -6.8720e-01 -3.8163e+00 -4.3671e+00 +6.3986e+00 -4.9043e+00
192 +3.919376799e+02 +3.919376799e+02 +3.693876799e+02 +3.693876799e+02 -5.1916e+00 -1.9780e+00 -3.6987e+00 +5.8063e+00 -9.9406e+00
285 +2.261825218e+02 +2.261825218e+02 +2.036325218e+02 +2.036325218e+02 -2.8690e+00 -3.1711e+00 -2.9496e+00 +3.7279e+00 -7.2942e+00
811 +1.556974097e+02 +1.556974097e+02 +1.331474097e+02 +1.331474097e+02 -1.7669e+00 -3.4915e+00 -1.6668e+00 +2.5601e+00 -5.3818e+00
869 +8.786948992e+01 +8.786948992e+01 +6.531948992e+01 +6.531948992e+01 +7.0555e-01 -4.9741e+00 +2.4554e-01 +1.0585e-01 -1.8152e+00
1052 +5.406705475e+01 +5.406705475e+01 +3.151705475e+01 +3.151705475e+01 +1.7747e+00 -4.7179e+00 +1.6189e+00 -1.3008e+00 +1.0061e-01
1169 +3.820784796e+01 +3.820784796e+01 +1.565784796e+01 +1.565784796e+01 +1.7708e+00 -3.2884e+00 +2.6103e+00 -1.0371e+00 +1.0491e+00
1261 +2.509623636e+01 +2.509623636e+01 +2.546236361e+00 +2.546236361e+00 +1.6612e+00 -2.0385e+00 +3.6532e+00 -1.6076e+00 +1.6286e+00
1322 +1.536986296e+01 +1.536986296e+01 -7.180137044e+00 -7.180137044e+00 +9.4925e-01 -4.0967e-01 +3.1603e+00 -1.4486e+00 +5.7111e-01
1338 +9.631931090e+00 +9.631931090e+00 -1.291806891e+01 -1.291806891e+01 +1.1476e+00 +1.5897e-01 +3.2798e+00 -2.0945e+00 +7.4623e-01
1355 +5.505455940e+00 +5.505455940e+00 -1.704454406e+01 -1.704454406e+01 +1.6739e+00 +1.4902e+00 +4.2666e+00 -3.3583e+00 +1.8458e+00
1461 +3.540429614e+00 +3.540429614e+00 -1.900957039e+01 -1.900957039e+01 +1.5858e+00 +2.2552e+00 +3.2645e+00 -3.4613e+00 +1.0094e+00
1516 +2.498068152e+00 +2.498068152e+00 -2.005193185e+01 -2.005193185e+01 +2.0043e+00 +2.2442e+00 +3.2626e+00 -3.8905e+00 +1.3791e+00
1621 +1.505702961e+00 +1.505702961e+00 -2.104429704e+01 -2.104429704e+01 +2.0119e+00 +2.0946e+00 +3.1180e+00 -3.4825e+00 +1.3945e+00
1714 +9.731298147e-01 +9.731298147e-01 -2.157687019e+01 -2.157687019e+01 +2.2131e+00 +2.2130e+00 +2.7446e+00 -3.4607e+00 +1.3719e+00
1780 +6.242078935e-01 +6.242078935e-01 -2.192579211e+01 -2.192579211e+01 +2.2823e+00 +2.5950e+00 +2.7472e+00 -3.3311e+00 +1.5297e+00
1796 +3.394466174e-01 +3.394466174e-01 -2.221055338e+01 -2.221055338e+01 +2.2585e+00 +2.6221e+00 +2.4295e+00 -2.9283e+00 +1.3877e+00
1821 +9.708239249e-02 +9.708239249e-02 -2.245291761e+01 -2.245291761e+01 +2.3944e+00 +2.6081e+00 +2.7037e+00 -2.8229e+00 +1.7929e+00
1853 +5.307428337e-02 +5.307428337e-02 -2.249692572e+01 -2.249692572e+01 +2.6169e+00 +2.5595e+00 +2.4360e+00 -2.9126e+00 +1.8272e+00
1942 +2.589959424e-02 +2.589959424e-02 -2.252410041e+01 -2.252410041e+01 +2.5576e+00 +2.6286e+00 +2.5659e+00 -2.6330e+00 +1.9472e+00
1948 +1.739805157e-02 +1.739805157e-02 -2.253260195e+01 -2.253260195e+01 +2.5154e+00 +2.5105e+00 +2.4995e+00 -2.6589e+00 +1.8279e+00
1962 +8.264756393e-03 +8.264756393e-03 -2.254173524e+01 -2.254173524e+01 +2.5101e+00 +2.5725e+00 +2.5583e+00 -2.7700e+00 +1.8364e+00
1974 +5.232803165e-03 +5.232803165e-03 -2.254476720e+01 -2.254476720e+01 +2.5416e+00 +2.5873e+00 +2.4934e+00 -2.6958e+00 +1.8498e+00
2036 +1.647471229e-03 +1.647471229e-03 -2.254835253e+01 -2.254835253e+01 +2.5611e+00 +2.5759e+00 +2.5313e+00 -2.7706e+00 +1.8779e+00
2067 +1.323066146e-03 +1.323066146e-03 -2.254867693e+01 -2.254867693e+01 +2.5712e+00 +2.6085e+00 +2.5108e+00 -2.7292e+00 +1.8902e+00
2083 +9.265077706e-04 +9.265077706e-04 -2.254907349e+01 -2.254907349e+01 +2.5752e+00 +2.5676e+00 +2.5162e+00 -2.7531e+00 +1.8882e+00
2091 +5.603722816e-04 +5.603722816e-04 -2.254943963e+01 -2.254943963e+01 +2.5701e+00 +2.5802e+00 +2.5145e+00 -2.7285e+00 +1.8895e+00
2124 +3.485149509e-04 +3.485149509e-04 -2.254965149e+01 -2.254965149e+01 +2.5717e+00 +2.5658e+00 +2.5087e+00 -2.7388e+00 +1.8827e+00
2133 +2.083620776e-04 +2.083620776e-04 -2.254979164e+01 -2.254979164e+01 +2.5645e+00 +2.5832e+00 +2.5176e+00 -2.7440e+00 +1.8804e+00
2137 +8.959349150e-05 +8.959349150e-05 -2.254991041e+01 -2.254991041e+01 +2.5599e+00 +2.5767e+00 +2.5123e+00 -2.7366e+00 +1.8727e+00
2178 +5.144405272e-05 +5.144405272e-05 -2.254994856e+01 -2.254994856e+01 +2.5622e+00 +2.5779e+00 +2.5081e+00 -2.7406e+00 +1.8712e+00
2202 +7.643392941e-06 +7.643392941e-06 -2.254999236e+01 -2.254999236e+01 +2.5646e+00 +2.5821e+00 +2.5097e+00 -2.7411e+00 +1.8755e+00
2267 +1.413786450e-06 +1.413786450e-06 -2.254999859e+01 -2.254999859e+01 +2.5662e+00 +2.5796e+00 +2.5092e+00 -2.7432e+00 +1.8762e+00
2301 +6.969277990e-07 +6.969277990e-07 -2.254999930e+01 -2.254999930e+01 +2.5661e+00 +2.5800e+00 +2.5094e+00 -2.7429e+00 +1.8762e+00
2352 +3.248150726e-07 +3.248150726e-07 -2.254999968e+01 -2.254999968e+01 +2.5659e+00 +2.5801e+00 +2.5096e+00 -2.7422e+00 +1.8764e+00
2372 +2.402155665e-07 +2.402155665e-07 -2.254999976e+01 -2.254999976e+01 +2.5656e+00 +2.5800e+00 +2.5099e+00 -2.7424e+00 +1.8762e+00
2385 +1.580420985e-07 +1.580420985e-07 -2.254999984e+01 -2.254999984e+01 +2.5655e+00 +2.5799e+00 +2.5098e+00 -2.7427e+00 +1.8759e+00
2401 +8.615714009e-08 +8.615714009e-08 -2.254999991e+01 -2.254999991e+01 +2.5657e+00 +2.5801e+00 +2.5095e+00 -2.7426e+00 +1.8760e+00
2429 +6.257889140e-08 +6.257889140e-08 -2.254999994e+01 -2.254999994e+01 +2.5654e+00 +2.5801e+00 +2.5096e+00 -2.7425e+00 +1.8758e+00
2435 +3.783431168e-08 +3.783431168e-08 -2.254999996e+01 -2.254999996e+01 +2.5656e+00 +2.5799e+00 +2.5096e+00 -2.7425e+00 +1.8759e+00
2452 +2.271590205e-08 +2.271590205e-08 -2.254999998e+01 -2.254999998e+01 +2.5656e+00 +2.5800e+00 +2.5095e+00 -2.7425e+00 +1.8760e+00
2453 +1.055576604e-08 +1.055576604e-08 -2.254999999e+01 -2.254999999e+01 +2.5656e+00 +2.5799e+00 +2.5096e+00 -2.7425e+00 +1.8760e+00
2459 +8.151758379e-09 +8.151758379e-09 -2.254999999e+01 -2.254999999e+01 +2.5656e+00 +2.5800e+00 +2.5096e+00 -2.7424e+00 +1.8760e+00
% function evaluation | noise-free fitness - Fopt (-2.255000000000e+01) | best noise-free fitness - Fopt | measured fitness | best measured fitness | x1 | x2...
1 +3.826831812e+07 +3.826831812e+07 +3.826829557e+07 +3.826829557e+07 -3.8329e+00 -2.9070e+00 -6.6851e-01 -1.0323e+00 +3.4607e+00
2 +2.481513505e+07 +2.481513505e+07 +2.481511250e+07 +2.481511250e+07 -2.5976e+00 -2.7904e+00 -1.0439e+00 -9.8586e-01 +2.0945e+00
8 +1.224559121e+07 +1.224559121e+07 +1.224556866e+07 +1.224556866e+07 -2.1313e+00 -2.2608e-02 -6.9611e-01 +2.2836e-01 +7.0799e-01
11 +2.147839803e+05 +2.147839803e+05 +2.147614303e+05 +2.147614303e+05 +9.1413e-01 -1.9102e-01 +2.2289e+00 +1.6044e+00 +1.6094e+00
34 +3.978456008e+03 +3.978456008e+03 +3.955906008e+03 +3.955906008e+03 +1.2072e+00 -3.9688e+00 +5.1256e+00 +3.1804e+00 +3.4172e+00
169 +1.029427892e+02 +1.029427892e+02 +8.039278921e+01 +8.039278921e+01 +4.0162e+00 -2.9460e-01 +5.5665e+00 +1.5528e+00 +7.0564e+00
203 +5.423800187e+01 +5.423800187e+01 +3.168800187e+01 +3.168800187e+01 +1.2594e+00 -1.9732e+00 +6.0812e+00 +6.1966e-01 +3.6792e+00
1018 +3.896992051e+01 +3.896992051e+01 +1.641992051e+01 +1.641992051e+01 +7.7811e-01 -1.5697e+00 +3.1062e+00 +1.9334e+00 +1.2892e+00
1160 +2.401186998e+01 +2.401186998e+01 +1.461869982e+00 +1.461869982e+00 +5.5817e-01 -1.1919e+00 +3.3931e+00 -8.7143e-01 +3.9087e-01
1296 +1.500448089e+01 +1.500448089e+01 -7.545519109e+00 -7.545519109e+00 +4.5744e-01 +5.8771e-01 +3.2161e+00 -2.3999e+00 -2.0268e-01
1421 +9.433312735e+00 +9.433312735e+00 -1.311668727e+01 -1.311668727e+01 +6.5294e-01 +1.6881e+00 +2.6477e+00 -2.4724e+00 -3.2694e-01
1464 +6.069307121e+00 +6.069307121e+00 -1.648069288e+01 -1.648069288e+01 +1.0399e+00 +2.1701e+00 +2.8923e+00 -1.8433e+00 +5.6428e-01
1483 +3.698260952e+00 +3.698260952e+00 -1.885173905e+01 -1.885173905e+01 +1.5708e+00 +3.8252e+00 +3.0028e+00 -2.5886e+00 +1.1934e+00
1561 +1.978482722e+00 +1.978482722e+00 -2.057151728e+01 -2.057151728e+01 +1.8496e+00 +2.4351e+00 +3.5831e+00 -2.8673e+00 +1.7711e+00
1620 +1.398996434e+00 +1.398996434e+00 -2.115100357e+01 -2.115100357e+01 +2.1565e+00 +3.0922e+00 +2.9140e+00 -2.0363e+00 +1.9484e+00
1631 +9.164027381e-01 +9.164027381e-01 -2.163359726e+01 -2.163359726e+01 +2.1149e+00 +3.1355e+00 +2.7616e+00 -2.2873e+00 +1.7074e+00
1637 +5.894120886e-01 +5.894120886e-01 -2.196058791e+01 -2.196058791e+01 +2.3116e+00 +3.1505e+00 +2.8740e+00 -2.6395e+00 +1.9225e+00
1656 +2.120332902e-01 +2.120332902e-01 -2.233796671e+01 -2.233796671e+01 +2.4202e+00 +2.5682e+00 +2.7148e+00 -2.7820e+00 +1.8425e+00
1716 +1.450772382e-01 +1.450772382e-01 -2.240492276e+01 -2.240492276e+01 +2.6767e+00 +2.5717e+00 +2.5056e+00 -2.7972e+00 +1.9904e+00
1720 +7.323488874e-02 +7.323488874e-02 -2.247676511e+01 -2.247676511e+01 +2.5606e+00 +2.5305e+00 +2.4913e+00 -2.4972e+00 +1.9290e+00
1814 +6.148907243e-02 +6.148907243e-02 -2.248851093e+01 -2.248851093e+01 +2.6594e+00 +2.6329e+00 +2.5492e+00 -2.6227e+00 +2.0615e+00
1824 +3.234266804e-02 +3.234266804e-02 -2.251765733e+01 -2.251765733e+01 +2.6285e+00 +2.5678e+00 +2.5331e+00 -2.6421e+00 +2.0005e+00
1827 +2.420451231e-02 +2.420451231e-02 -2.252579549e+01 -2.252579549e+01 +2.6506e+00 +2.6240e+00 +2.4787e+00 -2.7392e+00 +1.9604e+00
1861 +1.156183148e-02 +1.156183148e-02 -2.253843817e+01 -2.253843817e+01 +2.5914e+00 +2.4966e+00 +2.5278e+00 -2.6966e+00 +1.9287e+00
1866 +6.168417309e-03 +6.168417309e-03 -2.254383158e+01 -2.254383158e+01 +2.5968e+00 +2.5615e+00 +2.5293e+00 -2.8057e+00 +1.9075e+00
1921 +3.746299797e-03 +3.746299797e-03 -2.254625370e+01 -2.254625370e+01 +2.6077e+00 +2.5789e+00 +2.4970e+00 -2.7679e+00 +1.9094e+00
1972 +2.486355760e-03 +2.486355760e-03 -2.254751364e+01 -2.254751364e+01 +2.5929e+00 +2.5889e+00 +2.4806e+00 -2.7464e+00 +1.8865e+00
1973 +7.683814888e-04 +7.683814888e-04 -2.254923162e+01 -2.254923162e+01 +2.5849e+00 +2.5806e+00 +2.4946e+00 -2.7384e+00 +1.8893e+00
1989 +4.584699392e-04 +4.584699392e-04 -2.254954153e+01 -2.254954153e+01 +2.5763e+00 +2.5761e+00 +2.5003e+00 -2.7527e+00 +1.8783e+00
2021 +2.442698815e-04 +2.442698815e-04 -2.254975573e+01 -2.254975573e+01 +2.5733e+00 +2.5898e+00 +2.5049e+00 -2.7481e+00 +1.8808e+00
2046 +1.023315711e-04 +1.023315711e-04 -2.254989767e+01 -2.254989767e+01 +2.5624e+00 +2.5851e+00 +2.5093e+00 -2.7473e+00 +1.8708e+00
2081 +4.136701924e-05 +4.136701924e-05 -2.254995863e+01 -2.254995863e+01 +2.5643e+00 +2.5761e+00 +2.5104e+00 -2.7440e+00 +1.8742e+00
2082 +2.335152589e-05 +2.335152589e-05 -2.254997665e+01 -2.254997665e+01 +2.5654e+00 +2.5791e+00 +2.5127e+00 -2.7451e+00 +1.8772e+00
2108 +1.052926543e-05 +1.052926543e-05 -2.254998947e+01 -2.254998947e+01 +2.5632e+00 +2.5805e+00 +2.5112e+00 -2.7423e+00 +1.8744e+00
2114 +9.617830894e-06 +9.617830894e-06 -2.254999038e+01 -2.254999038e+01 +2.5644e+00 +2.5822e+00 +2.5095e+00 -2.7406e+00 +1.8753e+00
2127 +4.700757042e-06 +4.700757042e-06 -2.254999530e+01 -2.254999530e+01 +2.5658e+00 +2.5810e+00 +2.5084e+00 -2.7436e+00 +1.8751e+00
2165 +2.038112505e-06 +2.038112505e-06 -2.254999796e+01 -2.254999796e+01 +2.5651e+00 +2.5804e+00 +2.5099e+00 -2.7435e+00 +1.8754e+00
2171 +1.212449252e-06 +1.212449252e-06 -2.254999879e+01 -2.254999879e+01 +2.5660e+00 +2.5792e+00 +2.5099e+00 -2.7428e+00 +1.8765e+00
2235 +7.203923751e-07 +7.203923751e-07 -2.254999928e+01 -2.254999928e+01 +2.5660e+00 +2.5803e+00 +2.5094e+00 -2.7422e+00 +1.8764e+00
2241 +5.715278206e-07 +5.715278206e-07 -2.254999943e+01 -2.254999943e+01 +2.5660e+00 +2.5799e+00 +2.5096e+00 -2.7430e+00 +1.8762e+00
2251 +3.320947428e-07 +3.320947428e-07 -2.254999967e+01 -2.254999967e+01 +2.5659e+00 +2.5801e+00 +2.5095e+00 -2.7427e+00 +1.8762e+00
2256 +2.446888345e-07 +2.446888345e-07 -2.254999976e+01 -2.254999976e+01 +2.5656e+00 +2.5800e+00 +2.5095e+00 -2.7420e+00 +1.8761e+00
2259 +1.235640248e-07 +1.235640248e-07 -2.254999988e+01 -2.254999988e+01 +2.5655e+00 +2.5800e+00 +2.5097e+00 -2.7425e+00 +1.8760e+00
2270 +9.193957595e-08 +9.193957595e-08 -2.254999991e+01 -2.254999991e+01 +2.5657e+00 +2.5802e+00 +2.5097e+00 -2.7426e+00 +1.8761e+00
2298 +3.015180994e-08 +3.015180994e-08 -2.254999997e+01 -2.254999997e+01 +2.5657e+00 +2.5801e+00 +2.5097e+00 -2.7424e+00 +1.8761e+00
2348 +1.444676201e-08 +1.444676201e-08 -2.254999999e+01 -2.254999999e+01 +2.5656e+00 +2.5799e+00 +2.5095e+00 -2.7425e+00 +1.8759e+00
2382 +9.983480709e-09 +9.983480709e-09 -2.254999999e+01 -2.254999999e+01 +2.5656e+00 +2.5800e+00 +2.5096e+00 -2.7424e+00 +1.8759e+00
% function evaluation | noise-free fitness - Fopt (-2.255000000000e+01) | best noise-free fitness - Fopt | measured fitness | best measured fitness | x1 | x2...
1 +1.199332076e+07 +1.199332076e+07 +1.199329821e+07 +1.199329821e+07 -1.5509e+00 +3.2623e+00 -2.1752e+00 +1.2948e+00 +8.3281e-01
2 +8.562699845e+06 +8.562699845e+06 +8.562677295e+06 +8.562677295e+06 +6.1678e-01 +3.5444e+00 -1.5936e+00 -2.8624e-01 +2.5714e+00
4 +3.784401653e+06 +3.784401653e+06 +3.784379103e+06 +3.784379103e+06 -8.8908e-01 +3.7523e+00 +1.3781e+00 +2.3054e+00 +1.8646e+00
5 +3.718719563e+05 +3.718719563e+05 +3.718494063e+05 +3.718494063e+05 +1.0926e+00 +5.1399e+00 -2.5672e+00 +3.5743e+00 -3.9599e-01
10 +1.574992253e+03 +1.574992253e+03 +1.552442253e+03 +1.552442253e+03 +4.6698e-01 +4.9922e+00 -1.3938e+00 -8.2369e-01 -2.9054e+00
45 +1.003799734e+02 +1.003799734e+02 +7.782997338e+01 +7.782997338e+01 -7.6426e-01 +1.0022e+01 +5.0436e-01 +3.7021e-01 -2.1069e+00
824 +8.420432869e+01 +8.420432869e+01 +6.165432869e+01 +6.165432869e+01 +1.6909e+00 +5.8190e+00 +4.6035e+00 +4.6615e+00 +4.9881e+00
865 +5.369993837e+01 +5.369993837e+01 +3.114993837e+01 +3.114993837e+01 +3.9162e+00 +4.5751e+00 +1.9600e+00 +2.9548e+00 +5.0492e+00
1070 +3.705658433e+01 +3.705658433e+01 +1.450658433e+01 +1.450658433e+01 +4.0953e+00 +4.9477e+00 +1.5691e+00 +1.7686e+00 +4.6235e+00
1164 +2.494304394e+01 +2.494304394e+01 +2.393043945e+00 +2.393043945e+00 +4.1855e+00 +5.4412e+00 +1.3205e+00 -1.1512e-02 +4.0286e+00
1250 +1.573558988e+01 +1.573558988e+01 -6.814410117e+00 -6.814410117e+00 +3.8885e+00 +5.2128e+00 +6.0594e-01 -1.3948e+00 +2.6723e+00
1337 +9.772976229e+00 +9.772976229e+00 -1.277702377e+01 -1.277702377e+01 +3.0295e+00 +5.0377e+00 +2.2084e+00 -2.0866e+00 +2.6185e+00
1369 +6.272470933e+00 +6.272470933e+00 -1.627752907e+01 -1.627752907e+01 +3.4356e+00 +4.4448e+00 +1.6288e+00 -2.5579e+00 +2.4706e+00
1419 +3.541175951e+00 +3.541175951e+00 -1.900882405e+01 -1.900882405e+01 +3.4439e+00 +4.0523e+00 +1.7352e+00 -2.6648e+00 +2.4977e+00
1443 +2.118353452e+00 +2.118353452e+00 -2.043164655e+01 -2.043164655e+01 +3.2714e+00 +3.2625e+00 +2.4510e+00 -2.4600e+00 +2.8313e+00
1494 +1.537987317e+00 +1.537987317e+00 -2.101201268e+01 -2.101201268e+01 +3.3396e+00 +2.8859e+00 +2.4076e+00 -2.7900e+00 +2.7477e+00
1523 +8.604819637e-01 +8.604819637e-01 -2.168951804e+01 -2.168951804e+01 +2.7101e+00 +2.9663e+00 +3.0086e+00 -2.6912e+00 +2.4775e+00
1542 +5.998443276e-01 +5.998443276e-01 -2.195015567e+01 -2.195015567e+01 +2.7525e+00 +2.4599e+00 +2.9042e+00 -2.5347e+00 +2.4571e+00
1582 +3.843698814e-01 +3.843698814e-01 -2.216563012e+01 -2.216563012e+01 +2.8242e+00 +3.0010e+00 +2.5095e+00 -2.8687e+00 +2.1843e+00
1604 +2.027126839e-01 +2.027126839e-01 -2.234728732e+01 -2.234728732e+01 +2.7558e+00 +2.5169e+00 +2.6609e+00 -2.9293e+00 +2.1580e+00
1691 +1.551325589e-01 +1.551325589e-01 -2.239486744e+01 -2.239486744e+01 +2.6788e+00 +2.7012e+00 +2.6441e+00 -2.9024e+00 +2.0746e+00
1699 +9.088215459e-02 +9.088215459e-02 -2.245911785e+01 -2.245911785e+01 +2.7174e+00 +2.6361e+00 +2.5727e+00 -2.8859e+00 +2.0676e+00
1727 +5.472369651e-02 +5.472369651e-02 -2.249527630e+01 -2.249527630e+01 +2.6367e+00 +2.5116e+00 +2.6127e+00 -2.7430e+00 +2.0349e+00
1728 +3.852044290e-02 +3.852044290e-02 -2.251147956e+01 -2.251147956e+01 +2.6927e+00 +2.6438e+00 +2.4760e+00 -2.7742e+00 +1.9998e+00
1762 +1.960559800e-02 +1.960559800e-02 -2.253039440e+01 -2.253039440e+01 +2.5853e+00 +2.6629e+00 +2.5084e+00 -2.8087e+00 +1.8851e+00
1769 +1.230610161e-02 +1.230610161e-02 -2.253769390e+01 -2.253769390e+01 +2.5179e+00 +2.5894e+00 +2.4992e+00 -2.7034e+00 +1.8231e+00
1773 +9.971306234e-03 +9.971306234e-03 -2.254002869e+01 -2.254002869e+01 +2.5214e+00 +2.6523e+00 +2.5341e+00 -2.7306e+00 +1.8506e+00
1803 +6.240218779e-03 +6.240218779e-03 -2.254375978e+01 -2.254375978e+01 +2.5614e+00 +2.6469e+00 +2.4830e+00 -2.7491e+00 +1.8540e+00
1828 +1.384036311e-03 +1.384036311e-03 -2.254861596e+01 -2.254861596e+01 +2.5586e+00 +2.6020e+00 +2.5116e+00 -2.7412e+00 +1.8711e+00
1839 +4.291999118e-05 +4.291999118e-05 -2.254995708e+01 -2.254995708e+01 +2.5655e+00 +2.5809e+00 +2.5058e+00 -2.7379e+00 +1.8744e+00
1990 +3.108897423e-05 +3.108897423e-05 -2.254996891e+01 -2.254996891e+01 +2.5663e+00 +2.5815e+00 +2.5133e+00 -2.7433e+00 +1.8794e+00
2052 +2.303385418e-05 +2.303385418e-05 -2.254997697e+01 -2.254997697e+01 +2.5684e+00 +2.5794e+00 +2.5101e+00 -2.7430e+00 +1.8795e+00
2058 +1.074424871e-05 +1.074424871e-05 -2.254998926e+01 -2.254998926e+01 +2.5667e+00 +2.5809e+00 +2.5110e+00 -2.7416e+00 +1.8788e+00
2059 +4.218898493e-06 +4.218898493e-06 -2.254999578e+01 -2.254999578e+01 +2.5653e+00 +2.5788e+00 +2.5102e+00 -2.7416e+00 +1.8762e+00
2115 +2.792013781e-06 +2.792013781e-06 -2.254999721e+01 -2.254999721e+01 +2.5654e+00 +2.5794e+00 +2.5095e+00 -2.7427e+00 +1.8755e+00
2121 +2.010244280e-06 +2.010244280e-06 -2.254999799e+01 -2.254999799e+01 +2.5660e+00 +2.5801e+00 +2.5083e+00 -2.7421e+00 +1.8756e+00
2130 +1.428163156e-06 +1.428163156e-06 -2.254999857e+01 -2.254999857e+01 +2.5651e+00 +2.5800e+00 +2.5096e+00 -2.7414e+00 +1.8757e+00
2197 +7.405487814e-07 +7.405487814e-07 -2.254999926e+01 -2.254999926e+01 +2.5657e+00 +2.5795e+00 +2.5092e+00 -2.7419e+00 +1.8759e+00
2199 +3.288987607e-07 +3.288987607e-07 -2.254999967e+01 -2.254999967e+01 +2.5658e+00 +2.5799e+00 +2.5092e+00 -2.7422e+00 +1.8760e+00
2207 +2.237015515e-07 +2.237015515e-07 -2.254999978e+01 -2.254999978e+01 +2.5659e+00 +2.5799e+00 +2.5094e+00 -2.7426e+00 +1.8762e+00
2249 +1.453620371e-07 +1.453620371e-07 -2.254999985e+01 -2.254999985e+01 +2.5657e+00 +2.5799e+00 +2.5098e+00 -2.7426e+00 +1.8762e+00
2269 +6.188106028e-08 +6.188106028e-08 -2.254999994e+01 -2.254999994e+01 +2.5656e+00 +2.5798e+00 +2.5094e+00 -2.7424e+00 +1.8759e+00
2309 +3.367383528e-08 +3.367383528e-08 -2.254999997e+01 -2.254999997e+01 +2.5657e+00 +2.5800e+00 +2.5096e+00 -2.7425e+00 +1.8761e+00
2321 +1.069110311e-08 +1.069110311e-08 -2.254999999e+01 -2.254999999e+01 +2.5656e+00 +2.5801e+00 +2.5096e+00 -2.7424e+00 +1.8760e+00
2363 +9.367397524e-09 +9.367397524e-09 -2.254999999e+01 -2.254999999e+01 +2.5656e+00 +2.5800e+00 +2.5096e+00 -2.7424e+00 +1.8760e+00
% function evaluation | noise-free fitness - Fopt (1.366000000000e+01) | best noise-free fitness - Fopt | measured fitness | best measured fitness | x1 | x2...
1 +3.273723922e+05 +3.273723922e+05 +3.273860522e+05 +3.273860522e+05 +2.1455e-01 +2.0887e+00 +3.9120e+00 -1.8226e-02 -3.2812e+00
8 +5.602114354e+04 +5.602114354e+04 +5.603480354e+04 +5.603480354e+04 -1.4260e-01 +1.7557e+00 +4.4782e+00 -6.9594e-01 -2.3880e+00
24 +7.846422007e+03 +7.846422007e+03 +7.860082007e+03 +7.860082007e+03 +4.5200e-01 +6.5008e-01 +2.3396e+00 +2.0112e+00 -3.0005e+00
27 +1.302200977e+03 +1.302200977e+03 +1.315860977e+03 +1.315860977e+03 -3.4220e-01 +2.5522e+00 +2.6912e+00 -2.4358e-01 -1.1416e+00
80 +9.297983431e+01 +9.297983431e+01 +1.066398343e+02 +1.066398343e+02 +1.6660e+00 +2.7077e+00 +3.5520e+00 +1.7361e-01 -1.2965e+00
191 +2.223901133e+01 +2.223901133e+01 +3.589901133e+01 +3.589901133e+01 +2.3969e+00 +3.5285e+00 +4.2574e+00 -1.3707e+00 -1.5374e+00
195 +1.232696529e+01 +1.232696529e+01 +2.598696529e+01 +2.598696529e+01 +1.7600e+00 +3.3742e+00 +3.5894e+00 -9.8613e-01 -1.1865e+00
639 +9.171202638e+00 +9.171202638e+00 +2.283120264e+01 +2.283120264e+01 +1.9035e+00 +3.4674e+00 +4.1367e+00 -1.2675e+00 -1.3298e+00
811 +6.269411153e+00 +6.269411153e+00 +1.992941115e+01 +1.992941115e+01 +1.5388e+00 +3.2581e+00 +4.2241e+00 -8.2131e-01 -1.1528e+00
948 +3.849520298e+00 +3.849520298e+00 +1.750952030e+01 +1.750952030e+01 +1.0618e+00 +3.0034e+00 +3.8893e+00 -3.8291e-01 -1.0116e+00
1028 +2.494503428e+00 +2.494503428e+00 +1.615450343e+01 +1.615450343e+01 +7.9268e-01 +2.8814e+00 +3.7757e+00 -2.3976e-01 -9.8479e-01
1060 +1.501584084e+00 +1.501584084e+00 +1.516158408e+01 +1.516158408e+01 +6.0570e-01 +2.7789e+00 +3.5960e+00 -5.8119e-02 -9.2588e-01
1104 +9.600533755e-01 +9.600533755e-01 +1.462005338e+01 +1.462005338e+01 +2.4748e-01 +2.6154e+00 +3.3436e+00 +1.8481e-01 -8.4578e-01
1292 +6.133430825e-01 +6.133430825e-01 +1.427334308e+01 +1.427334308e+01 +6.9378e-02 +2.4676e+00 +3.1131e+00 +2.4765e-01 -9.7169e-01
1499 +2.848706942e-01 +2.848706942e-01 +1.394487069e+01 +1.394487069e+01 +1.6362e-01 +2.3091e+00 +3.0440e+00 +2.4744e-01 -1.2884e+00
1518 +2.027143879e-01 +2.027143879e-01 +1.386271439e+01 +1.386271439e+01 +3.4301e-01 +2.3377e+00 +3.0588e+00 +2.1367e-01 -1.3467e+00
1519 +1.556773084e-01 +1.556773084e-01 +1.381567731e+01 +1.381567731e+01 +1.5905e-01 +2.2438e+00 +2.9279e+00 +2.4913e-01 -1.3991e+00
1537 +9.457049705e-02 +9.457049705e-02 +1.375457050e+01 +1.375457050e+01 +3.8340e-01 +2.2328e+00 +2.8257e+00 +3.2362e-01 -1.4541e+00
1557 +6.149058958e-02 +6.149058958e-02 +1.372149059e+01 +1.372149059e+01 +3.4314e-01 +2.1769e+00 +2.6828e+00 +3.4120e-01 -1.5180e+00
1562 +3.379565945e-02 +3.379565945e-02 +1.369379566e+01 +1.369379566e+01 +3.4980e-01 +2.2395e+00 +2.6244e+00 +3.9587e-01 -1.3660e+00
1575 +1.248180095e-02 +1.248180095e-02 +1.367248180e+01 +1.367248180e+01 +5.1315e-01 +2.2664e+00 +2.6853e+00 +2.9657e-01 -1.4758e+00
1587 +3.552047645e-03 +3.552047645e-03 +1.366355205e+01 +1.366355205e+01 +4.2883e-01 +2.1959e+00 +2.6294e+00 +3.7943e-01 -1.4907e+00
1624 +1.940017532e-03 +1.940017532e-03 +1.366194002e+01 +1.366194002e+01 +4.1354e-01 +2.2302e+00 +2.6294e+00 +3.3841e-01 -1.4594e+00
1724 +1.180360947e-03 +1.180360947e-03 +1.366118036e+01 +1.366118036e+01 +4.3160e-01 +2.2297e+00 +2.6409e+00 +3.4404e-01 -1.4633e+00
1730 +5.099431086e-04 +5.099431086e-04 +1.366050994e+01 +1.366050994e+01 +4.4186e-01 +2.2317e+00 +2.6698e+00 +3.4186e-01 -1.4661e+00
1744 +1.962474598e-04 +1.962474598e-04 +1.366019625e+01 +1.366019625e+01 +4.2128e-01 +2.2187e+00 +2.6613e+00 +3.5210e-01 -1.4710e+00
1793 +1.523624122e-04 +1.523624122e-04 +1.366015236e+01 +1.366015236e+01 +4.2713e-01 +2.2193e+00 +2.6604e+00 +3.5422e-01 -1.4706e+00
1805 +9.557405146e-05 +9.557405146e-05 +1.366009557e+01 +1.366009557e+01 +4.2188e-01 +2.2195e+00 +2.6604e+00 +3.5390e-01 -1.4683e+00
1839 +4.790597406e-05 +4.790597406e-05 +1.366004791e+01 +1.366004791e+01 +4.3297e-01 +2.2241e+00 +2.6625e+00 +3.5061e-01 -1.4680e+00
1847 +3.825833162e-05 +3.825833162e-05 +1.366003826e+01 +1.366003826e+01 +4.3084e-01 +2.2256e+00 +2.6626e+00 +3.4988e-01 -1.4651e+00
1871 +2.468212870e-05 +2.468212870e-05 +1.366002468e+01 +1.366002468e+01 +4.2828e-01 +2.2238e+00 +2.6611e+00 +3.4994e-01 -1.4670e+00
1883 +6.157452940e-06 +6.157452940e-06 +1.366000616e+01 +1.366000616e+01 +4.2801e-01 +2.2244e+00 +2.6602e+00 +3.5034e-01 -1.4656e+00
1925 +5.010738882e-07 +5.010738882e-07 +1.366000050e+01 +1.366000050e+01 +4.2766e-01 +2.2241e+00 +2.6599e+00 +3.4918e-01 -1.4669e+00
2016 +3.496227308e-07 +3.496227308e-07 +1.366000035e+01 +1.366000035e+01 +4.2740e-01 +2.2240e+00 +2.6605e+00 +3.4887e-01 -1.4673e+00
2038 +7.491202858e-08 +7.491202858e-08 +1.366000007e+01 +1.366000007e+01 +4.2726e-01 +2.2240e+00 +2.6601e+00 +3.4895e-01 -1.4671e+00
2126 +2.490146578e-08 +2.490146578e-08 +1.366000002e+01 +1.366000002e+01 +4.2717e-01 +2.2239e+00 +2.6600e+00 +3.4878e-01 -1.4673e+00
2161 +8.832421017e-09 +8.832421017e-09 +1.366000001e+01 +1.366000001e+01 +4.2726e-01 +2.2240e+00 +2.6600e+00 +3.4881e-01 -1.4673e+00
% function evaluation | noise-free fitness - Fopt (1.366000000000e+01) | best noise-free fitness - Fopt | measured fitness | best measured fitness | x1 | x2...
1 +7.613924396e+06 +7.613924396e+06 +7.613938056e+06 +7.613938056e+06 +3.9419e+00 +3.4515e-01 +6.9163e-01 +2.0966e+00 +1.1764e+00
2 +2.533656543e+06 +2.533656543e+06 +2.533670203e+06 +2.533670203e+06 +5.0145e+00 +4.0772e+00 +3.4410e+00 +6.8722e+00 +2.0758e+00
3 +1.460941757e+06 +1.460941757e+06 +1.460955417e+06 +1.460955417e+06 +2.7997e+00 +2.5829e+00 +8.1475e-01 -6.4505e-02 +2.3025e-01
10 +2.283482749e+05 +2.283482749e+05 +2.283619349e+05 +2.283619349e+05 +2.9068e+00 +5.3169e+00 -4.6473e-02 +2.7831e+00 +3.8234e+00
12 +7.933855372e+03 +7.933855372e+03 +7.947515372e+03 +7.947515372e+03 +3.6430e+00 +3.6359e+00 +3.2190e-01 +2.2332e+00 +1.3665e+00
17 +3.899986392e+03 +3.899986392e+03 +3.913646392e+03 +3.913646392e+03 +1.8380e+00 +1.6470e+00 +4.3332e+00 +3.3673e+00 -6.5146e-01
33 +2.673752879e+02 +2.673752879e+02 +2.810352879e+02 +2.810352879e+02 +3.8767e+00 +2.5966e+00 +1.6801e+00 +1.4420e+00 -1.4399e+00
106 +1.094330876e+02 +1.094330876e+02 +1.230930876e+02 +1.230930876e+02 +4.1387e+00 +6.4548e-01 +5.1447e-01 +9.4968e+00 +1.9681e+00
497 +8.710235630e+01 +8.710235630e+01 +1.007623563e+02 +1.007623563e+02 +4.6030e+00 +1.2561e+00 +2.0602e+00 +8.0414e+00 +1.5905e+00
908 +6.284874583e+01 +6.284874583e+01 +7.650874583e+01 +7.650874583e+01 +2.1605e+00 +7.0527e-01 +3.7826e+00 +7.1374e+00 +9.4131e-01
1007 +3.793730197e+01 +3.793730197e+01 +5.159730197e+01 +5.159730197e+01 -1.2210e+00 -1.5259e-02 +5.8385e+00 +4.8394e+00 -7.7957e-01
1124 +2.332701814e+01 +2.332701814e+01 +3.698701814e+01 +3.698701814e+01 -7.2984e-01 -1.6434e-01 +5.3531e+00 +2.9843e+00 -2.8434e+00
1126 +1.577154655e+01 +1.577154655e+01 +2.943154655e+01 +2.943154655e+01 +1.4336e+00 +5.1742e-01 +3.6876e+00 +3.5763e+00 -2.1092e+00
1252 +9.004507177e+00 +9.004507177e+00 +2.266450718e+01 +2.266450718e+01 +7.3777e-01 +5.4625e-01 +2.9229e+00 +2.4527e+00 -2.7173e+00
1299 +6.000931025e+00 +6.000931025e+00 +1.966093103e+01 +1.966093103e+01 +4.8434e-01 +6.8712e-01 +2.9583e+00 +1.9095e+00 -2.8261e+00
1453 +3.830168536e+00 +3.830168536e+00 +1.749016854e+01 +1.749016854e+01 +1.1097e-01 +1.0196e+00 +2.5206e+00 +1.5624e+00 -2.3835e+00
1468 +2.425889189e+00 +2.425889189e+00 +1.608588919e+01 +1.608588919e+01 -3.2040e-01 +1.2586e+00 +2.2875e+00 +1.0297e+00 -2.2349e+00
1568 +1.271776710e+00 +1.271776710e+00 +1.493177671e+01 +1.493177671e+01 +2.5683e-01 +1.7269e+00 +1.7621e+00 +8.2058e-01 -1.8564e+00
1620 +9.281900944e-01 +9.281900944e-01 +1.458819009e+01 +1.458819009e+01 -2.0518e-01 +2.0558e+00 +2.0280e+00 +6.0267e-01 -1.2672e+00
1731 +5.953428559e-01 +5.953428559e-01 +1.425534286e+01 +1.425534286e+01 +3.5033e-02 +2.2293e+00 +2.0728e+00 +5.5729e-01 -1.1102e+00
1765 +3.296314121e-01 +3.296314121e-01 +1.398963141e+01 +1.398963141e+01 -9.1889e-02 +2.1318e+00 +2.4544e+00 +4.2042e-01 -1.3390e+00
1779 +1.610623135e-01 +1.610623135e-01 +1.382106231e+01 +1.382106231e+01 +1.8923e-01 +2.2473e+00 +2.3611e+00 +2.6517e-01 -1.3951e+00
1785 +1.137108925e-01 +1.137108925e-01 +1.377371089e+01 +1.377371089e+01 +2.5206e-01 +2.2884e+00 +2.4416e+00 +2.2686e-01 -1.3839e+00
1796 +8.772153755e-02 +8.772153755e-02 +1.374772154e+01 +1.374772154e+01 +3.8891e-01 +2.2421e+00 +2.5756e+00 +3.9476e-01 -1.3794e+00
1830 +5.356278174e-02 +5.356278174e-02 +1.371356278e+01 +1.371356278e+01 +3.2096e-01 +2.2940e+00 +2.6830e+00 +3.5407e-01 -1.2945e+00
1880 +2.617203503e-02 +2.617203503e-02 +1.368617204e+01 +1.368617204e+01 +3.3082e-01 +2.2305e+00 +2.5527e+00 +3.1511e-01 -1.4430e+00
1883 +2.063484052e-02 +2.063484052e-02 +1.368063484e+01 +1.368063484e+01 +3.8132e-01 +2.2239e+00 +2.5435e+00 +3.4529e-01 -1.4509e+00
1906 +1.074114286e-02 +1.074114286e-02 +1.367074114e+01 +1.367074114e+01 +4.4504e-01 +2.2356e+00 +2.5935e+00 +3.9681e-01 -1.4140e+00
1916 +4.721561993e-03 +4.721561993e-03 +1.366472156e+01 +1.366472156e+01 +4.2415e-01 +2.2018e+00 +2.6187e+00 +3.9733e-01 -1.4632e+00
1939 +2.290005818e-03 +2.290005818e-03 +1.366229001e+01 +1.366229001e+01 +4.4836e-01 +2.2093e+00 +2.6814e+00 +3.7047e-01 -1.4834e+00
1978 +2.863462175e-04 +2.863462175e-04 +1.366028635e+01 +1.366028635e+01 +4.4025e-01 +2.2260e+00 +2.6551e+00 +3.5143e-01 -1.4672e+00
2057 +1.287733648e-04 +1.287733648e-04 +1.366012877e+01 +1.366012877e+01 +4.2938e-01 +2.2249e+00 +2.6484e+00 +3.5082e-01 -1.4649e+00
2096 +7.685337167e-05 +7.685337167e-05 +1.366007685e+01 +1.366007685e+01 +4.2321e-01 +2.2254e+00 +2.6591e+00 +3.5113e-01 -1.4611e+00
2106 +5.958604374e-05 +5.958604374e-05 +1.366005959e+01 +1.366005959e+01 +4.2804e-01 +2.2240e+00 +2.6581e+00 +3.5435e-01 -1.4629e+00
2126 +2.691565032e-05 +2.691565032e-05 +1.366002692e+01 +1.366002692e+01 +4.2439e-01 +2.2243e+00 +2.6634e+00 +3.4767e-01 -1.4663e+00
2167 +1.354549356e-05 +1.354549356e-05 +1.366001355e+01 +1.366001355e+01 +4.2759e-01 +2.2232e+00 +2.6623e+00 +3.4798e-01 -1.4694e+00
2176 +6.637857281e-06 +6.637857281e-06 +1.366000664e+01 +1.366000664e+01 +4.2533e-01 +2.2237e+00 +2.6598e+00 +3.4925e-01 -1.4664e+00
2182 +4.986906481e-06 +4.986906481e-06 +1.366000499e+01 +1.366000499e+01 +4.2669e-01 +2.2248e+00 +2.6600e+00 +3.4798e-01 -1.4663e+00
2202 +3.687664229e-06 +3.687664229e-06 +1.366000369e+01 +1.366000369e+01 +4.2739e-01 +2.2245e+00 +2.6608e+00 +3.4840e-01 -1.4668e+00
2207 +1.600205296e-06 +1.600205296e-06 +1.366000160e+01 +1.366000160e+01 +4.2779e-01 +2.2245e+00 +2.6603e+00 +3.4847e-01 -1.4668e+00
2216 +5.618978811e-07 +5.618978811e-07 +1.366000056e+01 +1.366000056e+01 +4.2776e-01 +2.2242e+00 +2.6603e+00 +3.4896e-01 -1.4670e+00
2266 +1.762735486e-07 +1.762735486e-07 +1.366000018e+01 +1.366000018e+01 +4.2743e-01 +2.2242e+00 +2.6602e+00 +3.4878e-01 -1.4670e+00
2291 +1.370829228e-07 +1.370829228e-07 +1.366000014e+01 +1.366000014e+01 +4.2741e-01 +2.2241e+00 +2.6602e+00 +3.4861e-01 -1.4672e+00
2293 +3.620718658e-08 +3.620718658e-08 +1.366000004e+01 +1.366000004e+01 +4.2718e-01 +2.2240e+00 +2.6600e+00 +3.4868e-01 -1.4673e+00
2381 +1.690804297e-08 +1.690804297e-08 +1.366000002e+01 +1.366000002e+01 +4.2720e-01 +2.2240e+00 +2.6599e+00 +3.4872e-01 -1.4673e+00
2385 +1.381431680e-08 +1.381431680e-08 +1.366000001e+01 +1.366000001e+01 +4.2713e-01 +2.2240e+00 +2.6601e+00 +3.4876e-01 -1.4672e+00
2390 +9.222926423e-09 +9.222926423e-09 +1.366000001e+01 +1.366000001e+01 +4.2716e-01 +2.2240e+00 +2.6600e+00 +3.4879e-01 -1.4672e+00
2394 +5.041190576e-09 +5.041190576e-09 +1.366000001e+01 +1.366000001e+01 +4.2720e-01 +2.2240e+00 +2.6600e+00 +3.4877e-01 -1.4672e+00
% function evaluation | noise-free fitness - Fopt (1.366000000000e+01) | best noise-free fitness - Fopt | measured fitness | best measured fitness | x1 | x2...
1 +1.866365999e+07 +1.866365999e+07 +1.866367365e+07 +1.866367365e+07 +3.8849e+00 -1.6299e+00 -3.0997e-01 -1.2829e+00 -1.5014e+00
2 +1.184377462e+07 +1.184377462e+07 +1.184378828e+07 +1.184378828e+07 +5.5836e+00 +9.1456e-01 +2.6500e+00 -1.0987e+00 +5.8446e-01
4 +7.823135147e+06 +7.823135147e+06 +7.823148807e+06 +7.823148807e+06 +1.6829e+00 -1.4606e+00 +2.6304e+00 -1.5129e+00 -3.9001e+00
11 +6.487679625e+05 +6.487679625e+05 +6.487816225e+05 +6.487816225e+05 +2.8791e+00 -6.5172e-01 +1.3607e+00 +1.5697e+00 -4.5435e+00
20 +5.743092901e+05 +5.743092901e+05 +5.743229501e+05 +5.743229501e+05 +3.3228e+00 -7.9149e-01 +1.0377e+00 +1.9181e+00 -4.7861e+00
24 +2.540164823e+05 +2.540164823e+05 +2.540301423e+05 +2.540301423e+05 +1.6376e+00 +1.8702e-01 -3.1961e+00 +1.3114e+00 -3.6258e+00
39 +2.197447857e+05 +2.197447857e+05 +2.197584457e+05 +2.197584457e+05 +1.1498e+00 +5.0048e-01 -1.6296e+00 +4.3932e+00 -2.3708e+00
48 +3.875116882e+04 +3.875116882e+04 +3.876482882e+04 +3.876482882e+04 -1.1746e+00 -7.8510e-01 -1.5921e+00 +8.4227e-01 -6.0093e+00
54 +4.411764842e+02 +4.411764842e+02 +4.548364842e+02 +4.548364842e+02 +1.0124e+00 -3.2666e-01 +1.6318e+00 +2.2206e+00 -4.6028e+00
86 +7.942125979e+01 +7.942125979e+01 +9.308125979e+01 +9.308125979e+01 -3.6535e+00 -5.5786e-01 +1.0870e+00 +3.6007e-01 -4.4867e+00
305 +5.181021714e+01 +5.181021714e+01 +6.547021714e+01 +6.547021714e+01 -3.5877e+00 -9.2563e-01 -1.2022e+00 +2.5179e+00 -3.3346e+00
337 +3.238779648e+01 +3.238779648e+01 +4.604779648e+01 +4.604779648e+01 -2.3771e+00 -5.7377e-01 -1.8064e-01 +1.9373e+00 -3.7448e+00
468 +2.466403411e+01 +2.466403411e+01 +3.832403411e+01 +3.832403411e+01 -1.5086e+00 -3.4770e-01 +2.8655e-01 +2.1425e+00 -3.5570e+00
908 +1.567720134e+01 +1.567720134e+01 +2.933720134e+01 +2.933720134e+01 -6.9649e-01 -4.1968e-02 +1.0407e+00 +1.8850e+00 -3.6022e+00
1102 +9.988582672e+00 +9.988582672e+00 +2.364858267e+01 +2.364858267e+01 +9.2291e-01 +4.7735e-01 +2.2727e+00 +1.4348e+00 -3.7913e+00
1261 +6.158265949e+00 +6.158265949e+00 +1.981826595e+01 +1.981826595e+01 +3.6156e-01 +6.9096e-01 +2.6648e+00 +1.0345e+00 -3.5137e+00
1322 +3.975016182e+00 +3.975016182e+00 +1.763501618e+01 +1.763501618e+01 +7.1283e-02 +1.1585e+00 +2.4410e+00 +5.7095e-01 -2.9731e+00
1454 +2.504824673e+00 +2.504824673e+00 +1.616482467e+01 +1.616482467e+01 -5.4250e-01 +1.5772e+00 +1.9649e+00 +2.9291e-01 -2.2152e+00
1539 +1.495450230e+00 +1.495450230e+00 +1.515545023e+01 +1.515545023e+01 -4.8446e-01 +1.7810e+00 +2.2737e+00 +2.5116e-01 -1.9208e+00
1554 +8.906284040e-01 +8.906284040e-01 +1.455062840e+01 +1.455062840e+01 -1.7252e-02 +2.0786e+00 +2.0257e+00 -1.8214e-02 -1.8403e+00
1577 +5.967753953e-01 +5.967753953e-01 +1.425677540e+01 +1.425677540e+01 -8.6721e-02 +2.0877e+00 +2.7576e+00 -4.6358e-02 -1.8149e+00
1627 +3.337900596e-01 +3.337900596e-01 +1.399379006e+01 +1.399379006e+01 +4.2696e-01 +2.1604e+00 +2.7154e+00 -2.2617e-02 -1.8945e+00
1642 +2.412439700e-01 +2.412439700e-01 +1.390124397e+01 +1.390124397e+01 +4.6124e-01 +2.1730e+00 +2.7123e+00 +5.5801e-02 -1.8214e+00
1727 +1.339188040e-01 +1.339188040e-01 +1.379391880e+01 +1.379391880e+01 +3.8650e-01 +2.2332e+00 +2.3800e+00 +1.6163e-01 -1.5944e+00
1753 +9.497341304e-02 +9.497341304e-02 +1.375497341e+01 +1.375497341e+01 +4.3028e-01 +2.1423e+00 +2.4522e+00 +3.1113e-01 -1.6438e+00
1803 +5.865754882e-02 +5.865754882e-02 +1.371865755e+01 +1.371865755e+01 +4.7332e-01 +2.2613e+00 +2.5449e+00 +1.8645e-01 -1.5620e+00
1842 +3.467768700e-02 +3.467768700e-02 +1.369467769e+01 +1.369467769e+01 +3.8631e-01 +2.2120e+00 +2.5549e+00 +2.4517e-01 -1.5590e+00
1855 +1.770710705e-02 +1.770710705e-02 +1.367770711e+01 +1.367770711e+01 +4.5248e-01 +2.2263e+00 +2.5560e+00 +2.9230e-01 -1.5230e+00
1868 +1.356587403e-02 +1.356587403e-02 +1.367356587e+01 +1.367356587e+01 +3.6348e-01 +2.2086e+00 +2.5695e+00 +3.1322e-01 -1.4968e+00
1914 +9.885678112e-03 +9.885678112e-03 +1.366988568e+01 +1.366988568e+01 +4.9214e-01 +2.2154e+00 +2.6008e+00 +3.3763e-01 -1.5205e+00
1933 +6.173018405e-03 +6.173018405e-03 +1.366617302e+01 +1.366617302e+01 +4.1147e-01 +2.1843e+00 +2.6395e+00 +3.5394e-01 -1.5250e+00
1934 +3.328139443e-03 +3.328139443e-03 +1.366332814e+01 +1.366332814e+01 +4.4423e-01 +2.2385e+00 +2.6132e+00 +3.2992e-01 -1.4659e+00
1952 +2.250207449e-03 +2.250207449e-03 +1.366225021e+01 +1.366225021e+01 +4.6530e-01 +2.2332e+00 +2.6711e+00 +3.6601e-01 -1.4532e+00
1979 +3.469532995e-04 +3.469532995e-04 +1.366034695e+01 +1.366034695e+01 +4.4035e-01 +2.2280e+00 +2.6476e+00 +3.4946e-01 -1.4655e+00
2040 +1.027283807e-04 +1.027283807e-04 +1.366010273e+01 +1.366010273e+01 +4.2116e-01 +2.2225e+00 +2.6641e+00 +3.5006e-01 -1.4661e+00
2042 +9.313158375e-05 +9.313158375e-05 +1.366009313e+01 +1.366009313e+01 +4.2348e-01 +2.2236e+00 +2.6649e+00 +3.4434e-01 -1.4700e+00
2075 +3.429640983e-05 +3.429640983e-05 +1.366003430e+01 +1.366003430e+01 +4.2742e-01 +2.2224e+00 +2.6627e+00 +3.5337e-01 -1.4661e+00
2094 +7.343501650e-06 +7.343501650e-06 +1.366000734e+01 +1.366000734e+01 +4.2877e-01 +2.2237e+00 +2.6614e+00 +3.5020e-01 -1.4672e+00
2129 +3.989250080e-06 +3.989250080e-06 +1.366000399e+01 +1.366000399e+01 +4.2531e-01 +2.2237e+00 +2.6605e+00 +3.4896e-01 -1.4667e+00
2154 +2.009491375e-06 +2.009491375e-06 +1.366000201e+01 +1.366000201e+01 +4.2676e-01 +2.2246e+00 +2.6603e+00 +3.4844e-01 -1.4663e+00
2187 +6.091093994e-07 +6.091093994e-07 +1.366000061e+01 +1.366000061e+01 +4.2695e-01 +2.2238e+00 +2.6605e+00 +3.4865e-01 -1.4676e+00
2236 +2.983310026e-07 +2.983310026e-07 +1.366000030e+01 +1.366000030e+01 +4.2739e-01 +2.2242e+00 +2.6598e+00 +3.4844e-01 -1.4672e+00
2250 +1.692100469e-07 +1.692100469e-07 +1.366000017e+01 +1.366000017e+01 +4.2683e-01 +2.2241e+00 +2.6600e+00 +3.4867e-01 -1.4670e+00
2251 +8.827703901e-08 +8.827703901e-08 +1.366000009e+01 +1.366000009e+01 +4.2716e-01 +2.2240e+00 +2.6602e+00 +3.4896e-01 -1.4671e+00
2297 +5.932105651e-08 +5.932105651e-08 +1.366000006e+01 +1.366000006e+01 +4.2721e-01 +2.2240e+00 +2.6600e+00 +3.4874e-01 -1.4672e+00
2298 +3.791279646e-08 +3.791279646e-08 +1.366000004e+01 +1.366000004e+01 +4.2719e-01 +2.2239e+00 +2.6600e+00 +3.4888e-01 -1.4673e+00
2309 +1.592107068e-08 +1.592107068e-08 +1.366000002e+01 +1.366000002e+01 +4.2721e-01 +2.2240e+00 +2.6599e+00 +3.4875e-01 -1.4672e+00
2322 +1.102745273e-08 +1.102745273e-08 +1.366000001e+01 +1.366000001e+01 +4.2723e-01 +2.2240e+00 +2.6599e+00 +3.4885e-01 -1.4672e+00
2347 +6.621753812e-09 +6.621753812e-09 +1.366000001e+01 +1.366000001e+01 +4.2719e-01 +2.2240e+00 +2.6600e+00 +3.4878e-01 -1.4673e+00
2352 +3.634960777e-09 +3.634960777e-09 +1.366000000e+01 +1.366000000e+01 +4.2722e-01 +2.2240e+00 +2.6600e+00 +3.4879e-01 -1.4672e+00
2354 +7.465192908e-10 +7.465192908e-10 +1.366000000e+01 +1.366000000e+01 +4.2721e-01 +2.2240e+00 +2.6600e+00 +3.4878e-01 -1.4672e+00
% function evaluation | noise-free fitness - Fopt (9.378400000000e+02) | best noise-free fitness - Fopt | measured fitness | best measured fitness | x1 | x2...
1 +3.022195258e+06 +3.022195258e+06 +3.023133098e+06 +3.023133098e+06 -2.5589e-01 +9.9738e-01 -3.5795e+00 -2.9957e+00 -4.5152e-01
5 +4.296402125e+04 +4.296402125e+04 +4.390186125e+04 +4.390186125e+04 -3.5232e-01 +1.6184e+00 -2.8888e+00 +6.7431e-01 +6.5270e-01
16 +1.055468087e+03 +1.055468087e+03 +1.993308087e+03 +1.993308087e+03 -2.7308e+00 -2.1448e+00 -3.7112e+00 -3.6056e+00 +6.0259e-01
24 +4.704783209e+02 +4.704783209e+02 +1.408318321e+03 +1.408318321e+03 -2.3818e+00 -2.7436e+00 -4.6004e+00 -1.9500e+00 +2.4252e+00
105 +1.184599133e+02 +1.184599133e+02 +1.056299913e+03 +1.056299913e+03 -3.3875e+00 +4.9576e-01 -5.5990e+00 -4.0192e+00 -8.4897e-01
775 +9.873352305e+01 +9.873352305e+01 +1.036573523e+03 +1.036573523e+03 -3.9140e+00 +4.7294e-01 -4.0126e+00 -4.4553e+00 +7.6366e-01
886 +6.045508337e+01 +6.045508337e+01 +9.982950834e+02 +9.982950834e+02 -2.7237e+00 +1.3355e+00 -2.3977e+00 -4.4655e+00 -2.2821e+00
1316 +3.949173323e+01 +3.949173323e+01 +9.773317332e+02 +9.773317332e+02 -4.0716e-01 +6.4438e-01 +1.7375e-01 -3.2447e+00 -4.9546e+00
1462 +2.187543601e+01 +2.187543601e+01 +9.597154360e+02 +9.597154360e+02 +3.3934e-01 +1.3389e+00 +4.4903e-01 -9.8207e-01 -3.1704e+00
1579 +1.567557885e+01 +1.567557885e+01 +9.535155788e+02 +9.535155788e+02 +4.9237e-01 +1.5959e+00 +8.8815e-01 -6.5218e-02 -1.8174e+00
1612 +9.213531840e+00 +9.213531840e+00 +9.470535318e+02 +9.470535318e+02 -1.9715e-02 +2.1549e+00 +1.5122e+00 -4.6008e-01 -1.0177e+00
1639 +3.998722336e+00 +3.998722336e+00 +9.418387223e+02 +9.418387223e+02 +8.0311e-01 +3.1083e+00 +3.8308e+00 +1.0939e-01 -1.5901e+00
1653 +1.865108235e+00 +1.865108235e+00 +9.397051082e+02 +9.397051082e+02 -4.4900e-01 +3.4264e+00 +3.6090e+00 -9.6527e-01 -2.3795e-01
1727 +1.047638065e+00 +1.047638065e+00 +9.388876381e+02 +9.388876381e+02 -7.3750e-01 +3.7145e+00 +3.1460e+00 -1.6166e+00 -1.0105e+00
1760 +7.337983726e-01 +7.337983726e-01 +9.385737984e+02 +9.385737984e+02 -2.0877e-01 +3.8253e+00 +3.2265e+00 -1.1547e+00 -1.7062e+00
1768 +2.537488075e-01 +2.537488075e-01 +9.380937488e+02 +9.380937488e+02 -2.9197e-01 +3.8074e+00 +3.5800e+00 -1.2873e+00 -1.5053e+00
1813 +2.391233141e-01 +2.391233141e-01 +9.380791233e+02 +9.380791233e+02 -3.5092e-01 +3.4268e+00 +4.2013e+00 -1.7034e+00 -1.5535e+00
1835 +9.345139039e-02 +9.345139039e-02 +9.379334514e+02 +9.379334514e+02 -3.9057e-01 +3.4016e+00 +3.8842e+00 -1.5694e+00 -1.3535e+00
1897 +3.762812944e-02 +3.762812944e-02 +9.378776281e+02 +9.378776281e+02 -3.7972e-01 +3.5200e+00 +3.8821e+00 -1.5061e+00 -1.3331e+00
1915 +2.119452792e-02 +2.119452792e-02 +9.378611945e+02 +9.378611945e+02 -2.8934e-01 +3.5201e+00 +4.0355e+00 -1.3677e+00 -1.2557e+00
1948 +1.527747950e-02 +1.527747950e-02 +9.378552775e+02 +9.378552775e+02 -2.9827e-01 +3.4629e+00 +4.0135e+00 -1.3979e+00 -1.2663e+00
1961 +4.520456490e-03 +4.520456490e-03 +9.378445205e+02 +9.378445205e+02 -3.0739e-01 +3.5410e+00 +3.9887e+00 -1.3916e+00 -1.2842e+00
1989 +2.197351466e-03 +2.197351466e-03 +9.378421974e+02 +9.378421974e+02 -2.8190e-01 +3.6014e+00 +3.9665e+00 -1.3438e+00 -1.3147e+00
1995 +9.983728223e-04 +9.983728223e-04 +9.378409984e+02 +9.378409984e+02 -2.8431e-01 +3.5907e+00 +3.9745e+00 -1.3572e+00 -1.3222e+00
2034 +2.743010282e-04 +2.743010282e-04 +9.378402743e+02 +9.378402743e+02 -2.9976e-01 +3.5690e+00 +3.9854e+00 -1.3780e+00 -1.2981e+00
2057 +1.345478013e-04 +1.345478013e-04 +9.378401345e+02 +9.378401345e+02 -2.9522e-01 +3.5728e+00 +3.9783e+00 -1.3679e+00 -1.2985e+00
2075 +3.605029337e-05 +3.605029337e-05 +9.378400361e+02 +9.378400361e+02 -2.9966e-01 +3.5769e+00 +3.9759e+00 -1.3761e+00 -1.3044e+00
2096 +2.026075276e-05 +2.026075276e-05 +9.378400203e+02 +9.378400203e+02 -2.9891e-01 +3.5805e+00 +3.9771e+00 -1.3746e+00 -1.3051e+00
2118 +1.100594420e-05 +1.100594420e-05 +9.378400110e+02 +9.378400110e+02 -2.9656e-01 +3.5777e+00 +3.9802e+00 -1.3744e+00 -1.3083e+00
2163 +9.131215165e-06 +9.131215165e-06 +9.378400091e+02 +9.378400091e+02 -2.9821e-01 +3.5777e+00 +3.9790e+00 -1.3739e+00 -1.3033e+00
2194 +3.844678190e-06 +3.844678190e-06 +9.378400038e+02 +9.378400038e+02 -2.9635e-01 +3.5778e+00 +3.9799e+00 -1.3730e+00 -1.3067e+00
2208 +2.348806674e-06 +2.348806674e-06 +9.378400023e+02 +9.378400023e+02 -2.9624e-01 +3.5784e+00 +3.9804e+00 -1.3727e+00 -1.3064e+00
2211 +1.167125447e-06 +1.167125447e-06 +9.378400012e+02 +9.378400012e+02 -2.9710e-01 +3.5782e+00 +3.9791e+00 -1.3732e+00 -1.3054e+00
2248 +7.829465858e-07 +7.829465858e-07 +9.378400008e+02 +9.378400008e+02 -2.9683e-01 +3.5779e+00 +3.9796e+00 -1.3733e+00 -1.3060e+00
2258 +5.759752639e-07 +5.759752639e-07 +9.378400006e+02 +9.378400006e+02 -2.9685e-01 +3.5780e+00 +3.9795e+00 -1.3729e+00 -1.3052e+00
2259 +1.535839829e-07 +1.535839829e-07 +9.378400002e+02 +9.378400002e+02 -2.9689e-01 +3.5783e+00 +3.9792e+00 -1.3730e+00 -1.3056e+00
2301 +9.888958630e-08 +9.888958630e-08 +9.378400001e+02 +9.378400001e+02 -2.9685e-01 +3.5785e+00 +3.9793e+00 -1.3728e+00 -1.3054e+00
2311 +5.238041467e-08 +5.238041467e-08 +9.378400001e+02 +9.378400001e+02 -2.9679e-01 +3.5783e+00 +3.9793e+00 -1.3728e+00 -1.3056e+00
2342 +2.359763585e-08 +2.359763585e-08 +9.378400000e+02 +9.378400000e+02 -2.9681e-01 +3.5784e+00 +3.9791e+00 -1.3727e+00 -1.3055e+00
2368 +9.441805560e-09 +9.441805560e-09 +9.378400000e+02 +9.378400000e+02 -2.9683e-01 +3.5783e+00 +3.9792e+00 -1.3729e+00 -1.3056e+00
% function evaluation | noise-free fitness - Fopt (9.378400000000e+02) | best noise-free fitness - Fopt | measured fitness | best measured fitness | x1 | x2...
1 +3.421324647e+05 +3.421324647e+05 +3.430703047e+05 +3.430703047e+05 -5.7381e-01 -1.2370e+00 -4.2314e-01 +6.5495e-01 +1.0952e+00
6 +3.708969945e+03 +3.708969945e+03 +4.646809945e+03 +4.646809945e+03 +1.1459e+00 +4.8296e-01 -1.5656e+00 +2.0879e+00 -2.6861e-01
81 +1.685593395e+03 +1.685593395e+03 +2.623433395e+03 +2.623433395e+03 +2.8038e+00 -2.2260e+00 -1.6451e+00 +1.3426e+00 -5.1053e+00
153 +1.348013911e+02 +1.348013911e+02 +1.072641391e+03 +1.072641391e+03 +6.1205e+00 +4.8747e+00 +4.1649e+00 +8.0247e+00 -3.1832e+00
545 +7.684467685e+01 +7.684467685e+01 +1.014684677e+03 +1.014684677e+03 +2.9137e+00 +9.4195e-01 +3.0643e+00 +5.5579e+00 +3.0826e+00
567 +4.464359091e+01 +4.464359091e+01 +9.824835909e+02 +9.824835909e+02 +1.8297e+00 +7.4721e-01 +1.0424e+00 +3.2380e+00 +9.3690e-01
787 +3.739913691e+01 +3.739913691e+01 +9.752391369e+02 +9.752391369e+02 +1.6607e+00 +2.0437e+00 +5.8041e-01 +2.9572e+00 -3.8896e-02
922 +2.448109309e+01 +2.448109309e+01 +9.623210931e+02 +9.623210931e+02 +8.6722e-01 +1.7977e+00 +1.1603e+00 +1.6450e+00 +2.9314e-01
1011 +1.517833806e+01 +1.517833806e+01 +9.530183381e+02 +9.530183381e+02 -5.6427e-01 +2.7865e+00 +1.8108e+00 -5.4960e-01 +2.2849e-01
1027 +5.851173217e+00 +5.851173217e+00 +9.436911732e+02 +9.436911732e+02 -2.8963e-01 +2.7630e+00 +2.4635e+00 -8.1061e-01 -6.8079e-01
1086 +1.349527060e+00 +1.349527060e+00 +9.391895271e+02 +9.391895271e+02 -1.3333e-01 +3.3702e+00 +3.0046e+00 -8.8356e-01 -1.3035e+00
1111 +6.053024950e-01 +6.053024950e-01 +9.384453025e+02 +9.384453025e+02 -2.3922e-01 +3.9748e+00 +3.4845e+00 -1.1432e+00 -1.5350e+00
1242 +3.701696547e-01 +3.701696547e-01 +9.382101697e+02 +9.382101697e+02 -3.9053e-01 +4.0348e+00 +3.5795e+00 -1.2750e+00 -1.3199e+00
1303 +2.305753621e-01 +2.305753621e-01 +9.380705754e+02 +9.380705754e+02 -2.0555e-01 +3.9083e+00 +3.7472e+00 -1.1559e+00 -1.4761e+00
1368 +1.481538994e-01 +1.481538994e-01 +9.379881539e+02 +9.379881539e+02 -2.9433e-01 +3.7795e+00 +3.7153e+00 -1.2753e+00 -1.3874e+00
1392 +9.788293697e-02 +9.788293697e-02 +9.379378829e+02 +9.379378829e+02 -2.7148e-01 +3.7766e+00 +3.7892e+00 -1.2331e+00 -1.3330e+00
1412 +6.222091256e-02 +6.222091256e-02 +9.379022209e+02 +9.379022209e+02 -2.9077e-01 +3.7525e+00 +3.8359e+00 -1.3102e+00 -1.3803e+00
1423 +3.523623157e-02 +3.523623157e-02 +9.378752362e+02 +9.378752362e+02 -3.0112e-01 +3.6042e+00 +3.8321e+00 -1.3378e+00 -1.3232e+00
1453 +1.796773685e-02 +1.796773685e-02 +9.378579677e+02 +9.378579677e+02 -2.7110e-01 +3.5248e+00 +3.9637e+00 -1.2928e+00 -1.2121e+00
1479 +1.116790113e-02 +1.116790113e-02 +9.378511679e+02 +9.378511679e+02 -2.8535e-01 +3.5992e+00 +4.0506e+00 -1.3439e+00 -1.2572e+00
1484 +9.897119377e-03 +9.897119377e-03 +9.378498971e+02 +9.378498971e+02 -3.2580e-01 +3.5669e+00 +4.0430e+00 -1.4238e+00 -1.2745e+00
1490 +2.687000160e-03 +2.687000160e-03 +9.378426870e+02 +9.378426870e+02 -2.8050e-01 +3.6053e+00 +3.9912e+00 -1.3408e+00 -1.3016e+00
1533 +1.709966475e-03 +1.709966475e-03 +9.378417100e+02 +9.378417100e+02 -2.9185e-01 +3.5734e+00 +4.0122e+00 -1.3828e+00 -1.3175e+00
1538 +7.299503231e-04 +7.299503231e-04 +9.378407300e+02 +9.378407300e+02 -2.9597e-01 +3.5609e+00 +3.9671e+00 -1.3743e+00 -1.3079e+00
1562 +1.762932070e-04 +1.762932070e-04 +9.378401763e+02 +9.378401763e+02 -2.9084e-01 +3.5707e+00 +3.9857e+00 -1.3694e+00 -1.3088e+00
1593 +6.801487461e-05 +6.801487461e-05 +9.378400680e+02 +9.378400680e+02 -2.9578e-01 +3.5760e+00 +3.9812e+00 -1.3696e+00 -1.3002e+00
1639 +5.728518079e-05 +5.728518079e-05 +9.378400573e+02 +9.378400573e+02 -2.9900e-01 +3.5830e+00 +3.9776e+00 -1.3755e+00 -1.3075e+00
1644 +3.163151484e-05 +3.163151484e-05 +9.378400316e+02 +9.378400316e+02 -2.9919e-01 +3.5772e+00 +3.9791e+00 -1.3766e+00 -1.3051e+00
1658 +1.809725654e-05 +1.809725654e-05 +9.378400181e+02 +9.378400181e+02 -2.9676e-01 +3.5781e+00 +3.9822e+00 -1.3747e+00 -1.3075e+00
1668 +8.041404953e-06 +8.041404953e-06 +9.378400080e+02 +9.378400080e+02 -2.9737e-01 +3.5783e+00 +3.9793e+00 -1.3739e+00 -1.3059e+00
1700 +6.201710448e-06 +6.201710448e-06 +9.378400062e+02 +9.378400062e+02 -2.9724e-01 +3.5789e+00 +3.9780e+00 -1.3739e+00 -1.3073e+00
1714 +1.350130674e-06 +1.350130674e-06 +9.378400014e+02 +9.378400014e+02 -2.9682e-01 +3.5778e+00 +3.9794e+00 -1.3730e+00 -1.3055e+00
1739 +5.273216175e-07 +5.273216175e-07 +9.378400005e+02 +9.378400005e+02 -2.9679e-01 +3.5779e+00 +3.9794e+00 -1.3731e+00 -1.3058e+00
1788 +6.910681805e-08 +6.910681805e-08 +9.378400001e+02 +9.378400001e+02 -2.9678e-01 +3.5782e+00 +3.9793e+00 -1.3728e+00 -1.3054e+00
1838 +4.468074621e-08 +4.468074621e-08 +9.378400000e+02 +9.378400000e+02 -2.9679e-01 +3.5784e+00 +3.9792e+00 -1.3728e+00 -1.3056e+00
1843 +1.702699137e-08 +1.702699137e-08 +9.378400000e+02 +9.378400000e+02 -2.9682e-01 +3.5784e+00 +3.9792e+00 -1.3728e+00 -1.3055e+00
1895 +6.394429874e-09 +6.394429874e-09 +9.378400000e+02 +9.378400000e+02 -2.9680e-01 +3.5784e+00 +3.9793e+00 -1.3728e+00 -1.3056e+00
1898 +1.876514943e-09 +1.876514943e-09 +9.378400000e+02 +9.378400000e+02 -2.9680e-01 +3.5784e+00 +3.9792e+00 -1.3728e+00 -1.3056e+00
% function evaluation | noise-free fitness - Fopt (9.378400000000e+02) | best noise-free fitness - Fopt | measured fitness | best measured fitness | x1 | x2...
1 +1.337364134e+07 +1.337364134e+07 +1.337457918e+07 +1.337457918e+07 -3.8965e+00 +4.3215e-01 +3.5770e+00 +1.6940e+00 +2.8613e+00
7 +3.044920370e+06 +3.044920370e+06 +3.045858210e+06 +3.045858210e+06 -4.1532e+00 +3.2194e+00 +5.6662e+00 -1.4243e+00 +4.9525e+00
16 +1.618556806e+06 +1.618556806e+06 +1.619494646e+06 +1.619494646e+06 -4.1984e+00 +6.2697e+00 +3.4538e+00 -6.2846e-01 +5.2737e+00
18 +1.437456982e+06 +1.437456982e+06 +1.438394822e+06 +1.438394822e+06 -2.3120e+00 +3.5437e+00 +4.0283e+00 +2.9402e-01 +3.4860e+00
20 +1.022695698e+05 +1.022695698e+05 +1.032074098e+05 +1.032074098e+05 -2.9586e+00 +1.9039e+00 +4.5322e+00 -8.2816e-01 +7.4713e+00
29 +1.775747698e+04 +1.775747698e+04 +1.869531698e+04 +1.869531698e+04 -2.0267e+00 +3.6099e+00 +3.7548e+00 +3.4239e-01 +7.2385e+00
33 +1.313359560e+04 +1.313359560e+04 +1.407143560e+04 +1.407143560e+04 -1.2090e+00 +1.0335e+00 +6.4510e+00 +9.4951e-01 +8.7472e+00
59 +6.722566113e+03 +6.722566113e+03 +7.660406113e+03 +7.660406113e+03 -8.9213e-01 +6.0435e+00 +9.2070e+00 +1.3460e+00 +6.6612e+00
85 +1.596800979e+03 +1.596800979e+03 +2.534640979e+03 +2.534640979e+03 +1.0781e+00 +6.6230e-01 +8.2511e+00 +2.4287e+00 +5.5117e+00
216 +1.120227872e+03 +1.120227872e+03 +2.058067872e+03 +2.058067872e+03 +1.3654e+00 -9.7977e-01 +7.3549e+00 +3.5855e+00 +7.4624e+00
220 +7.623478810e+02 +7.623478810e+02 +1.700187881e+03 +1.700187881e+03 +1.5131e+00 -8.2936e-01 +7.3926e+00 +3.0901e+00 +6.0231e+00
229 +1.864253083e+02 +1.864253083e+02 +1.124265308e+03 +1.124265308e+03 +1.1060e+00 -7.7197e-01 +7.5534e+00 +3.0288e+00 +7.0894e+00
274 +1.482402555e+02 +1.482402555e+02 +1.086080256e+03 +1.086080256e+03 +1.3651e+00 -2.3250e+00 +7.8058e+00 +3.1851e+00 +7.5714e+00
876 +9.628813872e+01 +9.628813872e+01 +1.034128139e+03 +1.034128139e+03 +5.6074e-01 -3.0464e+00 +4.0688e+00 +1.7298e+00 +5.5427e+00
931 +5.073861744e+01 +5.073861744e+01 +9.885786174e+02 +9.885786174e+02 -4.8212e-01 -1.1235e-01 +4.0412e+00 +4.4857e-01 +4.6153e+00
962 +2.547652866e+01 +2.547652866e+01 +9.633165287e+02 +9.633165287e+02 -8.6765e-01 +1.6737e+00 +3.7604e+00 -4.4909e-01 +2.9526e+00
975 +2.145856070e+01 +2.145856070e+01 +9.592985607e+02 +9.592985607e+02 -3.4414e-01 +1.5710e+00 +4.1881e+00 -3.4370e-02 +2.5008e+00
1042 +1.529922548e+01 +1.529922548e+01 +9.531392255e+02 +9.531392255e+02 -9.1667e-01 +2.2282e+00 +3.6723e+00 -7.9300e-01 +2.1165e+00
1069 +9.269232950e+00 +9.269232950e+00 +9.471092329e+02 +9.471092329e+02 -1.4476e+00 +3.6904e+00 +3.3573e+00 -1.6434e+00 +1.1320e+00
1132 +5.932390699e+00 +5.932390699e+00 +9.437723907e+02 +9.437723907e+02 -1.2699e+00 +3.6311e+00 +3.2599e+00 -1.5332e+00 +7.9449e-01
1147 +1.947157628e+00 +1.947157628e+00 +9.397871576e+02 +9.397871576e+02 -8.0126e-01 +3.9427e+00 +3.5999e+00 -1.3161e+00 -1.4353e-01
1170 +1.478961028e+00 +1.478961028e+00 +9.393189610e+02 +9.393189610e+02 -6.5845e-01 +4.3769e+00 +3.8518e+00 -1.2317e+00 -4.9937e-01
1262 +7.343001977e-01 +7.343001977e-01 +9.385743002e+02 +9.385743002e+02 -1.7835e-01 +4.3738e+00 +3.9788e+00 -1.0013e+00 -1.3938e+00
1275 +5.466282296e-01 +5.466282296e-01 +9.383866282e+02 +9.383866282e+02 -2.5315e-01 +3.7751e+00 +3.8752e+00 -9.1277e-01 -7.4651e-01
1428 +3.961991318e-01 +3.961991318e-01 +9.382361991e+02 +9.382361991e+02 -1.3563e-01 +3.8956e+00 +3.7942e+00 -8.7773e-01 -1.1327e+00
1580 +2.476660441e-01 +2.476660441e-01 +9.380876660e+02 +9.380876660e+02 -2.3827e-01 +3.7722e+00 +3.6754e+00 -1.0729e+00 -1.1942e+00
1656 +1.500797054e-01 +1.500797054e-01 +9.379900797e+02 +9.379900797e+02 -3.0171e-01 +3.7530e+00 +3.6680e+00 -1.2937e+00 -1.4113e+00
1700 +9.322841792e-02 +9.322841792e-02 +9.379332284e+02 +9.379332284e+02 -1.9437e-01 +3.6066e+00 +3.7892e+00 -1.1835e+00 -1.3733e+00
1757 +4.865547287e-02 +4.865547287e-02 +9.378886555e+02 +9.378886555e+02 -2.9881e-01 +3.7086e+00 +3.8185e+00 -1.2994e+00 -1.3234e+00
1790 +2.813817762e-02 +2.813817762e-02 +9.378681382e+02 +9.378681382e+02 -2.1404e-01 +3.5279e+00 +3.9384e+00 -1.2443e+00 -1.3039e+00
1799 +1.817345950e-02 +1.817345950e-02 +9.378581735e+02 +9.378581735e+02 -2.8657e-01 +3.5419e+00 +3.8696e+00 -1.3607e+00 -1.3534e+00
1809 +9.358684531e-03 +9.358684531e-03 +9.378493587e+02 +9.378493587e+02 -2.8222e-01 +3.5874e+00 +3.9409e+00 -1.3665e+00 -1.3625e+00
1868 +4.741164564e-03 +4.741164564e-03 +9.378447412e+02 +9.378447412e+02 -3.1182e-01 +3.5358e+00 +3.9600e+00 -1.3988e+00 -1.2978e+00
1880 +3.901740117e-03 +3.901740117e-03 +9.378439017e+02 +9.378439017e+02 -2.9698e-01 +3.5330e+00 +3.9673e+00 -1.3812e+00 -1.3028e+00
1922 +1.869725230e-03 +1.869725230e-03 +9.378418697e+02 +9.378418697e+02 -2.8887e-01 +3.5589e+00 +3.9833e+00 -1.3507e+00 -1.2752e+00
1931 +1.011879117e-03 +1.011879117e-03 +9.378410119e+02 +9.378410119e+02 -2.9964e-01 +3.5513e+00 +3.9673e+00 -1.3783e+00 -1.2995e+00
1948 +6.615780917e-04 +6.615780917e-04 +9.378406616e+02 +9.378406616e+02 -3.0813e-01 +3.5703e+00 +3.9666e+00 -1.3839e+00 -1.2959e+00
1962 +4.930893341e-04 +4.930893341e-04 +9.378404931e+02 +9.378404931e+02 -3.0485e-01 +3.5679e+00 +3.9861e+00 -1.3848e+00 -1.2949e+00
1978 +3.238569141e-04 +3.238569141e-04 +9.378403239e+02 +9.378403239e+02 -3.0470e-01 +3.5778e+00 +3.9768e+00 -1.3858e+00 -1.3077e+00
2021 +1.664262539e-04 +1.664262539e-04 +9.378401664e+02 +9.378401664e+02 -2.9720e-01 +3.5676e+00 +3.9824e+00 -1.3745e+00 -1.2999e+00
2028 +6.612252002e-05 +6.612252002e-05 +9.378400661e+02 +9.378400661e+02 -2.9827e-01 +3.5758e+00 +3.9731e+00 -1.3722e+00 -1.3021e+00
2036 +5.782682308e-05 +5.782682308e-05 +9.378400578e+02 +9.378400578e+02 -2.9503e-01 +3.5808e+00 +3.9754e+00 -1.3690e+00 -1.3071e+00
2090 +2.851929003e-05 +2.851929003e-05 +9.378400285e+02 +9.378400285e+02 -2.9487e-01 +3.5744e+00 +3.9782e+00 -1.3711e+00 -1.3065e+00
2103 +6.642483982e-06 +6.642483982e-06 +9.378400066e+02 +9.378400066e+02 -2.9670e-01 +3.5763e+00 +3.9799e+00 -1.3735e+00 -1.3056e+00
2129 +5.777808042e-06 +5.777808042e-06 +9.378400058e+02 +9.378400058e+02 -2.9671e-01 +3.5774e+00 +3.9778e+00 -1.3729e+00 -1.3063e+00
2161 +3.833298024e-06 +3.833298024e-06 +9.378400038e+02 +9.378400038e+02 -2.9676e-01 +3.5768e+00 +3.9787e+00 -1.3728e+00 -1.3050e+00
2167 +2.119750206e-06 +2.119750206e-06 +9.378400021e+02 +9.378400021e+02 -2.9674e-01 +3.5778e+00 +3.9780e+00 -1.3725e+00 -1.3055e+00
2180 +1.075047294e-06 +1.075047294e-06 +9.378400011e+02 +9.378400011e+02 -2.9701e-01 +3.5784e+00 +3.9785e+00 -1.3727e+00 -1.3052e+00
2192 +5.851752576e-07 +5.851752576e-07 +9.378400006e+02 +9.378400006e+02 -2.9650e-01 +3.5783e+00 +3.9792e+00 -1.3722e+00 -1.3053e+00
2255 +3.241380000e-07 +3.241380000e-07 +9.378400003e+02 +9.378400003e+02 -2.9667e-01 +3.5784e+00 +3.9797e+00 -1.3728e+00 -1.3057e+00
2264 +1.895155037e-07 +1.895155037e-07 +9.378400002e+02 +9.378400002e+02 -2.9683e-01 +3.5782e+00 +3.9794e+00 -1.3728e+00 -1.3053e+00
2287 +1.302410055e-07 +1.302410055e-07 +9.378400001e+02 +9.378400001e+02 -2.9694e-01 +3.5785e+00 +3.9794e+00 -1.3729e+00 -1.3054e+00
2297 +7.192750218e-08 +7.192750218e-08 +9.378400001e+02 +9.378400001e+02 -2.9684e-01 +3.5785e+00 +3.9794e+00 -1.3728e+00 -1.3055e+00
2342 +3.380694125e-08 +3.380694125e-08 +9.378400000e+02 +9.378400000e+02 -2.9682e-01 +3.5784e+00 +3.9793e+00 -1.3728e+00 -1.3055e+00
2356 +1.755256562e-08 +1.755256562e-08 +9.378400000e+02 +9.378400000e+02 -2.9684e-01 +3.5785e+00 +3.9792e+00 -1.3728e+00 -1.3055e+00
2379 +1.096066171e-08 +1.096066171e-08 +9.378400000e+02 +9.378400000e+02 -2.9686e-01 +3.5784e+00 +3.9792e+00 -1.3729e+00 -1.3056e+00
2406 +3.172431207e-09 +3.172431207e-09 +9.378400000e+02 +9.378400000e+02 -2.9679e-01 +3.5784e+00 +3.9792e+00 -1.3728e+00 -1.3056e+00
2410 +1.359126145e-09 +1.359126145e-09 +9.378400000e+02 +9.378400000e+02 -2.9679e-01 +3.5784e+00 +3.9792e+00 -1.3728e+00 -1.3056e+00
% function evaluation | noise-free fitness - Fopt (-7.872000000000e+01) | best noise-free fitness - Fopt | measured fitness | best measured fitness | x1 | x2...
1 +4.031825580e+06 +4.031825580e+06 +4.031746860e+06 +4.031746860e+06 +3.0571e+00 +3.6040e+00 +2.5545e+00 +2.0423e+00 +2.2836e+00
4 +3.294201696e+06 +3.294201696e+06 +3.294122976e+06 +3.294122976e+06 +4.5804e-01 +3.5316e+00 +2.7464e+00 +1.0478e+00 +4.9525e+00
5 +5.301288347e+04 +5.301288347e+04 +5.293416347e+04 +5.293416347e+04 +4.0581e+00 +3.5789e+00 +1.6245e+00 -3.8007e-01 +2.8356e+00
14 +2.542425496e+03 +2.542425496e+03 +2.463705496e+03 +2.463705496e+03 +4.7089e+00 +2.9920e+00 +9.5003e-01 +4.3733e-02 +3.4159e-01
56 +2.735426477e+02 +2.735426477e+02 +1.948226477e+02 +1.948226477e+02 -2.4663e-01 +9.7312e-01 +5.8453e+00 +3.9227e+00 -6.0365e+00
202 +1.629192900e+02 +1.629192900e+02 +8.419928999e+01 +8.419928999e+01 -2.5714e+00 +3.5942e+00 +6.3978e+00 +1.9035e+00 -3.4666e-03
238 +1.029794172e+02 +1.029794172e+02 +2.425941718e+01 +2.425941718e+01 -1.4542e+00 +2.6451e+00 +5.4199e+00 +2.1246e+00 -1.3503e+00
305 +9.292920624e+01 +9.292920624e+01 +1.420920624e+01 +1.420920624e+01 -1.7657e+00 +2.0236e+00 +4.9974e+00 +2.2376e+00 -1.8324e+00
800 +6.266738529e+01 +6.266738529e+01 -1.605261471e+01 -1.605261471e+01 -1.1781e+00 +6.0679e-01 +4.0396e+00 +2.3945e+00 -2.6774e+00
954 +3.888921379e+01 +3.888921379e+01 -3.983078621e+01 -3.983078621e+01 +9.9262e-01 -2.8019e+00 +7.0557e-01 +2.7368e+00 -5.7179e+00
1143 +2.476225429e+01 +2.476225429e+01 -5.395774571e+01 -5.395774571e+01 +1.2567e+00 -1.7313e+00 +7.7529e-01 +2.2274e+00 -4.5455e+00
1202 +1.447636595e+01 +1.447636595e+01 -6.424363405e+01 -6.424363405e+01 +1.8625e+00 -1.4009e+00 +2.0814e-01 +1.6122e+00 -3.3441e+00
1260 +9.694882743e+00 +9.694882743e+00 -6.902511726e+01 -6.902511726e+01 +1.9328e+00 -1.6389e+00 +5.2140e-02 +1.4255e+00 -2.7777e+00
1276 +5.750032491e+00 +5.750032491e+00 -7.296996751e+01 -7.296996751e+01 +2.6225e+00 -1.5988e+00 -5.7535e-01 +1.1129e+00 -2.4800e+00
1280 +3.920135787e+00 +3.920135787e+00 -7.479986421e+01 -7.479986421e+01 +2.5824e+00 -1.2402e+00 -6.2674e-01 +8.5596e-01 -1.8773e+00
1294 +1.451035587e+00 +1.451035587e+00 -7.726896441e+01 -7.726896441e+01 +3.0103e+00 -1.4915e+00 -1.1555e+00 +6.4541e-01 -1.6471e+00
1303 +6.843919640e-01 +6.843919640e-01 -7.803560804e+01 -7.803560804e+01 +3.8190e+00 -2.0923e+00 -2.1493e+00 +3.6033e-01 -1.5123e+00
1672 +6.019399851e-01 +6.019399851e-01 -7.811806001e+01 -7.811806001e+01 +3.8616e+00 -1.8349e+00 -1.6236e+00 +5.1182e-01 -1.5842e+00
1741 +2.427947516e-01 +2.427947516e-01 -7.847720525e+01 -7.847720525e+01 +3.6927e+00 -1.5050e+00 -1.6894e+00 +4.2232e-01 -1.5199e+00
1834 +1.446235570e-01 +1.446235570e-01 -7.857537644e+01 -7.857537644e+01 +3.7545e+00 -1.4054e+00 -2.1767e+00 +2.4967e-01 -1.5267e+00
1852 +5.618411103e-02 +5.618411103e-02 -7.866381589e+01 -7.866381589e+01 +3.6176e+00 -1.4335e+00 -1.9512e+00 +3.0715e-01 -1.4533e+00
1868 +3.346493709e-02 +3.346493709e-02 -7.868653506e+01 -7.868653506e+01 +3.3201e+00 -1.3286e+00 -1.9748e+00 +2.8131e-01 -1.4307e+00
1908 +1.406542325e-02 +1.406542325e-02 -7.870593458e+01 -7.870593458e+01 +3.4139e+00 -1.5064e+00 -2.0170e+00 +3.2243e-01 -1.5240e+00
1979 +7.901991269e-03 +7.901991269e-03 -7.871209801e+01 -7.871209801e+01 +3.3351e+00 -1.4076e+00 -2.0195e+00 +3.1288e-01 -1.5415e+00
1986 +3.697935715e-03 +3.697935715e-03 -7.871630206e+01 -7.871630206e+01 +3.4466e+00 -1.3977e+00 -2.0546e+00 +3.0044e-01 -1.5495e+00
2009 +1.915108873e-03 +1.915108873e-03 -7.871808489e+01 -7.871808489e+01 +3.4165e+00 -1.4265e+00 -2.0752e+00 +2.9302e-01 -1.5307e+00
2011 +1.412972571e-03 +1.412972571e-03 -7.871858703e+01 -7.871858703e+01 +3.4376e+00 -1.4007e+00 -2.0617e+00 +2.8241e-01 -1.4962e+00
2026 +1.969283503e-04 +1.969283503e-04 -7.871980307e+01 -7.871980307e+01 +3.4059e+00 -1.4215e+00 -2.0470e+00 +2.9679e-01 -1.5151e+00
2062 +7.164141579e-05 +7.164141579e-05 -7.871992836e+01 -7.871992836e+01 +3.4063e+00 -1.4168e+00 -2.0529e+00 +2.9396e-01 -1.5146e+00
2109 +4.857800955e-05 +4.857800955e-05 -7.871995142e+01 -7.871995142e+01 +3.4089e+00 -1.4269e+00 -2.0579e+00 +2.9306e-01 -1.5119e+00
2175 +3.082233438e-05 +3.082233438e-05 -7.871996918e+01 -7.871996918e+01 +3.4121e+00 -1.4201e+00 -2.0536e+00 +2.9395e-01 -1.5139e+00
2179 +1.260189967e-05 +1.260189967e-05 -7.871998740e+01 -7.871998740e+01 +3.4125e+00 -1.4243e+00 -2.0576e+00 +2.9374e-01 -1.5153e+00
2213 +5.050106523e-06 +5.050106523e-06 -7.871999495e+01 -7.871999495e+01 +3.4098e+00 -1.4213e+00 -2.0571e+00 +2.9326e-01 -1.5147e+00
2229 +2.490796959e-06 +2.490796959e-06 -7.871999751e+01 -7.871999751e+01 +3.4108e+00 -1.4201e+00 -2.0574e+00 +2.9260e-01 -1.5135e+00
2247 +1.402683139e-06 +1.402683139e-06 -7.871999860e+01 -7.871999860e+01 +3.4113e+00 -1.4210e+00 -2.0572e+00 +2.9257e-01 -1.5128e+00
2293 +3.733085236e-07 +3.733085236e-07 -7.871999963e+01 -7.871999963e+01 +3.4113e+00 -1.4215e+00 -2.0581e+00 +2.9266e-01 -1.5138e+00
2330 +5.366379696e-08 +5.366379696e-08 -7.871999995e+01 -7.871999995e+01 +3.4111e+00 -1.4215e+00 -2.0576e+00 +2.9273e-01 -1.5134e+00
2380 +2.908325314e-08 +2.908325314e-08 -7.871999997e+01 -7.871999997e+01 +3.4112e+00 -1.4217e+00 -2.0577e+00 +2.9281e-01 -1.5137e+00
2394 +1.260218596e-08 +1.260218596e-08 -7.871999999e+01 -7.871999999e+01 +3.4111e+00 -1.4217e+00 -2.0576e+00 +2.9281e-01 -1.5136e+00
2422 +6.480206594e-09 +6.480206594e-09 -7.871999999e+01 -7.871999999e+01 +3.4112e+00 -1.4216e+00 -2.0576e+00 +2.9279e-01 -1.5136e+00
% function evaluation | noise-free fitness - Fopt (-7.872000000000e+01) | best noise-free fitness - Fopt | measured fitness | best measured fitness | x1 | x2...
1 +1.358713016e+05 +1.358713016e+05 +1.357925816e+05 +1.357925816e+05 +3.7898e-01 -1.7595e+00 -1.5575e+00 +1.2636e-01 +1.1965e+00
7 +4.411650942e+04 +4.411650942e+04 +4.403778942e+04 +4.403778942e+04 -2.6737e+00 -2.2022e+00 -2.9198e+00 -3.3200e-01 -3.9537e-01
29 +6.744697805e+03 +6.744697805e+03 +6.665977805e+03 +6.665977805e+03 -1.5456e+00 -2.4169e+00 -1.9745e+00 -2.5725e-01 +1.4811e+00
33 +4.870309347e+03 +4.870309347e+03 +4.791589347e+03 +4.791589347e+03 -4.0739e-01 -4.5844e+00 -1.1561e+00 +7.3984e-02 +2.2629e+00
37 +3.859803660e+03 +3.859803660e+03 +3.781083660e+03 +3.781083660e+03 -2.4307e+00 -4.8087e+00 -3.1578e+00 -4.2652e-01 +1.9676e+00
44 +1.759221455e+02 +1.759221455e+02 +9.720214554e+01 +9.720214554e+01 -5.5066e-01 -5.8842e+00 -1.4618e+00 +2.4986e-01 +1.7166e+00
87 +5.805367262e+01 +5.805367262e+01 -2.066632738e+01 -2.066632738e+01 -1.3863e+00 -4.2061e+00 -1.8422e+00 +4.7987e-01 -2.2160e-01
152 +3.575705824e+01 +3.575705824e+01 -4.296294176e+01 -4.296294176e+01 -1.5592e+00 -3.5028e+00 -1.2194e+00 +2.8227e-01 +7.4828e-01
653 +2.509245398e+01 +2.509245398e+01 -5.362754602e+01 -5.362754602e+01 -1.2434e+00 -2.0852e+00 -8.1896e-01 +5.4208e-01 -4.0805e-01
786 +1.576212832e+01 +1.576212832e+01 -6.295787168e+01 -6.295787168e+01 -5.2688e-02 -1.6262e+00 -2.8187e-01 +9.7521e-01 -1.5569e+00
882 +9.784769499e+00 +9.784769499e+00 -6.893523050e+01 -6.893523050e+01 +1.1480e+00 -1.0224e+00 -2.2715e-01 +1.1182e+00 -2.3414e+00
1045 +5.688951245e+00 +5.688951245e+00 -7.303104875e+01 -7.303104875e+01 +1.9095e+00 -7.0665e-01 -9.0409e-01 +8.1888e-01 -2.2866e+00
1070 +3.876666996e+00 +3.876666996e+00 -7.484333300e+01 -7.484333300e+01 +2.1044e+00 -5.9843e-01 -1.2777e+00 +6.6286e-01 -2.2395e+00
1190 +2.424053645e+00 +2.424053645e+00 -7.629594636e+01 -7.629594636e+01 +2.4352e+00 -3.6763e-01 -1.8556e+00 +3.7247e-01 -2.0412e+00
1282 +1.560812760e+00 +1.560812760e+00 -7.715918724e+01 -7.715918724e+01 +2.8946e+00 -4.1174e-01 -2.0854e+00 +3.1773e-01 -2.1091e+00
1339 +7.649696392e-01 +7.649696392e-01 -7.795503036e+01 -7.795503036e+01 +2.8841e+00 -9.3789e-01 -1.8554e+00 +4.0362e-01 -1.8779e+00
1350 +3.674227450e-01 +3.674227450e-01 -7.835257725e+01 -7.835257725e+01 +2.9428e+00 -1.2509e+00 -1.8019e+00 +3.8665e-01 -1.6094e+00
1442 +2.191343975e-01 +2.191343975e-01 -7.850086560e+01 -7.850086560e+01 +3.2441e+00 -1.1134e+00 -2.0017e+00 +3.5604e-01 -1.8080e+00
1452 +1.162332698e-01 +1.162332698e-01 -7.860376673e+01 -7.860376673e+01 +3.2327e+00 -1.2009e+00 -2.0837e+00 +3.0028e-01 -1.6682e+00
1459 +9.343004985e-02 +9.343004985e-02 -7.862656995e+01 -7.862656995e+01 +3.1217e+00 -1.4524e+00 -2.0778e+00 +2.9535e-01 -1.5108e+00
1467 +5.031002676e-02 +5.031002676e-02 -7.866968997e+01 -7.866968997e+01 +3.3811e+00 -1.3245e+00 -2.0814e+00 +3.0185e-01 -1.6155e+00
1517 +3.463464248e-02 +3.463464248e-02 -7.868536536e+01 -7.868536536e+01 +3.3661e+00 -1.4526e+00 -2.0227e+00 +3.4964e-01 -1.6433e+00
1530 +2.188337339e-02 +2.188337339e-02 -7.869811663e+01 -7.869811663e+01 +3.2919e+00 -1.4403e+00 -2.0635e+00 +3.1236e-01 -1.5672e+00
1531 +1.152459716e-02 +1.152459716e-02 -7.870847540e+01 -7.870847540e+01 +3.3619e+00 -1.4603e+00 -2.0666e+00 +3.1412e-01 -1.5704e+00
1554 +8.615719902e-03 +8.615719902e-03 -7.871138428e+01 -7.871138428e+01 +3.3966e+00 -1.4494e+00 -2.0721e+00 +3.0694e-01 -1.5599e+00
1575 +5.783867644e-03 +5.783867644e-03 -7.871421613e+01 -7.871421613e+01 +3.3882e+00 -1.4295e+00 -2.0758e+00 +3.0459e-01 -1.5662e+00
1626 +2.886400723e-03 +2.886400723e-03 -7.871711360e+01 -7.871711360e+01 +3.4117e+00 -1.4646e+00 -2.0852e+00 +2.9056e-01 -1.5136e+00
1632 +2.159200350e-03 +2.159200350e-03 -7.871784080e+01 -7.871784080e+01 +3.4373e+00 -1.4567e+00 -2.0676e+00 +2.9845e-01 -1.5262e+00
1675 +1.581254272e-03 +1.581254272e-03 -7.871841875e+01 -7.871841875e+01 +3.4080e+00 -1.4104e+00 -2.0643e+00 +2.9920e-01 -1.5471e+00
1706 +6.700467336e-04 +6.700467336e-04 -7.871932995e+01 -7.871932995e+01 +3.4051e+00 -1.4394e+00 -2.0669e+00 +2.9686e-01 -1.5274e+00
1749 +4.244640458e-04 +4.244640458e-04 -7.871957554e+01 -7.871957554e+01 +3.4085e+00 -1.4305e+00 -2.0727e+00 +2.9259e-01 -1.5243e+00
1763 +3.956258700e-04 +3.956258700e-04 -7.871960437e+01 -7.871960437e+01 +3.4011e+00 -1.4282e+00 -2.0624e+00 +2.9640e-01 -1.5264e+00
1812 +2.081684169e-04 +2.081684169e-04 -7.871979183e+01 -7.871979183e+01 +3.4092e+00 -1.4238e+00 -2.0648e+00 +2.9451e-01 -1.5256e+00
1815 +1.411610329e-04 +1.411610329e-04 -7.871985884e+01 -7.871985884e+01 +3.4104e+00 -1.4237e+00 -2.0674e+00 +2.9180e-01 -1.5196e+00
1836 +7.926059361e-05 +7.926059361e-05 -7.871992074e+01 -7.871992074e+01 +3.4103e+00 -1.4214e+00 -2.0625e+00 +2.9330e-01 -1.5205e+00
1862 +5.768209557e-05 +5.768209557e-05 -7.871994232e+01 -7.871994232e+01 +3.4143e+00 -1.4212e+00 -2.0615e+00 +2.9299e-01 -1.5187e+00
1889 +2.509679702e-05 +2.509679702e-05 -7.871997490e+01 -7.871997490e+01 +3.4102e+00 -1.4250e+00 -2.0581e+00 +2.9248e-01 -1.5114e+00
1904 +1.202283620e-05 +1.202283620e-05 -7.871998798e+01 -7.871998798e+01 +3.4107e+00 -1.4204e+00 -2.0594e+00 +2.9246e-01 -1.5150e+00
1915 +8.246710948e-06 +8.246710948e-06 -7.871999175e+01 -7.871999175e+01 +3.4122e+00 -1.4223e+00 -2.0590e+00 +2.9205e-01 -1.5124e+00
1919 +4.021980658e-06 +4.021980658e-06 -7.871999598e+01 -7.871999598e+01 +3.4117e+00 -1.4228e+00 -2.0570e+00 +2.9327e-01 -1.5139e+00
1955 +1.410956315e-06 +1.410956315e-06 -7.871999859e+01 -7.871999859e+01 +3.4115e+00 -1.4215e+00 -2.0575e+00 +2.9247e-01 -1.5126e+00
1965 +8.782514556e-07 +8.782514556e-07 -7.871999912e+01 -7.871999912e+01 +3.4116e+00 -1.4216e+00 -2.0584e+00 +2.9249e-01 -1.5134e+00
2017 +3.646563869e-07 +3.646563869e-07 -7.871999964e+01 -7.871999964e+01 +3.4117e+00 -1.4214e+00 -2.0575e+00 +2.9275e-01 -1.5135e+00
2042 +2.098671530e-07 +2.098671530e-07 -7.871999979e+01 -7.871999979e+01 +3.4113e+00 -1.4213e+00 -2.0575e+00 +2.9281e-01 -1.5138e+00
2089 +7.561321524e-08 +7.561321524e-08 -7.871999992e+01 -7.871999992e+01 +3.4111e+00 -1.4217e+00 -2.0576e+00 +2.9285e-01 -1.5137e+00
2108 +4.334552273e-08 +4.334552273e-08 -7.871999996e+01 -7.871999996e+01 +3.4110e+00 -1.4216e+00 -2.0575e+00 +2.9286e-01 -1.5137e+00
2115 +2.764369356e-08 +2.764369356e-08 -7.871999997e+01 -7.871999997e+01 +3.4113e+00 -1.4215e+00 -2.0577e+00 +2.9275e-01 -1.5136e+00
2125 +2.003713462e-08 +2.003713462e-08 -7.871999998e+01 -7.871999998e+01 +3.4112e+00 -1.4216e+00 -2.0577e+00 +2.9277e-01 -1.5136e+00
2133 +1.416000828e-08 +1.416000828e-08 -7.871999999e+01 -7.871999999e+01 +3.4112e+00 -1.4216e+00 -2.0577e+00 +2.9279e-01 -1.5137e+00
2180 +7.816112202e-09 +7.816112202e-09 -7.871999999e+01 -7.871999999e+01 +3.4113e+00 -1.4217e+00 -2.0576e+00 +2.9281e-01 -1.5136e+00
2185 +4.190710001e-09 +4.190710001e-09 -7.872000000e+01 -7.872000000e+01 +3.4112e+00 -1.4216e+00 -2.0576e+00 +2.9282e-01 -1.5136e+00
2186 +3.682146144e-09 +3.682146144e-09 -7.872000000e+01 -7.872000000e+01 +3.4112e+00 -1.4217e+00 -2.0576e+00 +2.9281e-01 -1.5136e+00
% function evaluation | noise-free fitness - Fopt (-7.872000000000e+01) | best noise-free fitness - Fopt | measured fitness | best measured fitness | x1 | x2...
1 +1.998080067e+06 +1.998080067e+06 +1.998001347e+06 +1.998001347e+06 +2.9331e+00 -3.7514e+00 -1.4641e+00 -5.0700e-01 -2.0524e+00
3 +2.623275009e+05 +2.623275009e+05 +2.622487809e+05 +2.622487809e+05 +3.3919e+00 -1.9074e+00 -1.8098e+00 +4.4549e-01 -3.3266e+00
7 +4.511785586e+01 +4.511785586e+01 -3.360214414e+01 -3.360214414e+01 +4.5543e+00 -5.3057e-01 -7.5279e-01 +3.5999e-01 -8.9209e-01
99 +3.093764709e+01 +3.093764709e+01 -4.778235291e+01 -4.778235291e+01 +2.7328e+00 -4.2680e+00 -3.0073e+00 +9.6842e-01 -3.2526e+00
252 +2.079988515e+01 +2.079988515e+01 -5.792011485e+01 -5.792011485e+01 +3.4116e+00 -3.4390e+00 -2.2460e+00 +1.5838e+00 -4.8936e+00
292 +1.239266495e+01 +1.239266495e+01 -6.632733505e+01 -6.632733505e+01 +3.2153e+00 -3.2227e+00 -2.2468e+00 +1.3868e+00 -4.3589e+00
770 +9.927461722e+00 +9.927461722e+00 -6.879253828e+01 -6.879253828e+01 +3.0271e+00 -2.9801e+00 -2.0613e+00 +1.2928e+00 -3.9676e+00
862 +5.927359152e+00 +5.927359152e+00 -7.279264085e+01 -7.279264085e+01 +2.8914e+00 -2.6597e+00 -2.1572e+00 +9.2609e-01 -3.0297e+00
877 +3.916716277e+00 +3.916716277e+00 -7.480328372e+01 -7.480328372e+01 +2.8656e+00 -2.5494e+00 -2.1456e+00 +8.5536e-01 -2.8377e+00
898 +1.204174736e+00 +1.204174736e+00 -7.751582526e+01 -7.751582526e+01 +2.6191e+00 -2.1352e+00 -2.2834e+00 +3.8536e-01 -1.6466e+00
1069 +9.515423597e-01 +9.515423597e-01 -7.776845764e+01 -7.776845764e+01 +2.6044e+00 -1.9596e+00 -2.3495e+00 +2.6933e-01 -1.4262e+00
1132 +6.298756069e-01 +6.298756069e-01 -7.809012439e+01 -7.809012439e+01 +2.7595e+00 -1.8957e+00 -2.3187e+00 +3.1751e-01 -1.5924e+00
1157 +3.946279764e-01 +3.946279764e-01 -7.832537202e+01 -7.832537202e+01 +2.9830e+00 -1.7436e+00 -2.3445e+00 +3.0581e-01 -1.6715e+00
1173 +2.388693968e-01 +2.388693968e-01 -7.848113060e+01 -7.848113060e+01 +3.0750e+00 -1.5558e+00 -2.3377e+00 +2.0235e-01 -1.4276e+00
1214 +6.678874056e-02 +6.678874056e-02 -7.865321126e+01 -7.865321126e+01 +3.3339e+00 -1.3342e+00 -2.2635e+00 +2.2090e-01 -1.5371e+00
1348 +6.256675738e-02 +6.256675738e-02 -7.865743324e+01 -7.865743324e+01 +3.3094e+00 -1.3501e+00 -2.2369e+00 +2.5137e-01 -1.5993e+00
1537 +3.979392347e-02 +3.979392347e-02 -7.868020608e+01 -7.868020608e+01 +3.3259e+00 -1.3972e+00 -2.2099e+00 +2.6977e-01 -1.6075e+00
1581 +2.154189118e-02 +2.154189118e-02 -7.869845811e+01 -7.869845811e+01 +3.3769e+00 -1.3710e+00 -2.1575e+00 +2.7043e-01 -1.5701e+00
1596 +1.300396933e-02 +1.300396933e-02 -7.870699603e+01 -7.870699603e+01 +3.4342e+00 -1.3719e+00 -2.1136e+00 +2.7982e-01 -1.5569e+00
1610 +6.118445641e-03 +6.118445641e-03 -7.871388155e+01 -7.871388155e+01 +3.4144e+00 -1.4066e+00 -2.1000e+00 +2.9699e-01 -1.5800e+00
1619 +8.685814557e-04 +8.685814557e-04 -7.871913142e+01 -7.871913142e+01 +3.4129e+00 -1.4026e+00 -2.0673e+00 +2.8176e-01 -1.4976e+00
1734 +4.327429656e-04 +4.327429656e-04 -7.871956726e+01 -7.871956726e+01 +3.3951e+00 -1.4101e+00 -2.0627e+00 +2.8908e-01 -1.5118e+00
1786 +3.842095930e-04 +3.842095930e-04 -7.871961579e+01 -7.871961579e+01 +3.4017e+00 -1.4164e+00 -2.0467e+00 +2.9529e-01 -1.5122e+00
1825 +1.282329704e-04 +1.282329704e-04 -7.871987177e+01 -7.871987177e+01 +3.4111e+00 -1.4178e+00 -2.0520e+00 +2.9655e-01 -1.5218e+00
1841 +8.695664137e-05 +8.695664137e-05 -7.871991304e+01 -7.871991304e+01 +3.4064e+00 -1.4159e+00 -2.0589e+00 +2.9126e-01 -1.5126e+00
1869 +5.131705470e-05 +5.131705470e-05 -7.871994868e+01 -7.871994868e+01 +3.4110e+00 -1.4183e+00 -2.0596e+00 +2.9355e-01 -1.5199e+00
1894 +8.496429771e-06 +8.496429771e-06 -7.871999150e+01 -7.871999150e+01 +3.4096e+00 -1.4215e+00 -2.0566e+00 +2.9285e-01 -1.5127e+00
1943 +2.916381163e-06 +2.916381163e-06 -7.871999708e+01 -7.871999708e+01 +3.4116e+00 -1.4227e+00 -2.0576e+00 +2.9318e-01 -1.5143e+00
1980 +1.755612573e-06 +1.755612573e-06 -7.871999824e+01 -7.871999824e+01 +3.4115e+00 -1.4206e+00 -2.0575e+00 +2.9274e-01 -1.5138e+00
1984 +1.544152340e-06 +1.544152340e-06 -7.871999846e+01 -7.871999846e+01 +3.4119e+00 -1.4210e+00 -2.0576e+00 +2.9250e-01 -1.5129e+00
1998 +6.187793673e-07 +6.187793673e-07 -7.871999938e+01 -7.871999938e+01 +3.4109e+00 -1.4217e+00 -2.0571e+00 +2.9307e-01 -1.5139e+00
2031 +2.782937401e-07 +2.782937401e-07 -7.871999972e+01 -7.871999972e+01 +3.4116e+00 -1.4214e+00 -2.0575e+00 +2.9281e-01 -1.5136e+00
2033 +1.835555992e-07 +1.835555992e-07 -7.871999982e+01 -7.871999982e+01 +3.4112e+00 -1.4216e+00 -2.0573e+00 +2.9278e-01 -1.5133e+00
2059 +8.634216897e-08 +8.634216897e-08 -7.871999991e+01 -7.871999991e+01 +3.4110e+00 -1.4215e+00 -2.0578e+00 +2.9277e-01 -1.5137e+00
2101 +4.520690311e-08 +4.520690311e-08 -7.871999995e+01 -7.871999995e+01 +3.4112e+00 -1.4216e+00 -2.0577e+00 +2.9279e-01 -1.5136e+00
2122 +3.356367984e-08 +3.356367984e-08 -7.871999997e+01 -7.871999997e+01 +3.4112e+00 -1.4214e+00 -2.0575e+00 +2.9280e-01 -1.5136e+00
2156 +1.063774846e-08 +1.063774846e-08 -7.871999999e+01 -7.871999999e+01 +3.4113e+00 -1.4217e+00 -2.0576e+00 +2.9281e-01 -1.5136e+00
2179 +7.167400895e-09 +7.167400895e-09 -7.871999999e+01 -7.871999999e+01 +3.4111e+00 -1.4216e+00 -2.0576e+00 +2.9282e-01 -1.5136e+00
2186 +1.588944087e-09 +1.588944087e-09 -7.872000000e+01 -7.872000000e+01 +3.4112e+00 -1.4216e+00 -2.0576e+00 +2.9280e-01 -1.5136e+00
