% function evaluation | noise-free fitness - Fopt (7.627000000000e+01) | best noise-free fitness - Fopt | measured fitness | best measured fitness | x1 | x2...
1 +2.174095217e+06 +2.174095217e+06 +2.174171487e+06 +2.174171487e+06 -3.9941e-02 -1.7727e+00
2 +1.354157160e+05 +1.354157160e+05 +1.354919860e+05 +1.354919860e+05 +8.8405e-01 -3.3259e+00
6 +1.480488412e+03 +1.480488412e+03 +1.556758412e+03 +1.556758412e+03 +2.6703e+00 -4.2497e+00
54 +9.961460177e+01 +9.961460177e+01 +1.758846018e+02 +1.758846018e+02 +1.8327e+00 -4.0170e+00
56 +3.413652235e+01 +3.413652235e+01 +1.104065224e+02 +1.104065224e+02 +1.4810e+00 -3.9207e+00
139 +8.691316246e+00 +8.691316246e+00 +8.496131625e+01 +8.496131625e+01 +1.6607e+00 -3.9735e+00
405 +6.025573840e+00 +6.025573840e+00 +8.229557384e+01 +8.229557384e+01 +1.2673e+00 -3.8480e+00
436 +2.260948828e+00 +2.260948828e+00 +7.853094883e+01 +7.853094883e+01 +5.1940e-01 -3.6119e+00
440 +1.021754883e+00 +1.021754883e+00 +7.729175488e+01 +7.729175488e+01 +8.6074e-03 -3.4497e+00
450 +6.147558895e-01 +6.147558895e-01 +7.688475589e+01 +7.688475589e+01 -2.0308e-01 -3.3826e+00
465 +2.609678659e-01 +2.609678659e-01 +7.653096787e+01 +7.653096787e+01 -4.6501e-01 -3.3002e+00
478 +1.354705440e-01 +1.354705440e-01 +7.640547054e+01 +7.640547054e+01 -1.1445e+00 -3.0849e+00
480 +9.708542753e-02 +9.708542753e-02 +7.636708543e+01 +7.636708543e+01 -7.0541e-01 -3.2239e+00
482 +5.789205033e-02 +5.789205033e-02 +7.632789205e+01 +7.632789205e+01 -1.0478e+00 -3.1160e+00
510 +3.701457015e-02 +3.701457015e-02 +7.630701457e+01 +7.630701457e+01 -1.0295e+00 -3.1218e+00
513 +2.000842837e-03 +2.000842837e-03 +7.627200084e+01 +7.627200084e+01 -9.3480e-01 -3.1516e+00
545 +5.519201306e-04 +5.519201306e-04 +7.627055192e+01 +7.627055192e+01 -9.2454e-01 -3.1548e+00
562 +3.917102439e-04 +3.917102439e-04 +7.627039171e+01 +7.627039171e+01 -9.5711e-01 -3.1445e+00
596 +3.583420695e-05 +3.583420695e-05 +7.627003583e+01 +7.627003583e+01 -9.4320e-01 -3.1489e+00
617 +1.575738412e-05 +1.575738412e-05 +7.627001576e+01 +7.627001576e+01 -9.4057e-01 -3.1497e+00
636 +7.163064978e-06 +7.163064978e-06 +7.627000716e+01 +7.627000716e+01 -9.3725e-01 -3.1508e+00
639 +5.003602880e-06 +5.003602880e-06 +7.627000500e+01 +7.627000500e+01 -9.4050e-01 -3.1497e+00
653 +5.333608613e-07 +5.333608613e-07 +7.627000053e+01 +7.627000053e+01 -9.3771e-01 -3.1506e+00
665 +1.119796735e-07 +1.119796735e-07 +7.627000011e+01 +7.627000011e+01 -9.3830e-01 -3.1504e+00
679 +6.193957347e-09 +6.193957347e-09 +7.627000001e+01 +7.627000001e+01 -9.3836e-01 -3.1504e+00
% function evaluation | noise-free fitness - Fopt (7.627000000000e+01) | best noise-free fitness - Fopt | measured fitness | best measured fitness | x1 | x2...
1 +2.637721148e+07 +2.637721148e+07 +2.637728775e+07 +2.637728775e+07 -3.0706e+00 +2.9797e+00
3 +8.636571145e+06 +8.636571145e+06 +8.636647415e+06 +8.636647415e+06 -5.0727e+00 +1.2820e+00
5 +1.941561270e+06 +1.941561270e+06 +1.941637540e+06 +1.941637540e+06 -1.9459e+00 -1.4603e+00
10 +2.183517362e+02 +2.183517362e+02 +2.946217362e+02 +2.946217362e+02 -3.1320e-01 -3.3327e+00
36 +1.117388521e+01 +1.117388521e+01 +8.744388521e+01 +8.744388521e+01 +2.2973e+00 -4.1743e+00
374 +9.536520541e+00 +9.536520541e+00 +8.580652054e+01 +8.580652054e+01 +2.0841e+00 -4.1065e+00
432 +5.707693608e+00 +5.707693608e+00 +8.197769361e+01 +8.197769361e+01 +1.2125e+00 -3.8309e+00
436 +2.824741911e+00 +2.824741911e+00 +7.909474191e+01 +7.909474191e+01 +3.7394e-01 -3.5665e+00
451 +2.063613786e+00 +2.063613786e+00 +7.833361379e+01 +7.833361379e+01 +4.1522e-01 -3.5783e+00
462 +1.483633037e+00 +1.483633037e+00 +7.775363304e+01 +7.775363304e+01 -1.1790e-01 -3.4089e+00
465 +1.777134355e-01 +1.777134355e-01 +7.644771344e+01 +7.644771344e+01 -5.7820e-01 -3.2646e+00
472 +1.411088459e-01 +1.411088459e-01 +7.641110885e+01 +7.641110885e+01 -6.4075e-01 -3.2444e+00
493 +6.221990535e-02 +6.221990535e-02 +7.633221991e+01 +7.633221991e+01 -1.1103e+00 -3.0959e+00
516 +1.453621506e-02 +1.453621506e-02 +7.628453622e+01 +7.628453622e+01 -8.2490e-01 -3.1863e+00
518 +6.714052645e-03 +6.714052645e-03 +7.627671405e+01 +7.627671405e+01 -9.2252e-01 -3.1553e+00
526 +9.076942503e-04 +9.076942503e-04 +7.627090769e+01 +7.627090769e+01 -9.4427e-01 -3.1486e+00
563 +3.824475522e-04 +3.824475522e-04 +7.627038245e+01 +7.627038245e+01 -9.3226e-01 -3.1524e+00
573 +1.370459188e-04 +1.370459188e-04 +7.627013705e+01 +7.627013705e+01 -9.4276e-01 -3.1490e+00
599 +9.558361087e-05 +9.558361087e-05 +7.627009558e+01 +7.627009558e+01 -9.4743e-01 -3.1475e+00
615 +2.416210097e-05 +2.416210097e-05 +7.627002416e+01 +7.627002416e+01 -9.3535e-01 -3.1514e+00
638 +1.092756027e-05 +1.092756027e-05 +7.627001093e+01 +7.627001093e+01 -9.4145e-01 -3.1494e+00
642 +7.301850971e-06 +7.301850971e-06 +7.627000730e+01 +7.627000730e+01 -9.3884e-01 -3.1503e+00
664 +1.177236243e-06 +1.177236243e-06 +7.627000118e+01 +7.627000118e+01 -9.3915e-01 -3.1502e+00
672 +3.375817812e-07 +3.375817812e-07 +7.627000034e+01 +7.627000034e+01 -9.3888e-01 -3.1502e+00
684 +3.646162838e-08 +3.646162838e-08 +7.627000004e+01 +7.627000004e+01 -9.3843e-01 -3.1504e+00
707 +2.176211922e-08 +2.176211922e-08 +7.627000002e+01 +7.627000002e+01 -9.3829e-01 -3.1504e+00
710 +1.392504601e-08 +1.392504601e-08 +7.627000001e+01 +7.627000001e+01 -9.3832e-01 -3.1504e+00
752 +9.085894703e-09 +9.085894703e-09 +7.627000001e+01 +7.627000001e+01 -9.3846e-01 -3.1504e+00
754 +4.140673582e-09 +4.140673582e-09 +7.627000000e+01 +7.627000000e+01 -9.3840e-01 -3.1504e+00
758 +1.510656489e-09 +1.510656489e-09 +7.627000000e+01 +7.627000000e+01 -9.3839e-01 -3.1504e+00
% function evaluation | noise-free fitness - Fopt (7.627000000000e+01) | best noise-free fitness - Fopt | measured fitness | best measured fitness | x1 | x2...
1 +1.914153686e+06 +1.914153686e+06 +1.914229956e+06 +1.914229956e+06 -2.7854e+00 -1.2187e+00
6 +8.536264060e+05 +8.536264060e+05 +8.537026760e+05 +8.537026760e+05 -3.6498e+00 -3.2847e+00
11 +4.418038481e+03 +4.418038481e+03 +4.494308481e+03 +4.494308481e+03 -2.7386e+00 -2.6577e+00
24 +1.302657017e+03 +1.302657017e+03 +1.378927017e+03 +1.378927017e+03 -4.4429e+00 -2.0776e+00
43 +8.251136787e+02 +8.251136787e+02 +9.013836787e+02 +9.013836787e+02 -1.9547e+00 -2.8007e+00
70 +4.793278393e+02 +4.793278393e+02 +5.555978393e+02 +5.555978393e+02 -4.4043e+00 -2.0770e+00
81 +1.568676775e+01 +1.568676775e+01 +9.195676775e+01 +9.195676775e+01 -4.4104e+00 -2.0505e+00
287 +9.933380895e+00 +9.933380895e+00 +8.620338089e+01 +8.620338089e+01 -3.9907e+00 -2.1849e+00
337 +5.812660349e+00 +5.812660349e+00 +8.208266035e+01 +8.208266035e+01 -3.3093e+00 -2.4006e+00
345 +3.598513341e+00 +3.598513341e+00 +7.986851334e+01 +7.986851334e+01 -2.6623e+00 -2.6050e+00
350 +2.414914513e+00 +2.414914513e+00 +7.868491451e+01 +7.868491451e+01 -2.1577e+00 -2.7655e+00
374 +1.393561412e-01 +1.393561412e-01 +7.640935614e+01 +7.640935614e+01 -1.2777e+00 -3.0432e+00
422 +9.403853079e-02 +9.403853079e-02 +7.636403853e+01 +7.636403853e+01 -6.7363e-01 -3.2343e+00
442 +4.856595825e-02 +4.856595825e-02 +7.631856596e+01 +7.631856596e+01 -7.3005e-01 -3.2163e+00
451 +7.237059885e-03 +7.237059885e-03 +7.627723706e+01 +7.627723706e+01 -8.5854e-01 -3.1757e+00
461 +9.218894982e-04 +9.218894982e-04 +7.627092189e+01 +7.627092189e+01 -9.0895e-01 -3.1597e+00
467 +1.588371399e-04 +1.588371399e-04 +7.627015884e+01 +7.627015884e+01 -9.3692e-01 -3.1509e+00
496 +1.102459761e-04 +1.102459761e-04 +7.627011025e+01 +7.627011025e+01 -9.2850e-01 -3.1535e+00
512 +5.101424223e-05 +5.101424223e-05 +7.627005101e+01 +7.627005101e+01 -9.4484e-01 -3.1484e+00
522 +1.577838745e-05 +1.577838745e-05 +7.627001578e+01 +7.627001578e+01 -9.4007e-01 -3.1499e+00
524 +3.152941616e-06 +3.152941616e-06 +7.627000315e+01 +7.627000315e+01 -9.3680e-01 -3.1509e+00
578 +2.103425174e-06 +2.103425174e-06 +7.627000210e+01 +7.627000210e+01 -9.3945e-01 -3.1501e+00
592 +9.269432155e-08 +9.269432155e-08 +7.627000009e+01 +7.627000009e+01 -9.3859e-01 -3.1503e+00
638 +3.611782518e-08 +3.611782518e-08 +7.627000004e+01 +7.627000004e+01 -9.3831e-01 -3.1504e+00
640 +1.250707271e-08 +1.250707271e-08 +7.627000001e+01 +7.627000001e+01 -9.3838e-01 -3.1504e+00
649 +9.811600421e-09 +9.811600421e-09 +7.627000001e+01 +7.627000001e+01 -9.3834e-01 -3.1504e+00
650 +5.183693474e-10 +5.183693474e-10 +7.627000000e+01 +7.627000000e+01 -9.3842e-01 -3.1504e+00
% function evaluation | noise-free fitness - Fopt (-2.255000000000e+01) | best noise-free fitness - Fopt | measured fitness | best measured fitness | x1 | x2...
1 +1.168321075e+06 +1.168321075e+06 +1.168298525e+06 +1.168298525e+06 +2.8084e+00 -1.3878e+00
8 +2.509578142e+05 +2.509578142e+05 +2.509352642e+05 +2.509352642e+05 +4.2884e+00 -9.2011e-01
14 +1.317327341e+05 +1.317327341e+05 +1.317101841e+05 +1.317101841e+05 +4.0911e+00 -8.2627e-01
16 +8.335794715e+04 +8.335794715e+04 +8.333539715e+04 +8.333539715e+04 +3.8115e+00 -1.9789e+00
18 +5.946347595e+04 +5.946347595e+04 +5.944092595e+04 +5.944092595e+04 +3.9437e+00 -7.2684e-01
28 +2.600162172e+04 +2.600162172e+04 +2.597907172e+04 +2.597907172e+04 +4.0557e+00 -1.3468e+00
30 +1.442972053e+04 +1.442972053e+04 +1.440717053e+04 +1.440717053e+04 +3.8593e+00 -1.6081e+00
34 +7.846449063e+03 +7.846449063e+03 +7.823899063e+03 +7.823899063e+03 +3.7344e+00 -1.1432e+00
38 +2.128780623e+02 +2.128780623e+02 +1.903280623e+02 +1.903280623e+02 +4.0395e+00 -1.7294e+00
52 +2.515907747e+01 +2.515907747e+01 +2.609077465e+00 +2.609077465e+00 +3.9959e+00 -1.6497e+00
80 +2.194166217e+01 +2.194166217e+01 -6.083378278e-01 -6.083378278e-01 +4.0447e+00 -1.7902e+00
417 +1.422246403e+01 +1.422246403e+01 -8.327535969e+00 -8.327535969e+00 +3.7428e+00 -8.9863e-01
430 +7.729673540e+00 +7.729673540e+00 -1.482032646e+01 -1.482032646e+01 +3.4839e+00 -1.3134e-01
445 +4.205377294e+00 +4.205377294e+00 -1.834462271e+01 -1.834462271e+01 +3.1459e+00 +8.6402e-01
455 +2.916371466e+00 +2.916371466e+00 -1.963362853e+01 -1.963362853e+01 +3.0416e+00 +1.1727e+00
464 +1.433417461e+00 +1.433417461e+00 -2.111658254e+01 -2.111658254e+01 +2.9228e+00 +1.5263e+00
470 +7.202332490e-01 +7.202332490e-01 -2.182976675e+01 -2.182976675e+01 +2.4810e+00 +2.8324e+00
474 +1.138920003e-01 +1.138920003e-01 -2.243610800e+01 -2.243610800e+01 +2.4640e+00 +2.8797e+00
486 +4.858182028e-02 +4.858182028e-02 -2.250141818e+01 -2.250141818e+01 +2.6321e+00 +2.3837e+00
536 +2.746418867e-02 +2.746418867e-02 -2.252253581e+01 -2.252253581e+01 +2.5204e+00 +2.7137e+00
545 +1.512939106e-02 +1.512939106e-02 -2.253487061e+01 -2.253487061e+01 +2.5436e+00 +2.6448e+00
550 +3.532156032e-03 +3.532156032e-03 -2.254646784e+01 -2.254646784e+01 +2.5596e+00 +2.5976e+00
555 +2.263663617e-03 +2.263663617e-03 -2.254773634e+01 -2.254773634e+01 +2.5671e+00 +2.5755e+00
559 +1.381570150e-03 +1.381570150e-03 -2.254861843e+01 -2.254861843e+01 +2.5530e+00 +2.6171e+00
567 +9.206189993e-04 +9.206189993e-04 -2.254907938e+01 -2.254907938e+01 +2.5590e+00 +2.5997e+00
594 +4.139249607e-04 +4.139249607e-04 -2.254958608e+01 -2.254958608e+01 +2.5661e+00 +2.5785e+00
596 +2.449577678e-04 +2.449577678e-04 -2.254975504e+01 -2.254975504e+01 +2.5630e+00 +2.5879e+00
603 +3.034827206e-05 +3.034827206e-05 -2.254996965e+01 -2.254996965e+01 +2.5637e+00 +2.5855e+00
610 +9.752731543e-06 +9.752731543e-06 -2.254999025e+01 -2.254999025e+01 +2.5647e+00 +2.5827e+00
641 +1.064121246e-06 +1.064121246e-06 -2.254999894e+01 -2.254999894e+01 +2.5654e+00 +2.5806e+00
658 +3.906693529e-07 +3.906693529e-07 -2.254999961e+01 -2.254999961e+01 +2.5654e+00 +2.5806e+00
681 +5.953441473e-08 +5.953441473e-08 -2.254999994e+01 -2.254999994e+01 +2.5656e+00 +2.5801e+00
703 +1.847329756e-08 +1.847329756e-08 -2.254999998e+01 -2.254999998e+01 +2.5656e+00 +2.5799e+00
709 +6.516643225e-09 +6.516643225e-09 -2.254999999e+01 -2.254999999e+01 +2.5656e+00 +2.5801e+00
% function evaluation | noise-free fitness - Fopt (-2.255000000000e+01) | best noise-free fitness - Fopt | measured fitness | best measured fitness | x1 | x2...
1 +4.791779601e+06 +4.791779601e+06 +4.791757051e+06 +4.791757051e+06 +1.0050e+00 +5.6814e-01
2 +6.493560550e+05 +6.493560550e+05 +6.493335050e+05 +6.493335050e+05 +2.4460e+00 +1.8899e-01
3 +1.921790852e+04 +1.921790852e+04 +1.919535852e+04 +1.919535852e+04 +3.4790e+00 +2.9450e-01
5 +3.494550577e+01 +3.494550577e+01 +1.239550577e+01 +1.239550577e+01 +2.9909e+00 +1.3416e+00
85 +1.410068457e+00 +1.410068457e+00 -2.113993154e+01 -2.113993154e+01 +2.8689e+00 +1.6869e+00
188 +8.496745591e-01 +8.496745591e-01 -2.170032544e+01 -2.170032544e+01 +2.6709e+00 +2.2663e+00
212 +2.260219730e-01 +2.260219730e-01 -2.232397803e+01 -2.232397803e+01 +2.6872e+00 +2.2219e+00
262 +1.519889753e-01 +1.519889753e-01 -2.239801102e+01 -2.239801102e+01 +2.6816e+00 +2.2372e+00
411 +9.936546309e-02 +9.936546309e-02 -2.245063454e+01 -2.245063454e+01 +2.6651e+00 +2.2861e+00
448 +4.922912339e-02 +4.922912339e-02 -2.250077088e+01 -2.250077088e+01 +2.6330e+00 +2.3813e+00
450 +3.279163533e-02 +3.279163533e-02 -2.251720836e+01 -2.251720836e+01 +2.6207e+00 +2.4175e+00
462 +8.641740864e-03 +8.641740864e-03 -2.254135826e+01 -2.254135826e+01 +2.5829e+00 +2.5287e+00
469 +2.053891654e-03 +2.053891654e-03 -2.254794611e+01 -2.254794611e+01 +2.5515e+00 +2.6217e+00
501 +2.443575847e-04 +2.443575847e-04 -2.254975564e+01 -2.254975564e+01 +2.5608e+00 +2.5940e+00
543 +1.428310903e-04 +1.428310903e-04 -2.254985717e+01 -2.254985717e+01 +2.5642e+00 +2.5842e+00
555 +8.679119193e-05 +8.679119193e-05 -2.254991321e+01 -2.254991321e+01 +2.5649e+00 +2.5821e+00
562 +5.106063411e-05 +5.106063411e-05 -2.254994894e+01 -2.254994894e+01 +2.5634e+00 +2.5866e+00
563 +2.912642210e-05 +2.912642210e-05 -2.254997087e+01 -2.254997087e+01 +2.5644e+00 +2.5836e+00
594 +2.811472214e-06 +2.811472214e-06 -2.254999719e+01 -2.254999719e+01 +2.5650e+00 +2.5816e+00
610 +5.648879231e-07 +5.648879231e-07 -2.254999944e+01 -2.254999944e+01 +2.5654e+00 +2.5807e+00
645 +5.023771621e-09 +5.023771621e-09 -2.254999999e+01 -2.254999999e+01 +2.5656e+00 +2.5799e+00
% function evaluation | noise-free fitness - Fopt (-2.255000000000e+01) | best noise-free fitness - Fopt | measured fitness | best measured fitness | x1 | x2...
1 +5.256642808e+05 +5.256642808e+05 +5.256417308e+05 +5.256417308e+05 +1.7800e+00 +2.4572e+00
4 +1.501271225e+05 +1.501271225e+05 +1.501045725e+05 +1.501045725e+05 +1.7597e+00 +3.6797e+00
33 +8.741932141e+02 +8.741932141e+02 +8.516432141e+02 +8.516432141e+02 +3.4099e+00 -1.5692e-03
73 +9.327442258e-01 +9.327442258e-01 -2.161725577e+01 -2.161725577e+01 +2.5519e+00 +2.6236e+00
225 +1.091167144e-01 +1.091167144e-01 -2.244088329e+01 -2.244088329e+01 +2.4793e+00 +2.8353e+00
278 +7.512760933e-02 +7.512760933e-02 -2.247487239e+01 -2.247487239e+01 +2.5226e+00 +2.7078e+00
371 +5.235476997e-02 +5.235476997e-02 -2.249764523e+01 -2.249764523e+01 +2.4959e+00 +2.7859e+00
398 +3.408995716e-02 +3.408995716e-02 -2.251591004e+01 -2.251591004e+01 +2.5094e+00 +2.7461e+00
404 +2.487526954e-02 +2.487526954e-02 -2.252512473e+01 -2.252512473e+01 +2.5155e+00 +2.7277e+00
442 +1.500655813e-02 +1.500655813e-02 -2.253499344e+01 -2.253499344e+01 +2.5268e+00 +2.6948e+00
444 +8.212064094e-03 +8.212064094e-03 -2.254178794e+01 -2.254178794e+01 +2.5372e+00 +2.6638e+00
450 +1.063044595e-03 +1.063044595e-03 -2.254893696e+01 -2.254893696e+01 +2.5584e+00 +2.6012e+00
474 +8.732601544e-04 +8.732601544e-04 -2.254912674e+01 -2.254912674e+01 +2.5588e+00 +2.6000e+00
476 +4.402207743e-04 +4.402207743e-04 -2.254955978e+01 -2.254955978e+01 +2.5675e+00 +2.5744e+00
485 +1.644780450e-04 +1.644780450e-04 -2.254983552e+01 -2.254983552e+01 +2.5691e+00 +2.5696e+00
492 +1.489627550e-04 +1.489627550e-04 -2.254985104e+01 -2.254985104e+01 +2.5618e+00 +2.5911e+00
495 +4.762694234e-05 +4.762694234e-05 -2.254995237e+01 -2.254995237e+01 +2.5661e+00 +2.5786e+00
508 +1.118314110e-05 +1.118314110e-05 -2.254998882e+01 -2.254998882e+01 +2.5663e+00 +2.5781e+00
523 +9.454631286e-06 +9.454631286e-06 -2.254999055e+01 -2.254999055e+01 +2.5653e+00 +2.5809e+00
534 +6.251896501e-06 +6.251896501e-06 -2.254999375e+01 -2.254999375e+01 +2.5661e+00 +2.5785e+00
541 +3.289704111e-06 +3.289704111e-06 -2.254999671e+01 -2.254999671e+01 +2.5662e+00 +2.5783e+00
542 +1.501964128e-06 +1.501964128e-06 -2.254999850e+01 -2.254999850e+01 +2.5657e+00 +2.5796e+00
565 +8.582220374e-07 +8.582220374e-07 -2.254999914e+01 -2.254999914e+01 +2.5659e+00 +2.5791e+00
568 +5.615294789e-07 +5.615294789e-07 -2.254999944e+01 -2.254999944e+01 +2.5656e+00 +2.5800e+00
569 +3.543613936e-07 +3.543613936e-07 -2.254999965e+01 -2.254999965e+01 +2.5657e+00 +2.5797e+00
575 +2.162495676e-07 +2.162495676e-07 -2.254999978e+01 -2.254999978e+01 +2.5657e+00 +2.5797e+00
581 +1.578318560e-07 +1.578318560e-07 -2.254999984e+01 -2.254999984e+01 +2.5655e+00 +2.5804e+00
584 +3.425786232e-08 +3.425786232e-08 -2.254999997e+01 -2.254999997e+01 +2.5657e+00 +2.5798e+00
586 +1.148907458e-08 +1.148907458e-08 -2.254999999e+01 -2.254999999e+01 +2.5656e+00 +2.5801e+00
607 +5.845542717e-09 +5.845542717e-09 -2.254999999e+01 -2.254999999e+01 +2.5656e+00 +2.5800e+00
608 +9.998224471e-10 +9.998224471e-10 -2.255000000e+01 -2.255000000e+01 +2.5656e+00 +2.5800e+00
% function evaluation | noise-free fitness - Fopt (1.366000000000e+01) | best noise-free fitness - Fopt | measured fitness | best measured fitness | x1 | x2...
1 +5.036952825e+06 +5.036952825e+06 +5.036966485e+06 +5.036966485e+06 +1.7663e+00 +2.6114e-01
3 +1.857374379e+06 +1.857374379e+06 +1.857388039e+06 +1.857388039e+06 -2.7967e+00 -6.9129e-01
4 +1.345223020e+05 +1.345223020e+05 +1.345359620e+05 +1.345359620e+05 +1.7707e+00 +3.7195e+00
6 +7.708826574e+04 +7.708826574e+04 +7.710192574e+04 +7.710192574e+04 +3.5882e-01 +2.6478e+00
35 +7.748595348e+03 +7.748595348e+03 +7.762255348e+03 +7.762255348e+03 +2.9394e+00 +6.5810e+00
59 +2.681423948e+01 +2.681423948e+01 +4.047423948e+01 +4.047423948e+01 +2.7604e+00 +6.0971e+00
359 +2.194844528e+01 +2.194844528e+01 +3.560844528e+01 +3.560844528e+01 +2.8227e+00 +6.2068e+00
368 +1.508086081e+01 +1.508086081e+01 +2.874086081e+01 +2.874086081e+01 +1.3599e+00 +3.7806e+00
397 +6.514810746e+00 +6.514810746e+00 +2.017481075e+01 +2.017481075e+01 +1.5895e+00 +4.1539e+00
401 +4.498205259e+00 +4.498205259e+00 +1.815820526e+01 +1.815820526e+01 +1.4933e+00 +3.9952e+00
417 +2.079216438e+00 +2.079216438e+00 +1.573921644e+01 +1.573921644e+01 +7.4666e-01 +2.7524e+00
431 +1.147757204e+00 +1.147757204e+00 +1.480775720e+01 +1.480775720e+01 +2.4562e-01 +1.9203e+00
450 +1.093049473e-01 +1.093049473e-01 +1.376930495e+01 +1.376930495e+01 +5.7110e-01 +2.4635e+00
471 +2.243802436e-02 +2.243802436e-02 +1.368243802e+01 +1.368243802e+01 +4.9510e-01 +2.3367e+00
488 +6.915836912e-03 +6.915836912e-03 +1.366691584e+01 +1.366691584e+01 +3.8661e-01 +2.1566e+00
503 +1.251369993e-03 +1.251369993e-03 +1.366125137e+01 +1.366125137e+01 +4.0989e-01 +2.1952e+00
551 +7.943844343e-05 +7.943844343e-05 +1.366007944e+01 +1.366007944e+01 +4.3155e-01 +2.2312e+00
581 +4.180786258e-05 +4.180786258e-05 +1.366004181e+01 +1.366004181e+01 +4.2501e-01 +2.2203e+00
613 +2.563348658e-05 +2.563348658e-05 +1.366002563e+01 +1.366002563e+01 +4.2826e-01 +2.2258e+00
617 +2.097259338e-05 +2.097259338e-05 +1.366002097e+01 +1.366002097e+01 +4.2777e-01 +2.2249e+00
622 +1.584652955e-05 +1.584652955e-05 +1.366001585e+01 +1.366001585e+01 +4.2900e-01 +2.2270e+00
624 +7.072420104e-06 +7.072420104e-06 +1.366000707e+01 +1.366000707e+01 +4.2797e-01 +2.2253e+00
626 +1.807947925e-07 +1.807947925e-07 +1.366000018e+01 +1.366000018e+01 +4.2728e-01 +2.2241e+00
645 +1.474127735e-07 +1.474127735e-07 +1.366000015e+01 +1.366000015e+01 +4.2719e-01 +2.2240e+00
660 +4.581815460e-08 +4.581815460e-08 +1.366000005e+01 +1.366000005e+01 +4.2710e-01 +2.2238e+00
668 +3.895603662e-08 +3.895603662e-08 +1.366000004e+01 +1.366000004e+01 +4.2710e-01 +2.2238e+00
677 +9.676407231e-09 +9.676407231e-09 +1.366000001e+01 +1.366000001e+01 +4.2720e-01 +2.2240e+00
% function evaluation | noise-free fitness - Fopt (1.366000000000e+01) | best noise-free fitness - Fopt | measured fitness | best measured fitness | x1 | x2...
1 +4.091005811e+06 +4.091005811e+06 +4.091019471e+06 +4.091019471e+06 -2.7956e+00 +7.5058e-01
5 +1.720090950e+06 +1.720090950e+06 +1.720104610e+06 +1.720104610e+06 -3.7578e+00 -2.3643e+00
8 +3.528083943e+05 +3.528083943e+05 +3.528220543e+05 +3.528220543e+05 -1.7108e+00 -8.1051e-02
13 +2.346390406e+05 +2.346390406e+05 +2.346527006e+05 +2.346527006e+05 -2.8956e+00 -2.3570e+00
22 +6.123582836e+04 +6.123582836e+04 +6.124948836e+04 +6.124948836e+04 -9.1819e-01 -4.9171e-01
27 +7.342913872e+00 +7.342913872e+00 +2.100291387e+01 +2.100291387e+01 -9.9798e-01 -1.4543e-01
207 +6.022347561e+00 +6.022347561e+00 +1.968234756e+01 +1.968234756e+01 -8.6479e-01 +7.6026e-02
390 +3.745836606e+00 +3.745836606e+00 +1.740583661e+01 +1.740583661e+01 -5.3447e-01 +6.2535e-01
403 +2.467455465e+00 +2.467455465e+00 +1.612745547e+01 +1.612745547e+01 -3.1306e-01 +9.9355e-01
413 +5.966594594e-01 +5.966594594e-01 +1.425665946e+01 +1.425665946e+01 +2.2978e-01 +1.8946e+00
430 +1.534682171e-01 +1.534682171e-01 +1.381346822e+01 +1.381346822e+01 +5.8820e-01 +2.4921e+00
444 +1.903246663e-02 +1.903246663e-02 +1.367903247e+01 +1.367903247e+01 +4.5393e-01 +2.2687e+00
464 +7.009130299e-03 +7.009130299e-03 +1.366700913e+01 +1.366700913e+01 +3.9634e-01 +2.1728e+00
479 +2.598077817e-03 +2.598077817e-03 +1.366259808e+01 +1.366259808e+01 +4.2832e-01 +2.2258e+00
498 +1.119238271e-03 +1.119238271e-03 +1.366111924e+01 +1.366111924e+01 +4.3961e-01 +2.2446e+00
501 +8.542322637e-04 +8.542322637e-04 +1.366085423e+01 +1.366085423e+01 +4.4140e-01 +2.2476e+00
505 +2.561495805e-04 +2.561495805e-04 +1.366025615e+01 +1.366025615e+01 +4.2600e-01 +2.2220e+00
554 +2.426183781e-04 +2.426183781e-04 +1.366024262e+01 +1.366024262e+01 +4.3531e-01 +2.2375e+00
567 +7.410252823e-05 +7.410252823e-05 +1.366007410e+01 +1.366007410e+01 +4.3151e-01 +2.2312e+00
580 +3.163683370e-05 +3.163683370e-05 +1.366003164e+01 +1.366003164e+01 +4.2611e-01 +2.2222e+00
598 +1.387850366e-05 +1.387850366e-05 +1.366001388e+01 +1.366001388e+01 +4.2899e-01 +2.2270e+00
610 +6.892491314e-06 +6.892491314e-06 +1.366000689e+01 +1.366000689e+01 +4.2808e-01 +2.2255e+00
624 +8.904187467e-07 +8.904187467e-07 +1.366000089e+01 +1.366000089e+01 +4.2717e-01 +2.2239e+00
646 +1.200464794e-07 +1.200464794e-07 +1.366000012e+01 +1.366000012e+01 +4.2735e-01 +2.2243e+00
672 +4.576700263e-08 +4.576700263e-08 +1.366000005e+01 +1.366000005e+01 +4.2712e-01 +2.2239e+00
675 +1.450487019e-08 +1.450487019e-08 +1.366000001e+01 +1.366000001e+01 +4.2717e-01 +2.2239e+00
680 +1.640856340e-09 +1.640856340e-09 +1.366000000e+01 +1.366000000e+01 +4.2722e-01 +2.2240e+00
% function evaluation | noise-free fitness - Fopt (1.366000000000e+01) | best noise-free fitness - Fopt | measured fitness | best measured fitness | x1 | x2...
1 +1.141729234e+07 +1.141729234e+07 +1.141730600e+07 +1.141730600e+07 -3.2214e+00 +2.7685e+00
2 +4.581719903e+06 +4.581719903e+06 +4.581733563e+06 +4.581733563e+06 -1.0761e+00 +3.9201e+00
3 +2.371109991e+06 +2.371109991e+06 +2.371123651e+06 +2.371123651e+06 -2.5787e+00 -4.0518e-02
8 +4.871955999e+05 +4.871955999e+05 +4.872092599e+05 +4.872092599e+05 +5.8197e-01 +1.1694e+00
18 +4.935743846e+04 +4.935743846e+04 +4.937109846e+04 +4.937109846e+04 -1.1055e+00 -7.5386e-01
28 +1.645920392e+03 +1.645920392e+03 +1.659580392e+03 +1.659580392e+03 +1.8961e-01 +1.9026e+00
58 +8.400999576e+02 +8.400999576e+02 +8.537599576e+02 +8.537599576e+02 -7.0035e-01 +4.0516e-01
94 +3.279253464e+02 +3.279253464e+02 +3.415853464e+02 +3.415853464e+02 -2.3069e-02 +1.4391e+00
111 +6.911106470e+01 +6.911106470e+01 +8.277106470e+01 +8.277106470e+01 -2.1665e-01 +1.1384e+00
115 +3.631396407e+01 +3.631396407e+01 +4.997396407e+01 +4.997396407e+01 -2.1993e-01 +1.1597e+00
125 +1.846035241e+01 +1.846035241e+01 +3.212035241e+01 +3.212035241e+01 -1.3666e-01 +1.2792e+00
126 +3.426544562e+00 +3.426544562e+00 +1.708654456e+01 +1.708654456e+01 -1.5764e-01 +1.2490e+00
129 +1.682409266e+00 +1.682409266e+00 +1.534240927e+01 +1.534240927e+01 -1.3855e-01 +1.2825e+00
141 +1.579391680e+00 +1.579391680e+00 +1.523939168e+01 +1.523939168e+01 -1.2291e-01 +1.3085e+00
450 +9.900574984e-01 +9.900574984e-01 +1.465005750e+01 +1.465005750e+01 -8.3414e-02 +1.3751e+00
472 +4.997427250e-01 +4.997427250e-01 +1.415974273e+01 +1.415974273e+01 +3.4985e-02 +1.5719e+00
484 +3.163802096e-01 +3.163802096e-01 +1.397638021e+01 +1.397638021e+01 +1.5914e-01 +1.7780e+00
542 +1.882693026e-01 +1.882693026e-01 +1.384826930e+01 +1.384826930e+01 +2.0962e-01 +1.8624e+00
550 +1.441636876e-01 +1.441636876e-01 +1.380416369e+01 +1.380416369e+01 +2.6008e-01 +1.9466e+00
573 +8.488367208e-02 +8.488367208e-02 +1.374488367e+01 +1.374488367e+01 +2.7848e-01 +1.9769e+00
576 +3.608444150e-02 +3.608444150e-02 +1.369608444e+01 +1.369608444e+01 +3.3541e-01 +2.0715e+00
582 +6.007915929e-03 +6.007915929e-03 +1.366600792e+01 +1.366600792e+01 +4.0853e-01 +2.1931e+00
587 +3.240529743e-03 +3.240529743e-03 +1.366324053e+01 +1.366324053e+01 +4.2788e-01 +2.2250e+00
621 +1.873778706e-03 +1.873778706e-03 +1.366187378e+01 +1.366187378e+01 +4.0886e-01 +2.1936e+00
626 +2.586792188e-04 +2.586792188e-04 +1.366025868e+01 +1.366025868e+01 +4.3458e-01 +2.2362e+00
633 +1.967061168e-04 +1.967061168e-04 +1.366019671e+01 +1.366019671e+01 +4.3404e-01 +2.2354e+00
643 +4.331752166e-05 +4.331752166e-05 +1.366004332e+01 +1.366004332e+01 +4.2495e-01 +2.2202e+00
674 +2.367490662e-05 +2.367490662e-05 +1.366002367e+01 +1.366002367e+01 +4.2693e-01 +2.2235e+00
695 +6.744794936e-06 +6.744794936e-06 +1.366000674e+01 +1.366000674e+01 +4.2628e-01 +2.2225e+00
698 +6.213540066e-06 +6.213540066e-06 +1.366000621e+01 +1.366000621e+01 +4.2821e-01 +2.2257e+00
710 +2.037690695e-06 +2.037690695e-06 +1.366000204e+01 +1.366000204e+01 +4.2774e-01 +2.2249e+00
711 +8.646753500e-07 +8.646753500e-07 +1.366000086e+01 +1.366000086e+01 +4.2754e-01 +2.2246e+00
714 +2.934343613e-07 +2.934343613e-07 +1.366000029e+01 +1.366000029e+01 +4.2737e-01 +2.2243e+00
715 +2.058080497e-07 +2.058080497e-07 +1.366000021e+01 +1.366000021e+01 +4.2731e-01 +2.2242e+00
742 +3.733534371e-09 +3.733534371e-09 +1.366000000e+01 +1.366000000e+01 +4.2718e-01 +2.2240e+00
% function evaluation | noise-free fitness - Fopt (9.378400000000e+02) | best noise-free fitness - Fopt | measured fitness | best measured fitness | x1 | x2...
1 +6.557163456e+04 +6.557163456e+04 +6.650947456e+04 +6.650947456e+04 -3.8726e+00 -1.5837e+00
29 +1.437405098e+04 +1.437405098e+04 +1.531189098e+04 +1.531189098e+04 -8.4277e+00 -9.4599e+00
71 +8.645890018e+02 +8.645890018e+02 +1.802429002e+03 +1.802429002e+03 -8.1517e+00 -8.8528e+00
105 +3.478851374e+02 +3.478851374e+02 +1.285725137e+03 +1.285725137e+03 -9.2565e+00 -1.0562e+01
347 +2.178749201e+02 +2.178749201e+02 +1.155714920e+03 +1.155714920e+03 -7.3470e+00 -7.5321e+00
352 +1.338476478e+02 +1.338476478e+02 +1.071687648e+03 +1.071687648e+03 -5.6421e+00 -4.8403e+00
376 +3.328620805e+01 +3.328620805e+01 +9.711262080e+02 +9.711262080e+02 -3.1762e+00 -9.6638e-01
388 +9.367404881e+00 +9.367404881e+00 +9.472074049e+02 +9.472074049e+02 -1.5717e+00 +1.5718e+00
422 +1.343341841e+00 +1.343341841e+00 +9.391833418e+02 +9.391833418e+02 -8.6401e-01 +2.6834e+00
428 +7.774074827e-01 +7.774074827e-01 +9.386174075e+02 +9.386174075e+02 +1.8700e-01 +4.3407e+00
451 +2.676725177e-01 +2.676725177e-01 +9.381076725e+02 +9.381076725e+02 -1.0564e-01 +3.8791e+00
458 +9.176646671e-02 +9.176646671e-02 +9.379317665e+02 +9.379317665e+02 -1.6332e-01 +3.7885e+00
479 +3.110502656e-02 +3.110502656e-02 +9.378711050e+02 +9.378711050e+02 -2.2373e-01 +3.6934e+00
493 +5.567955697e-03 +5.567955697e-03 +9.378455680e+02 +9.378455680e+02 -3.0388e-01 +3.5674e+00
519 +3.758997703e-03 +3.758997703e-03 +9.378437590e+02 +9.378437590e+02 -2.6351e-01 +3.6309e+00
547 +2.345603409e-03 +2.345603409e-03 +9.378423456e+02 +9.378423456e+02 -2.7452e-01 +3.6136e+00
551 +1.201698815e-03 +1.201698815e-03 +9.378412017e+02 +9.378412017e+02 -2.7785e-01 +3.6082e+00
555 +8.990818351e-04 +8.990818351e-04 +9.378408991e+02 +9.378408991e+02 -2.8436e-01 +3.5980e+00
568 +5.010936809e-04 +5.010936809e-04 +9.378405011e+02 +9.378405011e+02 -2.8730e-01 +3.5934e+00
570 +3.053024271e-04 +3.053024271e-04 +9.378403053e+02 +9.378403053e+02 -2.9812e-01 +3.5764e+00
590 +4.747512867e-05 +4.747512867e-05 +9.378400475e+02 +9.378400475e+02 -2.9718e-01 +3.5778e+00
609 +3.535003918e-05 +3.535003918e-05 +9.378400354e+02 +9.378400354e+02 -2.9963e-01 +3.5739e+00
613 +9.990384797e-06 +9.990384797e-06 +9.378400100e+02 +9.378400100e+02 -2.9809e-01 +3.5764e+00
629 +2.456452762e-06 +2.456452762e-06 +9.378400025e+02 +9.378400025e+02 -2.9673e-01 +3.5785e+00
639 +1.366466108e-06 +1.366466108e-06 +9.378400014e+02 +9.378400014e+02 -2.9632e-01 +3.5792e+00
665 +5.979419484e-07 +5.979419484e-07 +9.378400006e+02 +9.378400006e+02 -2.9706e-01 +3.5780e+00
672 +3.899669991e-07 +3.899669991e-07 +9.378400004e+02 +9.378400004e+02 -2.9662e-01 +3.5787e+00
681 +1.976242174e-07 +1.976242174e-07 +9.378400002e+02 +9.378400002e+02 -2.9658e-01 +3.5787e+00
682 +8.997483292e-08 +8.997483292e-08 +9.378400001e+02 +9.378400001e+02 -2.9671e-01 +3.5785e+00
693 +2.364458851e-09 +2.364458851e-09 +9.378400000e+02 +9.378400000e+02 -2.9680e-01 +3.5784e+00
% function evaluation | noise-free fitness - Fopt (9.378400000000e+02) | best noise-free fitness - Fopt | measured fitness | best measured fitness | x1 | x2...
1 +2.866366639e+07 +2.866366639e+07 +2.866460423e+07 +2.866460423e+07 +2.7883e+00 -1.9768e+00
6 +6.898256301e+06 +6.898256301e+06 +6.899194141e+06 +6.899194141e+06 +1.6303e+00 +1.5505e+00
8 +5.328136295e+06 +5.328136295e+06 +5.329074135e+06 +5.329074135e+06 +5.9291e-01 +5.5349e-01
14 +1.963053196e+06 +1.963053196e+06 +1.963991036e+06 +1.963991036e+06 -5.1052e-01 +8.3387e-01
21 +5.593237764e+05 +5.593237764e+05 +5.602616164e+05 +5.602616164e+05 -8.7303e-01 +4.2043e+00
29 +2.273381276e+05 +2.273381276e+05 +2.282759676e+05 +2.282759676e+05 -1.0319e+00 +1.5324e+00
30 +4.388512125e+04 +4.388512125e+04 +4.482296125e+04 +4.482296125e+04 +6.6902e-01 +5.4893e+00
51 +2.192007329e+02 +2.192007329e+02 +1.157040733e+03 +1.157040733e+03 +7.9635e-01 +5.2751e+00
93 +8.904458464e+01 +8.904458464e+01 +1.026884585e+03 +1.026884585e+03 +5.5434e-01 +4.9375e+00
141 +4.343416222e+00 +4.343416222e+00 +9.421834162e+02 +9.421834162e+02 +7.1186e-01 +5.1706e+00
147 +3.546306128e+00 +3.546306128e+00 +9.413863061e+02 +9.413863061e+02 +7.2392e-01 +5.1885e+00
322 +2.438050225e+00 +2.438050225e+00 +9.402780502e+02 +9.402780502e+02 +6.0179e-01 +4.9947e+00
386 +1.560050262e+00 +1.560050262e+00 +9.394000503e+02 +9.394000503e+02 +3.0075e-01 +4.5200e+00
389 +9.355425596e-01 +9.355425596e-01 +9.387755426e+02 +9.387755426e+02 +8.4396e-02 +4.1807e+00
429 +4.465069420e-01 +4.465069420e-01 +9.382865069e+02 +9.382865069e+02 -2.3792e-01 +3.6700e+00
431 +1.247174138e-01 +1.247174138e-01 +9.379647174e+02 +9.379647174e+02 -1.1116e-01 +3.8710e+00
434 +5.073221080e-02 +5.073221080e-02 +9.378907322e+02 +9.378907322e+02 -2.9583e-01 +3.5804e+00
467 +2.261105896e-02 +2.261105896e-02 +9.378626111e+02 +9.378626111e+02 -2.1429e-01 +3.7085e+00
485 +1.454606318e-02 +1.454606318e-02 +9.378545461e+02 +9.378545461e+02 -2.7423e-01 +3.6138e+00
496 +4.760874219e-04 +4.760874219e-04 +9.378404761e+02 +9.378404761e+02 -2.9401e-01 +3.5828e+00
515 +3.505725806e-04 +3.505725806e-04 +9.378403506e+02 +9.378403506e+02 -2.9809e-01 +3.5764e+00
520 +6.953241507e-05 +6.953241507e-05 +9.378400695e+02 +9.378400695e+02 -2.9343e-01 +3.5837e+00
531 +2.712029834e-05 +2.712029834e-05 +9.378400271e+02 +9.378400271e+02 -2.9398e-01 +3.5828e+00
553 +1.871822019e-05 +1.871822019e-05 +9.378400187e+02 +9.378400187e+02 -2.9881e-01 +3.5752e+00
558 +1.400281440e-05 +1.400281440e-05 +9.378400140e+02 +9.378400140e+02 -2.9847e-01 +3.5758e+00
571 +6.044958582e-06 +6.044958582e-06 +9.378400060e+02 +9.378400060e+02 -2.9784e-01 +3.5768e+00
582 +2.777797476e-06 +2.777797476e-06 +9.378400028e+02 +9.378400028e+02 -2.9732e-01 +3.5776e+00
587 +1.517825012e-06 +1.517825012e-06 +9.378400015e+02 +9.378400015e+02 -2.9689e-01 +3.5783e+00
594 +4.901562534e-08 +4.901562534e-08 +9.378400000e+02 +9.378400000e+02 -2.9676e-01 +3.5785e+00
639 +3.019169981e-08 +3.019169981e-08 +9.378400000e+02 +9.378400000e+02 -2.9686e-01 +3.5783e+00
650 +1.459898158e-08 +1.459898158e-08 +9.378400000e+02 +9.378400000e+02 -2.9675e-01 +3.5785e+00
658 +5.303377293e-09 +5.303377293e-09 +9.378400000e+02 +9.378400000e+02 -2.9679e-01 +3.5784e+00
662 +1.404487193e-09 +1.404487193e-09 +9.378400000e+02 +9.378400000e+02 -2.9680e-01 +3.5784e+00
% function evaluation | noise-free fitness - Fopt (9.378400000000e+02) | best noise-free fitness - Fopt | measured fitness | best measured fitness | x1 | x2...
1 +7.478312302e+06 +7.478312302e+06 +7.479250142e+06 +7.479250142e+06 +2.1077e-01 -8.8506e-01
3 +4.801129788e+06 +4.801129788e+06 +4.802067628e+06 +4.802067628e+06 -2.1670e+00 -3.5306e+00
5 +1.371915424e+05 +1.371915424e+05 +1.381293824e+05 +1.381293824e+05 -3.9270e-01 +2.7569e+00
24 +2.815380118e+04 +2.815380118e+04 +2.909164118e+04 +2.909164118e+04 -2.3688e+00 +6.2655e-01
32 +2.098091295e+04 +2.098091295e+04 +2.191875295e+04 +2.191875295e+04 -2.8716e+00 -2.0056e-01
36 +2.062207442e+03 +2.062207442e+03 +3.000047442e+03 +3.000047442e+03 -2.3551e+00 +2.5407e-01
54 +6.942997795e+02 +6.942997795e+02 +1.632139780e+03 +1.632139780e+03 -2.3447e+00 +3.9498e-01
61 +5.919630556e+02 +5.919630556e+02 +1.529803056e+03 +1.529803056e+03 -2.4721e+00 +1.0341e-01
62 +4.625372296e+01 +4.625372296e+01 +9.840937230e+02 +9.840937230e+02 -2.6386e+00 -1.0406e-01
67 +3.791513855e+01 +3.791513855e+01 +9.757551385e+02 +9.757551385e+02 -2.3726e+00 +2.9739e-01
134 +2.034801416e+01 +2.034801416e+01 +9.581880142e+02 +9.581880142e+02 -2.3191e+00 +3.8515e-01
147 +1.488656330e+01 +1.488656330e+01 +9.527265633e+02 +9.527265633e+02 -2.3581e+00 +3.2858e-01
456 +9.152836039e+00 +9.152836039e+00 +9.469928360e+02 +9.469928360e+02 -1.9082e+00 +1.0363e+00
470 +4.080525116e+00 +4.080525116e+00 +9.419205251e+02 +9.419205251e+02 -1.3426e+00 +1.9301e+00
477 +7.947350884e-01 +7.947350884e-01 +9.386347351e+02 +9.386347351e+02 -3.6472e-01 +3.4730e+00
488 +5.819596277e-01 +5.819596277e-01 +9.384219596e+02 +9.384219596e+02 -7.7524e-02 +3.9254e+00
524 +1.405951492e-01 +1.405951492e-01 +9.379805951e+02 +9.379805951e+02 -2.7712e-01 +3.6101e+00
529 +6.036968496e-02 +6.036968496e-02 +9.379003697e+02 +9.379003697e+02 -2.2692e-01 +3.6889e+00
566 +6.022354934e-03 +6.022354934e-03 +9.378460224e+02 +9.378460224e+02 -2.5345e-01 +3.6467e+00
567 +3.054632086e-03 +3.054632086e-03 +9.378430546e+02 +9.378430546e+02 -2.9849e-01 +3.5758e+00
604 +8.442138345e-04 +8.442138345e-04 +9.378408442e+02 +9.378408442e+02 -3.1168e-01 +3.5550e+00
612 +2.071094211e-04 +2.071094211e-04 +9.378402071e+02 +9.378402071e+02 -3.0436e-01 +3.5665e+00
619 +1.196381601e-04 +1.196381601e-04 +9.378401196e+02 +9.378401196e+02 -2.9424e-01 +3.5825e+00
620 +2.923934653e-05 +2.923934653e-05 +9.378400292e+02 +9.378400292e+02 -2.9950e-01 +3.5742e+00
661 +4.277803782e-07 +4.277803782e-07 +9.378400004e+02 +9.378400004e+02 -2.9645e-01 +3.5789e+00
663 +2.750516614e-08 +2.750516614e-08 +9.378400000e+02 +9.378400000e+02 -2.9672e-01 +3.5785e+00
747 +9.982159099e-09 +9.982159099e-09 +9.378400000e+02 +9.378400000e+02 -2.9680e-01 +3.5784e+00
% function evaluation | noise-free fitness - Fopt (-7.872000000000e+01) | best noise-free fitness - Fopt | measured fitness | best measured fitness | x1 | x2...
1 +5.096774667e+05 +5.096774667e+05 +5.095987467e+05 +5.095987467e+05 +3.5371e-02 -2.9068e+00
2 +1.171994923e+05 +1.171994923e+05 +1.171207723e+05 +1.171207723e+05 +3.3703e+00 -1.0347e+00
29 +3.980667535e+04 +3.980667535e+04 +3.972795535e+04 +3.972795535e+04 +1.0657e+01 +3.5117e+00
35 +1.092501782e+04 +1.092501782e+04 +1.084629782e+04 +1.084629782e+04 +9.1670e+00 +2.8065e+00
48 +3.729342799e+03 +3.729342799e+03 +3.650622799e+03 +3.650622799e+03 +1.0467e+01 +3.6903e+00
77 +2.271290684e+03 +2.271290684e+03 +2.192570684e+03 +2.192570684e+03 +9.3805e+00 +2.7848e+00
80 +1.350455850e+02 +1.350455850e+02 +5.632558498e+01 +5.632558498e+01 +9.1991e+00 +2.6980e+00
129 +5.729046506e+01 +5.729046506e+01 -2.142953494e+01 -2.142953494e+01 +9.1437e+00 +2.6724e+00
371 +3.523339964e+01 +3.523339964e+01 -4.348660036e+01 -4.348660036e+01 +8.2166e+00 +2.0086e+00
382 +2.361492340e+01 +2.361492340e+01 -5.510507660e+01 -5.510507660e+01 +7.3515e+00 +1.3920e+00
400 +9.377187674e+00 +9.377187674e+00 -6.934281233e+01 -6.934281233e+01 +5.6584e+00 +1.8390e-01
404 +5.522701362e+00 +5.522701362e+00 -7.319729864e+01 -7.319729864e+01 +5.1091e+00 -2.1092e-01
414 +3.444637623e-01 +3.444637623e-01 -7.837553624e+01 -7.837553624e+01 +3.7695e+00 -1.1663e+00
425 +1.866796469e-01 +1.866796469e-01 -7.853332035e+01 -7.853332035e+01 +3.5809e+00 -1.3009e+00
460 +3.083672750e-02 +3.083672750e-02 -7.868916327e+01 -7.868916327e+01 +3.5297e+00 -1.3369e+00
499 +1.458766484e-02 +1.458766484e-02 -7.870541234e+01 -7.870541234e+01 +3.5067e+00 -1.3534e+00
518 +3.952299660e-03 +3.952299660e-03 -7.871604770e+01 -7.871604770e+01 +3.4668e+00 -1.3819e+00
537 +1.046162653e-03 +1.046162653e-03 -7.871895384e+01 -7.871895384e+01 +3.4171e+00 -1.4174e+00
548 +5.555733150e-04 +5.555733150e-04 -7.871944443e+01 -7.871944443e+01 +3.4139e+00 -1.4197e+00
569 +3.317367354e-04 +3.317367354e-04 -7.871966826e+01 -7.871966826e+01 +3.4107e+00 -1.4220e+00
573 +2.339730031e-05 +2.339730031e-05 -7.871997660e+01 -7.871997660e+01 +3.4100e+00 -1.4224e+00
607 +1.233364819e-05 +1.233364819e-05 -7.871998767e+01 -7.871998767e+01 +3.4128e+00 -1.4204e+00
613 +1.127934524e-06 +1.127934524e-06 -7.871999887e+01 -7.871999887e+01 +3.4106e+00 -1.4220e+00
644 +7.535407320e-07 +7.535407320e-07 -7.871999925e+01 -7.871999925e+01 +3.4110e+00 -1.4217e+00
652 +4.740783908e-07 +4.740783908e-07 -7.871999953e+01 -7.871999953e+01 +3.4117e+00 -1.4212e+00
659 +7.094102727e-08 +7.094102727e-08 -7.871999993e+01 -7.871999993e+01 +3.4114e+00 -1.4215e+00
693 +2.127146104e-08 +2.127146104e-08 -7.871999998e+01 -7.871999998e+01 +3.4112e+00 -1.4216e+00
706 +8.486793490e-09 +8.486793490e-09 -7.871999999e+01 -7.871999999e+01 +3.4111e+00 -1.4216e+00
% function evaluation | noise-free fitness - Fopt (-7.872000000000e+01) | best noise-free fitness - Fopt | measured fitness | best measured fitness | x1 | x2...
1 +1.220641736e+07 +1.220641736e+07 +1.220633864e+07 +1.220633864e+07 -3.3342e+00 -1.8523e+00
2 +8.572638481e+06 +8.572638481e+06 +8.572559761e+06 +8.572559761e+06 -8.2203e-02 -2.7458e-01
4 +1.197805990e+06 +1.197805990e+06 +1.197727270e+06 +1.197727270e+06 -5.0658e+00 -6.1824e+00
10 +6.519296478e+05 +6.519296478e+05 +6.518509278e+05 +6.518509278e+05 -6.3367e+00 -7.2967e+00
11 +1.249804025e+05 +1.249804025e+05 +1.249016825e+05 +1.249016825e+05 -1.1077e+00 -5.0696e+00
25 +8.782451179e+03 +8.782451179e+03 +8.703731179e+03 +8.703731179e+03 -7.4267e-01 -4.2757e+00
33 +1.952217404e+03 +1.952217404e+03 +1.873497404e+03 +1.873497404e+03 -1.1358e+00 -4.7175e+00
51 +5.025930803e+02 +5.025930803e+02 +4.238730803e+02 +4.238730803e+02 -5.4166e-01 -4.2703e+00
148 +3.288773144e+02 +3.288773144e+02 +2.501573144e+02 +2.501573144e+02 -3.1621e+00 -6.0927e+00
170 +1.672553210e+02 +1.672553210e+02 +8.853532102e+01 +8.853532102e+01 -6.0487e+00 -8.1707e+00
209 +1.539727759e+02 +1.539727759e+02 +7.525277587e+01 +7.525277587e+01 -4.8896e+00 -7.3546e+00
234 +9.847860878e+01 +9.847860878e+01 +1.975860878e+01 +1.975860878e+01 -4.4206e+00 -7.0108e+00
309 +5.930363397e+01 +5.930363397e+01 -1.941636603e+01 -1.941636603e+01 -2.8088e+00 -5.8586e+00
363 +3.755399583e+01 +3.755399583e+01 -4.116600417e+01 -4.116600417e+01 -1.8858e+00 -5.2026e+00
377 +1.344534130e+01 +1.344534130e+01 -6.527465870e+01 -6.527465870e+01 +4.5937e-01 -3.5293e+00
387 +8.798041635e+00 +8.798041635e+00 -6.992195837e+01 -6.992195837e+01 +1.4454e+00 -2.8225e+00
393 +9.410865557e-01 +9.410865557e-01 -7.777891344e+01 -7.777891344e+01 +3.5564e+00 -1.3192e+00
464 +5.382855383e-03 +5.382855383e-03 -7.871461714e+01 -7.871461714e+01 +3.4195e+00 -1.4157e+00
471 +1.988184978e-03 +1.988184978e-03 -7.871801182e+01 -7.871801182e+01 +3.4157e+00 -1.4184e+00
516 +1.318588694e-03 +1.318588694e-03 -7.871868141e+01 -7.871868141e+01 +3.3833e+00 -1.4415e+00
533 +7.187379626e-05 +7.187379626e-05 -7.871992813e+01 -7.871992813e+01 +3.4070e+00 -1.4246e+00
548 +2.381175780e-05 +2.381175780e-05 -7.871997619e+01 -7.871997619e+01 +3.4076e+00 -1.4242e+00
578 +6.986577858e-06 +6.986577858e-06 -7.871999301e+01 -7.871999301e+01 +3.4127e+00 -1.4205e+00
593 +3.388331976e-06 +3.388331976e-06 -7.871999661e+01 -7.871999661e+01 +3.4127e+00 -1.4205e+00
599 +4.542500420e-07 +4.542500420e-07 -7.871999955e+01 -7.871999955e+01 +3.4116e+00 -1.4213e+00
605 +1.136969274e-07 +1.136969274e-07 -7.871999989e+01 -7.871999989e+01 +3.4114e+00 -1.4215e+00
643 +3.892412792e-08 +3.892412792e-08 -7.871999996e+01 -7.871999996e+01 +3.4113e+00 -1.4215e+00
656 +1.401991767e-08 +1.401991767e-08 -7.871999999e+01 -7.871999999e+01 +3.4113e+00 -1.4215e+00
680 +1.255656912e-09 +1.255656912e-09 -7.872000000e+01 -7.872000000e+01 +3.4112e+00 -1.4216e+00
% function evaluation | noise-free fitness - Fopt (-7.872000000000e+01) | best noise-free fitness - Fopt | measured fitness | best measured fitness | x1 | x2...
1 +1.277732879e+06 +1.277732879e+06 +1.277654159e+06 +1.277654159e+06 -5.4539e-01 -2.9318e+00
6 +4.821516332e+03 +4.821516332e+03 +4.742796332e+03 +4.742796332e+03 -1.1343e+00 -4.7599e+00
33 +8.424408958e+02 +8.424408958e+02 +7.637208958e+02 +7.637208958e+02 -9.9635e-01 -4.5348e+00
46 +6.020050081e+02 +6.020050081e+02 +5.232850081e+02 +5.232850081e+02 -2.1871e+00 -5.4469e+00
64 +1.855128744e+02 +1.855128744e+02 +1.067928744e+02 +1.067928744e+02 -2.4262e+00 -5.5739e+00
88 +5.381878775e+01 +5.381878775e+01 -2.490121225e+01 -2.490121225e+01 -2.3798e+00 -5.5588e+00
350 +3.841821051e+01 +3.841821051e+01 -4.030178949e+01 -4.030178949e+01 -1.8181e+00 -5.1525e+00
419 +1.857471264e+01 +1.857471264e+01 -6.014528736e+01 -6.014528736e+01 +3.5128e-02 -3.8329e+00
440 +1.471521820e+01 +1.471521820e+01 -6.400478180e+01 -6.400478180e+01 +8.6943e-01 -3.2389e+00
444 +6.714506196e+00 +6.714506196e+00 -7.200549380e+01 -7.200549380e+01 +1.2327e+00 -2.9767e+00
459 +1.948533489e+00 +1.948533489e+00 -7.677146651e+01 -7.677146651e+01 +4.4072e+00 -7.1019e-01
490 +6.312948563e-01 +6.312948563e-01 -7.808870514e+01 -7.808870514e+01 +3.1871e+00 -1.5825e+00
501 +5.941808246e-01 +5.941808246e-01 -7.812581918e+01 -7.812581918e+01 +3.1491e+00 -1.6095e+00
551 +2.730430825e-01 +2.730430825e-01 -7.844695692e+01 -7.844695692e+01 +2.9757e+00 -1.7324e+00
556 +7.845973786e-02 +7.845973786e-02 -7.864154026e+01 -7.864154026e+01 +3.6302e+00 -1.2654e+00
570 +8.746088064e-03 +8.746088064e-03 -7.871125391e+01 -7.871125391e+01 +3.3542e+00 -1.4622e+00
588 +3.271612569e-03 +3.271612569e-03 -7.871672839e+01 -7.871672839e+01 +3.4210e+00 -1.4145e+00
602 +7.883728932e-05 +7.883728932e-05 -7.871992116e+01 -7.871992116e+01 +3.4044e+00 -1.4264e+00
658 +6.744381807e-06 +6.744381807e-06 -7.871999326e+01 -7.871999326e+01 +3.4108e+00 -1.4219e+00
692 +3.426173777e-06 +3.426173777e-06 -7.871999657e+01 -7.871999657e+01 +3.4122e+00 -1.4209e+00
702 +1.828951582e-06 +1.828951582e-06 -7.871999817e+01 -7.871999817e+01 +3.4103e+00 -1.4223e+00
711 +5.304480055e-08 +5.304480055e-08 -7.871999995e+01 -7.871999995e+01 +3.4113e+00 -1.4215e+00
713 +1.329652832e-09 +1.329652832e-09 -7.872000000e+01 -7.872000000e+01 +3.4112e+00 -1.4216e+00
