% function evaluation | noise-free fitness - Fopt (7.627000000000e+01) | best noise-free fitness - Fopt | measured fitness | best measured fitness | x1 | x2...
1 +1.860852201e+07 +1.860852201e+07 +1.860859828e+07 +1.860859828e+07 +1.6688e+00 +6.9282e-01 +3.5021e-01
7 +1.349635465e+07 +1.349635465e+07 +1.349643092e+07 +1.349643092e+07 +3.7498e+00 +1.0116e+00 -1.6751e+00
8 +3.251136825e+06 +3.251136825e+06 +3.251213095e+06 +3.251213095e+06 -1.7567e+00 -9.7455e-01 -1.3264e+00
13 +8.100816424e+05 +8.100816424e+05 +8.101579124e+05 +8.101579124e+05 -6.6787e-01 -1.0694e+00 -2.7874e+00
24 +4.415739643e+05 +4.415739643e+05 +4.416502343e+05 +4.416502343e+05 -7.8487e-01 -1.7947e+00 -2.0201e+00
27 +3.593218774e+05 +3.593218774e+05 +3.593981474e+05 +3.593981474e+05 -9.7551e-01 -2.1368e+00 -3.8340e+00
30 +1.888092799e+05 +1.888092799e+05 +1.888855499e+05 +1.888855499e+05 -2.9138e+00 -1.5991e+00 -2.5211e+00
33 +6.659686427e+04 +6.659686427e+04 +6.667313427e+04 +6.667313427e+04 +4.3813e-01 +5.0062e-01 -6.6377e+00
38 +4.049212236e+03 +4.049212236e+03 +4.125482236e+03 +4.125482236e+03 -8.4831e-01 -1.2579e+00 -4.0527e+00
79 +4.853177327e+02 +4.853177327e+02 +5.615877327e+02 +5.615877327e+02 +1.8661e+00 -9.3288e-01 -5.1832e+00
148 +2.452428025e+02 +2.452428025e+02 +3.215128025e+02 +3.215128025e+02 +1.0678e+00 -1.5870e+00 -4.0263e+00
169 +9.705418056e+01 +9.705418056e+01 +1.733241806e+02 +1.733241806e+02 +5.7703e-01 -1.5417e+00 -4.0013e+00
180 +1.552622650e+01 +1.552622650e+01 +9.179622650e+01 +9.179622650e+01 +6.3805e-01 -1.3793e+00 -4.2443e+00
577 +9.811729326e+00 +9.811729326e+00 +8.608172933e+01 +8.608172933e+01 +6.0527e-01 -1.7483e+00 -3.6702e+00
618 +6.046942856e+00 +6.046942856e+00 +8.231694286e+01 +8.231694286e+01 +3.2608e-01 -2.0495e+00 -3.1576e+00
642 +9.987916836e-01 +9.987916836e-01 +7.726879168e+01 +7.726879168e+01 -5.5630e-01 -2.8271e+00 -1.8053e+00
652 +5.116566108e-01 +5.116566108e-01 +7.678165661e+01 +7.678165661e+01 -7.3219e-01 -3.3675e+00 -9.4314e-01
683 +3.223825531e-01 +3.223825531e-01 +7.659238255e+01 +7.659238255e+01 -7.6933e-01 -3.2961e+00 -1.0470e+00
698 +1.929878015e-01 +1.929878015e-01 +7.646298780e+01 +7.646298780e+01 -8.8461e-01 -3.3609e+00 -9.2671e-01
706 +5.619383274e-02 +5.619383274e-02 +7.632619383e+01 +7.632619383e+01 -9.3212e-01 -3.2536e+00 -1.0844e+00
775 +3.046914803e-02 +3.046914803e-02 +7.630046915e+01 +7.630046915e+01 -7.6585e-01 -3.1681e+00 -1.2443e+00
808 +1.745709923e-02 +1.745709923e-02 +7.628745710e+01 +7.628745710e+01 -8.2479e-01 -3.1775e+00 -1.2197e+00
837 +1.273184340e-02 +1.273184340e-02 +7.628273184e+01 +7.628273184e+01 -8.3873e-01 -3.1757e+00 -1.2202e+00
846 +9.438682680e-03 +9.438682680e-03 +7.627943868e+01 +7.627943868e+01 -8.9392e-01 -3.1915e+00 -1.1866e+00
884 +6.169493216e-03 +6.169493216e-03 +7.627616949e+01 +7.627616949e+01 -8.6178e-01 -3.1684e+00 -1.2276e+00
950 +3.922324326e-03 +3.922324326e-03 +7.627392232e+01 +7.627392232e+01 -8.7610e-01 -3.1480e+00 -1.2567e+00
967 +1.510883194e-03 +1.510883194e-03 +7.627151088e+01 +7.627151088e+01 -9.0050e-01 -3.1620e+00 -1.2309e+00
983 +2.303809159e-04 +2.303809159e-04 +7.627023038e+01 +7.627023038e+01 -9.4132e-01 -3.1494e+00 -1.2434e+00
1028 +6.117577949e-05 +6.117577949e-05 +7.627006118e+01 +7.627006118e+01 -9.4592e-01 -3.1491e+00 -1.2431e+00
1089 +1.225144685e-05 +1.225144685e-05 +7.627001225e+01 +7.627001225e+01 -9.3963e-01 -3.1486e+00 -1.2449e+00
1112 +1.243289447e-06 +1.243289447e-06 +7.627000124e+01 +7.627000124e+01 -9.3874e-01 -3.1509e+00 -1.2415e+00
1178 +2.002318382e-07 +2.002318382e-07 +7.627000020e+01 +7.627000020e+01 -9.3858e-01 -3.1504e+00 -1.2424e+00
1185 +1.035075030e-07 +1.035075030e-07 +7.627000010e+01 +7.627000010e+01 -9.3843e-01 -3.1503e+00 -1.2426e+00
1199 +4.713442081e-08 +4.713442081e-08 +7.627000005e+01 +7.627000005e+01 -9.3825e-01 -3.1505e+00 -1.2423e+00
1244 +3.317850883e-08 +3.317850883e-08 +7.627000003e+01 +7.627000003e+01 -9.3825e-01 -3.1504e+00 -1.2425e+00
1254 +1.926173354e-08 +1.926173354e-08 +7.627000002e+01 +7.627000002e+01 -9.3827e-01 -3.1504e+00 -1.2424e+00
1263 +1.239772018e-08 +1.239772018e-08 +7.627000001e+01 +7.627000001e+01 -9.3829e-01 -3.1504e+00 -1.2424e+00
1271 +1.207268951e-09 +1.207268951e-09 +7.627000000e+01 +7.627000000e+01 -9.3840e-01 -3.1504e+00 -1.2424e+00
% function evaluation | noise-free fitness - Fopt (7.627000000000e+01) | best noise-free fitness - Fopt | measured fitness | best measured fitness | x1 | x2...
1 +3.149560404e+07 +3.149560404e+07 +3.149568031e+07 +3.149568031e+07 +3.0427e+00 +3.0013e+00 -5.0937e-01
2 +1.785468770e+07 +1.785468770e+07 +1.785476397e+07 +1.785476397e+07 +5.3778e+00 +1.9205e+00 -2.3506e+00
5 +6.320994639e+06 +6.320994639e+06 +6.321070909e+06 +6.321070909e+06 +5.6485e+00 -4.8563e-01 -1.6745e+00
10 +5.828652566e+06 +5.828652566e+06 +5.828728836e+06 +5.828728836e+06 +2.8237e+00 +6.7575e-01 -3.1864e+00
12 +1.172395565e+05 +1.172395565e+05 +1.173158265e+05 +1.173158265e+05 +3.9191e+00 -1.4493e+00 -4.0778e+00
22 +6.810327139e+04 +6.810327139e+04 +6.817954139e+04 +6.817954139e+04 +9.8746e+00 -4.1750e+00 -1.9750e+00
25 +1.852696805e+04 +1.852696805e+04 +1.860323805e+04 +1.860323805e+04 +6.6050e+00 -2.7773e+00 -3.3625e+00
64 +2.665249042e+03 +2.665249042e+03 +2.741519042e+03 +2.741519042e+03 +8.0066e+00 -7.1802e-01 -6.4290e+00
86 +1.568863514e+03 +1.568863514e+03 +1.645133514e+03 +1.645133514e+03 +6.3595e+00 +3.2044e+00 -1.2234e+01
91 +9.127569330e+02 +9.127569330e+02 +9.890269330e+02 +9.890269330e+02 +3.4941e+00 +2.5904e-01 -7.3127e+00
125 +4.159532757e+02 +4.159532757e+02 +4.922232757e+02 +4.922232757e+02 +9.4324e-01 +2.3852e+00 -1.0080e+01
198 +2.762050334e+02 +2.762050334e+02 +3.524750334e+02 +3.524750334e+02 +5.6859e+00 +1.2960e+00 -9.2564e+00
508 +2.139508181e+02 +2.139508181e+02 +2.902208181e+02 +2.902208181e+02 +2.1449e+00 +3.9635e+00 -1.2752e+01
514 +1.311976879e+02 +1.311976879e+02 +2.074676879e+02 +2.074676879e+02 +2.9365e+00 +2.1880e+00 -1.0144e+01
559 +9.921815307e+01 +9.921815307e+01 +1.754881531e+02 +1.754881531e+02 +7.3948e+00 -1.5486e+00 -5.1258e+00
679 +6.061998009e+01 +6.061998009e+01 +1.368899801e+02 +1.368899801e+02 +5.1518e+00 -8.1102e-01 -5.8920e+00
744 +3.871526857e+01 +3.871526857e+01 +1.149852686e+02 +1.149852686e+02 +4.6568e+00 -1.8610e+00 -4.1867e+00
836 +2.450873706e+01 +2.450873706e+01 +1.007787371e+02 +1.007787371e+02 +3.2199e+00 -2.0483e+00 -3.6528e+00
858 +1.326931836e+01 +1.326931836e+01 +8.953931836e+01 +8.953931836e+01 +1.7826e+00 -2.2813e+00 -3.0443e+00
864 +8.392046676e+00 +8.392046676e+00 +8.466204668e+01 +8.466204668e+01 +1.2099e+00 -2.4460e+00 -2.6977e+00
886 +5.619135903e+00 +5.619135903e+00 +8.188913590e+01 +8.188913590e+01 -1.2428e-01 -2.2395e+00 -2.7853e+00
891 +2.803633222e+00 +2.803633222e+00 +7.907363322e+01 +7.907363322e+01 -1.4443e-02 -3.7471e+00 -4.7599e-01
903 +2.082006274e+00 +2.082006274e+00 +7.835200627e+01 +7.835200627e+01 -1.1752e+00 -3.8842e+00 -6.8656e-02
915 +5.369942237e-01 +5.369942237e-01 +7.680699422e+01 +7.680699422e+01 -6.6581e-01 -3.0645e+00 -1.4202e+00
924 +1.857963312e-01 +1.857963312e-01 +7.645579633e+01 +7.645579633e+01 -1.3575e+00 -3.2028e+00 -1.0903e+00
994 +1.278813494e-01 +1.278813494e-01 +7.639788135e+01 +7.639788135e+01 -1.0955e+00 -3.2545e+00 -1.0554e+00
999 +2.702240916e-02 +2.702240916e-02 +7.629702241e+01 +7.629702241e+01 -9.7762e-01 -3.0998e+00 -1.3137e+00
1037 +1.687172207e-02 +1.687172207e-02 +7.628687172e+01 +7.628687172e+01 -1.0405e+00 -3.1100e+00 -1.2874e+00
1040 +7.804716846e-03 +7.804716846e-03 +7.627780472e+01 +7.627780472e+01 -1.0218e+00 -3.1202e+00 -1.2748e+00
1055 +4.472895760e-03 +4.472895760e-03 +7.627447290e+01 +7.627447290e+01 -9.5966e-01 -3.1658e+00 -1.2152e+00
1063 +3.711299657e-03 +3.711299657e-03 +7.627371130e+01 +7.627371130e+01 -9.8952e-01 -3.1492e+00 -1.2355e+00
1076 +1.807054157e-03 +1.807054157e-03 +7.627180705e+01 +7.627180705e+01 -9.1174e-01 -3.1418e+00 -1.2602e+00
1092 +1.479290394e-03 +1.479290394e-03 +7.627147929e+01 +7.627147929e+01 -9.2513e-01 -3.1523e+00 -1.2417e+00
1094 +8.888054237e-04 +8.888054237e-04 +7.627088881e+01 +7.627088881e+01 -9.4150e-01 -3.1426e+00 -1.2539e+00
1102 +1.773898647e-04 +1.773898647e-04 +7.627017739e+01 +7.627017739e+01 -9.4794e-01 -3.1458e+00 -1.2480e+00
1116 +1.152902230e-04 +1.152902230e-04 +7.627011529e+01 +7.627011529e+01 -9.4245e-01 -3.1484e+00 -1.2448e+00
1119 +8.283173210e-05 +8.283173210e-05 +7.627008283e+01 +7.627008283e+01 -9.4581e-01 -3.1483e+00 -1.2444e+00
1123 +1.794143432e-05 +1.794143432e-05 +7.627001794e+01 +7.627001794e+01 -9.3434e-01 -3.1510e+00 -1.2421e+00
1155 +4.971785529e-06 +4.971785529e-06 +7.627000497e+01 +7.627000497e+01 -9.4070e-01 -3.1501e+00 -1.2425e+00
1187 +3.489488861e-06 +3.489488861e-06 +7.627000349e+01 +7.627000349e+01 -9.3866e-01 -3.1514e+00 -1.2408e+00
1193 +4.220270000e-08 +4.220270000e-08 +7.627000004e+01 +7.627000004e+01 -9.3848e-01 -3.1504e+00 -1.2423e+00
1297 +1.680761841e-08 +1.680761841e-08 +7.627000002e+01 +7.627000002e+01 -9.3840e-01 -3.1504e+00 -1.2424e+00
1305 +1.524486493e-08 +1.524486493e-08 +7.627000002e+01 +7.627000002e+01 -9.3834e-01 -3.1504e+00 -1.2424e+00
1334 +9.907751064e-09 +9.907751064e-09 +7.627000001e+01 +7.627000001e+01 -9.3839e-01 -3.1504e+00 -1.2423e+00
% function evaluation | noise-free fitness - Fopt (7.627000000000e+01) | best noise-free fitness - Fopt | measured fitness | best measured fitness | x1 | x2...
1 +1.977921465e+07 +1.977921465e+07 +1.977929092e+07 +1.977929092e+07 -1.7292e+00 +3.5586e+00 -3.2262e+00
8 +4.947760017e+06 +4.947760017e+06 +4.947836287e+06 +4.947836287e+06 -2.4063e-01 +1.7546e+00 -4.7424e+00
9 +2.623499331e+06 +2.623499331e+06 +2.623575601e+06 +2.623575601e+06 +1.1065e+00 +5.8695e-01 -4.6171e+00
17 +1.990611747e+06 +1.990611747e+06 +1.990688017e+06 +1.990688017e+06 +1.3403e+00 +2.5174e-01 -9.4144e+00
19 +3.365138471e+05 +3.365138471e+05 +3.365901171e+05 +3.365901171e+05 -1.3900e+00 +7.1217e-01 -5.9769e+00
23 +1.877881250e+05 +1.877881250e+05 +1.878643950e+05 +1.878643950e+05 -2.4847e+00 -4.7759e-01 -4.3287e+00
28 +4.527266123e+04 +4.527266123e+04 +4.534893123e+04 +4.534893123e+04 -2.0894e+00 +7.7706e-01 -7.5039e+00
30 +5.531191746e+01 +5.531191746e+01 +1.315819175e+02 +1.315819175e+02 -4.3417e+00 +4.8008e-01 -6.2781e+00
908 +2.326755892e+01 +2.326755892e+01 +9.953755892e+01 +9.953755892e+01 -6.7745e-01 -6.6108e-01 -5.1347e+00
949 +5.906426103e+00 +5.906426103e+00 +8.217642610e+01 +8.217642610e+01 +4.4128e-01 -2.1483e+00 -3.0253e+00
953 +3.822418258e+00 +3.822418258e+00 +8.009241826e+01 +8.009241826e+01 +3.9214e-01 -2.7214e+00 -2.1295e+00
985 +2.417423615e+00 +2.417423615e+00 +7.868742361e+01 +7.868742361e+01 -1.5767e+00 -2.4701e+00 -2.1837e+00
1000 +1.388309176e+00 +1.388309176e+00 +7.765830918e+01 +7.765830918e+01 -1.6021e+00 -2.6448e+00 -1.9113e+00
1027 +9.720928164e-01 +9.720928164e-01 +7.724209282e+01 +7.724209282e+01 -1.2191e+00 -2.6074e+00 -2.0337e+00
1034 +3.918442268e-01 +3.918442268e-01 +7.666184423e+01 +7.666184423e+01 -1.3749e+00 -2.8669e+00 -1.6065e+00
1036 +2.434717309e-01 +2.434717309e-01 +7.651347173e+01 +7.651347173e+01 -1.0554e+00 -3.3908e+00 -8.5089e-01
1043 +1.545551930e-01 +1.545551930e-01 +7.642455519e+01 +7.642455519e+01 -6.3796e-01 -3.1590e+00 -1.2796e+00
1076 +6.625032315e-02 +6.625032315e-02 +7.633625032e+01 +7.633625032e+01 -9.3900e-01 -3.0279e+00 -1.4316e+00
1085 +8.773265470e-03 +8.773265470e-03 +7.627877327e+01 +7.627877327e+01 -9.9883e-01 -3.1201e+00 -1.2788e+00
1108 +1.232774083e-03 +1.232774083e-03 +7.627123277e+01 +7.627123277e+01 -9.0871e-01 -3.1443e+00 -1.2569e+00
1136 +2.883982636e-04 +2.883982636e-04 +7.627028840e+01 +7.627028840e+01 -9.3070e-01 -3.1560e+00 -1.2350e+00
1150 +2.227531430e-04 +2.227531430e-04 +7.627022275e+01 +7.627022275e+01 -9.4452e-01 -3.1452e+00 -1.2494e+00
1186 +1.647587169e-05 +1.647587169e-05 +7.627001648e+01 +7.627001648e+01 -9.4152e-01 -3.1499e+00 -1.2426e+00
1217 +9.869905455e-06 +9.869905455e-06 +7.627000987e+01 +7.627000987e+01 -9.3993e-01 -3.1497e+00 -1.2432e+00
1233 +3.315986731e-06 +3.315986731e-06 +7.627000332e+01 +7.627000332e+01 -9.3986e-01 -3.1498e+00 -1.2430e+00
1239 +1.373579792e-06 +1.373579792e-06 +7.627000137e+01 +7.627000137e+01 -9.3857e-01 -3.1503e+00 -1.2425e+00
1254 +7.030842966e-07 +7.030842966e-07 +7.627000070e+01 +7.627000070e+01 -9.3761e-01 -3.1506e+00 -1.2422e+00
1277 +3.821909758e-07 +3.821909758e-07 +7.627000038e+01 +7.627000038e+01 -9.3813e-01 -3.1507e+00 -1.2420e+00
1280 +1.056846060e-07 +1.056846060e-07 +7.627000011e+01 +7.627000011e+01 -9.3821e-01 -3.1505e+00 -1.2422e+00
1307 +3.561704887e-08 +3.561704887e-08 +7.627000004e+01 +7.627000004e+01 -9.3854e-01 -3.1504e+00 -1.2423e+00
1317 +1.312849918e-08 +1.312849918e-08 +7.627000001e+01 +7.627000001e+01 -9.3849e-01 -3.1504e+00 -1.2424e+00
1338 +7.944336744e-09 +7.944336744e-09 +7.627000001e+01 +7.627000001e+01 -9.3843e-01 -3.1504e+00 -1.2425e+00
1339 +2.985743208e-09 +2.985743208e-09 +7.627000000e+01 +7.627000000e+01 -9.3836e-01 -3.1504e+00 -1.2424e+00
% function evaluation | noise-free fitness - Fopt (-2.255000000000e+01) | best noise-free fitness - Fopt | measured fitness | best measured fitness | x1 | x2...
1 +3.761641224e+05 +3.761641224e+05 +3.761415724e+05 +3.761415724e+05 +2.3729e+00 +3.0289e+00 -2.3494e+00
10 +1.511016375e+04 +1.511016375e+04 +1.508761375e+04 +1.508761375e+04 +2.0317e+00 +3.5785e+00 +1.0301e+00
24 +9.911146128e+03 +9.911146128e+03 +9.888596128e+03 +9.888596128e+03 +2.1123e+00 +3.8960e+00 +4.9376e-01
27 +4.819137330e+02 +4.819137330e+02 +4.593637330e+02 +4.593637330e+02 +1.9764e+00 +3.2385e+00 -5.5891e-01
71 +2.846787299e+02 +2.846787299e+02 +2.621287299e+02 +2.621287299e+02 +1.9184e+00 +2.5268e+00 -2.0247e+00
90 +1.046919480e+02 +1.046919480e+02 +8.214194797e+01 +8.214194797e+01 +1.9304e+00 +3.0230e+00 -1.4175e+00
107 +2.166698381e+01 +2.166698381e+01 -8.830161932e-01 -8.830161932e-01 +1.9194e+00 +3.1792e+00 -1.1844e+00
168 +1.472610647e+01 +1.472610647e+01 -7.823893533e+00 -7.823893533e+00 +1.9137e+00 +3.2155e+00 -1.1993e+00
520 +8.234780865e+00 +8.234780865e+00 -1.431521914e+01 -1.431521914e+01 +2.1561e+00 +2.8123e+00 -4.7143e-02
546 +4.607448916e+00 +4.607448916e+00 -1.794255108e+01 -1.794255108e+01 +2.2583e+00 +2.6059e+00 +3.7497e-01
559 +3.100915330e+00 +3.100915330e+00 -1.944908467e+01 -1.944908467e+01 +2.3749e+00 +2.4176e+00 +9.2788e-01
572 +1.180148368e+00 +1.180148368e+00 -2.136985163e+01 -2.136985163e+01 +2.6131e+00 +1.8732e+00 +1.8433e+00
639 +9.870809603e-01 +9.870809603e-01 -2.156291904e+01 -2.156291904e+01 +2.6503e+00 +1.7800e+00 +1.9679e+00
716 +6.131183432e-01 +6.131183432e-01 -2.193688166e+01 -2.193688166e+01 +2.6829e+00 +1.8023e+00 +2.2315e+00
804 +3.701528635e-01 +3.701528635e-01 -2.217984714e+01 -2.217984714e+01 +2.6043e+00 +2.0831e+00 +2.0765e+00
845 +2.391389343e-01 +2.391389343e-01 -2.231086107e+01 -2.231086107e+01 +2.6164e+00 +2.2018e+00 +2.3286e+00
854 +1.514411454e-01 +1.514411454e-01 -2.239855885e+01 -2.239855885e+01 +2.6005e+00 +2.2676e+00 +2.3119e+00
877 +6.369051287e-02 +6.369051287e-02 -2.248630949e+01 -2.248630949e+01 +2.5918e+00 +2.3619e+00 +2.3847e+00
891 +1.160324064e-02 +1.160324064e-02 -2.253839676e+01 -2.253839676e+01 +2.5721e+00 +2.5093e+00 +2.4557e+00
910 +3.015240081e-03 +3.015240081e-03 -2.254698476e+01 -2.254698476e+01 +2.5592e+00 +2.5914e+00 +2.4801e+00
989 +1.317946536e-03 +1.317946536e-03 -2.254868205e+01 -2.254868205e+01 +2.5616e+00 +2.5798e+00 +2.4810e+00
1016 +6.668861602e-04 +6.668861602e-04 -2.254933311e+01 -2.254933311e+01 +2.5644e+00 +2.5745e+00 +2.4932e+00
1024 +2.524416820e-04 +2.524416820e-04 -2.254974756e+01 -2.254974756e+01 +2.5643e+00 +2.5765e+00 +2.4952e+00
1040 +1.260030901e-04 +1.260030901e-04 -2.254987400e+01 -2.254987400e+01 +2.5667e+00 +2.5767e+00 +2.5128e+00
1044 +7.834326837e-05 +7.834326837e-05 -2.254992166e+01 -2.254992166e+01 +2.5672e+00 +2.5717e+00 +2.5088e+00
1045 +6.342720461e-06 +6.342720461e-06 -2.254999366e+01 -2.254999366e+01 +2.5659e+00 +2.5788e+00 +2.5099e+00
1102 +3.071250422e-06 +3.071250422e-06 -2.254999693e+01 -2.254999693e+01 +2.5654e+00 +2.5816e+00 +2.5103e+00
1118 +2.322205916e-06 +2.322205916e-06 -2.254999768e+01 -2.254999768e+01 +2.5653e+00 +2.5810e+00 +2.5087e+00
1139 +1.469802910e-06 +1.469802910e-06 -2.254999853e+01 -2.254999853e+01 +2.5657e+00 +2.5801e+00 +2.5101e+00
1152 +8.747935496e-07 +8.747935496e-07 -2.254999913e+01 -2.254999913e+01 +2.5657e+00 +2.5796e+00 +2.5098e+00
1163 +1.284631423e-08 +1.284631423e-08 -2.254999999e+01 -2.254999999e+01 +2.5656e+00 +2.5800e+00 +2.5097e+00
1183 +7.259473023e-09 +7.259473023e-09 -2.254999999e+01 -2.254999999e+01 +2.5656e+00 +2.5800e+00 +2.5095e+00
% function evaluation | noise-free fitness - Fopt (-2.255000000000e+01) | best noise-free fitness - Fopt | measured fitness | best measured fitness | x1 | x2...
1 +1.166834413e+07 +1.166834413e+07 +1.166832158e+07 +1.166832158e+07 -1.2582e+00 +5.4380e-01 -2.3730e+00
2 +4.173091945e+06 +4.173091945e+06 +4.173069395e+06 +4.173069395e+06 -2.2848e-01 +1.2380e+00 -4.3719e+00
4 +2.195709036e+05 +2.195709036e+05 +2.195483536e+05 +2.195483536e+05 +1.3996e+00 +2.7600e+00 -2.0964e+00
10 +1.156720806e+04 +1.156720806e+04 +1.154465806e+04 +1.154465806e+04 +1.7346e+00 +3.2012e+00 -3.2072e+00
17 +6.263221409e+03 +6.263221409e+03 +6.240671409e+03 +6.240671409e+03 +1.2375e+00 +4.7153e+00 -4.4334e+00
47 +1.136814759e+03 +1.136814759e+03 +1.114264759e+03 +1.114264759e+03 +1.5082e+00 +2.3788e+00 -5.0205e+00
82 +6.202568407e+02 +6.202568407e+02 +5.977068407e+02 +5.977068407e+02 +1.5783e+00 +1.8432e+00 -5.6814e+00
86 +1.939311734e+02 +1.939311734e+02 +1.713811734e+02 +1.713811734e+02 +1.5164e+00 +2.2478e+00 -5.2931e+00
145 +6.894053893e+01 +6.894053893e+01 +4.639053893e+01 +4.639053893e+01 +1.9488e+00 +1.2377e+00 -3.7224e+00
188 +3.691537010e+01 +3.691537010e+01 +1.436537010e+01 +1.436537010e+01 +2.2674e+00 +2.5991e-01 -2.8851e+00
446 +2.395857813e+01 +2.395857813e+01 +1.408578134e+00 +1.408578134e+00 +3.4618e+00 -2.2414e+00 +1.9843e+00
705 +1.428489910e+01 +1.428489910e+01 -8.265100898e+00 -8.265100898e+00 +3.1573e+00 -1.0182e+00 +1.5727e+00
764 +7.732278657e+00 +7.732278657e+00 -1.481772134e+01 -1.481772134e+01 +3.1522e+00 -4.5711e-02 +2.9203e+00
793 +5.647070409e+00 +5.647070409e+00 -1.690292959e+01 -1.690292959e+01 +2.9439e+00 +3.9170e-01 +2.0664e+00
807 +3.267363879e+00 +3.267363879e+00 -1.928263612e+01 -1.928263612e+01 +2.7802e+00 +1.1297e+00 +1.9679e+00
856 +1.269616100e+00 +1.269616100e+00 -2.128038390e+01 -2.128038390e+01 +2.3443e+00 +3.1725e+00 +1.7933e+00
864 +9.576443062e-01 +9.576443062e-01 -2.159235569e+01 -2.159235569e+01 +2.7336e+00 +1.6666e+00 +2.3944e+00
890 +5.664776953e-01 +5.664776953e-01 -2.198352230e+01 -2.198352230e+01 +2.5545e+00 +2.8015e+00 +2.7511e+00
902 +3.407181583e-01 +3.407181583e-01 -2.220928184e+01 -2.220928184e+01 +2.5600e+00 +2.7456e+00 +2.7092e+00
904 +3.348161363e-02 +3.348161363e-02 -2.251651839e+01 -2.251651839e+01 +2.5464e+00 +2.7376e+00 +2.5980e+00
909 +2.177609048e-02 +2.177609048e-02 -2.252822391e+01 -2.252822391e+01 +2.5622e+00 +2.5291e+00 +2.4126e+00
940 +1.178615655e-02 +1.178615655e-02 -2.253821384e+01 -2.253821384e+01 +2.5469e+00 +2.6581e+00 +2.4878e+00
955 +1.396620266e-03 +1.396620266e-03 -2.254860338e+01 -2.254860338e+01 +2.5590e+00 +2.6137e+00 +2.5107e+00
995 +8.879120933e-04 +8.879120933e-04 -2.254911209e+01 -2.254911209e+01 +2.5674e+00 +2.5894e+00 +2.5361e+00
997 +3.007731964e-04 +3.007731964e-04 -2.254969923e+01 -2.254969923e+01 +2.5696e+00 +2.5676e+00 +2.5203e+00
1003 +9.930977929e-05 +9.930977929e-05 -2.254990069e+01 -2.254990069e+01 +2.5634e+00 +2.5896e+00 +2.5079e+00
1052 +9.058057525e-06 +9.058057525e-06 -2.254999094e+01 -2.254999094e+01 +2.5651e+00 +2.5827e+00 +2.5101e+00
1066 +9.166959671e-07 +9.166959671e-07 -2.254999908e+01 -2.254999908e+01 +2.5657e+00 +2.5793e+00 +2.5094e+00
1114 +3.850327452e-07 +3.850327452e-07 -2.254999961e+01 -2.254999961e+01 +2.5657e+00 +2.5796e+00 +2.5100e+00
1130 +1.596845749e-07 +1.596845749e-07 -2.254999984e+01 -2.254999984e+01 +2.5656e+00 +2.5799e+00 +2.5093e+00
1133 +6.613890235e-08 +6.613890235e-08 -2.254999993e+01 -2.254999993e+01 +2.5655e+00 +2.5802e+00 +2.5094e+00
1154 +4.845681190e-09 +4.845681190e-09 -2.255000000e+01 -2.255000000e+01 +2.5656e+00 +2.5801e+00 +2.5096e+00
% function evaluation | noise-free fitness - Fopt (-2.255000000000e+01) | best noise-free fitness - Fopt | measured fitness | best measured fitness | x1 | x2...
1 +3.371703269e+07 +3.371703269e+07 +3.371701014e+07 +3.371701014e+07 -2.8026e+00 -2.5687e+00 +1.9338e+00
2 +2.136357510e+07 +2.136357510e+07 +2.136355255e+07 +2.136355255e+07 -1.4140e+00 -2.7708e+00 +7.1193e-01
13 +5.631917691e+06 +5.631917691e+06 +5.631895141e+06 +5.631895141e+06 +1.0542e+00 -2.8519e+00 +1.9038e+00
18 +2.520512043e+01 +2.520512043e+01 +2.655120427e+00 +2.655120427e+00 +3.0370e+00 -1.3730e+00 +2.0296e-01
203 +2.221359765e+01 +2.221359765e+01 -3.364023502e-01 -3.364023502e-01 +2.2430e+00 +1.2521e+00 -1.6717e+00
676 +1.583871108e+01 +1.583871108e+01 -6.711288918e+00 -6.711288918e+00 +2.1777e+00 +1.8810e+00 -1.2189e+00
707 +7.774929249e+00 +7.774929249e+00 -1.477507075e+01 -1.477507075e+01 +2.2338e+00 +2.3625e+00 -1.3857e-01
710 +2.355557645e+00 +2.355557645e+00 -2.019444236e+01 -2.019444236e+01 +2.3174e+00 +2.8278e+00 +1.1064e+00
745 +1.228790311e+00 +1.228790311e+00 -2.132120969e+01 -2.132120969e+01 +2.4263e+00 +2.9377e+00 +2.0410e+00
783 +3.702281887e-01 +3.702281887e-01 -2.217977181e+01 -2.217977181e+01 +2.4608e+00 +2.9515e+00 +2.2940e+00
887 +2.449079550e-01 +2.449079550e-01 -2.230509204e+01 -2.230509204e+01 +2.4525e+00 +3.0618e+00 +2.3957e+00
945 +1.371653703e-01 +1.371653703e-01 -2.241283463e+01 -2.241283463e+01 +2.4817e+00 +2.9081e+00 +2.3832e+00
965 +8.450664516e-02 +8.450664516e-02 -2.246549335e+01 -2.246549335e+01 +2.5010e+00 +2.8069e+00 +2.3754e+00
994 +6.130763026e-02 +6.130763026e-02 -2.248869237e+01 -2.248869237e+01 +2.5171e+00 +2.6744e+00 +2.3017e+00
998 +2.886040240e-02 +2.886040240e-02 -2.252113960e+01 -2.252113960e+01 +2.5302e+00 +2.7412e+00 +2.4891e+00
1004 +1.692329138e-02 +1.692329138e-02 -2.253307671e+01 -2.253307671e+01 +2.5353e+00 +2.6885e+00 +2.4500e+00
1015 +3.656259282e-03 +3.656259282e-03 -2.254634374e+01 -2.254634374e+01 +2.5665e+00 +2.5707e+00 +2.5023e+00
1043 +7.701418279e-04 +7.701418279e-04 -2.254922986e+01 -2.254922986e+01 +2.5630e+00 +2.5817e+00 +2.4935e+00
1098 +5.822531299e-04 +5.822531299e-04 -2.254941775e+01 -2.254941775e+01 +2.5620e+00 +2.5947e+00 +2.5056e+00
1113 +1.231065027e-04 +1.231065027e-04 -2.254987689e+01 -2.254987689e+01 +2.5633e+00 +2.5863e+00 +2.5022e+00
1142 +7.442629476e-05 +7.442629476e-05 -2.254992557e+01 -2.254992557e+01 +2.5664e+00 +2.5807e+00 +2.5161e+00
1153 +5.625061642e-05 +5.625061642e-05 -2.254994375e+01 -2.254994375e+01 +2.5644e+00 +2.5868e+00 +2.5109e+00
1166 +1.267722606e-05 +1.267722606e-05 -2.254998732e+01 -2.254998732e+01 +2.5663e+00 +2.5772e+00 +2.5107e+00
1188 +9.738838806e-06 +9.738838806e-06 -2.254999026e+01 -2.254999026e+01 +2.5662e+00 +2.5775e+00 +2.5099e+00
1202 +4.989843536e-06 +4.989843536e-06 -2.254999501e+01 -2.254999501e+01 +2.5652e+00 +2.5815e+00 +2.5090e+00
1215 +2.536919318e-06 +2.536919318e-06 -2.254999746e+01 -2.254999746e+01 +2.5658e+00 +2.5791e+00 +2.5100e+00
1216 +6.975605089e-07 +6.975605089e-07 -2.254999930e+01 -2.254999930e+01 +2.5656e+00 +2.5799e+00 +2.5092e+00
1241 +4.529007498e-07 +4.529007498e-07 -2.254999955e+01 -2.254999955e+01 +2.5657e+00 +2.5794e+00 +2.5097e+00
1259 +3.006607905e-07 +3.006607905e-07 -2.254999970e+01 -2.254999970e+01 +2.5656e+00 +2.5798e+00 +2.5096e+00
1270 +5.084483945e-08 +5.084483945e-08 -2.254999995e+01 -2.254999995e+01 +2.5656e+00 +2.5799e+00 +2.5094e+00
1297 +3.140144145e-08 +3.140144145e-08 -2.254999997e+01 -2.254999997e+01 +2.5656e+00 +2.5800e+00 +2.5098e+00
1331 +9.499661502e-09 +9.499661502e-09 -2.254999999e+01 -2.254999999e+01 +2.5656e+00 +2.5799e+00 +2.5096e+00
% function evaluation | noise-free fitness - Fopt (1.366000000000e+01) | best noise-free fitness - Fopt | measured fitness | best measured fitness | x1 | x2...
1 +2.862985032e+05 +2.862985032e+05 +2.863121632e+05 +2.863121632e+05 -2.7911e+00 -2.8776e+00 -8.5255e-01
3 +7.556278382e+04 +7.556278382e+04 +7.557644382e+04 +7.557644382e+04 -4.5400e+00 -5.3327e+00 -6.2482e-01
16 +5.569256194e+03 +5.569256194e+03 +5.582916194e+03 +5.582916194e+03 -5.9039e+00 -8.6923e+00 -3.3269e+00
21 +4.988107662e+02 +4.988107662e+02 +5.124707662e+02 +5.124707662e+02 -4.0349e+00 -5.6707e+00 -1.9000e+00
120 +3.074513504e+02 +3.074513504e+02 +3.211113504e+02 +3.211113504e+02 -5.3769e-01 -3.8084e+00 -2.8854e+00
175 +5.403444915e+01 +5.403444915e+01 +6.769444915e+01 +6.769444915e+01 -3.4558e+00 -2.7741e+00 +6.8208e-01
554 +3.346591201e+01 +3.346591201e+01 +4.712591201e+01 +4.712591201e+01 -3.1683e+00 -1.9488e+00 +1.3129e+00
564 +2.454350225e+01 +2.454350225e+01 +3.820350225e+01 +3.820350225e+01 -1.8082e-01 -8.9645e-01 -9.8540e-02
634 +1.434721566e+01 +1.434721566e+01 +2.800721566e+01 +2.800721566e+01 -2.3314e-02 -4.5173e-01 +2.3083e-01
731 +9.621860249e+00 +9.621860249e+00 +2.328186025e+01 +2.328186025e+01 -3.6434e-01 -1.3090e-01 +8.5551e-01
758 +5.599556403e+00 +5.599556403e+00 +1.925955640e+01 +1.925955640e+01 +3.9040e-01 +5.1311e-01 +8.9415e-01
782 +3.100487750e+00 +3.100487750e+00 +1.676048775e+01 +1.676048775e+01 +8.9181e-01 +1.2404e+00 +1.2349e+00
789 +2.378809609e+00 +2.378809609e+00 +1.603880961e+01 +1.603880961e+01 +8.4309e-01 +1.5190e+00 +1.5684e+00
804 +1.147107153e+00 +1.147107153e+00 +1.480710715e+01 +1.480710715e+01 -5.6817e-03 +1.7762e+00 +2.5534e+00
807 +9.123011911e-01 +9.123011911e-01 +1.457230119e+01 +1.457230119e+01 -3.3074e-01 +1.6994e+00 +2.7476e+00
824 +3.745385738e-01 +3.745385738e-01 +1.403453857e+01 +1.403453857e+01 +1.2565e-01 +2.0511e+00 +2.7335e+00
836 +1.738759010e-01 +1.738759010e-01 +1.383387590e+01 +1.383387590e+01 +3.3943e-01 +2.1942e+00 +2.7034e+00
858 +8.117974037e-02 +8.117974037e-02 +1.374117974e+01 +1.374117974e+01 +1.8730e-01 +2.0995e+00 +2.7316e+00
885 +3.885203116e-02 +3.885203116e-02 +1.369885203e+01 +1.369885203e+01 +3.1715e-01 +2.2247e+00 +2.7537e+00
901 +6.740170810e-03 +6.740170810e-03 +1.366674017e+01 +1.366674017e+01 +4.5026e-01 +2.2380e+00 +2.6554e+00
904 +3.953527206e-03 +3.953527206e-03 +1.366395353e+01 +1.366395353e+01 +4.1311e-01 +2.2510e+00 +2.7003e+00
918 +8.402186232e-04 +8.402186232e-04 +1.366084022e+01 +1.366084022e+01 +4.3391e-01 +2.2408e+00 +2.6719e+00
944 +3.972043585e-04 +3.972043585e-04 +1.366039720e+01 +1.366039720e+01 +4.2187e-01 +2.2168e+00 +2.6570e+00
970 +1.645790699e-04 +1.645790699e-04 +1.366016458e+01 +1.366016458e+01 +4.3090e-01 +2.2313e+00 +2.6645e+00
981 +7.691769245e-05 +7.691769245e-05 +1.366007692e+01 +1.366007692e+01 +4.2737e-01 +2.2219e+00 +2.6576e+00
1005 +1.368348814e-05 +1.368348814e-05 +1.366001368e+01 +1.366001368e+01 +4.2935e-01 +2.2257e+00 +2.6600e+00
1038 +8.976591166e-06 +8.976591166e-06 +1.366000898e+01 +1.366000898e+01 +4.2951e-01 +2.2256e+00 +2.6597e+00
1046 +6.517021962e-07 +6.517021962e-07 +1.366000065e+01 +1.366000065e+01 +4.2716e-01 +2.2244e+00 +2.6605e+00
1111 +1.860828380e-07 +1.860828380e-07 +1.366000019e+01 +1.366000019e+01 +4.2687e-01 +2.2239e+00 +2.6602e+00
1121 +2.156527401e-08 +2.156527401e-08 +1.366000002e+01 +1.366000002e+01 +4.2709e-01 +2.2240e+00 +2.6601e+00
1179 +6.607180580e-09 +6.607180580e-09 +1.366000001e+01 +1.366000001e+01 +4.2722e-01 +2.2240e+00 +2.6599e+00
% function evaluation | noise-free fitness - Fopt (1.366000000000e+01) | best noise-free fitness - Fopt | measured fitness | best measured fitness | x1 | x2...
1 +3.869345034e+06 +3.869345034e+06 +3.869358694e+06 +3.869358694e+06 -1.0355e+00 +2.7279e+00 +1.0896e+00
3 +2.066488041e+05 +2.066488041e+05 +2.066624641e+05 +2.066624641e+05 -1.8283e+00 +2.2933e+00 +3.8471e+00
4 +7.053572693e+04 +7.053572693e+04 +7.054938693e+04 +7.054938693e+04 -3.8397e-01 +3.8690e-01 +9.7419e-01
11 +1.741202807e+04 +1.741202807e+04 +1.742568807e+04 +1.742568807e+04 -1.1711e+00 +5.6088e-01 +2.4742e+00
16 +3.476489465e+03 +3.476489465e+03 +3.490149465e+03 +3.490149465e+03 -2.4482e+00 -2.2199e-02 +2.6348e+00
38 +4.993812381e+02 +4.993812381e+02 +5.130412381e+02 +5.130412381e+02 -2.6336e+00 -2.2722e+00 +5.5706e-01
54 +2.239020289e+02 +2.239020289e+02 +2.375620289e+02 +2.375620289e+02 -2.5059e+00 -1.8549e+00 +8.7411e-01
67 +4.641841157e+01 +4.641841157e+01 +6.007841157e+01 +6.007841157e+01 -1.8333e+00 -5.7576e-01 +1.6166e+00
147 +2.901268583e+01 +2.901268583e+01 +4.267268583e+01 +4.267268583e+01 -2.8284e+00 -1.5049e+00 +1.4871e+00
398 +2.504023427e+01 +2.504023427e+01 +3.870023427e+01 +3.870023427e+01 -2.9715e+00 -1.4088e+00 +1.7119e+00
569 +1.450665658e+01 +1.450665658e+01 +2.816665658e+01 +2.816665658e+01 -2.1409e+00 -5.2744e-01 +1.9372e+00
581 +9.003887807e+00 +9.003887807e+00 +2.266388781e+01 +2.266388781e+01 -1.5699e+00 -1.6809e-03 +2.0075e+00
628 +5.080465369e+00 +5.080465369e+00 +1.874046537e+01 +1.874046537e+01 -8.6804e-01 +6.4728e-01 +2.0958e+00
631 +3.292401024e+00 +3.292401024e+00 +1.695240102e+01 +1.695240102e+01 -6.5574e-01 +8.3212e-01 +2.1127e+00
639 +1.160248248e+00 +1.160248248e+00 +1.482024825e+01 +1.482024825e+01 +2.0226e-01 +1.5872e+00 +2.1823e+00
663 +8.149278041e-01 +8.149278041e-01 +1.447492780e+01 +1.447492780e+01 +1.2046e+00 +2.4391e+00 +2.2301e+00
670 +4.951594457e-01 +4.951594457e-01 +1.415515945e+01 +1.415515945e+01 +6.5542e-01 +1.9245e+00 +2.1535e+00
822 +3.625766315e-01 +3.625766315e-01 +1.402257663e+01 +1.402257663e+01 +6.5815e-01 +1.9997e+00 +2.2295e+00
839 +2.477498673e-01 +2.477498673e-01 +1.390774987e+01 +1.390774987e+01 +7.8547e-01 +2.2073e+00 +2.3408e+00
873 +1.973919623e-02 +1.973919623e-02 +1.367973920e+01 +1.367973920e+01 +5.1752e-01 +2.1913e+00 +2.5495e+00
928 +5.655952611e-03 +5.655952611e-03 +1.366565595e+01 +1.366565595e+01 +4.1688e-01 +2.2646e+00 +2.7114e+00
952 +3.604916773e-04 +3.604916773e-04 +1.366036049e+01 +1.366036049e+01 +4.3824e-01 +2.2328e+00 +2.6599e+00
1036 +6.480706281e-05 +6.480706281e-05 +1.366006481e+01 +1.366006481e+01 +4.2708e-01 +2.2285e+00 +2.6648e+00
1062 +2.487768597e-05 +2.487768597e-05 +1.366002488e+01 +1.366002488e+01 +4.2391e-01 +2.2234e+00 +2.6622e+00
1071 +4.459743421e-06 +4.459743421e-06 +1.366000446e+01 +1.366000446e+01 +4.2640e-01 +2.2245e+00 +2.6612e+00
1108 +3.002389402e-06 +3.002389402e-06 +1.366000300e+01 +1.366000300e+01 +4.2835e-01 +2.2237e+00 +2.6587e+00
1123 +1.548115490e-06 +1.548115490e-06 +1.366000155e+01 +1.366000155e+01 +4.2692e-01 +2.2240e+00 +2.6603e+00
1135 +9.535237240e-07 +9.535237240e-07 +1.366000095e+01 +1.366000095e+01 +4.2797e-01 +2.2246e+00 +2.6600e+00
1136 +6.031992612e-07 +6.031992612e-07 +1.366000060e+01 +1.366000060e+01 +4.2720e-01 +2.2240e+00 +2.6600e+00
1141 +3.681107170e-07 +3.681107170e-07 +1.366000037e+01 +1.366000037e+01 +4.2673e-01 +2.2237e+00 +2.6600e+00
1180 +8.920768835e-08 +8.920768835e-08 +1.366000009e+01 +1.366000009e+01 +4.2706e-01 +2.2238e+00 +2.6599e+00
1214 +6.031546818e-08 +6.031546818e-08 +1.366000006e+01 +1.366000006e+01 +4.2719e-01 +2.2241e+00 +2.6601e+00
1222 +3.127941284e-08 +3.127941284e-08 +1.366000003e+01 +1.366000003e+01 +4.2721e-01 +2.2241e+00 +2.6601e+00
1237 +1.965415741e-08 +1.965415741e-08 +1.366000002e+01 +1.366000002e+01 +4.2724e-01 +2.2241e+00 +2.6601e+00
1253 +1.221436996e-08 +1.221436996e-08 +1.366000001e+01 +1.366000001e+01 +4.2713e-01 +2.2239e+00 +2.6600e+00
1255 +1.575829245e-09 +1.575829245e-09 +1.366000000e+01 +1.366000000e+01 +4.2717e-01 +2.2240e+00 +2.6600e+00
% function evaluation | noise-free fitness - Fopt (1.366000000000e+01) | best noise-free fitness - Fopt | measured fitness | best measured fitness | x1 | x2...
1 +7.029061720e+06 +7.029061720e+06 +7.029075380e+06 +7.029075380e+06 +9.7930e-02 +2.8631e+00 -6.1884e-01
2 +4.605800823e+05 +4.605800823e+05 +4.605937423e+05 +4.605937423e+05 +1.0018e+00 +2.2316e+00 +1.1239e+00
3 +3.431709305e+05 +3.431709305e+05 +3.431845905e+05 +3.431845905e+05 +1.4156e+00 -8.7275e-01 -2.3461e+00
8 +3.640430421e+03 +3.640430421e+03 +3.654090421e+03 +3.654090421e+03 -5.1999e-01 +2.9330e-01 +1.3311e+00
78 +1.106758072e+03 +1.106758072e+03 +1.120418072e+03 +1.120418072e+03 -3.3067e-01 -7.5311e-03 +1.0097e+00
83 +2.905333772e+02 +2.905333772e+02 +3.041933772e+02 +3.041933772e+02 +1.9043e-01 -2.5375e-01 +2.8597e-01
129 +1.586584883e+01 +1.586584883e+01 +2.952584883e+01 +2.952584883e+01 -2.4189e-01 -4.9089e-01 +3.7141e-01
286 +1.557814561e+01 +1.557814561e+01 +2.923814561e+01 +2.923814561e+01 -9.0282e-02 -5.7797e-01 +1.5608e-01
580 +9.439168128e+00 +9.439168128e+00 +2.309916813e+01 +2.309916813e+01 +3.3423e-01 +1.2271e-01 +5.3240e-01
600 +3.707738553e+00 +3.707738553e+00 +1.736773855e+01 +1.736773855e+01 +1.4566e+00 +1.8530e+00 +1.4009e+00
668 +2.363464386e+00 +2.363464386e+00 +1.602346439e+01 +1.602346439e+01 +1.2498e+00 +1.6282e+00 +1.3408e+00
800 +1.574477925e+00 +1.574477925e+00 +1.523447792e+01 +1.523447792e+01 +1.5469e+00 +2.6507e+00 +2.1635e+00
825 +9.850872935e-01 +9.850872935e-01 +1.464508729e+01 +1.464508729e+01 +9.8925e-01 +1.9595e+00 +1.9090e+00
864 +6.143907660e-01 +6.143907660e-01 +1.427439077e+01 +1.427439077e+01 +1.0574e+00 +2.2172e+00 +2.1216e+00
892 +2.897985205e-01 +2.897985205e-01 +1.394979852e+01 +1.394979852e+01 +7.6193e-01 +2.1236e+00 +2.2723e+00
927 +1.276985251e-01 +1.276985251e-01 +1.378769853e+01 +1.378769853e+01 +6.7923e-01 +2.1959e+00 +2.4180e+00
953 +4.232345632e-02 +4.232345632e-02 +1.370232346e+01 +1.370232346e+01 +6.0246e-01 +2.2831e+00 +2.5743e+00
957 +3.969618217e-02 +3.969618217e-02 +1.369969618e+01 +1.369969618e+01 +5.8707e-01 +2.2610e+00 +2.5639e+00
958 +1.951892088e-02 +1.951892088e-02 +1.367951892e+01 +1.367951892e+01 +4.2038e-01 +2.1454e+00 +2.5834e+00
962 +1.226406470e-02 +1.226406470e-02 +1.367226406e+01 +1.367226406e+01 +3.7116e-01 +2.2594e+00 +2.7445e+00
998 +3.436321643e-03 +3.436321643e-03 +1.366343632e+01 +1.366343632e+01 +4.6052e-01 +2.2179e+00 +2.6255e+00
1048 +1.224371821e-03 +1.224371821e-03 +1.366122437e+01 +1.366122437e+01 +4.3485e-01 +2.2168e+00 +2.6460e+00
1062 +9.926811983e-04 +9.926811983e-04 +1.366099268e+01 +1.366099268e+01 +4.4508e-01 +2.2134e+00 +2.6338e+00
1079 +1.549515387e-04 +1.549515387e-04 +1.366015495e+01 +1.366015495e+01 +4.2452e-01 +2.2258e+00 +2.6641e+00
1121 +6.787279097e-05 +6.787279097e-05 +1.366006787e+01 +1.366006787e+01 +4.3264e-01 +2.2258e+00 +2.6573e+00
1150 +9.800398017e-06 +9.800398017e-06 +1.366000980e+01 +1.366000980e+01 +4.2756e-01 +2.2227e+00 +2.6583e+00
1188 +3.168546710e-06 +3.168546710e-06 +1.366000317e+01 +1.366000317e+01 +4.2674e-01 +2.2244e+00 +2.6608e+00
1222 +2.365221535e-06 +2.365221535e-06 +1.366000237e+01 +1.366000237e+01 +4.2798e-01 +2.2251e+00 +2.6605e+00
1228 +6.205980547e-07 +6.205980547e-07 +1.366000062e+01 +1.366000062e+01 +4.2773e-01 +2.2239e+00 +2.6595e+00
1242 +2.332803444e-07 +2.332803444e-07 +1.366000023e+01 +1.366000023e+01 +4.2685e-01 +2.2238e+00 +2.6600e+00
1256 +8.428169984e-08 +8.428169984e-08 +1.366000008e+01 +1.366000008e+01 +4.2724e-01 +2.2242e+00 +2.6601e+00
1276 +5.459412122e-08 +5.459412122e-08 +1.366000005e+01 +1.366000005e+01 +4.2713e-01 +2.2239e+00 +2.6600e+00
1298 +7.687212644e-09 +7.687212644e-09 +1.366000001e+01 +1.366000001e+01 +4.2723e-01 +2.2241e+00 +2.6600e+00
1301 +2.840657487e-09 +2.840657487e-09 +1.366000000e+01 +1.366000000e+01 +4.2722e-01 +2.2240e+00 +2.6600e+00
% function evaluation | noise-free fitness - Fopt (9.378400000000e+02) | best noise-free fitness - Fopt | measured fitness | best measured fitness | x1 | x2...
1 +4.027234767e+06 +4.027234767e+06 +4.028172607e+06 +4.028172607e+06 -2.2081e+00 +3.3010e+00 +2.9180e+00
2 +3.379185103e+06 +3.379185103e+06 +3.380122943e+06 +3.380122943e+06 -1.2169e+00 +4.9220e+00 +2.7877e+00
7 +1.777559772e+06 +1.777559772e+06 +1.778497612e+06 +1.778497612e+06 -1.3437e+00 +1.3350e+00 +2.5752e+00
11 +1.557832328e+06 +1.557832328e+06 +1.558770168e+06 +1.558770168e+06 -2.7752e-01 +1.6445e+00 +1.7506e+00
17 +6.228183373e+05 +6.228183373e+05 +6.237561773e+05 +6.237561773e+05 +7.1363e-01 +2.1541e+00 +1.4328e+00
18 +3.107598906e+04 +3.107598906e+04 +3.201382906e+04 +3.201382906e+04 -1.7311e-01 +7.2877e-01 +2.7987e+00
21 +8.652257927e+03 +8.652257927e+03 +9.590097927e+03 +9.590097927e+03 +4.8924e-02 +1.0891e+00 +2.7923e+00
49 +2.927947568e+02 +2.927947568e+02 +1.230634757e+03 +1.230634757e+03 +4.2626e-02 +3.1916e+00 +3.5725e+00
58 +2.013455044e+01 +2.013455044e+01 +9.579745504e+02 +9.579745504e+02 +2.1194e+00 +4.9285e+00 +2.1041e+00
200 +7.314865638e+00 +7.314865638e+00 +9.451548656e+02 +9.451548656e+02 -1.9581e-01 +5.9990e+00 +4.5870e+00
304 +6.247269855e+00 +6.247269855e+00 +9.440872699e+02 +9.440872699e+02 +1.0398e-01 +5.9338e+00 +4.2879e+00
762 +3.922395742e+00 +3.922395742e+00 +9.417623957e+02 +9.417623957e+02 -5.6709e-01 +5.3692e+00 +4.7542e+00
793 +2.451878009e+00 +2.451878009e+00 +9.402918780e+02 +9.402918780e+02 -1.2396e+00 +4.4195e+00 +5.1106e+00
899 +1.515684913e+00 +1.515684913e+00 +9.393556849e+02 +9.393556849e+02 -8.8719e-01 +4.1810e+00 +4.7096e+00
905 +8.816558222e-01 +8.816558222e-01 +9.387216558e+02 +9.387216558e+02 -6.2849e-01 +4.2424e+00 +4.4839e+00
916 +5.887083654e-01 +5.887083654e-01 +9.384287084e+02 +9.384287084e+02 -5.3078e-01 +4.1864e+00 +4.3764e+00
921 +2.722437597e-01 +2.722437597e-01 +9.381122438e+02 +9.381122438e+02 -5.6003e-01 +3.8583e+00 +4.3081e+00
951 +5.492617725e-02 +5.492617725e-02 +9.378949262e+02 +9.378949262e+02 -2.5227e-01 +3.7934e+00 +4.0000e+00
995 +3.110531959e-02 +3.110531959e-02 +9.378711053e+02 +9.378711053e+02 -3.2767e-01 +3.7250e+00 +4.0508e+00
1009 +2.025460083e-02 +2.025460083e-02 +9.378602546e+02 +9.378602546e+02 -3.7658e-01 +3.6053e+00 +4.0620e+00
1024 +5.532752061e-03 +5.532752061e-03 +9.378455328e+02 +9.378455328e+02 -2.8278e-01 +3.6496e+00 +3.9867e+00
1051 +2.919192504e-03 +2.919192504e-03 +9.378429192e+02 +9.378429192e+02 -2.8149e-01 +3.6264e+00 +3.9788e+00
1052 +1.285272886e-03 +1.285272886e-03 +9.378412853e+02 +9.378412853e+02 -3.0564e-01 +3.6114e+00 +3.9971e+00
1097 +8.170613095e-04 +8.170613095e-04 +9.378408171e+02 +9.378408171e+02 -2.8653e-01 +3.6023e+00 +3.9765e+00
1104 +2.589844127e-04 +2.589844127e-04 +9.378402590e+02 +9.378402590e+02 -2.8667e-01 +3.5878e+00 +3.9724e+00
1118 +4.680980442e-05 +4.680980442e-05 +9.378400468e+02 +9.378400468e+02 -2.9491e-01 +3.5842e+00 +3.9791e+00
1141 +3.872037337e-05 +3.872037337e-05 +9.378400387e+02 +9.378400387e+02 -2.9731e-01 +3.5743e+00 +3.9785e+00
1143 +4.697225449e-06 +4.697225449e-06 +9.378400047e+02 +9.378400047e+02 -2.9750e-01 +3.5781e+00 +3.9798e+00
1190 +1.787731094e-06 +1.787731094e-06 +9.378400018e+02 +9.378400018e+02 -2.9709e-01 +3.5782e+00 +3.9794e+00
1202 +8.295260159e-07 +8.295260159e-07 +9.378400008e+02 +9.378400008e+02 -2.9709e-01 +3.5783e+00 +3.9794e+00
1219 +6.222984439e-07 +6.222984439e-07 +9.378400006e+02 +9.378400006e+02 -2.9688e-01 +3.5787e+00 +3.9793e+00
1220 +2.052729542e-08 +2.052729542e-08 +9.378400000e+02 +9.378400000e+02 -2.9684e-01 +3.5783e+00 +3.9792e+00
1271 +1.035584773e-08 +1.035584773e-08 +9.378400000e+02 +9.378400000e+02 -2.9675e-01 +3.5785e+00 +3.9792e+00
1318 +8.426695786e-09 +8.426695786e-09 +9.378400000e+02 +9.378400000e+02 -2.9687e-01 +3.5784e+00 +3.9793e+00
1322 +5.308606887e-09 +5.308606887e-09 +9.378400000e+02 +9.378400000e+02 -2.9685e-01 +3.5784e+00 +3.9792e+00
1323 +3.880359145e-09 +3.880359145e-09 +9.378400000e+02 +9.378400000e+02 -2.9679e-01 +3.5784e+00 +3.9792e+00
1325 +1.846728992e-09 +1.846728992e-09 +9.378400000e+02 +9.378400000e+02 -2.9682e-01 +3.5784e+00 +3.9792e+00
% function evaluation | noise-free fitness - Fopt (9.378400000000e+02) | best noise-free fitness - Fopt | measured fitness | best measured fitness | x1 | x2...
1 +1.507172105e+07 +1.507172105e+07 +1.507265889e+07 +1.507265889e+07 +5.2969e-01 +5.8922e-01 -3.1035e+00
2 +7.580831829e+06 +7.580831829e+06 +7.581769669e+06 +7.581769669e+06 +8.7522e-01 +6.0509e-01 -1.9700e+00
4 +3.082088786e+06 +3.082088786e+06 +3.083026626e+06 +3.083026626e+06 +9.1176e-01 -2.0247e+00 -1.0873e+00
8 +1.643811826e+05 +1.643811826e+05 +1.653190226e+05 +1.653190226e+05 -5.1994e-01 -2.2053e-01 +3.6869e+00
10 +8.915119928e+04 +8.915119928e+04 +9.008903928e+04 +9.008903928e+04 +2.1532e+00 +9.4757e-01 +1.3171e+00
20 +5.548029504e+04 +5.548029504e+04 +5.641813504e+04 +5.641813504e+04 +3.7038e+00 +1.9693e+00 -5.8272e-01
23 +1.182718477e+04 +1.182718477e+04 +1.276502477e+04 +1.276502477e+04 +2.7043e+00 -2.2614e-01 -1.0446e-01
34 +2.309344314e+02 +2.309344314e+02 +1.168774431e+03 +1.168774431e+03 +3.1453e+00 -1.3353e+00 -6.7000e-01
112 +1.243058335e+02 +1.243058335e+02 +1.062145833e+03 +1.062145833e+03 +1.1466e+00 -6.7132e+00 -3.7231e-01
649 +9.253518884e+01 +9.253518884e+01 +1.030375189e+03 +1.030375189e+03 +2.1767e+00 -4.5226e+00 -7.0616e-01
673 +5.213987535e+01 +5.213987535e+01 +9.899798753e+02 +9.899798753e+02 +1.8542e+00 -2.4050e+00 +2.1182e-01
685 +3.465367946e+01 +3.465367946e+01 +9.724936795e+02 +9.724936795e+02 +1.4057e+00 -1.1336e+00 +1.0039e+00
698 +8.177952130e+00 +8.177952130e+00 +9.460179521e+02 +9.460179521e+02 +3.2059e-01 +1.2175e+00 +2.7101e+00
748 +5.512366645e+00 +5.512366645e+00 +9.433523666e+02 +9.433523666e+02 +1.0648e+00 +2.8111e+00 +2.4765e+00
777 +2.137789452e+00 +2.137789452e+00 +9.399777895e+02 +9.399777895e+02 +6.7246e-01 +4.2363e+00 +3.2590e+00
827 +1.358030721e+00 +1.358030721e+00 +9.391980307e+02 +9.391980307e+02 +3.9443e-01 +4.1029e+00 +3.4827e+00
833 +5.506150885e-01 +5.506150885e-01 +9.383906151e+02 +9.383906151e+02 +1.7916e-01 +4.0788e+00 +3.6770e+00
858 +2.063473420e-01 +2.063473420e-01 +9.380463473e+02 +9.380463473e+02 -1.4359e-01 +3.9489e+00 +3.9426e+00
859 +1.459009580e-01 +1.459009580e-01 +9.379859010e+02 +9.379859010e+02 -1.6793e-01 +3.7674e+00 +3.9134e+00
887 +7.477603008e-02 +7.477603008e-02 +9.379147760e+02 +9.379147760e+02 -1.7591e-01 +3.8101e+00 +3.9330e+00
889 +2.159736398e-02 +2.159736398e-02 +9.378615974e+02 +9.378615974e+02 -2.0487e-01 +3.6107e+00 +3.9020e+00
923 +1.451742599e-02 +1.451742599e-02 +9.378545174e+02 +9.378545174e+02 -3.0726e-01 +3.6426e+00 +4.0076e+00
924 +9.877019359e-03 +9.877019359e-03 +9.378498770e+02 +9.378498770e+02 -2.2415e-01 +3.5738e+00 +3.9096e+00
967 +4.843146581e-03 +4.843146581e-03 +9.378448431e+02 +9.378448431e+02 -2.8799e-01 +3.6457e+00 +3.9905e+00
981 +1.075771887e-03 +1.075771887e-03 +9.378410758e+02 +9.378410758e+02 -3.0711e-01 +3.5808e+00 +3.9896e+00
992 +8.015968634e-04 +8.015968634e-04 +9.378408016e+02 +9.378408016e+02 -3.0443e-01 +3.5676e+00 +3.9832e+00
996 +4.430505712e-04 +4.430505712e-04 +9.378404431e+02 +9.378404431e+02 -3.0997e-01 +3.5649e+00 +3.9877e+00
1020 +3.369873643e-04 +3.369873643e-04 +9.378403370e+02 +9.378403370e+02 -2.9156e-01 +3.5782e+00 +3.9742e+00
1033 +5.169311521e-05 +5.169311521e-05 +9.378400517e+02 +9.378400517e+02 -2.9847e-01 +3.5734e+00 +3.9793e+00
1063 +2.927905962e-05 +2.927905962e-05 +9.378400293e+02 +9.378400293e+02 -2.9999e-01 +3.5795e+00 +3.9825e+00
1082 +1.092081095e-05 +1.092081095e-05 +9.378400109e+02 +9.378400109e+02 -2.9777e-01 +3.5796e+00 +3.9804e+00
1089 +1.794263085e-06 +1.794263085e-06 +9.378400018e+02 +9.378400018e+02 -2.9708e-01 +3.5794e+00 +3.9798e+00
1105 +7.283740615e-07 +7.283740615e-07 +9.378400007e+02 +9.378400007e+02 -2.9695e-01 +3.5783e+00 +3.9793e+00
1113 +2.364896545e-07 +2.364896545e-07 +9.378400002e+02 +9.378400002e+02 -2.9700e-01 +3.5781e+00 +3.9793e+00
1115 +8.579843325e-08 +8.579843325e-08 +9.378400001e+02 +9.378400001e+02 -2.9695e-01 +3.5783e+00 +3.9793e+00
1192 +8.637016435e-09 +8.637016435e-09 +9.378400000e+02 +9.378400000e+02 -2.9682e-01 +3.5783e+00 +3.9792e+00
1199 +3.399350135e-09 +3.399350135e-09 +9.378400000e+02 +9.378400000e+02 -2.9682e-01 +3.5784e+00 +3.9792e+00
% function evaluation | noise-free fitness - Fopt (9.378400000000e+02) | best noise-free fitness - Fopt | measured fitness | best measured fitness | x1 | x2...
1 +3.011527398e+06 +3.011527398e+06 +3.012465238e+06 +3.012465238e+06 -3.6688e+00 -2.3964e+00 +3.1471e+00
4 +1.854693555e+05 +1.854693555e+05 +1.864071955e+05 +1.864071955e+05 -2.0708e+00 -3.3819e+00 +3.0340e+00
11 +3.955493016e+03 +3.955493016e+03 +4.893333016e+03 +4.893333016e+03 -4.5384e+00 -6.5223e+00 +4.9347e+00
34 +2.125836264e+03 +2.125836264e+03 +3.063676264e+03 +3.063676264e+03 -3.2507e+00 -7.3796e+00 +3.6289e+00
103 +5.188935827e+02 +5.188935827e+02 +1.456733583e+03 +1.456733583e+03 -5.1952e-01 -5.3310e+00 +1.6248e+00
149 +9.763627654e+01 +9.763627654e+01 +1.035476277e+03 +1.035476277e+03 -4.8449e-01 -6.4222e+00 +1.2434e+00
723 +6.040856634e+01 +6.040856634e+01 +9.982485663e+02 +9.982485663e+02 -4.0309e+00 -3.1894e+00 +5.5237e+00
744 +2.718715363e+01 +2.718715363e+01 +9.650271536e+02 +9.650271536e+02 -1.8144e+00 -1.1458e+00 +4.0291e+00
772 +2.479184786e+01 +2.479184786e+01 +9.626318479e+02 +9.626318479e+02 -1.4844e+00 -4.0547e-01 +3.9406e+00
774 +6.259279372e+00 +6.259279372e+00 +9.440992794e+02 +9.440992794e+02 +2.4300e-01 +1.5178e+00 +2.8726e+00
869 +3.730165397e+00 +3.730165397e+00 +9.415701654e+02 +9.415701654e+02 -1.4537e+00 +3.6655e+00 +5.0911e+00
877 +2.196639990e+00 +2.196639990e+00 +9.400366400e+02 +9.400366400e+02 -5.7539e-01 +2.3131e+00 +3.8721e+00
880 +1.332157555e+00 +1.332157555e+00 +9.391721576e+02 +9.391721576e+02 -4.7198e-01 +2.6472e+00 +3.8719e+00
887 +4.677212344e-01 +4.677212344e-01 +9.383077212e+02 +9.383077212e+02 +2.1615e-01 +3.7051e+00 +3.5335e+00
902 +2.817694207e-01 +2.817694207e-01 +9.381217694e+02 +9.381217694e+02 -3.1957e-01 +3.6948e+00 +4.0339e+00
906 +1.325176881e-01 +1.325176881e-01 +9.379725177e+02 +9.379725177e+02 -4.0041e-01 +3.2480e+00 +3.9806e+00
938 +3.557258330e-02 +3.557258330e-02 +9.378755726e+02 +9.378755726e+02 -2.5725e-01 +3.4854e+00 +3.9151e+00
987 +2.464621269e-02 +2.464621269e-02 +9.378646462e+02 +9.378646462e+02 -2.6628e-01 +3.6735e+00 +3.9780e+00
1001 +2.056470107e-03 +2.056470107e-03 +9.378420565e+02 +9.378420565e+02 -2.8975e-01 +3.5518e+00 +3.9649e+00
1057 +9.977085176e-05 +9.977085176e-05 +9.378400998e+02 +9.378400998e+02 -2.9213e-01 +3.5869e+00 +3.9773e+00
1108 +3.369789874e-05 +3.369789874e-05 +9.378400337e+02 +9.378400337e+02 -2.9276e-01 +3.5810e+00 +3.9761e+00
1137 +9.587942714e-06 +9.587942714e-06 +9.378400096e+02 +9.378400096e+02 -2.9538e-01 +3.5793e+00 +3.9781e+00
1186 +5.352650419e-06 +5.352650419e-06 +9.378400054e+02 +9.378400054e+02 -2.9559e-01 +3.5800e+00 +3.9785e+00
1196 +4.213178499e-07 +4.213178499e-07 +9.378400004e+02 +9.378400004e+02 -2.9701e-01 +3.5782e+00 +3.9793e+00
1247 +1.658014526e-07 +1.658014526e-07 +9.378400002e+02 +9.378400002e+02 -2.9655e-01 +3.5784e+00 +3.9790e+00
1291 +9.096834219e-08 +9.096834219e-08 +9.378400001e+02 +9.378400001e+02 -2.9681e-01 +3.5786e+00 +3.9793e+00
1306 +5.395861535e-08 +5.395861535e-08 +9.378400001e+02 +9.378400001e+02 -2.9671e-01 +3.5786e+00 +3.9792e+00
1320 +3.801051207e-08 +3.801051207e-08 +9.378400000e+02 +9.378400000e+02 -2.9679e-01 +3.5786e+00 +3.9792e+00
1322 +1.665659966e-08 +1.665659966e-08 +9.378400000e+02 +9.378400000e+02 -2.9687e-01 +3.5785e+00 +3.9793e+00
1328 +7.365883903e-09 +7.365883903e-09 +9.378400000e+02 +9.378400000e+02 -2.9674e-01 +3.5784e+00 +3.9791e+00
1332 +3.667196324e-09 +3.667196324e-09 +9.378400000e+02 +9.378400000e+02 -2.9676e-01 +3.5784e+00 +3.9792e+00
% function evaluation | noise-free fitness - Fopt (-7.872000000000e+01) | best noise-free fitness - Fopt | measured fitness | best measured fitness | x1 | x2...
1 +3.939749552e+05 +3.939749552e+05 +3.938962352e+05 +3.938962352e+05 +1.5839e+00 -1.8869e+00 -2.0201e+00
5 +3.929434481e+04 +3.929434481e+04 +3.921562481e+04 +3.921562481e+04 +1.7286e-01 -3.4013e+00 +8.4486e-01
28 +3.643597149e+03 +3.643597149e+03 +3.564877149e+03 +3.564877149e+03 -5.6912e+00 -1.9816e+00 +1.3066e+00
45 +2.314642263e+02 +2.314642263e+02 +1.527442263e+02 +1.527442263e+02 -3.5144e+00 +7.9432e+00 -7.6546e+00
127 +6.531974277e+01 +6.531974277e+01 -1.340025723e+01 -1.340025723e+01 +3.2219e+00 +1.2068e+00 -4.1818e+00
183 +2.941194752e+01 +2.941194752e+01 -4.930805248e+01 -4.930805248e+01 +4.1454e+00 +2.0631e+00 -5.1691e+00
363 +2.500024587e+01 +2.500024587e+01 -5.371975413e+01 -5.371975413e+01 +4.2367e+00 +2.2557e+00 -5.3523e+00
470 +1.390490778e+01 +1.390490778e+01 -6.481509222e+01 -6.481509222e+01 +4.3091e+00 +1.2372e+00 -4.5333e+00
483 +7.631005109e+00 +7.631005109e+00 -7.108899489e+01 -7.108899489e+01 +4.2603e+00 +4.2742e-01 -3.8494e+00
548 +5.809515889e+00 +5.809515889e+00 -7.291048411e+01 -7.291048411e+01 +4.3762e+00 -1.0524e-01 -3.4458e+00
559 +3.683399105e+00 +3.683399105e+00 -7.503660089e+01 -7.503660089e+01 +4.4950e+00 -6.1603e-01 -3.0588e+00
565 +1.970158491e+00 +1.970158491e+00 -7.674984151e+01 -7.674984151e+01 +4.5372e+00 -1.1445e+00 -2.6361e+00
647 +1.569107207e+00 +1.569107207e+00 -7.715089279e+01 -7.715089279e+01 +4.4774e+00 -1.8528e+00 -2.0328e+00
704 +9.169643250e-01 +9.169643250e-01 -7.780303568e+01 -7.780303568e+01 +4.3608e+00 -1.5351e+00 -2.2587e+00
724 +5.903380974e-01 +5.903380974e-01 -7.812966190e+01 -7.812966190e+01 +4.2115e+00 -1.5146e+00 -2.2293e+00
764 +3.558714022e-01 +3.558714022e-01 -7.836412860e+01 -7.836412860e+01 +3.9135e+00 -1.3473e+00 -2.2746e+00
783 +4.297625148e-02 +4.297625148e-02 -7.867702375e+01 -7.867702375e+01 +3.5884e+00 -1.5136e+00 -2.0365e+00
790 +4.411112984e-03 +4.411112984e-03 -7.871558889e+01 -7.871558889e+01 +3.3903e+00 -1.4583e+00 -2.0209e+00
824 +2.628445869e-03 +2.628445869e-03 -7.871737155e+01 -7.871737155e+01 +3.4004e+00 -1.3843e+00 -2.0850e+00
882 +1.910998729e-04 +1.910998729e-04 -7.871980890e+01 -7.871980890e+01 +3.3997e+00 -1.4239e+00 -2.0521e+00
960 +1.571007094e-04 +1.571007094e-04 -7.871984290e+01 -7.871984290e+01 +3.3997e+00 -1.4211e+00 -2.0544e+00
971 +3.391577508e-06 +3.391577508e-06 -7.871999661e+01 -7.871999661e+01 +3.4104e+00 -1.4224e+00 -2.0567e+00
1009 +7.319989379e-07 +7.319989379e-07 -7.871999927e+01 -7.871999927e+01 +3.4119e+00 -1.4214e+00 -2.0580e+00
1052 +6.148881511e-07 +6.148881511e-07 -7.871999939e+01 -7.871999939e+01 +3.4113e+00 -1.4211e+00 -2.0580e+00
1074 +3.745766151e-07 +3.745766151e-07 -7.871999963e+01 -7.871999963e+01 +3.4109e+00 -1.4212e+00 -2.0579e+00
1091 +4.566204836e-08 +4.566204836e-08 -7.871999995e+01 -7.871999995e+01 +3.4111e+00 -1.4215e+00 -2.0576e+00
1104 +3.383178182e-09 +3.383178182e-09 -7.872000000e+01 -7.872000000e+01 +3.4112e+00 -1.4216e+00 -2.0576e+00
% function evaluation | noise-free fitness - Fopt (-7.872000000000e+01) | best noise-free fitness - Fopt | measured fitness | best measured fitness | x1 | x2...
1 +1.486459902e+07 +1.486459902e+07 +1.486452030e+07 +1.486452030e+07 +2.9062e+00 +2.0598e+00 +3.9619e-01
2 +8.184685409e+06 +8.184685409e+06 +8.184606689e+06 +8.184606689e+06 +3.3470e+00 +8.4389e-01 -9.8531e-02
5 +6.157160186e+06 +6.157160186e+06 +6.157081466e+06 +6.157081466e+06 +3.3304e+00 -3.9325e-01 +2.3611e-01
11 +4.522395177e+04 +4.522395177e+04 +4.514523177e+04 +4.514523177e+04 +3.2112e-01 -4.5969e+00 +1.8078e+00
22 +2.376257636e+04 +2.376257636e+04 +2.368385636e+04 +2.368385636e+04 +1.0634e+00 -2.3549e+00 -3.4663e-01
25 +1.208713829e+04 +1.208713829e+04 +1.200841829e+04 +1.200841829e+04 +3.3347e+00 -3.4974e+00 -1.8189e-01
37 +6.051029107e+03 +6.051029107e+03 +5.972309107e+03 +5.972309107e+03 +2.2358e+00 -3.2927e+00 -3.8282e-02
38 +4.602319574e+01 +4.602319574e+01 -3.269680426e+01 -3.269680426e+01 +2.4562e+00 -2.8550e+00 -5.8555e-01
173 +3.977314786e+01 +3.977314786e+01 -3.894685214e+01 -3.894685214e+01 +3.9014e+00 -6.2240e+00 +1.7578e+00
628 +1.570082188e+01 +1.570082188e+01 -6.301917812e+01 -6.301917812e+01 +1.8785e+00 -3.9055e+00 +4.7040e-01
645 +7.068683861e+00 +7.068683861e+00 -7.165131614e+01 -7.165131614e+01 +1.0640e+00 -1.4454e+00 -1.3085e+00
661 +5.323031444e+00 +5.323031444e+00 -7.339696856e+01 -7.339696856e+01 +1.3256e+00 -7.0985e-01 -1.9995e+00
737 +3.508094854e+00 +3.508094854e+00 -7.521190515e+01 -7.521190515e+01 +1.5390e+00 -1.0939e+00 -1.7466e+00
778 +1.425860161e+00 +1.425860161e+00 -7.729413984e+01 -7.729413984e+01 +2.4191e+00 -1.2644e+00 -1.8804e+00
795 +3.559664313e-01 +3.559664313e-01 -7.836403357e+01 -7.836403357e+01 +3.2441e+00 -1.3367e+00 -2.0752e+00
804 +4.833379842e-02 +4.833379842e-02 -7.867166620e+01 -7.867166620e+01 +3.4354e+00 -1.2720e+00 -2.1887e+00
860 +2.423532019e-02 +2.423532019e-02 -7.869576468e+01 -7.869576468e+01 +3.3326e+00 -1.4658e+00 -1.9968e+00
903 +1.043041091e-02 +1.043041091e-02 -7.870956959e+01 -7.870956959e+01 +3.4107e+00 -1.4861e+00 -2.0042e+00
930 +3.188765953e-03 +3.188765953e-03 -7.871681123e+01 -7.871681123e+01 +3.4341e+00 -1.4186e+00 -2.0673e+00
933 +1.715268415e-03 +1.715268415e-03 -7.871828473e+01 -7.871828473e+01 +3.4232e+00 -1.4097e+00 -2.0711e+00
940 +1.128244527e-03 +1.128244527e-03 -7.871887176e+01 -7.871887176e+01 +3.4350e+00 -1.4403e+00 -2.0495e+00
946 +5.423830925e-04 +5.423830925e-04 -7.871945762e+01 -7.871945762e+01 +3.4103e+00 -1.4199e+00 -2.0587e+00
988 +3.524917493e-04 +3.524917493e-04 -7.871964751e+01 -7.871964751e+01 +3.4122e+00 -1.4268e+00 -2.0536e+00
992 +8.132383124e-05 +8.132383124e-05 -7.871991868e+01 -7.871991868e+01 +3.4082e+00 -1.4182e+00 -2.0595e+00
1005 +3.053164755e-05 +3.053164755e-05 -7.871996947e+01 -7.871996947e+01 +3.4080e+00 -1.4209e+00 -2.0572e+00
1014 +1.752399704e-05 +1.752399704e-05 -7.871998248e+01 -7.871998248e+01 +3.4143e+00 -1.4232e+00 -2.0572e+00
1037 +7.158658093e-07 +7.158658093e-07 -7.871999928e+01 -7.871999928e+01 +3.4116e+00 -1.4218e+00 -2.0576e+00
1081 +3.267120121e-07 +3.267120121e-07 -7.871999967e+01 -7.871999967e+01 +3.4113e+00 -1.4212e+00 -2.0579e+00
1102 +1.524978757e-07 +1.524978757e-07 -7.871999985e+01 -7.871999985e+01 +3.4115e+00 -1.4214e+00 -2.0578e+00
1113 +5.350332799e-08 +5.350332799e-08 -7.871999995e+01 -7.871999995e+01 +3.4112e+00 -1.4214e+00 -2.0577e+00
1135 +2.596577531e-08 +2.596577531e-08 -7.871999997e+01 -7.871999997e+01 +3.4111e+00 -1.4217e+00 -2.0575e+00
1161 +2.397622723e-08 +2.397622723e-08 -7.871999998e+01 -7.871999998e+01 +3.4112e+00 -1.4217e+00 -2.0575e+00
1164 +1.377239300e-08 +1.377239300e-08 -7.871999999e+01 -7.871999999e+01 +3.4112e+00 -1.4216e+00 -2.0576e+00
1180 +7.372989330e-09 +7.372989330e-09 -7.871999999e+01 -7.871999999e+01 +3.4112e+00 -1.4216e+00 -2.0576e+00
1183 +2.944716471e-09 +2.944716471e-09 -7.872000000e+01 -7.872000000e+01 +3.4112e+00 -1.4216e+00 -2.0576e+00
% function evaluation | noise-free fitness - Fopt (-7.872000000000e+01) | best noise-free fitness - Fopt | measured fitness | best measured fitness | x1 | x2...
1 +1.004418210e+06 +1.004418210e+06 +1.004339490e+06 +1.004339490e+06 -2.4475e+00 -3.8638e+00 +3.1149e+00
2 +1.194366081e+05 +1.194366081e+05 +1.193578881e+05 +1.193578881e+05 -1.8161e+00 -3.0251e+00 +1.3486e+00
5 +5.459734343e+03 +5.459734343e+03 +5.381014343e+03 +5.381014343e+03 -9.9903e+00 -2.4370e+00 +2.8357e+00
66 +9.255028178e+02 +9.255028178e+02 +8.467828178e+02 +8.467828178e+02 +9.3571e-01 -3.0595e+00 +1.0612e-01
96 +3.523340398e+01 +3.523340398e+01 -4.348659602e+01 -4.348659602e+01 -3.9495e-01 -3.6195e+00 +9.3691e-01
497 +2.341125190e+01 +2.341125190e+01 -5.530874810e+01 -5.530874810e+01 -7.6523e-01 -2.4550e+00 +9.1766e-02
507 +6.192469717e+00 +6.192469717e+00 -7.252753028e+01 -7.252753028e+01 +1.5647e+00 -2.2402e+00 -8.0738e-01
520 +3.292666196e+00 +3.292666196e+00 -7.542733380e+01 -7.542733380e+01 +2.0328e+00 -2.2124e+00 -9.7564e-01
540 +1.342932928e+00 +1.342932928e+00 -7.737706707e+01 -7.737706707e+01 +4.3960e+00 -2.0078e+00 -1.8782e+00
597 +9.197921814e-01 +9.197921814e-01 -7.780020782e+01 -7.780020782e+01 +4.0446e+00 -1.9362e+00 -1.8284e+00
629 +6.096176721e-01 +6.096176721e-01 -7.811038233e+01 -7.811038233e+01 +3.4967e+00 -2.0133e+00 -1.5956e+00
855 +3.508290833e-01 +3.508290833e-01 -7.836917092e+01 -7.836917092e+01 +3.6238e+00 -1.8402e+00 -1.7778e+00
865 +2.098677148e-01 +2.098677148e-01 -7.851013229e+01 -7.851013229e+01 +3.4967e+00 -1.7562e+00 -1.8073e+00
906 +9.424900772e-02 +9.424900772e-02 -7.862575099e+01 -7.862575099e+01 +3.3565e+00 -1.6248e+00 -1.8725e+00
934 +4.075601195e-02 +4.075601195e-02 -7.867924399e+01 -7.867924399e+01 +3.3489e+00 -1.4944e+00 -1.9783e+00
936 +1.947466501e-02 +1.947466501e-02 -7.870052533e+01 -7.870052533e+01 +3.4652e+00 -1.3609e+00 -2.1244e+00
947 +8.977466948e-03 +8.977466948e-03 -7.871102253e+01 -7.871102253e+01 +3.3734e+00 -1.3949e+00 -2.0680e+00
1018 +3.943593213e-03 +3.943593213e-03 -7.871605641e+01 -7.871605641e+01 +3.4310e+00 -1.4652e+00 -2.0276e+00
1033 +1.935858298e-03 +1.935858298e-03 -7.871806414e+01 -7.871806414e+01 +3.4174e+00 -1.4174e+00 -2.0630e+00
1038 +9.588052306e-04 +9.588052306e-04 -7.871904119e+01 -7.871904119e+01 +3.4234e+00 -1.4460e+00 -2.0412e+00
1060 +4.111309171e-04 +4.111309171e-04 -7.871958887e+01 -7.871958887e+01 +3.4223e+00 -1.4323e+00 -2.0522e+00
1066 +3.926756116e-04 +3.926756116e-04 -7.871960732e+01 -7.871960732e+01 +3.4081e+00 -1.4169e+00 -2.0605e+00
1085 +1.521909652e-04 +1.521909652e-04 -7.871984781e+01 -7.871984781e+01 +3.4141e+00 -1.4140e+00 -2.0647e+00
1108 +7.366280214e-05 +7.366280214e-05 -7.871992634e+01 -7.871992634e+01 +3.4050e+00 -1.4159e+00 -2.0604e+00
1118 +5.416871369e-05 +5.416871369e-05 -7.871994583e+01 -7.871994583e+01 +3.4140e+00 -1.4224e+00 -2.0578e+00
1132 +1.149631733e-05 +1.149631733e-05 -7.871998850e+01 -7.871998850e+01 +3.4116e+00 -1.4209e+00 -2.0583e+00
1151 +1.102798947e-06 +1.102798947e-06 -7.871999890e+01 -7.871999890e+01 +3.4116e+00 -1.4209e+00 -2.0583e+00
1171 +7.059479969e-07 +7.059479969e-07 -7.871999929e+01 -7.871999929e+01 +3.4112e+00 -1.4212e+00 -2.0579e+00
1212 +7.573325433e-08 +7.573325433e-08 -7.871999992e+01 -7.871999992e+01 +3.4114e+00 -1.4217e+00 -2.0575e+00
1275 +5.244258716e-08 +5.244258716e-08 -7.871999995e+01 -7.871999995e+01 +3.4112e+00 -1.4217e+00 -2.0575e+00
1282 +2.646122255e-08 +2.646122255e-08 -7.871999997e+01 -7.871999997e+01 +3.4113e+00 -1.4217e+00 -2.0575e+00
1284 +2.502478935e-08 +2.502478935e-08 -7.871999997e+01 -7.871999997e+01 +3.4112e+00 -1.4217e+00 -2.0575e+00
1311 +1.116762860e-08 +1.116762860e-08 -7.871999999e+01 -7.871999999e+01 +3.4113e+00 -1.4217e+00 -2.0576e+00
1324 +4.079197424e-09 +4.079197424e-09 -7.872000000e+01 -7.872000000e+01 +3.4111e+00 -1.4216e+00 -2.0576e+00
1325 +2.612921435e-09 +2.612921435e-09 -7.872000000e+01 -7.872000000e+01 +3.4112e+00 -1.4216e+00 -2.0576e+00
