% function evaluation | noise-free fitness - Fopt (-5.235000000000e+01) | best noise-free fitness - Fopt | measured fitness | best measured fitness | x1 | x2...
1 +6.509980775e+00 +6.509980775e+00 -4.584001923e+01 -4.584001923e+01 -3.6015e+00 -9.3213e-02
3 +6.631658688e-01 +6.631658688e-01 -5.168683413e+01 -5.168683413e+01 -4.0140e-01 -5.3657e-01
15 +4.243321836e-01 +4.243321836e-01 -5.192566782e+01 -5.192566782e+01 -3.5948e-01 -1.7176e+00
21 +2.064745599e-01 +2.064745599e-01 -5.214352544e+01 -5.214352544e+01 -6.0452e-01 -1.4458e+00
27 +1.322290518e-01 +1.322290518e-01 -5.221777095e+01 -5.221777095e+01 -9.9653e-01 -1.2908e+00
40 +4.150798437e-02 +4.150798437e-02 -5.230849202e+01 -5.230849202e+01 -9.7931e-01 -9.8262e-01
63 +4.867929266e-03 +4.867929266e-03 -5.234513207e+01 -5.234513207e+01 -8.5989e-01 -1.2709e+00
89 +2.620228468e-03 +2.620228468e-03 -5.234737977e+01 -5.234737977e+01 -9.0154e-01 -1.1447e+00
122 +1.211870415e-03 +1.211870415e-03 -5.234878813e+01 -5.234878813e+01 -8.4442e-01 -1.3449e+00
189 +9.704539981e-04 +9.704539981e-04 -5.234902955e+01 -5.234902955e+01 -8.4652e-01 -1.3374e+00
222 +5.438319761e-04 +5.438319761e-04 -5.234945617e+01 -5.234945617e+01 -8.5394e-01 -1.3098e+00
250 +3.358002410e-04 +3.358002410e-04 -5.234966420e+01 -5.234966420e+01 -8.5383e-01 -1.3118e+00
253 +2.050377978e-04 +2.050377978e-04 -5.234979496e+01 -5.234979496e+01 -8.5662e-01 -1.3017e+00
273 +1.023286060e-04 +1.023286060e-04 -5.234989767e+01 -5.234989767e+01 -8.6141e-01 -1.2842e+00
287 +4.205583799e-05 +4.205583799e-05 -5.234995794e+01 -5.234995794e+01 -8.7164e-01 -1.2460e+00
300 +2.290403631e-05 +2.290403631e-05 -5.234997710e+01 -5.234997710e+01 -8.7643e-01 -1.2284e+00
329 +5.163546312e-06 +5.163546312e-06 -5.234999484e+01 -5.234999484e+01 -8.7039e-01 -1.2507e+00
382 +1.037841095e-06 +1.037841095e-06 -5.234999896e+01 -5.234999896e+01 -8.6991e-01 -1.2525e+00
397 +2.148814673e-07 +2.148814673e-07 -5.234999979e+01 -5.234999979e+01 -8.7095e-01 -1.2487e+00
584 +1.372579135e-07 +1.372579135e-07 -5.234999986e+01 -5.234999986e+01 -8.7070e-01 -1.2496e+00
597 +7.946299974e-08 +7.946299974e-08 -5.234999992e+01 -5.234999992e+01 -8.7099e-01 -1.2485e+00
620 +5.067724373e-08 +5.067724373e-08 -5.234999995e+01 -5.234999995e+01 -8.7162e-01 -1.2462e+00
624 +1.851036302e-08 +1.851036302e-08 -5.234999998e+01 -5.234999998e+01 -8.7131e-01 -1.2473e+00
653 +9.814471014e-09 +9.814471014e-09 -5.234999999e+01 -5.234999999e+01 -8.7164e-01 -1.2461e+00
% function evaluation | noise-free fitness - Fopt (-5.235000000000e+01) | best noise-free fitness - Fopt | measured fitness | best measured fitness | x1 | x2...
1 +8.629967580e+00 +8.629967580e+00 -4.372003242e+01 -4.372003242e+01 +1.2537e-01 +1.1381e+00
2 +4.749187264e+00 +4.749187264e+00 -4.760081274e+01 -4.760081274e+01 +3.7737e+00 -2.3097e-01
3 +3.927299468e+00 +3.927299468e+00 -4.842270053e+01 -4.842270053e+01 +2.8599e+00 -9.7258e-04
7 +1.196575916e+00 +1.196575916e+00 -5.115342408e+01 -5.115342408e+01 -1.5198e+00 -3.4059e-01
21 +9.428272016e-01 +9.428272016e-01 -5.140717280e+01 -5.140717280e+01 -5.9942e-02 -6.4164e-01
22 +3.428087778e-01 +3.428087778e-01 -5.200719122e+01 -5.200719122e+01 -7.5079e-01 -6.1189e-01
26 +1.015955458e-01 +1.015955458e-01 -5.224840445e+01 -5.224840445e+01 -1.0321e+00 -1.0386e+00
45 +6.277381244e-02 +6.277381244e-02 -5.228722619e+01 -5.228722619e+01 -9.9236e-01 -8.7202e-01
46 +1.169012646e-02 +1.169012646e-02 -5.233830987e+01 -5.233830987e+01 -8.6942e-01 -1.2991e+00
131 +9.268957075e-03 +9.268957075e-03 -5.234073104e+01 -5.234073104e+01 -8.2186e-01 -1.4434e+00
145 +4.222401553e-03 +4.222401553e-03 -5.234577760e+01 -5.234577760e+01 -8.3067e-01 -1.4002e+00
155 +2.279676552e-03 +2.279676552e-03 -5.234772032e+01 -5.234772032e+01 -8.3743e-01 -1.3715e+00
157 +6.074810888e-04 +6.074810888e-04 -5.234939252e+01 -5.234939252e+01 -8.5435e-01 -1.3119e+00
239 +3.248008556e-05 +3.248008556e-05 -5.234996752e+01 -5.234996752e+01 -8.7138e-01 -1.2470e+00
292 +3.767980175e-06 +3.767980175e-06 -5.234999623e+01 -5.234999623e+01 -8.7213e-01 -1.2443e+00
520 +2.251643423e-06 +2.251643423e-06 -5.234999775e+01 -5.234999775e+01 -8.7541e-01 -1.2322e+00
552 +1.482222153e-06 +1.482222153e-06 -5.234999852e+01 -5.234999852e+01 -8.7496e-01 -1.2339e+00
570 +8.934598554e-07 +8.934598554e-07 -5.234999911e+01 -5.234999911e+01 -8.7447e-01 -1.2357e+00
577 +3.151083945e-07 +3.151083945e-07 -5.234999968e+01 -5.234999968e+01 -8.7378e-01 -1.2382e+00
605 +1.721529017e-07 +1.721529017e-07 -5.234999983e+01 -5.234999983e+01 -8.7342e-01 -1.2396e+00
686 +1.553765756e-07 +1.553765756e-07 -5.234999984e+01 -5.234999984e+01 -8.7328e-01 -1.2401e+00
710 +8.810371810e-08 +8.810371810e-08 -5.234999991e+01 -5.234999991e+01 -8.7316e-01 -1.2405e+00
723 +5.730778696e-08 +5.730778696e-08 -5.234999994e+01 -5.234999994e+01 -8.7300e-01 -1.2411e+00
737 +3.070225318e-08 +3.070225318e-08 -5.234999997e+01 -5.234999997e+01 -8.7276e-01 -1.2420e+00
745 +2.068541960e-08 +2.068541960e-08 -5.234999998e+01 -5.234999998e+01 -8.7272e-01 -1.2422e+00
783 +9.222638653e-09 +9.222638653e-09 -5.234999999e+01 -5.234999999e+01 -8.7254e-01 -1.2428e+00
% function evaluation | noise-free fitness - Fopt (-5.235000000000e+01) | best noise-free fitness - Fopt | measured fitness | best measured fitness | x1 | x2...
1 +3.444489053e+00 +3.444489053e+00 -4.890551095e+01 -4.890551095e+01 -1.6894e+00 -2.9945e+00
3 +2.372526088e+00 +2.372526088e+00 -4.997747391e+01 -4.997747391e+01 -2.0975e+00 -2.8263e+00
4 +1.417290169e+00 +1.417290169e+00 -5.093270983e+01 -5.093270983e+01 -2.1310e+00 -2.0114e+00
27 +9.700466214e-01 +9.700466214e-01 -5.137995338e+01 -5.137995338e+01 +1.9774e-01 -1.5920e+00
36 +5.355736749e-01 +5.355736749e-01 -5.181442633e+01 -5.181442633e+01 -1.3198e+00 -1.6391e+00
41 +2.424800994e-01 +2.424800994e-01 -5.210751990e+01 -5.210751990e+01 -7.2532e-01 -8.6812e-01
55 +9.391926139e-02 +9.391926139e-02 -5.225608074e+01 -5.225608074e+01 -7.1759e-01 -1.4606e+00
75 +2.274986442e-02 +2.274986442e-02 -5.232725014e+01 -5.232725014e+01 -7.9048e-01 -1.4845e+00
95 +7.671170716e-03 +7.671170716e-03 -5.234232883e+01 -5.234232883e+01 -8.2334e-01 -1.4003e+00
131 +5.842599277e-03 +5.842599277e-03 -5.234415740e+01 -5.234415740e+01 -8.4578e-01 -1.3194e+00
142 +3.155237156e-03 +3.155237156e-03 -5.234684476e+01 -5.234684476e+01 -8.7953e-01 -1.2291e+00
147 +1.837034610e-03 +1.837034610e-03 -5.234816297e+01 -5.234816297e+01 -8.9197e-01 -1.1644e+00
152 +7.803520781e-04 +7.803520781e-04 -5.234921965e+01 -5.234921965e+01 -8.9461e-01 -1.1632e+00
157 +1.895845544e-04 +1.895845544e-04 -5.234981042e+01 -5.234981042e+01 -8.6623e-01 -1.2654e+00
241 +7.008885614e-05 +7.008885614e-05 -5.234992991e+01 -5.234992991e+01 -8.6123e-01 -1.2846e+00
353 +6.295647268e-05 +6.295647268e-05 -5.234993704e+01 -5.234993704e+01 -8.6188e-01 -1.2823e+00
376 +3.218720614e-05 +3.218720614e-05 -5.234996781e+01 -5.234996781e+01 -8.6417e-01 -1.2737e+00
391 +1.438249397e-05 +1.438249397e-05 -5.234998562e+01 -5.234998562e+01 -8.6570e-01 -1.2681e+00
393 +4.199230325e-06 +4.199230325e-06 -5.234999580e+01 -5.234999580e+01 -8.6853e-01 -1.2576e+00
414 +3.760540729e-06 +3.760540729e-06 -5.234999624e+01 -5.234999624e+01 -8.7456e-01 -1.2353e+00
453 +9.295086159e-07 +9.295086159e-07 -5.234999907e+01 -5.234999907e+01 -8.7013e-01 -1.2517e+00
662 +6.297595618e-07 +6.297595618e-07 -5.234999937e+01 -5.234999937e+01 -8.6977e-01 -1.2530e+00
694 +3.468844199e-07 +3.468844199e-07 -5.234999965e+01 -5.234999965e+01 -8.7020e-01 -1.2515e+00
749 +2.135888479e-07 +2.135888479e-07 -5.234999979e+01 -5.234999979e+01 -8.7044e-01 -1.2506e+00
766 +1.319671483e-07 +1.319671483e-07 -5.234999987e+01 -5.234999987e+01 -8.7072e-01 -1.2495e+00
795 +7.714663042e-08 +7.714663042e-08 -5.234999992e+01 -5.234999992e+01 -8.7089e-01 -1.2489e+00
863 +5.596029951e-08 +5.596029951e-08 -5.234999994e+01 -5.234999994e+01 -8.7100e-01 -1.2485e+00
878 +3.264393911e-08 +3.264393911e-08 -5.234999997e+01 -5.234999997e+01 -8.7127e-01 -1.2475e+00
884 +2.191286796e-08 +2.191286796e-08 -5.234999998e+01 -5.234999998e+01 -8.7128e-01 -1.2475e+00
885 +1.344892553e-08 +1.344892553e-08 -5.234999999e+01 -5.234999999e+01 -8.7142e-01 -1.2470e+00
908 +9.503096976e-09 +9.503096976e-09 -5.234999999e+01 -5.234999999e+01 -8.7168e-01 -1.2460e+00
914 +6.179512013e-09 +6.179512013e-09 -5.234999999e+01 -5.234999999e+01 -8.7161e-01 -1.2462e+00
% function evaluation | noise-free fitness - Fopt (-1.795400000000e+02) | best noise-free fitness - Fopt | measured fitness | best measured fitness | x1 | x2...
1 +2.331325300e+00 +2.331325300e+00 -1.772086747e+02 -1.772086747e+02 +2.6975e+00 -8.7895e-01
10 +6.322542904e-01 +6.322542904e-01 -1.789077457e+02 -1.789077457e+02 +3.8079e-03 +3.2338e-01
21 +1.384957137e-01 +1.384957137e-01 -1.794015043e+02 -1.794015043e+02 +7.5545e-01 +1.5076e-01
34 +6.619454722e-02 +6.619454722e-02 -1.794738055e+02 -1.794738055e+02 +1.0012e+00 +8.1741e-01
101 +6.266564476e-02 +6.266564476e-02 -1.794773344e+02 -1.794773344e+02 +9.5533e-01 +6.9269e-01
108 +1.296904824e-02 +1.296904824e-02 -1.795270310e+02 -1.795270310e+02 +8.7030e-01 +6.8607e-01
133 +6.180621531e-03 +6.180621531e-03 -1.795338194e+02 -1.795338194e+02 +7.9749e-01 +5.0767e-01
161 +3.566666468e-03 +3.566666468e-03 -1.795364333e+02 -1.795364333e+02 +7.2527e-01 +3.8550e-01
163 +2.018502079e-03 +2.018502079e-03 -1.795379815e+02 -1.795379815e+02 +7.5615e-01 +4.3702e-01
301 +1.466064985e-03 +1.466064985e-03 -1.795385339e+02 -1.795385339e+02 +7.4147e-01 +4.1270e-01
329 +6.313289260e-04 +6.313289260e-04 -1.795393687e+02 -1.795393687e+02 +7.5419e-01 +4.3740e-01
333 +5.505883686e-04 +5.505883686e-04 -1.795394494e+02 -1.795394494e+02 +7.5687e-01 +4.4309e-01
359 +3.615014819e-04 +3.615014819e-04 -1.795396385e+02 -1.795396385e+02 +7.6087e-01 +4.5038e-01
360 +1.050734121e-04 +1.050734121e-04 -1.795398949e+02 -1.795398949e+02 +7.7272e-01 +4.7314e-01
412 +4.212855151e-05 +4.212855151e-05 -1.795399579e+02 -1.795399579e+02 +7.8075e-01 +4.8867e-01
419 +2.203871210e-05 +2.203871210e-05 -1.795399780e+02 -1.795399780e+02 +7.8201e-01 +4.9117e-01
482 +1.007497548e-05 +1.007497548e-05 -1.795399899e+02 -1.795399899e+02 +7.8399e-01 +4.9502e-01
483 +8.532322340e-06 +8.532322340e-06 -1.795399915e+02 -1.795399915e+02 +7.8424e-01 +4.9550e-01
515 +5.866818583e-06 +5.866818583e-06 -1.795399941e+02 -1.795399941e+02 +7.8651e-01 +4.9990e-01
598 +3.092692026e-06 +3.092692026e-06 -1.795399969e+02 -1.795399969e+02 +7.9343e-01 +5.1326e-01
606 +1.381586799e-06 +1.381586799e-06 -1.795399986e+02 -1.795399986e+02 +7.8937e-01 +5.0542e-01
622 +8.288927233e-08 +8.288927233e-08 -1.795399999e+02 -1.795399999e+02 +7.9220e-01 +5.1089e-01
659 +4.336308734e-08 +4.336308734e-08 -1.795400000e+02 -1.795400000e+02 +7.9333e-01 +5.1308e-01
705 +2.034315116e-08 +2.034315116e-08 -1.795400000e+02 -1.795400000e+02 +7.9481e-01 +5.1594e-01
724 +2.194298077e-09 +2.194298077e-09 -1.795400000e+02 -1.795400000e+02 +7.9405e-01 +5.1446e-01
% function evaluation | noise-free fitness - Fopt (-1.795400000000e+02) | best noise-free fitness - Fopt | measured fitness | best measured fitness | x1 | x2...
1 +1.306052727e+00 +1.306052727e+00 -1.782339473e+02 -1.782339473e+02 +2.2257e+00 +5.0149e-01
4 +6.204867708e-01 +6.204867708e-01 -1.789195132e+02 -1.789195132e+02 +1.3367e+00 +2.1302e-01
14 +2.063802322e-01 +2.063802322e-01 -1.793336198e+02 -1.793336198e+02 +9.4638e-01 +3.5976e-01
20 +1.458449000e-01 +1.458449000e-01 -1.793941551e+02 -1.793941551e+02 +4.8619e-01 +1.7592e-01
40 +4.888809929e-02 +4.888809929e-02 -1.794911119e+02 -1.794911119e+02 +6.7636e-01 +3.9297e-01
56 +3.617004683e-02 +3.617004683e-02 -1.795038300e+02 -1.795038300e+02 +6.8659e-01 +3.8489e-01
64 +1.347637245e-02 +1.347637245e-02 -1.795265236e+02 -1.795265236e+02 +8.5438e-01 +6.5919e-01
85 +8.661104250e-03 +8.661104250e-03 -1.795313389e+02 -1.795313389e+02 +7.3275e-01 +4.1452e-01
91 +1.163305091e-03 +1.163305091e-03 -1.795388367e+02 -1.795388367e+02 +7.5473e-01 +4.4068e-01
205 +8.905866991e-04 +8.905866991e-04 -1.795391094e+02 -1.795391094e+02 +7.4956e-01 +4.2826e-01
239 +5.166553109e-04 +5.166553109e-04 -1.795394833e+02 -1.795394833e+02 +7.5702e-01 +4.4316e-01
245 +2.152328451e-04 +2.152328451e-04 -1.795397848e+02 -1.795397848e+02 +7.6960e-01 +4.6685e-01
259 +1.040481454e-04 +1.040481454e-04 -1.795398960e+02 -1.795398960e+02 +7.7254e-01 +4.7297e-01
264 +9.112386394e-05 +9.112386394e-05 -1.795399089e+02 -1.795399089e+02 +7.7292e-01 +4.7363e-01
307 +5.610486789e-05 +5.610486789e-05 -1.795399439e+02 -1.795399439e+02 +7.7849e-01 +4.8429e-01
323 +3.755135407e-05 +3.755135407e-05 -1.795399624e+02 -1.795399624e+02 +7.7921e-01 +4.8573e-01
340 +2.166772234e-05 +2.166772234e-05 -1.795399783e+02 -1.795399783e+02 +7.8080e-01 +4.8885e-01
399 +1.504308977e-05 +1.504308977e-05 -1.795399850e+02 -1.795399850e+02 +7.8226e-01 +4.9168e-01
446 +9.836892218e-06 +9.836892218e-06 -1.795399902e+02 -1.795399902e+02 +7.8429e-01 +4.9561e-01
448 +5.522274733e-06 +5.522274733e-06 -1.795399945e+02 -1.795399945e+02 +7.8565e-01 +4.9823e-01
508 +3.973367171e-06 +3.973367171e-06 -1.795399960e+02 -1.795399960e+02 +7.8678e-01 +5.0043e-01
569 +2.175738842e-06 +2.175738842e-06 -1.795399978e+02 -1.795399978e+02 +7.8774e-01 +5.0228e-01
615 +1.550597460e-06 +1.550597460e-06 -1.795399984e+02 -1.795399984e+02 +7.8835e-01 +5.0345e-01
635 +9.979337676e-07 +9.979337676e-07 -1.795399990e+02 -1.795399990e+02 +7.8913e-01 +5.0496e-01
647 +3.793528833e-07 +3.793528833e-07 -1.795399996e+02 -1.795399996e+02 +7.9052e-01 +5.0765e-01
653 +2.316823782e-07 +2.316823782e-07 -1.795399998e+02 -1.795399998e+02 +7.9083e-01 +5.0825e-01
677 +1.336741775e-07 +1.336741775e-07 -1.795399999e+02 -1.795399999e+02 +7.9525e-01 +5.1678e-01
680 +4.165698897e-08 +4.165698897e-08 -1.795400000e+02 -1.795400000e+02 +7.9507e-01 +5.1644e-01
747 +3.691002348e-08 +3.691002348e-08 -1.795400000e+02 -1.795400000e+02 +7.9462e-01 +5.1558e-01
757 +1.361917157e-08 +1.361917157e-08 -1.795400000e+02 -1.795400000e+02 +7.9466e-01 +5.1565e-01
900 +9.945296142e-09 +9.945296142e-09 -1.795400000e+02 -1.795400000e+02 +7.9456e-01 +5.1546e-01
% function evaluation | noise-free fitness - Fopt (-1.795400000000e+02) | best noise-free fitness - Fopt | measured fitness | best measured fitness | x1 | x2...
1 +9.326510888e+00 +9.326510888e+00 -1.702134891e+02 -1.702134891e+02 -3.3918e+00 +3.7361e-01
2 +3.205258811e+00 +3.205258811e+00 -1.763347412e+02 -1.763347412e+02 -2.3741e+00 +1.0360e+00
13 +2.487911699e+00 +2.487911699e+00 -1.770520883e+02 -1.770520883e+02 -1.4394e+00 +3.5336e-01
15 +1.077155149e+00 +1.077155149e+00 -1.784628449e+02 -1.784628449e+02 -1.5838e-01 +1.0177e+00
19 +4.409718963e-01 +4.409718963e-01 -1.790990281e+02 -1.790990281e+02 +5.2961e-01 +9.6192e-01
30 +3.376486650e-01 +3.376486650e-01 -1.792023513e+02 -1.792023513e+02 +5.3422e-01 +7.4706e-01
34 +1.654104360e-01 +1.654104360e-01 -1.793745896e+02 -1.793745896e+02 +7.5196e-01 +7.9219e-01
38 +4.455175911e-02 +4.455175911e-02 -1.794954482e+02 -1.794954482e+02 +9.1125e-01 +8.0913e-01
66 +2.006727329e-04 +2.006727329e-04 -1.795397993e+02 -1.795397993e+02 +7.9850e-01 +5.2350e-01
225 +1.134797126e-04 +1.134797126e-04 -1.795398865e+02 -1.795398865e+02 +7.7195e-01 +4.7166e-01
234 +6.137995501e-05 +6.137995501e-05 -1.795399386e+02 -1.795399386e+02 +8.0567e-01 +5.3680e-01
251 +7.005767969e-06 +7.005767969e-06 -1.795399930e+02 -1.795399930e+02 +7.8821e-01 +5.0317e-01
308 +3.476767461e-06 +3.476767461e-06 -1.795399965e+02 -1.795399965e+02 +7.8670e-01 +5.0026e-01
388 +1.348933210e-06 +1.348933210e-06 -1.795399987e+02 -1.795399987e+02 +7.9583e-01 +5.1791e-01
395 +7.594331066e-07 +7.594331066e-07 -1.795399992e+02 -1.795399992e+02 +7.9649e-01 +5.1920e-01
537 +5.239684242e-07 +5.239684242e-07 -1.795399995e+02 -1.795399995e+02 +7.9729e-01 +5.2074e-01
558 +3.097923695e-07 +3.097923695e-07 -1.795399997e+02 -1.795399997e+02 +7.9656e-01 +5.1931e-01
593 +1.491400212e-07 +1.491400212e-07 -1.795399999e+02 -1.795399999e+02 +7.9604e-01 +5.1831e-01
677 +9.006390655e-08 +9.006390655e-08 -1.795399999e+02 -1.795399999e+02 +7.9565e-01 +5.1757e-01
680 +6.205539194e-08 +6.205539194e-08 -1.795399999e+02 -1.795399999e+02 +7.9493e-01 +5.1616e-01
709 +1.244677605e-08 +1.244677605e-08 -1.795400000e+02 -1.795400000e+02 +7.9337e-01 +5.1316e-01
839 +9.146361890e-09 +9.146361890e-09 -1.795400000e+02 -1.795400000e+02 +7.9280e-01 +5.1206e-01
% function evaluation | noise-free fitness - Fopt (7.731000000000e+01) | best noise-free fitness - Fopt | measured fitness | best measured fitness | x1 | x2...
1 +1.882905662e+00 +1.882905662e+00 +7.919290566e+01 +7.919290566e+01 -3.0292e-01 +5.7784e-01
2 +1.526702619e+00 +1.526702619e+00 +7.883670262e+01 +7.883670262e+01 +3.4227e-01 +5.4211e-01
10 +5.285764437e-01 +5.285764437e-01 +7.783857644e+01 +7.783857644e+01 +3.7895e-01 -3.7127e-01
24 +2.819526242e-01 +2.819526242e-01 +7.759195262e+01 +7.759195262e+01 +5.9937e-01 -8.6547e-01
31 +7.992692078e-02 +7.992692078e-02 +7.738992692e+01 +7.738992692e+01 +8.3509e-01 -3.1475e-01
41 +5.306446417e-03 +5.306446417e-03 +7.731530645e+01 +7.731530645e+01 +8.8630e-01 -7.8173e-01
90 +1.158713730e-03 +1.158713730e-03 +7.731115871e+01 +7.731115871e+01 +8.9632e-01 -5.6670e-01
96 +6.947379680e-04 +6.947379680e-04 +7.731069474e+01 +7.731069474e+01 +8.9752e-01 -5.5358e-01
194 +5.771977736e-04 +5.771977736e-04 +7.731057720e+01 +7.731057720e+01 +8.9782e-01 -5.5064e-01
251 +3.526667127e-04 +3.526667127e-04 +7.731035267e+01 +7.731035267e+01 +8.9909e-01 -5.3746e-01
269 +1.750376344e-04 +1.750376344e-04 +7.731017504e+01 +7.731017504e+01 +8.9757e-01 -5.6229e-01
274 +4.772404729e-05 +4.772404729e-05 +7.731004772e+01 +7.731004772e+01 +8.9717e-01 -5.7253e-01
287 +3.285129577e-05 +3.285129577e-05 +7.731003285e+01 +7.731003285e+01 +8.9567e-01 -5.9891e-01
317 +3.194108572e-06 +3.194108572e-06 +7.731000319e+01 +7.731000319e+01 +8.9489e-01 -6.1359e-01
362 +1.807407813e-06 +1.807407813e-06 +7.731000181e+01 +7.731000181e+01 +8.9460e-01 -6.1882e-01
377 +1.503949292e-06 +1.503949292e-06 +7.731000150e+01 +7.731000150e+01 +8.9494e-01 -6.1277e-01
412 +8.442582526e-07 +8.442582526e-07 +7.731000084e+01 +7.731000084e+01 +8.9468e-01 -6.1734e-01
445 +5.550597848e-07 +5.550597848e-07 +7.731000056e+01 +7.731000056e+01 +8.9475e-01 -6.1619e-01
539 +3.527843546e-07 +3.527843546e-07 +7.731000035e+01 +7.731000035e+01 +8.9481e-01 -6.1505e-01
549 +1.991234200e-07 +1.991234200e-07 +7.731000020e+01 +7.731000020e+01 +8.9488e-01 -6.1383e-01
590 +1.474463716e-07 +1.474463716e-07 +7.731000015e+01 +7.731000015e+01 +8.9491e-01 -6.1327e-01
623 +7.230899257e-08 +7.230899257e-08 +7.731000007e+01 +7.731000007e+01 +8.9503e-01 -6.1113e-01
642 +3.291370376e-08 +3.291370376e-08 +7.731000003e+01 +7.731000003e+01 +8.9503e-01 -6.1116e-01
663 +2.474011751e-08 +2.474011751e-08 +7.731000002e+01 +7.731000002e+01 +8.9504e-01 -6.1082e-01
668 +1.004282524e-08 +1.004282524e-08 +7.731000001e+01 +7.731000001e+01 +8.9508e-01 -6.1015e-01
702 +3.318589847e-09 +3.318589847e-09 +7.731000000e+01 +7.731000000e+01 +8.9518e-01 -6.0830e-01
% function evaluation | noise-free fitness - Fopt (7.731000000000e+01) | best noise-free fitness - Fopt | measured fitness | best measured fitness | x1 | x2...
1 +1.917099570e+00 +1.917099570e+00 +7.922709957e+01 +7.922709957e+01 -1.0359e+00 -1.1452e+00
4 +1.347296515e+00 +1.347296515e+00 +7.865729652e+01 +7.865729652e+01 -4.0428e-01 +4.2863e-02
6 +6.746958835e-01 +6.746958835e-01 +7.798469588e+01 +7.798469588e+01 +2.4216e-01 -2.2132e-01
7 +3.101953967e-01 +3.101953967e-01 +7.762019540e+01 +7.762019540e+01 +5.9708e-01 -3.8288e-01
34 +1.393215336e-01 +1.393215336e-01 +7.744932153e+01 +7.744932153e+01 +1.0227e+00 -8.2070e-01
48 +3.570019667e-02 +3.570019667e-02 +7.734570020e+01 +7.734570020e+01 +9.2686e-01 -6.8217e-01
91 +2.086381874e-02 +2.086381874e-02 +7.733086382e+01 +7.733086382e+01 +8.7523e-01 -5.9129e-01
102 +9.751504612e-03 +9.751504612e-03 +7.731975150e+01 +7.731975150e+01 +9.0990e-01 -3.9876e-01
118 +3.379051381e-03 +3.379051381e-03 +7.731337905e+01 +7.731337905e+01 +8.9163e-01 -6.1142e-01
133 +5.715531575e-04 +5.715531575e-04 +7.731057155e+01 +7.731057155e+01 +8.9465e-01 -6.0760e-01
155 +2.300927555e-04 +2.300927555e-04 +7.731023009e+01 +7.731023009e+01 +8.9599e-01 -5.8944e-01
179 +5.751770381e-05 +5.751770381e-05 +7.731005752e+01 +7.731005752e+01 +8.9324e-01 -6.4414e-01
240 +9.062893454e-06 +9.062893454e-06 +7.731000906e+01 +7.731000906e+01 +8.9406e-01 -6.2877e-01
377 +5.691921046e-06 +5.691921046e-06 +7.731000569e+01 +7.731000569e+01 +8.9439e-01 -6.2262e-01
421 +2.908911284e-06 +2.908911284e-06 +7.731000291e+01 +7.731000291e+01 +8.9442e-01 -6.2211e-01
424 +1.828343429e-06 +1.828343429e-06 +7.731000183e+01 +7.731000183e+01 +8.9454e-01 -6.1996e-01
458 +1.206143210e-06 +1.206143210e-06 +7.731000121e+01 +7.731000121e+01 +8.9462e-01 -6.1860e-01
485 +8.754402216e-07 +8.754402216e-07 +7.731000088e+01 +7.731000088e+01 +8.9472e-01 -6.1675e-01
512 +6.045237484e-07 +6.045237484e-07 +7.731000060e+01 +7.731000060e+01 +8.9474e-01 -6.1633e-01
527 +3.821410530e-07 +3.821410530e-07 +7.731000038e+01 +7.731000038e+01 +8.9480e-01 -6.1523e-01
551 +2.472994396e-07 +2.472994396e-07 +7.731000025e+01 +7.731000025e+01 +8.9488e-01 -6.1382e-01
649 +1.541718291e-07 +1.541718291e-07 +7.731000015e+01 +7.731000015e+01 +8.9491e-01 -6.1335e-01
671 +8.562949461e-08 +8.562949461e-08 +7.731000009e+01 +7.731000009e+01 +8.9496e-01 -6.1233e-01
676 +5.980521678e-08 +5.980521678e-08 +7.731000006e+01 +7.731000006e+01 +8.9499e-01 -6.1187e-01
683 +3.043314223e-08 +3.043314223e-08 +7.731000003e+01 +7.731000003e+01 +8.9503e-01 -6.1103e-01
697 +1.308481501e-08 +1.308481501e-08 +7.731000001e+01 +7.731000001e+01 +8.9508e-01 -6.1025e-01
702 +9.385772159e-09 +9.385772159e-09 +7.731000001e+01 +7.731000001e+01 +8.9512e-01 -6.0945e-01
% function evaluation | noise-free fitness - Fopt (7.731000000000e+01) | best noise-free fitness - Fopt | measured fitness | best measured fitness | x1 | x2...
1 +9.235022602e+00 +9.235022602e+00 +8.654502260e+01 +8.654502260e+01 -1.7029e+00 +1.6050e+00
2 +2.066905211e+00 +2.066905211e+00 +7.937690521e+01 +7.937690521e+01 -1.0716e+00 +2.7939e-01
12 +8.686937905e-01 +8.686937905e-01 +7.817869379e+01 +7.817869379e+01 +1.7791e+00 -3.4685e-01
43 +6.101605192e-02 +6.101605192e-02 +7.737101605e+01 +7.737101605e+01 +8.3195e-01 -6.4678e-01
94 +1.812677467e-02 +1.812677467e-02 +7.732812677e+01 +7.732812677e+01 +8.8352e-01 -8.6944e-01
96 +1.236989510e-02 +1.236989510e-02 +7.732236990e+01 +7.732236990e+01 +9.1071e-01 -5.5135e-01
106 +2.921568785e-04 +2.921568785e-04 +7.731029216e+01 +7.731029216e+01 +8.9669e-01 -5.8632e-01
225 +2.264728714e-04 +2.264728714e-04 +7.731022647e+01 +7.731022647e+01 +8.9540e-01 -6.0029e-01
257 +1.264640658e-04 +1.264640658e-04 +7.731012646e+01 +7.731012646e+01 +8.9308e-01 -6.4426e-01
277 +9.582948474e-05 +9.582948474e-05 +7.731009583e+01 +7.731009583e+01 +8.9298e-01 -6.4945e-01
310 +4.008623247e-05 +4.008623247e-05 +7.731004009e+01 +7.731004009e+01 +8.9355e-01 -6.3847e-01
314 +3.742272612e-05 +3.742272612e-05 +7.731003742e+01 +7.731003742e+01 +8.9359e-01 -6.3775e-01
422 +2.411768990e-05 +2.411768990e-05 +7.731002412e+01 +7.731002412e+01 +8.9361e-01 -6.3681e-01
495 +1.131154407e-05 +1.131154407e-05 +7.731001131e+01 +7.731001131e+01 +8.9397e-01 -6.3034e-01
518 +8.355840890e-06 +8.355840890e-06 +7.731000836e+01 +7.731000836e+01 +8.9431e-01 -6.2429e-01
530 +5.799973721e-06 +5.799973721e-06 +7.731000580e+01 +7.731000580e+01 +8.9428e-01 -6.2482e-01
532 +3.473647169e-06 +3.473647169e-06 +7.731000347e+01 +7.731000347e+01 +8.9441e-01 -6.2229e-01
538 +1.269637977e-06 +1.269637977e-06 +7.731000127e+01 +7.731000127e+01 +8.9467e-01 -6.1755e-01
618 +8.796339586e-07 +8.796339586e-07 +7.731000088e+01 +7.731000088e+01 +8.9470e-01 -6.1714e-01
623 +4.852028610e-07 +4.852028610e-07 +7.731000049e+01 +7.731000049e+01 +8.9482e-01 -6.1495e-01
626 +8.679741370e-08 +8.679741370e-08 +7.731000009e+01 +7.731000009e+01 +8.9501e-01 -6.1139e-01
680 +4.479278459e-08 +4.479278459e-08 +7.731000004e+01 +7.731000004e+01 +8.9517e-01 -6.0858e-01
702 +2.041184644e-08 +2.041184644e-08 +7.731000002e+01 +7.731000002e+01 +8.9531e-01 -6.0600e-01
741 +1.261348359e-08 +1.261348359e-08 +7.731000001e+01 +7.731000001e+01 +8.9533e-01 -6.0568e-01
742 +5.753108212e-09 +5.753108212e-09 +7.731000001e+01 +7.731000001e+01 +8.9530e-01 -6.0624e-01
% function evaluation | noise-free fitness - Fopt (3.992000000000e+01) | best noise-free fitness - Fopt | measured fitness | best measured fitness | x1 | x2...
1 +5.981382411e+01 +5.981382411e+01 +9.973382411e+01 +9.973382411e+01 +1.8843e+00 +2.4142e+00
6 +8.217013549e+00 +8.217013549e+00 +4.813701355e+01 +4.813701355e+01 +1.8159e+00 +4.1587e-01
13 +2.254196772e+00 +2.254196772e+00 +4.217419677e+01 +4.217419677e+01 +2.0904e+00 -2.4717e+00
15 +1.071368323e+00 +1.071368323e+00 +4.099136832e+01 +4.099136832e+01 +3.1690e+00 -2.7572e-01
26 +6.293522666e-02 +6.293522666e-02 +3.998293523e+01 +3.998293523e+01 +3.9395e+00 -8.0501e-01
62 +3.075992905e-02 +3.075992905e-02 +3.995075993e+01 +3.995075993e+01 +3.9194e+00 -8.5072e-01
92 +1.529431525e-02 +1.529431525e-02 +3.993529432e+01 +3.993529432e+01 +3.8795e+00 -8.4239e-01
97 +8.567798913e-03 +8.567798913e-03 +3.992856780e+01 +3.992856780e+01 +3.9015e+00 -8.7927e-01
134 +5.665932870e-03 +5.665932870e-03 +3.992566593e+01 +3.992566593e+01 +3.9059e+00 -9.2713e-01
140 +3.616101744e-03 +3.616101744e-03 +3.992361610e+01 +3.992361610e+01 +3.9156e+00 -9.5675e-01
151 +2.258582095e-03 +2.258582095e-03 +3.992225858e+01 +3.992225858e+01 +3.9268e+00 -9.7725e-01
214 +1.516000906e-03 +1.516000906e-03 +3.992151600e+01 +3.992151600e+01 +3.9195e+00 -9.6011e-01
259 +9.859673720e-04 +9.859673720e-04 +3.992098597e+01 +3.992098597e+01 +3.9240e+00 -9.7411e-01
272 +5.854996297e-04 +5.854996297e-04 +3.992058550e+01 +3.992058550e+01 +3.9280e+00 -9.8905e-01
296 +3.445376192e-04 +3.445376192e-04 +3.992034454e+01 +3.992034454e+01 +3.9328e+00 -1.0058e+00
324 +1.801401708e-04 +1.801401708e-04 +3.992018014e+01 +3.992018014e+01 +3.9407e+00 -1.0342e+00
329 +2.004883065e-05 +2.004883065e-05 +3.992002005e+01 +3.992002005e+01 +3.9433e+00 -1.0440e+00
395 +1.560743505e-05 +1.560743505e-05 +3.992001561e+01 +3.992001561e+01 +3.9495e+00 -1.0663e+00
413 +4.856732026e-06 +4.856732026e-06 +3.992000486e+01 +3.992000486e+01 +3.9479e+00 -1.0606e+00
449 +3.678839505e-06 +3.678839505e-06 +3.992000368e+01 +3.992000368e+01 +3.9472e+00 -1.0581e+00
488 +1.905866043e-06 +1.905866043e-06 +3.992000191e+01 +3.992000191e+01 +3.9504e+00 -1.0695e+00
498 +7.321804318e-07 +7.321804318e-07 +3.992000073e+01 +3.992000073e+01 +3.9491e+00 -1.0648e+00
503 +1.438683697e-07 +1.438683697e-07 +3.992000014e+01 +3.992000014e+01 +3.9496e+00 -1.0666e+00
551 +7.035378502e-08 +7.035378502e-08 +3.992000007e+01 +3.992000007e+01 +3.9496e+00 -1.0669e+00
584 +1.524305304e-08 +1.524305304e-08 +3.992000002e+01 +3.992000002e+01 +3.9501e+00 -1.0686e+00
631 +6.451152501e-09 +6.451152501e-09 +3.992000001e+01 +3.992000001e+01 +3.9499e+00 -1.0678e+00
% function evaluation | noise-free fitness - Fopt (3.992000000000e+01) | best noise-free fitness - Fopt | measured fitness | best measured fitness | x1 | x2...
1 +3.796420882e+00 +3.796420882e+00 +4.371642088e+01 +4.371642088e+01 +2.4330e-01 -1.9092e+00
12 +1.701142216e+00 +1.701142216e+00 +4.162114222e+01 +4.162114222e+01 +2.4843e+00 -2.0964e+00
21 +1.194229707e+00 +1.194229707e+00 +4.111422971e+01 +4.111422971e+01 +2.9118e+00 -1.7839e+00
30 +6.421585210e-01 +6.421585210e-01 +4.056215852e+01 +4.056215852e+01 +3.4949e+00 -1.7554e+00
34 +4.163843441e-01 +4.163843441e-01 +4.033638434e+01 +4.033638434e+01 +4.4625e+00 -1.5194e+00
35 +2.600839615e-01 +2.600839615e-01 +4.018008396e+01 +4.018008396e+01 +4.2339e+00 -1.6254e+00
53 +6.957327671e-02 +6.957327671e-02 +3.998957328e+01 +3.998957328e+01 +3.8956e+00 -1.1321e+00
80 +2.911802202e-02 +2.911802202e-02 +3.994911802e+01 +3.994911802e+01 +3.9176e+00 -8.5088e-01
81 +2.080626578e-02 +2.080626578e-02 +3.994080627e+01 +3.994080627e+01 +4.0296e+00 -1.3272e+00
93 +9.831611843e-04 +9.831611843e-04 +3.992098316e+01 +3.992098316e+01 +3.9336e+00 -1.0058e+00
328 +5.684671838e-04 +5.684671838e-04 +3.992056847e+01 +3.992056847e+01 +3.9699e+00 -1.1411e+00
344 +2.463332837e-04 +2.463332837e-04 +3.992024633e+01 +3.992024633e+01 +3.9666e+00 -1.1281e+00
376 +6.274109243e-05 +6.274109243e-05 +3.992006274e+01 +3.992006274e+01 +3.9611e+00 -1.1079e+00
428 +3.276859034e-05 +3.276859034e-05 +3.992003277e+01 +3.992003277e+01 +3.9474e+00 -1.0589e+00
455 +1.100902604e-05 +1.100902604e-05 +3.992001101e+01 +3.992001101e+01 +3.9564e+00 -1.0910e+00
465 +1.372364544e-06 +1.372364544e-06 +3.992000137e+01 +3.992000137e+01 +3.9533e+00 -1.0800e+00
729 +7.023214934e-07 +7.023214934e-07 +3.992000070e+01 +3.992000070e+01 +3.9527e+00 -1.0777e+00
739 +3.577228256e-07 +3.577228256e-07 +3.992000036e+01 +3.992000036e+01 +3.9523e+00 -1.0764e+00
745 +5.256700319e-08 +5.256700319e-08 +3.992000005e+01 +3.992000005e+01 +3.9514e+00 -1.0731e+00
789 +2.764458173e-08 +2.764458173e-08 +3.992000003e+01 +3.992000003e+01 +3.9511e+00 -1.0721e+00
798 +2.418854450e-08 +2.418854450e-08 +3.992000002e+01 +3.992000002e+01 +3.9507e+00 -1.0708e+00
819 +1.489356549e-08 +1.489356549e-08 +3.992000001e+01 +3.992000001e+01 +3.9510e+00 -1.0718e+00
822 +4.911747453e-09 +4.911747453e-09 +3.992000000e+01 +3.992000000e+01 +3.9503e+00 -1.0694e+00
% function evaluation | noise-free fitness - Fopt (3.992000000000e+01) | best noise-free fitness - Fopt | measured fitness | best measured fitness | x1 | x2...
1 +7.126700218e+01 +7.126700218e+01 +1.111870022e+02 +1.111870022e+02 -9.7664e-01 +1.8590e+00
5 +5.248496526e+01 +5.248496526e+01 +9.240496526e+01 +9.240496526e+01 -7.1384e-01 +1.5138e+00
10 +1.574310515e+01 +1.574310515e+01 +5.566310515e+01 +5.566310515e+01 +6.8080e+00 +2.3047e+00
11 +7.042143177e+00 +7.042143177e+00 +4.696214318e+01 +4.696214318e+01 +3.5716e+00 +8.1451e-01
12 +3.714525137e+00 +3.714525137e+00 +4.363452514e+01 +4.363452514e+01 +2.1536e+00 -6.0707e-03
14 +2.242592979e+00 +2.242592979e+00 +4.216259298e+01 +4.216259298e+01 +1.6269e+00 -9.6422e-01
18 +1.332790143e+00 +1.332790143e+00 +4.125279014e+01 +4.125279014e+01 +5.0512e+00 -1.2832e-01
21 +4.173492536e-01 +4.173492536e-01 +4.033734925e+01 +4.033734925e+01 +3.5851e+00 -1.3132e+00
23 +2.944686054e-01 +2.944686054e-01 +4.021446861e+01 +4.021446861e+01 +4.1771e+00 -7.8685e-01
88 +5.991685461e-02 +5.991685461e-02 +3.997991685e+01 +3.997991685e+01 +4.0851e+00 -1.3713e+00
131 +9.485472777e-03 +9.485472777e-03 +3.992948547e+01 +3.992948547e+01 +3.9408e+00 -1.0705e+00
158 +6.208607602e-03 +6.208607602e-03 +3.992620861e+01 +3.992620861e+01 +3.9357e+00 -9.9370e-01
159 +2.937812414e-03 +2.937812414e-03 +3.992293781e+01 +3.992293781e+01 +3.9305e+00 -9.8742e-01
162 +1.469249680e-03 +1.469249680e-03 +3.992146925e+01 +3.992146925e+01 +3.9200e+00 -9.6018e-01
248 +8.410296103e-04 +8.410296103e-04 +3.992084103e+01 +3.992084103e+01 +3.9255e+00 -9.8173e-01
278 +3.495524702e-04 +3.495524702e-04 +3.992034955e+01 +3.992034955e+01 +3.9315e+00 -1.0018e+00
375 +2.365445366e-04 +2.365445366e-04 +3.992023654e+01 +3.992023654e+01 +3.9344e+00 -1.0126e+00
387 +7.305143586e-05 +7.305143586e-05 +3.992007305e+01 +3.992007305e+01 +3.9392e+00 -1.0296e+00
398 +5.645315028e-05 +5.645315028e-05 +3.992005645e+01 +3.992005645e+01 +3.9401e+00 -1.0326e+00
415 +2.647610349e-05 +2.647610349e-05 +3.992002648e+01 +3.992002648e+01 +3.9470e+00 -1.0574e+00
446 +9.998854509e-06 +9.998854509e-06 +3.992001000e+01 +3.992001000e+01 +3.9478e+00 -1.0601e+00
477 +4.434728297e-06 +4.434728297e-06 +3.992000443e+01 +3.992000443e+01 +3.9474e+00 -1.0588e+00
481 +3.679277903e-06 +3.679277903e-06 +3.992000368e+01 +3.992000368e+01 +3.9463e+00 -1.0548e+00
603 +2.280896346e-06 +2.280896346e-06 +3.992000228e+01 +3.992000228e+01 +3.9469e+00 -1.0571e+00
660 +1.145502239e-06 +1.145502239e-06 +3.992000115e+01 +3.992000115e+01 +3.9478e+00 -1.0603e+00
662 +8.685979154e-07 +8.685979154e-07 +3.992000087e+01 +3.992000087e+01 +3.9483e+00 -1.0622e+00
669 +3.992583260e-07 +3.992583260e-07 +3.992000040e+01 +3.992000040e+01 +3.9497e+00 -1.0673e+00
675 +1.000746153e-08 +1.000746153e-08 +3.992000001e+01 +3.992000001e+01 +3.9509e+00 -1.0713e+00
909 +8.646715344e-09 +8.646715344e-09 +3.992000001e+01 +3.992000001e+01 +3.9508e+00 -1.0711e+00
914 +6.014566623e-09 +6.014566623e-09 +3.992000001e+01 +3.992000001e+01 +3.9509e+00 -1.0713e+00
% function evaluation | noise-free fitness - Fopt (-5.661000000000e+01) | best noise-free fitness - Fopt | measured fitness | best measured fitness | x1 | x2...
1 +2.654838843e+02 +2.654838843e+02 +2.088738843e+02 +2.088738843e+02 -3.1467e+00 -2.1937e+00
2 +7.570961654e+01 +7.570961654e+01 +1.909961654e+01 +1.909961654e+01 -1.8304e+00 +8.6701e-01
10 +4.376974698e+00 +4.376974698e+00 -5.223302530e+01 -5.223302530e+01 +2.3102e+00 -1.4389e+00
18 +3.827022336e+00 +3.827022336e+00 -5.278297766e+01 -5.278297766e+01 +2.6636e+00 -8.6849e-01
80 +4.785764398e-01 +4.785764398e-01 -5.613142356e+01 -5.613142356e+01 +1.3896e+00 +3.2351e+00
109 +3.399727232e-01 +3.399727232e-01 -5.627002728e+01 -5.627002728e+01 +2.2865e+00 +3.3733e+00
114 +4.724892557e-02 +4.724892557e-02 -5.656275107e+01 -5.656275107e+01 +2.1687e+00 +2.9439e+00
124 +1.286130496e-02 +1.286130496e-02 -5.659713870e+01 -5.659713870e+01 +2.1279e+00 +2.9906e+00
170 +8.501902700e-03 +8.501902700e-03 -5.660149810e+01 -5.660149810e+01 +1.9306e+00 +2.9241e+00
188 +5.851573330e-03 +5.851573330e-03 -5.660414843e+01 -5.660414843e+01 +2.0244e+00 +2.9395e+00
193 +2.177286720e-03 +2.177286720e-03 -5.660782271e+01 -5.660782271e+01 +2.0214e+00 +2.9424e+00
204 +1.291354893e-03 +1.291354893e-03 -5.660870865e+01 -5.660870865e+01 +2.0538e+00 +2.9553e+00
227 +8.486206304e-04 +8.486206304e-04 -5.660915138e+01 -5.660915138e+01 +2.0179e+00 +2.9443e+00
257 +1.594531195e-04 +1.594531195e-04 -5.660984055e+01 -5.660984055e+01 +1.9932e+00 +2.9354e+00
302 +1.422126513e-04 +1.422126513e-04 -5.660985779e+01 -5.660985779e+01 +1.9945e+00 +2.9358e+00
367 +8.293554150e-05 +8.293554150e-05 -5.660991706e+01 -5.660991706e+01 +1.9916e+00 +2.9350e+00
385 +5.996851983e-05 +5.996851983e-05 -5.660994003e+01 -5.660994003e+01 +1.9874e+00 +2.9336e+00
434 +3.900105575e-05 +3.900105575e-05 -5.660996100e+01 -5.660996100e+01 +1.9824e+00 +2.9320e+00
463 +1.838573079e-05 +1.838573079e-05 -5.660998161e+01 -5.660998161e+01 +1.9755e+00 +2.9297e+00
465 +9.743298456e-06 +9.743298456e-06 -5.660999026e+01 -5.660999026e+01 +1.9693e+00 +2.9277e+00
484 +4.785613896e-07 +4.785613896e-07 -5.660999952e+01 -5.660999952e+01 +1.9574e+00 +2.9239e+00
520 +1.224090695e-07 +1.224090695e-07 -5.660999988e+01 -5.660999988e+01 +1.9521e+00 +2.9222e+00
618 +6.137524622e-08 +6.137524622e-08 -5.660999994e+01 -5.660999994e+01 +1.9507e+00 +2.9217e+00
620 +1.327349963e-08 +1.327349963e-08 -5.660999999e+01 -5.660999999e+01 +1.9514e+00 +2.9219e+00
650 +6.630180849e-09 +6.630180849e-09 -5.660999999e+01 -5.660999999e+01 +1.9514e+00 +2.9219e+00
% function evaluation | noise-free fitness - Fopt (-5.661000000000e+01) | best noise-free fitness - Fopt | measured fitness | best measured fitness | x1 | x2...
1 +5.934475731e+00 +5.934475731e+00 -5.067552427e+01 -5.067552427e+01 +1.5867e+00 -1.2965e+00
3 +1.675166969e+00 +1.675166969e+00 -5.493483303e+01 -5.493483303e+01 +1.2207e+00 +1.6099e+00
12 +9.283324714e-01 +9.283324714e-01 -5.568166753e+01 -5.568166753e+01 +1.8954e+00 +3.8796e+00
32 +1.090311497e-01 +1.090311497e-01 -5.650096885e+01 -5.650096885e+01 +2.0872e+00 +3.0804e+00
42 +6.983153175e-02 +6.983153175e-02 -5.654016847e+01 -5.654016847e+01 +1.8602e+00 +2.9658e+00
51 +5.540160480e-02 +5.540160480e-02 -5.655459840e+01 -5.655459840e+01 +1.9785e+00 +2.8725e+00
105 +2.418828797e-02 +2.418828797e-02 -5.658581171e+01 -5.658581171e+01 +2.1521e+00 +2.9633e+00
109 +1.067051677e-02 +1.067051677e-02 -5.659932948e+01 -5.659932948e+01 +2.1430e+00 +2.9908e+00
139 +4.979425602e-03 +4.979425602e-03 -5.660502057e+01 -5.660502057e+01 +1.9998e+00 +2.9429e+00
150 +3.878348619e-04 +3.878348619e-04 -5.660961217e+01 -5.660961217e+01 +1.9664e+00 +2.9272e+00
206 +1.091921618e-04 +1.091921618e-04 -5.660989081e+01 -5.660989081e+01 +1.9359e+00 +2.9170e+00
238 +2.092460960e-06 +2.092460960e-06 -5.660999791e+01 -5.660999791e+01 +1.9510e+00 +2.9218e+00
338 +1.407306719e-06 +1.407306719e-06 -5.660999859e+01 -5.660999859e+01 +1.9481e+00 +2.9209e+00
347 +5.244003844e-07 +5.244003844e-07 -5.660999948e+01 -5.660999948e+01 +1.9479e+00 +2.9208e+00
367 +2.883525951e-08 +2.883525951e-08 -5.660999997e+01 -5.660999997e+01 +1.9482e+00 +2.9209e+00
407 +2.282540379e-08 +2.282540379e-08 -5.660999998e+01 -5.660999998e+01 +1.9482e+00 +2.9209e+00
519 +1.479853751e-08 +1.479853751e-08 -5.660999999e+01 -5.660999999e+01 +1.9482e+00 +2.9209e+00
781 +9.620976016e-09 +9.620976016e-09 -5.660999999e+01 -5.660999999e+01 +1.9484e+00 +2.9209e+00
% function evaluation | noise-free fitness - Fopt (-5.661000000000e+01) | best noise-free fitness - Fopt | measured fitness | best measured fitness | x1 | x2...
1 +2.906339094e-01 +2.906339094e-01 -5.631936609e+01 -5.631936609e+01 +2.5637e+00 +3.1687e+00
32 +8.679473938e-02 +8.679473938e-02 -5.652320526e+01 -5.652320526e+01 +1.8973e+00 +2.8131e+00
61 +4.361643381e-02 +4.361643381e-02 -5.656638357e+01 -5.656638357e+01 +1.8097e+00 +2.8303e+00
65 +1.747789823e-02 +1.747789823e-02 -5.659252210e+01 -5.659252210e+01 +2.0971e+00 +2.9871e+00
71 +1.521823945e-02 +1.521823945e-02 -5.659478176e+01 -5.659478176e+01 +2.1598e+00 +2.9776e+00
75 +4.910975294e-03 +4.910975294e-03 -5.660508902e+01 -5.660508902e+01 +2.0636e+00 +2.9535e+00
161 +3.422288287e-03 +3.422288287e-03 -5.660657771e+01 -5.660657771e+01 +2.0936e+00 +2.9682e+00
172 +2.246174020e-03 +2.246174020e-03 -5.660775383e+01 -5.660775383e+01 +2.0728e+00 +2.9605e+00
190 +9.991215319e-04 +9.991215319e-04 -5.660900088e+01 -5.660900088e+01 +2.0454e+00 +2.9525e+00
252 +5.159922972e-04 +5.159922972e-04 -5.660948401e+01 -5.660948401e+01 +1.9989e+00 +2.9368e+00
255 +1.865106152e-04 +1.865106152e-04 -5.660981349e+01 -5.660981349e+01 +1.9947e+00 +2.9358e+00
285 +6.226861345e-05 +6.226861345e-05 -5.660993773e+01 -5.660993773e+01 +1.9777e+00 +2.9305e+00
297 +3.157859533e-05 +3.157859533e-05 -5.660996842e+01 -5.660996842e+01 +1.9671e+00 +2.9270e+00
311 +8.687784579e-06 +8.687784579e-06 -5.660999131e+01 -5.660999131e+01 +1.9616e+00 +2.9252e+00
334 +5.943585833e-06 +5.943585833e-06 -5.660999406e+01 -5.660999406e+01 +1.9599e+00 +2.9247e+00
397 +3.623865950e-06 +3.623865950e-06 -5.660999638e+01 -5.660999638e+01 +1.9641e+00 +2.9260e+00
437 +2.191754028e-06 +2.191754028e-06 -5.660999781e+01 -5.660999781e+01 +1.9626e+00 +2.9256e+00
453 +1.527899762e-06 +1.527899762e-06 -5.660999847e+01 -5.660999847e+01 +1.9613e+00 +2.9251e+00
498 +8.995400549e-07 +8.995400549e-07 -5.660999910e+01 -5.660999910e+01 +1.9594e+00 +2.9245e+00
522 +5.799593552e-07 +5.799593552e-07 -5.660999942e+01 -5.660999942e+01 +1.9551e+00 +2.9231e+00
545 +3.617383726e-07 +3.617383726e-07 -5.660999964e+01 -5.660999964e+01 +1.9571e+00 +2.9238e+00
610 +2.349260342e-07 +2.349260342e-07 -5.660999977e+01 -5.660999977e+01 +1.9563e+00 +2.9235e+00
637 +1.562875127e-07 +1.562875127e-07 -5.660999984e+01 -5.660999984e+01 +1.9554e+00 +2.9232e+00
670 +8.408676422e-08 +8.408676422e-08 -5.660999992e+01 -5.660999992e+01 +1.9541e+00 +2.9228e+00
675 +5.105574985e-08 +5.105574985e-08 -5.660999995e+01 -5.660999995e+01 +1.9538e+00 +2.9227e+00
681 +2.987076897e-08 +2.987076897e-08 -5.660999997e+01 -5.660999997e+01 +1.9524e+00 +2.9222e+00
704 +2.224631146e-08 +2.224631146e-08 -5.660999998e+01 -5.660999998e+01 +1.9518e+00 +2.9220e+00
734 +1.342710476e-08 +1.342710476e-08 -5.660999999e+01 -5.660999999e+01 +1.9516e+00 +2.9220e+00
737 +9.219469632e-09 +9.219469632e-09 -5.660999999e+01 -5.660999999e+01 +1.9505e+00 +2.9216e+00
740 +8.844480703e-10 +8.844480703e-10 -5.661000000e+01 -5.661000000e+01 +1.9511e+00 +2.9218e+00
