% function evaluation | noise-free fitness - Fopt (-5.235000000000e+01) | best noise-free fitness - Fopt | measured fitness | best measured fitness | x1 | x2...
1 +7.312002279e+01 +7.312002279e+01 +2.077002279e+01 +2.077002279e+01 +2.6777e+00 +1.2785e+00 +2.3780e+00 -1.9896e+00 +3.5355e+00
2 +3.560292683e+01 +3.560292683e+01 -1.674707317e+01 -1.674707317e+01 +4.6014e+00 -1.1141e+00 +4.0394e+00 -1.6644e+00 +3.9030e+00
6 +5.893831849e+00 +5.893831849e+00 -4.645616815e+01 -4.645616815e+01 +2.0837e+00 -1.2872e+00 +3.2573e+00 -1.5058e+00 +3.3645e-01
24 +3.047227392e+00 +3.047227392e+00 -4.930277261e+01 -4.930277261e+01 +6.4420e-01 -2.2139e+00 +7.3415e-01 -2.7601e+00 -9.2430e-01
83 +2.290542389e+00 +2.290542389e+00 -5.005945761e+01 -5.005945761e+01 +1.8831e-01 -2.8129e+00 +1.5572e+00 -3.2580e+00 -1.1790e+00
84 +8.890903431e-01 +8.890903431e-01 -5.146090966e+01 -5.146090966e+01 -2.7803e-01 -1.4010e+00 +2.3365e+00 -1.8845e+00 -6.1271e-01
96 +1.342364878e-01 +1.342364878e-01 -5.221576351e+01 -5.221576351e+01 -1.2063e+00 -1.4512e+00 +2.4172e+00 -2.5765e+00 -1.5236e+00
248 +8.342852825e-02 +8.342852825e-02 -5.226657147e+01 -5.226657147e+01 -1.1100e+00 -1.3615e+00 +2.6714e+00 -2.6389e+00 -1.6702e+00
250 +4.105795587e-02 +4.105795587e-02 -5.230894204e+01 -5.230894204e+01 -9.5046e-01 -1.2718e+00 +2.6070e+00 -2.4331e+00 -1.7096e+00
279 +3.658781403e-02 +3.658781403e-02 -5.231341219e+01 -5.231341219e+01 -8.4612e-01 -1.2866e+00 +2.6784e+00 -2.4239e+00 -1.4678e+00
296 +9.631192130e-03 +9.631192130e-03 -5.234036881e+01 -5.234036881e+01 -9.2822e-01 -1.3012e+00 +2.5970e+00 -2.4682e+00 -1.4642e+00
377 +3.952896041e-03 +3.952896041e-03 -5.234604710e+01 -5.234604710e+01 -9.4569e-01 -1.3211e+00 +2.6286e+00 -2.4266e+00 -1.5366e+00
475 +2.475257206e-03 +2.475257206e-03 -5.234752474e+01 -5.234752474e+01 -8.8463e-01 -1.2842e+00 +2.6327e+00 -2.3509e+00 -1.5272e+00
476 +1.548937481e-03 +1.548937481e-03 -5.234845106e+01 -5.234845106e+01 -8.8613e-01 -1.2863e+00 +2.6330e+00 -2.3486e+00 -1.5460e+00
646 +9.868205687e-04 +9.868205687e-04 -5.234901318e+01 -5.234901318e+01 -8.9308e-01 -1.2845e+00 +2.6196e+00 -2.3831e+00 -1.5552e+00
705 +6.031052816e-04 +6.031052816e-04 -5.234939689e+01 -5.234939689e+01 -9.0196e-01 -1.2823e+00 +2.5938e+00 -2.3862e+00 -1.5340e+00
819 +2.721363558e-04 +2.721363558e-04 -5.234972786e+01 -5.234972786e+01 -9.0235e-01 -1.2676e+00 +2.5547e+00 -2.4027e+00 -1.5257e+00
839 +2.481648405e-04 +2.481648405e-04 -5.234975184e+01 -5.234975184e+01 -8.9778e-01 -1.2679e+00 +2.5667e+00 -2.4031e+00 -1.5379e+00
928 +1.537275641e-04 +1.537275641e-04 -5.234984627e+01 -5.234984627e+01 -8.9461e-01 -1.2675e+00 +2.5682e+00 -2.3911e+00 -1.5342e+00
968 +9.686255375e-05 +9.686255375e-05 -5.234990314e+01 -5.234990314e+01 -8.9274e-01 -1.2627e+00 +2.5582e+00 -2.3917e+00 -1.5318e+00
1069 +5.710604074e-05 +5.710604074e-05 -5.234994289e+01 -5.234994289e+01 -8.8964e-01 -1.2602e+00 +2.5549e+00 -2.3845e+00 -1.5256e+00
1176 +3.891901235e-05 +3.891901235e-05 -5.234996108e+01 -5.234996108e+01 -8.8674e-01 -1.2567e+00 +2.5508e+00 -2.3835e+00 -1.5276e+00
1272 +2.129941324e-05 +2.129941324e-05 -5.234997870e+01 -5.234997870e+01 -8.8406e-01 -1.2552e+00 +2.5502e+00 -2.3775e+00 -1.5263e+00
1301 +7.310781321e-06 +7.310781321e-06 -5.234999269e+01 -5.234999269e+01 -8.8026e-01 -1.2524e+00 +2.5486e+00 -2.3718e+00 -1.5264e+00
1412 +5.127084975e-06 +5.127084975e-06 -5.234999487e+01 -5.234999487e+01 -8.7854e-01 -1.2500e+00 +2.5447e+00 -2.3701e+00 -1.5267e+00
1441 +3.770324575e-06 +3.770324575e-06 -5.234999623e+01 -5.234999623e+01 -8.7841e-01 -1.2500e+00 +2.5448e+00 -2.3697e+00 -1.5258e+00
1518 +2.293608794e-06 +2.293608794e-06 -5.234999771e+01 -5.234999771e+01 -8.7694e-01 -1.2490e+00 +2.5444e+00 -2.3674e+00 -1.5262e+00
1588 +1.212608645e-06 +1.212608645e-06 -5.234999879e+01 -5.234999879e+01 -8.7462e-01 -1.2481e+00 +2.5454e+00 -2.3630e+00 -1.5265e+00
1656 +7.540412881e-07 +7.540412881e-07 -5.234999925e+01 -5.234999925e+01 -8.7449e-01 -1.2479e+00 +2.5449e+00 -2.3628e+00 -1.5263e+00
1708 +5.812031674e-07 +5.812031674e-07 -5.234999942e+01 -5.234999942e+01 -8.7449e-01 -1.2482e+00 +2.5456e+00 -2.3622e+00 -1.5258e+00
1788 +3.379690767e-07 +3.379690767e-07 -5.234999966e+01 -5.234999966e+01 -8.7392e-01 -1.2474e+00 +2.5444e+00 -2.3617e+00 -1.5257e+00
1863 +1.675724448e-07 +1.675724448e-07 -5.234999983e+01 -5.234999983e+01 -8.7309e-01 -1.2468e+00 +2.5439e+00 -2.3604e+00 -1.5255e+00
2001 +1.378082146e-07 +1.378082146e-07 -5.234999986e+01 -5.234999986e+01 -8.7289e-01 -1.2465e+00 +2.5436e+00 -2.3601e+00 -1.5253e+00
2069 +9.571993331e-08 +9.571993331e-08 -5.234999990e+01 -5.234999990e+01 -8.7289e-01 -1.2464e+00 +2.5432e+00 -2.3601e+00 -1.5250e+00
2110 +5.737795306e-08 +5.737795306e-08 -5.234999994e+01 -5.234999994e+01 -8.7272e-01 -1.2461e+00 +2.5427e+00 -2.3599e+00 -1.5246e+00
2227 +3.591708264e-08 +3.591708264e-08 -5.234999996e+01 -5.234999996e+01 -8.7272e-01 -1.2460e+00 +2.5421e+00 -2.3599e+00 -1.5242e+00
2294 +1.990724030e-08 +1.990724030e-08 -5.234999998e+01 -5.234999998e+01 -8.7246e-01 -1.2457e+00 +2.5418e+00 -2.3596e+00 -1.5242e+00
2366 +1.177963327e-08 +1.177963327e-08 -5.234999999e+01 -5.234999999e+01 -8.7256e-01 -1.2457e+00 +2.5416e+00 -2.3599e+00 -1.5241e+00
2387 +8.041801891e-09 +8.041801891e-09 -5.234999999e+01 -5.234999999e+01 -8.7236e-01 -1.2454e+00 +2.5412e+00 -2.3596e+00 -1.5239e+00
% function evaluation | noise-free fitness - Fopt (-5.235000000000e+01) | best noise-free fitness - Fopt | measured fitness | best measured fitness | x1 | x2...
1 +7.463000813e+01 +7.463000813e+01 +2.228000813e+01 +2.228000813e+01 +1.8240e-01 -1.4298e+00 -3.2093e+00 -3.1007e+00 +1.3110e-01
4 +3.064672614e+01 +3.064672614e+01 -2.170327386e+01 -2.170327386e+01 -2.2121e-01 -1.7860e+00 -2.2117e+00 -1.1719e+00 -2.9009e+00
6 +5.539211770e+00 +5.539211770e+00 -4.681078823e+01 -4.681078823e+01 -3.0843e-01 +7.3011e-02 +1.1024e+00 -1.7447e+00 -2.0729e+00
19 +3.662466783e+00 +3.662466783e+00 -4.868753322e+01 -4.868753322e+01 -1.8738e+00 -1.6722e+00 +3.6174e+00 -4.4303e-01 -1.5450e+00
69 +2.508769562e+00 +2.508769562e+00 -4.984123044e+01 -4.984123044e+01 -8.0787e-02 -3.1417e+00 +1.2921e+00 -1.9829e+00 -2.2124e+00
111 +1.312854803e+00 +1.312854803e+00 -5.103714520e+01 -5.103714520e+01 -4.9716e-01 -1.6780e+00 +1.8117e+00 -1.1275e+00 -1.7613e+00
114 +6.026293554e-01 +6.026293554e-01 -5.174737064e+01 -5.174737064e+01 -4.4817e-01 -1.2767e+00 +1.7783e+00 -1.9870e+00 -1.7769e+00
144 +3.845399000e-01 +3.845399000e-01 -5.196546010e+01 -5.196546010e+01 -7.7192e-01 -1.1652e+00 +1.7713e+00 -2.2404e+00 -1.2909e+00
237 +2.333704347e-01 +2.333704347e-01 -5.211662957e+01 -5.211662957e+01 -6.5218e-01 -9.6944e-01 +2.6108e+00 -2.5882e+00 -1.6573e+00
242 +4.002823251e-02 +4.002823251e-02 -5.230997177e+01 -5.230997177e+01 -8.6738e-01 -1.1769e+00 +2.4251e+00 -2.5923e+00 -1.5251e+00
280 +2.583612437e-02 +2.583612437e-02 -5.232416388e+01 -5.232416388e+01 -9.4008e-01 -1.2806e+00 +2.4906e+00 -2.4439e+00 -1.6546e+00
332 +1.316439992e-02 +1.316439992e-02 -5.233683560e+01 -5.233683560e+01 -9.4982e-01 -1.2640e+00 +2.4719e+00 -2.4211e+00 -1.4824e+00
338 +7.604321082e-03 +7.604321082e-03 -5.234239568e+01 -5.234239568e+01 -8.6682e-01 -1.1999e+00 +2.4230e+00 -2.4183e+00 -1.5338e+00
393 +1.794808559e-03 +1.794808559e-03 -5.234820519e+01 -5.234820519e+01 -8.8310e-01 -1.2285e+00 +2.4835e+00 -2.3974e+00 -1.4973e+00
396 +1.568614721e-03 +1.568614721e-03 -5.234843139e+01 -5.234843139e+01 -8.7923e-01 -1.2503e+00 +2.5412e+00 -2.3722e+00 -1.5596e+00
608 +7.559498868e-04 +7.559498868e-04 -5.234924405e+01 -5.234924405e+01 -8.5989e-01 -1.2377e+00 +2.5349e+00 -2.3241e+00 -1.5217e+00
654 +5.946997424e-04 +5.946997424e-04 -5.234940530e+01 -5.234940530e+01 -8.5893e-01 -1.2338e+00 +2.5300e+00 -2.3409e+00 -1.5439e+00
746 +2.852583507e-04 +2.852583507e-04 -5.234971474e+01 -5.234971474e+01 -8.5207e-01 -1.2250e+00 +2.5175e+00 -2.3363e+00 -1.5301e+00
808 +1.408985709e-04 +1.408985709e-04 -5.234985910e+01 -5.234985910e+01 -8.6082e-01 -1.2380e+00 +2.5399e+00 -2.3440e+00 -1.5361e+00
818 +9.733374701e-05 +9.733374701e-05 -5.234990267e+01 -5.234990267e+01 -8.5783e-01 -1.2368e+00 +2.5404e+00 -2.3367e+00 -1.5312e+00
1093 +6.259713706e-05 +6.259713706e-05 -5.234993740e+01 -5.234993740e+01 -8.6071e-01 -1.2391e+00 +2.5428e+00 -2.3426e+00 -1.5300e+00
1130 +2.897751055e-05 +2.897751055e-05 -5.234997102e+01 -5.234997102e+01 -8.6352e-01 -1.2403e+00 +2.5408e+00 -2.3449e+00 -1.5270e+00
1200 +1.019669558e-05 +1.019669558e-05 -5.234998980e+01 -5.234998980e+01 -8.6643e-01 -1.2419e+00 +2.5404e+00 -2.3491e+00 -1.5240e+00
1321 +9.697689030e-06 +9.697689030e-06 -5.234999030e+01 -5.234999030e+01 -8.6500e-01 -1.2403e+00 +2.5384e+00 -2.3474e+00 -1.5226e+00
1362 +6.255257951e-06 +6.255257951e-06 -5.234999374e+01 -5.234999374e+01 -8.6594e-01 -1.2407e+00 +2.5376e+00 -2.3485e+00 -1.5214e+00
1406 +3.830307016e-06 +3.830307016e-06 -5.234999617e+01 -5.234999617e+01 -8.6661e-01 -1.2408e+00 +2.5371e+00 -2.3499e+00 -1.5209e+00
1598 +2.503210879e-06 +2.503210879e-06 -5.234999750e+01 -5.234999750e+01 -8.6641e-01 -1.2396e+00 +2.5341e+00 -2.3504e+00 -1.5196e+00
1724 +1.447215503e-06 +1.447215503e-06 -5.234999855e+01 -5.234999855e+01 -8.6723e-01 -1.2405e+00 +2.5353e+00 -2.3517e+00 -1.5207e+00
1814 +8.409563250e-07 +8.409563250e-07 -5.234999916e+01 -5.234999916e+01 -8.6812e-01 -1.2413e+00 +2.5360e+00 -2.3531e+00 -1.5211e+00
1876 +4.592673903e-07 +4.592673903e-07 -5.234999954e+01 -5.234999954e+01 -8.6888e-01 -1.2419e+00 +2.5366e+00 -2.3543e+00 -1.5213e+00
1910 +3.669336479e-07 +3.669336479e-07 -5.234999963e+01 -5.234999963e+01 -8.6911e-01 -1.2421e+00 +2.5368e+00 -2.3548e+00 -1.5218e+00
1973 +2.177931506e-07 +2.177931506e-07 -5.234999978e+01 -5.234999978e+01 -8.6977e-01 -1.2427e+00 +2.5376e+00 -2.3557e+00 -1.5219e+00
2009 +1.581726679e-07 +1.581726679e-07 -5.234999984e+01 -5.234999984e+01 -8.6991e-01 -1.2430e+00 +2.5381e+00 -2.3559e+00 -1.5223e+00
2019 +9.149074742e-08 +9.149074742e-08 -5.234999991e+01 -5.234999991e+01 -8.7034e-01 -1.2433e+00 +2.5385e+00 -2.3566e+00 -1.5224e+00
2078 +6.053927848e-08 +6.053927848e-08 -5.234999994e+01 -5.234999994e+01 -8.7084e-01 -1.2439e+00 +2.5392e+00 -2.3573e+00 -1.5228e+00
2175 +3.350883304e-08 +3.350883304e-08 -5.234999997e+01 -5.234999997e+01 -8.7080e-01 -1.2437e+00 +2.5389e+00 -2.3574e+00 -1.5227e+00
2211 +2.059550042e-08 +2.059550042e-08 -5.234999998e+01 -5.234999998e+01 -8.7104e-01 -1.2440e+00 +2.5391e+00 -2.3577e+00 -1.5229e+00
2259 +1.500026059e-08 +1.500026059e-08 -5.234999998e+01 -5.234999998e+01 -8.7122e-01 -1.2441e+00 +2.5393e+00 -2.3580e+00 -1.5229e+00
2385 +9.415963120e-09 +9.415963120e-09 -5.234999999e+01 -5.234999999e+01 -8.7122e-01 -1.2441e+00 +2.5392e+00 -2.3580e+00 -1.5228e+00
% function evaluation | noise-free fitness - Fopt (-5.235000000000e+01) | best noise-free fitness - Fopt | measured fitness | best measured fitness | x1 | x2...
1 +2.271983391e+02 +2.271983391e+02 +1.748483391e+02 +1.748483391e+02 -5.1865e-01 +3.8926e+00 -1.9306e+00 -7.0970e-01 -6.3612e-01
4 +8.592309168e+00 +8.592309168e+00 -4.375769083e+01 -4.375769083e+01 -2.2437e-01 +4.8702e-01 +6.0945e-01 -2.4995e+00 -1.7125e+00
39 +2.256006380e+00 +2.256006380e+00 -5.009399362e+01 -5.009399362e+01 +5.8635e-01 -1.7202e+00 +2.1228e+00 -3.9341e+00 -1.4033e+00
70 +7.325679637e-01 +7.325679637e-01 -5.161743204e+01 -5.161743204e+01 -2.9424e-01 -1.0399e+00 +3.0867e+00 -2.1694e+00 -2.1610e+00
85 +3.365536351e-01 +3.365536351e-01 -5.201344636e+01 -5.201344636e+01 -7.7376e-01 -1.2347e+00 +2.3875e+00 -2.4328e+00 -2.0901e+00
135 +1.827579735e-01 +1.827579735e-01 -5.216724203e+01 -5.216724203e+01 -6.8051e-01 -9.5576e-01 +2.3923e+00 -2.0514e+00 -1.8614e+00
197 +1.295118478e-01 +1.295118478e-01 -5.222048815e+01 -5.222048815e+01 -6.3717e-01 -1.1631e+00 +2.4936e+00 -2.4596e+00 -1.6406e+00
211 +4.768930016e-02 +4.768930016e-02 -5.230231070e+01 -5.230231070e+01 -8.3786e-01 -1.3201e+00 +2.6282e+00 -2.2662e+00 -1.5696e+00
220 +2.199013315e-02 +2.199013315e-02 -5.232800987e+01 -5.232800987e+01 -8.6986e-01 -1.3344e+00 +2.7298e+00 -2.3349e+00 -1.5998e+00
236 +1.491858278e-02 +1.491858278e-02 -5.233508142e+01 -5.233508142e+01 -8.6232e-01 -1.2044e+00 +2.4741e+00 -2.3029e+00 -1.5222e+00
353 +9.414625698e-03 +9.414625698e-03 -5.234058537e+01 -5.234058537e+01 -8.4081e-01 -1.2610e+00 +2.6318e+00 -2.2446e+00 -1.4985e+00
423 +4.128556371e-03 +4.128556371e-03 -5.234587144e+01 -5.234587144e+01 -8.3896e-01 -1.2173e+00 +2.5221e+00 -2.3169e+00 -1.4562e+00
433 +1.060169959e-03 +1.060169959e-03 -5.234893983e+01 -5.234893983e+01 -8.4227e-01 -1.2308e+00 +2.5467e+00 -2.3044e+00 -1.4993e+00
676 +9.607224059e-04 +9.607224059e-04 -5.234903928e+01 -5.234903928e+01 -8.3155e-01 -1.2123e+00 +2.5061e+00 -2.2814e+00 -1.4962e+00
734 +3.714039173e-04 +3.714039173e-04 -5.234962860e+01 -5.234962860e+01 -8.4427e-01 -1.2178e+00 +2.5058e+00 -2.3131e+00 -1.4990e+00
763 +2.140335845e-04 +2.140335845e-04 -5.234978597e+01 -5.234978597e+01 -8.5962e-01 -1.2271e+00 +2.5088e+00 -2.3442e+00 -1.5015e+00
855 +1.528263818e-04 +1.528263818e-04 -5.234984717e+01 -5.234984717e+01 -8.6054e-01 -1.2258e+00 +2.5025e+00 -2.3421e+00 -1.4985e+00
870 +9.610617366e-05 +9.610617366e-05 -5.234990389e+01 -5.234990389e+01 -8.6705e-01 -1.2302e+00 +2.5053e+00 -2.3543e+00 -1.4999e+00
1132 +6.202144331e-05 +6.202144331e-05 -5.234993798e+01 -5.234993798e+01 -8.6662e-01 -1.2311e+00 +2.5091e+00 -2.3543e+00 -1.5039e+00
1187 +3.980826462e-05 +3.980826462e-05 -5.234996019e+01 -5.234996019e+01 -8.6598e-01 -1.2316e+00 +2.5121e+00 -2.3548e+00 -1.5096e+00
1380 +2.490135248e-05 +2.490135248e-05 -5.234997510e+01 -5.234997510e+01 -8.6619e-01 -1.2331e+00 +2.5162e+00 -2.3549e+00 -1.5122e+00
1480 +1.409100300e-05 +1.409100300e-05 -5.234998591e+01 -5.234998591e+01 -8.6560e-01 -1.2352e+00 +2.5227e+00 -2.3510e+00 -1.5134e+00
1506 +9.801267403e-06 +9.801267403e-06 -5.234999020e+01 -5.234999020e+01 -8.6698e-01 -1.2366e+00 +2.5246e+00 -2.3533e+00 -1.5146e+00
1533 +5.944406624e-06 +5.944406624e-06 -5.234999406e+01 -5.234999406e+01 -8.6687e-01 -1.2377e+00 +2.5283e+00 -2.3536e+00 -1.5180e+00
1606 +3.931960876e-06 +3.931960876e-06 -5.234999607e+01 -5.234999607e+01 -8.6780e-01 -1.2389e+00 +2.5303e+00 -2.3548e+00 -1.5197e+00
1611 +1.780431361e-06 +1.780431361e-06 -5.234999822e+01 -5.234999822e+01 -8.6829e-01 -1.2399e+00 +2.5322e+00 -2.3548e+00 -1.5201e+00
1681 +1.534782420e-06 +1.534782420e-06 -5.234999847e+01 -5.234999847e+01 -8.6974e-01 -1.2406e+00 +2.5318e+00 -2.3574e+00 -1.5194e+00
1735 +7.931641264e-07 +7.931641264e-07 -5.234999921e+01 -5.234999921e+01 -8.6931e-01 -1.2411e+00 +2.5337e+00 -2.3557e+00 -1.5196e+00
1763 +5.922858719e-07 +5.922858719e-07 -5.234999941e+01 -5.234999941e+01 -8.6934e-01 -1.2414e+00 +2.5344e+00 -2.3558e+00 -1.5204e+00
1801 +3.513770253e-07 +3.513770253e-07 -5.234999965e+01 -5.234999965e+01 -8.6988e-01 -1.2420e+00 +2.5355e+00 -2.3563e+00 -1.5206e+00
1939 +2.498276643e-07 +2.498276643e-07 -5.234999975e+01 -5.234999975e+01 -8.7037e-01 -1.2424e+00 +2.5356e+00 -2.3571e+00 -1.5206e+00
2044 +1.570677739e-07 +1.570677739e-07 -5.234999984e+01 -5.234999984e+01 -8.7078e-01 -1.2427e+00 +2.5361e+00 -2.3578e+00 -1.5210e+00
2154 +9.815600777e-08 +9.815600777e-08 -5.234999990e+01 -5.234999990e+01 -8.7100e-01 -1.2431e+00 +2.5366e+00 -2.3582e+00 -1.5215e+00
2255 +6.118988694e-08 +6.118988694e-08 -5.234999994e+01 -5.234999994e+01 -8.7110e-01 -1.2433e+00 +2.5372e+00 -2.3582e+00 -1.5217e+00
2320 +3.638583479e-08 +3.638583479e-08 -5.234999996e+01 -5.234999996e+01 -8.7127e-01 -1.2436e+00 +2.5377e+00 -2.3585e+00 -1.5220e+00
2366 +2.348823358e-08 +2.348823358e-08 -5.234999998e+01 -5.234999998e+01 -8.7137e-01 -1.2438e+00 +2.5381e+00 -2.3585e+00 -1.5223e+00
2385 +1.578158049e-08 +1.578158049e-08 -5.234999998e+01 -5.234999998e+01 -8.7142e-01 -1.2439e+00 +2.5384e+00 -2.3585e+00 -1.5224e+00
2421 +7.620336362e-09 +7.620336362e-09 -5.234999999e+01 -5.234999999e+01 -8.7174e-01 -1.2443e+00 +2.5390e+00 -2.3589e+00 -1.5226e+00
% function evaluation | noise-free fitness - Fopt (-1.795400000000e+02) | best noise-free fitness - Fopt | measured fitness | best measured fitness | x1 | x2...
1 +4.444290978e+01 +4.444290978e+01 -1.350970902e+02 -1.350970902e+02 +3.1100e+00 -3.5208e+00 +3.5687e+00 +2.5195e+00 +2.3651e+00
6 +2.911032493e+01 +2.911032493e+01 -1.504296751e+02 -1.504296751e+02 +1.5175e+00 -4.4579e+00 +5.1259e+00 +1.9513e+00 +3.7812e+00
9 +2.134872903e+01 +2.134872903e+01 -1.581912710e+02 -1.581912710e+02 +3.6284e+00 -2.7467e+00 +3.1413e+00 +5.2305e-01 +5.1452e+00
11 +1.530152564e+01 +1.530152564e+01 -1.642384744e+02 -1.642384744e+02 +1.5466e+00 -2.8858e+00 +3.5441e+00 +2.3669e+00 +3.9465e+00
17 +8.154801610e+00 +8.154801610e+00 -1.713851984e+02 -1.713851984e+02 +1.4807e+00 -2.5221e+00 +2.7371e+00 +1.9646e+00 +6.9003e+00
46 +4.157624028e+00 +4.157624028e+00 -1.753823760e+02 -1.753823760e+02 +2.0158e+00 -7.1696e-01 -5.9996e-01 +3.0172e+00 +5.2676e+00
71 +3.556657001e+00 +3.556657001e+00 -1.759833430e+02 -1.759833430e+02 +1.4005e+00 +1.4928e+00 -4.7341e+00 +2.4591e+00 +5.6937e+00
125 +1.154110232e+00 +1.154110232e+00 -1.783858898e+02 -1.783858898e+02 +1.2721e+00 +1.5648e+00 -3.9470e+00 +2.8961e+00 +3.3436e+00
154 +7.025352401e-01 +7.025352401e-01 -1.788374648e+02 -1.788374648e+02 +5.4891e-01 +6.1669e-02 -3.7119e+00 +3.2046e+00 +3.8833e+00
162 +3.892317455e-01 +3.892317455e-01 -1.791507683e+02 -1.791507683e+02 +7.6005e-01 +4.7907e-01 -3.8848e+00 +2.8113e+00 +4.1295e+00
208 +2.300886787e-01 +2.300886787e-01 -1.793099113e+02 -1.793099113e+02 +9.0885e-01 +5.6891e-01 -3.1422e+00 +2.5886e+00 +3.9402e+00
226 +7.624127005e-02 +7.624127005e-02 -1.794637587e+02 -1.794637587e+02 +8.3079e-01 +6.8633e-01 -3.4108e+00 +2.6315e+00 +4.0479e+00
258 +5.140519613e-02 +5.140519613e-02 -1.794885948e+02 -1.794885948e+02 +5.8008e-01 +5.1051e-01 -3.4676e+00 +2.5141e+00 +3.9970e+00
265 +3.765063437e-02 +3.765063437e-02 -1.795023494e+02 -1.795023494e+02 +7.9444e-01 +6.4220e-01 -3.3852e+00 +2.5757e+00 +3.9501e+00
323 +2.447695291e-02 +2.447695291e-02 -1.795155230e+02 -1.795155230e+02 +6.7812e-01 +6.9396e-01 -3.4123e+00 +2.5166e+00 +3.9339e+00
392 +1.464115835e-02 +1.464115835e-02 -1.795253588e+02 -1.795253588e+02 +8.7190e-01 +5.3391e-01 -3.4136e+00 +2.6294e+00 +3.8667e+00
428 +6.490798297e-03 +6.490798297e-03 -1.795335092e+02 -1.795335092e+02 +7.5511e-01 +6.0166e-01 -3.4255e+00 +2.5050e+00 +3.9013e+00
479 +5.124684522e-03 +5.124684522e-03 -1.795348753e+02 -1.795348753e+02 +7.1399e-01 +5.9621e-01 -3.4594e+00 +2.4997e+00 +3.9430e+00
796 +3.882153467e-03 +3.882153467e-03 -1.795361178e+02 -1.795361178e+02 +7.1162e-01 +5.8691e-01 -3.4468e+00 +2.4990e+00 +3.9261e+00
886 +2.220499306e-03 +2.220499306e-03 -1.795377795e+02 -1.795377795e+02 +7.4245e-01 +5.7815e-01 -3.4379e+00 +2.4855e+00 +3.9050e+00
899 +1.538668268e-03 +1.538668268e-03 -1.795384613e+02 -1.795384613e+02 +7.3939e-01 +5.7488e-01 -3.4448e+00 +2.4637e+00 +3.9040e+00
932 +8.663291221e-04 +8.663291221e-04 -1.795391337e+02 -1.795391337e+02 +7.9705e-01 +5.4339e-01 -3.4387e+00 +2.4752e+00 +3.8769e+00
939 +5.210433162e-04 +5.210433162e-04 -1.795394790e+02 -1.795394790e+02 +7.6219e-01 +5.3861e-01 -3.4440e+00 +2.4205e+00 +3.8690e+00
1005 +2.720548018e-04 +2.720548018e-04 -1.795397279e+02 -1.795397279e+02 +7.9325e-01 +5.1834e-01 -3.4427e+00 +2.4176e+00 +3.8528e+00
1016 +2.473508092e-04 +2.473508092e-04 -1.795397526e+02 -1.795397526e+02 +7.9813e-01 +5.2529e-01 -3.4417e+00 +2.4386e+00 +3.8598e+00
1071 +1.335601321e-04 +1.335601321e-04 -1.795398664e+02 -1.795398664e+02 +7.9418e-01 +5.2497e-01 -3.4448e+00 +2.4296e+00 +3.8607e+00
1088 +9.218215959e-05 +9.218215959e-05 -1.795399078e+02 -1.795399078e+02 +7.8857e-01 +5.2172e-01 -3.4466e+00 +2.4183e+00 +3.8588e+00
1184 +4.915725376e-05 +4.915725376e-05 -1.795399508e+02 -1.795399508e+02 +7.9132e-01 +5.2056e-01 -3.4469e+00 +2.4116e+00 +3.8561e+00
1201 +3.839914976e-05 +3.839914976e-05 -1.795399616e+02 -1.795399616e+02 +7.8776e-01 +5.2059e-01 -3.4467e+00 +2.4104e+00 +3.8563e+00
1277 +1.825443164e-05 +1.825443164e-05 -1.795399817e+02 -1.795399817e+02 +8.0055e-01 +5.1557e-01 -3.4462e+00 +2.4096e+00 +3.8510e+00
1338 +1.524973575e-05 +1.524973575e-05 -1.795399848e+02 -1.795399848e+02 +7.9860e-01 +5.1443e-01 -3.4461e+00 +2.4065e+00 +3.8497e+00
1387 +9.939615438e-06 +9.939615438e-06 -1.795399901e+02 -1.795399901e+02 +7.9503e-01 +5.1520e-01 -3.4468e+00 +2.4044e+00 +3.8508e+00
1450 +4.581327005e-06 +4.581327005e-06 -1.795399954e+02 -1.795399954e+02 +7.8830e-01 +5.1325e-01 -3.4482e+00 +2.3937e+00 +3.8493e+00
1522 +3.646613720e-06 +3.646613720e-06 -1.795399964e+02 -1.795399964e+02 +7.8764e-01 +5.1108e-01 -3.4486e+00 +2.3892e+00 +3.8475e+00
1555 +2.272525961e-06 +2.272525961e-06 -1.795399977e+02 -1.795399977e+02 +7.8853e-01 +5.1154e-01 -3.4484e+00 +2.3900e+00 +3.8476e+00
1679 +1.139611101e-06 +1.139611101e-06 -1.795399989e+02 -1.795399989e+02 +7.8990e-01 +5.1178e-01 -3.4483e+00 +2.3909e+00 +3.8477e+00
1698 +8.758431704e-07 +8.758431704e-07 -1.795399991e+02 -1.795399991e+02 +7.9057e-01 +5.1189e-01 -3.4483e+00 +2.3917e+00 +3.8478e+00
1714 +5.675092325e-07 +5.675092325e-07 -1.795399994e+02 -1.795399994e+02 +7.9117e-01 +5.1245e-01 -3.4482e+00 +2.3927e+00 +3.8482e+00
1844 +3.785561944e-07 +3.785561944e-07 -1.795399996e+02 -1.795399996e+02 +7.9126e-01 +5.1211e-01 -3.4483e+00 +2.3917e+00 +3.8478e+00
1861 +2.479508225e-07 +2.479508225e-07 -1.795399998e+02 -1.795399998e+02 +7.9138e-01 +5.1185e-01 -3.4483e+00 +2.3914e+00 +3.8476e+00
1963 +1.051824654e-07 +1.051824654e-07 -1.795399999e+02 -1.795399999e+02 +7.9221e-01 +5.1252e-01 -3.4482e+00 +2.3930e+00 +3.8481e+00
1998 +8.810161489e-08 +8.810161489e-08 -1.795399999e+02 -1.795399999e+02 +7.9312e-01 +5.1318e-01 -3.4480e+00 +2.3946e+00 +3.8486e+00
2041 +5.999282848e-08 +5.999282848e-08 -1.795399999e+02 -1.795399999e+02 +7.9347e-01 +5.1340e-01 -3.4480e+00 +2.3953e+00 +3.8487e+00
2096 +3.759052447e-08 +3.759052447e-08 -1.795400000e+02 -1.795400000e+02 +7.9289e-01 +5.1301e-01 -3.4481e+00 +2.3940e+00 +3.8484e+00
2179 +2.397297294e-08 +2.397297294e-08 -1.795400000e+02 -1.795400000e+02 +7.9308e-01 +5.1317e-01 -3.4481e+00 +2.3944e+00 +3.8485e+00
2260 +1.002712224e-08 +1.002712224e-08 -1.795400000e+02 -1.795400000e+02 +7.9309e-01 +5.1305e-01 -3.4481e+00 +2.3941e+00 +3.8484e+00
2300 +6.950301668e-09 +6.950301668e-09 -1.795400000e+02 -1.795400000e+02 +7.9322e-01 +5.1311e-01 -3.4481e+00 +2.3943e+00 +3.8484e+00
% function evaluation | noise-free fitness - Fopt (-1.795400000000e+02) | best noise-free fitness - Fopt | measured fitness | best measured fitness | x1 | x2...
1 +1.063654197e+02 +1.063654197e+02 -7.317458025e+01 -7.317458025e+01 -2.8025e+00 -2.4553e+00 +6.6600e-01 -5.2178e-01 +1.6094e+00
2 +1.290124843e+01 +1.290124843e+01 -1.666387516e+02 -1.666387516e+02 -2.7879e+00 -2.9261e-01 +9.5078e-02 +1.7533e+00 +3.0007e+00
16 +6.370580715e+00 +6.370580715e+00 -1.731694193e+02 -1.731694193e+02 -6.1208e-01 +1.5042e-01 -8.4149e-01 +1.5555e-01 +4.6333e+00
51 +5.988503313e+00 +5.988503313e+00 -1.735514967e+02 -1.735514967e+02 +1.4019e+00 +7.3185e-01 -2.7287e+00 +1.9044e+00 +4.4582e-01
59 +3.348208724e+00 +3.348208724e+00 -1.761917913e+02 -1.761917913e+02 +1.8766e-01 +1.8950e+00 -2.0962e+00 +3.0868e+00 +2.7002e+00
75 +1.944903497e+00 +1.944903497e+00 -1.775950965e+02 -1.775950965e+02 +5.8012e-01 +2.0269e-01 -4.2565e+00 +1.6692e+00 +2.7813e+00
90 +7.197324517e-01 +7.197324517e-01 -1.788202675e+02 -1.788202675e+02 +8.7702e-01 +4.0388e-01 -2.8937e+00 +1.7668e+00 +4.1230e+00
109 +6.071933944e-01 +6.071933944e-01 -1.789328066e+02 -1.789328066e+02 +3.0953e-01 +9.3750e-01 -2.8120e+00 +2.4471e+00 +3.9996e+00
155 +1.145980364e-01 +1.145980364e-01 -1.794254020e+02 -1.794254020e+02 +1.1809e+00 +7.9146e-01 -3.4525e+00 +2.5125e+00 +3.9574e+00
186 +3.486749219e-02 +3.486749219e-02 -1.795051325e+02 -1.795051325e+02 +6.5790e-01 +7.1741e-01 -3.4984e+00 +2.4650e+00 +4.0599e+00
213 +1.410916077e-02 +1.410916077e-02 -1.795258908e+02 -1.795258908e+02 +7.9313e-01 +3.7332e-01 -3.4114e+00 +2.4105e+00 +3.7567e+00
303 +9.780355492e-03 +9.780355492e-03 -1.795302196e+02 -1.795302196e+02 +7.0555e-01 +4.7933e-01 -3.4447e+00 +2.3022e+00 +3.8329e+00
372 +6.175742716e-03 +6.175742716e-03 -1.795338243e+02 -1.795338243e+02 +7.7995e-01 +6.0621e-01 -3.4670e+00 +2.3934e+00 +3.9040e+00
411 +3.510476582e-03 +3.510476582e-03 -1.795364895e+02 -1.795364895e+02 +7.4923e-01 +5.2732e-01 -3.4454e+00 +2.3084e+00 +3.8368e+00
466 +2.220305408e-03 +2.220305408e-03 -1.795377797e+02 -1.795377797e+02 +7.5579e-01 +5.3379e-01 -3.4547e+00 +2.3118e+00 +3.8459e+00
482 +1.455587413e-03 +1.455587413e-03 -1.795385444e+02 -1.795385444e+02 +7.5485e-01 +5.1975e-01 -3.4640e+00 +2.3119e+00 +3.8487e+00
565 +8.247015893e-04 +8.247015893e-04 -1.795391753e+02 -1.795391753e+02 +7.6122e-01 +5.1925e-01 -3.4542e+00 +2.3305e+00 +3.8439e+00
606 +6.134934254e-04 +6.134934254e-04 -1.795393865e+02 -1.795393865e+02 +7.5466e-01 +5.0131e-01 -3.4552e+00 +2.3250e+00 +3.8368e+00
708 +3.354301777e-04 +3.354301777e-04 -1.795396646e+02 -1.795396646e+02 +7.6086e-01 +4.9770e-01 -3.4537e+00 +2.3370e+00 +3.8358e+00
768 +2.401417803e-04 +2.401417803e-04 -1.795397599e+02 -1.795397599e+02 +7.7286e-01 +4.9056e-01 -3.4519e+00 +2.3420e+00 +3.8303e+00
795 +1.321427887e-04 +1.321427887e-04 -1.795398679e+02 -1.795398679e+02 +7.8035e-01 +4.9927e-01 -3.4514e+00 +2.3504e+00 +3.8348e+00
1002 +9.711865121e-05 +9.711865121e-05 -1.795399029e+02 -1.795399029e+02 +7.8206e-01 +5.0257e-01 -3.4520e+00 +2.3550e+00 +3.8379e+00
1175 +6.072555817e-05 +6.072555817e-05 -1.795399393e+02 -1.795399393e+02 +7.8442e-01 +5.0028e-01 -3.4513e+00 +2.3608e+00 +3.8375e+00
1236 +3.921559212e-05 +3.921559212e-05 -1.795399608e+02 -1.795399608e+02 +7.8856e-01 +5.0376e-01 -3.4505e+00 +2.3677e+00 +3.8396e+00
1286 +2.497673935e-05 +2.497673935e-05 -1.795399750e+02 -1.795399750e+02 +7.9701e-01 +5.0737e-01 -3.4493e+00 +2.3818e+00 +3.8427e+00
1315 +1.314041427e-05 +1.314041427e-05 -1.795399869e+02 -1.795399869e+02 +8.0211e-01 +5.0910e-01 -3.4480e+00 +2.3910e+00 +3.8440e+00
1383 +8.357903624e-06 +8.357903624e-06 -1.795399916e+02 -1.795399916e+02 +8.0215e-01 +5.1239e-01 -3.4474e+00 +2.3979e+00 +3.8469e+00
1433 +4.419247915e-06 +4.419247915e-06 -1.795399956e+02 -1.795399956e+02 +7.9580e-01 +5.0882e-01 -3.4486e+00 +2.3869e+00 +3.8444e+00
1493 +3.731221881e-06 +3.731221881e-06 -1.795399963e+02 -1.795399963e+02 +7.9801e-01 +5.0928e-01 -3.4481e+00 +2.3900e+00 +3.8446e+00
1548 +2.365184599e-06 +2.365184599e-06 -1.795399976e+02 -1.795399976e+02 +7.9797e-01 +5.0997e-01 -3.4478e+00 +2.3928e+00 +3.8455e+00
1565 +1.474260699e-06 +1.474260699e-06 -1.795399985e+02 -1.795399985e+02 +7.9680e-01 +5.1097e-01 -3.4478e+00 +2.3941e+00 +3.8465e+00
1659 +4.305133530e-07 +4.305133530e-07 -1.795399996e+02 -1.795399996e+02 +7.9563e-01 +5.1065e-01 -3.4479e+00 +2.3925e+00 +3.8462e+00
1747 +3.412199305e-07 +3.412199305e-07 -1.795399997e+02 -1.795399997e+02 +7.9527e-01 +5.1038e-01 -3.4480e+00 +2.3916e+00 +3.8460e+00
1783 +2.345273060e-07 +2.345273060e-07 -1.795399998e+02 -1.795399998e+02 +7.9495e-01 +5.1060e-01 -3.4480e+00 +2.3920e+00 +3.8463e+00
1803 +1.418654847e-07 +1.418654847e-07 -1.795399999e+02 -1.795399999e+02 +7.9443e-01 +5.1089e-01 -3.4480e+00 +2.3924e+00 +3.8466e+00
1921 +7.580712236e-08 +7.580712236e-08 -1.795399999e+02 -1.795399999e+02 +7.9419e-01 +5.1124e-01 -3.4480e+00 +2.3925e+00 +3.8469e+00
2108 +6.101359418e-08 +6.101359418e-08 -1.795399999e+02 -1.795399999e+02 +7.9427e-01 +5.1155e-01 -3.4480e+00 +2.3931e+00 +3.8471e+00
2192 +3.951208782e-08 +3.951208782e-08 -1.795400000e+02 -1.795400000e+02 +7.9404e-01 +5.1173e-01 -3.4480e+00 +2.3931e+00 +3.8473e+00
2285 +2.479924888e-08 +2.479924888e-08 -1.795400000e+02 -1.795400000e+02 +7.9404e-01 +5.1204e-01 -3.4480e+00 +2.3935e+00 +3.8475e+00
2330 +1.500973212e-08 +1.500973212e-08 -1.795400000e+02 -1.795400000e+02 +7.9393e-01 +5.1242e-01 -3.4480e+00 +2.3939e+00 +3.8478e+00
2365 +9.537757251e-09 +9.537757251e-09 -1.795400000e+02 -1.795400000e+02 +7.9375e-01 +5.1290e-01 -3.4480e+00 +2.3945e+00 +3.8482e+00
% function evaluation | noise-free fitness - Fopt (-1.795400000000e+02) | best noise-free fitness - Fopt | measured fitness | best measured fitness | x1 | x2...
1 +4.472867285e+00 +4.472867285e+00 -1.750671327e+02 -1.750671327e+02 -1.0440e+00 +2.5737e+00 -3.4137e+00 +3.0347e+00 +2.5309e+00
8 +1.116573846e+00 +1.116573846e+00 -1.784234262e+02 -1.784234262e+02 +1.4460e-03 +1.0617e+00 -3.3666e+00 +2.8132e+00 +3.0222e+00
64 +6.282448350e-01 +6.282448350e-01 -1.789117552e+02 -1.789117552e+02 -1.2121e-02 +9.8455e-01 -3.4050e+00 +2.6232e+00 +3.6375e+00
76 +3.739699149e-01 +3.739699149e-01 -1.791660301e+02 -1.791660301e+02 +3.0443e-01 +8.7283e-01 -3.5125e+00 +2.3129e+00 +3.6823e+00
116 +1.601551882e-01 +1.601551882e-01 -1.793798448e+02 -1.793798448e+02 +1.0747e+00 +3.5790e-01 -3.6199e+00 +2.6562e+00 +3.8166e+00
124 +6.834115944e-02 +6.834115944e-02 -1.794716588e+02 -1.794716588e+02 +9.1627e-01 +5.1299e-01 -3.3433e+00 +2.2834e+00 +3.7821e+00
161 +3.232906837e-02 +3.232906837e-02 -1.795076709e+02 -1.795076709e+02 +7.3122e-01 +6.5614e-01 -3.5503e+00 +2.3946e+00 +4.0097e+00
237 +1.132812135e-02 +1.132812135e-02 -1.795286719e+02 -1.795286719e+02 +7.5267e-01 +4.8459e-01 -3.4651e+00 +2.4470e+00 +3.8846e+00
243 +7.149748167e-03 +7.149748167e-03 -1.795328503e+02 -1.795328503e+02 +8.2608e-01 +4.1207e-01 -3.4506e+00 +2.4111e+00 +3.8093e+00
251 +6.157788603e-03 +6.157788603e-03 -1.795338422e+02 -1.795338422e+02 +7.8711e-01 +4.7876e-01 -3.4339e+00 +2.4357e+00 +3.8410e+00
266 +2.903256453e-03 +2.903256453e-03 -1.795370967e+02 -1.795370967e+02 +8.6604e-01 +5.0252e-01 -3.4459e+00 +2.4529e+00 +3.8428e+00
348 +2.022116868e-03 +2.022116868e-03 -1.795379779e+02 -1.795379779e+02 +8.1252e-01 +4.8392e-01 -3.4350e+00 +2.4232e+00 +3.8253e+00
452 +1.446304184e-03 +1.446304184e-03 -1.795385537e+02 -1.795385537e+02 +8.2821e-01 +4.7476e-01 -3.4315e+00 +2.4231e+00 +3.8173e+00
510 +7.722948043e-04 +7.722948043e-04 -1.795392277e+02 -1.795392277e+02 +8.2137e-01 +4.7964e-01 -3.4393e+00 +2.4087e+00 +3.8235e+00
514 +5.460402657e-04 +5.460402657e-04 -1.795394540e+02 -1.795394540e+02 +8.1605e-01 +4.8302e-01 -3.4381e+00 +2.4033e+00 +3.8241e+00
539 +3.228898666e-04 +3.228898666e-04 -1.795396771e+02 -1.795396771e+02 +8.1359e-01 +4.8181e-01 -3.4426e+00 +2.3969e+00 +3.8262e+00
595 +2.211925411e-04 +2.211925411e-04 -1.795397788e+02 -1.795397788e+02 +8.0465e-01 +4.9433e-01 -3.4450e+00 +2.3871e+00 +3.8326e+00
643 +1.024873343e-04 +1.024873343e-04 -1.795398975e+02 -1.795398975e+02 +8.0282e-01 +5.0227e-01 -3.4451e+00 +2.3959e+00 +3.8393e+00
662 +6.009483826e-05 +6.009483826e-05 -1.795399399e+02 -1.795399399e+02 +8.0051e-01 +5.0265e-01 -3.4487e+00 +2.3818e+00 +3.8393e+00
709 +1.240372561e-05 +1.240372561e-05 -1.795399876e+02 -1.795399876e+02 +7.9682e-01 +5.0441e-01 -3.4474e+00 +2.3909e+00 +3.8422e+00
783 +9.535004352e-06 +9.535004352e-06 -1.795399905e+02 -1.795399905e+02 +7.9602e-01 +5.0570e-01 -3.4482e+00 +2.3878e+00 +3.8428e+00
802 +3.111997273e-06 +3.111997273e-06 -1.795399969e+02 -1.795399969e+02 +7.9582e-01 +5.0593e-01 -3.4478e+00 +2.3884e+00 +3.8428e+00
1046 +2.251490315e-06 +2.251490315e-06 -1.795399977e+02 -1.795399977e+02 +7.9366e-01 +5.0755e-01 -3.4486e+00 +2.3852e+00 +3.8436e+00
1397 +1.576313451e-06 +1.576313451e-06 -1.795399984e+02 -1.795399984e+02 +7.9446e-01 +5.0731e-01 -3.4483e+00 +2.3868e+00 +3.8436e+00
1843 +9.998540804e-07 +9.998540804e-07 -1.795399990e+02 -1.795399990e+02 +7.9246e-01 +5.0847e-01 -3.4483e+00 +2.3878e+00 +3.8448e+00
2135 +6.244213751e-07 +6.244213751e-07 -1.795399994e+02 -1.795399994e+02 +7.9148e-01 +5.0965e-01 -3.4484e+00 +2.3886e+00 +3.8458e+00
2222 +3.633250003e-07 +3.633250003e-07 -1.795399996e+02 -1.795399996e+02 +7.9179e-01 +5.1040e-01 -3.4484e+00 +2.3895e+00 +3.8464e+00
2261 +2.363586304e-07 +2.363586304e-07 -1.795399998e+02 -1.795399998e+02 +7.9287e-01 +5.1050e-01 -3.4482e+00 +2.3906e+00 +3.8464e+00
2282 +1.454077676e-07 +1.454077676e-07 -1.795399999e+02 -1.795399999e+02 +7.9242e-01 +5.1121e-01 -3.4483e+00 +2.3910e+00 +3.8469e+00
2299 +9.817492241e-08 +9.817492241e-08 -1.795399999e+02 -1.795399999e+02 +7.9311e-01 +5.1145e-01 -3.4481e+00 +2.3920e+00 +3.8471e+00
2375 +5.850193929e-08 +5.850193929e-08 -1.795399999e+02 -1.795399999e+02 +7.9269e-01 +5.1197e-01 -3.4482e+00 +2.3924e+00 +3.8476e+00
2406 +3.872963816e-08 +3.872963816e-08 -1.795400000e+02 -1.795400000e+02 +7.9332e-01 +5.1195e-01 -3.4481e+00 +2.3929e+00 +3.8475e+00
2460 +2.440432922e-08 +2.440432922e-08 -1.795400000e+02 -1.795400000e+02 +7.9341e-01 +5.1219e-01 -3.4481e+00 +2.3933e+00 +3.8477e+00
2572 +1.579604714e-08 +1.579604714e-08 -1.795400000e+02 -1.795400000e+02 +7.9377e-01 +5.1220e-01 -3.4480e+00 +2.3935e+00 +3.8477e+00
2639 +9.960217540e-09 +9.960217540e-09 -1.795400000e+02 -1.795400000e+02 +7.9384e-01 +5.1243e-01 -3.4480e+00 +2.3938e+00 +3.8478e+00
% function evaluation | noise-free fitness - Fopt (7.731000000000e+01) | best noise-free fitness - Fopt | measured fitness | best measured fitness | x1 | x2...
1 +7.368134541e+01 +7.368134541e+01 +1.509913454e+02 +1.509913454e+02 -3.2091e+00 -1.3032e+00 +2.1089e+00 -1.9689e+00 +1.3938e+00
7 +2.774857410e+01 +2.774857410e+01 +1.050585741e+02 +1.050585741e+02 -5.4179e+00 +7.6894e-01 +1.3809e+00 -8.6742e-01 -3.1195e-01
12 +2.378928030e+01 +2.378928030e+01 +1.010992803e+02 +1.010992803e+02 -2.2486e+00 +1.0480e+00 +2.1730e-01 -5.4002e+00 -1.9477e+00
14 +9.452765444e+00 +9.452765444e+00 +8.676276544e+01 +8.676276544e+01 -2.5408e+00 +1.6977e+00 -8.1451e-01 -2.6478e+00 -3.4019e-01
60 +2.369332251e+00 +2.369332251e+00 +7.967933225e+01 +7.967933225e+01 -3.7475e-01 -1.4020e-02 -2.0112e+00 -2.8173e+00 +4.6395e-01
103 +1.561430584e+00 +1.561430584e+00 +7.887143058e+01 +7.887143058e+01 -1.1815e-01 -4.1489e-01 -1.0178e+00 -1.7207e+00 +3.1020e-01
129 +6.993372717e-01 +6.993372717e-01 +7.800933727e+01 +7.800933727e+01 +3.8580e-01 -3.9777e-01 -2.8190e+00 -2.3059e+00 +5.8243e-01
134 +5.505527122e-01 +5.505527122e-01 +7.786055271e+01 +7.786055271e+01 +9.8095e-01 +5.3123e-03 -2.0269e+00 -1.8102e+00 +1.4632e+00
162 +1.814760184e-01 +1.814760184e-01 +7.749147602e+01 +7.749147602e+01 +9.4831e-01 -7.3348e-01 -2.0219e+00 -2.0044e+00 +7.5325e-01
175 +1.093764278e-01 +1.093764278e-01 +7.741937643e+01 +7.741937643e+01 +1.0766e+00 -8.1668e-01 -2.0380e+00 -1.8924e+00 +8.5643e-01
207 +6.089084474e-02 +6.089084474e-02 +7.737089084e+01 +7.737089084e+01 +6.6256e-01 -8.1102e-01 -2.1391e+00 -1.9304e+00 +1.1111e+00
228 +3.628713972e-02 +3.628713972e-02 +7.734628714e+01 +7.734628714e+01 +1.0380e+00 -3.4328e-01 -2.2547e+00 -1.9023e+00 +9.3888e-01
242 +1.875425260e-02 +1.875425260e-02 +7.732875425e+01 +7.732875425e+01 +8.7486e-01 -6.2573e-01 -2.2106e+00 -1.8821e+00 +1.0334e+00
277 +1.408645771e-02 +1.408645771e-02 +7.732408646e+01 +7.732408646e+01 +9.2704e-01 -5.1122e-01 -2.0961e+00 -1.9087e+00 +9.7474e-01
325 +5.418306258e-03 +5.418306258e-03 +7.731541831e+01 +7.731541831e+01 +9.0204e-01 -5.6593e-01 -2.1618e+00 -1.9131e+00 +9.8920e-01
365 +2.153121009e-03 +2.153121009e-03 +7.731215312e+01 +7.731215312e+01 +9.2674e-01 -5.8189e-01 -2.1671e+00 -1.8877e+00 +9.9068e-01
410 +1.043985609e-03 +1.043985609e-03 +7.731104399e+01 +7.731104399e+01 +9.1480e-01 -5.5706e-01 -2.1484e+00 -1.8897e+00 +9.9717e-01
606 +9.130317859e-04 +9.130317859e-04 +7.731091303e+01 +7.731091303e+01 +9.3165e-01 -5.6467e-01 -2.1602e+00 -1.8846e+00 +9.8960e-01
619 +5.892708597e-04 +5.892708597e-04 +7.731058927e+01 +7.731058927e+01 +9.1496e-01 -5.8942e-01 -2.1610e+00 -1.8741e+00 +9.9786e-01
635 +1.999615881e-04 +1.999615881e-04 +7.731019996e+01 +7.731019996e+01 +8.9732e-01 -6.0512e-01 -2.1763e+00 -1.8704e+00 +1.0063e+00
740 +1.374891032e-04 +1.374891032e-04 +7.731013749e+01 +7.731013749e+01 +9.0008e-01 -5.9800e-01 -2.1654e+00 -1.8736e+00 +1.0046e+00
881 +9.513500190e-05 +9.513500190e-05 +7.731009514e+01 +7.731009514e+01 +8.9798e-01 -5.9659e-01 -2.1673e+00 -1.8765e+00 +1.0049e+00
1040 +6.252632294e-05 +6.252632294e-05 +7.731006253e+01 +7.731006253e+01 +8.9391e-01 -6.0256e-01 -2.1628e+00 -1.8768e+00 +1.0060e+00
1091 +3.821962724e-05 +3.821962724e-05 +7.731003822e+01 +7.731003822e+01 +8.9490e-01 -6.0037e-01 -2.1574e+00 -1.8802e+00 +1.0046e+00
1121 +2.502362651e-05 +2.502362651e-05 +7.731002502e+01 +7.731002502e+01 +8.9429e-01 -6.0072e-01 -2.1545e+00 -1.8824e+00 +1.0042e+00
1277 +1.541591050e-05 +1.541591050e-05 +7.731001542e+01 +7.731001542e+01 +8.9273e-01 -6.0441e-01 -2.1500e+00 -1.8822e+00 +1.0044e+00
1312 +9.925658759e-06 +9.925658759e-06 +7.731000993e+01 +7.731000993e+01 +8.9247e-01 -6.0426e-01 -2.1475e+00 -1.8841e+00 +1.0039e+00
1463 +6.274222827e-06 +6.274222827e-06 +7.731000627e+01 +7.731000627e+01 +8.9182e-01 -6.0597e-01 -2.1430e+00 -1.8850e+00 +1.0037e+00
1614 +3.912994117e-06 +3.912994117e-06 +7.731000391e+01 +7.731000391e+01 +8.9317e-01 -6.0458e-01 -2.1405e+00 -1.8861e+00 +1.0028e+00
1693 +2.262948215e-06 +2.262948215e-06 +7.731000226e+01 +7.731000226e+01 +8.9410e-01 -6.0430e-01 -2.1381e+00 -1.8865e+00 +1.0022e+00
1741 +1.574697464e-06 +1.574697464e-06 +7.731000157e+01 +7.731000157e+01 +8.9469e-01 -6.0439e-01 -2.1363e+00 -1.8867e+00 +1.0018e+00
1849 +9.595613051e-07 +9.595613051e-07 +7.731000096e+01 +7.731000096e+01 +8.9495e-01 -6.0450e-01 -2.1351e+00 -1.8869e+00 +1.0016e+00
1890 +6.030942785e-07 +6.030942785e-07 +7.731000060e+01 +7.731000060e+01 +8.9584e-01 -6.0337e-01 -2.1325e+00 -1.8880e+00 +1.0009e+00
1905 +3.679251819e-07 +3.679251819e-07 +7.731000037e+01 +7.731000037e+01 +8.9562e-01 -6.0455e-01 -2.1323e+00 -1.8874e+00 +1.0011e+00
1971 +2.396291592e-07 +2.396291592e-07 +7.731000024e+01 +7.731000024e+01 +8.9563e-01 -6.0462e-01 -2.1315e+00 -1.8876e+00 +1.0010e+00
2058 +1.406575194e-07 +1.406575194e-07 +7.731000014e+01 +7.731000014e+01 +8.9587e-01 -6.0532e-01 -2.1304e+00 -1.8873e+00 +1.0009e+00
2119 +9.624224617e-08 +9.624224617e-08 +7.731000010e+01 +7.731000010e+01 +8.9557e-01 -6.0590e-01 -2.1302e+00 -1.8871e+00 +1.0010e+00
2153 +6.204527381e-08 +6.204527381e-08 +7.731000006e+01 +7.731000006e+01 +8.9572e-01 -6.0583e-01 -2.1294e+00 -1.8873e+00 +1.0008e+00
2247 +3.662312054e-08 +3.662312054e-08 +7.731000004e+01 +7.731000004e+01 +8.9546e-01 -6.0633e-01 -2.1293e+00 -1.8872e+00 +1.0009e+00
2341 +2.481058914e-08 +2.481058914e-08 +7.731000002e+01 +7.731000002e+01 +8.9525e-01 -6.0682e-01 -2.1289e+00 -1.8871e+00 +1.0010e+00
2375 +1.538369077e-08 +1.538369077e-08 +7.731000002e+01 +7.731000002e+01 +8.9527e-01 -6.0708e-01 -2.1283e+00 -1.8871e+00 +1.0009e+00
2491 +8.149186215e-09 +8.149186215e-09 +7.731000001e+01 +7.731000001e+01 +8.9519e-01 -6.0725e-01 -2.1282e+00 -1.8871e+00 +1.0010e+00
% function evaluation | noise-free fitness - Fopt (7.731000000000e+01) | best noise-free fitness - Fopt | measured fitness | best measured fitness | x1 | x2...
1 +4.008622854e+01 +4.008622854e+01 +1.173962285e+02 +1.173962285e+02 -1.7947e+00 -2.7555e+00 -3.0883e+00 +2.3031e+00 -1.3733e-01
6 +3.402881778e+01 +3.402881778e+01 +1.113388178e+02 +1.113388178e+02 -2.1558e+00 -2.9765e+00 -1.1309e+00 +2.3386e+00 -5.5129e-01
13 +2.416980177e+01 +2.416980177e+01 +1.014798018e+02 +1.014798018e+02 +2.5509e-01 -5.3985e-01 -5.0768e+00 +2.1376e+00 -1.3449e+00
17 +1.051353424e+01 +1.051353424e+01 +8.782353424e+01 +8.782353424e+01 -3.9871e-01 -1.9677e+00 -1.5645e+00 +2.1937e+00 -2.8769e+00
20 +8.765902647e+00 +8.765902647e+00 +8.607590265e+01 +8.607590265e+01 -1.9966e+00 -1.0069e+00 -3.7187e+00 +2.8537e-01 -6.7717e+00
29 +6.189177360e+00 +6.189177360e+00 +8.349917736e+01 +8.349917736e+01 -1.4901e+00 +8.7176e-01 -1.6924e+00 -1.7261e+00 -4.1694e+00
42 +3.938553117e+00 +3.938553117e+00 +8.124855312e+01 +8.124855312e+01 +7.8773e-01 -1.4884e+00 -3.2924e+00 -6.5878e-01 -2.2690e+00
58 +2.411655583e+00 +2.411655583e+00 +7.972165558e+01 +7.972165558e+01 +9.2070e-01 -1.0479e+00 -2.1889e+00 -9.1710e-02 +1.7036e-02
103 +1.246340929e+00 +1.246340929e+00 +7.855634093e+01 +7.855634093e+01 +1.1246e+00 -1.5091e+00 -2.4713e+00 -9.9708e-01 +6.5628e-01
129 +3.542544046e-01 +3.542544046e-01 +7.766425440e+01 +7.766425440e+01 +3.3546e-01 -8.7083e-01 -1.8713e+00 -2.1691e+00 +1.0483e+00
177 +1.955157211e-01 +1.955157211e-01 +7.750551572e+01 +7.750551572e+01 +5.3072e-01 -7.9907e-01 -2.3873e+00 -1.6430e+00 +1.1243e+00
187 +6.421671308e-02 +6.421671308e-02 +7.737421671e+01 +7.737421671e+01 +8.1655e-01 -6.3037e-01 -2.3641e+00 -1.8431e+00 +1.1261e+00
226 +2.757991416e-02 +2.757991416e-02 +7.733757991e+01 +7.733757991e+01 +8.7584e-01 -7.7762e-01 -2.1062e+00 -1.8250e+00 +9.8132e-01
230 +2.183679419e-02 +2.183679419e-02 +7.733183679e+01 +7.733183679e+01 +8.2670e-01 -6.4842e-01 -2.3811e+00 -1.7747e+00 +1.0778e+00
327 +6.433688241e-03 +6.433688241e-03 +7.731643369e+01 +7.731643369e+01 +9.1718e-01 -5.7351e-01 -2.1962e+00 -1.9194e+00 +9.8699e-01
424 +8.638377102e-04 +8.638377102e-04 +7.731086384e+01 +7.731086384e+01 +9.1828e-01 -5.7218e-01 -2.1587e+00 -1.8962e+00 +9.9158e-01
671 +5.894965869e-04 +5.894965869e-04 +7.731058950e+01 +7.731058950e+01 +8.7114e-01 -6.4385e-01 -2.1368e+00 -1.8685e+00 +1.0139e+00
750 +3.721004737e-04 +3.721004737e-04 +7.731037210e+01 +7.731037210e+01 +8.7914e-01 -6.3717e-01 -2.1404e+00 -1.8699e+00 +1.0108e+00
755 +2.272916340e-04 +2.272916340e-04 +7.731022729e+01 +7.731022729e+01 +8.7815e-01 -6.3193e-01 -2.1382e+00 -1.8761e+00 +1.0097e+00
836 +1.215110271e-04 +1.215110271e-04 +7.731012151e+01 +7.731012151e+01 +8.8376e-01 -6.2573e-01 -2.1398e+00 -1.8785e+00 +1.0071e+00
860 +8.955854491e-05 +8.955854491e-05 +7.731008956e+01 +7.731008956e+01 +8.8566e-01 -6.2287e-01 -2.1397e+00 -1.8770e+00 +1.0070e+00
888 +3.110223338e-05 +3.110223338e-05 +7.731003110e+01 +7.731003110e+01 +8.9193e-01 -6.1443e-01 -2.1421e+00 -1.8789e+00 +1.0044e+00
973 +2.442356433e-05 +2.442356433e-05 +7.731002442e+01 +7.731002442e+01 +8.9513e-01 -6.0968e-01 -2.1429e+00 -1.8799e+00 +1.0032e+00
1095 +1.572549455e-05 +1.572549455e-05 +7.731001573e+01 +7.731001573e+01 +8.9344e-01 -6.1094e-01 -2.1426e+00 -1.8799e+00 +1.0039e+00
1338 +9.651242010e-06 +9.651242010e-06 +7.731000965e+01 +7.731000965e+01 +8.9292e-01 -6.0952e-01 -2.1423e+00 -1.8812e+00 +1.0039e+00
1442 +6.050418804e-06 +6.050418804e-06 +7.731000605e+01 +7.731000605e+01 +8.9428e-01 -6.0681e-01 -2.1426e+00 -1.8823e+00 +1.0032e+00
1564 +3.952862528e-06 +3.952862528e-06 +7.731000395e+01 +7.731000395e+01 +8.9418e-01 -6.0509e-01 -2.1418e+00 -1.8842e+00 +1.0029e+00
1853 +2.463159660e-06 +2.463159660e-06 +7.731000246e+01 +7.731000246e+01 +8.9345e-01 -6.0561e-01 -2.1393e+00 -1.8855e+00 +1.0027e+00
2048 +1.386492727e-06 +1.386492727e-06 +7.731000139e+01 +7.731000139e+01 +8.9362e-01 -6.0649e-01 -2.1370e+00 -1.8855e+00 +1.0025e+00
2098 +9.915131614e-07 +9.915131614e-07 +7.731000099e+01 +7.731000099e+01 +8.9475e-01 -6.0576e-01 -2.1345e+00 -1.8861e+00 +1.0018e+00
2152 +5.714482114e-07 +5.714482114e-07 +7.731000057e+01 +7.731000057e+01 +8.9451e-01 -6.0596e-01 -2.1342e+00 -1.8864e+00 +1.0018e+00
2182 +3.563228574e-07 +3.563228574e-07 +7.731000036e+01 +7.731000036e+01 +8.9488e-01 -6.0560e-01 -2.1325e+00 -1.8870e+00 +1.0014e+00
2191 +1.637021541e-07 +1.637021541e-07 +7.731000016e+01 +7.731000016e+01 +8.9472e-01 -6.0683e-01 -2.1316e+00 -1.8865e+00 +1.0015e+00
2206 +1.308205242e-07 +1.308205242e-07 +7.731000013e+01 +7.731000013e+01 +8.9494e-01 -6.0645e-01 -2.1310e+00 -1.8868e+00 +1.0013e+00
2280 +5.833869920e-08 +5.833869920e-08 +7.731000006e+01 +7.731000006e+01 +8.9502e-01 -6.0715e-01 -2.1286e+00 -1.8871e+00 +1.0011e+00
2288 +3.371044954e-08 +3.371044954e-08 +7.731000003e+01 +7.731000003e+01 +8.9497e-01 -6.0742e-01 -2.1288e+00 -1.8869e+00 +1.0011e+00
2435 +2.204298255e-08 +2.204298255e-08 +7.731000002e+01 +7.731000002e+01 +8.9490e-01 -6.0789e-01 -2.1284e+00 -1.8867e+00 +1.0011e+00
2487 +1.439538266e-08 +1.439538266e-08 +7.731000001e+01 +7.731000001e+01 +8.9496e-01 -6.0801e-01 -2.1276e+00 -1.8869e+00 +1.0010e+00
2513 +7.528527135e-09 +7.528527135e-09 +7.731000001e+01 +7.731000001e+01 +8.9499e-01 -6.0783e-01 -2.1277e+00 -1.8870e+00 +1.0010e+00
% function evaluation | noise-free fitness - Fopt (7.731000000000e+01) | best noise-free fitness - Fopt | measured fitness | best measured fitness | x1 | x2...
1 +1.786880226e+01 +1.786880226e+01 +9.517880226e+01 +9.517880226e+01 +3.7712e+00 -1.4732e+00 +4.7456e-01 +8.4656e-01 +3.9585e+00
14 +1.439676442e+01 +1.439676442e+01 +9.170676442e+01 +9.170676442e+01 +2.4422e+00 -2.7648e+00 -1.0054e+00 +1.4534e+00 +1.5994e+00
18 +8.413693866e+00 +8.413693866e+00 +8.572369387e+01 +8.572369387e+01 +1.2820e+00 -6.2354e-01 -4.2905e+00 -1.7802e+00 +1.4947e+00
25 +3.438971657e+00 +3.438971657e+00 +8.074897166e+01 +8.074897166e+01 +3.0192e+00 -3.6081e-01 -7.1978e-01 -2.2549e+00 +3.2798e+00
29 +2.496092514e+00 +2.496092514e+00 +7.980609251e+01 +7.980609251e+01 +9.0620e-01 -5.6916e-01 -2.2575e+00 -2.6438e+00 +3.4701e+00
54 +1.387011244e+00 +1.387011244e+00 +7.869701124e+01 +7.869701124e+01 +1.6541e+00 -1.3711e+00 -1.9582e+00 -1.1428e+00 +1.8268e+00
74 +9.016771724e-01 +9.016771724e-01 +7.821167717e+01 +7.821167717e+01 +1.1763e+00 -8.0406e-02 -1.7002e+00 -2.6750e+00 +1.2420e+00
101 +6.084472654e-01 +6.084472654e-01 +7.791844727e+01 +7.791844727e+01 +1.2361e+00 -4.7413e-01 -2.4240e+00 -1.6482e+00 +1.6116e+00
143 +2.048084612e-01 +2.048084612e-01 +7.751480846e+01 +7.751480846e+01 +8.3104e-01 -5.4434e-01 -1.7195e+00 -1.7104e+00 +1.1469e+00
148 +1.385277791e-01 +1.385277791e-01 +7.744852778e+01 +7.744852778e+01 +7.2850e-01 -4.5326e-01 -2.0948e+00 -1.8197e+00 +1.1604e+00
169 +5.041904291e-02 +5.041904291e-02 +7.736041904e+01 +7.736041904e+01 +8.1405e-01 -3.8001e-01 -2.3052e+00 -1.8873e+00 +1.0419e+00
241 +3.501232633e-02 +3.501232633e-02 +7.734501233e+01 +7.734501233e+01 +9.3563e-01 -7.1406e-01 -1.9979e+00 -1.9186e+00 +9.9411e-01
262 +2.113889952e-02 +2.113889952e-02 +7.733113890e+01 +7.733113890e+01 +8.7578e-01 -5.0052e-01 -1.9210e+00 -2.0188e+00 +9.7155e-01
320 +7.482418011e-03 +7.482418011e-03 +7.731748242e+01 +7.731748242e+01 +9.2088e-01 -5.7341e-01 -2.0140e+00 -1.9861e+00 +9.6257e-01
408 +6.039358439e-03 +6.039358439e-03 +7.731603936e+01 +7.731603936e+01 +9.3083e-01 -5.9122e-01 -1.9442e+00 -1.9453e+00 +9.6360e-01
532 +3.789013027e-03 +3.789013027e-03 +7.731378901e+01 +7.731378901e+01 +9.4699e-01 -5.8429e-01 -1.9934e+00 -1.9324e+00 +9.6290e-01
606 +2.080458702e-03 +2.080458702e-03 +7.731208046e+01 +7.731208046e+01 +9.3034e-01 -5.9018e-01 -2.0060e+00 -1.9103e+00 +9.7702e-01
653 +1.406442080e-03 +1.406442080e-03 +7.731140644e+01 +7.731140644e+01 +9.1462e-01 -6.4239e-01 -2.0446e+00 -1.8806e+00 +9.8901e-01
702 +6.090812294e-04 +6.090812294e-04 +7.731060908e+01 +7.731060908e+01 +8.8275e-01 -6.2395e-01 -2.0610e+00 -1.9112e+00 +9.9597e-01
731 +2.617198214e-04 +2.617198214e-04 +7.731026172e+01 +7.731026172e+01 +8.9392e-01 -6.1905e-01 -2.0692e+00 -1.8982e+00 +9.9564e-01
806 +2.509911711e-04 +2.509911711e-04 +7.731025099e+01 +7.731025099e+01 +8.9951e-01 -6.0493e-01 -2.0916e+00 -1.9058e+00 +9.9267e-01
838 +1.533425382e-04 +1.533425382e-04 +7.731015334e+01 +7.731015334e+01 +9.0121e-01 -5.9909e-01 -2.1070e+00 -1.8964e+00 +9.9561e-01
861 +6.450535471e-05 +6.450535471e-05 +7.731006451e+01 +7.731006451e+01 +9.0356e-01 -6.0414e-01 -2.1009e+00 -1.8946e+00 +9.9452e-01
894 +4.607585484e-05 +4.607585484e-05 +7.731004608e+01 +7.731004608e+01 +8.9976e-01 -6.0533e-01 -2.0994e+00 -1.8969e+00 +9.9544e-01
967 +3.784536146e-05 +3.784536146e-05 +7.731003785e+01 +7.731003785e+01 +9.0183e-01 -6.0172e-01 -2.1077e+00 -1.8950e+00 +9.9562e-01
1123 +2.207816904e-05 +2.207816904e-05 +7.731002208e+01 +7.731002208e+01 +9.0070e-01 -6.0630e-01 -2.1043e+00 -1.8922e+00 +9.9638e-01
1162 +1.409622097e-05 +1.409622097e-05 +7.731001410e+01 +7.731001410e+01 +8.9877e-01 -6.0630e-01 -2.1085e+00 -1.8933e+00 +9.9707e-01
1250 +9.976200730e-06 +9.976200730e-06 +7.731000998e+01 +7.731000998e+01 +8.9947e-01 -6.0678e-01 -2.1096e+00 -1.8915e+00 +9.9726e-01
1348 +6.191044903e-06 +6.191044903e-06 +7.731000619e+01 +7.731000619e+01 +8.9799e-01 -6.0746e-01 -2.1115e+00 -1.8913e+00 +9.9798e-01
1405 +3.848191980e-06 +3.848191980e-06 +7.731000385e+01 +7.731000385e+01 +8.9622e-01 -6.0701e-01 -2.1173e+00 -1.8907e+00 +9.9916e-01
1415 +2.359979987e-06 +2.359979987e-06 +7.731000236e+01 +7.731000236e+01 +8.9590e-01 -6.0741e-01 -2.1183e+00 -1.8903e+00 +9.9943e-01
1426 +1.111858438e-06 +1.111858438e-06 +7.731000111e+01 +7.731000111e+01 +8.9698e-01 -6.0791e-01 -2.1185e+00 -1.8889e+00 +9.9926e-01
1476 +6.968336379e-07 +6.968336379e-07 +7.731000070e+01 +7.731000070e+01 +8.9595e-01 -6.0828e-01 -2.1195e+00 -1.8892e+00 +9.9966e-01
1652 +6.201700700e-07 +6.201700700e-07 +7.731000062e+01 +7.731000062e+01 +8.9590e-01 -6.0879e-01 -2.1187e+00 -1.8891e+00 +9.9963e-01
1752 +3.592326721e-07 +3.592326721e-07 +7.731000036e+01 +7.731000036e+01 +8.9565e-01 -6.0912e-01 -2.1198e+00 -1.8886e+00 +9.9990e-01
1802 +2.418066174e-07 +2.418066174e-07 +7.731000024e+01 +7.731000024e+01 +8.9553e-01 -6.0921e-01 -2.1204e+00 -1.8883e+00 +1.0000e+00
1880 +1.479247658e-07 +1.479247658e-07 +7.731000015e+01 +7.731000015e+01 +8.9513e-01 -6.0955e-01 -2.1218e+00 -1.8879e+00 +1.0003e+00
1979 +9.504636012e-08 +9.504636012e-08 +7.731000010e+01 +7.731000010e+01 +8.9507e-01 -6.0959e-01 -2.1224e+00 -1.8876e+00 +1.0005e+00
2030 +6.052040646e-08 +6.052040646e-08 +7.731000006e+01 +7.731000006e+01 +8.9497e-01 -6.0968e-01 -2.1230e+00 -1.8874e+00 +1.0006e+00
2286 +3.980295560e-08 +3.980295560e-08 +7.731000004e+01 +7.731000004e+01 +8.9488e-01 -6.0984e-01 -2.1236e+00 -1.8871e+00 +1.0007e+00
2574 +2.503142582e-08 +2.503142582e-08 +7.731000003e+01 +7.731000003e+01 +8.9498e-01 -6.0951e-01 -2.1241e+00 -1.8871e+00 +1.0007e+00
2621 +1.448168518e-08 +1.448168518e-08 +7.731000001e+01 +7.731000001e+01 +8.9504e-01 -6.0922e-01 -2.1243e+00 -1.8872e+00 +1.0007e+00
2634 +8.234920301e-09 +8.234920301e-09 +7.731000001e+01 +7.731000001e+01 +8.9506e-01 -6.0894e-01 -2.1248e+00 -1.8872e+00 +1.0007e+00
% function evaluation | noise-free fitness - Fopt (3.992000000000e+01) | best noise-free fitness - Fopt | measured fitness | best measured fitness | x1 | x2...
1 +9.987538253e+00 +9.987538253e+00 +4.990753825e+01 +4.990753825e+01 -1.6385e+00 +1.4803e+00 +1.1573e+00 -2.5440e-01 +3.0182e+00
45 +6.206963454e+00 +6.206963454e+00 +4.612696345e+01 +4.612696345e+01 +1.2203e-01 -4.3829e-01 +1.4372e+00 +8.4694e-01 +1.8869e-01
70 +3.871405199e+00 +3.871405199e+00 +4.379140520e+01 +4.379140520e+01 +2.3219e+00 -2.3283e+00 +4.8117e-01 -1.5981e+00 -9.2597e-01
101 +1.703808332e+00 +1.703808332e+00 +4.162380833e+01 +4.162380833e+01 +5.2520e+00 -1.7333e+00 +3.0491e+00 -1.7451e+00 -2.4562e+00
111 +6.605930981e-01 +6.605930981e-01 +4.058059310e+01 +4.058059310e+01 +4.6774e+00 -5.8146e-01 +1.8481e+00 -2.4821e+00 -2.2946e+00
153 +6.169206769e-01 +6.169206769e-01 +4.053692068e+01 +4.053692068e+01 +3.5619e+00 -4.0533e-01 +2.7333e+00 -2.1674e+00 -1.7704e+00
172 +2.583378517e-01 +2.583378517e-01 +4.017833785e+01 +4.017833785e+01 +3.9384e+00 -9.0447e-01 +2.7690e+00 -2.3949e+00 -2.4306e+00
198 +2.299953660e-01 +2.299953660e-01 +4.014999537e+01 +4.014999537e+01 +3.7166e+00 -1.1599e+00 +2.0235e+00 -2.3321e+00 -2.6050e+00
201 +1.306720867e-01 +1.306720867e-01 +4.005067209e+01 +4.005067209e+01 +3.9588e+00 -1.1300e+00 +2.2911e+00 -2.5734e+00 -2.0599e+00
209 +5.536482914e-02 +5.536482914e-02 +3.997536483e+01 +3.997536483e+01 +3.7723e+00 -1.1111e+00 +2.6916e+00 -2.4064e+00 -2.1310e+00
226 +3.417157558e-02 +3.417157558e-02 +3.995417158e+01 +3.995417158e+01 +3.8040e+00 -1.1180e+00 +2.5349e+00 -2.2965e+00 -2.2578e+00
283 +1.985638802e-02 +1.985638802e-02 +3.993985639e+01 +3.993985639e+01 +3.8326e+00 -1.1794e+00 +2.4772e+00 -2.2404e+00 -2.1680e+00
310 +9.289005130e-03 +9.289005130e-03 +3.992928901e+01 +3.992928901e+01 +3.8543e+00 -1.0971e+00 +2.5451e+00 -2.3212e+00 -2.0812e+00
364 +5.208093903e-03 +5.208093903e-03 +3.992520809e+01 +3.992520809e+01 +3.9864e+00 -1.0086e+00 +2.3639e+00 -2.2911e+00 -2.0284e+00
371 +2.313587098e-03 +2.313587098e-03 +3.992231359e+01 +3.992231359e+01 +3.9708e+00 -1.0824e+00 +2.3649e+00 -2.2956e+00 -1.9921e+00
450 +1.149766735e-03 +1.149766735e-03 +3.992114977e+01 +3.992114977e+01 +3.9406e+00 -1.0879e+00 +2.3961e+00 -2.3137e+00 -2.0242e+00
605 +9.935388109e-04 +9.935388109e-04 +3.992099354e+01 +3.992099354e+01 +3.9209e+00 -1.0860e+00 +2.4402e+00 -2.3090e+00 -2.0301e+00
665 +6.104894632e-04 +6.104894632e-04 +3.992061049e+01 +3.992061049e+01 +3.9321e+00 -1.0827e+00 +2.4225e+00 -2.2981e+00 -2.0319e+00
701 +3.972538639e-04 +3.972538639e-04 +3.992039725e+01 +3.992039725e+01 +3.9289e+00 -1.0844e+00 +2.4200e+00 -2.2966e+00 -2.0404e+00
737 +1.427088493e-04 +1.427088493e-04 +3.992014271e+01 +3.992014271e+01 +3.9312e+00 -1.0753e+00 +2.4127e+00 -2.2922e+00 -2.0519e+00
829 +9.878888592e-05 +9.878888592e-05 +3.992009879e+01 +3.992009879e+01 +3.9318e+00 -1.0732e+00 +2.4069e+00 -2.2896e+00 -2.0597e+00
839 +5.332803588e-05 +5.332803588e-05 +3.992005333e+01 +3.992005333e+01 +3.9310e+00 -1.0725e+00 +2.4113e+00 -2.2883e+00 -2.0587e+00
1174 +3.916720116e-05 +3.916720116e-05 +3.992003917e+01 +3.992003917e+01 +3.9333e+00 -1.0717e+00 +2.4052e+00 -2.2858e+00 -2.0616e+00
1349 +2.435614722e-05 +2.435614722e-05 +3.992002436e+01 +3.992002436e+01 +3.9364e+00 -1.0714e+00 +2.4003e+00 -2.2861e+00 -2.0590e+00
1416 +1.495073982e-05 +1.495073982e-05 +3.992001495e+01 +3.992001495e+01 +3.9385e+00 -1.0715e+00 +2.4012e+00 -2.2885e+00 -2.0519e+00
1525 +8.505941324e-06 +8.505941324e-06 +3.992000851e+01 +3.992000851e+01 +3.9406e+00 -1.0702e+00 +2.3959e+00 -2.2866e+00 -2.0542e+00
1539 +6.177734868e-06 +6.177734868e-06 +3.992000618e+01 +3.992000618e+01 +3.9418e+00 -1.0704e+00 +2.3940e+00 -2.2868e+00 -2.0529e+00
1574 +3.503400734e-06 +3.503400734e-06 +3.992000350e+01 +3.992000350e+01 +3.9431e+00 -1.0700e+00 +2.3940e+00 -2.2876e+00 -2.0499e+00
1634 +1.541085702e-06 +1.541085702e-06 +3.992000154e+01 +3.992000154e+01 +3.9476e+00 -1.0684e+00 +2.3875e+00 -2.2867e+00 -2.0475e+00
1844 +8.589233218e-07 +8.589233218e-07 +3.992000086e+01 +3.992000086e+01 +3.9475e+00 -1.0689e+00 +2.3866e+00 -2.2867e+00 -2.0481e+00
1946 +5.676093338e-07 +5.676093338e-07 +3.992000057e+01 +3.992000057e+01 +3.9476e+00 -1.0690e+00 +2.3870e+00 -2.2871e+00 -2.0471e+00
1997 +3.098756238e-07 +3.098756238e-07 +3.992000031e+01 +3.992000031e+01 +3.9482e+00 -1.0691e+00 +2.3867e+00 -2.2876e+00 -2.0457e+00
2055 +1.520665762e-07 +1.520665762e-07 +3.992000015e+01 +3.992000015e+01 +3.9485e+00 -1.0696e+00 +2.3874e+00 -2.2888e+00 -2.0432e+00
2146 +7.997822138e-08 +7.997822138e-08 +3.992000008e+01 +3.992000008e+01 +3.9488e+00 -1.0694e+00 +2.3879e+00 -2.2891e+00 -2.0420e+00
2215 +5.109262702e-08 +5.109262702e-08 +3.992000005e+01 +3.992000005e+01 +3.9490e+00 -1.0694e+00 +2.3873e+00 -2.2890e+00 -2.0422e+00
2277 +3.669023840e-08 +3.669023840e-08 +3.992000004e+01 +3.992000004e+01 +3.9490e+00 -1.0695e+00 +2.3874e+00 -2.2891e+00 -2.0420e+00
2411 +2.383328024e-08 +2.383328024e-08 +3.992000002e+01 +3.992000002e+01 +3.9491e+00 -1.0694e+00 +2.3872e+00 -2.2892e+00 -2.0417e+00
2481 +1.501572910e-08 +1.501572910e-08 +3.992000002e+01 +3.992000002e+01 +3.9493e+00 -1.0695e+00 +2.3869e+00 -2.2892e+00 -2.0417e+00
2552 +8.480157021e-09 +8.480157021e-09 +3.992000001e+01 +3.992000001e+01 +3.9495e+00 -1.0695e+00 +2.3866e+00 -2.2892e+00 -2.0414e+00
% function evaluation | noise-free fitness - Fopt (3.992000000000e+01) | best noise-free fitness - Fopt | measured fitness | best measured fitness | x1 | x2...
1 +4.628136873e+01 +4.628136873e+01 +8.620136873e+01 +8.620136873e+01 +1.6022e+00 -1.6739e+00 +1.3357e+00 -2.7781e+00 +3.1374e+00
2 +2.095145184e+01 +2.095145184e+01 +6.087145184e+01 +6.087145184e+01 +1.6645e+00 -3.6409e+00 +2.1790e+00 -1.1936e+00 +2.6431e+00
14 +5.471505745e+00 +5.471505745e+00 +4.539150575e+01 +4.539150575e+01 +8.3881e-01 -7.0232e-01 +9.6359e-01 -4.3210e+00 -1.9687e+00
42 +3.352924144e+00 +3.352924144e+00 +4.327292414e+01 +4.327292414e+01 +3.0276e+00 +4.3989e-01 +3.4614e+00 -3.7130e+00 -2.7429e+00
128 +1.445780891e+00 +1.445780891e+00 +4.136578089e+01 +4.136578089e+01 +4.1392e+00 -1.1448e+00 +1.4633e+00 -3.5168e+00 -2.3694e+00
176 +5.226961564e-01 +5.226961564e-01 +4.044269616e+01 +4.044269616e+01 +3.6667e+00 -1.2397e+00 +1.7870e+00 -2.3250e+00 -2.7377e+00
184 +3.737938843e-01 +3.737938843e-01 +4.029379388e+01 +4.029379388e+01 +3.9615e+00 -1.3259e+00 +2.0002e+00 -2.5641e+00 -1.4731e+00
204 +2.068388985e-01 +2.068388985e-01 +4.012683890e+01 +4.012683890e+01 +4.0197e+00 -1.2823e+00 +2.2105e+00 -2.3888e+00 -1.4967e+00
229 +1.145833358e-01 +1.145833358e-01 +4.003458334e+01 +4.003458334e+01 +4.0489e+00 -9.4643e-01 +2.4041e+00 -2.1959e+00 -1.6818e+00
296 +8.918838399e-02 +8.918838399e-02 +4.000918838e+01 +4.000918838e+01 +4.0408e+00 -1.2764e+00 +2.0952e+00 -2.2653e+00 -1.7966e+00
323 +5.043890390e-02 +5.043890390e-02 +3.997043890e+01 +3.997043890e+01 +3.9696e+00 -1.2925e+00 +2.3442e+00 -2.3427e+00 -1.8318e+00
348 +2.572801244e-02 +2.572801244e-02 +3.994572801e+01 +3.994572801e+01 +3.9181e+00 -1.1823e+00 +2.3109e+00 -2.3269e+00 -2.1143e+00
355 +1.305073757e-02 +1.305073757e-02 +3.993305074e+01 +3.993305074e+01 +3.8904e+00 -1.0668e+00 +2.3649e+00 -2.2332e+00 -2.2006e+00
412 +6.822924365e-03 +6.822924365e-03 +3.992682292e+01 +3.992682292e+01 +3.9567e+00 -1.0065e+00 +2.3334e+00 -2.2496e+00 -2.1469e+00
461 +5.054421809e-03 +5.054421809e-03 +3.992505442e+01 +3.992505442e+01 +3.9128e+00 -1.1200e+00 +2.3482e+00 -2.2665e+00 -2.1251e+00
532 +3.899972448e-03 +3.899972448e-03 +3.992389997e+01 +3.992389997e+01 +3.8984e+00 -1.0964e+00 +2.3573e+00 -2.2611e+00 -2.1847e+00
566 +2.502101913e-03 +2.502101913e-03 +3.992250210e+01 +3.992250210e+01 +3.9242e+00 -1.0951e+00 +2.3458e+00 -2.2611e+00 -2.1377e+00
618 +1.359942521e-03 +1.359942521e-03 +3.992135994e+01 +3.992135994e+01 +3.9377e+00 -1.0832e+00 +2.3448e+00 -2.2654e+00 -2.1112e+00
679 +4.658658989e-04 +4.658658989e-04 +3.992046587e+01 +3.992046587e+01 +3.9389e+00 -1.0744e+00 +2.3645e+00 -2.2696e+00 -2.0951e+00
785 +2.346656718e-04 +2.346656718e-04 +3.992023467e+01 +3.992023467e+01 +3.9313e+00 -1.0773e+00 +2.3814e+00 -2.2755e+00 -2.0905e+00
829 +1.562536225e-04 +1.562536225e-04 +3.992015625e+01 +3.992015625e+01 +3.9401e+00 -1.0734e+00 +2.3739e+00 -2.2769e+00 -2.0795e+00
1000 +9.263041510e-05 +9.263041510e-05 +3.992009263e+01 +3.992009263e+01 +3.9527e+00 -1.0679e+00 +2.3711e+00 -2.2815e+00 -2.0551e+00
1045 +5.756093459e-05 +5.756093459e-05 +3.992005756e+01 +3.992005756e+01 +3.9547e+00 -1.0697e+00 +2.3703e+00 -2.2842e+00 -2.0479e+00
1098 +3.330451563e-05 +3.330451563e-05 +3.992003330e+01 +3.992003330e+01 +3.9530e+00 -1.0692e+00 +2.3734e+00 -2.2848e+00 -2.0489e+00
1188 +2.454204144e-05 +2.454204144e-05 +3.992002454e+01 +3.992002454e+01 +3.9535e+00 -1.0688e+00 +2.3744e+00 -2.2856e+00 -2.0468e+00
1248 +1.505030944e-05 +1.505030944e-05 +3.992001505e+01 +3.992001505e+01 +3.9564e+00 -1.0666e+00 +2.3756e+00 -2.2871e+00 -2.0398e+00
1504 +9.568078603e-06 +9.568078603e-06 +3.992000957e+01 +3.992000957e+01 +3.9514e+00 -1.0675e+00 +2.3802e+00 -2.2854e+00 -2.0472e+00
1536 +5.753407166e-06 +5.753407166e-06 +3.992000575e+01 +3.992000575e+01 +3.9484e+00 -1.0677e+00 +2.3840e+00 -2.2848e+00 -2.0508e+00
1589 +3.541386903e-06 +3.541386903e-06 +3.992000354e+01 +3.992000354e+01 +3.9476e+00 -1.0686e+00 +2.3852e+00 -2.2855e+00 -2.0502e+00
1661 +2.241101654e-06 +2.241101654e-06 +3.992000224e+01 +3.992000224e+01 +3.9475e+00 -1.0682e+00 +2.3859e+00 -2.2856e+00 -2.0502e+00
1688 +1.186595497e-06 +1.186595497e-06 +3.992000119e+01 +3.992000119e+01 +3.9475e+00 -1.0685e+00 +2.3865e+00 -2.2864e+00 -2.0487e+00
1767 +6.300046849e-07 +6.300046849e-07 +3.992000063e+01 +3.992000063e+01 +3.9481e+00 -1.0691e+00 +2.3899e+00 -2.2893e+00 -2.0418e+00
1930 +3.941909057e-07 +3.941909057e-07 +3.992000039e+01 +3.992000039e+01 +3.9477e+00 -1.0690e+00 +2.3888e+00 -2.2882e+00 -2.0446e+00
1995 +2.347964312e-07 +2.347964312e-07 +3.992000023e+01 +3.992000023e+01 +3.9482e+00 -1.0692e+00 +2.3878e+00 -2.2884e+00 -2.0441e+00
2042 +1.204204025e-07 +1.204204025e-07 +3.992000012e+01 +3.992000012e+01 +3.9487e+00 -1.0693e+00 +2.3864e+00 -2.2882e+00 -2.0442e+00
2090 +9.917160071e-08 +9.917160071e-08 +3.992000010e+01 +3.992000010e+01 +3.9488e+00 -1.0693e+00 +2.3867e+00 -2.2883e+00 -2.0439e+00
2117 +6.117114282e-08 +6.117114282e-08 +3.992000006e+01 +3.992000006e+01 +3.9490e+00 -1.0693e+00 +2.3867e+00 -2.2886e+00 -2.0430e+00
2238 +3.310487529e-08 +3.310487529e-08 +3.992000003e+01 +3.992000003e+01 +3.9492e+00 -1.0694e+00 +2.3869e+00 -2.2890e+00 -2.0421e+00
2275 +2.484240014e-08 +2.484240014e-08 +3.992000002e+01 +3.992000002e+01 +3.9492e+00 -1.0694e+00 +2.3869e+00 -2.2891e+00 -2.0419e+00
2392 +1.522788295e-08 +1.522788295e-08 +3.992000002e+01 +3.992000002e+01 +3.9494e+00 -1.0695e+00 +2.3868e+00 -2.2892e+00 -2.0415e+00
2462 +9.799840939e-09 +9.799840939e-09 +3.992000001e+01 +3.992000001e+01 +3.9495e+00 -1.0695e+00 +2.3867e+00 -2.2893e+00 -2.0413e+00
% function evaluation | noise-free fitness - Fopt (3.992000000000e+01) | best noise-free fitness - Fopt | measured fitness | best measured fitness | x1 | x2...
1 +5.410242093e+00 +5.410242093e+00 +4.533024209e+01 +4.533024209e+01 +1.1448e+00 +3.3189e-01 +5.5255e-01 +7.9202e-01 -1.2287e-01
39 +3.795406573e+00 +3.795406573e+00 +4.371540657e+01 +4.371540657e+01 +6.6861e-01 -8.8572e-01 +1.2056e+00 -6.4197e-01 -1.5484e+00
65 +1.727568298e+00 +1.727568298e+00 +4.164756830e+01 +4.164756830e+01 +2.3670e+00 -1.5775e+00 +2.6376e+00 -1.3358e+00 -1.8025e+00
74 +1.404432633e+00 +1.404432633e+00 +4.132443263e+01 +4.132443263e+01 +3.1170e+00 -1.2971e+00 +1.7168e+00 -1.4397e+00 -1.4044e+00
75 +7.660507400e-01 +7.660507400e-01 +4.068605074e+01 +4.068605074e+01 +3.7937e+00 -7.3729e-01 +3.4129e+00 -2.2888e+00 -2.4932e+00
99 +6.176361613e-01 +6.176361613e-01 +4.053763616e+01 +4.053763616e+01 +4.3689e+00 -1.4622e+00 +2.3993e+00 -1.8072e+00 -2.3441e+00
114 +2.971454880e-01 +2.971454880e-01 +4.021714549e+01 +4.021714549e+01 +4.1132e+00 -1.4658e+00 +2.1528e+00 -1.9996e+00 -2.2636e+00
156 +2.059894876e-01 +2.059894876e-01 +4.012598949e+01 +4.012598949e+01 +4.0884e+00 -1.1173e+00 +1.9811e+00 -1.9506e+00 -2.0686e+00
163 +1.360471645e-01 +1.360471645e-01 +4.005604716e+01 +4.005604716e+01 +4.2394e+00 -1.0784e+00 +1.9487e+00 -2.2701e+00 -1.7758e+00
205 +8.538225690e-02 +8.538225690e-02 +4.000538226e+01 +4.000538226e+01 +4.1789e+00 -9.4052e-01 +2.1461e+00 -2.1973e+00 -1.7633e+00
223 +5.542951645e-02 +5.542951645e-02 +3.997542952e+01 +3.997542952e+01 +4.1450e+00 -1.0575e+00 +2.2394e+00 -2.2422e+00 -1.7542e+00
277 +2.344711007e-02 +2.344711007e-02 +3.994344711e+01 +3.994344711e+01 +4.0922e+00 -1.0135e+00 +2.1458e+00 -2.2831e+00 -2.0058e+00
288 +1.384098421e-02 +1.384098421e-02 +3.993384098e+01 +3.993384098e+01 +4.0903e+00 -1.0138e+00 +2.2418e+00 -2.2328e+00 -1.9399e+00
458 +9.951933352e-03 +9.951933352e-03 +3.992995193e+01 +3.992995193e+01 +4.0726e+00 -1.0470e+00 +2.2032e+00 -2.2909e+00 -1.9528e+00
503 +6.202038518e-03 +6.202038518e-03 +3.992620204e+01 +3.992620204e+01 +4.0475e+00 -1.0428e+00 +2.2446e+00 -2.3065e+00 -1.9561e+00
540 +3.400860512e-03 +3.400860512e-03 +3.992340086e+01 +3.992340086e+01 +4.0139e+00 -1.0745e+00 +2.2752e+00 -2.2935e+00 -1.9844e+00
564 +1.779048261e-03 +1.779048261e-03 +3.992177905e+01 +3.992177905e+01 +4.0104e+00 -1.0679e+00 +2.3125e+00 -2.2915e+00 -1.9694e+00
630 +1.389689339e-03 +1.389689339e-03 +3.992138969e+01 +3.992138969e+01 +4.0058e+00 -1.0764e+00 +2.2948e+00 -2.2947e+00 -1.9897e+00
713 +6.366482791e-04 +6.366482791e-04 +3.992063665e+01 +3.992063665e+01 +3.9823e+00 -1.0743e+00 +2.3270e+00 -2.2951e+00 -2.0132e+00
753 +5.135583480e-04 +5.135583480e-04 +3.992051356e+01 +3.992051356e+01 +3.9820e+00 -1.0643e+00 +2.3444e+00 -2.2835e+00 -2.0145e+00
754 +2.027374099e-04 +2.027374099e-04 +3.992020274e+01 +3.992020274e+01 +3.9745e+00 -1.0685e+00 +2.3452e+00 -2.2909e+00 -2.0232e+00
866 +5.597469300e-05 +5.597469300e-05 +3.992005597e+01 +3.992005597e+01 +3.9386e+00 -1.0662e+00 +2.4005e+00 -2.2817e+00 -2.0609e+00
979 +3.551763251e-05 +3.551763251e-05 +3.992003552e+01 +3.992003552e+01 +3.9385e+00 -1.0702e+00 +2.3911e+00 -2.2816e+00 -2.0668e+00
1000 +2.277820594e-05 +2.277820594e-05 +3.992002278e+01 +3.992002278e+01 +3.9406e+00 -1.0713e+00 +2.3942e+00 -2.2858e+00 -2.0553e+00
1315 +1.493905456e-05 +1.493905456e-05 +3.992001494e+01 +3.992001494e+01 +3.9392e+00 -1.0690e+00 +2.4019e+00 -2.2870e+00 -2.0523e+00
1437 +9.523535532e-06 +9.523535532e-06 +3.992000952e+01 +3.992000952e+01 +3.9398e+00 -1.0706e+00 +2.3990e+00 -2.2876e+00 -2.0522e+00
1508 +5.145583451e-06 +5.145583451e-06 +3.992000515e+01 +3.992000515e+01 +3.9425e+00 -1.0689e+00 +2.3964e+00 -2.2874e+00 -2.0500e+00
1535 +3.716076193e-06 +3.716076193e-06 +3.992000372e+01 +3.992000372e+01 +3.9430e+00 -1.0695e+00 +2.3951e+00 -2.2876e+00 -2.0494e+00
1540 +2.452542709e-06 +2.452542709e-06 +3.992000245e+01 +3.992000245e+01 +3.9450e+00 -1.0683e+00 +2.3933e+00 -2.2877e+00 -2.0474e+00
1602 +1.229988932e-06 +1.229988932e-06 +3.992000123e+01 +3.992000123e+01 +3.9452e+00 -1.0699e+00 +2.3917e+00 -2.2884e+00 -2.0467e+00
1650 +7.453869983e-07 +7.453869983e-07 +3.992000075e+01 +3.992000075e+01 +3.9467e+00 -1.0691e+00 +2.3901e+00 -2.2882e+00 -2.0455e+00
1778 +4.748321913e-07 +4.748321913e-07 +3.992000047e+01 +3.992000047e+01 +3.9473e+00 -1.0695e+00 +2.3886e+00 -2.2882e+00 -2.0454e+00
1797 +3.796596744e-07 +3.796596744e-07 +3.992000038e+01 +3.992000038e+01 +3.9473e+00 -1.0697e+00 +2.3885e+00 -2.2883e+00 -2.0451e+00
1893 +2.318112067e-07 +2.318112067e-07 +3.992000023e+01 +3.992000023e+01 +3.9480e+00 -1.0694e+00 +2.3878e+00 -2.2883e+00 -2.0444e+00
1929 +1.508938468e-07 +1.508938468e-07 +3.992000015e+01 +3.992000015e+01 +3.9485e+00 -1.0694e+00 +2.3870e+00 -2.2884e+00 -2.0439e+00
1976 +9.787313360e-08 +9.787313360e-08 +3.992000010e+01 +3.992000010e+01 +3.9487e+00 -1.0695e+00 +2.3868e+00 -2.2885e+00 -2.0436e+00
2031 +6.175753242e-08 +6.175753242e-08 +3.992000006e+01 +3.992000006e+01 +3.9491e+00 -1.0696e+00 +2.3862e+00 -2.2887e+00 -2.0428e+00
2166 +3.971635465e-08 +3.971635465e-08 +3.992000004e+01 +3.992000004e+01 +3.9492e+00 -1.0695e+00 +2.3863e+00 -2.2887e+00 -2.0428e+00
2328 +2.462335402e-08 +2.462335402e-08 +3.992000002e+01 +3.992000002e+01 +3.9495e+00 -1.0694e+00 +2.3861e+00 -2.2888e+00 -2.0424e+00
2478 +1.542633754e-08 +1.542633754e-08 +3.992000002e+01 +3.992000002e+01 +3.9495e+00 -1.0695e+00 +2.3861e+00 -2.2889e+00 -2.0421e+00
2518 +8.901622550e-09 +8.901622550e-09 +3.992000001e+01 +3.992000001e+01 +3.9496e+00 -1.0695e+00 +2.3861e+00 -2.2890e+00 -2.0417e+00
% function evaluation | noise-free fitness - Fopt (-5.661000000000e+01) | best noise-free fitness - Fopt | measured fitness | best measured fitness | x1 | x2...
1 +6.296988087e+01 +6.296988087e+01 +6.359880868e+00 +6.359880868e+00 -2.5347e+00 -1.5712e+00 +2.3613e+00 -2.4663e-01 -2.9070e+00
5 +3.093166663e+01 +3.093166663e+01 -2.567833337e+01 -2.567833337e+01 -1.8394e+00 -5.6589e+00 -1.7421e+00 -1.8887e+00 -4.9252e+00
6 +2.392273230e+01 +2.392273230e+01 -3.268726770e+01 -3.268726770e+01 +1.0929e-01 -3.9511e+00 +3.4489e+00 -1.5743e+00 -3.5695e+00
9 +8.118169083e+00 +8.118169083e+00 -4.849183092e+01 -4.849183092e+01 +8.4993e-01 +5.2052e-01 +4.1342e+00 -9.6134e-01 -5.5560e+00
51 +3.721192784e+00 +3.721192784e+00 -5.288880722e+01 -5.288880722e+01 +2.0059e+00 +5.6802e-01 +3.8819e+00 -3.7592e+00 -5.0786e+00
111 +2.465691744e+00 +2.465691744e+00 -5.414430826e+01 -5.414430826e+01 +8.0464e-01 +1.5380e+00 +3.4077e+00 -4.0846e+00 -4.7039e+00
138 +1.329411748e+00 +1.329411748e+00 -5.528058825e+01 -5.528058825e+01 +1.7543e+00 +1.8925e+00 +2.2980e+00 -3.0597e+00 -3.7243e+00
154 +7.578485634e-01 +7.578485634e-01 -5.585215144e+01 -5.585215144e+01 +1.3651e+00 +2.5776e+00 +3.1447e+00 -3.4999e+00 -3.4632e+00
163 +4.246712548e-01 +4.246712548e-01 -5.618532875e+01 -5.618532875e+01 +1.7067e+00 +2.9933e+00 +2.5298e+00 -2.8912e+00 -2.9637e+00
177 +1.729546256e-01 +1.729546256e-01 -5.643704537e+01 -5.643704537e+01 +1.9757e+00 +2.8755e+00 +2.9428e+00 -3.3786e+00 -3.2434e+00
233 +1.420102258e-01 +1.420102258e-01 -5.646798977e+01 -5.646798977e+01 +2.0503e+00 +2.5995e+00 +3.3480e+00 -3.4678e+00 -2.8554e+00
244 +9.908623524e-02 +9.908623524e-02 -5.651091376e+01 -5.651091376e+01 +2.1387e+00 +2.9944e+00 +3.2842e+00 -3.6056e+00 -3.0204e+00
279 +3.415386845e-02 +3.415386845e-02 -5.657584613e+01 -5.657584613e+01 +2.1220e+00 +3.0021e+00 +3.2564e+00 -3.4009e+00 -3.2282e+00
305 +2.315197650e-02 +2.315197650e-02 -5.658684802e+01 -5.658684802e+01 +1.9886e+00 +2.9254e+00 +3.3292e+00 -3.3515e+00 -3.1145e+00
332 +1.481440198e-02 +1.481440198e-02 -5.659518560e+01 -5.659518560e+01 +1.9461e+00 +2.8497e+00 +3.3922e+00 -3.3370e+00 -3.0170e+00
349 +8.265672590e-03 +8.265672590e-03 -5.660173433e+01 -5.660173433e+01 +1.9983e+00 +2.8878e+00 +3.2944e+00 -3.3616e+00 -3.0420e+00
439 +4.006739585e-03 +4.006739585e-03 -5.660599326e+01 -5.660599326e+01 +1.9062e+00 +2.8793e+00 +3.2442e+00 -3.3013e+00 -2.9955e+00
447 +1.724490272e-03 +1.724490272e-03 -5.660827551e+01 -5.660827551e+01 +1.9290e+00 +2.8855e+00 +3.2285e+00 -3.2867e+00 -3.0293e+00
534 +1.289631362e-03 +1.289631362e-03 -5.660871037e+01 -5.660871037e+01 +1.9452e+00 +2.8943e+00 +3.2617e+00 -3.3098e+00 -3.0366e+00
572 +9.399439750e-04 +9.399439750e-04 -5.660906006e+01 -5.660906006e+01 +1.9459e+00 +2.9010e+00 +3.2537e+00 -3.3069e+00 -3.0441e+00
595 +6.260500845e-04 +6.260500845e-04 -5.660937395e+01 -5.660937395e+01 +1.9433e+00 +2.8960e+00 +3.2443e+00 -3.2999e+00 -3.0424e+00
667 +3.095905192e-04 +3.095905192e-04 -5.660969041e+01 -5.660969041e+01 +1.9301e+00 +2.8998e+00 +3.2377e+00 -3.2874e+00 -3.0448e+00
745 +2.487925764e-04 +2.487925764e-04 -5.660975121e+01 -5.660975121e+01 +1.9274e+00 +2.9047e+00 +3.2296e+00 -3.2810e+00 -3.0516e+00
771 +1.494608294e-04 +1.494608294e-04 -5.660985054e+01 -5.660985054e+01 +1.9365e+00 +2.9062e+00 +3.2378e+00 -3.2854e+00 -3.0586e+00
921 +8.591552761e-05 +8.591552761e-05 -5.660991408e+01 -5.660991408e+01 +1.9336e+00 +2.9098e+00 +3.2311e+00 -3.2816e+00 -3.0616e+00
986 +5.144353256e-05 +5.144353256e-05 -5.660994856e+01 -5.660994856e+01 +1.9322e+00 +2.9139e+00 +3.2232e+00 -3.2755e+00 -3.0687e+00
1000 +3.691589923e-05 +3.691589923e-05 -5.660996308e+01 -5.660996308e+01 +1.9340e+00 +2.9127e+00 +3.2262e+00 -3.2774e+00 -3.0681e+00
1061 +2.462774010e-05 +2.462774010e-05 -5.660997537e+01 -5.660997537e+01 +1.9378e+00 +2.9142e+00 +3.2266e+00 -3.2779e+00 -3.0726e+00
1133 +1.519143963e-05 +1.519143963e-05 -5.660998481e+01 -5.660998481e+01 +1.9387e+00 +2.9160e+00 +3.2239e+00 -3.2760e+00 -3.0765e+00
1373 +9.062629012e-06 +9.062629012e-06 -5.660999094e+01 -5.660999094e+01 +1.9378e+00 +2.9183e+00 +3.2195e+00 -3.2728e+00 -3.0801e+00
1508 +5.972070333e-06 +5.972070333e-06 -5.660999403e+01 -5.660999403e+01 +1.9377e+00 +2.9210e+00 +3.2144e+00 -3.2694e+00 -3.0848e+00
1651 +3.431053976e-06 +3.431053976e-06 -5.660999657e+01 -5.660999657e+01 +1.9389e+00 +2.9207e+00 +3.2128e+00 -3.2705e+00 -3.0842e+00
1739 +2.393971513e-06 +2.393971513e-06 -5.660999761e+01 -5.660999761e+01 +1.9407e+00 +2.9204e+00 +3.2131e+00 -3.2721e+00 -3.0841e+00
1828 +1.495432166e-06 +1.495432166e-06 -5.660999850e+01 -5.660999850e+01 +1.9421e+00 +2.9202e+00 +3.2120e+00 -3.2732e+00 -3.0837e+00
1925 +9.541903978e-07 +9.541903978e-07 -5.660999905e+01 -5.660999905e+01 +1.9432e+00 +2.9204e+00 +3.2107e+00 -3.2736e+00 -3.0844e+00
1984 +5.372371206e-07 +5.372371206e-07 -5.660999946e+01 -5.660999946e+01 +1.9450e+00 +2.9203e+00 +3.2107e+00 -3.2749e+00 -3.0846e+00
2047 +3.246037181e-07 +3.246037181e-07 -5.660999968e+01 -5.660999968e+01 +1.9466e+00 +2.9202e+00 +3.2104e+00 -3.2760e+00 -3.0848e+00
2115 +2.444544975e-07 +2.444544975e-07 -5.660999976e+01 -5.660999976e+01 +1.9483e+00 +2.9202e+00 +3.2100e+00 -3.2771e+00 -3.0851e+00
2172 +1.346435496e-07 +1.346435496e-07 -5.660999987e+01 -5.660999987e+01 +1.9481e+00 +2.9204e+00 +3.2095e+00 -3.2767e+00 -3.0854e+00
2237 +8.354302139e-08 +8.354302139e-08 -5.660999992e+01 -5.660999992e+01 +1.9481e+00 +2.9206e+00 +3.2091e+00 -3.2765e+00 -3.0857e+00
2314 +4.896162409e-08 +4.896162409e-08 -5.660999995e+01 -5.660999995e+01 +1.9484e+00 +2.9208e+00 +3.2086e+00 -3.2765e+00 -3.0861e+00
2365 +3.885006095e-08 +3.885006095e-08 -5.660999996e+01 -5.660999996e+01 +1.9490e+00 +2.9208e+00 +3.2083e+00 -3.2768e+00 -3.0864e+00
2420 +1.843576314e-08 +1.843576314e-08 -5.660999998e+01 -5.660999998e+01 +1.9493e+00 +2.9210e+00 +3.2078e+00 -3.2768e+00 -3.0868e+00
2451 +1.271352801e-08 +1.271352801e-08 -5.660999999e+01 -5.660999999e+01 +1.9493e+00 +2.9211e+00 +3.2077e+00 -3.2767e+00 -3.0869e+00
2569 +9.449351523e-09 +9.449351523e-09 -5.660999999e+01 -5.660999999e+01 +1.9494e+00 +2.9211e+00 +3.2076e+00 -3.2767e+00 -3.0870e+00
% function evaluation | noise-free fitness - Fopt (-5.661000000000e+01) | best noise-free fitness - Fopt | measured fitness | best measured fitness | x1 | x2...
1 +4.033119384e+01 +4.033119384e+01 -1.627880616e+01 -1.627880616e+01 +3.9502e+00 -1.6195e+00 -2.4987e+00 -2.7486e-01 -4.5791e-02
3 +3.718635490e+01 +3.718635490e+01 -1.942364510e+01 -1.942364510e+01 +3.3704e+00 -1.0752e+00 -2.6397e+00 +2.1365e-01 -3.6037e+00
18 +1.815349779e+01 +1.815349779e+01 -3.845650221e+01 -3.845650221e+01 +2.2008e+00 -1.2103e+00 -2.3137e-01 +2.4871e-01 -1.7432e+00
29 +4.547312646e+00 +4.547312646e+00 -5.206268735e+01 -5.206268735e+01 +3.1573e+00 +1.5333e+00 +1.7677e+00 -1.1692e+00 -2.3012e+00
37 +3.912462823e+00 +3.912462823e+00 -5.269753718e+01 -5.269753718e+01 +2.9916e+00 +2.8393e+00 +4.9766e+00 -6.9456e-01 -2.3522e+00
180 +1.826586527e+00 +1.826586527e+00 -5.478341347e+01 -5.478341347e+01 +1.7809e+00 +1.4191e+00 +3.3017e+00 -3.4713e+00 -4.0499e+00
185 +1.282839816e+00 +1.282839816e+00 -5.532716018e+01 -5.532716018e+01 +1.1688e+00 +2.6036e+00 +3.9473e+00 -4.3440e+00 -3.3994e+00
195 +5.139180511e-01 +5.139180511e-01 -5.609608195e+01 -5.609608195e+01 +1.6426e+00 +2.9142e+00 +3.3178e+00 -2.4143e+00 -3.0847e+00
232 +3.090596657e-01 +3.090596657e-01 -5.630094033e+01 -5.630094033e+01 +1.5293e+00 +3.2963e+00 +2.8078e+00 -3.1130e+00 -3.0759e+00
275 +8.048533677e-02 +8.048533677e-02 -5.652951466e+01 -5.652951466e+01 +1.9257e+00 +2.9350e+00 +3.2849e+00 -3.0161e+00 -3.2925e+00
389 +1.782048834e-02 +1.782048834e-02 -5.659217951e+01 -5.659217951e+01 +1.9029e+00 +2.9360e+00 +3.2727e+00 -3.2282e+00 -3.1538e+00
448 +1.188271066e-02 +1.188271066e-02 -5.659811729e+01 -5.659811729e+01 +1.9293e+00 +2.8695e+00 +3.2398e+00 -3.2513e+00 -3.0693e+00
480 +9.480863017e-03 +9.480863017e-03 -5.660051914e+01 -5.660051914e+01 +1.9160e+00 +2.9478e+00 +3.2617e+00 -3.2027e+00 -3.1680e+00
516 +2.904815862e-03 +2.904815862e-03 -5.660709518e+01 -5.660709518e+01 +1.9315e+00 +2.9075e+00 +3.2168e+00 -3.2698e+00 -3.0613e+00
573 +2.498212036e-03 +2.498212036e-03 -5.660750179e+01 -5.660750179e+01 +1.9360e+00 +2.9215e+00 +3.2119e+00 -3.2748e+00 -3.0822e+00
622 +1.264288457e-03 +1.264288457e-03 -5.660873571e+01 -5.660873571e+01 +1.9258e+00 +2.9223e+00 +3.1989e+00 -3.2671e+00 -3.0710e+00
633 +1.417139554e-04 +1.417139554e-04 -5.660985829e+01 -5.660985829e+01 +1.9441e+00 +2.9212e+00 +3.2039e+00 -3.2770e+00 -3.0809e+00
787 +1.582252731e-05 +1.582252731e-05 -5.660998418e+01 -5.660998418e+01 +1.9443e+00 +2.9234e+00 +3.2049e+00 -3.2703e+00 -3.0903e+00
1254 +8.348904366e-06 +8.348904366e-06 -5.660999165e+01 -5.660999165e+01 +1.9508e+00 +2.9208e+00 +3.2110e+00 -3.2778e+00 -3.0876e+00
1258 +2.734598880e-06 +2.734598880e-06 -5.660999727e+01 -5.660999727e+01 +1.9471e+00 +2.9204e+00 +3.2103e+00 -3.2758e+00 -3.0856e+00
1281 +1.277856924e-06 +1.277856924e-06 -5.660999872e+01 -5.660999872e+01 +1.9466e+00 +2.9209e+00 +3.2095e+00 -3.2750e+00 -3.0863e+00
1427 +9.023881873e-07 +9.023881873e-07 -5.660999910e+01 -5.660999910e+01 +1.9454e+00 +2.9212e+00 +3.2095e+00 -3.2741e+00 -3.0864e+00
1490 +5.930260372e-07 +5.930260372e-07 -5.660999941e+01 -5.660999941e+01 +1.9443e+00 +2.9212e+00 +3.2094e+00 -3.2734e+00 -3.0860e+00
1709 +3.966447437e-07 +3.966447437e-07 -5.660999960e+01 -5.660999960e+01 +1.9449e+00 +2.9211e+00 +3.2096e+00 -3.2740e+00 -3.0860e+00
1836 +2.487650193e-07 +2.487650193e-07 -5.660999975e+01 -5.660999975e+01 +1.9462e+00 +2.9207e+00 +3.2098e+00 -3.2752e+00 -3.0856e+00
2118 +1.541649937e-07 +1.541649937e-07 -5.660999985e+01 -5.660999985e+01 +1.9472e+00 +2.9205e+00 +3.2097e+00 -3.2760e+00 -3.0856e+00
2505 +9.760441344e-08 +9.760441344e-08 -5.660999990e+01 -5.660999990e+01 +1.9479e+00 +2.9206e+00 +3.2094e+00 -3.2764e+00 -3.0858e+00
2614 +6.176861689e-08 +6.176861689e-08 -5.660999994e+01 -5.660999994e+01 +1.9484e+00 +2.9207e+00 +3.2090e+00 -3.2766e+00 -3.0861e+00
2675 +3.592823816e-08 +3.592823816e-08 -5.660999996e+01 -5.660999996e+01 +1.9485e+00 +2.9210e+00 +3.2085e+00 -3.2763e+00 -3.0865e+00
2700 +2.408978617e-08 +2.408978617e-08 -5.660999998e+01 -5.660999998e+01 +1.9489e+00 +2.9210e+00 +3.2081e+00 -3.2765e+00 -3.0868e+00
2748 +1.524998083e-08 +1.524998083e-08 -5.660999998e+01 -5.660999998e+01 +1.9489e+00 +2.9212e+00 +3.2078e+00 -3.2763e+00 -3.0869e+00
2754 +4.058115621e-09 +4.058115621e-09 -5.661000000e+01 -5.661000000e+01 +1.9497e+00 +2.9213e+00 +3.2073e+00 -3.2767e+00 -3.0873e+00
% function evaluation | noise-free fitness - Fopt (-5.661000000000e+01) | best noise-free fitness - Fopt | measured fitness | best measured fitness | x1 | x2...
1 +1.136631263e+01 +1.136631263e+01 -4.524368737e+01 -4.524368737e+01 +1.8694e+00 +3.8328e+00 +1.8862e+00 -2.7321e+00 +9.8185e-01
4 +6.186878950e+00 +6.186878950e+00 -5.042312105e+01 -5.042312105e+01 +8.3870e-01 +3.3298e+00 +3.7341e+00 -5.4836e+00 -9.4017e-01
10 +3.978381533e+00 +3.978381533e+00 -5.263161847e+01 -5.263161847e+01 +9.2158e-01 +8.5397e-01 +2.3663e+00 -3.6163e+00 -2.0478e+00
32 +1.288651041e+00 +1.288651041e+00 -5.532134896e+01 -5.532134896e+01 +2.0499e+00 +2.9668e+00 +3.5726e+00 -3.5673e+00 -1.5912e+00
107 +9.786642042e-01 +9.786642042e-01 -5.563133580e+01 -5.563133580e+01 +2.1352e+00 +1.9579e+00 +3.0923e+00 -3.6487e+00 -3.5489e+00
164 +2.853736843e-01 +2.853736843e-01 -5.632462632e+01 -5.632462632e+01 +1.4649e+00 +2.6247e+00 +3.3758e+00 -2.8996e+00 -3.1596e+00
179 +2.485631868e-01 +2.485631868e-01 -5.636143681e+01 -5.636143681e+01 +2.0012e+00 +2.4552e+00 +3.0980e+00 -3.3953e+00 -2.8456e+00
206 +1.417139214e-01 +1.417139214e-01 -5.646828608e+01 -5.646828608e+01 +1.6871e+00 +2.8049e+00 +3.2810e+00 -2.8534e+00 -3.1649e+00
213 +6.262946604e-02 +6.262946604e-02 -5.654737053e+01 -5.654737053e+01 +1.7280e+00 +2.9796e+00 +3.2406e+00 -3.0414e+00 -3.0778e+00
291 +2.875892796e-02 +2.875892796e-02 -5.658124107e+01 -5.658124107e+01 +1.8210e+00 +2.8421e+00 +3.4602e+00 -3.2271e+00 -2.9860e+00
348 +1.518883238e-02 +1.518883238e-02 -5.659481117e+01 -5.659481117e+01 +1.7536e+00 +2.9498e+00 +3.3237e+00 -3.1892e+00 -3.0512e+00
404 +7.725862334e-03 +7.725862334e-03 -5.660227414e+01 -5.660227414e+01 +1.8501e+00 +2.9115e+00 +3.3392e+00 -3.2227e+00 -3.0779e+00
485 +5.962996815e-03 +5.962996815e-03 -5.660403700e+01 -5.660403700e+01 +1.8099e+00 +2.9231e+00 +3.3045e+00 -3.1811e+00 -3.0757e+00
530 +3.451686332e-03 +3.451686332e-03 -5.660654831e+01 -5.660654831e+01 +1.8434e+00 +2.9190e+00 +3.2937e+00 -3.2188e+00 -3.0670e+00
559 +1.947422276e-03 +1.947422276e-03 -5.660805258e+01 -5.660805258e+01 +1.8773e+00 +2.9090e+00 +3.2670e+00 -3.2250e+00 -3.0765e+00
601 +7.210285244e-04 +7.210285244e-04 -5.660927897e+01 -5.660927897e+01 +1.8936e+00 +2.9150e+00 +3.2569e+00 -3.2550e+00 -3.0612e+00
671 +4.579060849e-04 +4.579060849e-04 -5.660954209e+01 -5.660954209e+01 +1.8948e+00 +2.9119e+00 +3.2378e+00 -3.2536e+00 -3.0579e+00
771 +3.814651517e-04 +3.814651517e-04 -5.660961853e+01 -5.660961853e+01 +1.8973e+00 +2.9115e+00 +3.2306e+00 -3.2566e+00 -3.0546e+00
921 +2.375796924e-04 +2.375796924e-04 -5.660976242e+01 -5.660976242e+01 +1.9275e+00 +2.9031e+00 +3.2379e+00 -3.2802e+00 -3.0526e+00
1036 +1.547310391e-04 +1.547310391e-04 -5.660984527e+01 -5.660984527e+01 +1.9261e+00 +2.9065e+00 +3.2344e+00 -3.2802e+00 -3.0537e+00
1284 +9.592448620e-05 +9.592448620e-05 -5.660990408e+01 -5.660990408e+01 +1.9291e+00 +2.9083e+00 +3.2333e+00 -3.2791e+00 -3.0591e+00
1406 +4.968934263e-05 +4.968934263e-05 -5.660995031e+01 -5.660995031e+01 +1.9288e+00 +2.9135e+00 +3.2254e+00 -3.2720e+00 -3.0693e+00
1427 +3.867819309e-05 +3.867819309e-05 -5.660996132e+01 -5.660996132e+01 +1.9305e+00 +2.9160e+00 +3.2202e+00 -3.2703e+00 -3.0738e+00
1430 +1.893134607e-05 +1.893134607e-05 -5.660998107e+01 -5.660998107e+01 +1.9352e+00 +2.9154e+00 +3.2209e+00 -3.2741e+00 -3.0739e+00
1446 +1.485953548e-05 +1.485953548e-05 -5.660998514e+01 -5.660998514e+01 +1.9376e+00 +2.9201e+00 +3.2180e+00 -3.2709e+00 -3.0832e+00
1589 +8.619329947e-06 +8.619329947e-06 -5.660999138e+01 -5.660999138e+01 +1.9406e+00 +2.9178e+00 +3.2190e+00 -3.2756e+00 -3.0793e+00
1615 +5.541671221e-06 +5.541671221e-06 -5.660999446e+01 -5.660999446e+01 +1.9404e+00 +2.9187e+00 +3.2165e+00 -3.2735e+00 -3.0816e+00
1685 +2.546770126e-06 +2.546770126e-06 -5.660999745e+01 -5.660999745e+01 +1.9443e+00 +2.9180e+00 +3.2146e+00 -3.2771e+00 -3.0805e+00
1715 +2.366941395e-06 +2.366941395e-06 -5.660999763e+01 -5.660999763e+01 +1.9446e+00 +2.9192e+00 +3.2134e+00 -3.2759e+00 -3.0827e+00
1776 +1.450604898e-06 +1.450604898e-06 -5.660999855e+01 -5.660999855e+01 +1.9437e+00 +2.9194e+00 +3.2122e+00 -3.2752e+00 -3.0826e+00
1883 +9.064764441e-07 +9.064764441e-07 -5.660999909e+01 -5.660999909e+01 +1.9445e+00 +2.9199e+00 +3.2111e+00 -3.2751e+00 -3.0836e+00
1920 +6.232611724e-07 +6.232611724e-07 -5.660999938e+01 -5.660999938e+01 +1.9448e+00 +2.9202e+00 +3.2105e+00 -3.2749e+00 -3.0844e+00
1930 +3.964741921e-07 +3.964741921e-07 -5.660999960e+01 -5.660999960e+01 +1.9452e+00 +2.9206e+00 +3.2098e+00 -3.2747e+00 -3.0851e+00
2022 +2.365943601e-07 +2.365943601e-07 -5.660999976e+01 -5.660999976e+01 +1.9458e+00 +2.9209e+00 +3.2091e+00 -3.2747e+00 -3.0858e+00
2187 +1.533431302e-07 +1.533431302e-07 -5.660999985e+01 -5.660999985e+01 +1.9465e+00 +2.9212e+00 +3.2086e+00 -3.2748e+00 -3.0865e+00
2297 +9.328037009e-08 +9.328037009e-08 -5.660999991e+01 -5.660999991e+01 +1.9472e+00 +2.9212e+00 +3.2084e+00 -3.2752e+00 -3.0867e+00
2342 +4.274451015e-08 +4.274451015e-08 -5.660999996e+01 -5.660999996e+01 +1.9480e+00 +2.9213e+00 +3.2080e+00 -3.2756e+00 -3.0869e+00
2390 +3.910172808e-08 +3.910172808e-08 -5.660999996e+01 -5.660999996e+01 +1.9483e+00 +2.9214e+00 +3.2076e+00 -3.2756e+00 -3.0873e+00
2466 +2.350341788e-08 +2.350341788e-08 -5.660999998e+01 -5.660999998e+01 +1.9485e+00 +2.9214e+00 +3.2077e+00 -3.2759e+00 -3.0873e+00
2625 +1.549308593e-08 +1.549308593e-08 -5.660999998e+01 -5.660999998e+01 +1.9490e+00 +2.9215e+00 +3.2073e+00 -3.2761e+00 -3.0875e+00
2707 +8.791339212e-09 +8.791339212e-09 -5.660999999e+01 -5.660999999e+01 +1.9493e+00 +2.9215e+00 +3.2070e+00 -3.2762e+00 -3.0877e+00
