% function evaluation | noise-free fitness - Fopt (-5.235000000000e+01) | best noise-free fitness - Fopt | measured fitness | best measured fitness | x1 | x2...
1 +6.219727463e+01 +6.219727463e+01 +9.847274633e+00 +9.847274633e+00 -4.1465e-01 +7.8722e-01 -2.7503e+00
3 +3.345218829e+01 +3.345218829e+01 -1.889781171e+01 -1.889781171e+01 -9.7178e-01 +8.9201e-01 -2.1062e+00
14 +1.712470659e+01 +1.712470659e+01 -3.522529341e+01 -3.522529341e+01 -8.1580e-01 +2.7941e+00 -1.1804e+00
15 +1.524927943e+01 +1.524927943e+01 -3.710072057e+01 -3.710072057e+01 -5.4675e-01 +2.6405e+00 -2.9308e-01
16 +7.669559771e+00 +7.669559771e+00 -4.468044023e+01 -4.468044023e+01 -1.3023e+00 +1.5564e+00 -3.8246e-01
23 +3.395441489e+00 +3.395441489e+00 -4.895455851e+01 -4.895455851e+01 -2.9228e+00 +8.0469e-01 +7.0123e-01
25 +2.480044482e+00 +2.480044482e+00 -4.986995552e+01 -4.986995552e+01 -2.6307e+00 -1.4040e-01 +1.1325e+00
37 +1.219618103e+00 +1.219618103e+00 -5.113038190e+01 -5.113038190e+01 -1.5803e+00 -1.3763e+00 +1.3829e+00
49 +3.340920584e-01 +3.340920584e-01 -5.201590794e+01 -5.201590794e+01 -1.1873e+00 -1.0619e+00 +2.5268e+00
109 +2.342655438e-01 +2.342655438e-01 -5.211573446e+01 -5.211573446e+01 -7.4984e-01 -7.9474e-01 +2.4789e+00
123 +8.982134490e-02 +8.982134490e-02 -5.226017866e+01 -5.226017866e+01 -9.4732e-01 -9.5265e-01 +2.8128e+00
163 +4.603519739e-02 +4.603519739e-02 -5.230396480e+01 -5.230396480e+01 -7.9515e-01 -1.3424e+00 +2.4070e+00
175 +3.288923792e-02 +3.288923792e-02 -5.231711076e+01 -5.231711076e+01 -8.3089e-01 -1.2066e+00 +2.5801e+00
179 +1.071245870e-02 +1.071245870e-02 -5.233928754e+01 -5.233928754e+01 -8.3831e-01 -1.3399e+00 +2.4045e+00
216 +8.742643231e-04 +8.742643231e-04 -5.234912574e+01 -5.234912574e+01 -8.5254e-01 -1.2462e+00 +2.5052e+00
285 +5.003391684e-04 +5.003391684e-04 -5.234949966e+01 -5.234949966e+01 -8.8650e-01 -1.2471e+00 +2.5628e+00
381 +3.823143866e-04 +3.823143866e-04 -5.234961769e+01 -5.234961769e+01 -8.8186e-01 -1.2161e+00 +2.5862e+00
384 +1.508613231e-04 +1.508613231e-04 -5.234984914e+01 -5.234984914e+01 -8.8108e-01 -1.2179e+00 +2.5839e+00
491 +8.799638813e-05 +8.799638813e-05 -5.234991200e+01 -5.234991200e+01 -8.7916e-01 -1.2225e+00 +2.5757e+00
550 +6.177172722e-05 +6.177172722e-05 -5.234993823e+01 -5.234993823e+01 -8.8032e-01 -1.2266e+00 +2.5735e+00
652 +3.867173612e-05 +3.867173612e-05 -5.234996133e+01 -5.234996133e+01 -8.8213e-01 -1.2337e+00 +2.5696e+00
708 +2.061913673e-05 +2.061913673e-05 -5.234997938e+01 -5.234997938e+01 -8.8037e-01 -1.2359e+00 +2.5642e+00
722 +1.423498212e-05 +1.423498212e-05 -5.234998577e+01 -5.234998577e+01 -8.7920e-01 -1.2367e+00 +2.5612e+00
794 +8.063303611e-06 +8.063303611e-06 -5.234999194e+01 -5.234999194e+01 -8.7802e-01 -1.2387e+00 +2.5571e+00
825 +5.634415515e-06 +5.634415515e-06 -5.234999437e+01 -5.234999437e+01 -8.7670e-01 -1.2388e+00 +2.5547e+00
831 +2.326930471e-06 +2.326930471e-06 -5.234999767e+01 -5.234999767e+01 -8.7484e-01 -1.2392e+00 +2.5508e+00
885 +9.792653017e-07 +9.792653017e-07 -5.234999902e+01 -5.234999902e+01 -8.7413e-01 -1.2409e+00 +2.5478e+00
927 +4.640480071e-07 +4.640480071e-07 -5.234999954e+01 -5.234999954e+01 -8.7363e-01 -1.2416e+00 +2.5462e+00
1021 +3.831000086e-07 +3.831000086e-07 -5.234999962e+01 -5.234999962e+01 -8.7374e-01 -1.2418e+00 +2.5462e+00
1061 +1.882100165e-07 +1.882100165e-07 -5.234999981e+01 -5.234999981e+01 -8.7348e-01 -1.2425e+00 +2.5450e+00
1079 +1.315717526e-07 +1.315717526e-07 -5.234999987e+01 -5.234999987e+01 -8.7331e-01 -1.2429e+00 +2.5443e+00
1136 +9.461793127e-08 +9.461793127e-08 -5.234999991e+01 -5.234999991e+01 -8.7322e-01 -1.2430e+00 +2.5440e+00
1192 +5.383838442e-08 +5.383838442e-08 -5.234999995e+01 -5.234999995e+01 -8.7301e-01 -1.2433e+00 +2.5433e+00
1272 +3.947825888e-08 +3.947825888e-08 -5.234999996e+01 -5.234999996e+01 -8.7293e-01 -1.2436e+00 +2.5429e+00
1306 +2.493617046e-08 +2.493617046e-08 -5.234999998e+01 -5.234999998e+01 -8.7277e-01 -1.2438e+00 +2.5424e+00
1350 +1.283471818e-08 +1.283471818e-08 -5.234999999e+01 -5.234999999e+01 -8.7238e-01 -1.2444e+00 +2.5411e+00
1358 +8.658993522e-09 +8.658993522e-09 -5.234999999e+01 -5.234999999e+01 -8.7247e-01 -1.2442e+00 +2.5415e+00
% function evaluation | noise-free fitness - Fopt (-5.235000000000e+01) | best noise-free fitness - Fopt | measured fitness | best measured fitness | x1 | x2...
1 +2.873296404e+00 +2.873296404e+00 -4.947670360e+01 -4.947670360e+01 -3.5205e+00 -3.9314e-01 +1.6398e+00
6 +2.300295605e+00 +2.300295605e+00 -5.004970439e+01 -5.004970439e+01 -2.9957e+00 -1.0025e+00 +1.5356e+00
33 +9.707864832e-01 +9.707864832e-01 -5.137921352e+01 -5.137921352e+01 +2.3297e-01 -1.0558e+00 +2.1141e+00
60 +4.696230370e-01 +4.696230370e-01 -5.188037696e+01 -5.188037696e+01 -3.1131e-01 -1.0180e+00 +2.7214e+00
72 +3.082428391e-01 +3.082428391e-01 -5.204175716e+01 -5.204175716e+01 -3.4024e-01 -1.2547e+00 +2.1312e+00
92 +2.139942642e-01 +2.139942642e-01 -5.213600574e+01 -5.213600574e+01 -4.9701e-01 -1.0357e+00 +2.3747e+00
101 +3.799281321e-02 +3.799281321e-02 -5.231200719e+01 -5.231200719e+01 -8.9184e-01 -1.2751e+00 +2.4575e+00
138 +1.632204631e-02 +1.632204631e-02 -5.233367795e+01 -5.233367795e+01 -8.8019e-01 -1.3973e+00 +2.3748e+00
195 +1.498132183e-02 +1.498132183e-02 -5.233501868e+01 -5.233501868e+01 -8.7875e-01 -1.4088e+00 +2.4016e+00
200 +8.609961657e-03 +8.609961657e-03 -5.234139004e+01 -5.234139004e+01 -8.4249e-01 -1.3382e+00 +2.3787e+00
228 +5.647273408e-03 +5.647273408e-03 -5.234435273e+01 -5.234435273e+01 -8.0259e-01 -1.2807e+00 +2.3779e+00
274 +2.985944419e-03 +2.985944419e-03 -5.234701406e+01 -5.234701406e+01 -8.3744e-01 -1.3050e+00 +2.4149e+00
348 +2.472096505e-03 +2.472096505e-03 -5.234752790e+01 -5.234752790e+01 -8.3754e-01 -1.3001e+00 +2.4224e+00
446 +1.405249170e-03 +1.405249170e-03 -5.234859475e+01 -5.234859475e+01 -8.3244e-01 -1.2722e+00 +2.4398e+00
459 +9.619500031e-04 +9.619500031e-04 -5.234903805e+01 -5.234903805e+01 -8.4078e-01 -1.2754e+00 +2.4519e+00
502 +5.885079174e-04 +5.885079174e-04 -5.234941149e+01 -5.234941149e+01 -8.4749e-01 -1.2720e+00 +2.4674e+00
506 +3.835961960e-04 +3.835961960e-04 -5.234961640e+01 -5.234961640e+01 -8.4681e-01 -1.2607e+00 +2.4779e+00
637 +2.395118290e-04 +2.395118290e-04 -5.234976049e+01 -5.234976049e+01 -8.5030e-01 -1.2572e+00 +2.4881e+00
661 +1.474277733e-04 +1.474277733e-04 -5.234985257e+01 -5.234985257e+01 -8.5436e-01 -1.2581e+00 +2.4944e+00
695 +9.852424037e-05 +9.852424037e-05 -5.234990148e+01 -5.234990148e+01 -8.5770e-01 -1.2561e+00 +2.5028e+00
717 +4.739267013e-05 +4.739267013e-05 -5.234995261e+01 -5.234995261e+01 -8.6273e-01 -1.2506e+00 +2.5172e+00
727 +3.343530368e-05 +3.343530368e-05 -5.234996656e+01 -5.234996656e+01 -8.6199e-01 -1.2524e+00 +2.5141e+00
732 +1.969566184e-05 +1.969566184e-05 -5.234998030e+01 -5.234998030e+01 -8.6535e-01 -1.2512e+00 +2.5214e+00
781 +1.037951770e-05 +1.037951770e-05 -5.234998962e+01 -5.234998962e+01 -8.7192e-01 -1.2481e+00 +2.5365e+00
793 +4.115405453e-06 +4.115405453e-06 -5.234999588e+01 -5.234999588e+01 -8.7283e-01 -1.2461e+00 +2.5402e+00
867 +3.488173732e-06 +3.488173732e-06 -5.234999651e+01 -5.234999651e+01 -8.7221e-01 -1.2466e+00 +2.5385e+00
905 +2.046490181e-06 +2.046490181e-06 -5.234999795e+01 -5.234999795e+01 -8.7247e-01 -1.2461e+00 +2.5395e+00
929 +1.395741670e-06 +1.395741670e-06 -5.234999860e+01 -5.234999860e+01 -8.7225e-01 -1.2459e+00 +2.5393e+00
938 +7.809565261e-07 +7.809565261e-07 -5.234999922e+01 -5.234999922e+01 -8.7150e-01 -1.2460e+00 +2.5379e+00
950 +9.996125527e-08 +9.996125527e-08 -5.234999990e+01 -5.234999990e+01 -8.7175e-01 -1.2457e+00 +2.5387e+00
1096 +5.291345673e-08 +5.291345673e-08 -5.234999995e+01 -5.234999995e+01 -8.7215e-01 -1.2450e+00 +2.5401e+00
1119 +3.872344223e-08 +3.872344223e-08 -5.234999996e+01 -5.234999996e+01 -8.7214e-01 -1.2449e+00 +2.5401e+00
1206 +2.404819810e-08 +2.404819810e-08 -5.234999998e+01 -5.234999998e+01 -8.7212e-01 -1.2449e+00 +2.5402e+00
1257 +1.341142308e-08 +1.341142308e-08 -5.234999999e+01 -5.234999999e+01 -8.7212e-01 -1.2448e+00 +2.5402e+00
1270 +9.461459172e-09 +9.461459172e-09 -5.234999999e+01 -5.234999999e+01 -8.7211e-01 -1.2448e+00 +2.5402e+00
% function evaluation | noise-free fitness - Fopt (-5.235000000000e+01) | best noise-free fitness - Fopt | measured fitness | best measured fitness | x1 | x2...
1 +2.519841161e+01 +2.519841161e+01 -2.715158839e+01 -2.715158839e+01 +1.3941e+00 +2.8997e+00 +4.5705e-01
10 +2.215626582e+01 +2.215626582e+01 -3.019373418e+01 -3.019373418e+01 +4.9589e+00 +4.9576e-01 +2.5538e+00
11 +7.637342114e+00 +7.637342114e+00 -4.471265789e+01 -4.471265789e+01 +3.0529e+00 -1.0296e+00 +1.8929e+00
16 +2.689629202e+00 +2.689629202e+00 -4.966037080e+01 -4.966037080e+01 +1.6191e+00 -2.0148e+00 +3.3856e+00
17 +2.491195443e+00 +2.491195443e+00 -4.985880456e+01 -4.985880456e+01 -5.4680e-01 +4.0335e-01 +2.2855e+00
24 +1.007057643e+00 +1.007057643e+00 -5.134294236e+01 -5.134294236e+01 -6.6147e-01 -1.9345e+00 +3.5456e+00
53 +9.548735221e-01 +9.548735221e-01 -5.139512648e+01 -5.139512648e+01 -8.2936e-01 -6.1341e-01 +1.4787e+00
84 +5.897487118e-01 +5.897487118e-01 -5.176025129e+01 -5.176025129e+01 -1.1324e+00 -1.0389e+00 +1.8757e+00
96 +9.107537370e-02 +9.107537370e-02 -5.225892463e+01 -5.225892463e+01 -6.6970e-01 -1.2244e+00 +2.3959e+00
108 +4.405987403e-02 +4.405987403e-02 -5.230594013e+01 -5.230594013e+01 -6.9313e-01 -1.2010e+00 +2.2509e+00
186 +3.425025513e-02 +3.425025513e-02 -5.231574974e+01 -5.231574974e+01 -8.9325e-01 -1.0536e+00 +2.7038e+00
201 +5.196986197e-03 +5.196986197e-03 -5.234480301e+01 -5.234480301e+01 -8.4994e-01 -1.2115e+00 +2.5227e+00
209 +2.863142394e-03 +2.863142394e-03 -5.234713686e+01 -5.234713686e+01 -8.6201e-01 -1.3107e+00 +2.4493e+00
261 +1.828544646e-03 +1.828544646e-03 -5.234817146e+01 -5.234817146e+01 -9.1793e-01 -1.2189e+00 +2.6497e+00
314 +1.535733576e-03 +1.535733576e-03 -5.234846427e+01 -5.234846427e+01 -8.7153e-01 -1.1825e+00 +2.6033e+00
385 +9.953613240e-04 +9.953613240e-04 -5.234900464e+01 -5.234900464e+01 -8.9360e-01 -1.2088e+00 +2.6174e+00
387 +4.408723466e-04 +4.408723466e-04 -5.234955913e+01 -5.234955913e+01 -8.9816e-01 -1.2245e+00 +2.6079e+00
486 +3.581191726e-04 +3.581191726e-04 -5.234964188e+01 -5.234964188e+01 -8.9309e-01 -1.2204e+00 +2.6031e+00
606 +2.433633775e-04 +2.433633775e-04 -5.234975664e+01 -5.234975664e+01 -8.9357e-01 -1.2305e+00 +2.5935e+00
654 +1.328707678e-04 +1.328707678e-04 -5.234986713e+01 -5.234986713e+01 -8.8925e-01 -1.2322e+00 +2.5840e+00
680 +9.143350601e-05 +9.143350601e-05 -5.234990857e+01 -5.234990857e+01 -8.8431e-01 -1.2277e+00 +2.5797e+00
693 +3.235631812e-05 +3.235631812e-05 -5.234996764e+01 -5.234996764e+01 -8.8130e-01 -1.2348e+00 +2.5670e+00
716 +7.597525247e-06 +7.597525247e-06 -5.234999240e+01 -5.234999240e+01 -8.7758e-01 -1.2378e+00 +2.5572e+00
810 +5.542568537e-06 +5.542568537e-06 -5.234999446e+01 -5.234999446e+01 -8.7607e-01 -1.2423e+00 +2.5499e+00
816 +2.748711779e-06 +2.748711779e-06 -5.234999725e+01 -5.234999725e+01 -8.7540e-01 -1.2390e+00 +2.5520e+00
829 +1.277228876e-06 +1.277228876e-06 -5.234999872e+01 -5.234999872e+01 -8.7479e-01 -1.2413e+00 +2.5486e+00
997 +8.835270435e-07 +8.835270435e-07 -5.234999912e+01 -5.234999912e+01 -8.7450e-01 -1.2410e+00 +2.5484e+00
1041 +6.261168863e-07 +6.261168863e-07 -5.234999937e+01 -5.234999937e+01 -8.7427e-01 -1.2415e+00 +2.5475e+00
1125 +3.769015819e-07 +3.769015819e-07 -5.234999962e+01 -5.234999962e+01 -8.7402e-01 -1.2424e+00 +2.5462e+00
1153 +2.368842971e-07 +2.368842971e-07 -5.234999976e+01 -5.234999976e+01 -8.7363e-01 -1.2424e+00 +2.5454e+00
1175 +1.185964749e-07 +1.185964749e-07 -5.234999988e+01 -5.234999988e+01 -8.7320e-01 -1.2428e+00 +2.5442e+00
1214 +8.976851262e-08 +8.976851262e-08 -5.234999991e+01 -5.234999991e+01 -8.7302e-01 -1.2430e+00 +2.5436e+00
1241 +6.059496371e-08 +6.059496371e-08 -5.234999994e+01 -5.234999994e+01 -8.7303e-01 -1.2432e+00 +2.5435e+00
1306 +3.704396789e-08 +3.704396789e-08 -5.234999996e+01 -5.234999996e+01 -8.7283e-01 -1.2435e+00 +2.5429e+00
1318 +1.918035508e-08 +1.918035508e-08 -5.234999998e+01 -5.234999998e+01 -8.7253e-01 -1.2438e+00 +2.5420e+00
1349 +1.397200577e-08 +1.397200577e-08 -5.234999999e+01 -5.234999999e+01 -8.7212e-01 -1.2444e+00 +2.5406e+00
1350 +9.087472108e-09 +9.087472108e-09 -5.234999999e+01 -5.234999999e+01 -8.7241e-01 -1.2442e+00 +2.5413e+00
1353 +5.733653552e-09 +5.733653552e-09 -5.234999999e+01 -5.234999999e+01 -8.7232e-01 -1.2443e+00 +2.5411e+00
% function evaluation | noise-free fitness - Fopt (-1.795400000000e+02) | best noise-free fitness - Fopt | measured fitness | best measured fitness | x1 | x2...
1 +1.177493742e+00 +1.177493742e+00 -1.783625063e+02 -1.783625063e+02 +9.9548e-01 +1.6873e+00 -3.5893e+00
11 +6.815999192e-01 +6.815999192e-01 -1.788584001e+02 -1.788584001e+02 -3.4232e-02 +6.6098e-01 -2.8272e+00
59 +2.414746837e-01 +2.414746837e-01 -1.792985253e+02 -1.792985253e+02 +9.7169e-01 +7.4239e-01 -3.6934e+00
80 +8.500732832e-02 +8.500732832e-02 -1.794549927e+02 -1.794549927e+02 +3.6830e-01 +5.6411e-01 -3.5918e+00
85 +5.913423806e-02 +5.913423806e-02 -1.794808658e+02 -1.794808658e+02 +4.6303e-01 +5.8833e-01 -3.3394e+00
122 +3.393982267e-02 +3.393982267e-02 -1.795060602e+02 -1.795060602e+02 +4.7947e-01 +5.6090e-01 -3.4240e+00
153 +2.112911817e-02 +2.112911817e-02 -1.795188709e+02 -1.795188709e+02 +6.3040e-01 +5.1205e-01 -3.4581e+00
154 +1.312478903e-02 +1.312478903e-02 -1.795268752e+02 -1.795268752e+02 +5.8646e-01 +5.2993e-01 -3.4789e+00
199 +7.585242972e-03 +7.585242972e-03 -1.795324148e+02 -1.795324148e+02 +5.9870e-01 +5.3260e-01 -3.4270e+00
277 +5.663772879e-03 +5.663772879e-03 -1.795343362e+02 -1.795343362e+02 +6.3313e-01 +5.3631e-01 -3.5166e+00
292 +3.955320141e-03 +3.955320141e-03 -1.795360447e+02 -1.795360447e+02 +6.5227e-01 +5.3093e-01 -3.4952e+00
324 +1.775069070e-03 +1.775069070e-03 -1.795382249e+02 -1.795382249e+02 +6.7407e-01 +5.2783e-01 -3.4517e+00
386 +1.466653769e-03 +1.466653769e-03 -1.795385333e+02 -1.795385333e+02 +6.8177e-01 +5.2735e-01 -3.4637e+00
424 +7.406544926e-04 +7.406544926e-04 -1.795392593e+02 -1.795392593e+02 +7.0435e-01 +5.2381e-01 -3.4507e+00
435 +5.361633401e-04 +5.361633401e-04 -1.795394638e+02 -1.795394638e+02 +7.1340e-01 +5.2335e-01 -3.4569e+00
480 +3.827195721e-04 +3.827195721e-04 -1.795396173e+02 -1.795396173e+02 +7.2189e-01 +5.2170e-01 -3.4480e+00
530 +2.466767813e-04 +2.466767813e-04 -1.795397533e+02 -1.795397533e+02 +7.3646e-01 +5.2012e-01 -3.4502e+00
536 +1.323262022e-04 +1.323262022e-04 -1.795398677e+02 -1.795398677e+02 +7.4523e-01 +5.1878e-01 -3.4431e+00
596 +9.252859402e-05 +9.252859402e-05 -1.795399075e+02 -1.795399075e+02 +7.5140e-01 +5.1900e-01 -3.4557e+00
629 +5.697114423e-05 +5.697114423e-05 -1.795399430e+02 -1.795399430e+02 +7.5651e-01 +5.1817e-01 -3.4531e+00
652 +1.805881527e-05 +1.805881527e-05 -1.795399819e+02 -1.795399819e+02 +7.7305e-01 +5.1598e-01 -3.4487e+00
708 +1.560426657e-05 +1.560426657e-05 -1.795399844e+02 -1.795399844e+02 +8.1758e-01 +5.1065e-01 -3.4450e+00
765 +9.219197267e-06 +9.219197267e-06 -1.795399908e+02 -1.795399908e+02 +8.1140e-01 +5.1167e-01 -3.4494e+00
865 +5.872509718e-06 +5.872509718e-06 -1.795399941e+02 -1.795399941e+02 +8.0999e-01 +5.1169e-01 -3.4474e+00
904 +3.371762489e-06 +3.371762489e-06 -1.795399966e+02 -1.795399966e+02 +8.0820e-01 +5.1193e-01 -3.4480e+00
922 +2.105400768e-06 +2.105400768e-06 -1.795399979e+02 -1.795399979e+02 +8.0620e-01 +5.1213e-01 -3.4475e+00
966 +1.332792635e-06 +1.332792635e-06 -1.795399987e+02 -1.795399987e+02 +8.0449e-01 +5.1231e-01 -3.4474e+00
1027 +9.732702893e-07 +9.732702893e-07 -1.795399990e+02 -1.795399990e+02 +8.0331e-01 +5.1246e-01 -3.4476e+00
1045 +4.752496636e-07 +4.752496636e-07 -1.795399995e+02 -1.795399995e+02 +8.0058e-01 +5.1278e-01 -3.4477e+00
1067 +3.743542436e-07 +3.743542436e-07 -1.795399996e+02 -1.795399996e+02 +8.0065e-01 +5.1274e-01 -3.4472e+00
1079 +1.743362645e-07 +1.743362645e-07 -1.795399998e+02 -1.795399998e+02 +7.9885e-01 +5.1295e-01 -3.4473e+00
1099 +1.200924373e-07 +1.200924373e-07 -1.795399999e+02 -1.795399999e+02 +7.9844e-01 +5.1302e-01 -3.4476e+00
1128 +8.504093785e-08 +8.504093785e-08 -1.795399999e+02 -1.795399999e+02 +7.9662e-01 +5.1323e-01 -3.4477e+00
1178 +3.965104156e-08 +3.965104156e-08 -1.795400000e+02 -1.795400000e+02 +7.9684e-01 +5.1321e-01 -3.4478e+00
1189 +1.684375661e-08 +1.684375661e-08 -1.795400000e+02 -1.795400000e+02 +7.9582e-01 +5.1333e-01 -3.4477e+00
1207 +1.052939069e-08 +1.052939069e-08 -1.795400000e+02 -1.795400000e+02 +7.9347e-01 +5.1362e-01 -3.4480e+00
1240 +4.156248679e-09 +4.156248679e-09 -1.795400000e+02 -1.795400000e+02 +7.9467e-01 +5.1347e-01 -3.4479e+00
% function evaluation | noise-free fitness - Fopt (-1.795400000000e+02) | best noise-free fitness - Fopt | measured fitness | best measured fitness | x1 | x2...
1 +3.713352247e+01 +3.713352247e+01 -1.424064775e+02 -1.424064775e+02 -2.8933e+00 -2.5607e+00 +1.2412e+00
5 +1.145537115e+01 +1.145537115e+01 -1.680846288e+02 -1.680846288e+02 -1.0616e+00 -3.4213e+00 -5.5520e-01
17 +6.354951240e+00 +6.354951240e+00 -1.731850488e+02 -1.731850488e+02 +3.1205e-01 -5.8242e+00 -3.7172e+00
19 +3.814996791e+00 +3.814996791e+00 -1.757250032e+02 -1.757250032e+02 +1.6622e+00 -2.5824e+00 -4.9045e+00
75 +2.118645743e+00 +2.118645743e+00 -1.774213543e+02 -1.774213543e+02 -5.4580e-01 +3.2186e-01 -3.0560e+00
98 +8.695135358e-01 +8.695135358e-01 -1.786704865e+02 -1.786704865e+02 -7.4377e-02 -6.2238e-02 -2.9010e+00
116 +4.682998744e-01 +4.682998744e-01 -1.790717001e+02 -1.790717001e+02 +5.2722e-01 +1.1841e-01 -3.8537e+00
123 +1.740989740e-01 +1.740989740e-01 -1.793659010e+02 -1.793659010e+02 +7.9199e-01 +4.1703e-01 -3.8095e+00
131 +1.219799228e-01 +1.219799228e-01 -1.794180201e+02 -1.794180201e+02 +1.0880e+00 +5.7183e-01 -3.1992e+00
135 +6.779113351e-02 +6.779113351e-02 -1.794722089e+02 -1.794722089e+02 +6.7918e-01 +5.1268e-01 -3.7031e+00
148 +2.694232556e-02 +2.694232556e-02 -1.795130577e+02 -1.795130577e+02 +8.0343e-01 +5.4019e-01 -3.4555e+00
188 +1.961463650e-02 +1.961463650e-02 -1.795203854e+02 -1.795203854e+02 +8.9253e-01 +5.2492e-01 -3.4909e+00
218 +1.360973379e-02 +1.360973379e-02 -1.795263903e+02 -1.795263903e+02 +1.0064e+00 +4.9966e-01 -3.4555e+00
225 +7.471176882e-03 +7.471176882e-03 -1.795325288e+02 -1.795325288e+02 +9.1714e-01 +4.9271e-01 -3.4549e+00
248 +6.123198698e-03 +6.123198698e-03 -1.795338768e+02 -1.795338768e+02 +9.1891e-01 +5.0738e-01 -3.4846e+00
251 +3.249876076e-03 +3.249876076e-03 -1.795367501e+02 -1.795367501e+02 +9.3261e-01 +4.9769e-01 -3.4704e+00
264 +1.278145012e-03 +1.278145012e-03 -1.795387219e+02 -1.795387219e+02 +8.9477e-01 +5.0309e-01 -3.4676e+00
315 +8.578803886e-04 +8.578803886e-04 -1.795391421e+02 -1.795391421e+02 +8.8547e-01 +5.0271e-01 -3.4471e+00
324 +4.660361534e-04 +4.660361534e-04 -1.795395340e+02 -1.795395340e+02 +8.5654e-01 +5.0637e-01 -3.4416e+00
347 +3.079681794e-04 +3.079681794e-04 -1.795396920e+02 -1.795396920e+02 +8.3949e-01 +5.0748e-01 -3.4396e+00
556 +2.503998396e-04 +2.503998396e-04 -1.795397496e+02 -1.795397496e+02 +8.5313e-01 +5.0578e-01 -3.4334e+00
695 +1.393653845e-04 +1.393653845e-04 -1.795398606e+02 -1.795398606e+02 +8.4458e-01 +5.0730e-01 -3.4409e+00
711 +9.402326108e-05 +9.402326108e-05 -1.795399060e+02 -1.795399060e+02 +8.3823e-01 +5.0804e-01 -3.4414e+00
804 +6.209494893e-05 +6.209494893e-05 -1.795399379e+02 -1.795399379e+02 +8.2264e-01 +5.0961e-01 -3.4387e+00
864 +3.843802597e-05 +3.843802597e-05 -1.795399616e+02 -1.795399616e+02 +8.1782e-01 +5.1030e-01 -3.4403e+00
866 +2.035441037e-05 +2.035441037e-05 -1.795399796e+02 -1.795399796e+02 +8.1749e-01 +5.1052e-01 -3.4428e+00
905 +1.182113840e-05 +1.182113840e-05 -1.795399882e+02 -1.795399882e+02 +8.0974e-01 +5.1145e-01 -3.4435e+00
912 +8.043632704e-06 +8.043632704e-06 -1.795399920e+02 -1.795399920e+02 +7.9733e-01 +5.1299e-01 -3.4452e+00
966 +2.292383755e-06 +2.292383755e-06 -1.795399977e+02 -1.795399977e+02 +7.9389e-01 +5.1356e-01 -3.4479e+00
1012 +1.227437139e-06 +1.227437139e-06 -1.795399988e+02 -1.795399988e+02 +7.9261e-01 +5.1369e-01 -3.4476e+00
1060 +8.929594344e-07 +8.929594344e-07 -1.795399991e+02 -1.795399991e+02 +7.9606e-01 +5.1334e-01 -3.4482e+00
1106 +2.279565763e-07 +2.279565763e-07 -1.795399998e+02 -1.795399998e+02 +7.9701e-01 +5.1321e-01 -3.4479e+00
1171 +1.282918731e-07 +1.282918731e-07 -1.795399999e+02 -1.795399999e+02 +7.9714e-01 +5.1320e-01 -3.4481e+00
1265 +8.701874776e-08 +8.701874776e-08 -1.795399999e+02 -1.795399999e+02 +7.9781e-01 +5.1311e-01 -3.4479e+00
1362 +6.140251685e-08 +6.140251685e-08 -1.795399999e+02 -1.795399999e+02 +7.9723e-01 +5.1318e-01 -3.4479e+00
1431 +3.422420036e-08 +3.422420036e-08 -1.795400000e+02 -1.795400000e+02 +7.9670e-01 +5.1324e-01 -3.4479e+00
1472 +1.880772516e-08 +1.880772516e-08 -1.795400000e+02 -1.795400000e+02 +7.9574e-01 +5.1335e-01 -3.4480e+00
1480 +1.428546170e-08 +1.428546170e-08 -1.795400000e+02 -1.795400000e+02 +7.9571e-01 +5.1336e-01 -3.4479e+00
1489 +7.888331766e-09 +7.888331766e-09 -1.795400000e+02 -1.795400000e+02 +7.9544e-01 +5.1339e-01 -3.4479e+00
% function evaluation | noise-free fitness - Fopt (-1.795400000000e+02) | best noise-free fitness - Fopt | measured fitness | best measured fitness | x1 | x2...
1 +4.328721323e+01 +4.328721323e+01 -1.362527868e+02 -1.362527868e+02 +3.7497e+00 +1.5744e+00 +2.1861e+00
3 +3.232718387e+01 +3.232718387e+01 -1.472128161e+02 -1.472128161e+02 +3.5441e+00 +1.4988e+00 +1.3004e+00
5 +2.047763074e+01 +2.047763074e+01 -1.590623693e+02 -1.590623693e+02 +3.3473e+00 +5.9111e-01 -8.8298e-01
9 +1.077113265e+01 +1.077113265e+01 -1.687688674e+02 -1.687688674e+02 +2.7762e+00 +2.2075e+00 -4.8317e-01
17 +4.389735524e+00 +4.389735524e+00 -1.751502645e+02 -1.751502645e+02 +6.2397e-01 +4.6779e+00 -2.0815e+00
32 +1.490608812e+00 +1.490608812e+00 -1.780493912e+02 -1.780493912e+02 +9.9080e-01 +1.5750e+00 -2.3877e+00
71 +7.356397772e-01 +7.356397772e-01 -1.788043602e+02 -1.788043602e+02 +1.3355e+00 +1.1498e+00 -3.0509e+00
92 +9.623847698e-02 +9.623847698e-02 -1.794437615e+02 -1.794437615e+02 +6.3388e-01 +6.3551e-01 -3.5513e+00
134 +6.091960687e-02 +6.091960687e-02 -1.794790804e+02 -1.794790804e+02 +8.4186e-01 +5.6233e-01 -3.6584e+00
138 +8.539209090e-03 +8.539209090e-03 -1.795314608e+02 -1.795314608e+02 +8.8075e-01 +5.1504e-01 -3.4949e+00
216 +5.532285010e-03 +5.532285010e-03 -1.795344677e+02 -1.795344677e+02 +7.1423e-01 +5.3083e-01 -3.5213e+00
223 +3.784669495e-03 +3.784669495e-03 -1.795362153e+02 -1.795362153e+02 +6.9216e-01 +5.2894e-01 -3.5143e+00
271 +2.484801796e-03 +2.484801796e-03 -1.795375152e+02 -1.795375152e+02 +7.8706e-01 +5.1899e-01 -3.4934e+00
296 +1.480152919e-03 +1.480152919e-03 -1.795385198e+02 -1.795385198e+02 +7.9342e-01 +5.1680e-01 -3.4747e+00
307 +8.415319905e-04 +8.415319905e-04 -1.795391585e+02 -1.795391585e+02 +8.0306e-01 +5.1329e-01 -3.4690e+00
379 +4.926281399e-04 +4.926281399e-04 -1.795395074e+02 -1.795395074e+02 +8.1156e-01 +5.1294e-01 -3.4688e+00
399 +2.804790973e-04 +2.804790973e-04 -1.795397195e+02 -1.795397195e+02 +8.0862e-01 +5.1300e-01 -3.4637e+00
424 +1.213699656e-04 +1.213699656e-04 -1.795398786e+02 -1.795398786e+02 +8.0565e-01 +5.1293e-01 -3.4569e+00
468 +7.245082628e-05 +7.245082628e-05 -1.795399275e+02 -1.795399275e+02 +8.0936e-01 +5.1220e-01 -3.4543e+00
500 +5.540813393e-05 +5.540813393e-05 -1.795399446e+02 -1.795399446e+02 +8.1061e-01 +5.1210e-01 -3.4542e+00
511 +3.526814916e-05 +3.526814916e-05 -1.795399647e+02 -1.795399647e+02 +8.1555e-01 +5.1139e-01 -3.4522e+00
563 +1.335771520e-05 +1.335771520e-05 -1.795399866e+02 -1.795399866e+02 +8.1206e-01 +5.1161e-01 -3.4496e+00
641 +9.941374628e-06 +9.941374628e-06 -1.795399901e+02 -1.795399901e+02 +8.1452e-01 +5.1124e-01 -3.4484e+00
794 +6.209545376e-06 +6.209545376e-06 -1.795399938e+02 -1.795399938e+02 +8.1163e-01 +5.1155e-01 -3.4481e+00
836 +3.317606826e-06 +3.317606826e-06 -1.795399967e+02 -1.795399967e+02 +8.0783e-01 +5.1195e-01 -3.4476e+00
873 +1.562306267e-06 +1.562306267e-06 -1.795399984e+02 -1.795399984e+02 +8.0115e-01 +5.1272e-01 -3.4477e+00
881 +2.875966914e-07 +2.875966914e-07 -1.795399997e+02 -1.795399997e+02 +7.9954e-01 +5.1288e-01 -3.4474e+00
1034 +2.496153684e-07 +2.496153684e-07 -1.795399998e+02 -1.795399998e+02 +7.9906e-01 +5.1292e-01 -3.4472e+00
1075 +7.577997962e-08 +7.577997962e-08 -1.795399999e+02 -1.795399999e+02 +7.9717e-01 +5.1319e-01 -3.4479e+00
1170 +6.251244145e-08 +6.251244145e-08 -1.795399999e+02 -1.795399999e+02 +7.9750e-01 +5.1314e-01 -3.4478e+00
1220 +3.941218552e-08 +3.941218552e-08 -1.795400000e+02 -1.795400000e+02 +7.9674e-01 +5.1324e-01 -3.4479e+00
1265 +2.435743340e-08 +2.435743340e-08 -1.795400000e+02 -1.795400000e+02 +7.9624e-01 +5.1329e-01 -3.4479e+00
1312 +1.578160891e-08 +1.578160891e-08 -1.795400000e+02 -1.795400000e+02 +7.9544e-01 +5.1339e-01 -3.4480e+00
1325 +8.614534863e-09 +8.614534863e-09 -1.795400000e+02 -1.795400000e+02 +7.9553e-01 +5.1337e-01 -3.4479e+00
% function evaluation | noise-free fitness - Fopt (7.731000000000e+01) | best noise-free fitness - Fopt | measured fitness | best measured fitness | x1 | x2...
1 +3.414659896e+00 +3.414659896e+00 +8.072465990e+01 +8.072465990e+01 +1.1442e+00 -2.6310e+00 -3.2126e+00
4 +1.404063114e+00 +1.404063114e+00 +7.871406311e+01 +7.871406311e+01 +1.8746e+00 -1.6311e+00 -2.3698e+00
32 +4.244100261e-01 +4.244100261e-01 +7.773441003e+01 +7.773441003e+01 +4.0252e-01 -1.0462e+00 -1.7287e+00
55 +1.543497586e-01 +1.543497586e-01 +7.746434976e+01 +7.746434976e+01 +4.4278e-01 -8.5811e-01 -1.9666e+00
59 +7.611967859e-02 +7.611967859e-02 +7.738611968e+01 +7.738611968e+01 +6.4443e-01 -8.0321e-01 -2.3500e+00
102 +3.314498679e-02 +3.314498679e-02 +7.734314499e+01 +7.734314499e+01 +9.1929e-01 -7.0308e-01 -2.2423e+00
125 +1.364617602e-02 +1.364617602e-02 +7.732364618e+01 +7.732364618e+01 +9.9665e-01 -5.3425e-01 -2.0633e+00
149 +4.954283847e-03 +4.954283847e-03 +7.731495428e+01 +7.731495428e+01 +8.0057e-01 -6.8337e-01 -2.1791e+00
202 +1.278344974e-03 +1.278344974e-03 +7.731127834e+01 +7.731127834e+01 +9.0205e-01 -6.0044e-01 -2.1171e+00
230 +9.343255955e-04 +9.343255955e-04 +7.731093433e+01 +7.731093433e+01 +9.6703e-01 -5.5900e-01 -2.1055e+00
359 +5.701388874e-04 +5.701388874e-04 +7.731057014e+01 +7.731057014e+01 +9.4702e-01 -5.5985e-01 -2.0920e+00
398 +2.045271371e-04 +2.045271371e-04 +7.731020453e+01 +7.731020453e+01 +9.2721e-01 -5.7557e-01 -2.1004e+00
550 +1.485078248e-04 +1.485078248e-04 +7.731014851e+01 +7.731014851e+01 +9.2824e-01 -5.7901e-01 -2.1067e+00
597 +8.023483532e-05 +8.023483532e-05 +7.731008023e+01 +7.731008023e+01 +9.2895e-01 -5.8374e-01 -2.1152e+00
641 +4.001364701e-05 +4.001364701e-05 +7.731004001e+01 +7.731004001e+01 +9.2129e-01 -5.8956e-01 -2.1183e+00
678 +3.422044828e-05 +3.422044828e-05 +7.731003422e+01 +7.731003422e+01 +9.1774e-01 -5.8992e-01 -2.1158e+00
712 +2.325361426e-05 +2.325361426e-05 +7.731002325e+01 +7.731002325e+01 +9.1353e-01 -5.9167e-01 -2.1151e+00
766 +1.135649815e-05 +1.135649815e-05 +7.731001136e+01 +7.731001136e+01 +9.0901e-01 -5.9584e-01 -2.1182e+00
791 +8.730092475e-06 +8.730092475e-06 +7.731000873e+01 +7.731000873e+01 +9.0822e-01 -5.9656e-01 -2.1187e+00
806 +6.039597380e-06 +6.039597380e-06 +7.731000604e+01 +7.731000604e+01 +9.0449e-01 -6.0011e-01 -2.1213e+00
811 +2.673498457e-06 +2.673498457e-06 +7.731000267e+01 +7.731000267e+01 +9.0398e-01 -6.0070e-01 -2.1219e+00
818 +9.437119672e-07 +9.437119672e-07 +7.731000094e+01 +7.731000094e+01 +8.9856e-01 -6.0570e-01 -2.1255e+00
875 +3.476946517e-07 +3.476946517e-07 +7.731000035e+01 +7.731000035e+01 +8.9962e-01 -6.0494e-01 -2.1251e+00
978 +1.816967057e-07 +1.816967057e-07 +7.731000018e+01 +7.731000018e+01 +8.9861e-01 -6.0562e-01 -2.1254e+00
1080 +1.459748944e-07 +1.459748944e-07 +7.731000015e+01 +7.731000015e+01 +8.9903e-01 -6.0509e-01 -2.1249e+00
1167 +9.656287148e-08 +9.656287148e-08 +7.731000010e+01 +7.731000010e+01 +8.9851e-01 -6.0538e-01 -2.1249e+00
1209 +4.510594920e-08 +4.510594920e-08 +7.731000005e+01 +7.731000005e+01 +8.9783e-01 -6.0593e-01 -2.1252e+00
1235 +3.712814589e-08 +3.712814589e-08 +7.731000004e+01 +7.731000004e+01 +8.9655e-01 -6.0696e-01 -2.1258e+00
1241 +2.389934650e-08 +2.389934650e-08 +7.731000002e+01 +7.731000002e+01 +8.9443e-01 -6.0850e-01 -2.1266e+00
1253 +9.699164139e-09 +9.699164139e-09 +7.731000001e+01 +7.731000001e+01 +8.9553e-01 -6.0769e-01 -2.1262e+00
1255 +4.995712288e-09 +4.995712288e-09 +7.731000000e+01 +7.731000000e+01 +8.9522e-01 -6.0796e-01 -2.1264e+00
% function evaluation | noise-free fitness - Fopt (7.731000000000e+01) | best noise-free fitness - Fopt | measured fitness | best measured fitness | x1 | x2...
1 +1.199978739e+02 +1.199978739e+02 +1.973078739e+02 +1.973078739e+02 +3.9990e+00 +9.7024e-01 +3.2728e+00
5 +1.644422844e+01 +1.644422844e+01 +9.375422844e+01 +9.375422844e+01 +6.8687e-01 -8.6425e-01 +2.7095e+00
8 +6.963285630e+00 +6.963285630e+00 +8.427328563e+01 +8.427328563e+01 +5.0790e+00 -4.9818e+00 +3.3230e-01
12 +5.364902434e+00 +5.364902434e+00 +8.267490243e+01 +8.267490243e+01 +1.7385e+00 -5.1061e+00 -3.6345e-02
15 +1.416041889e+00 +1.416041889e+00 +7.872604189e+01 +7.872604189e+01 +1.0353e+00 -2.1382e+00 -1.8717e+00
44 +9.155438842e-01 +9.155438842e-01 +7.822554388e+01 +7.822554388e+01 +2.9948e-01 -8.0683e-01 -1.3144e+00
81 +5.995140296e-01 +5.995140296e-01 +7.790951403e+01 +7.790951403e+01 +1.1787e+00 -8.5357e-01 -2.8186e+00
83 +3.021492821e-01 +3.021492821e-01 +7.761214928e+01 +7.761214928e+01 +6.1889e-01 -1.1394e+00 -2.5302e+00
89 +2.319999376e-01 +2.319999376e-01 +7.754199994e+01 +7.754199994e+01 +7.4186e-01 -8.2536e-01 -1.8802e+00
111 +8.979155133e-02 +8.979155133e-02 +7.739979155e+01 +7.739979155e+01 +6.5141e-01 -6.7839e-01 -2.2209e+00
158 +5.097829358e-02 +5.097829358e-02 +7.736097829e+01 +7.736097829e+01 +9.8933e-01 -5.3975e-01 -1.9887e+00
161 +1.942916976e-02 +1.942916976e-02 +7.732942917e+01 +7.732942917e+01 +1.1291e+00 -4.7371e-01 -2.1178e+00
202 +1.137438025e-02 +1.137438025e-02 +7.732137438e+01 +7.732137438e+01 +1.0053e+00 -4.9325e-01 -2.0136e+00
204 +7.424018503e-03 +7.424018503e-03 +7.731742402e+01 +7.731742402e+01 +1.0617e+00 -5.2840e-01 -2.1357e+00
216 +3.680437546e-03 +3.680437546e-03 +7.731368044e+01 +7.731368044e+01 +9.9751e-01 -5.2177e-01 -2.0764e+00
228 +8.833331718e-04 +8.833331718e-04 +7.731088333e+01 +7.731088333e+01 +9.2520e-01 -5.8420e-01 -2.1109e+00
317 +5.482727635e-04 +5.482727635e-04 +7.731054827e+01 +7.731054827e+01 +9.4356e-01 -5.7917e-01 -2.1210e+00
416 +2.319714876e-04 +2.319714876e-04 +7.731023197e+01 +7.731023197e+01 +9.1071e-01 -6.0310e-01 -2.1318e+00
449 +7.377525814e-05 +7.377525814e-05 +7.731007378e+01 +7.731007378e+01 +9.0788e-01 -6.0172e-01 -2.1269e+00
534 +5.813732531e-05 +5.813732531e-05 +7.731005814e+01 +7.731005814e+01 +9.2149e-01 -5.9130e-01 -2.1212e+00
554 +3.554456897e-05 +3.554456897e-05 +7.731003554e+01 +7.731003554e+01 +9.1921e-01 -5.9239e-01 -2.1211e+00
565 +1.723431052e-05 +1.723431052e-05 +7.731001723e+01 +7.731001723e+01 +9.1374e-01 -5.9357e-01 -2.1184e+00
595 +9.140175052e-06 +9.140175052e-06 +7.731000914e+01 +7.731000914e+01 +9.0616e-01 -5.9797e-01 -2.1192e+00
695 +5.412568882e-06 +5.412568882e-06 +7.731000541e+01 +7.731000541e+01 +9.0681e-01 -5.9859e-01 -2.1208e+00
724 +3.727417720e-06 +3.727417720e-06 +7.731000373e+01 +7.731000373e+01 +9.0624e-01 -5.9896e-01 -2.1209e+00
805 +2.457679557e-06 +2.457679557e-06 +7.731000246e+01 +7.731000246e+01 +9.0475e-01 -6.0014e-01 -2.1216e+00
904 +1.422083201e-06 +1.422083201e-06 +7.731000142e+01 +7.731000142e+01 +9.0263e-01 -6.0173e-01 -2.1224e+00
982 +9.905893563e-07 +9.905893563e-07 +7.731000099e+01 +7.731000099e+01 +9.0203e-01 -6.0234e-01 -2.1229e+00
1041 +6.001507131e-07 +6.001507131e-07 +7.731000060e+01 +7.731000060e+01 +9.0132e-01 -6.0310e-01 -2.1235e+00
1049 +3.902934509e-07 +3.902934509e-07 +7.731000039e+01 +7.731000039e+01 +9.0002e-01 -6.0405e-01 -2.1240e+00
1059 +2.056016939e-07 +2.056016939e-07 +7.731000021e+01 +7.731000021e+01 +8.9857e-01 -6.0519e-01 -2.1247e+00
1067 +4.889484728e-08 +4.889484728e-08 +7.731000005e+01 +7.731000005e+01 +8.9760e-01 -6.0608e-01 -2.1253e+00
1168 +9.034721415e-09 +9.034721415e-09 +7.731000001e+01 +7.731000001e+01 +8.9447e-01 -6.0860e-01 -2.1268e+00
% function evaluation | noise-free fitness - Fopt (7.731000000000e+01) | best noise-free fitness - Fopt | measured fitness | best measured fitness | x1 | x2...
1 +5.877876975e+01 +5.877876975e+01 +1.360887698e+02 +1.360887698e+02 -2.9476e+00 -2.7867e+00 -1.2302e+00
2 +1.278285721e+01 +1.278285721e+01 +9.009285721e+01 +9.009285721e+01 -5.7160e-01 -2.0139e+00 -3.4752e+00
5 +5.099110357e+00 +5.099110357e+00 +8.240911036e+01 +8.240911036e+01 -1.1067e+00 -1.3131e+00 -8.8053e-01
15 +3.144798200e+00 +3.144798200e+00 +8.045479820e+01 +8.045479820e+01 +4.9587e-01 -2.2453e+00 -2.7520e+00
18 +1.666358647e+00 +1.666358647e+00 +7.897635865e+01 +7.897635865e+01 +2.0288e-02 +2.6504e-01 -3.4153e+00
36 +9.201679117e-01 +9.201679117e-01 +7.823016791e+01 +7.823016791e+01 -9.0265e-02 -1.2426e-01 -2.3649e+00
50 +4.024450683e-01 +4.024450683e-01 +7.771244507e+01 +7.771244507e+01 +1.6422e+00 -6.7306e-01 -2.2031e+00
77 +1.056026776e-01 +1.056026776e-01 +7.741560268e+01 +7.741560268e+01 +7.1028e-01 -8.2900e-01 -2.4763e+00
127 +4.442492031e-02 +4.442492031e-02 +7.735442492e+01 +7.735442492e+01 +8.4518e-01 -4.9770e-01 -1.9536e+00
139 +3.499803527e-02 +3.499803527e-02 +7.734499804e+01 +7.734499804e+01 +7.9796e-01 -6.5752e-01 -2.1985e+00
152 +1.379760166e-02 +1.379760166e-02 +7.732379760e+01 +7.732379760e+01 +9.5657e-01 -5.5963e-01 -2.0703e+00
172 +9.937119235e-03 +9.937119235e-03 +7.731993712e+01 +7.731993712e+01 +7.3186e-01 -7.2867e-01 -2.1908e+00
211 +3.262681362e-03 +3.262681362e-03 +7.731326268e+01 +7.731326268e+01 +8.5457e-01 -6.5303e-01 -2.1723e+00
280 +2.283547814e-03 +2.283547814e-03 +7.731228355e+01 +7.731228355e+01 +8.0708e-01 -6.8820e-01 -2.1838e+00
288 +1.176703660e-03 +1.176703660e-03 +7.731117670e+01 +7.731117670e+01 +8.2231e-01 -6.7187e-01 -2.1693e+00
310 +9.018174119e-04 +9.018174119e-04 +7.731090182e+01 +7.731090182e+01 +8.4165e-01 -6.6283e-01 -2.1717e+00
386 +5.289560737e-04 +5.289560737e-04 +7.731052896e+01 +7.731052896e+01 +8.4452e-01 -6.5395e-01 -2.1582e+00
412 +3.041939876e-04 +3.041939876e-04 +7.731030419e+01 +7.731030419e+01 +8.5532e-01 -6.4581e-01 -2.1549e+00
418 +2.225293486e-04 +2.225293486e-04 +7.731022253e+01 +7.731022253e+01 +8.6460e-01 -6.3963e-01 -2.1525e+00
457 +8.464809251e-05 +8.464809251e-05 +7.731008465e+01 +7.731008465e+01 +8.7563e-01 -6.2797e-01 -2.1426e+00
492 +5.412656238e-05 +5.412656238e-05 +7.731005413e+01 +7.731005413e+01 +8.7796e-01 -6.2566e-01 -2.1407e+00
538 +3.272761043e-05 +3.272761043e-05 +7.731003273e+01 +7.731003273e+01 +8.7709e-01 -6.2414e-01 -2.1375e+00
562 +2.340803900e-05 +2.340803900e-05 +7.731002341e+01 +7.731002341e+01 +8.8140e-01 -6.1993e-01 -2.1342e+00
574 +1.160149060e-05 +1.160149060e-05 +7.731001160e+01 +7.731001160e+01 +8.8372e-01 -6.1836e-01 -2.1337e+00
626 +7.997562889e-06 +7.997562889e-06 +7.731000800e+01 +7.731000800e+01 +8.8237e-01 -6.1847e-01 -2.1327e+00
648 +3.809909003e-06 +3.809909003e-06 +7.731000381e+01 +7.731000381e+01 +8.8470e-01 -6.1691e-01 -2.1321e+00
656 +1.631083748e-06 +1.631083748e-06 +7.731000163e+01 +7.731000163e+01 +8.8698e-01 -6.1478e-01 -2.1306e+00
666 +1.364091602e-06 +1.364091602e-06 +7.731000136e+01 +7.731000136e+01 +8.8699e-01 -6.1436e-01 -2.1299e+00
803 +8.024448022e-07 +8.024448022e-07 +7.731000080e+01 +7.731000080e+01 +8.9051e-01 -6.1124e-01 -2.1278e+00
821 +3.762894494e-07 +3.762894494e-07 +7.731000038e+01 +7.731000038e+01 +8.8983e-01 -6.1219e-01 -2.1287e+00
943 +2.291529313e-07 +2.291529313e-07 +7.731000023e+01 +7.731000023e+01 +8.9055e-01 -6.1138e-01 -2.1280e+00
1097 +1.499535074e-07 +1.499535074e-07 +7.731000015e+01 +7.731000015e+01 +8.9122e-01 -6.1088e-01 -2.1278e+00
1144 +9.654655742e-08 +9.654655742e-08 +7.731000010e+01 +7.731000010e+01 +8.9217e-01 -6.1014e-01 -2.1274e+00
1168 +4.541224996e-08 +4.541224996e-08 +7.731000005e+01 +7.731000005e+01 +8.9272e-01 -6.0980e-01 -2.1273e+00
1177 +3.344304389e-08 +3.344304389e-08 +7.731000003e+01 +7.731000003e+01 +8.9316e-01 -6.0955e-01 -2.1272e+00
1212 +1.892387047e-08 +1.892387047e-08 +7.731000002e+01 +7.731000002e+01 +8.9333e-01 -6.0939e-01 -2.1271e+00
1257 +1.091777335e-08 +1.091777335e-08 +7.731000001e+01 +7.731000001e+01 +8.9352e-01 -6.0927e-01 -2.1271e+00
1288 +9.659430589e-09 +9.659430589e-09 +7.731000001e+01 +7.731000001e+01 +8.9362e-01 -6.0920e-01 -2.1270e+00
% function evaluation | noise-free fitness - Fopt (3.992000000000e+01) | best noise-free fitness - Fopt | measured fitness | best measured fitness | x1 | x2...
1 +5.319628146e+00 +5.319628146e+00 +4.523962815e+01 +4.523962815e+01 +1.6128e+00 +1.0885e+00 +2.8626e+00
6 +3.977430060e+00 +3.977430060e+00 +4.389743006e+01 +4.389743006e+01 +1.7407e+00 +1.4669e+00 +1.3232e+00
17 +1.473402144e+00 +1.473402144e+00 +4.139340214e+01 +4.139340214e+01 +4.0859e+00 +3.1782e-01 +1.9593e+00
29 +7.606713541e-01 +7.606713541e-01 +4.068067135e+01 +4.068067135e+01 +4.6482e+00 -1.4987e+00 +1.7374e+00
45 +5.185265321e-01 +5.185265321e-01 +4.043852653e+01 +4.043852653e+01 +3.9662e+00 -9.9048e-01 +3.2246e+00
58 +1.352126940e-01 +1.352126940e-01 +4.005521269e+01 +4.005521269e+01 +3.7218e+00 -1.2324e+00 +2.4444e+00
78 +7.454479603e-02 +7.454479603e-02 +3.999454480e+01 +3.999454480e+01 +3.9501e+00 -1.2015e+00 +2.0636e+00
116 +5.534776206e-02 +5.534776206e-02 +3.997534776e+01 +3.997534776e+01 +4.0283e+00 -7.7458e-01 +2.5873e+00
125 +1.458521639e-02 +1.458521639e-02 +3.993458522e+01 +3.993458522e+01 +3.9056e+00 -1.0775e+00 +2.5033e+00
142 +4.710706592e-03 +4.710706592e-03 +3.992471071e+01 +3.992471071e+01 +3.9628e+00 -1.0582e+00 +2.3777e+00
195 +2.440188222e-03 +2.440188222e-03 +3.992244019e+01 +3.992244019e+01 +3.9521e+00 -1.0184e+00 +2.4314e+00
210 +1.029905474e-03 +1.029905474e-03 +3.992102991e+01 +3.992102991e+01 +3.9696e+00 -1.0001e+00 +2.4121e+00
225 +5.672004354e-04 +5.672004354e-04 +3.992056720e+01 +3.992056720e+01 +3.9620e+00 -1.0092e+00 +2.4194e+00
311 +3.768759873e-04 +3.768759873e-04 +3.992037688e+01 +3.992037688e+01 +3.9590e+00 -1.0120e+00 +2.4262e+00
356 +2.124599982e-04 +2.124599982e-04 +3.992021246e+01 +3.992021246e+01 +3.9566e+00 -1.0296e+00 +2.4138e+00
442 +1.577870612e-04 +1.577870612e-04 +3.992015779e+01 +3.992015779e+01 +3.9631e+00 -1.0210e+00 +2.4038e+00
539 +9.563155950e-05 +9.563155950e-05 +3.992009563e+01 +3.992009563e+01 +3.9614e+00 -1.0290e+00 +2.3998e+00
604 +5.279966789e-05 +5.279966789e-05 +3.992005280e+01 +3.992005280e+01 +3.9590e+00 -1.0368e+00 +2.3978e+00
625 +3.695787235e-05 +3.695787235e-05 +3.992003696e+01 +3.992003696e+01 +3.9580e+00 -1.0425e+00 +2.3944e+00
665 +2.421522257e-05 +2.421522257e-05 +3.992002422e+01 +3.992002422e+01 +3.9567e+00 -1.0468e+00 +2.3931e+00
751 +1.227789202e-05 +1.227789202e-05 +3.992001228e+01 +3.992001228e+01 +3.9552e+00 -1.0515e+00 +2.3921e+00
784 +5.403816758e-06 +5.403816758e-06 +3.992000540e+01 +3.992000540e+01 +3.9542e+00 -1.0549e+00 +2.3914e+00
793 +3.693083507e-06 +3.693083507e-06 +3.992000369e+01 +3.992000369e+01 +3.9533e+00 -1.0589e+00 +2.3893e+00
849 +2.252239462e-06 +2.252239462e-06 +3.992000225e+01 +3.992000225e+01 +3.9529e+00 -1.0598e+00 +2.3894e+00
856 +1.277216036e-06 +1.277216036e-06 +3.992000128e+01 +3.992000128e+01 +3.9526e+00 -1.0611e+00 +2.3890e+00
887 +5.169841941e-07 +5.169841941e-07 +3.992000052e+01 +3.992000052e+01 +3.9512e+00 -1.0672e+00 +2.3861e+00
963 +2.935528371e-07 +2.935528371e-07 +3.992000029e+01 +3.992000029e+01 +3.9510e+00 -1.0678e+00 +2.3860e+00
982 +2.371009415e-07 +2.371009415e-07 +3.992000024e+01 +3.992000024e+01 +3.9510e+00 -1.0675e+00 +2.3862e+00
1026 +4.962244304e-08 +4.962244304e-08 +3.992000005e+01 +3.992000005e+01 +3.9507e+00 -1.0684e+00 +2.3861e+00
1101 +2.821411016e-08 +2.821411016e-08 +3.992000003e+01 +3.992000003e+01 +3.9506e+00 -1.0691e+00 +2.3857e+00
1119 +2.007974587e-08 +2.007974587e-08 +3.992000002e+01 +3.992000002e+01 +3.9505e+00 -1.0690e+00 +2.3858e+00
1139 +1.446927200e-08 +1.446927200e-08 +3.992000001e+01 +3.992000001e+01 +3.9503e+00 -1.0699e+00 +2.3855e+00
1154 +8.799631246e-09 +8.799631246e-09 +3.992000001e+01 +3.992000001e+01 +3.9504e+00 -1.0696e+00 +2.3856e+00
% function evaluation | noise-free fitness - Fopt (3.992000000000e+01) | best noise-free fitness - Fopt | measured fitness | best measured fitness | x1 | x2...
1 +5.686815011e+00 +5.686815011e+00 +4.560681501e+01 +4.560681501e+01 -1.2672e+00 +9.9714e-01 +2.1776e+00
19 +3.357699879e+00 +3.357699879e+00 +4.327769988e+01 +4.327769988e+01 +7.4733e-01 +5.9343e-02 +2.3433e+00
24 +1.565584005e+00 +1.565584005e+00 +4.148558401e+01 +4.148558401e+01 +2.8070e+00 -1.0681e+00 +1.0597e+00
36 +1.342673169e-01 +1.342673169e-01 +4.005426732e+01 +4.005426732e+01 +3.9782e+00 -1.4032e+00 +2.3563e+00
137 +6.983024849e-02 +6.983024849e-02 +3.998983025e+01 +3.998983025e+01 +3.9976e+00 -1.0547e+00 +2.1307e+00
160 +4.333240193e-02 +4.333240193e-02 +3.996333240e+01 +3.996333240e+01 +3.8090e+00 -1.3276e+00 +2.4017e+00
189 +1.452060066e-02 +1.452060066e-02 +3.993452060e+01 +3.993452060e+01 +3.9697e+00 -1.1782e+00 +2.2131e+00
271 +5.061180094e-03 +5.061180094e-03 +3.992506118e+01 +3.992506118e+01 +3.9768e+00 -9.5315e-01 +2.4262e+00
288 +5.766608160e-04 +5.766608160e-04 +3.992057666e+01 +3.992057666e+01 +3.9613e+00 -1.0490e+00 +2.3757e+00
322 +2.812084912e-04 +2.812084912e-04 +3.992028121e+01 +3.992028121e+01 +3.9487e+00 -1.0936e+00 +2.3623e+00
414 +2.116453489e-04 +2.116453489e-04 +3.992021165e+01 +3.992021165e+01 +3.9435e+00 -1.1162e+00 +2.3527e+00
730 +1.460811969e-04 +1.460811969e-04 +3.992014608e+01 +3.992014608e+01 +3.9391e+00 -1.1165e+00 +2.3651e+00
757 +7.019881717e-05 +7.019881717e-05 +3.992007020e+01 +3.992007020e+01 +3.9486e+00 -1.0901e+00 +2.3671e+00
760 +1.604935255e-05 +1.604935255e-05 +3.992001605e+01 +3.992001605e+01 +3.9468e+00 -1.0901e+00 +2.3727e+00
854 +1.318458016e-05 +1.318458016e-05 +3.992001318e+01 +3.992001318e+01 +3.9475e+00 -1.0872e+00 +2.3737e+00
918 +7.826859751e-06 +7.826859751e-06 +3.992000783e+01 +3.992000783e+01 +3.9471e+00 -1.0847e+00 +2.3780e+00
920 +5.677437336e-06 +5.677437336e-06 +3.992000568e+01 +3.992000568e+01 +3.9468e+00 -1.0846e+00 +2.3789e+00
1023 +2.277186660e-06 +2.277186660e-06 +3.992000228e+01 +3.992000228e+01 +3.9484e+00 -1.0802e+00 +2.3794e+00
1131 +1.561380522e-06 +1.561380522e-06 +3.992000156e+01 +3.992000156e+01 +3.9486e+00 -1.0793e+00 +2.3799e+00
1201 +8.618857379e-07 +8.618857379e-07 +3.992000086e+01 +3.992000086e+01 +3.9490e+00 -1.0771e+00 +2.3811e+00
1237 +5.520243036e-07 +5.520243036e-07 +3.992000055e+01 +3.992000055e+01 +3.9493e+00 -1.0750e+00 +2.3827e+00
1265 +3.479552078e-07 +3.479552078e-07 +3.992000035e+01 +3.992000035e+01 +3.9494e+00 -1.0734e+00 +2.3842e+00
1284 +1.694164098e-07 +1.694164098e-07 +3.992000017e+01 +3.992000017e+01 +3.9496e+00 -1.0740e+00 +2.3830e+00
1327 +1.326622723e-07 +1.326622723e-07 +3.992000013e+01 +3.992000013e+01 +3.9495e+00 -1.0738e+00 +2.3833e+00
1355 +9.767514797e-08 +9.767514797e-08 +3.992000010e+01 +3.992000010e+01 +3.9495e+00 -1.0734e+00 +2.3839e+00
1410 +4.645796992e-08 +4.645796992e-08 +3.992000005e+01 +3.992000005e+01 +3.9497e+00 -1.0726e+00 +2.3842e+00
1447 +2.725401771e-08 +2.725401771e-08 +3.992000003e+01 +3.992000003e+01 +3.9498e+00 -1.0721e+00 +2.3844e+00
1470 +2.269656818e-08 +2.269656818e-08 +3.992000002e+01 +3.992000002e+01 +3.9499e+00 -1.0718e+00 +2.3846e+00
1485 +1.558863261e-08 +1.558863261e-08 +3.992000002e+01 +3.992000002e+01 +3.9499e+00 -1.0717e+00 +2.3846e+00
1527 +7.781338240e-09 +7.781338240e-09 +3.992000001e+01 +3.992000001e+01 +3.9501e+00 -1.0711e+00 +2.3848e+00
% function evaluation | noise-free fitness - Fopt (3.992000000000e+01) | best noise-free fitness - Fopt | measured fitness | best measured fitness | x1 | x2...
1 +5.674623294e+00 +5.674623294e+00 +4.559462329e+01 +4.559462329e+01 +4.1330e-01 +2.1752e+00 +7.3641e-01
22 +3.381950179e+00 +3.381950179e+00 +4.330195018e+01 +4.330195018e+01 +1.0402e+00 -5.5218e-01 +6.1026e-01
28 +2.489566837e+00 +2.489566837e+00 +4.240956684e+01 +4.240956684e+01 +1.5654e+00 -1.3071e-01 +2.3583e+00
34 +3.980659839e-01 +3.980659839e-01 +4.031806598e+01 +4.031806598e+01 +4.0783e+00 -9.9592e-01 +1.7425e+00
48 +9.079035357e-03 +9.079035357e-03 +3.992907904e+01 +3.992907904e+01 +3.9269e+00 -1.0608e+00 +2.4813e+00
221 +3.509852210e-03 +3.509852210e-03 +3.992350985e+01 +3.992350985e+01 +3.9936e+00 -9.3971e-01 +2.4142e+00
275 +2.471527942e-03 +2.471527942e-03 +3.992247153e+01 +3.992247153e+01 +3.9849e+00 -9.4560e-01 +2.4241e+00
290 +1.454968311e-03 +1.454968311e-03 +3.992145497e+01 +3.992145497e+01 +3.9820e+00 -9.7664e-01 +2.4012e+00
297 +5.994855994e-04 +5.994855994e-04 +3.992059949e+01 +3.992059949e+01 +3.9703e+00 -9.9589e-01 +2.4125e+00
476 +3.337643556e-04 +3.337643556e-04 +3.992033376e+01 +3.992033376e+01 +3.9684e+00 -1.0102e+00 +2.4011e+00
478 +2.442743733e-04 +2.442743733e-04 +3.992024427e+01 +3.992024427e+01 +3.9661e+00 -1.0138e+00 +2.4034e+00
577 +1.365852035e-04 +1.365852035e-04 +3.992013659e+01 +3.992013659e+01 +3.9630e+00 -1.0244e+00 +2.4004e+00
635 +9.281419310e-05 +9.281419310e-05 +3.992009281e+01 +3.992009281e+01 +3.9603e+00 -1.0293e+00 +2.4028e+00
687 +5.972793606e-05 +5.972793606e-05 +3.992005973e+01 +3.992005973e+01 +3.9577e+00 -1.0356e+00 +2.4032e+00
719 +3.954569656e-05 +3.954569656e-05 +3.992003955e+01 +3.992003955e+01 +3.9535e+00 -1.0467e+00 +2.4029e+00
750 +2.322217269e-05 +2.322217269e-05 +3.992002322e+01 +3.992002322e+01 +3.9546e+00 -1.0462e+00 +2.4000e+00
905 +1.573955573e-05 +1.573955573e-05 +3.992001574e+01 +3.992001574e+01 +3.9539e+00 -1.0496e+00 +2.3983e+00
983 +8.538281108e-06 +8.538281108e-06 +3.992000854e+01 +3.992000854e+01 +3.9534e+00 -1.0528e+00 +2.3960e+00
1007 +5.592534364e-06 +5.592534364e-06 +3.992000559e+01 +3.992000559e+01 +3.9526e+00 -1.0574e+00 +2.3933e+00
1036 +3.711621403e-06 +3.711621403e-06 +3.992000371e+01 +3.992000371e+01 +3.9533e+00 -1.0566e+00 +2.3921e+00
1096 +2.397207112e-06 +2.397207112e-06 +3.992000240e+01 +3.992000240e+01 +3.9525e+00 -1.0603e+00 +2.3902e+00
1101 +1.188549795e-06 +1.188549795e-06 +3.992000119e+01 +3.992000119e+01 +3.9525e+00 -1.0605e+00 +2.3899e+00
1176 +8.931462361e-07 +8.931462361e-07 +3.992000089e+01 +3.992000089e+01 +3.9514e+00 -1.0643e+00 +2.3888e+00
1206 +4.275509013e-07 +4.275509013e-07 +3.992000043e+01 +3.992000043e+01 +3.9516e+00 -1.0635e+00 +2.3891e+00
1224 +2.810810287e-07 +2.810810287e-07 +3.992000028e+01 +3.992000028e+01 +3.9513e+00 -1.0650e+00 +2.3883e+00
1243 +1.531672993e-07 +1.531672993e-07 +3.992000015e+01 +3.992000015e+01 +3.9512e+00 -1.0656e+00 +2.3878e+00
1304 +9.922274558e-08 +9.922274558e-08 +3.992000010e+01 +3.992000010e+01 +3.9512e+00 -1.0656e+00 +2.3877e+00
1360 +5.198570818e-08 +5.198570818e-08 +3.992000005e+01 +3.992000005e+01 +3.9510e+00 -1.0670e+00 +2.3870e+00
1400 +3.891293687e-08 +3.891293687e-08 +3.992000004e+01 +3.992000004e+01 +3.9509e+00 -1.0675e+00 +2.3867e+00
1458 +2.345988293e-08 +2.345988293e-08 +3.992000002e+01 +3.992000002e+01 +3.9510e+00 -1.0671e+00 +2.3868e+00
1481 +1.341136624e-08 +1.341136624e-08 +3.992000001e+01 +3.992000001e+01 +3.9509e+00 -1.0675e+00 +2.3866e+00
1497 +5.597442509e-09 +5.597442509e-09 +3.992000001e+01 +3.992000001e+01 +3.9507e+00 -1.0681e+00 +2.3864e+00
% function evaluation | noise-free fitness - Fopt (-5.661000000000e+01) | best noise-free fitness - Fopt | measured fitness | best measured fitness | x1 | x2...
1 +3.995129117e+01 +3.995129117e+01 -1.665870883e+01 -1.665870883e+01 +1.3633e+00 -3.2967e+00 +2.6423e+00
6 +2.318753032e+01 +2.318753032e+01 -3.342246968e+01 -3.342246968e+01 -6.6057e-01 -1.0519e+00 +1.1819e+00
9 +9.599785703e+00 +9.599785703e+00 -4.701021430e+01 -4.701021430e+01 +5.7085e-01 +1.3457e+00 +4.7582e-01
17 +4.824982888e+00 +4.824982888e+00 -5.178501711e+01 -5.178501711e+01 -2.7398e+00 +3.3604e+00 +4.3698e+00
52 +3.244679996e+00 +3.244679996e+00 -5.336532000e+01 -5.336532000e+01 -1.1784e+00 +2.8266e+00 +4.2622e+00
78 +2.228049107e+00 +2.228049107e+00 -5.438195089e+01 -5.438195089e+01 +1.0757e+00 +4.3772e+00 +3.8291e+00
79 +8.003320806e-01 +8.003320806e-01 -5.580966792e+01 -5.580966792e+01 +1.6926e+00 +3.8807e+00 +3.3704e+00
98 +2.131995035e-01 +2.131995035e-01 -5.639680050e+01 -5.639680050e+01 +1.9843e+00 +2.9799e+00 +3.8484e+00
138 +9.300517133e-02 +9.300517133e-02 -5.651699483e+01 -5.651699483e+01 +1.9421e+00 +2.8045e+00 +2.8714e+00
164 +1.518860573e-02 +1.518860573e-02 -5.659481139e+01 -5.659481139e+01 +1.9486e+00 +3.0139e+00 +3.0227e+00
214 +4.134013714e-03 +4.134013714e-03 -5.660586599e+01 -5.660586599e+01 +1.9366e+00 +2.9258e+00 +3.1302e+00
244 +2.031094118e-03 +2.031094118e-03 -5.660796891e+01 -5.660796891e+01 +1.9543e+00 +2.8850e+00 +3.2507e+00
279 +1.546248045e-03 +1.546248045e-03 -5.660845375e+01 -5.660845375e+01 +1.9587e+00 +2.8691e+00 +3.3091e+00
364 +9.945532689e-04 +9.945532689e-04 -5.660900545e+01 -5.660900545e+01 +1.9581e+00 +2.8796e+00 +3.2960e+00
410 +5.722611999e-04 +5.722611999e-04 -5.660942774e+01 -5.660942774e+01 +1.9560e+00 +2.8946e+00 +3.2729e+00
418 +3.547094398e-04 +3.547094398e-04 -5.660964529e+01 -5.660964529e+01 +1.9538e+00 +2.8816e+00 +3.2639e+00
453 +2.307401398e-04 +2.307401398e-04 -5.660976926e+01 -5.660976926e+01 +1.9512e+00 +2.8815e+00 +3.2451e+00
471 +1.397332405e-04 +1.397332405e-04 -5.660986027e+01 -5.660986027e+01 +1.9533e+00 +2.9051e+00 +3.2408e+00
596 +7.728912357e-05 +7.728912357e-05 -5.660992271e+01 -5.660992271e+01 +1.9531e+00 +2.9113e+00 +3.2351e+00
598 +6.048316258e-05 +6.048316258e-05 -5.660993952e+01 -5.660993952e+01 +1.9530e+00 +2.9034e+00 +3.2402e+00
621 +1.822772916e-05 +1.822772916e-05 -5.660998177e+01 -5.660998177e+01 +1.9509e+00 +2.9062e+00 +3.2226e+00
712 +4.235568412e-07 +4.235568412e-07 -5.660999958e+01 -5.660999958e+01 +1.9502e+00 +2.9235e+00 +3.2035e+00
1089 +2.734813549e-07 +2.734813549e-07 -5.660999973e+01 -5.660999973e+01 +1.9500e+00 +2.9250e+00 +3.2010e+00
1104 +2.482057582e-07 +2.482057582e-07 -5.660999975e+01 -5.660999975e+01 +1.9501e+00 +2.9251e+00 +3.2015e+00
1196 +1.540486494e-07 +1.540486494e-07 -5.660999985e+01 -5.660999985e+01 +1.9501e+00 +2.9247e+00 +3.2020e+00
1227 +9.075479568e-08 +9.075479568e-08 -5.660999991e+01 -5.660999991e+01 +1.9502e+00 +2.9233e+00 +3.2034e+00
1248 +2.428091506e-08 +2.428091506e-08 -5.660999998e+01 -5.660999998e+01 +1.9503e+00 +2.9225e+00 +3.2050e+00
1262 +1.553541296e-08 +1.553541296e-08 -5.660999998e+01 -5.660999998e+01 +1.9504e+00 +2.9220e+00 +3.2060e+00
1285 +1.092622881e-09 +1.092622881e-09 -5.661000000e+01 -5.661000000e+01 +1.9504e+00 +2.9220e+00 +3.2058e+00
% function evaluation | noise-free fitness - Fopt (-5.661000000000e+01) | best noise-free fitness - Fopt | measured fitness | best measured fitness | x1 | x2...
1 +7.382382671e+01 +7.382382671e+01 +1.721382671e+01 +1.721382671e+01 -2.1845e-01 -3.5476e+00 -2.1486e+00
2 +4.296204086e+01 +4.296204086e+01 -1.364795914e+01 -1.364795914e+01 +8.5436e-01 -2.4248e+00 -4.2519e-01
5 +2.296448757e+01 +2.296448757e+01 -3.364551243e+01 -3.364551243e+01 -4.5259e+00 -3.1153e-01 +1.4223e+00
12 +6.862119462e+00 +6.862119462e+00 -4.974788054e+01 -4.974788054e+01 -4.7837e+00 +3.0673e+00 +2.5733e+00
21 +4.607725128e+00 +4.607725128e+00 -5.200227487e+01 -5.200227487e+01 -2.4221e+00 +4.3047e+00 +3.9529e+00
24 +2.698782228e+00 +2.698782228e+00 -5.391121777e+01 -5.391121777e+01 +4.8579e-01 +1.3172e+00 +3.5884e+00
27 +2.143945585e+00 +2.143945585e+00 -5.446605442e+01 -5.446605442e+01 +5.0855e-01 +2.5961e+00 +4.4488e+00
49 +1.186022453e+00 +1.186022453e+00 -5.542397755e+01 -5.542397755e+01 +2.2692e+00 +1.9430e+00 +2.6793e+00
102 +8.355077776e-01 +8.355077776e-01 -5.577449222e+01 -5.577449222e+01 +2.7818e+00 +2.6758e+00 +3.2856e+00
108 +5.542384981e-01 +5.542384981e-01 -5.605576150e+01 -5.605576150e+01 +2.4541e+00 +3.0848e+00 +3.9306e+00
114 +3.891312455e-01 +3.891312455e-01 -5.622086875e+01 -5.622086875e+01 +1.9300e+00 +3.1787e+00 +3.9157e+00
122 +6.390321053e-02 +6.390321053e-02 -5.654609679e+01 -5.654609679e+01 +1.9428e+00 +3.0352e+00 +3.4147e+00
128 +3.783022154e-02 +3.783022154e-02 -5.657216978e+01 -5.657216978e+01 +1.9264e+00 +2.8708e+00 +3.3532e+00
154 +2.025254220e-02 +2.025254220e-02 -5.658974746e+01 -5.658974746e+01 +1.9340e+00 +3.0008e+00 +3.1704e+00
182 +1.261240736e-02 +1.261240736e-02 -5.659738759e+01 -5.659738759e+01 +1.9298e+00 +2.9581e+00 +3.1186e+00
231 +3.918083515e-03 +3.918083515e-03 -5.660608192e+01 -5.660608192e+01 +1.9464e+00 +3.0125e+00 +3.1273e+00
336 +2.129751579e-03 +2.129751579e-03 -5.660787025e+01 -5.660787025e+01 +1.9478e+00 +3.0121e+00 +3.1152e+00
360 +1.214083196e-03 +1.214083196e-03 -5.660878592e+01 -5.660878592e+01 +1.9492e+00 +2.9977e+00 +3.1362e+00
420 +9.415900173e-04 +9.415900173e-04 -5.660905841e+01 -5.660905841e+01 +1.9482e+00 +2.9878e+00 +3.1344e+00
488 +6.052635823e-04 +6.052635823e-04 -5.660939474e+01 -5.660939474e+01 +1.9483e+00 +2.9781e+00 +3.1437e+00
516 +3.220371235e-04 +3.220371235e-04 -5.660967796e+01 -5.660967796e+01 +1.9473e+00 +2.9602e+00 +3.1530e+00
571 +2.279254415e-04 +2.279254415e-04 -5.660977207e+01 -5.660977207e+01 +1.9478e+00 +2.9570e+00 +3.1578e+00
615 +1.543453922e-04 +1.543453922e-04 -5.660984565e+01 -5.660984565e+01 +1.9483e+00 +2.9508e+00 +3.1657e+00
644 +9.776256160e-05 +9.776256160e-05 -5.660990224e+01 -5.660990224e+01 +1.9480e+00 +2.9465e+00 +3.1682e+00
687 +5.102681448e-05 +5.102681448e-05 -5.660994897e+01 -5.660994897e+01 +1.9479e+00 +2.9388e+00 +3.1740e+00
714 +2.863416509e-05 +2.863416509e-05 -5.660997137e+01 -5.660997137e+01 +1.9486e+00 +2.9369e+00 +3.1803e+00
742 +2.105470158e-05 +2.105470158e-05 -5.660997895e+01 -5.660997895e+01 +1.9485e+00 +2.9331e+00 +3.1831e+00
766 +1.153195254e-05 +1.153195254e-05 -5.660998847e+01 -5.660998847e+01 +1.9491e+00 +2.9333e+00 +3.1871e+00
856 +7.737020006e-06 +7.737020006e-06 -5.660999226e+01 -5.660999226e+01 +1.9494e+00 +2.9270e+00 +3.1946e+00
939 +5.934542038e-06 +5.934542038e-06 -5.660999407e+01 -5.660999407e+01 +1.9493e+00 +2.9283e+00 +3.1927e+00
969 +3.547874044e-06 +3.547874044e-06 -5.660999645e+01 -5.660999645e+01 +1.9495e+00 +2.9280e+00 +3.1942e+00
977 +2.027175029e-06 +2.027175029e-06 -5.660999797e+01 -5.660999797e+01 +1.9496e+00 +2.9273e+00 +3.1961e+00
1032 +1.182950449e-06 +1.182950449e-06 -5.660999882e+01 -5.660999882e+01 +1.9498e+00 +2.9265e+00 +3.1976e+00
1044 +8.603557262e-07 +8.603557262e-07 -5.660999914e+01 -5.660999914e+01 +1.9500e+00 +2.9249e+00 +3.2007e+00
1085 +5.472087068e-07 +5.472087068e-07 -5.660999945e+01 -5.660999945e+01 +1.9503e+00 +2.9209e+00 +3.2061e+00
1094 +3.854080504e-07 +3.854080504e-07 -5.660999961e+01 -5.660999961e+01 +1.9501e+00 +2.9242e+00 +3.2021e+00
1101 +1.584150979e-07 +1.584150979e-07 -5.660999984e+01 -5.660999984e+01 +1.9503e+00 +2.9226e+00 +3.2050e+00
1134 +7.907909350e-08 +7.907909350e-08 -5.660999992e+01 -5.660999992e+01 +1.9502e+00 +2.9240e+00 +3.2029e+00
1162 +4.866173953e-08 +4.866173953e-08 -5.660999995e+01 -5.660999995e+01 +1.9503e+00 +2.9231e+00 +3.2045e+00
1192 +1.050081266e-08 +1.050081266e-08 -5.660999999e+01 -5.660999999e+01 +1.9503e+00 +2.9227e+00 +3.2048e+00
1294 +8.926825501e-09 +8.926825501e-09 -5.660999999e+01 -5.660999999e+01 +1.9503e+00 +2.9227e+00 +3.2047e+00
% function evaluation | noise-free fitness - Fopt (-5.661000000000e+01) | best noise-free fitness - Fopt | measured fitness | best measured fitness | x1 | x2...
1 +5.115474257e+00 +5.115474257e+00 -5.149452574e+01 -5.149452574e+01 +1.7163e+00 +5.2397e-01 +2.7856e+00
5 +3.657468958e+00 +3.657468958e+00 -5.295253104e+01 -5.295253104e+01 +4.8789e+00 +1.6923e+00 +1.7365e+00
9 +1.002959261e+00 +1.002959261e+00 -5.560704074e+01 -5.560704074e+01 +2.6277e+00 +3.5247e+00 +3.7892e+00
36 +2.085527676e-01 +2.085527676e-01 -5.640144723e+01 -5.640144723e+01 +1.9825e+00 +2.5752e+00 +2.9408e+00
46 +7.190923846e-02 +7.190923846e-02 -5.653809076e+01 -5.653809076e+01 +2.0258e+00 +3.1851e+00 +3.2285e+00
97 +4.353025448e-02 +4.353025448e-02 -5.656646975e+01 -5.656646975e+01 +1.9043e+00 +2.8337e+00 +3.2655e+00
98 +7.153241520e-03 +7.153241520e-03 -5.660284676e+01 -5.660284676e+01 +1.9586e+00 +2.9419e+00 +3.2924e+00
156 +4.781487010e-03 +4.781487010e-03 -5.660521851e+01 -5.660521851e+01 +1.9358e+00 +2.8870e+00 +3.1500e+00
171 +3.182705105e-03 +3.182705105e-03 -5.660681729e+01 -5.660681729e+01 +1.9452e+00 +2.8963e+00 +3.2130e+00
177 +2.128356901e-03 +2.128356901e-03 -5.660787164e+01 -5.660787164e+01 +1.9614e+00 +2.8729e+00 +3.3238e+00
233 +1.569344047e-03 +1.569344047e-03 -5.660843066e+01 -5.660843066e+01 +1.9602e+00 +2.8798e+00 +3.3136e+00
241 +8.250193440e-04 +8.250193440e-04 -5.660917498e+01 -5.660917498e+01 +1.9527e+00 +2.8585e+00 +3.2737e+00
363 +6.157526001e-04 +6.157526001e-04 -5.660938425e+01 -5.660938425e+01 +1.9526e+00 +2.8714e+00 +3.2607e+00
368 +3.545033794e-04 +3.545033794e-04 -5.660964550e+01 -5.660964550e+01 +1.9518e+00 +2.8737e+00 +3.2568e+00
405 +2.321624265e-04 +2.321624265e-04 -5.660976784e+01 -5.660976784e+01 +1.9513e+00 +2.8840e+00 +3.2450e+00
415 +1.323206177e-04 +1.323206177e-04 -5.660986768e+01 -5.660986768e+01 +1.9512e+00 +2.8899e+00 +3.2383e+00
565 +8.119808358e-05 +8.119808358e-05 -5.660991880e+01 -5.660991880e+01 +1.9520e+00 +2.8950e+00 +3.2405e+00
594 +5.957596508e-05 +5.957596508e-05 -5.660994042e+01 -5.660994042e+01 +1.9518e+00 +2.8979e+00 +3.2365e+00
602 +3.323878123e-05 +3.323878123e-05 -5.660996676e+01 -5.660996676e+01 +1.9516e+00 +2.9019e+00 +3.2315e+00
713 +2.378590428e-05 +2.378590428e-05 -5.660997621e+01 -5.660997621e+01 +1.9523e+00 +2.9090e+00 +3.2311e+00
764 +1.584131736e-05 +1.584131736e-05 -5.660998416e+01 -5.660998416e+01 +1.9521e+00 +2.9104e+00 +3.2278e+00
787 +7.656345971e-06 +7.656345971e-06 -5.660999234e+01 -5.660999234e+01 +1.9514e+00 +2.9109e+00 +3.2229e+00
805 +5.181428158e-06 +5.181428158e-06 -5.660999482e+01 -5.660999482e+01 +1.9515e+00 +2.9151e+00 +3.2196e+00
817 +3.335312144e-06 +3.335312144e-06 -5.660999666e+01 -5.660999666e+01 +1.9513e+00 +2.9141e+00 +3.2192e+00
856 +1.661100477e-06 +1.661100477e-06 -5.660999834e+01 -5.660999834e+01 +1.9510e+00 +2.9149e+00 +3.2161e+00
872 +1.241069988e-06 +1.241069988e-06 -5.660999876e+01 -5.660999876e+01 +1.9509e+00 +2.9153e+00 +3.2149e+00
882 +9.180942158e-07 +9.180942158e-07 -5.660999908e+01 -5.660999908e+01 +1.9507e+00 +2.9165e+00 +3.2128e+00
891 +4.075231104e-07 +4.075231104e-07 -5.660999959e+01 -5.660999959e+01 +1.9507e+00 +2.9175e+00 +3.2121e+00
902 +3.920051057e-07 +3.920051057e-07 -5.660999961e+01 -5.660999961e+01 +1.9507e+00 +2.9179e+00 +3.2117e+00
1040 +1.851472717e-07 +1.851472717e-07 -5.660999981e+01 -5.660999981e+01 +1.9507e+00 +2.9189e+00 +3.2109e+00
1078 +1.376980947e-07 +1.376980947e-07 -5.660999986e+01 -5.660999986e+01 +1.9507e+00 +2.9190e+00 +3.2107e+00
1145 +9.981047100e-08 +9.981047100e-08 -5.660999990e+01 -5.660999990e+01 +1.9507e+00 +2.9192e+00 +3.2103e+00
1199 +5.438543127e-08 +5.438543127e-08 -5.660999995e+01 -5.660999995e+01 +1.9506e+00 +2.9196e+00 +3.2096e+00
1239 +3.529315507e-08 +3.529315507e-08 -5.660999996e+01 -5.660999996e+01 +1.9506e+00 +2.9199e+00 +3.2090e+00
1302 +2.350401473e-08 +2.350401473e-08 -5.660999998e+01 -5.660999998e+01 +1.9505e+00 +2.9200e+00 +3.2086e+00
1354 +1.312870523e-08 +1.312870523e-08 -5.660999999e+01 -5.660999999e+01 +1.9505e+00 +2.9204e+00 +3.2080e+00
1378 +8.600530066e-09 +8.600530066e-09 -5.660999999e+01 -5.660999999e+01 +1.9505e+00 +2.9206e+00 +3.2078e+00
