% function evaluation | noise-free fitness - Fopt (-1.025500000000e+02) | best noise-free fitness - Fopt | measured fitness | best measured fitness | x1 | x2...
1 +5.747417988e+01 +5.747417988e+01 -4.507582012e+01 -4.507582012e+01 -2.4686e+00 -8.2158e-01 -3.9352e+00 -3.4327e+00 +1.9328e+00
2 +2.552261969e+01 +2.552261969e+01 -7.702738031e+01 -7.702738031e+01 -2.3163e+00 +9.5069e-01 -3.7252e+00 -1.0941e+00 -2.5811e+00
10 +2.027215218e+01 +2.027215218e+01 -8.227784782e+01 -8.227784782e+01 -8.0961e-01 +3.3615e+00 -2.0441e+00 -4.3188e+00 -1.4160e+00
18 +1.528329639e+01 +1.528329639e+01 -8.726670361e+01 -8.726670361e+01 -1.6296e+00 +2.2931e-02 -1.5121e+00 -2.4778e+00 -3.8433e-01
20 +9.837451897e+00 +9.837451897e+00 -9.271254810e+01 -9.271254810e+01 +9.4459e-01 +1.1184e+00 +3.5288e-01 -3.8669e+00 -8.4532e-01
37 +5.848968992e+00 +5.848968992e+00 -9.670103101e+01 -9.670103101e+01 -2.0421e+00 -2.4910e-01 -4.4965e-02 +1.2934e+00 -1.1460e+00
114 +1.188060454e+00 +1.188060454e+00 -1.013619395e+02 -1.013619395e+02 +9.0279e-01 +5.0608e-01 +7.8624e-01 -9.7734e-02 -1.6565e+00
270 +9.097079236e-01 +9.097079236e-01 -1.016402921e+02 -1.016402921e+02 +3.0947e-01 +4.9186e-01 +1.2622e+00 +1.7536e-01 -3.9908e-01
505 +2.388780855e-01 +2.388780855e-01 -1.023111219e+02 -1.023111219e+02 +6.0837e-02 +4.7503e-01 +9.0412e-01 +6.8419e-02 -7.0628e-01
778 +1.581513906e-01 +1.581513906e-01 -1.023918486e+02 -1.023918486e+02 +8.8872e-03 +4.6401e-01 +9.0369e-01 +1.0269e-01 -7.7503e-01
868 +9.451889639e-02 +9.451889639e-02 -1.024554811e+02 -1.024554811e+02 +1.5872e-02 +4.5751e-01 +8.9651e-01 +9.6583e-02 -7.8638e-01
3080 +6.309327316e-02 +6.309327316e-02 -1.024869067e+02 -1.024869067e+02 +1.2935e-02 +4.9923e-01 +8.0475e-01 -6.3125e-02 -7.9861e-01
93344 +3.033842361e-02 +3.033842361e-02 -1.025196616e+02 -1.025196616e+02 -3.3922e-01 -3.2965e-01 -9.1465e-01 +7.8153e-02 -5.6281e-01
93642 +2.438919562e-02 +2.438919562e-02 -1.025256108e+02 -1.025256108e+02 -2.3072e-01 -1.7905e-01 -7.5980e-01 -6.1345e-02 -5.3459e-01
93664 +8.931376461e-03 +8.931376461e-03 -1.025410686e+02 -1.025410686e+02 -2.8105e-01 -2.1229e-01 -8.1976e-01 -4.4037e-02 -5.3712e-01
93675 +6.469522943e-04 +6.469522943e-04 -1.025493530e+02 -1.025493530e+02 -3.1347e-01 -2.5782e-01 -8.5759e-01 +1.3604e-03 -5.3740e-01
93830 +4.747332359e-04 +4.747332359e-04 -1.025495253e+02 -1.025495253e+02 -2.2542e-01 -1.4228e-01 -7.1951e-01 -9.0073e-02 -5.1552e-01
93977 +4.959104668e-05 +4.959104668e-05 -1.025499504e+02 -1.025499504e+02 -2.7380e-01 -2.0782e-01 -8.0392e-01 -3.4259e-02 -5.3331e-01
94294 +3.171560392e-05 +3.171560392e-05 -1.025499683e+02 -1.025499683e+02 -2.8674e-01 -2.2888e-01 -8.1967e-01 -1.8114e-02 -5.3570e-01
94368 +1.230157700e-05 +1.230157700e-05 -1.025499877e+02 -1.025499877e+02 -2.8800e-01 -2.2456e-01 -8.2189e-01 -2.0877e-02 -5.3941e-01
94509 +9.097075520e-06 +9.097075520e-06 -1.025499909e+02 -1.025499909e+02 -2.8982e-01 -2.3061e-01 -8.2656e-01 -1.3559e-02 -5.3897e-01
94556 +1.704240518e-06 +1.704240518e-06 -1.025499983e+02 -1.025499983e+02 -3.2274e-01 -2.7480e-01 -8.7667e-01 +2.3348e-02 -5.4695e-01
94720 +1.458876611e-06 +1.458876611e-06 -1.025499985e+02 -1.025499985e+02 -3.0826e-01 -2.5771e-01 -8.5593e-01 +7.3865e-03 -5.4221e-01
94875 +6.759091065e-07 +6.759091065e-07 -1.025499993e+02 -1.025499993e+02 -3.1364e-01 -2.6640e-01 -8.6507e-01 +1.4849e-02 -5.4521e-01
94921 +2.334582376e-07 +2.334582376e-07 -1.025499998e+02 -1.025499998e+02 -3.1484e-01 -2.6613e-01 -8.6592e-01 +1.4498e-02 -5.4564e-01
95002 +8.816498109e-08 +8.816498109e-08 -1.025499999e+02 -1.025499999e+02 -3.1902e-01 -2.7244e-01 -8.7232e-01 +2.0649e-02 -5.4590e-01
95138 +3.478584176e-08 +3.478584176e-08 -1.025500000e+02 -1.025500000e+02 -3.2075e-01 -2.7503e-01 -8.7509e-01 +2.3371e-02 -5.4694e-01
95324 +2.321287695e-08 +2.321287695e-08 -1.025500000e+02 -1.025500000e+02 -3.2369e-01 -2.7896e-01 -8.7964e-01 +2.6765e-02 -5.4787e-01
95445 +5.311136420e-09 +5.311136420e-09 -1.025500000e+02 -1.025500000e+02 -3.2390e-01 -2.7916e-01 -8.7980e-01 +2.6944e-02 -5.4756e-01
95545 +9.140848078e-10 +9.140848078e-10 -1.025500000e+02 -1.025500000e+02 -3.2214e-01 -2.7664e-01 -8.7717e-01 +2.4635e-02 -5.4727e-01
% function evaluation | noise-free fitness - Fopt (-1.025500000000e+02) | best noise-free fitness - Fopt | measured fitness | best measured fitness | x1 | x2...
1 +5.541977798e+01 +5.541977798e+01 -4.713022202e+01 -4.713022202e+01 -3.6442e+00 +2.8258e-01 -6.8489e-01 -1.8574e+00 -3.6767e+00
25 +1.435763273e+01 +1.435763273e+01 -8.819236727e+01 -8.819236727e+01 -1.8924e+00 +6.1660e-01 +6.7242e-01 +1.4159e+00 -5.2106e+00
34 +8.407880811e+00 +8.407880811e+00 -9.414211919e+01 -9.414211919e+01 -1.0607e+00 +1.0299e+00 -1.5593e-01 -6.5470e-01 -5.0073e-01
46 +5.629719774e+00 +5.629719774e+00 -9.692028023e+01 -9.692028023e+01 -4.5223e-01 +1.8354e+00 +1.0382e+00 +4.3809e-01 +2.5193e-02
201 +3.171420706e+00 +3.171420706e+00 -9.937857929e+01 -9.937857929e+01 +3.6949e-01 -6.0163e-01 -4.7577e-01 +1.1950e+00 +2.1091e-01
290 +1.009984070e+00 +1.009984070e+00 -1.015400159e+02 -1.015400159e+02 -9.9216e-01 -1.6668e+00 +5.3281e-01 -4.5059e-02 +4.5373e-01
2152 +4.896495255e-01 +4.896495255e-01 -1.020603505e+02 -1.020603505e+02 -1.2207e+00 -1.8005e+00 +4.6470e-01 +2.5685e-01 +9.8873e-01
10965 +2.579544730e-01 +2.579544730e-01 -1.022920455e+02 -1.022920455e+02 -1.5474e+00 +2.8789e-01 -3.8514e-01 +1.7057e-01 +1.3349e+00
11146 +1.790934031e-01 +1.790934031e-01 -1.023709066e+02 -1.023709066e+02 -1.5354e+00 +3.5964e-01 -2.1273e-01 +2.3283e-01 +1.3431e+00
11163 +7.036506672e-02 +7.036506672e-02 -1.024796349e+02 -1.024796349e+02 -1.5107e+00 +3.0573e-01 -2.6635e-01 +2.3021e-01 +1.2825e+00
12007 +5.487297339e-02 +5.487297339e-02 -1.024951270e+02 -1.024951270e+02 -1.5121e+00 +3.0640e-01 -2.7100e-01 +2.2069e-01 +1.2848e+00
50258 +3.273878109e-02 +3.273878109e-02 -1.025172612e+02 -1.025172612e+02 -3.3896e-02 +1.2162e-01 -3.9909e-01 -2.7692e-01 -4.8715e-01
50286 +1.816802415e-02 +1.816802415e-02 -1.025318320e+02 -1.025318320e+02 -1.1857e-01 +2.0727e-02 -5.3216e-01 -2.1434e-01 -5.0788e-01
50373 +1.404243472e-02 +1.404243472e-02 -1.025359576e+02 -1.025359576e+02 -8.5214e-02 +2.7949e-02 -4.9370e-01 -2.2465e-01 -4.8479e-01
50426 +8.197608513e-03 +8.197608513e-03 -1.025418024e+02 -1.025418024e+02 -1.2256e-01 +1.4069e-02 -5.4356e-01 -2.0600e-01 -4.9854e-01
50465 +5.888550056e-03 +5.888550056e-03 -1.025441114e+02 -1.025441114e+02 -1.2613e-01 -1.8711e-03 -5.6531e-01 -1.9595e-01 -5.0804e-01
50537 +2.782891878e-03 +2.782891878e-03 -1.025472171e+02 -1.025472171e+02 -1.5948e-01 -5.5249e-02 -6.1091e-01 -1.6198e-01 -4.9958e-01
50546 +2.222973405e-03 +2.222973405e-03 -1.025477770e+02 -1.025477770e+02 -1.7218e-01 -6.5424e-02 -6.3782e-01 -1.5608e-01 -5.1262e-01
50613 +1.184580233e-03 +1.184580233e-03 -1.025488154e+02 -1.025488154e+02 -1.9480e-01 -1.0685e-01 -6.8112e-01 -1.1960e-01 -5.1182e-01
50646 +5.242869818e-04 +5.242869818e-04 -1.025494757e+02 -1.025494757e+02 -2.0958e-01 -1.1800e-01 -7.0061e-01 -1.0791e-01 -5.2386e-01
50716 +3.313987991e-04 +3.313987991e-04 -1.025496686e+02 -1.025496686e+02 -2.3320e-01 -1.4911e-01 -7.3794e-01 -8.7726e-02 -5.3082e-01
50726 +2.094272458e-04 +2.094272458e-04 -1.025497906e+02 -1.025497906e+02 -2.4663e-01 -1.7298e-01 -7.5471e-01 -6.7089e-02 -5.2552e-01
50826 +4.621228709e-05 +4.621228709e-05 -1.025499538e+02 -1.025499538e+02 -2.6646e-01 -2.0070e-01 -7.8922e-01 -4.0960e-02 -5.3018e-01
50860 +2.902155875e-05 +2.902155875e-05 -1.025499710e+02 -1.025499710e+02 -2.7434e-01 -2.0987e-01 -8.0321e-01 -3.5418e-02 -5.3373e-01
50903 +1.504180085e-05 +1.504180085e-05 -1.025499850e+02 -1.025499850e+02 -2.7825e-01 -2.1701e-01 -8.0951e-01 -2.9311e-02 -5.3586e-01
50934 +4.783570574e-06 +4.783570574e-06 -1.025499952e+02 -1.025499952e+02 -2.9348e-01 -2.3732e-01 -8.3497e-01 -1.1182e-02 -5.4153e-01
51015 +3.475143004e-06 +3.475143004e-06 -1.025499965e+02 -1.025499965e+02 -3.3576e-01 -2.9455e-01 -8.9832e-01 +3.9459e-02 -5.5051e-01
51025 +6.239608581e-07 +6.239608581e-07 -1.025499994e+02 -1.025499994e+02 -3.1145e-01 -2.6308e-01 -8.6152e-01 +1.2120e-02 -5.4497e-01
51091 +2.529270375e-07 +2.529270375e-07 -1.025499997e+02 -1.025499997e+02 -3.1758e-01 -2.6970e-01 -8.6974e-01 +1.9118e-02 -5.4656e-01
51150 +1.885152301e-07 +1.885152301e-07 -1.025499998e+02 -1.025499998e+02 -3.2182e-01 -2.7583e-01 -8.7644e-01 +2.3233e-02 -5.4754e-01
51165 +4.888163119e-08 +4.888163119e-08 -1.025500000e+02 -1.025500000e+02 -3.2229e-01 -2.7678e-01 -8.7733e-01 +2.5009e-02 -5.4688e-01
51263 +2.032625446e-08 +2.032625446e-08 -1.025500000e+02 -1.025500000e+02 -3.2489e-01 -2.8064e-01 -8.8139e-01 +2.8308e-02 -5.4803e-01
51288 +1.005513184e-08 +1.005513184e-08 -1.025500000e+02 -1.025500000e+02 -3.2296e-01 -2.7788e-01 -8.7848e-01 +2.5696e-02 -5.4760e-01
51317 +8.268600027e-09 +8.268600027e-09 -1.025500000e+02 -1.025500000e+02 -3.2132e-01 -2.7548e-01 -8.7580e-01 +2.3411e-02 -5.4699e-01
51330 +4.198241754e-09 +4.198241754e-09 -1.025500000e+02 -1.025500000e+02 -3.2079e-01 -2.7473e-01 -8.7497e-01 +2.2913e-02 -5.4688e-01
% function evaluation | noise-free fitness - Fopt (-1.025500000000e+02) | best noise-free fitness - Fopt | measured fitness | best measured fitness | x1 | x2...
1 +1.529467831e+01 +1.529467831e+01 -8.725532169e+01 -8.725532169e+01 +4.5493e-01 -3.8811e+00 -2.0103e+00 +1.0481e-01 +7.4354e-01
2 +6.189363370e+00 +6.189363370e+00 -9.636063663e+01 -9.636063663e+01 -1.2035e-01 -2.1347e+00 -1.1305e-01 +2.8295e+00 -1.1903e-01
43 +3.549345825e+00 +3.549345825e+00 -9.900065418e+01 -9.900065418e+01 -3.1159e-01 -2.0920e+00 -1.3353e+00 +3.0220e+00 +1.3885e+00
434 +1.424318995e+00 +1.424318995e+00 -1.011256810e+02 -1.011256810e+02 +2.8283e-01 -7.6038e-01 -1.5430e+00 +2.7672e+00 +4.1182e-01
1757 +7.269942714e-01 +7.269942714e-01 -1.018230057e+02 -1.018230057e+02 -9.7028e-01 -2.7074e-01 +7.3208e-01 +7.8857e-01 +1.1521e+00
8616 +6.288670486e-01 +6.288670486e-01 -1.019211330e+02 -1.019211330e+02 -7.5285e-01 -1.6509e+00 -7.5996e-01 +1.8279e+00 -1.0759e+00
31188 +3.970459506e-01 +3.970459506e-01 -1.021529540e+02 -1.021529540e+02 +4.3437e-01 +6.2459e-02 +7.9215e-02 +4.1150e-02 +1.8186e-01
32046 +2.401681490e-01 +2.401681490e-01 -1.023098319e+02 -1.023098319e+02 +3.9335e-01 +7.0341e-02 -7.6247e-03 +4.0234e-02 +7.5355e-02
32439 +1.522208851e-01 +1.522208851e-01 -1.023977791e+02 -1.023977791e+02 +3.5052e-01 +7.9435e-02 -9.7606e-02 +7.7880e-03 -1.5110e-02
33066 +9.645926434e-02 +9.645926434e-02 -1.024535407e+02 -1.024535407e+02 +3.0004e-01 +4.9742e-02 -1.8509e-01 +1.2616e-02 -8.9325e-02
33771 +6.303800151e-02 +6.303800151e-02 -1.024869620e+02 -1.024869620e+02 +2.3639e-01 +1.7593e-02 -2.8135e-01 +1.5144e-02 -1.4579e-01
34512 +3.959402165e-02 +3.959402165e-02 -1.025104060e+02 -1.025104060e+02 +1.6016e-01 -3.3642e-02 -3.8681e-01 +4.0595e-02 -1.9487e-01
35733 +2.493959334e-02 +2.493959334e-02 -1.025250604e+02 -1.025250604e+02 +3.3691e-02 -1.4582e-01 -5.7241e-01 +1.0664e-01 -2.6487e-01
134464 +1.201911320e-02 +1.201911320e-02 -1.025379809e+02 -1.025379809e+02 -6.0936e-01 -6.9256e-01 -1.2823e+00 +4.2930e-01 -6.0604e-01
134627 +8.254156597e-03 +8.254156597e-03 -1.025417458e+02 -1.025417458e+02 -5.3541e-01 -5.9264e-01 -1.1967e+00 +3.2300e-01 -6.1144e-01
134677 +4.249308013e-03 +4.249308013e-03 -1.025457507e+02 -1.025457507e+02 -5.2488e-01 -5.6024e-01 -1.1742e+00 +2.9397e-01 -6.0039e-01
134812 +3.662341261e-03 +3.662341261e-03 -1.025463377e+02 -1.025463377e+02 -4.7405e-01 -4.9386e-01 -1.1125e+00 +2.2545e-01 -5.9690e-01
134895 +1.882586348e-03 +1.882586348e-03 -1.025481174e+02 -1.025481174e+02 -4.8006e-01 -4.9761e-01 -1.1062e+00 +2.3930e-01 -5.7953e-01
134955 +1.316250670e-03 +1.316250670e-03 -1.025486837e+02 -1.025486837e+02 -4.0059e-01 -3.8142e-01 -9.9490e-01 +1.2232e-01 -5.5964e-01
134989 +9.450571593e-04 +9.450571593e-04 -1.025490549e+02 -1.025490549e+02 -4.5385e-01 -4.5931e-01 -1.0666e+00 +1.9964e-01 -5.7830e-01
135036 +2.774708814e-04 +2.774708814e-04 -1.025497225e+02 -1.025497225e+02 -4.0958e-01 -4.0303e-01 -1.0074e+00 +1.3990e-01 -5.6222e-01
135202 +1.780565027e-04 +1.780565027e-04 -1.025498219e+02 -1.025498219e+02 -4.1050e-01 -3.9831e-01 -1.0039e+00 +1.3629e-01 -5.6742e-01
135303 +1.547653926e-04 +1.547653926e-04 -1.025498452e+02 -1.025498452e+02 -3.9549e-01 -3.7667e-01 -9.8092e-01 +1.1476e-01 -5.6010e-01
135304 +4.263568574e-05 +4.263568574e-05 -1.025499574e+02 -1.025499574e+02 -3.7524e-01 -3.5223e-01 -9.6118e-01 +9.3406e-02 -5.6356e-01
135344 +2.350441025e-05 +2.350441025e-05 -1.025499765e+02 -1.025499765e+02 -3.4921e-01 -3.1556e-01 -9.2003e-01 +5.7881e-02 -5.5256e-01
135467 +2.021208019e-06 +2.021208019e-06 -1.025499980e+02 -1.025499980e+02 -3.1313e-01 -2.6648e-01 -8.6524e-01 +1.4983e-02 -5.4562e-01
135782 +8.431016596e-07 +8.431016596e-07 -1.025499992e+02 -1.025499992e+02 -3.1947e-01 -2.7245e-01 -8.7264e-01 +2.0916e-02 -5.4798e-01
135824 +5.658955473e-07 +5.658955473e-07 -1.025499994e+02 -1.025499994e+02 -3.1224e-01 -2.6258e-01 -8.6139e-01 +1.1747e-02 -5.4554e-01
135959 +2.179377248e-07 +2.179377248e-07 -1.025499998e+02 -1.025499998e+02 -3.2633e-01 -2.8284e-01 -8.8417e-01 +3.0863e-02 -5.4828e-01
136080 +1.492513348e-07 +1.492513348e-07 -1.025499999e+02 -1.025499999e+02 -3.1810e-01 -2.7012e-01 -8.7029e-01 +1.8946e-02 -5.4580e-01
136097 +3.225422063e-08 +3.225422063e-08 -1.025500000e+02 -1.025500000e+02 -3.2193e-01 -2.7605e-01 -8.7688e-01 +2.4012e-02 -5.4752e-01
136191 +2.059273640e-08 +2.059273640e-08 -1.025500000e+02 -1.025500000e+02 -3.2115e-01 -2.7511e-01 -8.7572e-01 +2.3398e-02 -5.4686e-01
136227 +1.084045209e-08 +1.084045209e-08 -1.025500000e+02 -1.025500000e+02 -3.2344e-01 -2.7868e-01 -8.7933e-01 +2.6415e-02 -5.4764e-01
136318 +4.654907571e-09 +4.654907571e-09 -1.025500000e+02 -1.025500000e+02 -3.2420e-01 -2.7954e-01 -8.8025e-01 +2.7249e-02 -5.4768e-01
136370 +2.416726375e-09 +2.416726375e-09 -1.025500000e+02 -1.025500000e+02 -3.2352e-01 -2.7850e-01 -8.7916e-01 +2.6319e-02 -5.4756e-01
% function evaluation | noise-free fitness - Fopt (7.169000000000e+01) | best noise-free fitness - Fopt | measured fitness | best measured fitness | x1 | x2...
1 +1.443936972e+01 +1.443936972e+01 +8.612936972e+01 +8.612936972e+01 +2.6495e+00 -1.1009e+00 +7.1549e-01 -1.7767e+00 +2.2673e+00
18 +9.197657103e+00 +9.197657103e+00 +8.088765710e+01 +8.088765710e+01 +2.3864e+00 -2.9922e+00 -2.4570e-01 -4.5539e+00 +4.3951e+00
40 +4.457316262e+00 +4.457316262e+00 +7.614731626e+01 +7.614731626e+01 +1.2749e+00 -1.3194e+00 +6.2275e-01 -3.0290e+00 +2.6418e+00
46 +3.738456640e+00 +3.738456640e+00 +7.542845664e+01 +7.542845664e+01 +2.4883e+00 -5.9436e-01 -6.4845e-01 -4.3978e+00 +2.5650e+00
319 +1.833856966e+00 +1.833856966e+00 +7.352385697e+01 +7.352385697e+01 +2.7638e+00 -1.7057e+00 +1.6234e+00 -3.5321e+00 +1.8367e+00
418 +1.512004630e+00 +1.512004630e+00 +7.320200463e+01 +7.320200463e+01 +2.9845e+00 -1.8106e+00 +5.8550e-01 -3.1138e+00 +2.2461e+00
794 +6.912018389e-01 +6.912018389e-01 +7.238120184e+01 +7.238120184e+01 +2.9185e+00 -1.2560e+00 +7.6031e-01 -3.4703e+00 +1.9561e+00
1557 +6.053834704e-01 +6.053834704e-01 +7.229538347e+01 +7.229538347e+01 +2.8200e+00 -1.2785e+00 +6.3398e-01 -3.5426e+00 +2.0513e+00
11380 +3.114432060e-01 +3.114432060e-01 +7.200144321e+01 +7.200144321e+01 -2.5506e-01 -3.9906e-01 -1.7786e+00 -1.5438e+00 +6.4629e-01
11905 +2.145990926e-01 +2.145990926e-01 +7.190459909e+01 +7.190459909e+01 -2.3942e-01 -4.5140e-01 -1.3949e+00 -1.4695e+00 +6.4903e-01
12088 +1.618236289e-02 +1.618236289e-02 +7.170618236e+01 +7.170618236e+01 -1.6955e-01 -4.1678e-01 -1.2823e+00 -1.3749e+00 +5.7032e-01
12639 +1.433295272e-02 +1.433295272e-02 +7.170433295e+01 +7.170433295e+01 -1.9614e-01 -3.3037e-01 -1.2384e+00 -1.1490e+00 +3.7824e-01
12670 +7.829514259e-03 +7.829514259e-03 +7.169782951e+01 +7.169782951e+01 -1.8036e-01 -2.9088e-01 -1.1986e+00 -1.0680e+00 +3.2066e-01
12749 +5.057679690e-03 +5.057679690e-03 +7.169505768e+01 +7.169505768e+01 -1.4715e-01 -2.2922e-01 -1.1407e+00 -9.3238e-01 +2.1568e-01
12762 +3.295550628e-03 +3.295550628e-03 +7.169329555e+01 +7.169329555e+01 -1.5494e-01 -2.4630e-01 -1.1363e+00 -9.4152e-01 +2.3012e-01
12807 +2.228719411e-03 +2.228719411e-03 +7.169222872e+01 +7.169222872e+01 -1.4698e-01 -2.3118e-01 -1.1336e+00 -9.2862e-01 +2.1249e-01
12858 +1.217995065e-03 +1.217995065e-03 +7.169121800e+01 +7.169121800e+01 -1.3957e-01 -2.1304e-01 -1.1064e+00 -8.8561e-01 +1.8119e-01
12895 +6.665471511e-04 +6.665471511e-04 +7.169066655e+01 +7.169066655e+01 -1.3013e-01 -1.9044e-01 -1.0739e+00 -8.3593e-01 +1.4357e-01
12905 +3.985548655e-04 +3.985548655e-04 +7.169039855e+01 +7.169039855e+01 -1.1826e-01 -1.6930e-01 -1.0482e+00 -7.8850e-01 +1.0919e-01
12946 +1.790557774e-04 +1.790557774e-04 +7.169017906e+01 +7.169017906e+01 -9.8005e-02 -1.3943e-01 -1.0107e+00 -7.2376e-01 +6.0484e-02
12973 +2.903137258e-05 +2.903137258e-05 +7.169002903e+01 +7.169002903e+01 -9.5183e-02 -1.3218e-01 -9.9795e-01 -7.0302e-01 +4.1299e-02
13071 +1.568868413e-05 +1.568868413e-05 +7.169001569e+01 +7.169001569e+01 -8.3494e-02 -1.1310e-01 -9.6980e-01 -6.6111e-01 +1.4122e-02
13111 +2.278194927e-06 +2.278194927e-06 +7.169000228e+01 +7.169000228e+01 -7.0633e-02 -9.3346e-02 -9.3669e-01 -6.1135e-01 -2.5009e-02
13192 +1.359781564e-06 +1.359781564e-06 +7.169000136e+01 +7.169000136e+01 -7.7504e-02 -1.0417e-01 -9.5607e-01 -6.3917e-01 -4.2908e-03
13220 +6.981137517e-07 +6.981137517e-07 +7.169000070e+01 +7.169000070e+01 -7.6830e-02 -1.0204e-01 -9.5147e-01 -6.3360e-01 -7.5328e-03
13238 +4.842362245e-07 +4.842362245e-07 +7.169000048e+01 +7.169000048e+01 -6.9670e-02 -9.0123e-02 -9.3635e-01 -6.0757e-01 -2.6512e-02
13250 +3.909967177e-07 +3.909967177e-07 +7.169000039e+01 +7.169000039e+01 -7.4870e-02 -9.8450e-02 -9.4744e-01 -6.2531e-01 -1.4656e-02
13261 +2.102101320e-07 +2.102101320e-07 +7.169000021e+01 +7.169000021e+01 -7.1343e-02 -9.3036e-02 -9.4008e-01 -6.1491e-01 -2.2111e-02
13319 +1.540836791e-07 +1.540836791e-07 +7.169000015e+01 +7.169000015e+01 -7.0477e-02 -9.2706e-02 -9.3867e-01 -6.1280e-01 -2.3254e-02
13320 +8.341092439e-08 +8.341092439e-08 +7.169000008e+01 +7.169000008e+01 -6.7357e-02 -8.6961e-02 -9.3117e-01 -6.0099e-01 -3.1886e-02
13331 +1.204135458e-08 +1.204135458e-08 +7.169000001e+01 +7.169000001e+01 -6.9509e-02 -9.0120e-02 -9.3508e-01 -6.0699e-01 -2.7534e-02
13432 +7.008324587e-09 +7.008324587e-09 +7.169000001e+01 +7.169000001e+01 -6.8136e-02 -8.8022e-02 -9.3175e-01 -6.0234e-01 -3.0725e-02
13444 +2.894026352e-09 +2.894026352e-09 +7.169000000e+01 +7.169000000e+01 -6.8785e-02 -8.9146e-02 -9.3330e-01 -6.0459e-01 -2.9092e-02
% function evaluation | noise-free fitness - Fopt (7.169000000000e+01) | best noise-free fitness - Fopt | measured fitness | best measured fitness | x1 | x2...
1 +2.979690464e+01 +2.979690464e+01 +1.014869046e+02 +1.014869046e+02 +1.4761e-01 +2.3481e-01 -3.9926e+00 +2.2640e+00 -3.6268e+00
13 +1.293464393e+01 +1.293464393e+01 +8.462464393e+01 +8.462464393e+01 -4.6758e-01 -2.4693e+00 -1.7679e+00 -1.5878e+00 +3.7023e-01
22 +9.372620468e+00 +9.372620468e+00 +8.106262047e+01 +8.106262047e+01 -1.7491e+00 -1.4717e-01 +3.1474e-01 -1.4389e+00 +4.7037e+00
79 +4.143360901e+00 +4.143360901e+00 +7.583336090e+01 +7.583336090e+01 +2.5563e-01 -1.5452e+00 +9.1017e-01 -7.8915e-01 +1.7696e-01
106 +2.816241519e+00 +2.816241519e+00 +7.450624152e+01 +7.450624152e+01 -6.4460e-01 -2.2422e+00 +8.0828e-01 -2.0244e+00 +1.2579e+00
111 +2.252811066e+00 +2.252811066e+00 +7.394281107e+01 +7.394281107e+01 -1.2134e+00 -1.5407e+00 +9.6698e-01 -2.3868e+00 +9.7253e-01
865 +7.010286027e-01 +7.010286027e-01 +7.239102860e+01 +7.239102860e+01 +9.4260e-03 +3.5088e-01 +1.4133e+00 -1.2135e+00 +1.6988e-01
1384 +4.898564080e-01 +4.898564080e-01 +7.217985641e+01 +7.217985641e+01 +2.6138e-02 +4.7031e-01 +1.2027e+00 -1.2462e+00 +1.9839e-01
2098 +3.975827798e-01 +3.975827798e-01 +7.208758278e+01 +7.208758278e+01 +2.3883e-02 +4.6983e-01 +1.2007e+00 -1.2464e+00 +1.9725e-01
26884 +2.511702879e-01 +2.511702879e-01 +7.194117029e+01 +7.194117029e+01 -5.1089e-01 +3.2040e-01 -6.3691e-01 +1.2122e-01 +2.4494e-01
96125 +1.558689204e-01 +1.558689204e-01 +7.184586892e+01 +7.184586892e+01 -1.1314e-01 -4.2485e-01 -8.7060e-01 -8.8143e-01 +4.3480e-01
96140 +8.415879022e-02 +8.415879022e-02 +7.177415879e+01 +7.177415879e+01 -1.0303e-01 -4.1721e-01 -8.6718e-01 -8.6356e-01 +4.1698e-01
96195 +5.300985647e-02 +5.300985647e-02 +7.174300986e+01 +7.174300986e+01 -9.0433e-02 -4.0739e-01 -8.6380e-01 -8.4203e-01 +3.9618e-01
96228 +3.179310745e-02 +3.179310745e-02 +7.172179311e+01 +7.172179311e+01 -8.5433e-02 -4.0068e-01 -8.5455e-01 -8.2447e-01 +3.8026e-01
96377 +2.491245193e-02 +2.491245193e-02 +7.171491245e+01 +7.171491245e+01 -8.2503e-02 -3.9962e-01 -8.5791e-01 -8.2327e-01 +3.7510e-01
193416 +1.475132597e-02 +1.475132597e-02 +7.170475133e+01 +7.170475133e+01 +2.3580e-02 +4.3449e-02 -6.9201e-01 -2.8480e-01 -2.3920e-01
194362 +9.824768285e-03 +9.824768285e-03 +7.169982477e+01 +7.169982477e+01 +3.8169e-02 +5.7442e-02 -6.7429e-01 -2.6067e-01 -2.5879e-01
194711 +5.838483026e-03 +5.838483026e-03 +7.169583848e+01 +7.169583848e+01 +1.9997e-02 +3.6231e-02 -7.1943e-01 -3.1769e-01 -2.2817e-01
195191 +1.969385116e-03 +1.969385116e-03 +7.169196939e+01 +7.169196939e+01 -1.2346e-02 -6.1738e-03 -7.8574e-01 -4.0526e-01 -1.5716e-01
196204 +7.484510593e-04 +7.484510593e-04 +7.169074845e+01 +7.169074845e+01 -1.5935e-02 -1.5875e-02 -8.2113e-01 -4.4572e-01 -1.3218e-01
196374 +2.239311488e-04 +2.239311488e-04 +7.169022393e+01 +7.169022393e+01 -3.0542e-02 -3.2580e-02 -8.5167e-01 -4.8310e-01 -1.2259e-01
196473 +1.164931646e-04 +1.164931646e-04 +7.169011649e+01 +7.169011649e+01 -5.0322e-02 -6.6658e-02 -9.0705e-01 -5.5817e-01 -6.6097e-02
196677 +7.681485903e-05 +7.681485903e-05 +7.169007681e+01 +7.169007681e+01 -5.0787e-02 -5.9421e-02 -8.9118e-01 -5.4260e-01 -7.9737e-02
197056 +5.367080522e-05 +5.367080522e-05 +7.169005367e+01 +7.169005367e+01 -6.4077e-02 -7.8824e-02 -9.2115e-01 -5.8712e-01 -4.7413e-02
197099 +3.279025876e-05 +3.279025876e-05 +7.169003279e+01 +7.169003279e+01 -4.6121e-02 -5.4369e-02 -8.7788e-01 -5.2186e-01 -8.8560e-02
197103 +1.684972263e-05 +1.684972263e-05 +7.169001685e+01 +7.169001685e+01 -5.1320e-02 -6.0852e-02 -8.9302e-01 -5.4679e-01 -7.1635e-02
197182 +4.930930885e-06 +4.930930885e-06 +7.169000493e+01 +7.169000493e+01 -5.1867e-02 -6.3558e-02 -8.9576e-01 -5.4744e-01 -7.1057e-02
197472 +2.667681827e-06 +2.667681827e-06 +7.169000267e+01 +7.169000267e+01 -6.2768e-02 -8.0998e-02 -9.2231e-01 -5.8814e-01 -4.3271e-02
197499 +8.757433534e-07 +8.757433534e-07 +7.169000088e+01 +7.169000088e+01 -7.5363e-02 -1.0010e-01 -9.4876e-01 -6.2803e-01 -1.0785e-02
197714 +3.710855196e-07 +3.710855196e-07 +7.169000037e+01 +7.169000037e+01 -6.5505e-02 -8.4511e-02 -9.2777e-01 -5.9626e-01 -3.5286e-02
197844 +1.519587869e-07 +1.519587869e-07 +7.169000015e+01 +7.169000015e+01 -6.8318e-02 -8.8531e-02 -9.3342e-01 -6.0451e-01 -2.8871e-02
198334 +7.365456156e-08 +7.365456156e-08 +7.169000007e+01 +7.169000007e+01 -7.0819e-02 -9.2295e-02 -9.3826e-01 -6.1147e-01 -2.4420e-02
198370 +4.591149150e-08 +4.591149150e-08 +7.169000005e+01 +7.169000005e+01 -6.7228e-02 -8.6757e-02 -9.3059e-01 -6.0009e-01 -3.2266e-02
198434 +3.834068707e-08 +3.834068707e-08 +7.169000004e+01 +7.169000004e+01 -6.9360e-02 -8.9976e-02 -9.3491e-01 -6.0663e-01 -2.7343e-02
198728 +1.165783203e-08 +1.165783203e-08 +7.169000001e+01 +7.169000001e+01 -6.8569e-02 -8.8968e-02 -9.3308e-01 -6.0405e-01 -2.9564e-02
198934 +8.187654998e-09 +8.187654998e-09 +7.169000001e+01 +7.169000001e+01 -6.8236e-02 -8.8431e-02 -9.3266e-01 -6.0332e-01 -3.0214e-02
199036 +5.846402473e-09 +5.846402473e-09 +7.169000001e+01 +7.169000001e+01 -6.8667e-02 -8.8907e-02 -9.3340e-01 -6.0456e-01 -2.9257e-02
199125 +3.216129585e-09 +3.216129585e-09 +7.169000000e+01 +7.169000000e+01 -6.9364e-02 -9.0096e-02 -9.3490e-01 -6.0687e-01 -2.7555e-02
199179 +3.876579058e-10 +3.876579058e-10 +7.169000000e+01 +7.169000000e+01 -6.8858e-02 -8.9295e-02 -9.3374e-01 -6.0517e-01 -2.8722e-02
% function evaluation | noise-free fitness - Fopt (7.169000000000e+01) | best noise-free fitness - Fopt | measured fitness | best measured fitness | x1 | x2...
1 +3.352159093e+01 +3.352159093e+01 +1.052115909e+02 +1.052115909e+02 +1.0470e+00 -8.3146e-01 -3.9793e+00 +6.4079e-01 -1.2161e+00
2 +1.979302842e+01 +1.979302842e+01 +9.148302842e+01 +9.148302842e+01 +8.0970e-01 -2.8742e+00 -1.7949e+00 +1.7077e+00 -8.5137e-01
14 +8.343590381e+00 +8.343590381e+00 +8.003359038e+01 +8.003359038e+01 +6.1695e-01 -5.0866e-01 -1.6788e+00 +1.5197e+00 +1.5262e+00
72 +5.777651444e+00 +5.777651444e+00 +7.746765144e+01 +7.746765144e+01 +9.0976e-01 -3.9273e-01 +6.0502e-02 +1.2375e+00 -7.8718e-02
206 +1.298648886e+00 +1.298648886e+00 +7.298864889e+01 +7.298864889e+01 +1.3822e+00 +8.7892e-01 +2.7078e-01 +2.1771e+00 -1.7248e+00
10632 +6.603021271e-01 +6.603021271e-01 +7.235030213e+01 +7.235030213e+01 -1.3130e+00 -1.5160e+00 +9.7208e-02 -3.6711e+00 +1.8804e+00
10869 +3.186151987e-01 +3.186151987e-01 +7.200861520e+01 +7.200861520e+01 -1.3507e+00 -1.5766e+00 -8.1883e-02 -3.5608e+00 +1.7911e+00
12134 +2.474769477e-01 +2.474769477e-01 +7.193747695e+01 +7.193747695e+01 -1.2398e+00 -1.5318e+00 -1.5442e-01 -3.4756e+00 +1.7636e+00
27966 +1.249993957e-01 +1.249993957e-01 +7.181499940e+01 +7.181499940e+01 +5.0814e-02 +2.0262e-01 -4.1911e-01 -2.2526e-02 -1.2386e-01
28470 +6.382376038e-02 +6.382376038e-02 +7.175382376e+01 +7.175382376e+01 +7.4081e-02 +2.2044e-01 -4.2353e-01 -2.8478e-02 -1.2388e-01
28535 +5.309155517e-02 +5.309155517e-02 +7.174309156e+01 +7.174309156e+01 +6.5015e-02 +2.1294e-01 -3.7693e-01 -1.4262e-02 -1.2176e-01
28626 +3.856957553e-02 +3.856957553e-02 +7.172856958e+01 +7.172856958e+01 +5.9319e-02 +2.0789e-01 -4.0374e-01 -2.9368e-02 -1.2071e-01
28913 +2.460039073e-02 +2.460039073e-02 +7.171460039e+01 +7.171460039e+01 +5.1155e-02 +1.8433e-01 -4.4571e-01 -6.9229e-02 -9.8043e-02
29257 +1.526387485e-02 +1.526387485e-02 +7.170526387e+01 +7.170526387e+01 +2.2774e-02 +1.4630e-01 -5.2534e-01 -1.5855e-01 -6.4972e-02
29960 +9.711818014e-03 +9.711818014e-03 +7.169971182e+01 +7.169971182e+01 -2.1845e-02 +9.0329e-02 -6.4496e-01 -3.0010e-01 -6.1291e-03
77516 +5.956689747e-03 +5.956689747e-03 +7.169595669e+01 +7.169595669e+01 +1.2376e-02 +3.8761e-02 -7.4547e-01 -3.4396e-01 -2.1296e-01
77591 +2.054061086e-03 +2.054061086e-03 +7.169205406e+01 +7.169205406e+01 +6.6482e-03 +2.3565e-02 -7.6637e-01 -3.6608e-01 -2.0302e-01
77746 +1.428528039e-03 +1.428528039e-03 +7.169142853e+01 +7.169142853e+01 +6.7078e-03 +2.1864e-02 -7.6866e-01 -3.6560e-01 -1.9174e-01
77805 +9.694493865e-04 +9.694493865e-04 +7.169096945e+01 +7.169096945e+01 -1.1951e-02 -2.4885e-03 -8.0900e-01 -4.1566e-01 -1.5623e-01
77853 +2.986793026e-04 +2.986793026e-04 +7.169029868e+01 +7.169029868e+01 -1.6479e-02 -1.2883e-02 -8.1474e-01 -4.3098e-01 -1.4638e-01
77873 +1.846738780e-04 +1.846738780e-04 +7.169018467e+01 +7.169018467e+01 -2.7828e-02 -2.7516e-02 -8.4832e-01 -4.7143e-01 -1.2485e-01
77979 +1.373684589e-04 +1.373684589e-04 +7.169013737e+01 +7.169013737e+01 -3.6569e-02 -4.2515e-02 -8.5548e-01 -4.9385e-01 -1.0148e-01
78076 +4.904623744e-05 +4.904623744e-05 +7.169004905e+01 +7.169004905e+01 -5.5095e-02 -7.1029e-02 -9.1238e-01 -5.7206e-01 -5.5262e-02
78164 +2.041968676e-05 +2.041968676e-05 +7.169002042e+01 +7.169002042e+01 -6.1788e-02 -7.8747e-02 -9.1808e-01 -5.7678e-01 -5.0516e-02
78283 +1.373030538e-05 +1.373030538e-05 +7.169001373e+01 +7.169001373e+01 -4.9051e-02 -5.6914e-02 -8.8869e-01 -5.3619e-01 -7.8925e-02
78338 +5.986484766e-06 +5.986484766e-06 +7.169000599e+01 +7.169000599e+01 -5.0371e-02 -6.1403e-02 -8.9129e-01 -5.4273e-01 -7.3137e-02
78378 +2.858934664e-06 +2.858934664e-06 +7.169000286e+01 +7.169000286e+01 -7.1386e-02 -9.4668e-02 -9.3957e-01 -6.1398e-01 -2.0469e-02
78401 +2.296817598e-06 +2.296817598e-06 +7.169000230e+01 +7.169000230e+01 -5.5881e-02 -7.0080e-02 -9.0392e-01 -5.6019e-01 -6.0412e-02
78437 +4.823133111e-07 +4.823133111e-07 +7.169000048e+01 +7.169000048e+01 -6.2820e-02 -7.9997e-02 -9.2046e-01 -5.8362e-01 -4.4485e-02
78606 +3.723763342e-07 +3.723763342e-07 +7.169000037e+01 +7.169000037e+01 -7.3238e-02 -9.5369e-02 -9.4364e-01 -6.1952e-01 -1.8315e-02
78764 +1.929281268e-07 +1.929281268e-07 +7.169000019e+01 +7.169000019e+01 -6.7429e-02 -8.6874e-02 -9.2962e-01 -5.9911e-01 -3.2040e-02
78766 +1.453299348e-07 +1.453299348e-07 +7.169000015e+01 +7.169000015e+01 -6.9837e-02 -9.0532e-02 -9.3671e-01 -6.0877e-01 -2.6769e-02
78788 +8.364521875e-08 +8.364521875e-08 +7.169000008e+01 +7.169000008e+01 -6.9320e-02 -9.0321e-02 -9.3592e-01 -6.0828e-01 -2.6647e-02
78825 +6.099180894e-08 +6.099180894e-08 +7.169000006e+01 +7.169000006e+01 -6.6467e-02 -8.5821e-02 -9.2832e-01 -5.9671e-01 -3.4685e-02
78852 +1.742823486e-08 +1.742823486e-08 +7.169000002e+01 +7.169000002e+01 -6.8303e-02 -8.8450e-02 -9.3261e-01 -6.0323e-01 -3.0431e-02
78955 +1.423515528e-08 +1.423515528e-08 +7.169000001e+01 +7.169000001e+01 -6.7792e-02 -8.7748e-02 -9.3173e-01 -6.0179e-01 -3.1134e-02
79015 +7.445976280e-09 +7.445976280e-09 +7.169000001e+01 +7.169000001e+01 -6.9199e-02 -8.9761e-02 -9.3410e-01 -6.0601e-01 -2.7996e-02
79046 +1.198444011e-09 +1.198444011e-09 +7.169000000e+01 +7.169000000e+01 -6.8721e-02 -8.9094e-02 -9.3329e-01 -6.0461e-01 -2.9118e-02
% function evaluation | noise-free fitness - Fopt (2.140100000000e+02) | best noise-free fitness - Fopt | measured fitness | best measured fitness | x1 | x2...
1 +3.248401922e+01 +3.248401922e+01 +2.464940192e+02 +2.464940192e+02 +3.0804e+00 -3.1428e+00 -5.1874e-01 -3.0348e+00 -1.8115e+00
3 +8.654125344e+00 +8.654125344e+00 +2.226641253e+02 +2.226641253e+02 +1.3281e+00 -2.0455e+00 +7.0521e-01 +1.4254e+00 -2.8498e-01
20 +2.634464335e+00 +2.634464335e+00 +2.166444643e+02 +2.166444643e+02 +2.5700e-01 -2.2359e+00 +2.8946e-01 -7.5523e-01 +1.4917e+00
428 +2.158308996e+00 +2.158308996e+00 +2.161683090e+02 +2.161683090e+02 -1.5025e+00 -2.0521e+00 -1.4513e+00 +5.7301e-01 -1.0653e+00
443 +1.529795426e+00 +1.529795426e+00 +2.155397954e+02 +2.155397954e+02 -1.4323e+00 -2.3263e+00 -1.3326e+00 +8.2294e-01 -6.5989e-01
2209 +9.938438688e-01 +9.938438688e-01 +2.150038439e+02 +2.150038439e+02 -1.0552e+00 -8.5233e-01 +1.8106e+00 +5.7531e-01 -1.0560e+00
5986 +5.263245359e-01 +5.263245359e-01 +2.145363245e+02 +2.145363245e+02 -2.1957e+00 +1.4043e+00 +1.5553e+00 +6.2293e-01 +4.6630e-01
6265 +3.243789977e-01 +3.243789977e-01 +2.143343790e+02 +2.143343790e+02 -2.3706e+00 +1.4791e+00 +1.7572e+00 +6.2448e-01 +4.3229e-01
33441 +7.786873115e-02 +7.786873115e-02 +2.140878687e+02 +2.140878687e+02 -8.5116e-01 +8.2916e-02 +5.4791e-02 -8.6382e-01 +7.1757e-01
34235 +5.654982003e-02 +5.654982003e-02 +2.140665498e+02 +2.140665498e+02 -8.5254e-01 +1.4662e-02 -3.5321e-03 -8.6993e-01 +6.9507e-01
34401 +3.701306460e-02 +3.701306460e-02 +2.140470131e+02 +2.140470131e+02 -8.7417e-01 +6.1564e-02 +3.2774e-02 -8.7205e-01 +7.0708e-01
192628 +1.707148734e-02 +1.707148734e-02 +2.140270715e+02 +2.140270715e+02 +3.9475e-01 +3.7389e-01 -5.4470e-02 +9.2459e-03 +5.6205e-01
193136 +6.968229895e-03 +6.968229895e-03 +2.140169682e+02 +2.140169682e+02 +4.0103e-01 +3.8289e-01 -4.2890e-02 +4.3569e-03 +5.7386e-01
195566 +5.955329427e-03 +5.955329427e-03 +2.140159553e+02 +2.140159553e+02 +3.8219e-01 +4.2892e-01 -1.3460e-02 -5.0426e-03 +5.9973e-01
196133 +3.410981605e-03 +3.410981605e-03 +2.140134110e+02 +2.140134110e+02 +3.8877e-01 +4.3017e-01 -9.5762e-03 -2.3318e-03 +6.0544e-01
196160 +2.335284707e-03 +2.335284707e-03 +2.140123353e+02 +2.140123353e+02 +3.8062e-01 +4.2388e-01 -6.2926e-03 -4.5777e-03 +6.0142e-01
196326 +1.328738379e-03 +1.328738379e-03 +2.140113287e+02 +2.140113287e+02 +3.6154e-01 +4.8543e-01 +3.2249e-02 -1.6369e-02 +6.4530e-01
196833 +7.110001786e-04 +7.110001786e-04 +2.140107110e+02 +2.140107110e+02 +3.4832e-01 +5.3779e-01 +7.3304e-02 -2.3960e-02 +6.7325e-01
196884 +5.948522064e-04 +5.948522064e-04 +2.140105949e+02 +2.140105949e+02 +3.1761e-01 +6.0763e-01 +1.2340e-01 -4.0649e-02 +7.2413e-01
197082 +2.752654344e-04 +2.752654344e-04 +2.140102753e+02 +2.140102753e+02 +3.1126e-01 +5.9245e-01 +1.2073e-01 -3.6215e-02 +7.0228e-01
197115 +1.441166868e-04 +1.441166868e-04 +2.140101441e+02 +2.140101441e+02 +3.1805e-01 +5.8883e-01 +1.1513e-01 -3.2071e-02 +7.0899e-01
197354 +9.969151520e-05 +9.969151520e-05 +2.140100997e+02 +2.140100997e+02 +2.9238e-01 +6.3725e-01 +1.5139e-01 -4.4799e-02 +7.3506e-01
197587 +2.385287098e-05 +2.385287098e-05 +2.140100239e+02 +2.140100239e+02 +2.7687e-01 +6.7695e-01 +1.8694e-01 -5.4136e-02 +7.5996e-01
197640 +7.877104991e-06 +7.877104991e-06 +2.140100079e+02 +2.140100079e+02 +2.8193e-01 +6.6813e-01 +1.7868e-01 -5.0890e-02 +7.5661e-01
197895 +4.882881399e-06 +4.882881399e-06 +2.140100049e+02 +2.140100049e+02 +2.5589e-01 +7.3164e-01 +2.3248e-01 -6.2809e-02 +7.9694e-01
198212 +3.034276858e-06 +3.034276858e-06 +2.140100030e+02 +2.140100030e+02 +2.5869e-01 +7.2753e-01 +2.3055e-01 -6.1298e-02 +7.9213e-01
198369 +5.450291667e-07 +5.450291667e-07 +2.140100005e+02 +2.140100005e+02 +2.6750e-01 +7.0673e-01 +2.1160e-01 -5.8839e-02 +7.8114e-01
198704 +3.566179601e-07 +3.566179601e-07 +2.140100004e+02 +2.140100004e+02 +2.5609e-01 +7.3348e-01 +2.3612e-01 -6.3541e-02 +7.9698e-01
198828 +9.244499211e-08 +9.244499211e-08 +2.140100001e+02 +2.140100001e+02 +2.6712e-01 +7.0777e-01 +2.1380e-01 -5.9169e-02 +7.8127e-01
199140 +5.526646873e-08 +5.526646873e-08 +2.140100001e+02 +2.140100001e+02 +2.6377e-01 +7.1673e-01 +2.2126e-01 -6.0433e-02 +7.8635e-01
199204 +2.482758532e-08 +2.482758532e-08 +2.140100000e+02 +2.140100000e+02 +2.6567e-01 +7.1112e-01 +2.1624e-01 -5.9536e-02 +7.8324e-01
199428 +1.569077313e-08 +1.569077313e-08 +2.140100000e+02 +2.140100000e+02 +2.6462e-01 +7.1374e-01 +2.1868e-01 -6.0153e-02 +7.8498e-01
199470 +9.676995205e-09 +9.676995205e-09 +2.140100000e+02 +2.140100000e+02 +2.6362e-01 +7.1625e-01 +2.2068e-01 -6.0565e-02 +7.8630e-01
199630 +2.736356919e-09 +2.736356919e-09 +2.140100000e+02 +2.140100000e+02 +2.6470e-01 +7.1379e-01 +2.1874e-01 -6.0030e-02 +7.8488e-01
% function evaluation | noise-free fitness - Fopt (2.140100000000e+02) | best noise-free fitness - Fopt | measured fitness | best measured fitness | x1 | x2...
1 +1.322692591e+01 +1.322692591e+01 +2.272369259e+02 +2.272369259e+02 -1.9803e+00 -1.5857e-01 -1.1001e+00 +2.0304e+00 -5.3230e-01
20 +8.793911673e+00 +8.793911673e+00 +2.228039117e+02 +2.228039117e+02 -9.7966e-02 -7.4706e-01 -3.6443e-01 +2.1428e+00 +7.4746e-01
24 +6.085242737e+00 +6.085242737e+00 +2.200952427e+02 +2.200952427e+02 -7.8906e-01 -7.3985e-01 -3.8177e-01 +9.6177e-01 -1.2084e+00
97 +3.344796097e+00 +3.344796097e+00 +2.173547961e+02 +2.173547961e+02 -2.4367e+00 +1.1963e+00 +1.7031e-01 -3.6416e-01 +8.3086e-01
452 +1.655210585e+00 +1.655210585e+00 +2.156652106e+02 +2.156652106e+02 -8.5846e-01 +1.7112e+00 +1.2332e+00 +1.3606e+00 +1.5517e+00
948 +1.302583961e+00 +1.302583961e+00 +2.153125840e+02 +2.153125840e+02 -1.2516e+00 +1.0553e+00 +8.3313e-01 +1.3085e+00 +1.2100e+00
3464 +7.986506241e-01 +7.986506241e-01 +2.148086506e+02 +2.148086506e+02 -1.0583e+00 -1.1147e+00 -9.3455e-01 -1.0365e+00 -1.9044e-01
4375 +5.512977528e-01 +5.512977528e-01 +2.145612978e+02 +2.145612978e+02 -8.8644e-01 -1.4444e+00 -1.3764e+00 -1.0122e+00 +1.6434e-01
5626 +3.109624058e-01 +3.109624058e-01 +2.143209624e+02 +2.143209624e+02 -4.5611e-01 -1.4659e+00 -1.5264e+00 -7.4477e-01 +4.7475e-01
6127 +2.461719296e-01 +2.461719296e-01 +2.142561719e+02 +2.142561719e+02 -3.4860e-01 -1.4699e+00 -1.3939e+00 -6.4809e-01 +4.9713e-01
37557 +3.382239859e-02 +3.382239859e-02 +2.140438224e+02 +2.140438224e+02 +6.0099e-01 -1.1110e-01 -4.4231e-01 +1.0391e-01 +2.1787e-01
38223 +2.156375625e-02 +2.156375625e-02 +2.140315638e+02 +2.140315638e+02 +4.6069e-01 +2.4063e-01 -1.2197e-01 +2.9706e-02 +4.6592e-01
38225 +7.461570678e-03 +7.461570678e-03 +2.140174616e+02 +2.140174616e+02 +4.1393e-01 +3.2978e-01 -6.6480e-02 +1.3983e-02 +5.3324e-01
38352 +4.443129804e-03 +4.443129804e-03 +2.140144431e+02 +2.140144431e+02 +3.8530e-01 +3.9994e-01 -2.6094e-02 +1.1316e-03 +5.7444e-01
38398 +3.243868415e-03 +3.243868415e-03 +2.140132439e+02 +2.140132439e+02 +3.6044e-01 +4.8352e-01 +3.3426e-02 -2.2757e-02 +6.4877e-01
38485 +1.809147199e-03 +1.809147199e-03 +2.140118091e+02 +2.140118091e+02 +3.5684e-01 +5.0248e-01 +4.1339e-02 -1.9031e-02 +6.5015e-01
38581 +9.953125182e-04 +9.953125182e-04 +2.140109953e+02 +2.140109953e+02 +3.5431e-01 +5.2238e-01 +6.4205e-02 -1.9982e-02 +6.6963e-01
38656 +2.291614871e-04 +2.291614871e-04 +2.140102292e+02 +2.140102292e+02 +3.3116e-01 +5.5965e-01 +9.2042e-02 -2.6724e-02 +6.8547e-01
38658 +4.382680237e-05 +4.382680237e-05 +2.140100438e+02 +2.140100438e+02 +2.8658e-01 +6.6198e-01 +1.7339e-01 -5.2727e-02 +7.5179e-01
38861 +2.661007224e-05 +2.661007224e-05 +2.140100266e+02 +2.140100266e+02 +3.0020e-01 +6.3645e-01 +1.5294e-01 -4.5325e-02 +7.4010e-01
38918 +1.574318412e-05 +1.574318412e-05 +2.140100157e+02 +2.140100157e+02 +2.9619e-01 +6.3613e-01 +1.5287e-01 -4.5126e-02 +7.3683e-01
38972 +4.822516047e-06 +4.822516047e-06 +2.140100048e+02 +2.140100048e+02 +2.8503e-01 +6.6673e-01 +1.8019e-01 -5.1068e-02 +7.5620e-01
39045 +3.777383625e-06 +3.777383625e-06 +2.140100038e+02 +2.140100038e+02 +2.6793e-01 +7.0719e-01 +2.1120e-01 -5.9884e-02 +7.8109e-01
39049 +1.110021799e-06 +1.110021799e-06 +2.140100011e+02 +2.140100011e+02 +2.7836e-01 +6.8442e-01 +1.9284e-01 -5.3525e-02 +7.6723e-01
39163 +2.970110131e-07 +2.970110131e-07 +2.140100003e+02 +2.140100003e+02 +2.7333e-01 +6.9306e-01 +2.0069e-01 -5.5750e-02 +7.7214e-01
39200 +1.534126568e-07 +1.534126568e-07 +2.140100002e+02 +2.140100002e+02 +2.6698e-01 +7.0749e-01 +2.1374e-01 -5.9125e-02 +7.8123e-01
39328 +6.240028938e-08 +6.240028938e-08 +2.140100001e+02 +2.140100001e+02 +2.6002e-01 +7.2546e-01 +2.2847e-01 -6.2342e-02 +7.9223e-01
39421 +2.759833251e-08 +2.759833251e-08 +2.140100000e+02 +2.140100000e+02 +2.6525e-01 +7.1259e-01 +2.1778e-01 -5.9916e-02 +7.8394e-01
39449 +1.951917739e-08 +1.951917739e-08 +2.140100000e+02 +2.140100000e+02 +2.6563e-01 +7.1235e-01 +2.1717e-01 -5.9598e-02 +7.8400e-01
39498 +1.152201889e-08 +1.152201889e-08 +2.140100000e+02 +2.140100000e+02 +2.6428e-01 +7.1556e-01 +2.2010e-01 -6.0338e-02 +7.8619e-01
39520 +7.058758911e-09 +7.058758911e-09 +2.140100000e+02 +2.140100000e+02 +2.6348e-01 +7.1696e-01 +2.2153e-01 -6.0671e-02 +7.8690e-01
39541 +1.249645720e-09 +1.249645720e-09 +2.140100000e+02 +2.140100000e+02 +2.6426e-01 +7.1522e-01 +2.1989e-01 -6.0287e-02 +7.8583e-01
% function evaluation | noise-free fitness - Fopt (2.140100000000e+02) | best noise-free fitness - Fopt | measured fitness | best measured fitness | x1 | x2...
1 +1.586299196e+01 +1.586299196e+01 +2.298729920e+02 +2.298729920e+02 +3.0941e-02 +7.4539e-01 -6.2847e-01 -1.8416e+00 -2.9067e-01
2 +1.169645557e+01 +1.169645557e+01 +2.257064556e+02 +2.257064556e+02 -9.1449e-01 +2.0496e-01 +1.6732e+00 -5.0848e-02 +1.7514e+00
26 +5.728731988e+00 +5.728731988e+00 +2.197387320e+02 +2.197387320e+02 -6.9935e-01 -4.5959e-01 -2.7998e-01 -1.5450e+00 +4.0983e-01
147 +1.403279799e+00 +1.403279799e+00 +2.154132798e+02 +2.154132798e+02 +4.4719e-01 -6.3630e-01 -1.2167e+00 -9.2456e-01 -2.1676e+00
10540 +8.925905788e-01 +8.925905788e-01 +2.149025906e+02 +2.149025906e+02 -2.1249e-01 +8.8942e-01 +6.5770e-01 -1.1066e+00 +1.4810e+00
11559 +4.203101012e-01 +4.203101012e-01 +2.144303101e+02 +2.144303101e+02 -1.2685e+00 -1.1131e-01 -6.1322e-01 -1.1481e+00 +9.8468e-01
12174 +3.548165908e-01 +3.548165908e-01 +2.143648166e+02 +2.143648166e+02 -1.4231e+00 -5.4082e-01 -9.1386e-01 -1.3086e+00 +6.3488e-01
12617 +2.345422203e-01 +2.345422203e-01 +2.142445422e+02 +2.142445422e+02 -1.4182e+00 -5.3475e-01 -9.1033e-01 -1.3077e+00 +6.3780e-01
28698 +1.389802842e-01 +1.389802842e-01 +2.141489803e+02 +2.141489803e+02 +5.8949e-01 +1.8123e-01 -7.8244e-01 +6.7244e-02 +5.2321e-01
29016 +4.297054502e-02 +4.297054502e-02 +2.140529705e+02 +2.140529705e+02 +6.3012e-01 +8.5028e-03 -7.9907e-01 +9.1651e-02 +3.8717e-01
29517 +3.622523774e-02 +3.622523774e-02 +2.140462252e+02 +2.140462252e+02 +5.2120e-01 +1.6578e-01 -4.5897e-01 +6.1180e-02 +4.3050e-01
29712 +2.028592623e-02 +2.028592623e-02 +2.140302859e+02 +2.140302859e+02 +4.5578e-01 +1.0210e-01 +4.6408e-03 +4.4956e-02 +3.1936e-01
30388 +1.315603715e-02 +1.315603715e-02 +2.140231560e+02 +2.140231560e+02 +4.7288e-01 +1.9852e-01 -3.1289e-01 +4.7615e-02 +4.5190e-01
30897 +8.099814802e-03 +8.099814802e-03 +2.140180998e+02 +2.140180998e+02 +3.9864e-01 +3.4177e-01 -5.6397e-02 +9.7858e-03 +5.3363e-01
30973 +5.792052387e-03 +5.792052387e-03 +2.140157921e+02 +2.140157921e+02 +3.9044e-01 +3.6893e-01 -4.3285e-02 +5.6660e-03 +5.5971e-01
31027 +2.929855504e-03 +2.929855504e-03 +2.140129299e+02 +2.140129299e+02 +3.7111e-01 +4.4832e-01 +1.1361e-02 -1.5923e-02 +6.1343e-01
31051 +2.423663264e-03 +2.423663264e-03 +2.140124237e+02 +2.140124237e+02 +3.7597e-01 +4.5482e-01 +2.0145e-02 -7.2739e-03 +6.1967e-01
31088 +8.529151295e-04 +8.529151295e-04 +2.140108529e+02 +2.140108529e+02 +3.3721e-01 +5.3390e-01 +7.9553e-02 -2.8292e-02 +6.6913e-01
31131 +5.060437251e-04 +5.060437251e-04 +2.140105060e+02 +2.140105060e+02 +3.3539e-01 +5.3202e-01 +7.1081e-02 -2.2573e-02 +6.6490e-01
31183 +3.036723493e-04 +3.036723493e-04 +2.140103037e+02 +2.140103037e+02 +3.3887e-01 +5.3806e-01 +7.6722e-02 -2.6271e-02 +6.7475e-01
31240 +1.974937866e-04 +1.974937866e-04 +2.140101975e+02 +2.140101975e+02 +3.2624e-01 +5.7689e-01 +1.0391e-01 -3.0003e-02 +6.9845e-01
31271 +1.135037877e-04 +1.135037877e-04 +2.140101135e+02 +2.140101135e+02 +3.0385e-01 +6.1851e-01 +1.4224e-01 -4.0287e-02 +7.2892e-01
31274 +7.800925275e-05 +7.800925275e-05 +2.140100780e+02 +2.140100780e+02 +3.1337e-01 +5.9226e-01 +1.1772e-01 -3.6449e-02 +7.0758e-01
31289 +4.292524181e-05 +4.292524181e-05 +2.140100429e+02 +2.140100429e+02 +2.9988e-01 +6.3115e-01 +1.4658e-01 -4.3032e-02 +7.3215e-01
31328 +8.327480884e-06 +8.327480884e-06 +2.140100083e+02 +2.140100083e+02 +2.7719e-01 +6.8714e-01 +1.9309e-01 -5.4050e-02 +7.6893e-01
31383 +4.927365637e-06 +4.927365637e-06 +2.140100049e+02 +2.140100049e+02 +2.5947e-01 +7.2050e-01 +2.2324e-01 -6.1338e-02 +7.8979e-01
31482 +2.733531886e-06 +2.733531886e-06 +2.140100027e+02 +2.140100027e+02 +2.8030e-01 +6.7906e-01 +1.8984e-01 -5.3488e-02 +7.6226e-01
31590 +5.586305747e-07 +5.586305747e-07 +2.140100006e+02 +2.140100006e+02 +2.6184e-01 +7.1887e-01 +2.2420e-01 -6.1016e-02 +7.8849e-01
31658 +2.227708933e-07 +2.227708933e-07 +2.140100002e+02 +2.140100002e+02 +2.5700e-01 +7.3101e-01 +2.3334e-01 -6.3184e-02 +7.9554e-01
31786 +1.465355979e-07 +1.465355979e-07 +2.140100001e+02 +2.140100001e+02 +2.6196e-01 +7.2082e-01 +2.2530e-01 -6.1522e-02 +7.8888e-01
31877 +8.072316859e-08 +8.072316859e-08 +2.140100001e+02 +2.140100001e+02 +2.6083e-01 +7.2315e-01 +2.2680e-01 -6.2114e-02 +7.9036e-01
31894 +4.075081961e-08 +4.075081961e-08 +2.140100000e+02 +2.140100000e+02 +2.6274e-01 +7.1934e-01 +2.2325e-01 -6.0940e-02 +7.8820e-01
31914 +1.997631216e-08 +1.997631216e-08 +2.140100000e+02 +2.140100000e+02 +2.6506e-01 +7.1355e-01 +2.1851e-01 -5.9979e-02 +7.8506e-01
31925 +6.591392321e-09 +6.591392321e-09 +2.140100000e+02 +2.140100000e+02 +2.6347e-01 +7.1699e-01 +2.2127e-01 -6.0708e-02 +7.8690e-01
31942 +2.859280812e-09 +2.859280812e-09 +2.140100000e+02 +2.140100000e+02 +2.6432e-01 +7.1488e-01 +2.1967e-01 -6.0305e-02 +7.8565e-01
% function evaluation | noise-free fitness - Fopt (-5.848000000000e+01) | best noise-free fitness - Fopt | measured fitness | best measured fitness | x1 | x2...
1 +3.565823667e+01 +3.565823667e+01 -2.282176333e+01 -2.282176333e+01 -3.7595e+00 +1.1115e+00 -9.5418e-01 +3.4191e+00 -1.9684e+00
9 +1.182053881e+01 +1.182053881e+01 -4.665946119e+01 -4.665946119e+01 -6.1503e-01 +3.4434e-01 -1.9499e-01 +4.7800e-01 -4.5938e-01
27 +8.730498368e+00 +8.730498368e+00 -4.974950163e+01 -4.974950163e+01 +4.3516e-01 -1.8454e-01 -2.8390e+00 +3.0815e-01 -8.2957e-01
42 +6.297984436e+00 +6.297984436e+00 -5.218201556e+01 -5.218201556e+01 +4.6389e-01 +3.7524e-01 +1.3423e+00 +1.8488e+00 +5.8907e-01
80 +3.631720992e+00 +3.631720992e+00 -5.484827901e+01 -5.484827901e+01 -5.9148e-01 +5.1623e-01 -2.5382e-02 +1.5519e+00 -2.1679e+00
88 +2.387840217e+00 +2.387840217e+00 -5.609215978e+01 -5.609215978e+01 +7.5374e-01 +5.8313e-01 +1.1879e+00 +1.2052e+00 -9.1831e-01
693 +1.268685185e+00 +1.268685185e+00 -5.721131482e+01 -5.721131482e+01 +1.5180e+00 -1.1013e+00 +9.7167e-01 +1.0239e+00 +8.6417e-01
2077 +6.858322829e-01 +6.858322829e-01 -5.779416772e+01 -5.779416772e+01 +6.6048e-01 -7.7179e-01 -5.5255e-01 -1.1631e-01 -6.8818e-01
2393 +5.406468965e-01 +5.406468965e-01 -5.793935310e+01 -5.793935310e+01 +6.2002e-01 -6.6805e-01 -1.2781e-01 -1.5879e-01 -7.0388e-01
2580 +3.484020291e-01 +3.484020291e-01 -5.813159797e+01 -5.813159797e+01 +6.0233e-01 -7.0990e-01 -2.2059e-01 -1.4278e-01 -6.9243e-01
5322 +2.490523421e-01 +2.490523421e-01 -5.823094766e+01 -5.823094766e+01 +5.5878e-01 -7.6719e-01 -3.0520e-01 -1.3971e-01 -6.4548e-01
9439 +1.583815301e-01 +1.583815301e-01 -5.832161847e+01 -5.832161847e+01 +5.1368e-01 -1.0577e+00 -5.8841e-01 +3.4704e-02 -5.7052e-01
83874 +9.775330990e-02 +9.775330990e-02 -5.838224669e+01 -5.838224669e+01 -7.1372e-01 +8.0520e-01 -9.5155e-02 -3.1583e-01 +3.9450e-01
114769 +1.555967058e-02 +1.555967058e-02 -5.846444033e+01 -5.846444033e+01 -8.7173e-02 -8.5143e-01 -8.1148e-01 +3.1905e-01 +1.0005e-03
115096 +9.665839947e-03 +9.665839947e-03 -5.847033416e+01 -5.847033416e+01 -9.7153e-02 -8.2056e-01 -7.9696e-01 +3.0181e-01 +1.0180e-02
288430 +2.795100403e-03 +2.795100403e-03 -5.847720490e+01 -5.847720490e+01 -3.2427e-01 -5.3321e-01 -5.4837e-01 -9.2995e-02 +1.1941e-01
288863 +2.423021811e-03 +2.423021811e-03 -5.847757698e+01 -5.847757698e+01 -3.0180e-01 -5.7256e-01 -5.6038e-01 -7.0115e-02 +1.0874e-01
289291 +1.303078576e-03 +1.303078576e-03 -5.847869692e+01 -5.847869692e+01 -2.5581e-01 -7.3896e-01 -6.6197e-01 +2.6532e-02 +8.7942e-02
289555 +9.667534175e-04 +9.667534175e-04 -5.847903325e+01 -5.847903325e+01 -2.6607e-01 -6.8771e-01 -6.3042e-01 +2.7812e-04 +1.0256e-01
289723 +5.933875375e-04 +5.933875375e-04 -5.847940661e+01 -5.847940661e+01 -2.7014e-01 -6.8409e-01 -6.2590e-01 +9.8729e-03 +9.6313e-02
290183 +1.384239260e-04 +1.384239260e-04 -5.847986158e+01 -5.847986158e+01 -2.5719e-01 -7.2454e-01 -6.5365e-01 +2.6762e-02 +9.1942e-02
291192 +8.247879334e-05 +8.247879334e-05 -5.847991752e+01 -5.847991752e+01 -2.3339e-01 -7.8306e-01 -6.8563e-01 +6.8929e-02 +8.0021e-02
291289 +2.346111700e-05 +2.346111700e-05 -5.847997654e+01 -5.847997654e+01 -2.2455e-01 -7.8944e-01 -6.8059e-01 +7.6143e-02 +7.4098e-02
291742 +1.284865201e-05 +1.284865201e-05 -5.847998715e+01 -5.847998715e+01 -2.2765e-01 -7.9357e-01 -6.8643e-01 +7.5504e-02 +7.7061e-02
291809 +4.793361875e-06 +4.793361875e-06 -5.847999521e+01 -5.847999521e+01 -2.2493e-01 -7.9446e-01 -6.8870e-01 +7.6955e-02 +7.5098e-02
291979 +3.098839017e-06 +3.098839017e-06 -5.847999690e+01 -5.847999690e+01 -2.2422e-01 -7.9179e-01 -6.8421e-01 +7.8091e-02 +7.5185e-02
292442 +1.359788655e-06 +1.359788655e-06 -5.847999864e+01 -5.847999864e+01 -1.9915e-01 -8.5597e-01 -7.1830e-01 +1.1647e-01 +6.1949e-02
292566 +7.856611219e-07 +7.856611219e-07 -5.847999921e+01 -5.847999921e+01 -2.1408e-01 -8.2043e-01 -6.9866e-01 +9.4782e-02 +6.9382e-02
292796 +4.530739020e-07 +4.530739020e-07 -5.847999955e+01 -5.847999955e+01 -2.0037e-01 -8.5333e-01 -7.1678e-01 +1.1491e-01 +6.1809e-02
293234 +2.722146419e-07 +2.722146419e-07 -5.847999973e+01 -5.847999973e+01 -2.1300e-01 -8.2375e-01 -7.0157e-01 +9.5769e-02 +6.8967e-02
293749 +1.769437219e-07 +1.769437219e-07 -5.847999982e+01 -5.847999982e+01 -2.1352e-01 -8.1955e-01 -6.9907e-01 +9.4319e-02 +6.8876e-02
294194 +1.345887242e-07 +1.345887242e-07 -5.847999987e+01 -5.847999987e+01 -2.0552e-01 -8.3967e-01 -7.0977e-01 +1.0703e-01 +6.5242e-02
294400 +4.798248909e-08 +4.798248909e-08 -5.847999995e+01 -5.847999995e+01 -2.0711e-01 -8.3692e-01 -7.0831e-01 +1.0481e-01 +6.5595e-02
294786 +3.819025096e-08 +3.819025096e-08 -5.847999996e+01 -5.847999996e+01 -2.1248e-01 -8.2348e-01 -7.0123e-01 +9.6449e-02 +6.8637e-02
294991 +2.230977714e-08 +2.230977714e-08 -5.847999998e+01 -5.847999998e+01 -2.0727e-01 -8.3658e-01 -7.0817e-01 +1.0480e-01 +6.5683e-02
295284 +8.563759479e-09 +8.563759479e-09 -5.847999999e+01 -5.847999999e+01 -2.0716e-01 -8.3647e-01 -7.0818e-01 +1.0494e-01 +6.5546e-02
295474 +5.924860602e-09 +5.924860602e-09 -5.847999999e+01 -5.847999999e+01 -2.0876e-01 -8.3209e-01 -7.0588e-01 +1.0224e-01 +6.6535e-02
295789 +3.062226028e-10 +3.062226028e-10 -5.848000000e+01 -5.848000000e+01 -2.0895e-01 -8.3202e-01 -7.0579e-01 +1.0206e-01 +6.6577e-02
% function evaluation | noise-free fitness - Fopt (-5.848000000000e+01) | best noise-free fitness - Fopt | measured fitness | best measured fitness | x1 | x2...
1 +3.293653402e+01 +3.293653402e+01 -2.554346598e+01 -2.554346598e+01 -2.1288e+00 +7.7977e-01 +3.9173e+00 +8.6937e-02 -2.5333e+00
2 +2.326434899e+01 +2.326434899e+01 -3.521565101e+01 -3.521565101e+01 -2.3716e+00 -1.0166e+00 +1.1406e+00 +1.7664e+00 -2.8078e+00
7 +9.403224691e+00 +9.403224691e+00 -4.907677531e+01 -4.907677531e+01 +2.4290e+00 +2.8581e-02 +1.1069e+00 -1.8205e+00 -3.6758e+00
24 +5.450816340e+00 +5.450816340e+00 -5.302918366e+01 -5.302918366e+01 +1.7981e+00 -3.8800e+00 -2.6231e-01 +9.6814e-01 +3.5802e-01
163 +3.253893583e+00 +3.253893583e+00 -5.522610642e+01 -5.522610642e+01 +6.0109e-01 -9.0944e-01 -2.9255e-01 +8.7035e-01 -7.1016e-01
194 +1.796364374e+00 +1.796364374e+00 -5.668363563e+01 -5.668363563e+01 +4.5969e-01 -1.4171e-01 +6.6333e-01 -9.4820e-03 +2.4225e-01
284 +1.203670138e+00 +1.203670138e+00 -5.727632986e+01 -5.727632986e+01 +2.6509e-01 -5.4971e-01 +1.6317e-01 -2.2946e-01 +4.5444e-01
399 +6.682430087e-01 +6.682430087e-01 -5.781175699e+01 -5.781175699e+01 -6.2872e-01 -9.8001e-01 +3.1602e-02 +3.2652e-01 +1.6435e-01
541 +2.306078440e-01 +2.306078440e-01 -5.824939216e+01 -5.824939216e+01 -1.5838e-02 -8.1948e-01 +1.6249e-02 +4.6082e-01 -2.5726e-01
7680 +1.523356437e-01 +1.523356437e-01 -5.832766436e+01 -5.832766436e+01 +1.3332e+00 +1.3451e+00 -2.3807e-01 -6.8365e-02 -1.3438e+00
15877 +7.910360455e-02 +7.910360455e-02 -5.840089640e+01 -5.840089640e+01 +7.1606e-01 -2.1988e+00 -1.2804e+00 +9.0944e-01 -5.6012e-01
15902 +6.048804739e-02 +6.048804739e-02 -5.841951195e+01 -5.841951195e+01 +6.8487e-01 -2.2219e+00 -1.3003e+00 +9.2438e-01 -5.2514e-01
15923 +2.514791571e-02 +2.514791571e-02 -5.845485208e+01 -5.845485208e+01 +6.2351e-01 -2.2165e+00 -1.3068e+00 +9.1364e-01 -5.0259e-01
16264 +2.309854610e-02 +2.309854610e-02 -5.845690145e+01 -5.845690145e+01 +6.1806e-01 -2.1795e+00 -1.2958e+00 +9.1280e-01 -4.9446e-01
140162 +1.332587256e-02 +1.332587256e-02 -5.846667413e+01 -5.846667413e+01 -3.5441e-01 -3.9063e-01 -4.4482e-01 -1.9543e-01 +1.3765e-01
140414 +3.948271377e-03 +3.948271377e-03 -5.847605173e+01 -5.847605173e+01 -3.3360e-01 -4.9744e-01 -5.2765e-01 -1.2219e-01 +1.2945e-01
140557 +2.420116446e-03 +2.420116446e-03 -5.847757988e+01 -5.847757988e+01 -3.0595e-01 -5.7604e-01 -5.6350e-01 -6.6817e-02 +1.2270e-01
140901 +9.508816379e-04 +9.508816379e-04 -5.847904912e+01 -5.847904912e+01 -2.9972e-01 -5.9958e-01 -5.7698e-01 -5.0276e-02 +1.1047e-01
141036 +5.481080464e-04 +5.481080464e-04 -5.847945189e+01 -5.847945189e+01 -2.8531e-01 -6.2432e-01 -5.9403e-01 -2.8131e-02 +1.0917e-01
141299 +3.501608408e-04 +3.501608408e-04 -5.847964984e+01 -5.847964984e+01 -2.7771e-01 -6.6090e-01 -6.1784e-01 -1.4305e-02 +1.0464e-01
141309 +3.645853712e-05 +3.645853712e-05 -5.847996354e+01 -5.847996354e+01 -2.4407e-01 -7.4807e-01 -6.6514e-01 +4.8095e-02 +8.6401e-02
141447 +1.803457699e-05 +1.803457699e-05 -5.847998197e+01 -5.847998197e+01 -2.3902e-01 -7.5577e-01 -6.6479e-01 +5.3011e-02 +8.4723e-02
141517 +1.160015587e-05 +1.160015587e-05 -5.847998840e+01 -5.847998840e+01 -2.3979e-01 -7.5836e-01 -6.6593e-01 +5.1558e-02 +8.2240e-02
141753 +7.752334632e-06 +7.752334632e-06 -5.847999225e+01 -5.847999225e+01 -2.3543e-01 -7.7004e-01 -6.7490e-01 +6.0064e-02 +7.9523e-02
141789 +3.976071199e-06 +3.976071199e-06 -5.847999602e+01 -5.847999602e+01 -2.2471e-01 -7.9442e-01 -6.8765e-01 +7.8880e-02 +7.5796e-02
141952 +1.285917925e-06 +1.285917925e-06 -5.847999871e+01 -5.847999871e+01 -2.1657e-01 -8.1460e-01 -6.9784e-01 +8.9701e-02 +7.1127e-02
142003 +8.598012400e-07 +8.598012400e-07 -5.847999914e+01 -5.847999914e+01 -1.9740e-01 -8.5877e-01 -7.2023e-01 +1.2022e-01 +6.1181e-02
142059 +1.799822584e-07 +1.799822584e-07 -5.847999982e+01 -5.847999982e+01 -2.1504e-01 -8.1803e-01 -6.9910e-01 +9.2506e-02 +6.9866e-02
142317 +1.430111070e-07 +1.430111070e-07 -5.847999986e+01 -5.847999986e+01 -2.1368e-01 -8.2150e-01 -7.0025e-01 +9.4493e-02 +6.8740e-02
142375 +6.578832057e-08 +6.578832057e-08 -5.847999993e+01 -5.847999993e+01 -2.1152e-01 -8.2566e-01 -7.0227e-01 +9.8273e-02 +6.7834e-02
142583 +1.155783735e-08 +1.155783735e-08 -5.847999999e+01 -5.847999999e+01 -2.0843e-01 -8.3312e-01 -7.0650e-01 +1.0277e-01 +6.6412e-02
142851 +8.590454570e-09 +8.590454570e-09 -5.847999999e+01 -5.847999999e+01 -2.0921e-01 -8.3186e-01 -7.0567e-01 +1.0184e-01 +6.6666e-02
142867 +4.705448475e-09 +4.705448475e-09 -5.848000000e+01 -5.848000000e+01 -2.0776e-01 -8.3458e-01 -7.0705e-01 +1.0376e-01 +6.5916e-02
142935 +5.163158789e-10 +5.163158789e-10 -5.848000000e+01 -5.848000000e+01 -2.0848e-01 -8.3314e-01 -7.0631e-01 +1.0281e-01 +6.6300e-02
% function evaluation | noise-free fitness - Fopt (-5.848000000000e+01) | best noise-free fitness - Fopt | measured fitness | best measured fitness | x1 | x2...
1 +1.563841296e+01 +1.563841296e+01 -4.284158704e+01 -4.284158704e+01 -6.2416e-01 +1.9151e+00 +2.0613e+00 +2.6631e+00 -8.3511e-01
25 +7.856493822e+00 +7.856493822e+00 -5.062350618e+01 -5.062350618e+01 -1.7887e+00 +1.0101e+00 +1.3533e+00 +2.2859e-01 -1.5413e+00
43 +4.339368477e+00 +4.339368477e+00 -5.414063152e+01 -5.414063152e+01 -1.1629e+00 +7.2894e-01 +1.1955e+00 +5.9313e-02 +2.8106e-01
50 +3.319510263e+00 +3.319510263e+00 -5.516048974e+01 -5.516048974e+01 -1.2601e+00 -1.8011e+00 +1.5531e-01 +1.4219e-01 -1.0856e+00
647 +2.177183769e+00 +2.177183769e+00 -5.630281623e+01 -5.630281623e+01 +3.1693e-01 -4.7530e-01 -1.9025e+00 +1.6180e+00 +9.7445e-02
674 +1.406411825e+00 +1.406411825e+00 -5.707358818e+01 -5.707358818e+01 +9.0905e-01 -7.4835e-01 -2.3865e+00 +2.5660e+00 -7.9311e-02
1454 +9.168021622e-01 +9.168021622e-01 -5.756319784e+01 -5.756319784e+01 +5.5232e-01 -3.5799e-01 -1.8133e+00 +2.4583e+00 -9.7396e-01
1552 +6.214422016e-01 +6.214422016e-01 -5.785855780e+01 -5.785855780e+01 +5.5242e-01 -3.8002e-01 -1.8283e+00 +2.4589e+00 -9.8482e-01
2041 +3.847256261e-01 +3.847256261e-01 -5.809527437e+01 -5.809527437e+01 +5.7373e-01 -3.8984e-01 -1.8741e+00 +2.4698e+00 -9.6791e-01
17842 +1.645336088e-01 +1.645336088e-01 -5.831546639e+01 -5.831546639e+01 +3.9795e-01 +1.3909e+00 -4.7415e-01 +1.1237e+00 -4.3704e-02
19810 +1.582366056e-01 +1.582366056e-01 -5.832176339e+01 -5.832176339e+01 +4.1923e-01 +1.3207e+00 -4.5549e-01 +1.1112e+00 -4.0563e-03
20639 +9.741234152e-02 +9.741234152e-02 -5.838258766e+01 -5.838258766e+01 +4.6825e-01 +1.1495e+00 -5.8725e-01 +1.2833e+00 -3.5639e-02
91731 +3.746659811e-02 +3.746659811e-02 -5.844253340e+01 -5.844253340e+01 -5.0697e-01 -1.5477e-01 -3.5903e-01 -3.0054e-01 +2.6266e-01
92335 +2.345680734e-02 +2.345680734e-02 -5.845654319e+01 -5.845654319e+01 -3.6952e-01 -3.6577e-01 -4.2637e-01 -2.2311e-01 +1.3228e-01
92478 +1.130739399e-02 +1.130739399e-02 -5.846869261e+01 -5.846869261e+01 -3.4993e-01 -4.0905e-01 -4.6898e-01 -1.8103e-01 +1.2887e-01
92682 +6.287692154e-03 +6.287692154e-03 -5.847371231e+01 -5.847371231e+01 -3.4190e-01 -4.4417e-01 -4.8787e-01 -1.5217e-01 +1.2558e-01
92928 +3.163788231e-03 +3.163788231e-03 -5.847683621e+01 -5.847683621e+01 -3.2398e-01 -5.1770e-01 -5.2539e-01 -1.0870e-01 +1.1878e-01
93136 +9.938126999e-04 +9.938126999e-04 -5.847900619e+01 -5.847900619e+01 -2.8701e-01 -6.3820e-01 -6.0130e-01 -3.1884e-02 +9.9486e-02
93203 +5.385706094e-04 +5.385706094e-04 -5.847946143e+01 -5.847946143e+01 -2.5646e-01 -7.0770e-01 -6.3459e-01 +1.6656e-02 +8.6944e-02
93378 +2.394159257e-04 +2.394159257e-04 -5.847976058e+01 -5.847976058e+01 -2.6550e-01 -6.8781e-01 -6.2788e-01 +1.2048e-02 +9.3674e-02
93491 +1.459102161e-04 +1.459102161e-04 -5.847985409e+01 -5.847985409e+01 -2.5727e-01 -7.0334e-01 -6.3825e-01 +2.2799e-02 +9.5823e-02
93574 +6.506960717e-05 +6.506960717e-05 -5.847993493e+01 -5.847993493e+01 -2.3924e-01 -7.7149e-01 -6.7328e-01 +5.8411e-02 +7.9928e-02
93684 +5.491571954e-05 +5.491571954e-05 -5.847994508e+01 -5.847994508e+01 -2.4223e-01 -7.5003e-01 -6.6552e-01 +5.1865e-02 +8.5766e-02
93696 +3.819415631e-05 +3.819415631e-05 -5.847996181e+01 -5.847996181e+01 -2.4430e-01 -7.4727e-01 -6.6463e-01 +4.6441e-02 +8.6902e-02
93722 +8.259181570e-06 +8.259181570e-06 -5.847999174e+01 -5.847999174e+01 -2.2133e-01 -7.9911e-01 -6.8748e-01 +8.3864e-02 +7.3659e-02
94096 +4.198154997e-06 +4.198154997e-06 -5.847999580e+01 -5.847999580e+01 -2.2286e-01 -7.9482e-01 -6.8524e-01 +7.7154e-02 +7.4064e-02
94206 +2.931910124e-06 +2.931910124e-06 -5.847999707e+01 -5.847999707e+01 -2.2851e-01 -7.8393e-01 -6.8127e-01 +7.1494e-02 +7.8003e-02
94323 +5.297758960e-07 +5.297758960e-07 -5.847999947e+01 -5.847999947e+01 -2.1573e-01 -8.1588e-01 -6.9731e-01 +9.2431e-02 +6.9883e-02
94355 +3.930995263e-07 +3.930995263e-07 -5.847999961e+01 -5.847999961e+01 -1.9970e-01 -8.5406e-01 -7.1667e-01 +1.1708e-01 +6.1523e-02
94625 +1.820096003e-07 +1.820096003e-07 -5.847999982e+01 -5.847999982e+01 -2.0066e-01 -8.5131e-01 -7.1550e-01 +1.1448e-01 +6.2231e-02
94660 +1.253452382e-07 +1.253452382e-07 -5.847999987e+01 -5.847999987e+01 -2.0319e-01 -8.4554e-01 -7.1295e-01 +1.1143e-01 +6.3373e-02
94794 +8.844142485e-08 +8.844142485e-08 -5.847999991e+01 -5.847999991e+01 -2.0799e-01 -8.3478e-01 -7.0686e-01 +1.0403e-01 +6.6178e-02
94918 +2.925991538e-08 +2.925991538e-08 -5.847999997e+01 -5.847999997e+01 -2.0866e-01 -8.3194e-01 -7.0565e-01 +1.0201e-01 +6.6516e-02
94954 +1.859019250e-08 +1.859019250e-08 -5.847999998e+01 -5.847999998e+01 -2.0826e-01 -8.3407e-01 -7.0701e-01 +1.0349e-01 +6.6233e-02
95068 +7.249674638e-09 +7.249674638e-09 -5.847999999e+01 -5.847999999e+01 -2.0853e-01 -8.3290e-01 -7.0609e-01 +1.0271e-01 +6.6244e-02
95081 +9.075336038e-10 +9.075336038e-10 -5.848000000e+01 -5.848000000e+01 -2.0846e-01 -8.3300e-01 -7.0623e-01 +1.0276e-01 +6.6306e-02
% function evaluation | noise-free fitness - Fopt (-6.130800000000e+02) | best noise-free fitness - Fopt | measured fitness | best measured fitness | x1 | x2...
1 +2.457875393e+01 +2.457875393e+01 -5.885012461e+02 -5.885012461e+02 +2.5431e+00 -2.8772e+00 +1.7804e+00 +3.3471e+00 +3.8767e+00
6 +1.468467228e+01 +1.468467228e+01 -5.983953277e+02 -5.983953277e+02 +1.6712e+00 -4.1450e+00 +8.4312e-01 +3.3167e+00 +3.2801e+00
20 +9.389368247e+00 +9.389368247e+00 -6.036906318e+02 -6.036906318e+02 -1.0917e+00 -1.7136e+00 +2.4462e+00 +1.7346e+00 +1.8122e+00
113 +5.689120817e+00 +5.689120817e+00 -6.073908792e+02 -6.073908792e+02 -1.3614e+00 +4.0962e+00 +1.0781e+00 -3.6009e+00 -3.6651e+00
139 +3.074436901e+00 +3.074436901e+00 -6.100055631e+02 -6.100055631e+02 -1.7060e-01 +3.4896e+00 +2.0489e+00 -2.7509e+00 -3.2798e+00
255 +2.079829114e+00 +2.079829114e+00 -6.110001709e+02 -6.110001709e+02 -1.4095e+00 +1.8551e+00 +3.6991e-01 -1.7676e+00 -1.6111e+00
398 +1.551765313e+00 +1.551765313e+00 -6.115282347e+02 -6.115282347e+02 -1.1203e+00 +1.9272e+00 -8.5314e-01 -1.1045e+00 +3.6877e-01
617 +4.393705654e-01 +4.393705654e-01 -6.126406294e+02 -6.126406294e+02 +7.1799e-01 +1.2713e+00 -7.2319e-02 +2.1934e-02 -9.2858e-01
11327 +2.051762197e-01 +2.051762197e-01 -6.128748238e+02 -6.128748238e+02 +5.9795e-02 +9.1232e-01 +1.1027e+00 +7.7895e-01 +1.0420e+00
51912 +1.576548724e-01 +1.576548724e-01 -6.129223451e+02 -6.129223451e+02 +4.2480e-01 +1.1473e-01 +2.4464e-01 -5.0293e-01 +2.8262e-02
54545 +9.982852754e-02 +9.982852754e-02 -6.129801715e+02 -6.129801715e+02 +4.1603e-01 +5.4335e-02 +2.8076e-01 -4.9377e-01 -2.2748e-03
57912 +6.301056462e-02 +6.301056462e-02 -6.130169894e+02 -6.130169894e+02 +6.1198e-01 +2.6677e-01 +2.3000e-01 -6.8894e-01 +1.6124e-01
182830 +2.381383512e-02 +2.381383512e-02 -6.130561862e+02 -6.130561862e+02 -2.7145e-01 -5.8794e-01 -4.3447e-01 -2.6945e-02 +2.4794e-01
185337 +8.594249046e-03 +8.594249046e-03 -6.130714058e+02 -6.130714058e+02 -3.0776e-01 -4.1170e-02 -6.4465e-01 -2.7258e-01 +1.7166e-01
185807 +5.941542408e-03 +5.941542408e-03 -6.130740585e+02 -6.130740585e+02 -3.0109e-01 +1.3300e-01 -7.4357e-01 -3.4062e-01 +1.9587e-01
185897 +3.977031404e-03 +3.977031404e-03 -6.130760230e+02 -6.130760230e+02 -2.9885e-01 +7.2352e-03 -6.5476e-01 -2.7809e-01 +1.7419e-01
186385 +1.512335890e-03 +1.512335890e-03 -6.130784877e+02 -6.130784877e+02 -3.0393e-01 +1.3229e-01 -7.2579e-01 -3.2262e-01 +1.8692e-01
186519 +7.175403711e-04 +7.175403711e-04 -6.130792825e+02 -6.130792825e+02 -3.0050e-01 +1.7529e-01 -7.4789e-01 -3.4653e-01 +1.8815e-01
186606 +1.747982091e-04 +1.747982091e-04 -6.130798252e+02 -6.130798252e+02 -3.0004e-01 +2.3320e-01 -7.8246e-01 -3.6717e-01 +1.8784e-01
186891 +1.019088855e-04 +1.019088855e-04 -6.130798981e+02 -6.130798981e+02 -3.0148e-01 +2.8440e-01 -8.1048e-01 -3.8373e-01 +1.8477e-01
187102 +7.013696131e-05 +7.013696131e-05 -6.130799299e+02 -6.130799299e+02 -3.0617e-01 +3.5335e-01 -8.4759e-01 -4.1052e-01 +1.8710e-01
187314 +5.598462053e-05 +5.598462053e-05 -6.130799440e+02 -6.130799440e+02 -3.0196e-01 +3.1592e-01 -8.2630e-01 -3.9563e-01 +1.9005e-01
187339 +2.665562408e-05 +2.665562408e-05 -6.130799733e+02 -6.130799733e+02 -3.0251e-01 +2.9616e-01 -8.1407e-01 -3.8799e-01 +1.8721e-01
187396 +1.290557123e-05 +1.290557123e-05 -6.130799871e+02 -6.130799871e+02 -3.0062e-01 +3.6109e-01 -8.4349e-01 -4.0837e-01 +1.8690e-01
187590 +5.908807111e-06 +5.908807111e-06 -6.130799941e+02 -6.130799941e+02 -3.0267e-01 +3.8197e-01 -8.5195e-01 -4.1625e-01 +1.8543e-01
187679 +2.810908427e-06 +2.810908427e-06 -6.130799972e+02 -6.130799972e+02 -3.0233e-01 +3.5753e-01 -8.4396e-01 -4.0957e-01 +1.8742e-01
187867 +1.306276886e-06 +1.306276886e-06 -6.130799987e+02 -6.130799987e+02 -3.0250e-01 +3.8970e-01 -8.5879e-01 -4.2240e-01 +1.8699e-01
188110 +9.858991916e-07 +9.858991916e-07 -6.130799990e+02 -6.130799990e+02 -3.0317e-01 +3.9149e-01 -8.5999e-01 -4.2146e-01 +1.8717e-01
188290 +5.322348215e-07 +5.322348215e-07 -6.130799995e+02 -6.130799995e+02 -3.0297e-01 +4.0244e-01 -8.6375e-01 -4.2484e-01 +1.8643e-01
188355 +2.886270067e-07 +2.886270067e-07 -6.130799997e+02 -6.130799997e+02 -3.0212e-01 +4.1128e-01 -8.6745e-01 -4.2901e-01 +1.8611e-01
188367 +2.418507847e-07 +2.418507847e-07 -6.130799998e+02 -6.130799998e+02 -3.0216e-01 +4.1043e-01 -8.6826e-01 -4.2869e-01 +1.8626e-01
188595 +1.420729632e-07 +1.420729632e-07 -6.130799999e+02 -6.130799999e+02 -3.0217e-01 +3.9885e-01 -8.6187e-01 -4.2386e-01 +1.8646e-01
188724 +5.958474958e-08 +5.958474958e-08 -6.130799999e+02 -6.130799999e+02 -3.0239e-01 +4.2619e-01 -8.7481e-01 -4.3412e-01 +1.8623e-01
188870 +2.806405064e-08 +2.806405064e-08 -6.130800000e+02 -6.130800000e+02 -3.0207e-01 +4.1394e-01 -8.6913e-01 -4.2948e-01 +1.8634e-01
188963 +2.026536094e-08 +2.026536094e-08 -6.130800000e+02 -6.130800000e+02 -3.0229e-01 +4.1588e-01 -8.6988e-01 -4.3019e-01 +1.8608e-01
189250 +1.274543138e-08 +1.274543138e-08 -6.130800000e+02 -6.130800000e+02 -3.0245e-01 +4.1683e-01 -8.7067e-01 -4.3048e-01 +1.8623e-01
189391 +4.561570677e-09 +4.561570677e-09 -6.130800000e+02 -6.130800000e+02 -3.0232e-01 +4.1756e-01 -8.7080e-01 -4.3066e-01 +1.8622e-01
189629 +2.160049917e-10 +2.160049917e-10 -6.130800000e+02 -6.130800000e+02 -3.0230e-01 +4.2029e-01 -8.7207e-01 -4.3170e-01 +1.8611e-01
% function evaluation | noise-free fitness - Fopt (-6.130800000000e+02) | best noise-free fitness - Fopt | measured fitness | best measured fitness | x1 | x2...
1 +1.734978562e+01 +1.734978562e+01 -5.957302144e+02 -5.957302144e+02 -2.7769e-01 +3.4514e+00 -3.0855e+00 -3.8293e+00 -6.1453e-01
4 +1.294115376e+01 +1.294115376e+01 -6.001388462e+02 -6.001388462e+02 -7.1718e-01 +3.9905e+00 -4.2208e+00 -3.2931e+00 -1.5133e+00
28 +7.647801926e+00 +7.647801926e+00 -6.054321981e+02 -6.054321981e+02 -7.3625e-01 +7.3301e+00 +6.8405e-03 +3.3762e-02 -2.3048e+00
43 +4.065626601e+00 +4.065626601e+00 -6.090143734e+02 -6.090143734e+02 +2.1447e+00 +3.5706e+00 -9.8212e-01 -1.1454e+00 -3.7247e-01
157 +2.843689210e+00 +2.843689210e+00 -6.102363108e+02 -6.102363108e+02 -1.2081e+00 +4.2070e+00 -1.5905e-01 -3.1532e-02 +3.7706e-01
509 +2.128693853e+00 +2.128693853e+00 -6.109513061e+02 -6.109513061e+02 +8.3052e-01 +6.5701e-02 -6.8094e-01 +1.1005e+00 -6.7367e-01
989 +1.485974578e+00 +1.485974578e+00 -6.115940254e+02 -6.115940254e+02 +1.3110e+00 -1.7257e-01 -1.0739e-01 +2.8820e-01 -6.0054e-01
1319 +9.981350592e-01 +9.981350592e-01 -6.120818649e+02 -6.120818649e+02 +6.5718e-01 +5.7442e-02 -1.0914e-01 +1.9055e-01 -8.9619e-02
1616 +4.502358257e-01 +4.502358257e-01 -6.126297642e+02 -6.126297642e+02 +8.4274e-01 -5.9854e-01 -1.2110e-01 +8.5902e-01 -3.9581e-02
2882 +3.945814478e-01 +3.945814478e-01 -6.126854186e+02 -6.126854186e+02 +5.8466e-01 -2.6127e-01 -8.3594e-02 +1.0081e+00 +1.4307e-01
4259 +2.508588424e-01 +2.508588424e-01 -6.128291412e+02 -6.128291412e+02 +4.7751e-01 -3.7837e-01 -2.4027e-01 +9.2892e-01 +1.3089e-01
29437 +1.532883779e-01 +1.532883779e-01 -6.129267116e+02 -6.129267116e+02 +1.5705e+00 -1.3968e-01 +3.4350e-01 -5.2165e-01 -4.8729e-03
96011 +6.226805232e-02 +6.226805232e-02 -6.130177319e+02 -6.130177319e+02 +5.1493e-02 +8.1913e-01 -7.7321e-01 -7.0029e-01 +2.6543e-01
157319 +2.675423229e-02 +2.675423229e-02 -6.130532458e+02 -6.130532458e+02 -2.5735e-01 -6.4834e-01 -4.2796e-01 -1.1326e-02 +2.9074e-01
158152 +2.343925692e-02 +2.343925692e-02 -6.130565607e+02 -6.130565607e+02 -2.9973e-01 -7.5023e-02 -6.2318e-01 -2.5922e-01 +1.5557e-01
159011 +1.487288226e-02 +1.487288226e-02 -6.130651271e+02 -6.130651271e+02 -3.0588e-01 -7.2493e-02 -6.1950e-01 -2.5837e-01 +1.5556e-01
159179 +9.807992995e-03 +9.807992995e-03 -6.130701920e+02 -6.130701920e+02 -3.1142e-01 -2.7618e-02 -6.5787e-01 -2.7950e-01 +1.6955e-01
159638 +6.050136337e-03 +6.050136337e-03 -6.130739499e+02 -6.130739499e+02 -3.0053e-01 -3.3771e-02 -6.3873e-01 -2.6621e-01 +1.6620e-01
159827 +3.055867609e-03 +3.055867609e-03 -6.130769441e+02 -6.130769441e+02 -3.0345e-01 +4.2538e-02 -6.8229e-01 -2.9952e-01 +1.7840e-01
160055 +2.300301326e-03 +2.300301326e-03 -6.130776997e+02 -6.130776997e+02 -3.0615e-01 +6.9585e-02 -6.9911e-01 -3.0426e-01 +1.8312e-01
160292 +1.084542776e-03 +1.084542776e-03 -6.130789155e+02 -6.130789155e+02 -2.9837e-01 +1.2527e-01 -7.2320e-01 -3.2205e-01 +1.8438e-01
160536 +3.611411872e-04 +3.611411872e-04 -6.130796389e+02 -6.130796389e+02 -3.0034e-01 +2.3608e-01 -7.7785e-01 -3.6069e-01 +1.8920e-01
160851 +2.478083919e-04 +2.478083919e-04 -6.130797522e+02 -6.130797522e+02 -3.0224e-01 +2.1226e-01 -7.6851e-01 -3.5327e-01 +1.8649e-01
160854 +1.519184650e-04 +1.519184650e-04 -6.130798481e+02 -6.130798481e+02 -3.0479e-01 +2.6347e-01 -7.9875e-01 -3.7287e-01 +1.8577e-01
160863 +6.703361328e-05 +6.703361328e-05 -6.130799330e+02 -6.130799330e+02 -2.9897e-01 +3.5993e-01 -8.3968e-01 -4.0646e-01 +1.8976e-01
161051 +6.014858400e-06 +6.014858400e-06 -6.130799940e+02 -6.130799940e+02 -3.0255e-01 +3.4736e-01 -8.3907e-01 -4.0480e-01 +1.8660e-01
161608 +9.605936384e-07 +9.605936384e-07 -6.130799990e+02 -6.130799990e+02 -3.0177e-01 +4.0721e-01 -8.6720e-01 -4.2736e-01 +1.8635e-01
161919 +4.479770723e-07 +4.479770723e-07 -6.130799996e+02 -6.130799996e+02 -3.0259e-01 +4.1623e-01 -8.7024e-01 -4.3056e-01 +1.8528e-01
162254 +3.276066991e-07 +3.276066991e-07 -6.130799997e+02 -6.130799997e+02 -3.0221e-01 +4.2531e-01 -8.7491e-01 -4.3414e-01 +1.8556e-01
162585 +2.176947191e-07 +2.176947191e-07 -6.130799998e+02 -6.130799998e+02 -3.0230e-01 +4.0984e-01 -8.6675e-01 -4.2718e-01 +1.8610e-01
162616 +1.122205049e-07 +1.122205049e-07 -6.130799999e+02 -6.130799999e+02 -3.0255e-01 +4.3484e-01 -8.7917e-01 -4.3680e-01 +1.8590e-01
162715 +7.304277005e-08 +7.304277005e-08 -6.130799999e+02 -6.130799999e+02 -3.0218e-01 +4.2942e-01 -8.7613e-01 -4.3523e-01 +1.8614e-01
162872 +3.404011295e-08 +3.404011295e-08 -6.130800000e+02 -6.130800000e+02 -3.0217e-01 +4.2835e-01 -8.7587e-01 -4.3452e-01 +1.8575e-01
163068 +2.362401119e-08 +2.362401119e-08 -6.130800000e+02 -6.130800000e+02 -3.0220e-01 +4.2431e-01 -8.7398e-01 -4.3315e-01 +1.8580e-01
163185 +1.320142928e-08 +1.320142928e-08 -6.130800000e+02 -6.130800000e+02 -3.0227e-01 +4.2147e-01 -8.7281e-01 -4.3233e-01 +1.8622e-01
163270 +5.670472092e-09 +5.670472092e-09 -6.130800000e+02 -6.130800000e+02 -3.0232e-01 +4.2127e-01 -8.7252e-01 -4.3217e-01 +1.8606e-01
163348 +1.778062142e-10 +1.778062142e-10 -6.130800000e+02 -6.130800000e+02 -3.0229e-01 +4.2055e-01 -8.7217e-01 -4.3180e-01 +1.8612e-01
% function evaluation | noise-free fitness - Fopt (-6.130800000000e+02) | best noise-free fitness - Fopt | measured fitness | best measured fitness | x1 | x2...
1 +6.725930259e+01 +6.725930259e+01 -5.458206974e+02 -5.458206974e+02 -3.5720e+00 -3.4123e+00 -3.2235e+00 +2.5328e+00 +2.1059e+00
3 +5.132081278e+01 +5.132081278e+01 -5.617591872e+02 -5.617591872e+02 -8.6471e-01 -3.0459e-01 -3.1637e+00 +1.0847e+00 +4.8299e+00
5 +3.015079740e+01 +3.015079740e+01 -5.829292026e+02 -5.829292026e+02 -1.5845e+00 -4.8427e+00 -2.4319e+00 -9.8807e-01 +4.1523e+00
6 +2.358822125e+01 +2.358822125e+01 -5.894917788e+02 -5.894917788e+02 -8.4145e-01 -2.9612e+00 -1.8660e+00 +3.6952e+00 +2.4980e+00
26 +1.127421556e+01 +1.127421556e+01 -6.018057844e+02 -6.018057844e+02 +2.1122e+00 -1.6166e+00 +2.4003e+00 +5.1850e-01 -1.3256e+00
41 +5.996049051e+00 +5.996049051e+00 -6.070839509e+02 -6.070839509e+02 +1.6963e+00 -1.0378e+00 -8.5089e-01 +4.8606e-01 -4.1724e-01
87 +2.611073625e+00 +2.611073625e+00 -6.104689264e+02 -6.104689264e+02 +3.8122e-01 +2.4987e+00 -1.3492e+00 +2.6248e-01 -2.6885e+00
872 +2.455864086e+00 +2.455864086e+00 -6.106241359e+02 -6.106241359e+02 -2.2024e+00 +3.8265e+00 +1.7328e+00 -1.2061e+00 -1.2294e+00
2201 +1.371238778e+00 +1.371238778e+00 -6.117087612e+02 -6.117087612e+02 -1.0547e+00 +2.5633e+00 +2.4141e+00 -5.3676e-01 -1.7604e+00
3467 +8.436440518e-01 +8.436440518e-01 -6.122363559e+02 -6.122363559e+02 -6.9908e-01 +1.1768e+00 +2.8366e+00 -1.1735e-01 -7.7118e-01
4381 +6.229852353e-01 +6.229852353e-01 -6.124570148e+02 -6.124570148e+02 +6.2564e-01 -1.1810e+00 +5.8742e-01 -7.9140e-01 -7.8163e-01
9812 +3.853672281e-01 +3.853672281e-01 -6.126946328e+02 -6.126946328e+02 -1.8915e-01 +6.0359e-01 +3.4060e-01 -1.4511e-01 -4.8936e-01
10575 +2.502522987e-01 +2.502522987e-01 -6.128297477e+02 -6.128297477e+02 -2.7293e-01 +5.8372e-01 +1.4349e-01 -2.3045e-01 -4.6841e-01
11621 +1.583423830e-01 +1.583423830e-01 -6.129216576e+02 -6.129216576e+02 -2.9868e-01 +6.4004e-01 -3.0712e-02 -3.1339e-01 -4.0704e-01
32212 +9.845825499e-02 +9.845825499e-02 -6.129815417e+02 -6.129815417e+02 +1.3751e+00 +1.3106e+00 +2.1905e-01 -1.2062e+00 +6.6311e-01
32311 +5.519359175e-02 +5.519359175e-02 -6.130248064e+02 -6.130248064e+02 +1.3735e+00 +1.2429e+00 +2.3537e-01 -1.1858e+00 +6.8098e-01
32833 +3.926534045e-02 +3.926534045e-02 -6.130407347e+02 -6.130407347e+02 +1.3688e+00 +1.1725e+00 +2.5518e-01 -1.1666e+00 +6.9788e-01
102094 +1.989125605e-02 +1.989125605e-02 -6.130601087e+02 -6.130601087e+02 -2.7302e-01 +2.8199e-01 -9.0311e-01 -3.5720e-01 +3.2796e-01
102194 +6.567283539e-03 +6.567283539e-03 -6.130734327e+02 -6.130734327e+02 -2.8262e-01 +4.4552e-01 -9.5544e-01 -4.2218e-01 +2.7317e-01
102499 +4.717186228e-03 +4.717186228e-03 -6.130752828e+02 -6.130752828e+02 -3.0099e-01 +6.8142e-01 -9.8723e-01 -5.3656e-01 +1.7628e-01
102545 +2.902214817e-03 +2.902214817e-03 -6.130770978e+02 -6.130770978e+02 -3.0032e-01 +8.7065e-01 -1.0651e+00 -5.9284e-01 +1.5334e-01
102640 +1.636353305e-03 +1.636353305e-03 -6.130783636e+02 -6.130783636e+02 -2.9736e-01 +7.9841e-01 -1.0247e+00 -5.6072e-01 +1.6468e-01
102776 +1.139307041e-03 +1.139307041e-03 -6.130788607e+02 -6.130788607e+02 -3.0514e-01 +7.3465e-01 -1.0148e+00 -5.4049e-01 +1.6635e-01
103205 +7.529358937e-04 +7.529358937e-04 -6.130792471e+02 -6.130792471e+02 -2.9795e-01 +6.7455e-01 -9.8162e-01 -5.2456e-01 +1.7521e-01
103235 +4.125770944e-04 +4.125770944e-04 -6.130795874e+02 -6.130795874e+02 -3.0029e-01 +6.7734e-01 -9.7821e-01 -5.1859e-01 +1.7163e-01
103384 +3.569982254e-04 +3.569982254e-04 -6.130796430e+02 -6.130796430e+02 -3.0507e-01 +5.4246e-01 -9.3531e-01 -4.7647e-01 +1.8458e-01
103430 +2.493891575e-04 +2.493891575e-04 -6.130797506e+02 -6.130797506e+02 -3.0239e-01 +5.7792e-01 -9.4755e-01 -4.9135e-01 +1.8336e-01
103485 +9.158633532e-05 +9.158633532e-05 -6.130799084e+02 -6.130799084e+02 -3.0295e-01 +4.7970e-01 -9.0303e-01 -4.5611e-01 +1.8882e-01
103492 +6.298521748e-05 +6.298521748e-05 -6.130799370e+02 -6.130799370e+02 -3.0566e-01 +5.1593e-01 -9.1468e-01 -4.6584e-01 +1.8394e-01
103772 +3.171864842e-05 +3.171864842e-05 -6.130799683e+02 -6.130799683e+02 -3.0536e-01 +4.0329e-01 -8.6484e-01 -4.2488e-01 +1.8755e-01
103791 +4.472048317e-06 +4.472048317e-06 -6.130799955e+02 -6.130799955e+02 -3.0292e-01 +4.0325e-01 -8.6722e-01 -4.2596e-01 +1.8613e-01
104164 +7.644954394e-07 +7.644954394e-07 -6.130799992e+02 -6.130799992e+02 -3.0214e-01 +4.3614e-01 -8.7915e-01 -4.3753e-01 +1.8702e-01
104276 +5.810710491e-07 +5.810710491e-07 -6.130799994e+02 -6.130799994e+02 -3.0252e-01 +3.9948e-01 -8.6188e-01 -4.2443e-01 +1.8731e-01
104295 +3.670327260e-07 +3.670327260e-07 -6.130799996e+02 -6.130799996e+02 -3.0274e-01 +4.2355e-01 -8.7442e-01 -4.3318e-01 +1.8692e-01
104404 +1.337248250e-07 +1.337248250e-07 -6.130799999e+02 -6.130799999e+02 -3.0212e-01 +4.3671e-01 -8.7938e-01 -4.3779e-01 +1.8548e-01
104519 +9.690620573e-08 +9.690620573e-08 -6.130799999e+02 -6.130799999e+02 -3.0227e-01 +4.3088e-01 -8.7743e-01 -4.3558e-01 +1.8565e-01
104644 +4.100058959e-08 +4.100058959e-08 -6.130800000e+02 -6.130800000e+02 -3.0245e-01 +4.1556e-01 -8.7031e-01 -4.2999e-01 +1.8634e-01
104762 +3.810851013e-08 +3.810851013e-08 -6.130800000e+02 -6.130800000e+02 -3.0235e-01 +4.2033e-01 -8.7211e-01 -4.3178e-01 +1.8576e-01
104763 +1.909756975e-08 +1.909756975e-08 -6.130800000e+02 -6.130800000e+02 -3.0220e-01 +4.2072e-01 -8.7217e-01 -4.3159e-01 +1.8610e-01
104772 +4.994035407e-09 +4.994035407e-09 -6.130800000e+02 -6.130800000e+02 -3.0238e-01 +4.2163e-01 -8.7286e-01 -4.3226e-01 +1.8616e-01
104890 +4.808953236e-10 +4.808953236e-10 -6.130800000e+02 -6.130800000e+02 -3.0228e-01 +4.2095e-01 -8.7237e-01 -4.3194e-01 +1.8615e-01
