% function evaluation | noise-free fitness - Fopt (1.238300000000e+02) | best noise-free fitness - Fopt | measured fitness | best measured fitness | x1 | x2...
1 +2.363440101e+04 +2.363440101e+04 +2.375823101e+04 +2.375823101e+04 +2.4507e+00 +2.0737e+00 +5.9353e-01 -3.3142e+00 +1.6957e-02
4 +1.663294275e+02 +1.663294275e+02 +2.901594275e+02 +2.901594275e+02 +6.2049e-01 +4.0769e-01 -2.9434e-01 +1.0525e-01 -1.1563e+00
72 +3.639284682e+01 +3.639284682e+01 +1.602228468e+02 +1.602228468e+02 +2.1222e-01 +2.8553e-01 -3.8694e-02 -2.9809e-02 -4.3810e-01
104 +1.412071955e+01 +1.412071955e+01 +1.379507195e+02 +1.379507195e+02 -1.8113e-01 +4.6858e-01 -4.4660e-01 -1.6319e-01 -3.4309e-01
171 +9.802215727e+00 +9.802215727e+00 +1.336322157e+02 +1.336322157e+02 -4.9724e-01 +4.3829e-01 -6.3120e-01 +2.2263e-01 -1.4518e-01
188 +6.232906700e+00 +6.232906700e+00 +1.300629067e+02 +1.300629067e+02 -5.9157e-01 +3.1401e-01 -1.0179e+00 +3.2684e-01 -2.6069e-01
576 +3.940680481e+00 +3.940680481e+00 +1.277706805e+02 +1.277706805e+02 -4.3010e-01 +5.5339e-01 -7.4254e-01 +4.8567e-02 -2.6604e-01
904 +2.495264637e+00 +2.495264637e+00 +1.263252646e+02 +1.263252646e+02 -1.0254e-01 +7.0073e-01 -2.3143e-01 +2.1205e-01 -2.7092e-01
1226 +1.569750009e+00 +1.569750009e+00 +1.253997500e+02 +1.253997500e+02 -5.2910e-02 +5.8876e-01 +7.7648e-02 +3.3973e-01 -2.0526e-01
1386 +9.733537739e-01 +9.733537739e-01 +1.248033538e+02 +1.248033538e+02 -1.1299e-02 +4.2111e-01 +3.0193e-01 +3.6807e-01 -1.4539e-01
1471 +5.720367064e-01 +5.720367064e-01 +1.244020367e+02 +1.244020367e+02 +6.1819e-02 +1.7537e-01 +5.0938e-01 +3.1567e-01 -7.4732e-02
1548 +3.701826586e-01 +3.701826586e-01 +1.242001827e+02 +1.242001827e+02 +8.0176e-02 +9.9195e-02 +5.5007e-01 +3.0121e-01 -6.2032e-02
1653 +2.465843875e-01 +2.465843875e-01 +1.240765844e+02 +1.240765844e+02 +1.2740e-01 -1.1567e-02 +5.9841e-01 +2.4931e-01 -3.3408e-02
1758 +1.476168048e-01 +1.476168048e-01 +1.239776168e+02 +1.239776168e+02 +1.8893e-01 -1.2908e-01 +6.6054e-01 +2.0014e-01 +1.9882e-02
1811 +9.574579077e-02 +9.574579077e-02 +1.239257458e+02 +1.239257458e+02 +2.7803e-01 -2.9773e-01 +7.2838e-01 +1.0551e-01 +9.5117e-02
1839 +5.860389134e-02 +5.860389134e-02 +1.238886039e+02 +1.238886039e+02 +2.9338e-01 -2.9837e-01 +7.2207e-01 +9.7080e-02 +1.0365e-01
1886 +3.687361263e-02 +3.687361263e-02 +1.238668736e+02 +1.238668736e+02 +3.6049e-01 -4.1349e-01 +7.5638e-01 +2.6851e-02 +1.6880e-01
1964 +1.237530210e-02 +1.237530210e-02 +1.238423753e+02 +1.238423753e+02 +4.1700e-01 -5.0018e-01 +7.8697e-01 -3.1662e-02 +2.1914e-01
1972 +8.945667306e-03 +8.945667306e-03 +1.238389457e+02 +1.238389457e+02 +3.9426e-01 -4.6386e-01 +7.7514e-01 -1.0793e-02 +1.9572e-01
2004 +4.459853677e-03 +4.459853677e-03 +1.238344599e+02 +1.238344599e+02 +4.4733e-01 -5.4168e-01 +8.0026e-01 -6.1697e-02 +2.4033e-01
2038 +2.835827671e-03 +2.835827671e-03 +1.238328358e+02 +1.238328358e+02 +4.4457e-01 -5.3220e-01 +7.9936e-01 -5.7267e-02 +2.3622e-01
2063 +1.275285782e-03 +1.275285782e-03 +1.238312753e+02 +1.238312753e+02 +4.4781e-01 -5.3696e-01 +8.0045e-01 -6.0717e-02 +2.4156e-01
2104 +8.982611321e-04 +8.982611321e-04 +1.238308983e+02 +1.238308983e+02 +4.8165e-01 -5.8615e-01 +8.1309e-01 -9.4341e-02 +2.7088e-01
2155 +5.318965288e-04 +5.318965288e-04 +1.238305319e+02 +1.238305319e+02 +4.7676e-01 -5.7851e-01 +8.1002e-01 -9.0883e-02 +2.6648e-01
2176 +3.410089631e-04 +3.410089631e-04 +1.238303410e+02 +1.238303410e+02 +4.7099e-01 -5.7216e-01 +8.0921e-01 -8.4992e-02 +2.6152e-01
2180 +1.881345317e-04 +1.881345317e-04 +1.238301881e+02 +1.238301881e+02 +4.6985e-01 -5.6959e-01 +8.0780e-01 -8.3686e-02 +2.6039e-01
2182 +1.209092696e-04 +1.209092696e-04 +1.238301209e+02 +1.238301209e+02 +4.6249e-01 -5.5945e-01 +8.0510e-01 -7.6934e-02 +2.5429e-01
2204 +5.899757419e-05 +5.899757419e-05 +1.238300590e+02 +1.238300590e+02 +4.6307e-01 -5.6064e-01 +8.0615e-01 -7.7212e-02 +2.5499e-01
2220 +3.403253690e-05 +3.403253690e-05 +1.238300340e+02 +1.238300340e+02 +4.6494e-01 -5.6311e-01 +8.0638e-01 -7.9222e-02 +2.5660e-01
2235 +2.465580656e-05 +2.465580656e-05 +1.238300247e+02 +1.238300247e+02 +4.6504e-01 -5.6322e-01 +8.0625e-01 -7.9229e-02 +2.5662e-01
2249 +1.414746023e-05 +1.414746023e-05 +1.238300141e+02 +1.238300141e+02 +4.6536e-01 -5.6391e-01 +8.0674e-01 -7.9342e-02 +2.5699e-01
2272 +8.810875400e-06 +8.810875400e-06 +1.238300088e+02 +1.238300088e+02 +4.6472e-01 -5.6301e-01 +8.0637e-01 -7.8751e-02 +2.5645e-01
2303 +6.249246226e-06 +6.249246226e-06 +1.238300062e+02 +1.238300062e+02 +4.6422e-01 -5.6220e-01 +8.0608e-01 -7.8284e-02 +2.5602e-01
2325 +2.961018922e-06 +2.961018922e-06 +1.238300030e+02 +1.238300030e+02 +4.6454e-01 -5.6255e-01 +8.0625e-01 -7.8513e-02 +2.5622e-01
2330 +5.198707669e-07 +5.198707669e-07 +1.238300005e+02 +1.238300005e+02 +4.6381e-01 -5.6155e-01 +8.0606e-01 -7.7774e-02 +2.5558e-01
2382 +2.406102766e-07 +2.406102766e-07 +1.238300002e+02 +1.238300002e+02 +4.6317e-01 -5.6065e-01 +8.0580e-01 -7.7142e-02 +2.5502e-01
2426 +9.775966703e-08 +9.775966703e-08 +1.238300001e+02 +1.238300001e+02 +4.6352e-01 -5.6115e-01 +8.0595e-01 -7.7506e-02 +2.5533e-01
2427 +6.228846416e-08 +6.228846416e-08 +1.238300001e+02 +1.238300001e+02 +4.6333e-01 -5.6087e-01 +8.0587e-01 -7.7310e-02 +2.5515e-01
2480 +1.956917117e-08 +1.956917117e-08 +1.238300000e+02 +1.238300000e+02 +4.6339e-01 -5.6096e-01 +8.0588e-01 -7.7382e-02 +2.5522e-01
2506 +1.211427048e-08 +1.211427048e-08 +1.238300000e+02 +1.238300000e+02 +4.6345e-01 -5.6103e-01 +8.0590e-01 -7.7432e-02 +2.5527e-01
2508 +8.047678079e-09 +8.047678079e-09 +1.238300000e+02 +1.238300000e+02 +4.6345e-01 -5.6104e-01 +8.0590e-01 -7.7441e-02 +2.5527e-01
% function evaluation | noise-free fitness - Fopt (1.238300000000e+02) | best noise-free fitness - Fopt | measured fitness | best measured fitness | x1 | x2...
1 +3.250620329e+04 +3.250620329e+04 +3.263003329e+04 +3.263003329e+04 -2.9401e+00 -2.6316e+00 -2.5315e+00 -7.7595e-01 +2.3101e+00
3 +4.008253407e+03 +4.008253407e+03 +4.132083407e+03 +4.132083407e+03 -1.5989e+00 -2.2067e+00 -6.4738e-01 -7.7880e-01 +1.6604e+00
11 +1.343898342e+03 +1.343898342e+03 +1.467728342e+03 +1.467728342e+03 -4.4863e-01 -8.5207e-01 -8.4764e-01 -2.2986e+00 +1.9592e+00
12 +2.071330280e+02 +2.071330280e+02 +3.309630280e+02 +3.309630280e+02 -8.4397e-01 +9.3128e-02 -7.9534e-01 -2.6203e-01 +7.4068e-01
75 +1.039586170e+02 +1.039586170e+02 +2.277886170e+02 +2.277886170e+02 +1.1206e+00 -8.6046e-01 +5.9491e-01 -7.9095e-01 +7.7078e-01
89 +9.832274735e+01 +9.832274735e+01 +2.221527473e+02 +2.221527473e+02 +1.0390e+00 -1.7780e+00 +3.8508e-01 -1.4462e+00 +1.0900e+00
127 +4.738855813e+01 +4.738855813e+01 +1.712185581e+02 +1.712185581e+02 -1.5535e-01 -8.7852e-01 -6.3370e-01 +1.9928e-01 +3.9624e-01
132 +2.348274327e+01 +2.348274327e+01 +1.473127433e+02 +1.473127433e+02 -3.4322e-01 -1.4161e+00 -5.3243e-01 +9.8404e-02 +5.9197e-01
211 +1.089224955e+01 +1.089224955e+01 +1.347222495e+02 +1.347222495e+02 -6.4933e-01 +1.2875e-01 -9.6350e-01 +3.8053e-01 -2.6106e-01
221 +7.249922149e+00 +7.249922149e+00 +1.310799221e+02 +1.310799221e+02 -5.6039e-01 +1.8037e-01 -9.6192e-01 +4.7727e-01 -6.2693e-02
270 +3.966894720e+00 +3.966894720e+00 +1.277968947e+02 +1.277968947e+02 -3.7510e-01 +6.4821e-01 -6.8342e-01 +1.0773e-01 -3.0088e-01
773 +2.298866423e+00 +2.298866423e+00 +1.261288664e+02 +1.261288664e+02 -9.1155e-02 +6.6977e-01 -1.2169e-01 +2.5748e-01 -2.7390e-01
985 +1.566577073e+00 +1.566577073e+00 +1.253965771e+02 +1.253965771e+02 -4.6811e-02 +5.9194e-01 +7.8893e-02 +3.3453e-01 -1.9635e-01
1241 +9.748572716e-01 +9.748572716e-01 +1.248048573e+02 +1.248048573e+02 -2.8363e-02 +4.1611e-01 +3.0782e-01 +3.8061e-01 -1.4886e-01
1378 +6.300926716e-01 +6.300926716e-01 +1.244600927e+02 +1.244600927e+02 +2.1843e-02 +2.2416e-01 +4.6604e-01 +3.4937e-01 -9.6993e-02
1419 +3.794961250e-01 +3.794961250e-01 +1.242094961e+02 +1.242094961e+02 +7.7067e-02 +9.3634e-02 +5.4679e-01 +2.9448e-01 -5.9410e-02
1489 +2.460221316e-01 +2.460221316e-01 +1.240760221e+02 +1.240760221e+02 +1.3847e-01 -1.7797e-02 +6.1712e-01 +2.4987e-01 -2.5103e-02
1708 +1.565853688e-01 +1.565853688e-01 +1.239865854e+02 +1.239865854e+02 +1.7699e-01 -1.0065e-01 +6.4806e-01 +2.0919e-01 +1.1258e-02
1751 +9.824246704e-02 +9.824246704e-02 +1.239282425e+02 +1.239282425e+02 +2.3282e-01 -2.1275e-01 +6.9459e-01 +1.4827e-01 +6.2223e-02
1838 +6.234262151e-02 +6.234262151e-02 +1.238923426e+02 +1.238923426e+02 +2.9888e-01 -3.1982e-01 +7.4145e-01 +9.0722e-02 +1.1453e-01
1900 +3.789212412e-02 +3.789212412e-02 +1.238678921e+02 +1.238678921e+02 +3.0918e-01 -3.2929e-01 +7.3379e-01 +7.5278e-02 +1.2232e-01
1928 +2.401531344e-02 +2.401531344e-02 +1.238540153e+02 +1.238540153e+02 +3.4316e-01 -3.8877e-01 +7.5477e-01 +4.2967e-02 +1.5087e-01
2019 +1.411495749e-02 +1.411495749e-02 +1.238441150e+02 +1.238441150e+02 +3.6610e-01 -4.1879e-01 +7.6637e-01 +2.1968e-02 +1.7078e-01
2065 +9.328464429e-03 +9.328464429e-03 +1.238393285e+02 +1.238393285e+02 +3.8599e-01 -4.5070e-01 +7.7524e-01 +1.1806e-03 +1.8889e-01
2097 +4.044534411e-03 +4.044534411e-03 +1.238340445e+02 +1.238340445e+02 +4.1738e-01 -4.9315e-01 +7.8892e-01 -2.9103e-02 +2.1451e-01
2121 +3.766378768e-03 +3.766378768e-03 +1.238337664e+02 +1.238337664e+02 +4.3214e-01 -5.1737e-01 +7.9658e-01 -4.4800e-02 +2.2681e-01
2130 +2.296744333e-03 +2.296744333e-03 +1.238322967e+02 +1.238322967e+02 +4.3865e-01 -5.2365e-01 +7.9690e-01 -4.9923e-02 +2.3255e-01
2137 +8.822362480e-04 +8.822362480e-04 +1.238308822e+02 +1.238308822e+02 +4.5633e-01 -5.5167e-01 +8.0191e-01 -7.1654e-02 +2.5003e-01
2210 +5.786172437e-04 +5.786172437e-04 +1.238305786e+02 +1.238305786e+02 +4.6021e-01 -5.5578e-01 +8.0394e-01 -7.3184e-02 +2.5193e-01
2233 +3.717535620e-04 +3.717535620e-04 +1.238303718e+02 +1.238303718e+02 +4.5941e-01 -5.5508e-01 +8.0504e-01 -7.2502e-02 +2.5104e-01
2250 +1.914168776e-04 +1.914168776e-04 +1.238301914e+02 +1.238301914e+02 +4.5725e-01 -5.5150e-01 +8.0367e-01 -7.0525e-02 +2.4928e-01
2286 +1.464400087e-04 +1.464400087e-04 +1.238301464e+02 +1.238301464e+02 +4.5699e-01 -5.5250e-01 +8.0387e-01 -7.0915e-02 +2.4998e-01
2298 +7.367683841e-05 +7.367683841e-05 +1.238300737e+02 +1.238300737e+02 +4.5791e-01 -5.5338e-01 +8.0380e-01 -7.1857e-02 +2.5022e-01
2319 +5.141436313e-05 +5.141436313e-05 +1.238300514e+02 +1.238300514e+02 +4.5766e-01 -5.5303e-01 +8.0375e-01 -7.1770e-02 +2.5015e-01
2362 +3.141259097e-05 +3.141259097e-05 +1.238300314e+02 +1.238300314e+02 +4.5895e-01 -5.5469e-01 +8.0418e-01 -7.2980e-02 +2.5122e-01
2394 +2.210572708e-05 +2.210572708e-05 +1.238300221e+02 +1.238300221e+02 +4.5950e-01 -5.5557e-01 +8.0454e-01 -7.3503e-02 +2.5183e-01
2417 +1.120184534e-05 +1.120184534e-05 +1.238300112e+02 +1.238300112e+02 +4.6069e-01 -5.5723e-01 +8.0486e-01 -7.4655e-02 +2.5284e-01
2419 +8.477907343e-06 +8.477907343e-06 +1.238300085e+02 +1.238300085e+02 +4.6176e-01 -5.5857e-01 +8.0536e-01 -7.5636e-02 +2.5369e-01
2428 +6.148181129e-06 +6.148181129e-06 +1.238300061e+02 +1.238300061e+02 +4.6217e-01 -5.5936e-01 +8.0539e-01 -7.6268e-02 +2.5416e-01
2465 +2.962369081e-06 +2.962369081e-06 +1.238300030e+02 +1.238300030e+02 +4.6256e-01 -5.5966e-01 +8.0555e-01 -7.6496e-02 +2.5445e-01
2505 +1.868423652e-06 +1.868423652e-06 +1.238300019e+02 +1.238300019e+02 +4.6294e-01 -5.6040e-01 +8.0567e-01 -7.6972e-02 +2.5485e-01
2536 +9.350945334e-07 +9.350945334e-07 +1.238300009e+02 +1.238300009e+02 +4.6299e-01 -5.6043e-01 +8.0571e-01 -7.7026e-02 +2.5487e-01
2559 +5.113728605e-07 +5.113728605e-07 +1.238300005e+02 +1.238300005e+02 +4.6295e-01 -5.6034e-01 +8.0572e-01 -7.6956e-02 +2.5482e-01
2574 +2.637109873e-07 +2.637109873e-07 +1.238300003e+02 +1.238300003e+02 +4.6315e-01 -5.6065e-01 +8.0580e-01 -7.7155e-02 +2.5501e-01
2580 +2.092417759e-07 +2.092417759e-07 +1.238300002e+02 +1.238300002e+02 +4.6327e-01 -5.6078e-01 +8.0586e-01 -7.7254e-02 +2.5510e-01
2598 +4.872255488e-08 +4.872255488e-08 +1.238300000e+02 +1.238300000e+02 +4.6324e-01 -5.6074e-01 +8.0583e-01 -7.7227e-02 +2.5508e-01
2629 +1.421256002e-08 +1.421256002e-08 +1.238300000e+02 +1.238300000e+02 +4.6345e-01 -5.6103e-01 +8.0591e-01 -7.7432e-02 +2.5527e-01
2710 +7.765507348e-09 +7.765507348e-09 +1.238300000e+02 +1.238300000e+02 +4.6340e-01 -5.6096e-01 +8.0589e-01 -7.7386e-02 +2.5522e-01
2714 +4.299948841e-09 +4.299948841e-09 +1.238300000e+02 +1.238300000e+02 +4.6340e-01 -5.6096e-01 +8.0589e-01 -7.7383e-02 +2.5522e-01
% function evaluation | noise-free fitness - Fopt (1.238300000000e+02) | best noise-free fitness - Fopt | measured fitness | best measured fitness | x1 | x2...
1 +1.854037806e+04 +1.854037806e+04 +1.866420806e+04 +1.866420806e+04 -2.5528e+00 +8.6342e-01 -3.0582e+00 +8.4949e-01 +2.9580e+00
2 +3.518419497e+03 +3.518419497e+03 +3.642249497e+03 +3.642249497e+03 -1.9136e+00 +2.7507e-01 -2.1740e+00 -1.6322e+00 +1.8502e+00
15 +2.127342263e+03 +2.127342263e+03 +2.251172263e+03 +2.251172263e+03 -1.2430e-01 +1.3782e+00 -3.4647e-01 -2.4906e+00 +3.0275e+00
21 +4.113898431e+02 +4.113898431e+02 +5.352198431e+02 +5.352198431e+02 +1.5239e-01 -9.7835e-01 -1.1064e+00 -2.5767e-01 +1.4742e+00
47 +2.323550721e+02 +2.323550721e+02 +3.561850721e+02 +3.561850721e+02 -4.5097e-01 -1.5291e-01 -5.7936e-01 -1.1898e+00 +6.8935e-01
85 +5.416255281e+01 +5.416255281e+01 +1.779925528e+02 +1.779925528e+02 -5.0616e-01 -2.6438e-01 -9.6770e-01 -3.1424e-01 +6.9818e-02
150 +2.213527554e+01 +2.213527554e+01 +1.459652755e+02 +1.459652755e+02 +1.7995e-02 +6.8201e-02 +2.5757e-02 -4.7531e-02 -7.5086e-02
182 +9.043666502e+00 +9.043666502e+00 +1.328736665e+02 +1.328736665e+02 -9.2414e-02 +8.2238e-01 -2.8656e-01 +3.2412e-01 -1.0534e-01
197 +5.632461804e+00 +5.632461804e+00 +1.294624618e+02 +1.294624618e+02 -1.7154e-01 +6.6728e-01 -3.9214e-01 +2.5951e-01 -2.2168e-01
236 +3.053829455e+00 +3.053829455e+00 +1.268838295e+02 +1.268838295e+02 -1.6685e-01 +6.6255e-01 -2.0492e-01 +2.0645e-01 -1.9269e-01
281 +2.289173030e+00 +2.289173030e+00 +1.261191730e+02 +1.261191730e+02 -1.0689e-01 +6.2224e-01 -1.2086e-01 +2.6329e-01 -2.0770e-01
538 +1.580098389e+00 +1.580098389e+00 +1.254100984e+02 +1.254100984e+02 -7.5688e-02 +5.7622e-01 +6.6429e-02 +3.1899e-01 -2.0938e-01
636 +8.429424393e-01 +8.429424393e-01 +1.246729424e+02 +1.246729424e+02 -1.5849e-02 +2.8889e-01 +4.1705e-01 +3.6855e-01 -1.4356e-01
662 +6.160663775e-01 +6.160663775e-01 +1.244460664e+02 +1.244460664e+02 +4.2489e-02 +2.1190e-01 +4.9514e-01 +3.5275e-01 -1.0644e-01
782 +3.898503489e-01 +3.898503489e-01 +1.242198503e+02 +1.242198503e+02 +7.3910e-02 +9.2200e-02 +5.4954e-01 +2.9453e-01 -7.4240e-02
846 +2.504961952e-01 +2.504961952e-01 +1.240804962e+02 +1.240804962e+02 +1.4929e-01 -6.5239e-02 +6.3331e-01 +2.3602e-01 +4.1964e-04
876 +1.570308246e-01 +1.570308246e-01 +1.239870308e+02 +1.239870308e+02 +1.8989e-01 -1.3638e-01 +6.6011e-01 +1.9742e-01 +2.6625e-02
973 +9.815303688e-02 +9.815303688e-02 +1.239281530e+02 +1.239281530e+02 +2.3249e-01 -1.9864e-01 +6.8586e-01 +1.5145e-01 +5.3545e-02
1049 +6.107576789e-02 +6.107576789e-02 +1.238910758e+02 +1.238910758e+02 +2.8947e-01 -3.0768e-01 +7.3321e-01 +9.3058e-02 +1.0809e-01
1085 +3.646864490e-02 +3.646864490e-02 +1.238664686e+02 +1.238664686e+02 +3.3220e-01 -3.6905e-01 +7.5453e-01 +5.2141e-02 +1.4176e-01
1131 +2.218011443e-02 +2.218011443e-02 +1.238521801e+02 +1.238521801e+02 +3.5495e-01 -4.0207e-01 +7.6219e-01 +3.2652e-02 +1.5777e-01
1191 +1.233751291e-02 +1.233751291e-02 +1.238423375e+02 +1.238423375e+02 +3.7276e-01 -4.3113e-01 +7.6868e-01 +1.3488e-02 +1.7560e-01
1236 +9.055589469e-03 +9.055589469e-03 +1.238390556e+02 +1.238390556e+02 +3.8344e-01 -4.4585e-01 +7.7284e-01 +2.8491e-03 +1.8480e-01
1285 +4.975060880e-03 +4.975060880e-03 +1.238349751e+02 +1.238349751e+02 +4.1225e-01 -4.8930e-01 +7.8500e-01 -2.5438e-02 +2.1049e-01
1317 +2.771418807e-03 +2.771418807e-03 +1.238327714e+02 +1.238327714e+02 +4.2159e-01 -5.0029e-01 +7.8813e-01 -3.5728e-02 +2.1848e-01
1354 +2.288284897e-03 +2.288284897e-03 +1.238322883e+02 +1.238322883e+02 +4.4179e-01 -5.2905e-01 +7.9850e-01 -5.3520e-02 +2.3455e-01
1395 +1.564641469e-03 +1.564641469e-03 +1.238315646e+02 +1.238315646e+02 +4.3220e-01 -5.1621e-01 +7.9346e-01 -4.5754e-02 +2.2707e-01
1436 +9.192784094e-04 +9.192784094e-04 +1.238309193e+02 +1.238309193e+02 +4.4105e-01 -5.2878e-01 +7.9634e-01 -5.5261e-02 +2.3520e-01
1461 +5.644338935e-04 +5.644338935e-04 +1.238305644e+02 +1.238305644e+02 +4.5157e-01 -5.4457e-01 +8.0066e-01 -6.5433e-02 +2.4447e-01
1477 +3.787693910e-04 +3.787693910e-04 +1.238303788e+02 +1.238303788e+02 +4.5960e-01 -5.5618e-01 +8.0406e-01 -7.3221e-02 +2.5192e-01
1487 +1.470890252e-04 +1.470890252e-04 +1.238301471e+02 +1.238301471e+02 +4.6284e-01 -5.6088e-01 +8.0523e-01 -7.7143e-02 +2.5492e-01
1495 +7.440802013e-05 +7.440802013e-05 +1.238300744e+02 +1.238300744e+02 +4.6565e-01 -5.6435e-01 +8.0696e-01 -7.9614e-02 +2.5697e-01
1553 +2.829917032e-05 +2.829917032e-05 +1.238300283e+02 +1.238300283e+02 +4.6388e-01 -5.6133e-01 +8.0579e-01 -7.7906e-02 +2.5554e-01
1572 +2.264965242e-05 +2.264965242e-05 +1.238300226e+02 +1.238300226e+02 +4.6499e-01 -5.6332e-01 +8.0635e-01 -7.9082e-02 +2.5682e-01
1604 +1.288797714e-05 +1.288797714e-05 +1.238300129e+02 +1.238300129e+02 +4.6417e-01 -5.6222e-01 +8.0618e-01 -7.8109e-02 +2.5596e-01
1612 +5.609796304e-06 +5.609796304e-06 +1.238300056e+02 +1.238300056e+02 +4.6434e-01 -5.6236e-01 +8.0637e-01 -7.8338e-02 +2.5609e-01
1636 +2.052384630e-06 +2.052384630e-06 +1.238300021e+02 +1.238300021e+02 +4.6271e-01 -5.6001e-01 +8.0567e-01 -7.6659e-02 +2.5465e-01
1659 +1.184889868e-06 +1.184889868e-06 +1.238300012e+02 +1.238300012e+02 +4.6270e-01 -5.5993e-01 +8.0560e-01 -7.6662e-02 +2.5460e-01
1688 +9.680210411e-07 +9.680210411e-07 +1.238300010e+02 +1.238300010e+02 +4.6329e-01 -5.6088e-01 +8.0585e-01 -7.7289e-02 +2.5517e-01
1697 +6.187555641e-07 +6.187555641e-07 +1.238300006e+02 +1.238300006e+02 +4.6292e-01 -5.6026e-01 +8.0569e-01 -7.6890e-02 +2.5481e-01
1698 +1.539640806e-07 +1.539640806e-07 +1.238300002e+02 +1.238300002e+02 +4.6317e-01 -5.6065e-01 +8.0579e-01 -7.7165e-02 +2.5502e-01
1767 +6.844969391e-08 +6.844969391e-08 +1.238300001e+02 +1.238300001e+02 +4.6329e-01 -5.6081e-01 +8.0585e-01 -7.7272e-02 +2.5512e-01
1781 +4.890235061e-08 +4.890235061e-08 +1.238300000e+02 +1.238300000e+02 +4.6339e-01 -5.6095e-01 +8.0588e-01 -7.7380e-02 +2.5521e-01
1801 +2.545628774e-08 +2.545628774e-08 +1.238300000e+02 +1.238300000e+02 +4.6347e-01 -5.6107e-01 +8.0591e-01 -7.7463e-02 +2.5529e-01
1847 +1.562629848e-08 +1.562629848e-08 +1.238300000e+02 +1.238300000e+02 +4.6341e-01 -5.6097e-01 +8.0589e-01 -7.7388e-02 +2.5523e-01
1864 +6.287436349e-09 +6.287436349e-09 +1.238300000e+02 +1.238300000e+02 +4.6342e-01 -5.6099e-01 +8.0589e-01 -7.7411e-02 +2.5524e-01
% function evaluation | noise-free fitness - Fopt (4.751000000000e+01) | best noise-free fitness - Fopt | measured fitness | best measured fitness | x1 | x2...
1 +3.741112289e+04 +3.741112289e+04 +3.745863289e+04 +3.745863289e+04 +6.2959e-01 -1.6300e+00 +3.3528e+00 -3.1389e+00 +2.0636e+00
3 +1.891333926e+04 +1.891333926e+04 +1.896084926e+04 +1.896084926e+04 +2.2664e-01 -3.4616e+00 +9.8837e-01 -1.7957e+00 +3.4501e+00
10 +9.208033185e+03 +9.208033185e+03 +9.255543185e+03 +9.255543185e+03 -1.8038e-02 -2.4416e+00 +2.7699e+00 -1.6637e+00 -1.0767e-01
16 +2.469333406e+03 +2.469333406e+03 +2.516843406e+03 +2.516843406e+03 +4.6112e-01 -3.7940e-01 -1.3565e+00 -1.6774e+00 +4.0479e-01
33 +1.165538566e+03 +1.165538566e+03 +1.213048566e+03 +1.213048566e+03 +9.5282e-01 +3.7502e-02 +4.8573e-01 +8.4416e-01 +1.4956e+00
35 +7.564484194e+02 +7.564484194e+02 +8.039584194e+02 +8.039584194e+02 +1.2097e+00 +1.8019e+00 +5.2912e-01 +3.3539e-01 -8.9631e-01
53 +4.179012699e+02 +4.179012699e+02 +4.654112699e+02 +4.654112699e+02 -6.1882e-01 +4.9017e-01 +2.5516e-01 +1.6918e+00 -1.5100e-01
55 +2.387080488e+02 +2.387080488e+02 +2.862180488e+02 +2.862180488e+02 +1.9229e+00 +4.9821e-01 -1.5233e+00 -6.6301e-01 -1.3647e-01
72 +1.081662633e+02 +1.081662633e+02 +1.556762633e+02 +1.556762633e+02 -4.5553e-01 +8.7833e-01 -5.6608e-02 +1.9971e-01 +1.4609e-01
111 +8.681758893e+01 +8.681758893e+01 +1.343275889e+02 +1.343275889e+02 +2.0260e-01 -7.0421e-01 +1.1789e+00 +2.8440e-01 +3.4978e-01
138 +5.965251234e+01 +5.965251234e+01 +1.071625123e+02 +1.071625123e+02 -9.3528e-01 -6.6834e-01 +3.5722e-01 +1.3133e-01 +1.1813e-01
163 +1.836314113e+01 +1.836314113e+01 +6.587314113e+01 +6.587314113e+01 -3.1850e-01 -1.1772e+00 +2.4489e-01 +8.1377e-01 -4.4726e-01
173 +1.421216747e+01 +1.421216747e+01 +6.172216747e+01 +6.172216747e+01 -3.1267e-01 -2.9893e-01 +7.4409e-01 +7.5718e-01 -9.2758e-02
215 +7.047397812e+00 +7.047397812e+00 +5.455739781e+01 +5.455739781e+01 -4.4484e-01 -2.7091e-01 +6.5930e-01 +3.5055e-01 +6.2339e-02
230 +5.095938498e+00 +5.095938498e+00 +5.260593850e+01 +5.260593850e+01 -4.1584e-01 -2.6088e-01 +7.2751e-01 +3.2079e-01 -2.1128e-01
263 +3.567785316e+00 +3.567785316e+00 +5.107778532e+01 +5.107778532e+01 -4.9620e-01 -2.5136e-01 +6.4093e-01 +3.2163e-01 -7.4098e-02
393 +2.397567435e+00 +2.397567435e+00 +4.990756743e+01 +4.990756743e+01 -6.4179e-01 -5.5167e-03 +4.4402e-01 +2.6972e-01 -1.9488e-02
491 +1.440872348e+00 +1.440872348e+00 +4.895087235e+01 +4.895087235e+01 -6.4738e-01 +1.7108e-01 -1.0184e-01 +6.6659e-02 +1.6623e-01
614 +9.777711688e-01 +9.777711688e-01 +4.848777117e+01 +4.848777117e+01 -6.0596e-01 +1.6298e-01 -7.9704e-02 +3.8756e-02 +1.4609e-01
748 +5.929443303e-01 +5.929443303e-01 +4.810294433e+01 +4.810294433e+01 -4.8408e-01 +1.9928e-01 -2.7107e-01 -1.1306e-01 +1.8326e-01
805 +3.915616284e-01 +3.915616284e-01 +4.790156163e+01 +4.790156163e+01 -3.9230e-01 +2.1821e-01 -3.5844e-01 -1.6345e-01 +1.9650e-01
852 +2.489253779e-01 +2.489253779e-01 +4.775892538e+01 +4.775892538e+01 -2.3515e-01 +2.6071e-01 -4.5490e-01 -2.5086e-01 +1.9971e-01
983 +1.421860147e-01 +1.421860147e-01 +4.765218601e+01 +4.765218601e+01 -1.1678e-01 +3.0958e-01 -5.4403e-01 -3.1554e-01 +1.9929e-01
1031 +7.961438330e-02 +7.961438330e-02 +4.758961438e+01 +4.758961438e+01 +2.9120e-02 +3.4644e-01 -6.1001e-01 -3.7314e-01 +2.0041e-01
1099 +4.761988757e-02 +4.761988757e-02 +4.755761989e+01 +4.755761989e+01 +1.0739e-01 +3.7872e-01 -6.4502e-01 -3.9881e-01 +1.9724e-01
1100 +3.805122643e-02 +3.805122643e-02 +4.754805123e+01 +4.754805123e+01 +9.4873e-02 +3.7778e-01 -6.4528e-01 -3.9550e-01 +2.0022e-01
1203 +2.384861532e-02 +2.384861532e-02 +4.753384862e+01 +4.753384862e+01 +1.6443e-01 +4.0071e-01 -6.7555e-01 -4.2075e-01 +1.9807e-01
1225 +1.567207320e-02 +1.567207320e-02 +4.752567207e+01 +4.752567207e+01 +2.4396e-01 +4.3362e-01 -7.1218e-01 -4.4570e-01 +1.9610e-01
1271 +7.942699367e-03 +7.942699367e-03 +4.751794270e+01 +4.751794270e+01 +2.7386e-01 +4.4129e-01 -7.2328e-01 -4.5688e-01 +1.9728e-01
1319 +4.937596277e-03 +4.937596277e-03 +4.751493760e+01 +4.751493760e+01 +3.1204e-01 +4.5496e-01 -7.3474e-01 -4.6475e-01 +1.9319e-01
1333 +2.966400593e-03 +2.966400593e-03 +4.751296640e+01 +4.751296640e+01 +3.2473e-01 +4.6027e-01 -7.4166e-01 -4.6883e-01 +1.9428e-01
1365 +2.400268863e-03 +2.400268863e-03 +4.751240027e+01 +4.751240027e+01 +3.3958e-01 +4.6694e-01 -7.4466e-01 -4.7270e-01 +1.9380e-01
1384 +1.104363325e-03 +1.104363325e-03 +4.751110436e+01 +4.751110436e+01 +3.5478e-01 +4.7125e-01 -7.5259e-01 -4.7787e-01 +1.9335e-01
1389 +9.746114160e-04 +9.746114160e-04 +4.751097461e+01 +4.751097461e+01 +3.7046e-01 +4.7816e-01 -7.5724e-01 -4.8270e-01 +1.9285e-01
1415 +5.767292213e-04 +5.767292213e-04 +4.751057673e+01 +4.751057673e+01 +3.8156e-01 +4.8060e-01 -7.6178e-01 -4.8577e-01 +1.9281e-01
1426 +2.461504750e-04 +2.461504750e-04 +4.751024615e+01 +4.751024615e+01 +3.8412e-01 +4.8160e-01 -7.6113e-01 -4.8498e-01 +1.9211e-01
1499 +1.475519327e-04 +1.475519327e-04 +4.751014755e+01 +4.751014755e+01 +3.8055e-01 +4.8019e-01 -7.5983e-01 -4.8475e-01 +1.9221e-01
1520 +9.375829538e-05 +9.375829538e-05 +4.751009376e+01 +4.751009376e+01 +3.8540e-01 +4.8183e-01 -7.6200e-01 -4.8605e-01 +1.9222e-01
1522 +2.652510434e-05 +2.652510434e-05 +4.751002653e+01 +4.751002653e+01 +3.8651e-01 +4.8233e-01 -7.6244e-01 -4.8624e-01 +1.9193e-01
1582 +2.191598023e-05 +2.191598023e-05 +4.751002192e+01 +4.751002192e+01 +3.9500e-01 +4.8543e-01 -7.6544e-01 -4.8848e-01 +1.9162e-01
1611 +4.563850609e-06 +4.563850609e-06 +4.751000456e+01 +4.751000456e+01 +3.9261e-01 +4.8488e-01 -7.6470e-01 -4.8796e-01 +1.9165e-01
1635 +3.335006902e-06 +3.335006902e-06 +4.751000334e+01 +4.751000334e+01 +3.9157e-01 +4.8435e-01 -7.6435e-01 -4.8760e-01 +1.9171e-01
1683 +2.199641095e-06 +2.199641095e-06 +4.751000220e+01 +4.751000220e+01 +3.9165e-01 +4.8439e-01 -7.6436e-01 -4.8762e-01 +1.9173e-01
1696 +9.459336212e-07 +9.459336212e-07 +4.751000095e+01 +4.751000095e+01 +3.9195e-01 +4.8451e-01 -7.6442e-01 -4.8772e-01 +1.9170e-01
1754 +2.233696534e-07 +2.233696534e-07 +4.751000022e+01 +4.751000022e+01 +3.9252e-01 +4.8475e-01 -7.6466e-01 -4.8789e-01 +1.9168e-01
1796 +1.015353206e-07 +1.015353206e-07 +4.751000010e+01 +4.751000010e+01 +3.9322e-01 +4.8503e-01 -7.6492e-01 -4.8808e-01 +1.9165e-01
1835 +7.310117667e-08 +7.310117667e-08 +4.751000007e+01 +4.751000007e+01 +3.9295e-01 +4.8491e-01 -7.6482e-01 -4.8800e-01 +1.9166e-01
1859 +5.816207960e-08 +5.816207960e-08 +4.751000006e+01 +4.751000006e+01 +3.9316e-01 +4.8499e-01 -7.6491e-01 -4.8806e-01 +1.9166e-01
1872 +2.947685829e-08 +2.947685829e-08 +4.751000003e+01 +4.751000003e+01 +3.9321e-01 +4.8501e-01 -7.6491e-01 -4.8808e-01 +1.9165e-01
1874 +1.720081855e-08 +1.720081855e-08 +4.751000002e+01 +4.751000002e+01 +3.9309e-01 +4.8497e-01 -7.6487e-01 -4.8804e-01 +1.9166e-01
1924 +1.396534088e-08 +1.396534088e-08 +4.751000001e+01 +4.751000001e+01 +3.9329e-01 +4.8504e-01 -7.6494e-01 -4.8809e-01 +1.9165e-01
1932 +9.473026807e-09 +9.473026807e-09 +4.751000001e+01 +4.751000001e+01 +3.9341e-01 +4.8508e-01 -7.6498e-01 -4.8813e-01 +1.9164e-01
% function evaluation | noise-free fitness - Fopt (4.751000000000e+01) | best noise-free fitness - Fopt | measured fitness | best measured fitness | x1 | x2...
1 +2.227512460e+04 +2.227512460e+04 +2.232263460e+04 +2.232263460e+04 -3.4548e+00 -3.1489e+00 -2.0501e+00 -2.4321e+00 -1.2512e+00
5 +6.417102332e+02 +6.417102332e+02 +6.892202332e+02 +6.892202332e+02 -1.0064e+00 +1.2147e+00 +1.5428e-01 -4.0363e-01 -3.4269e-01
74 +6.070321951e+02 +6.070321951e+02 +6.545421951e+02 +6.545421951e+02 -5.0684e-01 +1.1564e+00 -4.6995e-01 -1.2714e-02 -4.9291e-01
83 +1.592364646e+01 +1.592364646e+01 +6.343364646e+01 +6.343364646e+01 +7.6762e-01 +5.6380e-01 -9.7713e-01 -6.0231e-01 +7.7551e-02
250 +1.234237368e+01 +1.234237368e+01 +5.985237368e+01 +5.985237368e+01 +4.9878e-01 +4.7899e-01 -6.0082e-01 -3.5398e-01 +1.1002e-01
284 +4.858925974e+00 +4.858925974e+00 +5.236892597e+01 +5.236892597e+01 +3.6159e-01 +4.2338e-01 -7.4907e-01 -4.0572e-01 +2.3235e-01
297 +2.501432427e+00 +2.501432427e+00 +5.001143243e+01 +5.001143243e+01 +3.3376e-01 +4.1312e-01 -6.3430e-01 -4.5975e-01 +1.5988e-01
319 +6.159774874e-01 +6.159774874e-01 +4.812597749e+01 +4.812597749e+01 +2.4285e-01 +4.2725e-01 -6.6272e-01 -4.3789e-01 +1.7157e-01
410 +2.018525597e-01 +2.018525597e-01 +4.771185256e+01 +4.771185256e+01 +3.4859e-01 +4.6548e-01 -7.7406e-01 -4.8028e-01 +2.0531e-01
430 +1.157320347e-01 +1.157320347e-01 +4.762573203e+01 +4.762573203e+01 +4.0218e-01 +4.8335e-01 -7.7853e-01 -4.8609e-01 +1.8482e-01
441 +5.245334550e-02 +5.245334550e-02 +4.756245335e+01 +4.756245335e+01 +3.8952e-01 +4.7246e-01 -7.6587e-01 -4.8986e-01 +1.9121e-01
475 +2.557672612e-02 +2.557672612e-02 +4.753557673e+01 +4.753557673e+01 +3.5538e-01 +4.7509e-01 -7.6140e-01 -4.8403e-01 +1.9507e-01
497 +1.323615487e-02 +1.323615487e-02 +4.752323615e+01 +4.752323615e+01 +3.2616e-01 +4.5836e-01 -7.4546e-01 -4.6861e-01 +1.9500e-01
574 +4.208546244e-03 +4.208546244e-03 +4.751420855e+01 +4.751420855e+01 +3.6309e-01 +4.7573e-01 -7.5719e-01 -4.8133e-01 +1.9517e-01
580 +1.976053355e-03 +1.976053355e-03 +4.751197605e+01 +4.751197605e+01 +3.7162e-01 +4.7798e-01 -7.5605e-01 -4.8185e-01 +1.9118e-01
595 +1.087036492e-03 +1.087036492e-03 +4.751108704e+01 +4.751108704e+01 +3.7067e-01 +4.7644e-01 -7.5678e-01 -4.8194e-01 +1.9374e-01
626 +9.859417680e-04 +9.859417680e-04 +4.751098594e+01 +4.751098594e+01 +3.8042e-01 +4.8025e-01 -7.6133e-01 -4.8456e-01 +1.9330e-01
634 +4.038207567e-04 +4.038207567e-04 +4.751040382e+01 +4.751040382e+01 +3.8522e-01 +4.8311e-01 -7.6198e-01 -4.8599e-01 +1.9215e-01
709 +3.754100370e-04 +3.754100370e-04 +4.751037541e+01 +4.751037541e+01 +3.8536e-01 +4.8270e-01 -7.6170e-01 -4.8552e-01 +1.9222e-01
711 +2.245484110e-04 +2.245484110e-04 +4.751022455e+01 +4.751022455e+01 +3.8472e-01 +4.8214e-01 -7.6229e-01 -4.8541e-01 +1.9216e-01
728 +9.051402680e-05 +9.051402680e-05 +4.751009051e+01 +4.751009051e+01 +3.8680e-01 +4.8252e-01 -7.6273e-01 -4.8603e-01 +1.9192e-01
767 +5.458777543e-05 +5.458777543e-05 +4.751005459e+01 +4.751005459e+01 +3.8544e-01 +4.8186e-01 -7.6219e-01 -4.8597e-01 +1.9209e-01
788 +2.308714635e-05 +2.308714635e-05 +4.751002309e+01 +4.751002309e+01 +3.8655e-01 +4.8249e-01 -7.6264e-01 -4.8625e-01 +1.9196e-01
820 +1.409394778e-05 +1.409394778e-05 +4.751001409e+01 +4.751001409e+01 +3.8786e-01 +4.8291e-01 -7.6296e-01 -4.8662e-01 +1.9189e-01
906 +6.222499707e-06 +6.222499707e-06 +4.751000622e+01 +4.751000622e+01 +3.8924e-01 +4.8355e-01 -7.6353e-01 -4.8700e-01 +1.9183e-01
1023 +3.917303687e-06 +3.917303687e-06 +4.751000392e+01 +4.751000392e+01 +3.8994e-01 +4.8378e-01 -7.6373e-01 -4.8718e-01 +1.9180e-01
1038 +2.437621028e-06 +2.437621028e-06 +4.751000244e+01 +4.751000244e+01 +3.9088e-01 +4.8416e-01 -7.6412e-01 -4.8746e-01 +1.9176e-01
1060 +1.004061126e-06 +1.004061126e-06 +4.751000100e+01 +4.751000100e+01 +3.9166e-01 +4.8445e-01 -7.6436e-01 -4.8767e-01 +1.9172e-01
1104 +8.168813608e-07 +8.168813608e-07 +4.751000082e+01 +4.751000082e+01 +3.9277e-01 +4.8483e-01 -7.6476e-01 -4.8795e-01 +1.9164e-01
1115 +2.350742179e-07 +2.350742179e-07 +4.751000024e+01 +4.751000024e+01 +3.9255e-01 +4.8476e-01 -7.6467e-01 -4.8791e-01 +1.9168e-01
1142 +1.415706237e-07 +1.415706237e-07 +4.751000014e+01 +4.751000014e+01 +3.9314e-01 +4.8498e-01 -7.6486e-01 -4.8805e-01 +1.9164e-01
1172 +8.677987751e-08 +8.677987751e-08 +4.751000009e+01 +4.751000009e+01 +3.9347e-01 +4.8510e-01 -7.6501e-01 -4.8814e-01 +1.9164e-01
1173 +5.533741643e-08 +5.533741643e-08 +4.751000006e+01 +4.751000006e+01 +3.9322e-01 +4.8502e-01 -7.6491e-01 -4.8807e-01 +1.9166e-01
1193 +2.865537141e-08 +2.865537141e-08 +4.751000003e+01 +4.751000003e+01 +3.9346e-01 +4.8511e-01 -7.6499e-01 -4.8814e-01 +1.9164e-01
1204 +2.470808624e-08 +2.470808624e-08 +4.751000002e+01 +4.751000002e+01 +3.9332e-01 +4.8505e-01 -7.6494e-01 -4.8810e-01 +1.9165e-01
1222 +8.690911102e-09 +8.690911102e-09 +4.751000001e+01 +4.751000001e+01 +3.9325e-01 +4.8503e-01 -7.6493e-01 -4.8809e-01 +1.9165e-01
% function evaluation | noise-free fitness - Fopt (4.751000000000e+01) | best noise-free fitness - Fopt | measured fitness | best measured fitness | x1 | x2...
1 +2.571659748e+04 +2.571659748e+04 +2.576410748e+04 +2.576410748e+04 -1.0808e+00 -3.2104e+00 -1.2965e+00 -1.3042e+00 -3.9136e+00
7 +7.510025365e+03 +7.510025365e+03 +7.557535365e+03 +7.557535365e+03 +1.9015e+00 -1.6619e+00 -2.6279e-01 +8.6807e-01 -3.4270e+00
13 +4.187860530e+03 +4.187860530e+03 +4.235370530e+03 +4.235370530e+03 -1.6115e+00 -3.2837e+00 +9.2951e-01 +5.2694e-01 -1.9165e+00
27 +2.346850479e+03 +2.346850479e+03 +2.394360479e+03 +2.394360479e+03 -2.3570e+00 -3.5029e+00 +2.3122e-02 -1.4914e-01 -7.4909e-01
29 +1.394308321e+03 +1.394308321e+03 +1.441818321e+03 +1.441818321e+03 -9.7917e-01 -2.5944e+00 +1.5217e+00 +1.1039e-01 -7.1248e-01
58 +9.262427923e+02 +9.262427923e+02 +9.737527923e+02 +9.737527923e+02 -2.0869e+00 -1.2340e+00 +8.6509e-01 -9.9634e-01 +6.0818e-01
104 +6.262721370e+02 +6.262721370e+02 +6.737821370e+02 +6.737821370e+02 -1.4982e+00 -2.4805e+00 +5.5821e-01 +5.5388e-01 +1.1805e-01
106 +7.898978978e+01 +7.898978978e+01 +1.264997898e+02 +1.264997898e+02 +2.1572e-01 -7.0620e-01 +4.8927e-01 +1.4959e+00 -3.9755e-01
165 +6.092622038e+01 +6.092622038e+01 +1.084362204e+02 +1.084362204e+02 -6.2123e-01 -9.6919e-01 +5.7378e-01 +1.0496e-01 -1.9008e-02
177 +2.756223076e+01 +2.756223076e+01 +7.507223076e+01 +7.507223076e+01 -2.1657e-01 -5.2597e-01 +3.5251e-01 +2.4557e-01 -3.8189e-01
182 +1.535959620e+01 +1.535959620e+01 +6.286959620e+01 +6.286959620e+01 -4.3345e-01 -3.7353e-01 +1.0460e+00 +4.5729e-01 -1.4196e-01
241 +9.745937547e+00 +9.745937547e+00 +5.725593755e+01 +5.725593755e+01 -7.2799e-01 -1.6260e-01 +6.5642e-01 +3.7631e-01 +6.1262e-02
276 +5.911260211e+00 +5.911260211e+00 +5.342126021e+01 +5.342126021e+01 -5.3649e-01 -1.1538e-01 +4.7320e-01 +1.3398e-01 -3.7063e-02
299 +3.087353937e+00 +3.087353937e+00 +5.059735394e+01 +5.059735394e+01 -5.5948e-01 -3.3450e-02 +5.2491e-01 +2.7232e-01 -9.1069e-02
485 +2.428482978e+00 +2.428482978e+00 +4.993848298e+01 +4.993848298e+01 -5.9449e-01 -4.6042e-03 +4.3655e-01 +2.6172e-01 -1.1288e-02
628 +1.549221572e+00 +1.549221572e+00 +4.905922157e+01 +4.905922157e+01 -6.5614e-01 +1.0559e-01 +1.4908e-01 +1.6563e-01 +7.6547e-02
704 +9.808757308e-01 +9.808757308e-01 +4.849087573e+01 +4.849087573e+01 -6.1350e-01 +1.5422e-01 -9.4934e-02 +2.2324e-02 +1.5581e-01
798 +6.171835499e-01 +6.171835499e-01 +4.812718355e+01 +4.812718355e+01 -5.0532e-01 +1.8564e-01 -2.5121e-01 -8.1702e-02 +1.8620e-01
956 +3.316555182e-01 +3.316555182e-01 +4.784165552e+01 +4.784165552e+01 -3.3970e-01 +2.3694e-01 -4.2035e-01 -2.0771e-01 +2.0137e-01
1019 +2.406487374e-01 +2.406487374e-01 +4.775064874e+01 +4.775064874e+01 -1.9666e-01 +2.8686e-01 -5.1377e-01 -2.8229e-01 +1.9940e-01
1074 +1.448695135e-01 +1.448695135e-01 +4.765486951e+01 +4.765486951e+01 -1.2276e-01 +2.9872e-01 -5.4333e-01 -3.1451e-01 +2.0142e-01
1138 +9.551967402e-02 +9.551967402e-02 +4.760551967e+01 +4.760551967e+01 -3.9468e-03 +3.3843e-01 -6.0091e-01 -3.5389e-01 +2.0502e-01
1179 +6.174505914e-02 +6.174505914e-02 +4.757174506e+01 +4.757174506e+01 +1.2343e-01 +3.8450e-01 -6.5257e-01 -3.9758e-01 +1.9698e-01
1237 +2.758448383e-02 +2.758448383e-02 +4.753758448e+01 +4.753758448e+01 +2.2714e-01 +4.1915e-01 -6.9839e-01 -4.4314e-01 +1.9831e-01
1253 +2.358083699e-02 +2.358083699e-02 +4.753358084e+01 +4.753358084e+01 +2.5246e-01 +4.3399e-01 -7.1811e-01 -4.4558e-01 +1.9871e-01
1357 +1.323011772e-02 +1.323011772e-02 +4.752323012e+01 +4.752323012e+01 +2.3751e-01 +4.2629e-01 -7.0894e-01 -4.4274e-01 +1.9830e-01
1398 +9.253299423e-03 +9.253299423e-03 +4.751925330e+01 +4.751925330e+01 +2.7742e-01 +4.4314e-01 -7.2603e-01 -4.5692e-01 +1.9871e-01
1438 +5.619524055e-03 +5.619524055e-03 +4.751561952e+01 +4.751561952e+01 +2.8007e-01 +4.4377e-01 -7.2269e-01 -4.5664e-01 +1.9752e-01
1454 +3.930395233e-03 +3.930395233e-03 +4.751393040e+01 +4.751393040e+01 +2.9446e-01 +4.4765e-01 -7.2790e-01 -4.6033e-01 +1.9619e-01
1473 +1.986234568e-03 +1.986234568e-03 +4.751198623e+01 +4.751198623e+01 +3.3856e-01 +4.6367e-01 -7.4518e-01 -4.7289e-01 +1.9482e-01
1494 +1.283721440e-03 +1.283721440e-03 +4.751128372e+01 +4.751128372e+01 +3.6456e-01 +4.7347e-01 -7.5440e-01 -4.8125e-01 +1.9336e-01
1548 +9.836755703e-04 +9.836755703e-04 +4.751098368e+01 +4.751098368e+01 +3.9556e-01 +4.8447e-01 -7.6535e-01 -4.8881e-01 +1.9218e-01
1562 +4.235126483e-04 +4.235126483e-04 +4.751042351e+01 +4.751042351e+01 +3.6905e-01 +4.7616e-01 -7.5526e-01 -4.8143e-01 +1.9263e-01
1565 +1.397803237e-04 +1.397803237e-04 +4.751013978e+01 +4.751013978e+01 +3.9718e-01 +4.8642e-01 -7.6599e-01 -4.8934e-01 +1.9172e-01
1622 +6.377245175e-05 +6.377245175e-05 +4.751006377e+01 +4.751006377e+01 +3.9659e-01 +4.8670e-01 -7.6636e-01 -4.8913e-01 +1.9165e-01
1653 +2.596829537e-05 +2.596829537e-05 +4.751002597e+01 +4.751002597e+01 +3.9105e-01 +4.8451e-01 -7.6425e-01 -4.8757e-01 +1.9178e-01
1678 +9.647409335e-06 +9.647409335e-06 +4.751000965e+01 +4.751000965e+01 +3.9542e-01 +4.8584e-01 -7.6589e-01 -4.8876e-01 +1.9160e-01
1730 +3.458904416e-06 +3.458904416e-06 +4.751000346e+01 +4.751000346e+01 +3.9499e-01 +4.8568e-01 -7.6557e-01 -4.8856e-01 +1.9163e-01
1749 +2.496199812e-06 +2.496199812e-06 +4.751000250e+01 +4.751000250e+01 +3.9357e-01 +4.8510e-01 -7.6496e-01 -4.8818e-01 +1.9165e-01
1751 +1.113049350e-06 +1.113049350e-06 +4.751000111e+01 +4.751000111e+01 +3.9200e-01 +4.8460e-01 -7.6449e-01 -4.8774e-01 +1.9171e-01
1767 +6.292078467e-07 +6.292078467e-07 +4.751000063e+01 +4.751000063e+01 +3.9319e-01 +4.8501e-01 -7.6486e-01 -4.8807e-01 +1.9164e-01
1785 +2.202227378e-07 +2.202227378e-07 +4.751000022e+01 +4.751000022e+01 +3.9326e-01 +4.8503e-01 -7.6492e-01 -4.8809e-01 +1.9167e-01
1862 +1.334035886e-07 +1.334035886e-07 +4.751000013e+01 +4.751000013e+01 +3.9320e-01 +4.8499e-01 -7.6488e-01 -4.8806e-01 +1.9165e-01
1890 +5.023208161e-08 +5.023208161e-08 +4.751000005e+01 +4.751000005e+01 +3.9351e-01 +4.8513e-01 -7.6501e-01 -4.8816e-01 +1.9164e-01
1897 +2.377466046e-08 +2.377466046e-08 +4.751000002e+01 +4.751000002e+01 +3.9323e-01 +4.8502e-01 -7.6492e-01 -4.8808e-01 +1.9165e-01
1898 +1.481629397e-08 +1.481629397e-08 +4.751000001e+01 +4.751000001e+01 +3.9334e-01 +4.8506e-01 -7.6496e-01 -4.8812e-01 +1.9165e-01
1914 +9.883578400e-09 +9.883578400e-09 +4.751000001e+01 +4.751000001e+01 +3.9328e-01 +4.8504e-01 -7.6494e-01 -4.8810e-01 +1.9165e-01
1918 +4.319112179e-09 +4.319112179e-09 +4.751000000e+01 +4.751000000e+01 +3.9326e-01 +4.8503e-01 -7.6492e-01 -4.8809e-01 +1.9165e-01
1922 +1.627967094e-09 +1.627967094e-09 +4.751000000e+01 +4.751000000e+01 +3.9326e-01 +4.8503e-01 -7.6493e-01 -4.8809e-01 +1.9165e-01
% function evaluation | noise-free fitness - Fopt (5.534000000000e+01) | best noise-free fitness - Fopt | measured fitness | best measured fitness | x1 | x2...
1 +5.623578848e+03 +5.623578848e+03 +5.678918848e+03 +5.678918848e+03 -8.9806e-02 -3.1090e+00 -2.2796e-01 -3.5925e+00 +1.7408e+00
2 +2.983690839e+03 +2.983690839e+03 +3.039030839e+03 +3.039030839e+03 +9.7337e-01 +2.7884e-01 +1.8009e+00 -6.8338e-01 +3.0786e+00
9 +1.147193313e+03 +1.147193313e+03 +1.202533313e+03 +1.202533313e+03 +4.9966e-01 -1.5568e+00 +1.2511e+00 -2.9886e+00 +1.3852e+00
12 +8.983369135e+02 +8.983369135e+02 +9.536769135e+02 +9.536769135e+02 +8.5407e-02 -3.9681e-01 +4.7157e-01 +2.1433e+00 -1.6186e-01
25 +5.793230088e+02 +5.793230088e+02 +6.346630088e+02 +6.346630088e+02 +1.8360e+00 -4.4531e-01 +6.9999e-01 -5.2674e-01 +2.7783e-01
55 +3.729068391e+02 +3.729068391e+02 +4.282468391e+02 +4.282468391e+02 +8.6886e-01 -1.7994e-01 +5.6457e-01 -1.8448e+00 +1.5430e+00
62 +2.267283482e+02 +2.267283482e+02 +2.820683482e+02 +2.820683482e+02 +4.2717e-01 +1.3204e-01 +4.1164e-01 -1.1066e+00 +4.8511e-01
88 +8.377052475e+01 +8.377052475e+01 +1.391105247e+02 +1.391105247e+02 +8.4878e-02 -4.4836e-01 +8.9274e-01 -5.7528e-01 +4.2359e-01
94 +4.901309626e+01 +4.901309626e+01 +1.043530963e+02 +1.043530963e+02 -2.1194e-01 -4.8866e-01 +5.6207e-01 -2.0800e-01 +1.4816e-01
144 +2.192187070e+01 +2.192187070e+01 +7.726187070e+01 +7.726187070e+01 -6.4271e-01 -5.3702e-01 +4.3967e-01 +7.7588e-01 +9.7996e-01
166 +7.518022096e+00 +7.518022096e+00 +6.285802210e+01 +6.285802210e+01 -7.3341e-01 -3.8237e-01 +2.6934e-01 +7.1881e-01 +9.6601e-01
250 +5.777418398e+00 +5.777418398e+00 +6.111741840e+01 +6.111741840e+01 -6.1661e-01 -5.5181e-01 +6.6183e-01 +6.6271e-01 +6.0783e-01
936 +3.980794757e+00 +3.980794757e+00 +5.932079476e+01 +5.932079476e+01 -8.1452e-01 -2.3477e-01 +1.5281e-01 +6.9296e-01 +1.0244e+00
3566 +2.242924356e+00 +2.242924356e+00 +5.758292436e+01 +5.758292436e+01 +1.6018e-01 -4.2700e-02 +6.5145e-01 +1.0142e-01 -3.8823e-01
3733 +1.450676658e+00 +1.450676658e+00 +5.679067666e+01 +5.679067666e+01 +3.3782e-02 +2.7158e-01 +4.8470e-01 +1.2698e-01 -3.9442e-01
3896 +8.557529282e-01 +8.557529282e-01 +5.619575293e+01 +5.619575293e+01 +1.8034e-02 +4.0206e-01 +3.5147e-01 +9.0818e-02 -3.5507e-01
4110 +5.728817666e-01 +5.728817666e-01 +5.591288177e+01 +5.591288177e+01 -3.2161e-03 +5.4584e-01 +5.3675e-02 +1.8379e-02 -2.4807e-01
4158 +3.058992599e-01 +3.058992599e-01 +5.564589926e+01 +5.564589926e+01 -2.2742e-02 +6.3035e-01 -1.2047e-01 -9.1368e-03 -2.0710e-01
4284 +2.207393577e-01 +2.207393577e-01 +5.556073936e+01 +5.556073936e+01 -7.5281e-03 +6.3946e-01 -1.1351e-01 -8.6358e-03 -2.0839e-01
4363 +1.399957181e-01 +1.399957181e-01 +5.547999572e+01 +5.547999572e+01 +1.1460e-02 +6.7758e-01 -3.1219e-01 -7.4180e-02 -1.2428e-01
4457 +9.308838803e-02 +9.308838803e-02 +5.543308839e+01 +5.543308839e+01 +1.5000e-02 +6.9451e-01 -3.3075e-01 -7.6098e-02 -1.1447e-01
4529 +5.449578568e-02 +5.449578568e-02 +5.539449579e+01 +5.539449579e+01 +2.7117e-02 +7.2357e-01 -4.3260e-01 -1.1508e-01 -5.9548e-02
4608 +3.895525348e-02 +3.895525348e-02 +5.537895525e+01 +5.537895525e+01 +6.6123e-02 +7.4631e-01 -5.8430e-01 -1.8420e-01 +2.1662e-02
4628 +2.294818329e-02 +2.294818329e-02 +5.536294818e+01 +5.536294818e+01 +6.4411e-02 +7.5306e-01 -6.3583e-01 -1.9938e-01 +4.8811e-02
4676 +1.541987785e-02 +1.541987785e-02 +5.535541988e+01 +5.535541988e+01 +7.6882e-02 +7.6707e-01 -6.7356e-01 -2.1464e-01 +6.6809e-02
4681 +9.749581770e-03 +9.749581770e-03 +5.534974958e+01 +5.534974958e+01 +7.4500e-02 +7.5751e-01 -6.4951e-01 -2.0967e-01 +5.9850e-02
4766 +4.350126082e-03 +4.350126082e-03 +5.534435013e+01 +5.534435013e+01 +7.7072e-02 +7.6211e-01 -6.7158e-01 -2.1723e-01 +7.0980e-02
4775 +3.447837100e-03 +3.447837100e-03 +5.534344784e+01 +5.534344784e+01 +7.5206e-02 +7.6576e-01 -6.6779e-01 -2.1563e-01 +6.7215e-02
4886 +1.583086639e-03 +1.583086639e-03 +5.534158309e+01 +5.534158309e+01 +8.3127e-02 +7.7095e-01 -6.9744e-01 -2.2953e-01 +8.4913e-02
4957 +2.958519335e-04 +2.958519335e-04 +5.534029585e+01 +5.534029585e+01 +8.8868e-02 +7.7401e-01 -7.2354e-01 -2.4115e-01 +1.0039e-01
5058 +1.686720173e-04 +1.686720173e-04 +5.534016867e+01 +5.534016867e+01 +9.3109e-02 +7.7658e-01 -7.3954e-01 -2.4836e-01 +1.0940e-01
5067 +1.364940935e-04 +1.364940935e-04 +5.534013649e+01 +5.534013649e+01 +9.4313e-02 +7.7704e-01 -7.4743e-01 -2.5213e-01 +1.1471e-01
5081 +9.848784570e-05 +9.848784570e-05 +5.534009849e+01 +5.534009849e+01 +9.4180e-02 +7.7708e-01 -7.4631e-01 -2.5170e-01 +1.1397e-01
5089 +3.890731475e-05 +3.890731475e-05 +5.534003891e+01 +5.534003891e+01 +9.4845e-02 +7.7752e-01 -7.4942e-01 -2.5277e-01 +1.1531e-01
5105 +1.478432952e-05 +1.478432952e-05 +5.534001478e+01 +5.534001478e+01 +9.5958e-02 +7.7821e-01 -7.5319e-01 -2.5451e-01 +1.1773e-01
5136 +2.911694551e-06 +2.911694551e-06 +5.534000291e+01 +5.534000291e+01 +9.4952e-02 +7.7770e-01 -7.4899e-01 -2.5267e-01 +1.1518e-01
5262 +1.856322598e-06 +1.856322598e-06 +5.534000186e+01 +5.534000186e+01 +9.4504e-02 +7.7738e-01 -7.4704e-01 -2.5177e-01 +1.1409e-01
5292 +4.515028635e-07 +4.515028635e-07 +5.534000045e+01 +5.534000045e+01 +9.4669e-02 +7.7745e-01 -7.4786e-01 -2.5209e-01 +1.1456e-01
5388 +3.291914439e-07 +3.291914439e-07 +5.534000033e+01 +5.534000033e+01 +9.4645e-02 +7.7744e-01 -7.4769e-01 -2.5205e-01 +1.1447e-01
5412 +1.667227068e-07 +1.667227068e-07 +5.534000017e+01 +5.534000017e+01 +9.4633e-02 +7.7746e-01 -7.4773e-01 -2.5205e-01 +1.1448e-01
5426 +1.234651847e-07 +1.234651847e-07 +5.534000012e+01 +5.534000012e+01 +9.4734e-02 +7.7751e-01 -7.4813e-01 -2.5224e-01 +1.1471e-01
5434 +8.248814254e-08 +8.248814254e-08 +5.534000008e+01 +5.534000008e+01 +9.4735e-02 +7.7749e-01 -7.4810e-01 -2.5222e-01 +1.1471e-01
5439 +5.333124875e-08 +5.333124875e-08 +5.534000005e+01 +5.534000005e+01 +9.4784e-02 +7.7753e-01 -7.4834e-01 -2.5234e-01 +1.1485e-01
5501 +3.146554661e-08 +3.146554661e-08 +5.534000003e+01 +5.534000003e+01 +9.4740e-02 +7.7751e-01 -7.4817e-01 -2.5226e-01 +1.1476e-01
5506 +2.257264242e-08 +2.257264242e-08 +5.534000002e+01 +5.534000002e+01 +9.4746e-02 +7.7751e-01 -7.4818e-01 -2.5226e-01 +1.1476e-01
5553 +8.752564895e-09 +8.752564895e-09 +5.534000001e+01 +5.534000001e+01 +9.4705e-02 +7.7749e-01 -7.4802e-01 -2.5219e-01 +1.1467e-01
5564 +1.371191161e-09 +1.371191161e-09 +5.534000000e+01 +5.534000000e+01 +9.4734e-02 +7.7751e-01 -7.4814e-01 -2.5224e-01 +1.1473e-01
% function evaluation | noise-free fitness - Fopt (5.534000000000e+01) | best noise-free fitness - Fopt | measured fitness | best measured fitness | x1 | x2...
1 +5.458271610e+03 +5.458271610e+03 +5.513611610e+03 +5.513611610e+03 -3.3818e+00 +1.4019e+00 +2.4454e+00 +2.2713e+00 -3.4951e+00
2 +3.678049043e+03 +3.678049043e+03 +3.733389043e+03 +3.733389043e+03 -3.3800e+00 -1.2381e-01 +3.1587e+00 +3.4678e+00 -3.0845e+00
7 +1.109308429e+03 +1.109308429e+03 +1.164648429e+03 +1.164648429e+03 -1.4214e+00 -1.5615e-01 +1.3793e+00 +2.4649e+00 -1.2097e+00
67 +3.326494136e+02 +3.326494136e+02 +3.879894136e+02 +3.879894136e+02 +1.7520e+00 -6.9496e-01 -5.0645e-01 -9.8699e-03 +5.7139e-01
104 +1.315467367e+02 +1.315467367e+02 +1.868867367e+02 +1.868867367e+02 +3.8053e-01 +3.0478e-01 +1.2649e+00 -6.0907e-01 -9.8996e-02
108 +4.323513721e+01 +4.323513721e+01 +9.857513721e+01 +9.857513721e+01 +6.4190e-01 -9.3670e-02 +7.4189e-01 +2.0777e-01 -4.9833e-01
114 +3.938317724e+01 +3.938317724e+01 +9.472317724e+01 +9.472317724e+01 -7.9217e-01 -2.1088e-01 -2.1681e-01 +6.8792e-01 +8.5563e-01
180 +1.949522152e+01 +1.949522152e+01 +7.483522152e+01 +7.483522152e+01 -1.3494e-01 -2.9321e-01 +3.7311e-01 +2.2242e-01 -4.4846e-02
183 +1.158927796e+01 +1.158927796e+01 +6.692927796e+01 +6.692927796e+01 -6.3601e-02 -4.6011e-01 +5.3603e-01 +1.8947e-01 -4.6194e-01
195 +6.927787344e+00 +6.927787344e+00 +6.226778734e+01 +6.226778734e+01 +3.6072e-02 -3.1709e-01 +7.4145e-01 +5.3945e-02 -4.2470e-01
238 +6.283458040e+00 +6.283458040e+00 +6.162345804e+01 +6.162345804e+01 -1.1039e-01 -6.2464e-01 +5.9847e-01 +1.6512e-01 -1.3764e-01
297 +3.173439810e+00 +3.173439810e+00 +5.851343981e+01 +5.851343981e+01 +5.1901e-02 -7.9294e-02 +5.9098e-01 +1.7146e-01 -3.7248e-01
519 +2.450953919e+00 +2.450953919e+00 +5.779095392e+01 +5.779095392e+01 +1.1215e-01 -1.9486e-01 +6.6447e-01 +1.4652e-01 -3.7529e-01
667 +1.568788447e+00 +1.568788447e+00 +5.690878845e+01 +5.690878845e+01 +1.0560e-01 +1.7388e-01 +5.6003e-01 +9.4778e-02 -3.8854e-01
858 +9.790773582e-01 +9.790773582e-01 +5.631907736e+01 +5.631907736e+01 +1.7802e-02 +4.2320e-01 +3.6310e-01 +7.8058e-02 -3.5917e-01
1033 +6.163844167e-01 +6.163844167e-01 +5.595638442e+01 +5.595638442e+01 -2.9561e-04 +5.1939e-01 +1.9467e-01 +5.5328e-02 -3.1347e-01
1073 +3.864768772e-01 +3.864768772e-01 +5.572647688e+01 +5.572647688e+01 -5.1924e-03 +5.6762e-01 +2.3024e-02 +1.6580e-02 -2.5567e-01
1132 +2.438366858e-01 +2.438366858e-01 +5.558383669e+01 +5.558383669e+01 +6.8762e-03 +6.2723e-01 -1.3280e-01 -1.5735e-02 -2.0064e-01
1247 +1.553211866e-01 +1.553211866e-01 +5.549532119e+01 +5.549532119e+01 +3.8101e-03 +6.6021e-01 -2.1123e-01 -3.5995e-02 -1.6967e-01
1336 +9.715773109e-02 +9.715773109e-02 +5.543715773e+01 +5.543715773e+01 +1.3442e-02 +6.9783e-01 -3.2142e-01 -7.3719e-02 -1.1923e-01
1361 +6.128829116e-02 +6.128829116e-02 +5.540128829e+01 +5.540128829e+01 +3.0104e-02 +7.1173e-01 -4.1895e-01 -1.1077e-01 -6.9595e-02
1382 +3.842867292e-02 +3.842867292e-02 +5.537842867e+01 +5.537842867e+01 +4.6913e-02 +7.4020e-01 -5.2686e-01 -1.5035e-01 -1.3967e-02
1396 +2.474527592e-02 +2.474527592e-02 +5.536474528e+01 +5.536474528e+01 +5.7525e-02 +7.4878e-01 -5.7059e-01 -1.7410e-01 +9.2556e-03
1456 +9.807918756e-03 +9.807918756e-03 +5.534980792e+01 +5.534980792e+01 +9.4920e-02 +7.7350e-01 -7.4363e-01 -2.5054e-01 +1.0888e-01
1491 +6.199454800e-03 +6.199454800e-03 +5.534619945e+01 +5.534619945e+01 +7.3821e-02 +7.6563e-01 -6.7056e-01 -2.1585e-01 +6.8245e-02
1502 +3.900273848e-03 +3.900273848e-03 +5.534390027e+01 +5.534390027e+01 +8.2383e-02 +7.6567e-01 -6.9015e-01 -2.2717e-01 +8.2612e-02
1556 +1.949942186e-03 +1.949942186e-03 +5.534194994e+01 +5.534194994e+01 +8.6673e-02 +7.7035e-01 -7.1100e-01 -2.3623e-01 +9.2556e-02
1560 +1.320001312e-03 +1.320001312e-03 +5.534132000e+01 +5.534132000e+01 +8.4261e-02 +7.7090e-01 -7.0420e-01 -2.3161e-01 +8.8043e-02
1610 +6.884711307e-04 +6.884711307e-04 +5.534068847e+01 +5.534068847e+01 +8.8323e-02 +7.7396e-01 -7.2033e-01 -2.3944e-01 +9.7620e-02
1635 +3.020587742e-04 +3.020587742e-04 +5.534030206e+01 +5.534030206e+01 +8.9200e-02 +7.7455e-01 -7.2659e-01 -2.4236e-01 +1.0188e-01
1647 +2.417264586e-04 +2.417264586e-04 +5.534024173e+01 +5.534024173e+01 +9.2269e-02 +7.7596e-01 -7.3617e-01 -2.4693e-01 +1.0819e-01
1698 +1.470495512e-04 +1.470495512e-04 +5.534014705e+01 +5.534014705e+01 +9.3348e-02 +7.7710e-01 -7.4168e-01 -2.4904e-01 +1.1088e-01
1712 +9.837907397e-05 +9.837907397e-05 +5.534009838e+01 +5.534009838e+01 +9.4556e-02 +7.7790e-01 -7.4744e-01 -2.5183e-01 +1.1388e-01
1731 +4.842277907e-05 +4.842277907e-05 +5.534004842e+01 +5.534004842e+01 +9.4847e-02 +7.7765e-01 -7.4827e-01 -2.5214e-01 +1.1453e-01
1762 +3.154076258e-05 +3.154076258e-05 +5.534003154e+01 +5.534003154e+01 +9.4380e-02 +7.7722e-01 -7.4623e-01 -2.5139e-01 +1.1339e-01
1766 +1.697652365e-05 +1.697652365e-05 +5.534001698e+01 +5.534001698e+01 +9.4207e-02 +7.7738e-01 -7.4606e-01 -2.5137e-01 +1.1344e-01
1771 +1.257164961e-05 +1.257164961e-05 +5.534001257e+01 +5.534001257e+01 +9.3934e-02 +7.7703e-01 -7.4443e-01 -2.5050e-01 +1.1255e-01
1806 +9.458917773e-06 +9.458917773e-06 +5.534000946e+01 +5.534000946e+01 +9.5020e-02 +7.7751e-01 -7.4900e-01 -2.5259e-01 +1.1524e-01
1819 +2.806088332e-06 +2.806088332e-06 +5.534000281e+01 +5.534000281e+01 +9.4664e-02 +7.7753e-01 -7.4808e-01 -2.5221e-01 +1.1464e-01
1889 +1.326160856e-06 +1.326160856e-06 +5.534000133e+01 +5.534000133e+01 +9.4654e-02 +7.7752e-01 -7.4776e-01 -2.5206e-01 +1.1451e-01
1909 +7.747911255e-07 +7.747911255e-07 +5.534000077e+01 +5.534000077e+01 +9.4600e-02 +7.7748e-01 -7.4769e-01 -2.5201e-01 +1.1445e-01
1928 +4.567407501e-07 +4.567407501e-07 +5.534000046e+01 +5.534000046e+01 +9.4837e-02 +7.7754e-01 -7.4853e-01 -2.5244e-01 +1.1496e-01
1956 +3.032399434e-07 +3.032399434e-07 +5.534000030e+01 +5.534000030e+01 +9.4578e-02 +7.7740e-01 -7.4754e-01 -2.5197e-01 +1.1439e-01
1966 +1.344848428e-07 +1.344848428e-07 +5.534000013e+01 +5.534000013e+01 +9.4609e-02 +7.7743e-01 -7.4765e-01 -2.5202e-01 +1.1445e-01
2000 +7.418631043e-08 +7.418631043e-08 +5.534000007e+01 +5.534000007e+01 +9.4759e-02 +7.7752e-01 -7.4826e-01 -2.5230e-01 +1.1480e-01
2027 +6.246282425e-08 +6.246282425e-08 +5.534000006e+01 +5.534000006e+01 +9.4725e-02 +7.7749e-01 -7.4809e-01 -2.5222e-01 +1.1470e-01
2047 +2.959461654e-08 +2.959461654e-08 +5.534000003e+01 +5.534000003e+01 +9.4734e-02 +7.7752e-01 -7.4814e-01 -2.5225e-01 +1.1473e-01
2053 +2.249012709e-08 +2.249012709e-08 +5.534000002e+01 +5.534000002e+01 +9.4785e-02 +7.7754e-01 -7.4835e-01 -2.5234e-01 +1.1485e-01
2061 +4.914745944e-09 +4.914745944e-09 +5.534000000e+01 +5.534000000e+01 +9.4727e-02 +7.7750e-01 -7.4811e-01 -2.5223e-01 +1.1472e-01
2066 +3.290097084e-10 +3.290097084e-10 +5.534000000e+01 +5.534000000e+01 +9.4729e-02 +7.7751e-01 -7.4812e-01 -2.5223e-01 +1.1472e-01
% function evaluation | noise-free fitness - Fopt (5.534000000000e+01) | best noise-free fitness - Fopt | measured fitness | best measured fitness | x1 | x2...
1 +4.946340055e+03 +4.946340055e+03 +5.001680055e+03 +5.001680055e+03 +7.9583e-01 +2.5012e+00 -1.2114e+00 -1.6027e+00 -1.7425e-01
11 +2.609314082e+03 +2.609314082e+03 +2.664654082e+03 +2.664654082e+03 -9.3962e-01 +2.8669e-01 +2.8843e-01 -1.5679e+00 +1.1374e+00
13 +2.241094181e+02 +2.241094181e+02 +2.794494181e+02 +2.794494181e+02 +1.0571e+00 +2.7496e-01 +5.7140e-01 -2.9279e-01 +2.3526e-01
18 +9.965951345e+01 +9.965951345e+01 +1.549995134e+02 +1.549995134e+02 -6.9147e-02 -1.2777e+00 +1.1793e+00 +2.5935e-01 -4.6686e-01
38 +1.962561199e+01 +1.962561199e+01 +7.496561199e+01 +7.496561199e+01 +1.3085e-02 -9.0648e-01 +3.4958e-01 +3.4978e-01 +1.0066e-01
94 +1.427614693e+01 +1.427614693e+01 +6.961614693e+01 +6.961614693e+01 -1.0380e-01 -1.0819e+00 +8.0999e-01 +3.5904e-01 -4.9956e-02
156 +7.208820435e+00 +7.208820435e+00 +6.254882044e+01 +6.254882044e+01 -2.1245e-01 -7.5309e-01 +7.4410e-01 +5.3141e-01 +3.8528e-01
204 +6.205923321e+00 +6.205923321e+00 +6.154592332e+01 +6.154592332e+01 -3.1595e-01 -8.2446e-01 +6.8816e-01 +4.9770e-01 +2.6757e-01
695 +3.942643806e+00 +3.942643806e+00 +5.928264381e+01 +5.928264381e+01 -9.3274e-02 -7.5423e-01 +7.2558e-01 +2.2251e-01 -1.4929e-01
1094 +2.386716697e+00 +2.386716697e+00 +5.772671670e+01 +5.772671670e+01 +1.3648e-01 -1.8250e-01 +6.7016e-01 +1.0402e-01 -3.4999e-01
1357 +1.572852151e+00 +1.572852151e+00 +5.691285215e+01 +5.691285215e+01 +1.0136e-01 +1.6339e-01 +5.4900e-01 +8.2884e-02 -3.5327e-01
1452 +9.798194018e-01 +9.798194018e-01 +5.631981940e+01 +5.631981940e+01 +4.7083e-02 +3.7990e-01 +3.7876e-01 +8.8491e-02 -3.6203e-01
1556 +5.930449998e-01 +5.930449998e-01 +5.593304500e+01 +5.593304500e+01 +1.0013e-03 +4.8813e-01 +2.0332e-01 +7.1042e-02 -3.1564e-01
1690 +3.971476159e-01 +3.971476159e-01 +5.573714762e+01 +5.573714762e+01 -1.0812e-02 +5.8533e-01 +1.7985e-02 +2.6506e-02 -2.7355e-01
1848 +2.394702050e-01 +2.394702050e-01 +5.557947021e+01 +5.557947021e+01 -7.4534e-03 +6.1665e-01 -1.0228e-01 -4.3016e-03 -2.1498e-01
1911 +1.052510399e-01 +1.052510399e-01 +5.544525104e+01 +5.544525104e+01 +1.5024e-02 +6.8868e-01 -3.2823e-01 -8.4630e-02 -1.0709e-01
1947 +8.559086412e-02 +8.559086412e-02 +5.542559086e+01 +5.542559086e+01 +2.8900e-02 +7.0534e-01 -3.9420e-01 -9.9348e-02 -8.2190e-02
1977 +6.180166911e-02 +6.180166911e-02 +5.540180167e+01 +5.540180167e+01 +3.0118e-02 +7.2396e-01 -4.3986e-01 -1.1544e-01 -6.1189e-02
2051 +3.816403666e-02 +3.816403666e-02 +5.537816404e+01 +5.537816404e+01 +3.7428e-02 +7.3337e-01 -4.9508e-01 -1.4213e-01 -3.0422e-02
2081 +2.056720360e-02 +2.056720360e-02 +5.536056720e+01 +5.536056720e+01 +4.8160e-02 +7.4354e-01 -5.4329e-01 -1.6095e-01 -9.5387e-04
2115 +9.634361292e-03 +9.634361292e-03 +5.534963436e+01 +5.534963436e+01 +8.1976e-02 +7.7058e-01 -6.9360e-01 -2.2890e-01 +8.6905e-02
2184 +4.740747934e-03 +4.740747934e-03 +5.534474075e+01 +5.534474075e+01 +9.8244e-02 +7.7987e-01 -7.7144e-01 -2.6347e-01 +1.2685e-01
2187 +1.980447717e-03 +1.980447717e-03 +5.534198045e+01 +5.534198045e+01 +9.0322e-02 +7.7261e-01 -7.2356e-01 -2.4031e-01 +1.0069e-01
2219 +1.578056130e-03 +1.578056130e-03 +5.534157806e+01 +5.534157806e+01 +8.6698e-02 +7.7067e-01 -7.1281e-01 -2.3581e-01 +9.3126e-02
2262 +2.809017532e-04 +2.809017532e-04 +5.534028090e+01 +5.534028090e+01 +8.9286e-02 +7.7390e-01 -7.2671e-01 -2.4246e-01 +1.0240e-01
2273 +1.537279441e-04 +1.537279441e-04 +5.534015373e+01 +5.534015373e+01 +9.1165e-02 +7.7514e-01 -7.3340e-01 -2.4513e-01 +1.0599e-01
2363 +4.326884829e-05 +4.326884829e-05 +5.534004327e+01 +5.534004327e+01 +9.6111e-02 +7.7864e-01 -7.5466e-01 -2.5510e-01 +1.1856e-01
2377 +2.742864746e-05 +2.742864746e-05 +5.534002743e+01 +5.534002743e+01 +9.4592e-02 +7.7702e-01 -7.4710e-01 -2.5182e-01 +1.1428e-01
2394 +6.399505786e-06 +6.399505786e-06 +5.534000640e+01 +5.534000640e+01 +9.4816e-02 +7.7738e-01 -7.4845e-01 -2.5242e-01 +1.1496e-01
2471 +4.735394050e-06 +4.735394050e-06 +5.534000474e+01 +5.534000474e+01 +9.4649e-02 +7.7739e-01 -7.4745e-01 -2.5189e-01 +1.1430e-01
2509 +3.188485522e-06 +3.188485522e-06 +5.534000319e+01 +5.534000319e+01 +9.5067e-02 +7.7769e-01 -7.4976e-01 -2.5296e-01 +1.1570e-01
2517 +1.638897650e-06 +1.638897650e-06 +5.534000164e+01 +5.534000164e+01 +9.4930e-02 +7.7765e-01 -7.4910e-01 -2.5269e-01 +1.1534e-01
2533 +9.928679816e-07 +9.928679816e-07 +5.534000099e+01 +5.534000099e+01 +9.4546e-02 +7.7742e-01 -7.4734e-01 -2.5189e-01 +1.1424e-01
2572 +6.158216053e-07 +6.158216053e-07 +5.534000062e+01 +5.534000062e+01 +9.4736e-02 +7.7749e-01 -7.4800e-01 -2.5219e-01 +1.1467e-01
2582 +2.783991278e-07 +2.783991278e-07 +5.534000028e+01 +5.534000028e+01 +9.4726e-02 +7.7747e-01 -7.4809e-01 -2.5221e-01 +1.1470e-01
2589 +1.488178114e-07 +1.488178114e-07 +5.534000015e+01 +5.534000015e+01 +9.4846e-02 +7.7759e-01 -7.4861e-01 -2.5246e-01 +1.1500e-01
2602 +5.977689455e-08 +5.977689455e-08 +5.534000006e+01 +5.534000006e+01 +9.4770e-02 +7.7753e-01 -7.4826e-01 -2.5230e-01 +1.1480e-01
2691 +2.185511505e-08 +2.185511505e-08 +5.534000002e+01 +5.534000002e+01 +9.4750e-02 +7.7751e-01 -7.4820e-01 -2.5227e-01 +1.1476e-01
2703 +7.730363905e-09 +7.730363905e-09 +5.534000001e+01 +5.534000001e+01 +9.4742e-02 +7.7751e-01 -7.4817e-01 -2.5226e-01 +1.1475e-01
% function evaluation | noise-free fitness - Fopt (-9.033000000000e+01) | best noise-free fitness - Fopt | measured fitness | best measured fitness | x1 | x2...
1 +4.527352471e+04 +4.527352471e+04 +4.518319471e+04 +4.518319471e+04 +3.5563e+00 +4.7137e-01 -2.7475e+00 -7.0813e-01 -3.2195e+00
3 +1.865382142e+03 +1.865382142e+03 +1.775052142e+03 +1.775052142e+03 +1.3369e+00 +5.7878e-03 -1.1376e+00 -7.5501e-01 -1.5664e+00
19 +8.278523076e+02 +8.278523076e+02 +7.375223076e+02 +7.375223076e+02 -1.4890e+00 +7.1732e-01 -9.5541e-01 -1.3698e+00 -1.5570e+00
26 +4.939491335e+02 +4.939491335e+02 +4.036191335e+02 +4.036191335e+02 -1.3904e-01 +1.0038e+00 +2.4420e-01 +1.9445e-01 -1.3037e+00
43 +1.326438457e+02 +1.326438457e+02 +4.231384572e+01 +4.231384572e+01 -9.5152e-01 +1.2135e+00 -1.7402e-01 -2.9167e-01 -5.7563e-01
127 +2.862716220e+01 +2.862716220e+01 -6.170283780e+01 -6.170283780e+01 -8.6578e-01 -2.8532e-01 -6.7330e-01 +6.7744e-02 -2.7499e-01
170 +1.735191497e+01 +1.735191497e+01 -7.297808503e+01 -7.297808503e+01 +5.9679e-02 -3.1225e-01 -6.5733e-01 +6.8125e-02 +8.8810e-02
200 +1.515260124e+01 +1.515260124e+01 -7.517739876e+01 -7.517739876e+01 -5.6836e-01 -5.1151e-01 -8.6741e-01 +2.5927e-01 -2.9856e-01
215 +9.631114653e+00 +9.631114653e+00 -8.069888535e+01 -8.069888535e+01 -5.7202e-01 -3.9053e-01 -8.2407e-01 +3.4785e-01 -2.2146e-01
225 +4.918296377e+00 +4.918296377e+00 -8.541170362e+01 -8.541170362e+01 -6.1891e-01 -4.5962e-01 -7.2742e-01 +4.4632e-01 -7.0577e-02
346 +3.979950403e+00 +3.979950403e+00 -8.635004960e+01 -8.635004960e+01 -5.3301e-01 -5.6519e-01 -7.1813e-01 +3.0908e-01 +4.0196e-05
617 +2.498874686e+00 +2.498874686e+00 -8.783112531e+01 -8.783112531e+01 -1.1897e-02 -6.8609e-01 -4.5614e-01 +1.3184e-01 +5.1530e-02
815 +1.551589566e+00 +1.551589566e+00 -8.877841043e+01 -8.877841043e+01 +2.4859e-01 -6.1602e-01 -1.6991e-01 +1.6416e-01 +8.7054e-02
1094 +9.688253594e-01 +9.688253594e-01 -8.936117464e+01 -8.936117464e+01 +3.8191e-01 -4.6971e-01 +6.8395e-02 +1.7532e-01 +1.5414e-01
1198 +5.810414210e-01 +5.810414210e-01 -8.974895858e+01 -8.974895858e+01 +4.4805e-01 -3.3473e-01 +1.8969e-01 +1.3467e-01 +1.7002e-01
1298 +3.753488892e-01 +3.753488892e-01 -8.995465111e+01 -8.995465111e+01 +4.9049e-01 -1.7922e-01 +2.9552e-01 +7.5165e-02 +1.6475e-01
1343 +2.450547872e-01 +2.450547872e-01 -9.008494521e+01 -9.008494521e+01 +5.5497e-01 +5.1521e-02 +4.6130e-01 -7.7536e-03 +1.6810e-01
1460 +1.236195366e-01 +1.236195366e-01 -9.020638046e+01 -9.020638046e+01 +5.5518e-01 +1.0822e-01 +4.7868e-01 -4.9320e-02 +1.4650e-01
1528 +9.804144902e-02 +9.804144902e-02 -9.023195855e+01 -9.023195855e+01 +5.6003e-01 +1.7023e-01 +5.1463e-01 -7.6086e-02 +1.3200e-01
1619 +5.583157961e-02 +5.583157961e-02 -9.027416842e+01 -9.027416842e+01 +5.6179e-01 +2.3293e-01 +5.4546e-01 -1.1413e-01 +1.2010e-01
1679 +3.881529188e-02 +3.881529188e-02 -9.029118471e+01 -9.029118471e+01 +5.6973e-01 +2.7963e-01 +5.7453e-01 -1.4226e-01 +1.1020e-01
1712 +2.409967176e-02 +2.409967176e-02 -9.030590033e+01 -9.030590033e+01 +5.7123e-01 +3.6725e-01 +6.1607e-01 -1.9441e-01 +8.5094e-02
1751 +1.369159468e-02 +1.369159468e-02 -9.031630841e+01 -9.031630841e+01 +5.7609e-01 +3.8968e-01 +6.3047e-01 -2.0801e-01 +8.2254e-02
1779 +7.969822105e-03 +7.969822105e-03 -9.032203018e+01 -9.032203018e+01 +5.8161e-01 +4.6547e-01 +6.6717e-01 -2.5674e-01 +5.9965e-02
1790 +6.259144124e-03 +6.259144124e-03 -9.032374086e+01 -9.032374086e+01 +5.8328e-01 +4.7228e-01 +6.7381e-01 -2.6060e-01 +5.8603e-02
1797 +3.867653032e-03 +3.867653032e-03 -9.032613235e+01 -9.032613235e+01 +5.8199e-01 +4.9004e-01 +6.8157e-01 -2.7246e-01 +5.4788e-02
1813 +1.539482985e-03 +1.539482985e-03 -9.032846052e+01 -9.032846052e+01 +5.8491e-01 +5.3004e-01 +7.0224e-01 -2.9973e-01 +4.1607e-02
1899 +9.024781005e-04 +9.024781005e-04 -9.032909752e+01 -9.032909752e+01 +5.8618e-01 +5.7197e-01 +7.2186e-01 -3.2834e-01 +2.7411e-02
1930 +5.558526986e-04 +5.558526986e-04 -9.032944415e+01 -9.032944415e+01 +5.8345e-01 +5.3371e-01 +7.0383e-01 -3.0352e-01 +3.9124e-02
1946 +3.940345978e-04 +3.940345978e-04 -9.032960597e+01 -9.032960597e+01 +5.8386e-01 +5.4762e-01 +7.1028e-01 -3.1216e-01 +3.5480e-02
1965 +2.259227855e-04 +2.259227855e-04 -9.032977408e+01 -9.032977408e+01 +5.8413e-01 +5.4197e-01 +7.0754e-01 -3.0809e-01 +3.7140e-02
1976 +7.736087915e-05 +7.736087915e-05 -9.032992264e+01 -9.032992264e+01 +5.8414e-01 +5.4650e-01 +7.0990e-01 -3.1138e-01 +3.5176e-02
1990 +4.448153430e-05 +4.448153430e-05 -9.032995552e+01 -9.032995552e+01 +5.8363e-01 +5.4784e-01 +7.1003e-01 -3.1211e-01 +3.4657e-02
2073 +2.272004897e-05 +2.272004897e-05 -9.032997728e+01 -9.032997728e+01 +5.8387e-01 +5.4943e-01 +7.1083e-01 -3.1332e-01 +3.4005e-02
2098 +5.868122997e-06 +5.868122997e-06 -9.032999413e+01 -9.032999413e+01 +5.8408e-01 +5.5022e-01 +7.1134e-01 -3.1380e-01 +3.3979e-02
2139 +2.696487599e-06 +2.696487599e-06 -9.032999730e+01 -9.032999730e+01 +5.8412e-01 +5.5162e-01 +7.1185e-01 -3.1474e-01 +3.3470e-02
2163 +1.465690445e-06 +1.465690445e-06 -9.032999853e+01 -9.032999853e+01 +5.8400e-01 +5.4975e-01 +7.1099e-01 -3.1347e-01 +3.4069e-02
2196 +8.463253351e-07 +8.463253351e-07 -9.032999915e+01 -9.032999915e+01 +5.8415e-01 +5.5148e-01 +7.1187e-01 -3.1469e-01 +3.3515e-02
2204 +3.396018258e-07 +3.396018258e-07 -9.032999966e+01 -9.032999966e+01 +5.8410e-01 +5.5037e-01 +7.1133e-01 -3.1393e-01 +3.3857e-02
2207 +1.734902781e-07 +1.734902781e-07 -9.032999983e+01 -9.032999983e+01 +5.8411e-01 +5.5057e-01 +7.1141e-01 -3.1405e-01 +3.3818e-02
2235 +1.023124128e-07 +1.023124128e-07 -9.032999990e+01 -9.032999990e+01 +5.8407e-01 +5.5018e-01 +7.1120e-01 -3.1380e-01 +3.3929e-02
2288 +2.635630381e-08 +2.635630381e-08 -9.032999997e+01 -9.032999997e+01 +5.8409e-01 +5.5048e-01 +7.1137e-01 -3.1399e-01 +3.3833e-02
2293 +2.062638771e-08 +2.062638771e-08 -9.032999998e+01 -9.032999998e+01 +5.8409e-01 +5.5051e-01 +7.1138e-01 -3.1401e-01 +3.3826e-02
2324 +8.624866155e-09 +8.624866155e-09 -9.032999999e+01 -9.032999999e+01 +5.8409e-01 +5.5053e-01 +7.1139e-01 -3.1402e-01 +3.3822e-02
% function evaluation | noise-free fitness - Fopt (-9.033000000000e+01) | best noise-free fitness - Fopt | measured fitness | best measured fitness | x1 | x2...
1 +3.556149659e+04 +3.556149659e+04 +3.547116659e+04 +3.547116659e+04 -6.0445e-01 +3.0887e+00 +1.4506e+00 +3.4481e+00 -3.3268e+00
2 +5.839619671e+03 +5.839619671e+03 +5.749289671e+03 +5.749289671e+03 -7.1338e-01 +2.8204e+00 +1.5573e+00 +2.2196e+00 -1.8996e+00
6 +2.213247421e+03 +2.213247421e+03 +2.122917421e+03 +2.122917421e+03 -1.3906e-01 +2.4420e+00 +9.6173e-01 +1.1488e+00 -1.5702e+00
20 +6.174443871e+02 +6.174443871e+02 +5.271143871e+02 +5.271143871e+02 +1.1729e+00 -1.7735e+00 +5.4371e-01 +5.7481e-01 +5.4059e-01
87 +2.710986168e+02 +2.710986168e+02 +1.807686168e+02 +1.807686168e+02 -4.7630e-01 +1.8938e+00 +3.1499e-01 -1.6306e+00 -8.3294e-01
91 +1.683949958e+02 +1.683949958e+02 +7.806499584e+01 +7.806499584e+01 -2.1002e-01 +1.7980e+00 +5.0185e-01 -6.4092e-01 -7.2026e-01
102 +1.032513748e+02 +1.032513748e+02 +1.292137478e+01 +1.292137478e+01 +6.7276e-01 +1.5114e+00 +1.5607e+00 -1.0372e+00 -3.7068e-01
108 +9.506827659e+01 +9.506827659e+01 +4.738276589e+00 +4.738276589e+00 -2.9510e-02 -5.0350e-01 -8.6909e-01 -4.1553e-01 +2.0631e-01
138 +3.294885002e+01 +3.294885002e+01 -5.738114998e+01 -5.738114998e+01 -6.3444e-01 -2.2357e-01 -5.5141e-01 +1.1776e+00 -1.8527e-01
174 +2.135567632e+01 +2.135567632e+01 -6.897432368e+01 -6.897432368e+01 -4.6961e-01 -1.4151e-01 -7.1497e-01 +2.4755e-01 +1.0058e-01
202 +1.182053176e+01 +1.182053176e+01 -7.850946824e+01 -7.850946824e+01 -5.1505e-01 -2.9623e-01 -7.1415e-01 +1.7282e-01 +1.0360e-01
212 +7.112715332e+00 +7.112715332e+00 -8.321728467e+01 -8.321728467e+01 -5.2370e-01 -4.5698e-01 -7.7117e-01 +2.0573e-01 +1.0226e-01
254 +4.616768667e+00 +4.616768667e+00 -8.571323133e+01 -8.571323133e+01 -5.3802e-01 -6.1339e-01 -6.4768e-01 +2.4097e-01 +5.6065e-02
531 +3.961205056e+00 +3.961205056e+00 -8.636879494e+01 -8.636879494e+01 -5.5737e-01 -5.4421e-01 -6.9846e-01 +2.9822e-01 +7.8782e-03
957 +2.353352060e+00 +2.353352060e+00 -8.797664794e+01 -8.797664794e+01 +6.1376e-02 -6.8253e-01 -4.2895e-01 +1.4033e-01 +5.2492e-02
1214 +1.581831247e+00 +1.581831247e+00 -8.874816875e+01 -8.874816875e+01 +2.2691e-01 -6.3305e-01 -1.8897e-01 +1.5043e-01 +8.3094e-02
1355 +9.825760925e-01 +9.825760925e-01 -8.934742391e+01 -8.934742391e+01 +3.8699e-01 -4.7994e-01 +4.8447e-02 +1.3934e-01 +1.3325e-01
1442 +6.267399731e-01 +6.267399731e-01 -8.970326003e+01 -8.970326003e+01 +4.3716e-01 -3.4849e-01 +1.7623e-01 +1.3358e-01 +1.6104e-01
1551 +3.577833907e-01 +3.577833907e-01 -8.997221661e+01 -8.997221661e+01 +5.0789e-01 -1.2829e-01 +3.4239e-01 +6.6757e-02 +1.8687e-01
1685 +2.436990194e-01 +2.436990194e-01 -9.008630098e+01 -9.008630098e+01 +5.3527e-01 -3.9619e-02 +3.9709e-01 +3.1058e-02 +1.7450e-01
1810 +1.492465167e-01 +1.492465167e-01 -9.018075348e+01 -9.018075348e+01 +5.4474e-01 +6.0853e-02 +4.5106e-01 -2.5629e-02 +1.5739e-01
1907 +9.991675071e-02 +9.991675071e-02 -9.023008325e+01 -9.023008325e+01 +5.5445e-01 +1.6908e-01 +5.0867e-01 -7.8337e-02 +1.4053e-01
1945 +6.034228905e-02 +6.034228905e-02 -9.026965771e+01 -9.026965771e+01 +5.7041e-01 +2.4253e-01 +5.5774e-01 -1.2280e-01 +1.2063e-01
1960 +3.806699864e-02 +3.806699864e-02 -9.029193300e+01 -9.029193300e+01 +5.7656e-01 +3.4388e-01 +6.0980e-01 -1.8120e-01 +9.9642e-02
2050 +2.032064237e-02 +2.032064237e-02 -9.030967936e+01 -9.030967936e+01 +5.7387e-01 +3.4988e-01 +6.1061e-01 -1.8547e-01 +9.1549e-02
2096 +1.491118688e-02 +1.491118688e-02 -9.031508881e+01 -9.031508881e+01 +5.8133e-01 +4.3367e-01 +6.5792e-01 -2.3736e-01 +7.2054e-02
2123 +8.971492945e-03 +8.971492945e-03 -9.032102851e+01 -9.032102851e+01 +5.7752e-01 +4.1597e-01 +6.4389e-01 -2.2641e-01 +7.3641e-02
2169 +4.181042458e-03 +4.181042458e-03 -9.032581896e+01 -9.032581896e+01 +5.8254e-01 +4.7682e-01 +6.7583e-01 -2.6406e-01 +5.7918e-02
2172 +2.241045788e-03 +2.241045788e-03 -9.032775895e+01 -9.032775895e+01 +5.8195e-01 +4.9798e-01 +6.8561e-01 -2.8080e-01 +5.0090e-02
2210 +3.330648840e-04 +3.330648840e-04 -9.032966694e+01 -9.032966694e+01 +5.8317e-01 +5.3359e-01 +7.0276e-01 -3.0333e-01 +3.8716e-02
2229 +1.134257237e-04 +1.134257237e-04 -9.032988657e+01 -9.032988657e+01 +5.8366e-01 +5.4528e-01 +7.0893e-01 -3.1090e-01 +3.5285e-02
2281 +3.696870064e-05 +3.696870064e-05 -9.032996303e+01 -9.032996303e+01 +5.8406e-01 +5.4499e-01 +7.0882e-01 -3.1019e-01 +3.5755e-02
2372 +2.470237389e-05 +2.470237389e-05 -9.032997530e+01 -9.032997530e+01 +5.8392e-01 +5.4567e-01 +7.0915e-01 -3.1074e-01 +3.5287e-02
2384 +1.273461319e-05 +1.273461319e-05 -9.032998727e+01 -9.032998727e+01 +5.8408e-01 +5.4686e-01 +7.0959e-01 -3.1158e-01 +3.4968e-02
2416 +7.240997817e-06 +7.240997817e-06 -9.032999276e+01 -9.032999276e+01 +5.8410e-01 +5.4805e-01 +7.1018e-01 -3.1243e-01 +3.4598e-02
2428 +3.737192031e-06 +3.737192031e-06 -9.032999626e+01 -9.032999626e+01 +5.8421e-01 +5.5166e-01 +7.1192e-01 -3.1480e-01 +3.3487e-02
2505 +2.056725577e-06 +2.056725577e-06 -9.032999794e+01 -9.032999794e+01 +5.8410e-01 +5.4904e-01 +7.1069e-01 -3.1303e-01 +3.4292e-02
2516 +1.305398129e-06 +1.305398129e-06 -9.032999869e+01 -9.032999869e+01 +5.8409e-01 +5.4994e-01 +7.1108e-01 -3.1369e-01 +3.3991e-02
2547 +5.852512857e-07 +5.852512857e-07 -9.032999941e+01 -9.032999941e+01 +5.8409e-01 +5.4994e-01 +7.1110e-01 -3.1366e-01 +3.4009e-02
2548 +3.580819481e-07 +3.580819481e-07 -9.032999964e+01 -9.032999964e+01 +5.8413e-01 +5.5070e-01 +7.1149e-01 -3.1417e-01 +3.3755e-02
2591 +2.139904751e-07 +2.139904751e-07 -9.032999979e+01 -9.032999979e+01 +5.8412e-01 +5.5108e-01 +7.1166e-01 -3.1440e-01 +3.3652e-02
2600 +1.537126053e-07 +1.537126053e-07 -9.032999985e+01 -9.032999985e+01 +5.8410e-01 +5.5073e-01 +7.1148e-01 -3.1415e-01 +3.3767e-02
2628 +8.315582534e-08 +8.315582534e-08 -9.032999992e+01 -9.032999992e+01 +5.8410e-01 +5.5058e-01 +7.1141e-01 -3.1405e-01 +3.3810e-02
2637 +4.469470127e-08 +4.469470127e-08 -9.032999996e+01 -9.032999996e+01 +5.8410e-01 +5.5067e-01 +7.1145e-01 -3.1412e-01 +3.3775e-02
2659 +2.187219650e-08 +2.187219650e-08 -9.032999998e+01 -9.032999998e+01 +5.8410e-01 +5.5047e-01 +7.1136e-01 -3.1400e-01 +3.3833e-02
2689 +1.288896101e-08 +1.288896101e-08 -9.032999999e+01 -9.032999999e+01 +5.8409e-01 +5.5041e-01 +7.1133e-01 -3.1395e-01 +3.3860e-02
2712 +4.957755095e-09 +4.957755095e-09 -9.033000000e+01 -9.033000000e+01 +5.8410e-01 +5.5056e-01 +7.1140e-01 -3.1405e-01 +3.3809e-02
2714 +2.604465976e-09 +2.604465976e-09 -9.033000000e+01 -9.033000000e+01 +5.8409e-01 +5.5052e-01 +7.1138e-01 -3.1402e-01 +3.3825e-02
% function evaluation | noise-free fitness - Fopt (-9.033000000000e+01) | best noise-free fitness - Fopt | measured fitness | best measured fitness | x1 | x2...
1 +3.139153959e+04 +3.139153959e+04 +3.130120959e+04 +3.130120959e+04 -4.5472e-02 +2.6926e+00 +3.4143e+00 +6.6727e-01 +1.7148e+00
4 +8.024102296e+03 +8.024102296e+03 +7.933772296e+03 +7.933772296e+03 -7.2291e-01 +5.5108e-01 +2.2201e+00 -1.9825e+00 +1.0124e+00
8 +2.532375514e+03 +2.532375514e+03 +2.442045514e+03 +2.442045514e+03 -1.2707e+00 +8.1338e-01 +1.9234e+00 -3.2571e+00 -3.2094e+00
10 +8.640230151e+02 +8.640230151e+02 +7.736930151e+02 +7.736930151e+02 -2.0064e+00 -1.7922e-01 +6.8189e-02 -2.7136e+00 -1.3308e+00
15 +3.767331889e+02 +3.767331889e+02 +2.864031889e+02 +2.864031889e+02 -6.4376e-01 +1.5228e+00 -1.5711e+00 -3.9218e-01 -1.6224e+00
130 +2.348766289e+02 +2.348766289e+02 +1.445466289e+02 +1.445466289e+02 -7.2663e-01 +3.1768e+00 -9.4341e-01 -1.8616e+00 -2.2141e+00
186 +1.548824470e+02 +1.548824470e+02 +6.455244702e+01 +6.455244702e+01 -6.8992e-01 +8.6706e-01 -5.7948e-01 +6.6717e-01 -4.0112e-01
218 +4.611933793e+01 +4.611933793e+01 -4.421066207e+01 -4.421066207e+01 -3.1849e-01 +3.7616e-02 -8.4631e-01 +3.9217e-01 -5.2128e-02
225 +3.814300967e+01 +3.814300967e+01 -5.218699033e+01 -5.218699033e+01 -7.3909e-01 +4.4818e-01 -1.8038e-01 +7.6163e-01 -7.0681e-01
249 +2.218931856e+01 +2.218931856e+01 -6.814068144e+01 -6.814068144e+01 -8.2785e-01 -2.3996e-01 -8.7380e-01 +5.5642e-01 +2.3347e-02
269 +1.474365407e+01 +1.474365407e+01 -7.558634593e+01 -7.558634593e+01 -5.1544e-01 -2.6448e-01 -7.7151e-01 +5.4734e-01 -1.8882e-01
286 +9.098778216e+00 +9.098778216e+00 -8.123122178e+01 -8.123122178e+01 -5.3566e-01 -3.0869e-01 -7.1278e-01 +3.6212e-01 -1.0761e-01
294 +5.926971588e+00 +5.926971588e+00 -8.440302841e+01 -8.440302841e+01 -6.0089e-01 -5.2602e-01 -8.0904e-01 +2.7112e-01 -9.4329e-02
388 +3.927137472e+00 +3.927137472e+00 -8.640286253e+01 -8.640286253e+01 -4.6903e-01 -5.8590e-01 -7.1381e-01 +2.7877e-01 -8.8358e-03
587 +2.479896474e+00 +2.479896474e+00 -8.785010353e+01 -8.785010353e+01 -3.4160e-02 -6.4773e-01 -4.6876e-01 +1.4427e-01 +5.0604e-02
803 +1.546476998e+00 +1.546476998e+00 -8.878352300e+01 -8.878352300e+01 +2.4283e-01 -6.2548e-01 -1.8383e-01 +1.4888e-01 +8.4695e-02
1124 +9.773835216e-01 +9.773835216e-01 -8.935261648e+01 -8.935261648e+01 +3.7252e-01 -4.9540e-01 +2.0574e-02 +1.5886e-01 +1.3674e-01
1203 +5.788609684e-01 +5.788609684e-01 -8.975113903e+01 -8.975113903e+01 +5.0636e-01 -2.4944e-01 +2.7137e-01 +1.1107e-01 +1.8607e-01
1330 +3.538835177e-01 +3.538835177e-01 -8.997611648e+01 -8.997611648e+01 +5.0233e-01 -1.7772e-01 +3.0892e-01 +8.0345e-02 +1.7747e-01
1442 +2.373012801e-01 +2.373012801e-01 -9.009269872e+01 -9.009269872e+01 +5.2243e-01 -6.5021e-02 +3.8132e-01 +3.9978e-02 +1.7267e-01
1580 +1.548010247e-01 +1.548010247e-01 -9.017519898e+01 -9.017519898e+01 +5.4526e-01 +4.7888e-02 +4.4899e-01 -1.2444e-02 +1.5639e-01
1689 +9.943760188e-02 +9.943760188e-02 -9.023056240e+01 -9.023056240e+01 +5.5026e-01 +1.4742e-01 +4.9395e-01 -6.7365e-02 +1.3821e-01
1757 +5.974141872e-02 +5.974141872e-02 -9.027025858e+01 -9.027025858e+01 +5.6048e-01 +2.2982e-01 +5.4235e-01 -1.1187e-01 +1.2325e-01
1810 +2.658829228e-02 +2.658829228e-02 -9.030341171e+01 -9.030341171e+01 +5.6972e-01 +3.3026e-01 +5.9957e-01 -1.7077e-01 +9.7179e-02
1838 +2.132308970e-02 +2.132308970e-02 -9.030867691e+01 -9.030867691e+01 +5.7096e-01 +3.6528e-01 +6.1818e-01 -1.9217e-01 +8.7810e-02
1864 +1.367701060e-02 +1.367701060e-02 -9.031632299e+01 -9.031632299e+01 +5.7809e-01 +3.9297e-01 +6.3390e-01 -2.1090e-01 +8.2108e-02
1882 +9.357213928e-03 +9.357213928e-03 -9.032064279e+01 -9.032064279e+01 +5.8169e-01 +4.6655e-01 +6.6811e-01 -2.5764e-01 +5.8056e-02
1897 +3.678598084e-03 +3.678598084e-03 -9.032632140e+01 -9.032632140e+01 +5.8065e-01 +4.7928e-01 +6.7524e-01 -2.6647e-01 +5.4732e-02
1981 +1.522969277e-03 +1.522969277e-03 -9.032847703e+01 -9.032847703e+01 +5.8169e-01 +5.0897e-01 +6.9023e-01 -2.8554e-01 +4.7946e-02
2035 +4.895043209e-04 +4.895043209e-04 -9.032951050e+01 -9.032951050e+01 +5.8484e-01 +5.4762e-01 +7.1034e-01 -3.1139e-01 +3.4672e-02
2056 +3.822251215e-04 +3.822251215e-04 -9.032961777e+01 -9.032961777e+01 +5.8387e-01 +5.3784e-01 +7.0594e-01 -3.0497e-01 +3.8313e-02
2074 +1.353699712e-04 +1.353699712e-04 -9.032986463e+01 -9.032986463e+01 +5.8410e-01 +5.4018e-01 +7.0650e-01 -3.0744e-01 +3.6926e-02
2094 +9.824266333e-05 +9.824266333e-05 -9.032990176e+01 -9.032990176e+01 +5.8444e-01 +5.4507e-01 +7.0904e-01 -3.1046e-01 +3.5518e-02
2138 +5.567499147e-05 +5.567499147e-05 -9.032994433e+01 -9.032994433e+01 +5.8360e-01 +5.4237e-01 +7.0740e-01 -3.0835e-01 +3.6551e-02
2179 +1.367966203e-05 +1.367966203e-05 -9.032998632e+01 -9.032998632e+01 +5.8380e-01 +5.4793e-01 +7.1000e-01 -3.1223e-01 +3.4706e-02
2214 +9.346829017e-06 +9.346829017e-06 -9.032999065e+01 -9.032999065e+01 +5.8398e-01 +5.4648e-01 +7.0939e-01 -3.1131e-01 +3.5082e-02
2235 +5.785317242e-06 +5.785317242e-06 -9.032999421e+01 -9.032999421e+01 +5.8398e-01 +5.4957e-01 +7.1084e-01 -3.1329e-01 +3.4182e-02
2250 +8.063813368e-07 +8.063813368e-07 -9.032999919e+01 -9.032999919e+01 +5.8409e-01 +5.5114e-01 +7.1168e-01 -3.1442e-01 +3.3602e-02
2332 +1.514752341e-07 +1.514752341e-07 -9.032999985e+01 -9.032999985e+01 +5.8410e-01 +5.5055e-01 +7.1140e-01 -3.1403e-01 +3.3823e-02
2386 +2.074892791e-08 +2.074892791e-08 -9.032999998e+01 -9.032999998e+01 +5.8409e-01 +5.5060e-01 +7.1142e-01 -3.1408e-01 +3.3800e-02
2458 +1.129524207e-08 +1.129524207e-08 -9.032999999e+01 -9.032999999e+01 +5.8409e-01 +5.5040e-01 +7.1132e-01 -3.1394e-01 +3.3861e-02
2479 +2.472489768e-09 +2.472489768e-09 -9.033000000e+01 -9.033000000e+01 +5.8409e-01 +5.5046e-01 +7.1135e-01 -3.1398e-01 +3.3843e-02
% function evaluation | noise-free fitness - Fopt (6.561000000000e+01) | best noise-free fitness - Fopt | measured fitness | best measured fitness | x1 | x2...
1 +9.126655368e+04 +9.126655368e+04 +9.133216368e+04 +9.133216368e+04 -3.6955e+00 -3.4398e+00 +3.8857e+00 +2.3539e+00 -2.4086e+00
12 +5.749454828e+04 +5.749454828e+04 +5.756015828e+04 +5.756015828e+04 -1.9119e+00 -2.9253e+00 +1.4352e-02 +4.0076e+00 -2.0905e+00
14 +3.166893816e+04 +3.166893816e+04 +3.173454816e+04 +3.173454816e+04 -1.9402e+00 -4.4103e+00 +4.9780e-01 +2.0216e+00 -8.9965e-01
21 +3.861984710e+03 +3.861984710e+03 +3.927594710e+03 +3.927594710e+03 -2.2660e+00 -1.2661e+00 -3.7231e-02 +1.5754e+00 -1.3603e+00
38 +2.064687165e+03 +2.064687165e+03 +2.130297165e+03 +2.130297165e+03 +5.1532e-01 -2.4406e+00 -2.3280e+00 +5.5551e-01 +2.2082e+00
66 +1.193845101e+03 +1.193845101e+03 +1.259455101e+03 +1.259455101e+03 -9.9043e-01 -1.7003e+00 +1.4526e-01 +9.5984e-01 -5.5298e-01
68 +1.863305031e+02 +1.863305031e+02 +2.519405031e+02 +2.519405031e+02 +1.8347e-01 -1.5708e+00 +7.7378e-01 -1.2499e-01 +1.0505e+00
130 +5.702531437e+01 +5.702531437e+01 +1.226353144e+02 +1.226353144e+02 +3.2173e-01 -5.8753e-02 -1.4131e-01 +9.2054e-02 +3.3663e-02
165 +8.436171563e+00 +8.436171563e+00 +7.404617156e+01 +7.404617156e+01 +1.1968e-01 +3.9795e-03 +8.1784e-01 +3.3896e-01 +1.3079e-01
230 +5.778770221e+00 +5.778770221e+00 +7.138877022e+01 +7.138877022e+01 +1.8050e-01 +9.0350e-02 +9.2139e-01 +3.2597e-01 -6.2013e-02
314 +3.926184492e+00 +3.926184492e+00 +6.953618449e+01 +6.953618449e+01 +2.9544e-01 +1.1859e-01 +8.2883e-01 +5.5436e-01 -8.8675e-02
516 +2.500700357e+00 +2.500700357e+00 +6.811070036e+01 +6.811070036e+01 -6.9147e-02 -6.1681e-02 +7.4256e-01 +2.1096e-01 -1.1823e-01
623 +1.447794344e+00 +1.447794344e+00 +6.705779434e+01 +6.705779434e+01 -2.6918e-01 -1.2095e-01 +5.9328e-01 -1.4894e-01 -1.6972e-01
730 +9.956391184e-01 +9.956391184e-01 +6.660563912e+01 +6.660563912e+01 -3.0464e-01 -9.7782e-02 +4.5201e-01 -2.7099e-01 -1.9096e-01
846 +6.126786020e-01 +6.126786020e-01 +6.622267860e+01 +6.622267860e+01 -3.6330e-01 -6.2095e-02 +2.5323e-01 -3.9217e-01 -2.0422e-01
956 +3.966128151e-01 +3.966128151e-01 +6.600661282e+01 +6.600661282e+01 -3.8453e-01 -5.6844e-02 +8.2384e-02 -4.3995e-01 -1.7559e-01
1060 +2.275374903e-01 +2.275374903e-01 +6.583753749e+01 +6.583753749e+01 -4.1535e-01 -6.9674e-02 -9.9495e-02 -4.9029e-01 -1.4440e-01
1088 +1.576304827e-01 +1.576304827e-01 +6.576763048e+01 +6.576763048e+01 -4.2097e-01 -7.2412e-02 -2.6627e-01 -5.0855e-01 -1.0703e-01
1190 +8.728568505e-02 +8.728568505e-02 +6.569728569e+01 +6.569728569e+01 -4.3940e-01 -9.1174e-02 -3.7549e-01 -5.3575e-01 -7.8664e-02
1251 +5.517886714e-02 +5.517886714e-02 +6.566517887e+01 +6.566517887e+01 -4.3650e-01 -9.8396e-02 -4.6967e-01 -5.4357e-01 -5.2907e-02
1394 +3.745568448e-02 +3.745568448e-02 +6.564745568e+01 +6.564745568e+01 -4.4148e-01 -1.1069e-01 -5.2066e-01 -5.5004e-01 -3.4915e-02
1452 +2.460989316e-02 +2.460989316e-02 +6.563460989e+01 +6.563460989e+01 -4.3771e-01 -1.1849e-01 -5.7829e-01 -5.5071e-01 -1.6402e-02
1492 +1.468093378e-02 +1.468093378e-02 +6.562468093e+01 +6.562468093e+01 -4.4047e-01 -1.3002e-01 -6.4845e-01 -5.5298e-01 +8.0683e-03
1501 +5.303337988e-03 +5.303337988e-03 +6.561530334e+01 +6.561530334e+01 -4.4038e-01 -1.4810e-01 -7.4391e-01 -5.6111e-01 +4.1600e-02
1554 +1.564095561e-03 +1.564095561e-03 +6.561156410e+01 +6.561156410e+01 -4.3971e-01 -1.7368e-01 -8.6244e-01 -5.6111e-01 +8.6402e-02
1683 +9.994009218e-04 +9.994009218e-04 +6.561099940e+01 +6.561099940e+01 -4.4092e-01 -1.6003e-01 -7.9110e-01 -5.6045e-01 +5.9078e-02
1710 +5.152792276e-04 +5.152792276e-04 +6.561051528e+01 +6.561051528e+01 -4.3991e-01 -1.6537e-01 -8.1800e-01 -5.6053e-01 +6.9520e-02
1724 +2.680878097e-04 +2.680878097e-04 +6.561026809e+01 +6.561026809e+01 -4.4040e-01 -1.6652e-01 -8.2277e-01 -5.6154e-01 +7.0284e-02
1763 +2.172199890e-04 +2.172199890e-04 +6.561021722e+01 +6.561021722e+01 -4.3971e-01 -1.6702e-01 -8.2969e-01 -5.6156e-01 +7.3382e-02
1766 +1.272995319e-04 +1.272995319e-04 +6.561012730e+01 +6.561012730e+01 -4.4015e-01 -1.6797e-01 -8.3098e-01 -5.6138e-01 +7.3934e-02
1771 +7.656167061e-05 +7.656167061e-05 +6.561007656e+01 +6.561007656e+01 -4.4032e-01 -1.6724e-01 -8.2893e-01 -5.6206e-01 +7.2758e-02
1811 +2.526083333e-05 +2.526083333e-05 +6.561002526e+01 +6.561002526e+01 -4.4013e-01 -1.6856e-01 -8.3494e-01 -5.6182e-01 +7.5162e-02
1838 +1.702042016e-05 +1.702042016e-05 +6.561001702e+01 +6.561001702e+01 -4.3987e-01 -1.6965e-01 -8.3929e-01 -5.6193e-01 +7.6683e-02
1868 +9.708921141e-06 +9.708921141e-06 +6.561000971e+01 +6.561000971e+01 -4.4004e-01 -1.7017e-01 -8.4243e-01 -5.6217e-01 +7.7832e-02
1876 +3.643659682e-06 +3.643659682e-06 +6.561000364e+01 +6.561000364e+01 -4.4004e-01 -1.6996e-01 -8.4116e-01 -5.6203e-01 +7.7394e-02
1921 +1.520088801e-06 +1.520088801e-06 +6.561000152e+01 +6.561000152e+01 -4.4001e-01 -1.6990e-01 -8.4114e-01 -5.6202e-01 +7.7358e-02
1944 +7.285899670e-07 +7.285899670e-07 +6.561000073e+01 +6.561000073e+01 -4.4002e-01 -1.6959e-01 -8.3945e-01 -5.6198e-01 +7.6704e-02
1973 +5.612901504e-07 +5.612901504e-07 +6.561000056e+01 +6.561000056e+01 -4.4001e-01 -1.6967e-01 -8.3984e-01 -5.6196e-01 +7.6880e-02
1990 +3.829246111e-07 +3.829246111e-07 +6.561000038e+01 +6.561000038e+01 -4.4001e-01 -1.6967e-01 -8.4005e-01 -5.6198e-01 +7.6932e-02
2047 +1.563049921e-07 +1.563049921e-07 +6.561000016e+01 +6.561000016e+01 -4.3999e-01 -1.6960e-01 -8.3962e-01 -5.6197e-01 +7.6765e-02
2076 +6.765496607e-08 +6.765496607e-08 +6.561000007e+01 +6.561000007e+01 -4.3999e-01 -1.6967e-01 -8.3992e-01 -5.6196e-01 +7.6887e-02
2095 +5.741716791e-08 +5.741716791e-08 +6.561000006e+01 +6.561000006e+01 -4.3999e-01 -1.6973e-01 -8.4023e-01 -5.6197e-01 +7.7011e-02
2102 +1.355692802e-08 +1.355692802e-08 +6.561000001e+01 +6.561000001e+01 -4.3999e-01 -1.6972e-01 -8.4018e-01 -5.6197e-01 +7.6986e-02
2140 +9.640558574e-09 +9.640558574e-09 +6.561000001e+01 +6.561000001e+01 -4.3999e-01 -1.6974e-01 -8.4028e-01 -5.6198e-01 +7.7024e-02
2146 +2.423433898e-09 +2.423433898e-09 +6.561000000e+01 +6.561000000e+01 -4.3999e-01 -1.6972e-01 -8.4020e-01 -5.6198e-01 +7.6991e-02
% function evaluation | noise-free fitness - Fopt (6.561000000000e+01) | best noise-free fitness - Fopt | measured fitness | best measured fitness | x1 | x2...
1 +5.949806669e+03 +5.949806669e+03 +6.015416669e+03 +6.015416669e+03 +3.1526e+00 -4.9230e-01 -1.3731e+00 +2.1493e+00 +2.8684e+00
4 +2.313557961e+03 +2.313557961e+03 +2.379167961e+03 +2.379167961e+03 +2.7956e+00 -3.6466e+00 -1.8209e+00 +1.2328e+00 +2.0817e+00
26 +1.023125653e+03 +1.023125653e+03 +1.088735653e+03 +1.088735653e+03 +1.5063e+00 -1.0455e+00 -1.0015e+00 -3.3149e-01 +1.4827e+00
29 +1.355250455e+02 +1.355250455e+02 +2.011350455e+02 +2.011350455e+02 +8.9794e-01 -1.6797e-01 -2.2707e+00 +1.2827e-01 +3.4091e-01
51 +9.222127551e+01 +9.222127551e+01 +1.578312755e+02 +1.578312755e+02 +3.0853e-01 +4.0874e-01 -5.7318e-01 +4.6129e-01 +7.5483e-01
69 +2.103904849e+01 +2.103904849e+01 +8.664904849e+01 +8.664904849e+01 +5.0200e-01 +2.5015e-01 +5.4708e-01 +7.0338e-01 +1.9972e-01
128 +9.370564067e+00 +9.370564067e+00 +7.498056407e+01 +7.498056407e+01 +9.9355e-02 -1.1470e-01 +6.6292e-01 +4.4503e-01 -1.3334e-01
178 +6.247859503e+00 +6.247859503e+00 +7.185785950e+01 +7.185785950e+01 +1.2316e-01 +4.1785e-03 +9.2621e-01 +3.7986e-01 +5.4731e-02
215 +3.279639837e+00 +3.279639837e+00 +6.888963984e+01 +6.888963984e+01 -3.6176e-02 +1.2034e-02 +7.6986e-01 +2.9465e-01 -1.3866e-01
294 +2.316626576e+00 +2.316626576e+00 +6.792662658e+01 +6.792662658e+01 -1.7534e-01 -1.2895e-01 +7.6215e-01 +6.0040e-02 -1.5418e-01
444 +1.563843046e+00 +1.563843046e+00 +6.717384305e+01 +6.717384305e+01 -2.4867e-01 -1.2108e-01 +6.3810e-01 -1.1731e-01 -1.7609e-01
593 +9.489988140e-01 +9.489988140e-01 +6.655899881e+01 +6.655899881e+01 -3.2395e-01 -6.9775e-02 +4.0842e-01 -3.2508e-01 -2.1328e-01
677 +5.465597173e-01 +5.465597173e-01 +6.615655972e+01 +6.615655972e+01 -3.7972e-01 -4.7701e-02 +9.6957e-02 -4.5716e-01 -1.9137e-01
770 +3.942420591e-01 +3.942420591e-01 +6.600424206e+01 +6.600424206e+01 -4.1212e-01 -5.1149e-02 +4.0783e-02 -4.7009e-01 -1.7697e-01
851 +2.149615050e-01 +2.149615050e-01 +6.582496151e+01 +6.582496151e+01 -4.1953e-01 -6.6542e-02 -1.2774e-01 -5.0348e-01 -1.4579e-01
905 +1.373249163e-01 +1.373249163e-01 +6.574732492e+01 +6.574732492e+01 -4.3137e-01 -7.1824e-02 -2.6806e-01 -5.2673e-01 -1.0850e-01
1014 +9.892169905e-02 +9.892169905e-02 +6.570892170e+01 +6.570892170e+01 -4.2899e-01 -8.4371e-02 -3.2524e-01 -5.2970e-01 -9.0672e-02
1087 +6.094375125e-02 +6.094375125e-02 +6.567094375e+01 +6.567094375e+01 -4.3666e-01 -9.7234e-02 -4.4931e-01 -5.3712e-01 -5.3245e-02
1102 +3.661068185e-02 +3.661068185e-02 +6.564661068e+01 +6.564661068e+01 -4.3880e-01 -1.2120e-01 -6.0189e-01 -5.4473e-01 -6.9644e-03
1158 +1.938348352e-02 +1.938348352e-02 +6.562938348e+01 +6.562938348e+01 -4.4326e-01 -1.3008e-01 -6.3140e-01 -5.5345e-01 +3.7796e-03
1206 +1.224056789e-02 +1.224056789e-02 +6.562224057e+01 +6.562224057e+01 -4.4369e-01 -1.3786e-01 -6.8221e-01 -5.6010e-01 +1.9506e-02
1211 +8.974544135e-03 +8.974544135e-03 +6.561897454e+01 +6.561897454e+01 -4.4111e-01 -1.3849e-01 -6.8045e-01 -5.5561e-01 +2.0497e-02
1247 +6.153814319e-03 +6.153814319e-03 +6.561615381e+01 +6.561615381e+01 -4.4039e-01 -1.4195e-01 -7.0828e-01 -5.5899e-01 +2.8483e-02
1349 +3.724056352e-03 +3.724056352e-03 +6.561372406e+01 +6.561372406e+01 -4.3945e-01 -1.5085e-01 -7.4798e-01 -5.5747e-01 +4.3309e-02
1365 +2.375117456e-03 +2.375117456e-03 +6.561237512e+01 +6.561237512e+01 -4.4041e-01 -1.5371e-01 -7.6348e-01 -5.6118e-01 +4.8203e-02
1373 +1.478497563e-03 +1.478497563e-03 +6.561147850e+01 +6.561147850e+01 -4.4069e-01 -1.5673e-01 -7.7943e-01 -5.6050e-01 +5.3832e-02
1447 +9.892262634e-04 +9.892262634e-04 +6.561098923e+01 +6.561098923e+01 -4.4050e-01 -1.6252e-01 -8.0187e-01 -5.6059e-01 +6.3640e-02
1452 +2.746200738e-04 +2.746200738e-04 +6.561027462e+01 +6.561027462e+01 -4.3999e-01 -1.6382e-01 -8.1187e-01 -5.6119e-01 +6.6472e-02
1459 +2.003412113e-04 +2.003412113e-04 +6.561020034e+01 +6.561020034e+01 -4.4030e-01 -1.6572e-01 -8.2257e-01 -5.6187e-01 +7.0008e-02
1466 +1.362933741e-04 +1.362933741e-04 +6.561013629e+01 +6.561013629e+01 -4.4002e-01 -1.6579e-01 -8.2098e-01 -5.6144e-01 +6.9819e-02
1473 +9.806356441e-05 +9.806356441e-05 +6.561009806e+01 +6.561009806e+01 -4.4013e-01 -1.6688e-01 -8.2838e-01 -5.6186e-01 +7.2589e-02
1485 +6.066197483e-05 +6.066197483e-05 +6.561006066e+01 +6.561006066e+01 -4.4013e-01 -1.6718e-01 -8.2782e-01 -5.6182e-01 +7.2262e-02
1545 +2.297781040e-05 +2.297781040e-05 +6.561002298e+01 +6.561002298e+01 -4.3993e-01 -1.6833e-01 -8.3371e-01 -5.6172e-01 +7.4697e-02
1553 +1.426683194e-05 +1.426683194e-05 +6.561001427e+01 +6.561001427e+01 -4.3993e-01 -1.6862e-01 -8.3512e-01 -5.6173e-01 +7.5164e-02
1615 +7.814778826e-06 +7.814778826e-06 +6.561000781e+01 +6.561000781e+01 -4.4011e-01 -1.6929e-01 -8.3816e-01 -5.6200e-01 +7.6274e-02
1637 +3.756928166e-06 +3.756928166e-06 +6.561000376e+01 +6.561000376e+01 -4.3999e-01 -1.6944e-01 -8.3908e-01 -5.6201e-01 +7.6500e-02
1646 +1.404580360e-06 +1.404580360e-06 +6.561000140e+01 +6.561000140e+01 -4.3994e-01 -1.6981e-01 -8.4076e-01 -5.6198e-01 +7.7181e-02
1681 +3.830891586e-07 +3.830891586e-07 +6.561000038e+01 +6.561000038e+01 -4.4000e-01 -1.6951e-01 -8.3915e-01 -5.6195e-01 +7.6611e-02
1705 +1.014925459e-07 +1.014925459e-07 +6.561000010e+01 +6.561000010e+01 -4.4000e-01 -1.6965e-01 -8.3991e-01 -5.6198e-01 +7.6870e-02
1726 +9.483642316e-08 +9.483642316e-08 +6.561000009e+01 +6.561000009e+01 -4.4000e-01 -1.6969e-01 -8.4009e-01 -5.6197e-01 +7.6953e-02
1762 +1.872945177e-08 +1.872945177e-08 +6.561000002e+01 +6.561000002e+01 -4.4000e-01 -1.6972e-01 -8.4020e-01 -5.6198e-01 +7.6987e-02
1794 +1.566573360e-08 +1.566573360e-08 +6.561000002e+01 +6.561000002e+01 -4.3999e-01 -1.6971e-01 -8.4013e-01 -5.6197e-01 +7.6965e-02
1801 +7.491365750e-09 +7.491365750e-09 +6.561000001e+01 +6.561000001e+01 -4.3999e-01 -1.6969e-01 -8.4005e-01 -5.6198e-01 +7.6933e-02
% function evaluation | noise-free fitness - Fopt (6.561000000000e+01) | best noise-free fitness - Fopt | measured fitness | best measured fitness | x1 | x2...
1 +1.194629784e+05 +1.194629784e+05 +1.195285884e+05 +1.195285884e+05 -1.9056e+00 +3.4709e+00 -1.3457e+00 +3.2319e+00 -3.5505e+00
6 +1.244522826e+04 +1.244522826e+04 +1.251083826e+04 +1.251083826e+04 -2.6757e+00 -1.1008e+00 -2.3053e+00 +2.1803e+00 -1.0978e+00
28 +6.029805500e+03 +6.029805500e+03 +6.095415500e+03 +6.095415500e+03 -2.0710e-01 +2.6685e+00 +4.9756e-02 -1.8287e+00 -1.5607e+00
29 +2.605143965e+03 +2.605143965e+03 +2.670753965e+03 +2.670753965e+03 -2.8882e-01 +3.1697e-01 -1.2807e+00 +7.3562e-01 -1.1103e+00
36 +1.198584743e+03 +1.198584743e+03 +1.264194743e+03 +1.264194743e+03 +1.1024e+00 -1.5394e+00 -9.3466e-01 +1.7968e+00 -7.1920e-01
40 +3.218067534e+02 +3.218067534e+02 +3.874167534e+02 +3.874167534e+02 +1.5851e-01 +3.7914e-01 -8.1611e-01 -1.4068e-02 +1.1617e+00
49 +1.341476096e+02 +1.341476096e+02 +1.997576096e+02 +1.997576096e+02 +4.0645e-01 -3.6202e-01 -5.2192e-01 -5.0357e-02 +9.1255e-02
79 +9.603415271e+01 +9.603415271e+01 +1.616441527e+02 +1.616441527e+02 +2.3462e-01 +6.2822e-01 +4.2996e-01 -2.4987e-01 -1.4501e-01
116 +5.151181926e+01 +5.151181926e+01 +1.171218193e+02 +1.171218193e+02 +8.6423e-01 -2.1164e-01 +5.1264e-01 +6.8764e-01 +2.7985e-01
140 +2.060270617e+01 +2.060270617e+01 +8.621270617e+01 +8.621270617e+01 +8.3371e-01 -1.8451e-01 +8.1684e-01 +4.5956e-01 -1.1727e-01
149 +1.196392047e+01 +1.196392047e+01 +7.757392047e+01 +7.757392047e+01 +1.6624e-01 +2.9925e-01 +8.6893e-01 +3.4139e-01 +5.9744e-02
184 +8.564551541e+00 +8.564551541e+00 +7.417455154e+01 +7.417455154e+01 +3.6306e-01 -1.6675e-02 +9.4607e-01 +5.4574e-01 -1.0679e-01
202 +5.547248005e+00 +5.547248005e+00 +7.115724801e+01 +7.115724801e+01 +1.8010e-01 +1.8671e-02 +8.6240e-01 +4.0480e-01 +6.8791e-02
223 +3.612631252e+00 +3.612631252e+00 +6.922263125e+01 +6.922263125e+01 -8.6655e-02 -3.8821e-02 +8.3022e-01 +3.1925e-01 -1.0234e-01
374 +2.505263437e+00 +2.505263437e+00 +6.811526344e+01 +6.811526344e+01 -5.4237e-02 -5.3765e-02 +7.7977e-01 +1.9923e-01 -9.2419e-02
476 +1.454691520e+00 +1.454691520e+00 +6.706469152e+01 +6.706469152e+01 -2.4158e-01 -1.1388e-01 +5.8488e-01 -1.4269e-01 -1.5134e-01
636 +9.735625626e-01 +9.735625626e-01 +6.658356256e+01 +6.658356256e+01 -3.0958e-01 -6.9020e-02 +4.0484e-01 -2.7503e-01 -1.8989e-01
818 +6.044547201e-01 +6.044547201e-01 +6.621445472e+01 +6.621445472e+01 -3.7216e-01 -5.0116e-02 +2.0113e-01 -4.2878e-01 -1.9995e-01
877 +3.746276392e-01 +3.746276392e-01 +6.598462764e+01 +6.598462764e+01 -3.9332e-01 -5.1811e-02 +6.8140e-02 -4.4925e-01 -1.7659e-01
913 +2.461810440e-01 +2.461810440e-01 +6.585618104e+01 +6.585618104e+01 -4.1058e-01 -7.3027e-02 -1.0536e-01 -4.8743e-01 -1.3842e-01
987 +1.463626518e-01 +1.463626518e-01 +6.575636265e+01 +6.575636265e+01 -4.2913e-01 -7.1613e-02 -2.3664e-01 -5.1993e-01 -1.1944e-01
1056 +9.503758161e-02 +9.503758161e-02 +6.570503758e+01 +6.570503758e+01 -4.3709e-01 -8.5226e-02 -3.5053e-01 -5.3224e-01 -8.3734e-02
1113 +5.078744778e-02 +5.078744778e-02 +6.566078745e+01 +6.566078745e+01 -4.3627e-01 -1.1034e-01 -5.0782e-01 -5.3989e-01 -3.2500e-02
1137 +1.813572881e-02 +1.813572881e-02 +6.562813573e+01 +6.562813573e+01 -4.4129e-01 -1.2450e-01 -6.0723e-01 -5.5320e-01 -5.8645e-03
1202 +1.010910929e-02 +1.010910929e-02 +6.562010911e+01 +6.562010911e+01 -4.4057e-01 -1.5358e-01 -7.6364e-01 -5.6119e-01 +4.4995e-02
1213 +9.977473970e-03 +9.977473970e-03 +6.561997747e+01 +6.561997747e+01 -4.4147e-01 -1.4792e-01 -7.3932e-01 -5.6158e-01 +3.6432e-02
1259 +3.095502251e-03 +3.095502251e-03 +6.561309550e+01 +6.561309550e+01 -4.3998e-01 -1.5765e-01 -7.7687e-01 -5.5795e-01 +5.4284e-02
1318 +2.381706472e-03 +2.381706472e-03 +6.561238171e+01 +6.561238171e+01 -4.4116e-01 -1.5297e-01 -7.6240e-01 -5.5998e-01 +4.7737e-02
1350 +1.250575822e-03 +1.250575822e-03 +6.561125058e+01 +6.561125058e+01 -4.4008e-01 -1.5717e-01 -7.8298e-01 -5.5981e-01 +5.6149e-02
1355 +9.719188689e-04 +9.719188689e-04 +6.561097192e+01 +6.561097192e+01 -4.3993e-01 -1.6121e-01 -8.0201e-01 -5.6122e-01 +6.3526e-02
1398 +2.974246621e-04 +2.974246621e-04 +6.561029742e+01 +6.561029742e+01 -4.4024e-01 -1.6326e-01 -8.1017e-01 -5.6132e-01 +6.6019e-02
1424 +2.345726884e-04 +2.345726884e-04 +6.561023457e+01 +6.561023457e+01 -4.4006e-01 -1.6423e-01 -8.1361e-01 -5.6124e-01 +6.7140e-02
1442 +4.665169735e-05 +4.665169735e-05 +6.561004665e+01 +6.561004665e+01 -4.4027e-01 -1.6852e-01 -8.3370e-01 -5.6177e-01 +7.4545e-02
1452 +2.949490357e-05 +2.949490357e-05 +6.561002949e+01 +6.561002949e+01 -4.3996e-01 -1.7006e-01 -8.4078e-01 -5.6184e-01 +7.7385e-02
1476 +2.139563044e-05 +2.139563044e-05 +6.561002140e+01 +6.561002140e+01 -4.4007e-01 -1.6843e-01 -8.3429e-01 -5.6192e-01 +7.4644e-02
1531 +1.184650971e-05 +1.184650971e-05 +6.561001185e+01 +6.561001185e+01 -4.3988e-01 -1.6906e-01 -8.3742e-01 -5.6193e-01 +7.5932e-02
1559 +7.046655568e-06 +7.046655568e-06 +6.561000705e+01 +6.561000705e+01 -4.3994e-01 -1.6973e-01 -8.4083e-01 -5.6200e-01 +7.7221e-02
1569 +6.262803282e-06 +6.262803282e-06 +6.561000626e+01 +6.561000626e+01 -4.4004e-01 -1.6878e-01 -8.3594e-01 -5.6186e-01 +7.5405e-02
1595 +3.866212737e-06 +3.866212737e-06 +6.561000387e+01 +6.561000387e+01 -4.3990e-01 -1.6961e-01 -8.3987e-01 -5.6191e-01 +7.6898e-02
1623 +2.374901669e-06 +2.374901669e-06 +6.561000237e+01 +6.561000237e+01 -4.3999e-01 -1.6960e-01 -8.3973e-01 -5.6189e-01 +7.6816e-02
1632 +7.663200847e-07 +7.663200847e-07 +6.561000077e+01 +6.561000077e+01 -4.4002e-01 -1.6957e-01 -8.3959e-01 -5.6198e-01 +7.6733e-02
1637 +5.372805276e-07 +5.372805276e-07 +6.561000054e+01 +6.561000054e+01 -4.4000e-01 -1.6965e-01 -8.3998e-01 -5.6195e-01 +7.6906e-02
1648 +3.239856170e-07 +3.239856170e-07 +6.561000032e+01 +6.561000032e+01 -4.3999e-01 -1.6959e-01 -8.3951e-01 -5.6195e-01 +7.6745e-02
1707 +9.207033713e-08 +9.207033713e-08 +6.561000009e+01 +6.561000009e+01 -4.3999e-01 -1.6974e-01 -8.4034e-01 -5.6198e-01 +7.7044e-02
1749 +6.291716659e-08 +6.291716659e-08 +6.561000006e+01 +6.561000006e+01 -4.3999e-01 -1.6977e-01 -8.4037e-01 -5.6198e-01 +7.7062e-02
1760 +3.419810923e-08 +3.419810923e-08 +6.561000003e+01 +6.561000003e+01 -4.4000e-01 -1.6970e-01 -8.4011e-01 -5.6198e-01 +7.6961e-02
1790 +2.002111898e-08 +2.002111898e-08 +6.561000002e+01 +6.561000002e+01 -4.3999e-01 -1.6971e-01 -8.4013e-01 -5.6197e-01 +7.6964e-02
1793 +1.369582492e-08 +1.369582492e-08 +6.561000001e+01 +6.561000001e+01 -4.3999e-01 -1.6968e-01 -8.4001e-01 -5.6197e-01 +7.6923e-02
1810 +8.205702784e-09 +8.205702784e-09 +6.561000001e+01 +6.561000001e+01 -4.3999e-01 -1.6973e-01 -8.4026e-01 -5.6198e-01 +7.7012e-02
1818 +2.783906439e-09 +2.783906439e-09 +6.561000000e+01 +6.561000000e+01 -4.3999e-01 -1.6972e-01 -8.4020e-01 -5.6198e-01 +7.6992e-02
