% function evaluation | noise-free fitness - Fopt (1.238300000000e+02) | best noise-free fitness - Fopt | measured fitness | best measured fitness | x1 | x2...
1 +3.354891965e+03 +3.354891965e+03 +3.478721965e+03 +3.478721965e+03 +2.3938e+00 -1.7673e+00 -2.7179e+00
3 +1.377159267e+03 +1.377159267e+03 +1.500989267e+03 +1.500989267e+03 +2.2871e+00 -1.3222e+00 -1.4126e+00
8 +1.986362707e+02 +1.986362707e+02 +3.224662707e+02 +3.224662707e+02 +6.5319e-01 -1.4022e+00 -6.1103e-01
26 +1.473635266e+02 +1.473635266e+02 +2.711935266e+02 +2.711935266e+02 +2.6152e+00 -2.6468e-02 -3.6759e-01
54 +7.133850981e+01 +7.133850981e+01 +1.951685098e+02 +1.951685098e+02 +2.3151e+00 -3.9112e-01 -2.4529e-01
56 +4.792567886e+01 +4.792567886e+01 +1.717556789e+02 +1.717556789e+02 +3.5587e+00 -1.9251e-01 -2.2368e-01
109 +1.950504594e+01 +1.950504594e+01 +1.433350459e+02 +1.433350459e+02 +2.1261e+00 +1.9631e+00 -1.7426e-01
136 +9.068095546e+00 +9.068095546e+00 +1.328980955e+02 +1.328980955e+02 +2.0576e+00 +1.7498e+00 -2.4809e-01
187 +9.649050072e-01 +9.649050072e-01 +1.247949050e+02 +1.247949050e+02 +1.5717e+00 +1.5383e+00 -1.1338e-01
255 +4.630944212e-01 +4.630944212e-01 +1.242930944e+02 +1.242930944e+02 +1.5811e+00 +1.6001e+00 -1.1398e-01
261 +3.859278752e-01 +3.859278752e-01 +1.242159279e+02 +1.242159279e+02 +1.5629e+00 +1.5705e+00 -1.0621e-01
402 +2.415695724e-01 +2.415695724e-01 +1.240715696e+02 +1.240715696e+02 +1.3312e+00 +1.4255e+00 -4.5700e-02
464 +1.543148129e-01 +1.543148129e-01 +1.239843148e+02 +1.239843148e+02 +1.1242e+00 +1.2759e+00 +6.9894e-03
498 +9.047112706e-02 +9.047112706e-02 +1.239204711e+02 +1.239204711e+02 +8.9665e-01 +1.1154e+00 +5.9931e-02
503 +6.059858719e-02 +6.059858719e-02 +1.238905986e+02 +1.238905986e+02 +7.2518e-01 +9.9254e-01 +1.0031e-01
556 +2.750455425e-02 +2.750455425e-02 +1.238575046e+02 +1.238575046e+02 +6.8293e-01 +9.6781e-01 +1.0574e-01
579 +1.666049973e-02 +1.666049973e-02 +1.238466605e+02 +1.238466605e+02 +5.8830e-01 +8.9913e-01 +1.2441e-01
590 +1.512468182e-02 +1.512468182e-02 +1.238451247e+02 +1.238451247e+02 +5.8341e-01 +8.9442e-01 +1.2491e-01
598 +9.806844012e-03 +9.806844012e-03 +1.238398068e+02 +1.238398068e+02 +4.8199e-01 +8.1721e-01 +1.3516e-01
604 +5.870368078e-03 +5.870368078e-03 +1.238358704e+02 +1.238358704e+02 +4.6906e-01 +8.0448e-01 +1.3785e-01
628 +2.215824559e-03 +2.215824559e-03 +1.238322158e+02 +1.238322158e+02 +4.2873e-01 +7.7649e-01 +1.4784e-01
699 +1.494871357e-03 +1.494871357e-03 +1.238314949e+02 +1.238314949e+02 +4.6059e-01 +8.0078e-01 +1.4204e-01
720 +8.882869625e-04 +8.882869625e-04 +1.238308883e+02 +1.238308883e+02 +4.3417e-01 +7.8060e-01 +1.4606e-01
751 +6.066464060e-04 +6.066464060e-04 +1.238306066e+02 +1.238306066e+02 +4.3810e-01 +7.8302e-01 +1.4451e-01
771 +2.211820114e-04 +2.211820114e-04 +1.238302212e+02 +1.238302212e+02 +4.1765e-01 +7.6733e-01 +1.4756e-01
779 +4.325850256e-05 +4.325850256e-05 +1.238300433e+02 +1.238300433e+02 +4.0422e-01 +7.5646e-01 +1.4922e-01
804 +6.366128119e-06 +6.366128119e-06 +1.238300064e+02 +1.238300064e+02 +4.0246e-01 +7.5456e-01 +1.4929e-01
876 +6.119292209e-06 +6.119292209e-06 +1.238300061e+02 +1.238300061e+02 +3.9727e-01 +7.5057e-01 +1.5008e-01
877 +3.709597095e-06 +3.709597095e-06 +1.238300037e+02 +1.238300037e+02 +3.9860e-01 +7.5152e-01 +1.4981e-01
896 +1.442269351e-06 +1.442269351e-06 +1.238300014e+02 +1.238300014e+02 +3.9893e-01 +7.5183e-01 +1.4979e-01
900 +3.859408650e-07 +3.859408650e-07 +1.238300004e+02 +1.238300004e+02 +4.0003e-01 +7.5277e-01 +1.4969e-01
930 +2.349225809e-07 +2.349225809e-07 +1.238300002e+02 +1.238300002e+02 +4.0127e-01 +7.5372e-01 +1.4952e-01
935 +1.410120376e-08 +1.410120376e-08 +1.238300000e+02 +1.238300000e+02 +4.0068e-01 +7.5324e-01 +1.4960e-01
990 +5.760483646e-09 +5.760483646e-09 +1.238300000e+02 +1.238300000e+02 +4.0052e-01 +7.5312e-01 +1.4962e-01
992 +3.246100277e-09 +3.246100277e-09 +1.238300000e+02 +1.238300000e+02 +4.0044e-01 +7.5306e-01 +1.4963e-01
996 +2.511740149e-09 +2.511740149e-09 +1.238300000e+02 +1.238300000e+02 +4.0045e-01 +7.5307e-01 +1.4963e-01
% function evaluation | noise-free fitness - Fopt (1.238300000000e+02) | best noise-free fitness - Fopt | measured fitness | best measured fitness | x1 | x2...
1 +1.081908512e+03 +1.081908512e+03 +1.205738512e+03 +1.205738512e+03 -1.9315e+00 -1.9301e+00 +1.9122e+00
6 +2.669554839e+02 +2.669554839e+02 +3.907854839e+02 +3.907854839e+02 -7.5226e-01 -2.0419e+00 +9.3204e-01
33 +1.748207808e+02 +1.748207808e+02 +2.986507808e+02 +2.986507808e+02 -1.4840e+00 -7.6945e-01 +6.8674e-01
41 +7.115435077e+01 +7.115435077e+01 +1.949843508e+02 +1.949843508e+02 -4.9706e-01 -1.4102e+00 +5.4350e-01
44 +4.819792710e+00 +4.819792710e+00 +1.286497927e+02 +1.286497927e+02 -2.9223e-01 -7.5227e-01 -2.8048e-01
67 +1.326158104e+00 +1.326158104e+00 +1.251561581e+02 +1.251561581e+02 -4.7838e-01 -2.0165e-01 -1.5057e-02
145 +7.718255209e-01 +7.718255209e-01 +1.246018255e+02 +1.246018255e+02 -4.5432e-01 -1.5235e-01 +4.8708e-02
171 +5.342351952e-01 +5.342351952e-01 +1.243642352e+02 +1.243642352e+02 -2.5349e-01 +9.1715e-02 +1.0560e-01
181 +3.266796306e-01 +3.266796306e-01 +1.241566796e+02 +1.241566796e+02 -2.6555e-01 +1.3413e-01 +1.4860e-01
193 +1.986861841e-01 +1.986861841e-01 +1.240286862e+02 +1.240286862e+02 -7.8541e-02 +3.1565e-01 +1.5330e-01
268 +1.365969916e-01 +1.365969916e-01 +1.239665970e+02 +1.239665970e+02 -8.3598e-02 +3.2471e-01 +1.7120e-01
313 +8.741826341e-02 +8.741826341e-02 +1.239174183e+02 +1.239174183e+02 +4.6187e-03 +4.1049e-01 +1.6847e-01
367 +5.843017921e-02 +5.843017921e-02 +1.238884302e+02 +1.238884302e+02 +6.7678e-02 +4.6765e-01 +1.7083e-01
398 +3.346452646e-02 +3.346452646e-02 +1.238634645e+02 +1.238634645e+02 +1.7602e-01 +5.6343e-01 +1.6536e-01
401 +2.370855692e-02 +2.370855692e-02 +1.238537086e+02 +1.238537086e+02 +2.0825e-01 +5.9745e-01 +1.6497e-01
437 +4.214427497e-03 +4.214427497e-03 +1.238342144e+02 +1.238342144e+02 +3.3130e-01 +6.9806e-01 +1.5974e-01
476 +2.920086559e-03 +2.920086559e-03 +1.238329201e+02 +1.238329201e+02 +3.5418e-01 +7.1793e-01 +1.5707e-01
479 +2.145681515e-03 +2.145681515e-03 +1.238321457e+02 +1.238321457e+02 +3.8280e-01 +7.3608e-01 +1.5158e-01
485 +1.247636393e-03 +1.247636393e-03 +1.238312476e+02 +1.238312476e+02 +3.5256e-01 +7.1376e-01 +1.5477e-01
488 +2.844001179e-04 +2.844001179e-04 +1.238302844e+02 +1.238302844e+02 +3.8352e-01 +7.4024e-01 +1.5144e-01
554 +8.183379845e-05 +8.183379845e-05 +1.238300818e+02 +1.238300818e+02 +3.9982e-01 +7.5299e-01 +1.5005e-01
585 +2.029099301e-05 +2.029099301e-05 +1.238300203e+02 +1.238300203e+02 +4.0138e-01 +7.5372e-01 +1.4931e-01
618 +1.511219438e-05 +1.511219438e-05 +1.238300151e+02 +1.238300151e+02 +4.0545e-01 +7.5693e-01 +1.4906e-01
640 +8.485664836e-06 +8.485664836e-06 +1.238300085e+02 +1.238300085e+02 +4.0370e-01 +7.5560e-01 +1.4929e-01
676 +3.993485421e-06 +3.993485421e-06 +1.238300040e+02 +1.238300040e+02 +4.0292e-01 +7.5507e-01 +1.4928e-01
685 +3.033207179e-06 +3.033207179e-06 +1.238300030e+02 +1.238300030e+02 +4.0314e-01 +7.5523e-01 +1.4928e-01
694 +1.971681570e-06 +1.971681570e-06 +1.238300020e+02 +1.238300020e+02 +4.0220e-01 +7.5450e-01 +1.4944e-01
706 +7.919315692e-07 +7.919315692e-07 +1.238300008e+02 +1.238300008e+02 +4.0184e-01 +7.5419e-01 +1.4946e-01
708 +2.907634240e-07 +2.907634240e-07 +1.238300003e+02 +1.238300003e+02 +4.0031e-01 +7.5293e-01 +1.4962e-01
761 +1.113925663e-07 +1.113925663e-07 +1.238300001e+02 +1.238300001e+02 +4.0006e-01 +7.5275e-01 +1.4967e-01
780 +7.941464730e-08 +7.941464730e-08 +1.238300001e+02 +1.238300001e+02 +4.0085e-01 +7.5339e-01 +1.4958e-01
783 +4.906563333e-08 +4.906563333e-08 +1.238300000e+02 +1.238300000e+02 +4.0073e-01 +7.5327e-01 +1.4959e-01
788 +9.250101130e-09 +9.250101130e-09 +1.238300000e+02 +1.238300000e+02 +4.0064e-01 +7.5321e-01 +1.4960e-01
% function evaluation | noise-free fitness - Fopt (1.238300000000e+02) | best noise-free fitness - Fopt | measured fitness | best measured fitness | x1 | x2...
1 +1.775991585e+03 +1.775991585e+03 +1.899821585e+03 +1.899821585e+03 +5.2950e-02 -2.1963e+00 -1.8914e+00
2 +1.342313092e+03 +1.342313092e+03 +1.466143092e+03 +1.466143092e+03 +6.0928e-01 +1.8751e+00 -8.2406e-01
3 +3.785155359e+02 +3.785155359e+02 +5.023455359e+02 +5.023455359e+02 +1.1503e-01 -8.2639e-01 -2.2790e+00
14 +1.036950858e+02 +1.036950858e+02 +2.275250858e+02 +2.275250858e+02 +6.0684e-01 -1.6608e+00 +2.8621e-01
17 +1.553345980e+01 +1.553345980e+01 +1.393634598e+02 +1.393634598e+02 +8.8598e-01 -8.9735e-01 +9.6424e-02
54 +9.013985261e+00 +9.013985261e+00 +1.328439853e+02 +1.328439853e+02 -7.0372e-01 -6.7869e-01 -6.4041e-02
67 +2.901125740e+00 +2.901125740e+00 +1.267311257e+02 +1.267311257e+02 -3.1738e-01 -9.8938e-01 -7.7345e-02
136 +2.451535355e+00 +2.451535355e+00 +1.262815354e+02 +1.262815354e+02 -3.7925e-01 -8.4440e-01 -9.0212e-02
206 +1.291851069e+00 +1.291851069e+00 +1.251218511e+02 +1.251218511e+02 -4.8344e-01 -4.4110e-01 -8.2052e-02
287 +9.962570527e-01 +9.962570527e-01 +1.248262571e+02 +1.248262571e+02 -4.7195e-01 -3.0477e-01 -2.1556e-03
361 +5.916306791e-01 +5.916306791e-01 +1.244216307e+02 +1.244216307e+02 -4.0745e-01 -7.9894e-02 +8.2924e-02
441 +3.677484230e-01 +3.677484230e-01 +1.241977484e+02 +1.241977484e+02 -2.7432e-01 +1.3489e-01 +1.5141e-01
486 +2.346316947e-01 +2.346316947e-01 +1.240646317e+02 +1.240646317e+02 -1.4868e-01 +2.5718e-01 +1.7312e-01
532 +1.506628696e-01 +1.506628696e-01 +1.239806629e+02 +1.239806629e+02 -1.0237e-01 +3.0277e-01 +1.6797e-01
547 +8.525123824e-02 +8.525123824e-02 +1.239152512e+02 +1.239152512e+02 +9.8412e-04 +4.0661e-01 +1.7356e-01
570 +5.932840619e-02 +5.932840619e-02 +1.238893284e+02 +1.238893284e+02 +1.1212e-01 +5.2304e-01 +1.7684e-01
584 +3.914827521e-02 +3.914827521e-02 +1.238691483e+02 +1.238691483e+02 +1.1662e-01 +5.1629e-01 +1.7447e-01
607 +1.323842559e-02 +1.323842559e-02 +1.238432384e+02 +1.238432384e+02 +2.4640e-01 +6.2756e-01 +1.6792e-01
660 +6.596106331e-03 +6.596106331e-03 +1.238365961e+02 +1.238365961e+02 +3.2253e-01 +6.8676e-01 +1.5639e-01
678 +3.122818608e-03 +3.122818608e-03 +1.238331228e+02 +1.238331228e+02 +3.5652e-01 +7.2101e-01 +1.5635e-01
713 +1.097083098e-03 +1.097083098e-03 +1.238310971e+02 +1.238310971e+02 +4.2601e-01 +7.7164e-01 +1.4535e-01
732 +7.705028638e-04 +7.705028638e-04 +1.238307705e+02 +1.238307705e+02 +4.4474e-01 +7.8781e-01 +1.4401e-01
743 +4.171394628e-04 +4.171394628e-04 +1.238304171e+02 +1.238304171e+02 +3.8449e-01 +7.4138e-01 +1.5135e-01
780 +3.958692163e-04 +3.958692163e-04 +1.238303959e+02 +1.238303959e+02 +3.7314e-01 +7.3167e-01 +1.5264e-01
783 +2.502309511e-04 +2.502309511e-04 +1.238302502e+02 +1.238302502e+02 +4.0706e-01 +7.5914e-01 +1.4861e-01
790 +7.149254192e-05 +7.149254192e-05 +1.238300715e+02 +1.238300715e+02 +4.0956e-01 +7.6036e-01 +1.4823e-01
824 +4.482161874e-05 +4.482161874e-05 +1.238300448e+02 +1.238300448e+02 +3.9470e-01 +7.4832e-01 +1.5051e-01
835 +3.736887936e-05 +3.736887936e-05 +1.238300374e+02 +1.238300374e+02 +3.9120e-01 +7.4584e-01 +1.5076e-01
837 +8.721943757e-06 +8.721943757e-06 +1.238300087e+02 +1.238300087e+02 +3.9665e-01 +7.4996e-01 +1.5012e-01
863 +3.158355369e-06 +3.158355369e-06 +1.238300032e+02 +1.238300032e+02 +3.9794e-01 +7.5108e-01 +1.4997e-01
883 +9.008530668e-07 +9.008530668e-07 +1.238300009e+02 +1.238300009e+02 +4.0000e-01 +7.5268e-01 +1.4964e-01
931 +2.420621996e-07 +2.420621996e-07 +1.238300002e+02 +1.238300002e+02 +4.0032e-01 +7.5295e-01 +1.4966e-01
963 +1.569709127e-07 +1.569709127e-07 +1.238300002e+02 +1.238300002e+02 +4.0040e-01 +7.5304e-01 +1.4965e-01
968 +2.262720500e-08 +2.262720500e-08 +1.238300000e+02 +1.238300000e+02 +4.0046e-01 +7.5308e-01 +1.4963e-01
1004 +1.327198618e-08 +1.327198618e-08 +1.238300000e+02 +1.238300000e+02 +4.0047e-01 +7.5308e-01 +1.4962e-01
1044 +5.621316745e-09 +5.621316745e-09 +1.238300000e+02 +1.238300000e+02 +4.0063e-01 +7.5320e-01 +1.4960e-01
% function evaluation | noise-free fitness - Fopt (4.751000000000e+01) | best noise-free fitness - Fopt | measured fitness | best measured fitness | x1 | x2...
1 +1.485637505e+04 +1.485637505e+04 +1.490388505e+04 +1.490388505e+04 +1.9521e+00 +8.8896e-01 -3.6744e+00
3 +8.999305322e+01 +8.999305322e+01 +1.375030532e+02 +1.375030532e+02 -5.3330e-01 +1.3432e-01 -1.2518e+00
6 +1.340557637e+01 +1.340557637e+01 +6.091557637e+01 +6.091557637e+01 -8.3140e-01 -1.6287e-01 -6.7309e-01
56 +2.320206835e+00 +2.320206835e+00 +4.983020684e+01 +4.983020684e+01 +1.9448e-02 -6.2098e-01 -5.3778e-01
173 +1.464689271e+00 +1.464689271e+00 +4.897468927e+01 +4.897468927e+01 +1.0785e-01 -3.6856e-01 -1.1742e-01
206 +5.845202549e-01 +5.845202549e-01 +4.809452025e+01 +4.809452025e+01 +1.9369e-01 -3.0787e-01 +9.1108e-02
263 +3.172494344e-01 +3.172494344e-01 +4.782724943e+01 +4.782724943e+01 +1.9415e-01 -2.1761e-01 +1.4428e-01
307 +2.248381255e-01 +2.248381255e-01 +4.773483813e+01 +4.773483813e+01 +1.9799e-01 -1.1750e-01 +2.4184e-01
337 +1.414579112e-01 +1.414579112e-01 +4.765145791e+01 +4.765145791e+01 +1.9257e-01 -3.7241e-03 +3.2716e-01
420 +9.937524499e-02 +9.937524499e-02 +4.760937524e+01 +4.760937524e+01 +1.8311e-01 +7.4806e-02 +3.7168e-01
439 +4.973183069e-02 +4.973183069e-02 +4.755973183e+01 +4.755973183e+01 +1.6953e-01 +2.8958e-01 +5.0104e-01
462 +3.492905489e-02 +3.492905489e-02 +4.754492905e+01 +4.754492905e+01 +1.6701e-01 +2.5848e-01 +4.8660e-01
507 +2.401773157e-02 +2.401773157e-02 +4.753401773e+01 +4.753401773e+01 +1.6291e-01 +3.0736e-01 +5.1990e-01
520 +1.249970639e-02 +1.249970639e-02 +4.752249971e+01 +4.752249971e+01 +1.5731e-01 +3.7207e-01 +5.5356e-01
540 +8.894678765e-03 +8.894678765e-03 +4.751889468e+01 +4.751889468e+01 +1.5550e-01 +3.9437e-01 +5.6356e-01
589 +6.231210138e-03 +6.231210138e-03 +4.751623121e+01 +4.751623121e+01 +1.4836e-01 +4.6017e-01 +5.9919e-01
600 +2.679343574e-03 +2.679343574e-03 +4.751267934e+01 +4.751267934e+01 +1.4815e-01 +4.8164e-01 +6.0846e-01
610 +1.693120143e-03 +1.693120143e-03 +4.751169312e+01 +4.751169312e+01 +1.4570e-01 +5.0923e-01 +6.2095e-01
611 +1.584658817e-03 +1.584658817e-03 +4.751158466e+01 +4.751158466e+01 +1.4568e-01 +4.9225e-01 +6.1243e-01
626 +9.220683686e-04 +9.220683686e-04 +4.751092207e+01 +4.751092207e+01 +1.4359e-01 +5.1219e-01 +6.2103e-01
639 +4.208453390e-04 +4.208453390e-04 +4.751042085e+01 +4.751042085e+01 +1.4225e-01 +5.3211e-01 +6.3189e-01
674 +5.260267540e-05 +5.260267540e-05 +4.751005260e+01 +4.751005260e+01 +1.4000e-01 +5.5160e-01 +6.4045e-01
741 +1.988262952e-06 +1.988262952e-06 +4.751000199e+01 +4.751000199e+01 +1.3887e-01 +5.6336e-01 +6.4569e-01
783 +4.273327505e-07 +4.273327505e-07 +4.751000043e+01 +4.751000043e+01 +1.3919e-01 +5.6012e-01 +6.4416e-01
820 +1.102644873e-07 +1.102644873e-07 +4.751000011e+01 +4.751000011e+01 +1.3912e-01 +5.6072e-01 +6.4443e-01
825 +3.362640655e-08 +3.362640655e-08 +4.751000003e+01 +4.751000003e+01 +1.3904e-01 +5.6149e-01 +6.4479e-01
832 +1.278495176e-08 +1.278495176e-08 +4.751000001e+01 +4.751000001e+01 +1.3908e-01 +5.6118e-01 +6.4464e-01
871 +2.467054117e-09 +2.467054117e-09 +4.751000000e+01 +4.751000000e+01 +1.3907e-01 +5.6131e-01 +6.4470e-01
% function evaluation | noise-free fitness - Fopt (4.751000000000e+01) | best noise-free fitness - Fopt | measured fitness | best measured fitness | x1 | x2...
1 +2.030932445e+03 +2.030932445e+03 +2.078442445e+03 +2.078442445e+03 +1.9298e+00 -1.2505e+00 -4.4282e-01
4 +2.425356839e+02 +2.425356839e+02 +2.900456839e+02 +2.900456839e+02 +7.6722e-01 +1.8508e-01 +5.6164e-01
11 +5.974670884e+01 +5.974670884e+01 +1.072567088e+02 +1.072567088e+02 +2.5149e-01 +5.5765e-01 +1.0310e+00
21 +2.065451469e+01 +2.065451469e+01 +6.816451469e+01 +6.816451469e+01 -5.2998e-02 -3.2487e-01 -1.0579e+00
48 +1.406145071e+01 +1.406145071e+01 +6.157145071e+01 +6.157145071e+01 -6.3786e-01 -5.4254e-01 -9.3334e-01
58 +4.094404388e+00 +4.094404388e+00 +5.160440439e+01 +5.160440439e+01 -1.1710e+00 -2.6038e-01 -5.7950e-01
103 +2.934815016e+00 +2.934815016e+00 +5.044481502e+01 +5.044481502e+01 -5.1063e-01 -5.3434e-01 -6.6655e-01
143 +1.777202945e+00 +1.777202945e+00 +4.928720295e+01 +4.928720295e+01 +3.5960e-02 -5.6701e-01 -5.2646e-01
149 +1.535278801e+00 +1.535278801e+00 +4.904527880e+01 +4.904527880e+01 +1.3622e-01 -5.3037e-01 -3.8112e-01
186 +8.029864874e-01 +8.029864874e-01 +4.831298649e+01 +4.831298649e+01 +1.8528e-01 -4.3943e-01 -1.1893e-01
234 +5.763999035e-01 +5.763999035e-01 +4.808639990e+01 +4.808639990e+01 +1.7693e-01 -3.4528e-01 +1.4603e-02
265 +3.453732587e-01 +3.453732587e-01 +4.785537326e+01 +4.785537326e+01 +1.8783e-01 -2.2381e-01 +1.4198e-01
289 +2.432754975e-01 +2.432754975e-01 +4.775327550e+01 +4.775327550e+01 +1.8831e-01 -1.2629e-01 +2.1389e-01
316 +1.466074189e-01 +1.466074189e-01 +4.765660742e+01 +4.765660742e+01 +1.8286e-01 +2.3693e-02 +3.2875e-01
370 +9.761900191e-02 +9.761900191e-02 +4.760761900e+01 +4.760761900e+01 +1.8219e-01 +7.2680e-02 +3.7986e-01
471 +6.194986273e-02 +6.194986273e-02 +4.757194986e+01 +4.757194986e+01 +1.7595e-01 +1.5555e-01 +4.3053e-01
493 +3.425829685e-02 +3.425829685e-02 +4.754425830e+01 +4.754425830e+01 +1.6683e-01 +2.5687e-01 +4.9072e-01
513 +1.992920101e-02 +1.992920101e-02 +4.752992920e+01 +4.752992920e+01 +1.5630e-01 +4.3641e-01 +5.9075e-01
530 +6.000397763e-03 +6.000397763e-03 +4.751600040e+01 +4.751600040e+01 +1.4314e-01 +5.1072e-01 +6.1669e-01
532 +3.594918183e-03 +3.594918183e-03 +4.751359492e+01 +4.751359492e+01 +1.3454e-01 +5.8547e-01 +6.5683e-01
597 +1.476271247e-03 +1.476271247e-03 +4.751147627e+01 +4.751147627e+01 +1.4220e-01 +5.1999e-01 +6.2600e-01
599 +9.790074586e-04 +9.790074586e-04 +4.751097901e+01 +4.751097901e+01 +1.3860e-01 +5.7379e-01 +6.5209e-01
635 +4.440872130e-04 +4.440872130e-04 +4.751044409e+01 +4.751044409e+01 +1.4163e-01 +5.3813e-01 +6.3310e-01
657 +1.457763261e-04 +1.457763261e-04 +4.751014578e+01 +4.751014578e+01 +1.3903e-01 +5.6339e-01 +6.4636e-01
659 +7.233069717e-05 +7.233069717e-05 +4.751007233e+01 +4.751007233e+01 +1.3918e-01 +5.6346e-01 +6.4601e-01
667 +4.708380199e-05 +4.708380199e-05 +4.751004708e+01 +4.751004708e+01 +1.3831e-01 +5.6684e-01 +6.4742e-01
685 +3.710089376e-05 +3.710089376e-05 +4.751003710e+01 +4.751003710e+01 +1.3844e-01 +5.6707e-01 +6.4704e-01
689 +1.372507762e-05 +1.372507762e-05 +4.751001373e+01 +4.751001373e+01 +1.3864e-01 +5.6641e-01 +6.4704e-01
712 +9.174004809e-06 +9.174004809e-06 +4.751000917e+01 +4.751000917e+01 +1.3956e-01 +5.5735e-01 +6.4296e-01
714 +4.799493084e-06 +4.799493084e-06 +4.751000480e+01 +4.751000480e+01 +1.3909e-01 +5.6077e-01 +6.4432e-01
732 +3.663513446e-06 +3.663513446e-06 +4.751000366e+01 +4.751000366e+01 +1.3891e-01 +5.6244e-01 +6.4511e-01
737 +8.650238925e-08 +8.650238925e-08 +4.751000009e+01 +4.751000009e+01 +1.3912e-01 +5.6080e-01 +6.4446e-01
823 +5.557425453e-08 +5.557425453e-08 +4.751000006e+01 +4.751000006e+01 +1.3907e-01 +5.6116e-01 +6.4462e-01
836 +3.191082243e-08 +3.191082243e-08 +4.751000003e+01 +4.751000003e+01 +1.3907e-01 +5.6120e-01 +6.4464e-01
853 +9.197464124e-09 +9.197464124e-09 +4.751000001e+01 +4.751000001e+01 +1.3905e-01 +5.6141e-01 +6.4474e-01
% function evaluation | noise-free fitness - Fopt (4.751000000000e+01) | best noise-free fitness - Fopt | measured fitness | best measured fitness | x1 | x2...
1 +1.019804705e+03 +1.019804705e+03 +1.067314705e+03 +1.067314705e+03 +6.5698e-02 +3.0445e+00 -1.5225e+00
3 +2.164629463e+02 +2.164629463e+02 +2.639729463e+02 +2.639729463e+02 -6.3426e-01 +8.2701e-01 -1.0080e+00
9 +8.537778249e+01 +8.537778249e+01 +1.328877825e+02 +1.328877825e+02 +6.7388e-01 -3.5992e-01 -2.4866e-01
36 +4.164815664e+01 +4.164815664e+01 +8.915815664e+01 +8.915815664e+01 -1.6176e+00 +8.1154e-01 -8.1766e-02
48 +6.147406174e+00 +6.147406174e+00 +5.365740617e+01 +5.365740617e+01 -8.3869e-01 -6.2777e-01 -7.3429e-01
116 +3.809979225e+00 +3.809979225e+00 +5.131997922e+01 +5.131997922e+01 -6.6843e-01 -4.8153e-01 -6.1882e-01
338 +2.476664349e+00 +2.476664349e+00 +4.998666435e+01 +4.998666435e+01 -3.4979e-01 -6.0713e-01 -7.1184e-01
468 +1.583229609e+00 +1.583229609e+00 +4.909322961e+01 +4.909322961e+01 +1.0479e-02 -5.4315e-01 -5.1606e-01
587 +9.862854481e-01 +9.862854481e-01 +4.849628545e+01 +4.849628545e+01 +1.3035e-01 -4.7793e-01 -2.6806e-01
648 +5.734175264e-01 +5.734175264e-01 +4.808341753e+01 +4.808341753e+01 +1.8554e-01 -3.6755e-01 -3.9496e-02
736 +3.353287271e-01 +3.353287271e-01 +4.784532873e+01 +4.784532873e+01 +2.0088e-01 -2.2331e-01 +1.4082e-01
792 +2.333227699e-01 +2.333227699e-01 +4.774332277e+01 +4.774332277e+01 +1.9638e-01 -1.3057e-01 +2.1860e-01
816 +1.535662828e-01 +1.535662828e-01 +4.766356628e+01 +4.766356628e+01 +1.8675e-01 +3.1962e-03 +3.1522e-01
869 +8.483169528e-02 +8.483169528e-02 +4.759483170e+01 +4.759483170e+01 +1.7365e-01 +1.2900e-01 +4.1328e-01
898 +5.330795359e-02 +5.330795359e-02 +4.756330795e+01 +4.756330795e+01 +1.6740e-01 +2.1806e-01 +4.6162e-01
905 +3.008058251e-02 +3.008058251e-02 +4.754008058e+01 +4.754008058e+01 +1.6893e-01 +2.7800e-01 +5.0120e-01
933 +1.933972654e-02 +1.933972654e-02 +4.752933973e+01 +4.752933973e+01 +1.5652e-01 +3.5916e-01 +5.4096e-01
985 +1.108000350e-02 +1.108000350e-02 +4.752108000e+01 +4.752108000e+01 +1.5669e-01 +3.9493e-01 +5.6174e-01
1004 +9.875471183e-03 +9.875471183e-03 +4.751987547e+01 +4.751987547e+01 +1.5440e-01 +3.9872e-01 +5.6740e-01
1017 +4.469054430e-03 +4.469054430e-03 +4.751446905e+01 +4.751446905e+01 +1.5013e-01 +4.4520e-01 +5.8945e-01
1043 +2.275951227e-03 +2.275951227e-03 +4.751227595e+01 +4.751227595e+01 +1.4804e-01 +4.7832e-01 +6.0610e-01
1083 +1.501854732e-03 +1.501854732e-03 +4.751150185e+01 +4.751150185e+01 +1.4625e-01 +4.9353e-01 +6.1240e-01
1107 +9.330158856e-04 +9.330158856e-04 +4.751093302e+01 +4.751093302e+01 +1.4213e-01 +5.4188e-01 +6.3698e-01
1116 +2.351212202e-04 +2.351212202e-04 +4.751023512e+01 +4.751023512e+01 +1.4114e-01 +5.4212e-01 +6.3523e-01
1128 +1.486780208e-04 +1.486780208e-04 +4.751014868e+01 +4.751014868e+01 +1.3784e-01 +5.7082e-01 +6.4949e-01
1166 +4.575602514e-05 +4.575602514e-05 +4.751004576e+01 +4.751004576e+01 +1.3914e-01 +5.6341e-01 +6.4579e-01
1173 +3.625924273e-05 +3.625924273e-05 +4.751003626e+01 +4.751003626e+01 +1.3856e-01 +5.6819e-01 +6.4796e-01
1206 +2.414950610e-05 +2.414950610e-05 +4.751002415e+01 +4.751002415e+01 +1.3953e-01 +5.5856e-01 +6.4363e-01
1216 +1.379909871e-05 +1.379909871e-05 +4.751001380e+01 +4.751001380e+01 +1.3918e-01 +5.5986e-01 +6.4421e-01
1220 +6.567208267e-06 +6.567208267e-06 +4.751000657e+01 +4.751000657e+01 +1.3858e-01 +5.6593e-01 +6.4678e-01
1225 +5.761165284e-06 +5.761165284e-06 +4.751000576e+01 +4.751000576e+01 +1.3869e-01 +5.6512e-01 +6.4652e-01
1227 +3.025202922e-06 +3.025202922e-06 +4.751000303e+01 +4.751000303e+01 +1.3875e-01 +5.6393e-01 +6.4586e-01
1234 +2.456795578e-06 +2.456795578e-06 +4.751000246e+01 +4.751000246e+01 +1.3908e-01 +5.6174e-01 +6.4487e-01
1248 +1.434218184e-06 +1.434218184e-06 +4.751000143e+01 +4.751000143e+01 +1.3921e-01 +5.6029e-01 +6.4426e-01
1250 +2.009112734e-07 +2.009112734e-07 +4.751000020e+01 +4.751000020e+01 +1.3905e-01 +5.6127e-01 +6.4469e-01
1297 +1.482745162e-07 +1.482745162e-07 +4.751000015e+01 +4.751000015e+01 +1.3904e-01 +5.6143e-01 +6.4473e-01
1302 +2.741122529e-08 +2.741122529e-08 +4.751000003e+01 +4.751000003e+01 +1.3906e-01 +5.6132e-01 +6.4470e-01
1309 +1.489833323e-08 +1.489833323e-08 +4.751000001e+01 +4.751000001e+01 +1.3905e-01 +5.6150e-01 +6.4478e-01
1337 +4.986382862e-09 +4.986382862e-09 +4.751000000e+01 +4.751000000e+01 +1.3907e-01 +5.6128e-01 +6.4468e-01
% function evaluation | noise-free fitness - Fopt (5.534000000000e+01) | best noise-free fitness - Fopt | measured fitness | best measured fitness | x1 | x2...
1 +9.402727353e+03 +9.402727353e+03 +9.458067353e+03 +9.458067353e+03 +3.1070e+00 -3.0559e+00 -2.4953e+00
4 +4.713243625e+02 +4.713243625e+02 +5.266643625e+02 +5.266643625e+02 +3.9996e+00 -1.4865e+00 -2.0848e+00
36 +1.410160446e+02 +1.410160446e+02 +1.963560446e+02 +1.963560446e+02 +7.6692e-01 +1.5548e+00 -3.0651e-02
63 +7.814398038e+01 +7.814398038e+01 +1.334839804e+02 +1.334839804e+02 +9.3047e-01 -6.6885e-01 -1.5468e-02
102 +1.159013122e+01 +1.159013122e+01 +6.693013122e+01 +6.693013122e+01 -1.8197e-01 +9.8755e-01 -7.0290e-01
158 +5.210241963e+00 +5.210241963e+00 +6.055024196e+01 +6.055024196e+01 -6.1115e-02 -1.0823e-01 +2.0112e-01
182 +9.261150711e-01 +9.261150711e-01 +5.626611507e+01 +5.626611507e+01 +4.2010e-02 -4.9999e-01 +1.2341e-01
283 +3.911476800e-01 +3.911476800e-01 +5.573114768e+01 +5.573114768e+01 -2.4029e-01 -1.0794e-01 +2.0661e-01
500 +2.510445257e-01 +2.510445257e-01 +5.559104453e+01 +5.559104453e+01 -8.7776e-02 -3.5158e-01 +1.4339e-01
535 +1.299254583e-01 +1.299254583e-01 +5.546992546e+01 +5.546992546e+01 -2.8991e-02 -4.0468e-01 +1.1548e-01
553 +9.775051554e-02 +9.775051554e-02 +5.543775052e+01 +5.543775052e+01 -4.7293e-03 -4.0931e-01 +1.0275e-01
555 +6.036891060e-02 +6.036891060e-02 +5.540036891e+01 +5.540036891e+01 +1.2425e-01 -5.5302e-01 +6.0446e-02
616 +3.354876614e-02 +3.354876614e-02 +5.537354877e+01 +5.537354877e+01 +1.3713e-01 -5.5858e-01 +5.1090e-02
721 +2.435335178e-02 +2.435335178e-02 +5.536435335e+01 +5.536435335e+01 +1.7862e-01 -5.9676e-01 +3.4059e-02
741 +1.467417209e-02 +1.467417209e-02 +5.535467417e+01 +5.535467417e+01 +2.1829e-01 -6.2807e-01 +2.0135e-02
747 +8.975383694e-03 +8.975383694e-03 +5.534897538e+01 +5.534897538e+01 +2.5918e-01 -6.6491e-01 +6.9073e-03
762 +3.945448499e-03 +3.945448499e-03 +5.534394545e+01 +5.534394545e+01 +3.3650e-01 -7.2208e-01 -2.0868e-02
855 +2.272326598e-03 +2.272326598e-03 +5.534227233e+01 +5.534227233e+01 +3.3503e-01 -7.2577e-01 -1.9688e-02
857 +9.931287124e-04 +9.931287124e-04 +5.534099313e+01 +5.534099313e+01 +3.4834e-01 -7.3431e-01 -2.5100e-02
858 +3.993398836e-04 +3.993398836e-04 +5.534039934e+01 +5.534039934e+01 +3.7769e-01 -7.5724e-01 -3.5053e-02
876 +3.309309927e-04 +3.309309927e-04 +5.534033093e+01 +5.534033093e+01 +3.7333e-01 -7.5530e-01 -3.3992e-02
906 +1.823948160e-04 +1.823948160e-04 +5.534018239e+01 +5.534018239e+01 +4.0302e-01 -7.7804e-01 -4.4543e-02
923 +1.030946217e-04 +1.030946217e-04 +5.534010309e+01 +5.534010309e+01 +3.9790e-01 -7.7397e-01 -4.2818e-02
935 +7.197788104e-05 +7.197788104e-05 +5.534007198e+01 +5.534007198e+01 +3.8585e-01 -7.6398e-01 -3.8798e-02
940 +4.127218639e-05 +4.127218639e-05 +5.534004127e+01 +5.534004127e+01 +3.9012e-01 -7.6717e-01 -4.0241e-02
941 +1.508391502e-05 +1.508391502e-05 +5.534001508e+01 +5.534001508e+01 +3.8882e-01 -7.6622e-01 -3.9576e-02
967 +7.090673435e-06 +7.090673435e-06 +5.534000709e+01 +5.534000709e+01 +3.9581e-01 -7.7164e-01 -4.2096e-02
971 +3.182056062e-06 +3.182056062e-06 +5.534000318e+01 +5.534000318e+01 +3.9337e-01 -7.6984e-01 -4.1227e-02
977 +1.844544194e-06 +1.844544194e-06 +5.534000184e+01 +5.534000184e+01 +3.9417e-01 -7.7054e-01 -4.1405e-02
983 +1.507910952e-06 +1.507910952e-06 +5.534000151e+01 +5.534000151e+01 +3.9479e-01 -7.7090e-01 -4.1613e-02
1011 +5.108402945e-07 +5.108402945e-07 +5.534000051e+01 +5.534000051e+01 +3.9341e-01 -7.6989e-01 -4.1140e-02
1043 +1.843175923e-07 +1.843175923e-07 +5.534000018e+01 +5.534000018e+01 +3.9443e-01 -7.7065e-01 -4.1529e-02
1052 +1.566900210e-07 +1.566900210e-07 +5.534000016e+01 +5.534000016e+01 +3.9401e-01 -7.7033e-01 -4.1391e-02
1067 +7.136588920e-08 +7.136588920e-08 +5.534000007e+01 +5.534000007e+01 +3.9378e-01 -7.7015e-01 -4.1289e-02
1085 +6.984649303e-09 +6.984649303e-09 +5.534000001e+01 +5.534000001e+01 +3.9380e-01 -7.7018e-01 -4.1302e-02
% function evaluation | noise-free fitness - Fopt (5.534000000000e+01) | best noise-free fitness - Fopt | measured fitness | best measured fitness | x1 | x2...
1 +1.220587619e+04 +1.220587619e+04 +1.226121619e+04 +1.226121619e+04 -3.6338e+00 +1.7708e+00 -3.2946e+00
5 +2.179729261e+03 +2.179729261e+03 +2.235069261e+03 +2.235069261e+03 +1.3954e+00 -1.1414e+00 -2.2891e+00
13 +1.521376627e+03 +1.521376627e+03 +1.576716627e+03 +1.576716627e+03 -2.3264e+00 +7.5238e-01 -1.6076e+00
14 +4.973104584e+02 +4.973104584e+02 +5.526504584e+02 +5.526504584e+02 -2.4915e+00 +1.6075e+00 -1.6058e-01
15 +1.922007273e+01 +1.922007273e+01 +7.456007273e+01 +7.456007273e+01 -3.8164e-01 +8.6361e-01 -1.1808e+00
42 +1.375467877e+01 +1.375467877e+01 +6.909467877e+01 +6.909467877e+01 -5.7619e-01 +9.5250e-01 +2.0423e-01
59 +9.289926473e+00 +9.289926473e+00 +6.462992647e+01 +6.462992647e+01 -1.9903e-01 +7.7298e-01 +2.9538e-01
82 +5.506301252e+00 +5.506301252e+00 +6.084630125e+01 +6.084630125e+01 -3.7600e-01 +7.2435e-01 -2.4641e-01
87 +2.845550505e+00 +2.845550505e+00 +5.818555050e+01 +5.818555050e+01 -4.4012e-01 +8.5751e-01 +3.2568e-02
126 +1.983973845e+00 +1.983973845e+00 +5.732397384e+01 +5.732397384e+01 -3.7211e-01 +7.4376e-01 +8.1605e-02
199 +1.574340674e+00 +1.574340674e+00 +5.691434067e+01 +5.691434067e+01 -3.9964e-01 +6.0063e-01 +1.8079e-01
289 +9.652297659e-01 +9.652297659e-01 +5.630522977e+01 +5.630522977e+01 -3.8456e-01 +2.8195e-01 +2.5589e-01
346 +5.968864646e-01 +5.968864646e-01 +5.593688646e+01 +5.593688646e+01 -3.4545e-01 +8.8849e-02 +2.3132e-01
397 +3.589803030e-01 +3.589803030e-01 +5.569898030e+01 +5.569898030e+01 -2.4107e-01 -1.3798e-01 +1.9567e-01
441 +2.498566768e-01 +2.498566768e-01 +5.558985668e+01 +5.558985668e+01 -1.8091e-01 -2.0575e-01 +1.7471e-01
479 +1.494631199e-01 +1.494631199e-01 +5.548946312e+01 +5.548946312e+01 -4.7004e-02 -3.5771e-01 +1.1325e-01
534 +8.925910533e-02 +8.925910533e-02 +5.542925911e+01 +5.542925911e+01 +2.1465e-02 -4.4598e-01 +8.8128e-02
568 +5.453328084e-02 +5.453328084e-02 +5.539453328e+01 +5.539453328e+01 +1.0700e-01 -5.1913e-01 +6.2885e-02
584 +2.724937450e-02 +2.724937450e-02 +5.536724937e+01 +5.536724937e+01 +1.7775e-01 -5.9832e-01 +3.4584e-02
606 +1.544708287e-02 +1.544708287e-02 +5.535544708e+01 +5.535544708e+01 +2.1374e-01 -6.2598e-01 +2.2490e-02
634 +9.929680829e-03 +9.929680829e-03 +5.534992968e+01 +5.534992968e+01 +2.5682e-01 -6.5847e-01 +6.2603e-03
654 +2.009104442e-03 +2.009104442e-03 +5.534200910e+01 +5.534200910e+01 +3.4400e-01 -7.3177e-01 -2.5104e-02
690 +1.140355705e-03 +1.140355705e-03 +5.534114036e+01 +5.534114036e+01 +3.6373e-01 -7.4850e-01 -2.9994e-02
711 +2.729252845e-04 +2.729252845e-04 +5.534027293e+01 +5.534027293e+01 +3.9154e-01 -7.6841e-01 -4.1195e-02
724 +2.022037067e-04 +2.022037067e-04 +5.534020220e+01 +5.534020220e+01 +4.0093e-01 -7.7518e-01 -4.4301e-02
732 +2.294862577e-05 +2.294862577e-05 +5.534002295e+01 +5.534002295e+01 +3.9624e-01 -7.7183e-01 -4.2022e-02
759 +3.681396713e-06 +3.681396713e-06 +5.534000368e+01 +5.534000368e+01 +3.9127e-01 -7.6829e-01 -4.0386e-02
852 +1.124309868e-06 +1.124309868e-06 +5.534000112e+01 +5.534000112e+01 +3.9546e-01 -7.7146e-01 -4.1890e-02
859 +3.496867720e-07 +3.496867720e-07 +5.534000035e+01 +5.534000035e+01 +3.9440e-01 -7.7065e-01 -4.1529e-02
867 +7.428020155e-08 +7.428020155e-08 +5.534000007e+01 +5.534000007e+01 +3.9407e-01 -7.7039e-01 -4.1391e-02
922 +4.843356294e-08 +4.843356294e-08 +5.534000005e+01 +5.534000005e+01 +3.9366e-01 -7.7006e-01 -4.1258e-02
935 +1.606380096e-08 +1.606380096e-08 +5.534000002e+01 +5.534000002e+01 +3.9365e-01 -7.7006e-01 -4.1251e-02
942 +5.283503413e-09 +5.283503413e-09 +5.534000001e+01 +5.534000001e+01 +3.9390e-01 -7.7026e-01 -4.1339e-02
% function evaluation | noise-free fitness - Fopt (5.534000000000e+01) | best noise-free fitness - Fopt | measured fitness | best measured fitness | x1 | x2...
1 +2.269972974e+03 +2.269972974e+03 +2.325312974e+03 +2.325312974e+03 +3.7804e+00 +1.6672e+00 -1.3226e+00
8 +2.197109020e+02 +2.197109020e+02 +2.750509020e+02 +2.750509020e+02 +4.1469e+00 -2.4479e-01 -3.5572e+00
43 +2.354819964e+01 +2.354819964e+01 +7.888819964e+01 +7.888819964e+01 -1.5044e-01 +1.7853e-01 -1.8763e-01
78 +1.394197979e+01 +1.394197979e+01 +6.928197979e+01 +6.928197979e+01 -7.3632e-01 +8.3000e-01 -4.6372e-02
79 +6.625075190e+00 +6.625075190e+00 +6.196507519e+01 +6.196507519e+01 -2.1412e-01 +7.8818e-01 -5.8602e-01
86 +6.154193924e+00 +6.154193924e+00 +6.149419392e+01 +6.149419392e+01 -5.1571e-01 +1.0014e+00 -5.9808e-01
126 +3.751617976e+00 +3.751617976e+00 +5.909161798e+01 +5.909161798e+01 -2.0849e-01 +8.5354e-01 -9.3608e-01
195 +2.454881726e+00 +2.454881726e+00 +5.779488173e+01 +5.779488173e+01 -3.6058e-01 +7.2692e-01 -1.3238e-02
302 +1.552577710e+00 +1.552577710e+00 +5.689257771e+01 +5.689257771e+01 -3.9797e-01 +6.0226e-01 +1.6403e-01
377 +9.775351395e-01 +9.775351395e-01 +5.631753514e+01 +5.631753514e+01 -3.9719e-01 +2.0829e-01 +2.6625e-01
430 +5.191754271e-01 +5.191754271e-01 +5.585917543e+01 +5.585917543e+01 -3.1490e-01 +1.4883e-02 +2.2912e-01
490 +3.603737337e-01 +3.603737337e-01 +5.570037373e+01 +5.570037373e+01 -2.0781e-01 -1.2793e-01 +1.8785e-01
548 +2.283825568e-01 +2.283825568e-01 +5.556838256e+01 +5.556838256e+01 -1.4571e-01 -2.4183e-01 +1.4974e-01
578 +1.553257767e-01 +1.553257767e-01 +5.549532578e+01 +5.549532578e+01 -5.9372e-02 -3.6374e-01 +1.3136e-01
648 +9.932179005e-02 +9.932179005e-02 +5.543932179e+01 +5.543932179e+01 -1.5520e-03 -4.1564e-01 +9.7877e-02
672 +5.529834957e-02 +5.529834957e-02 +5.539529835e+01 +5.539529835e+01 +7.8204e-02 -5.0575e-01 +7.2473e-02
703 +3.086450759e-02 +3.086450759e-02 +5.537086451e+01 +5.537086451e+01 +1.7608e-01 -5.8944e-01 +3.2453e-02
732 +2.484750141e-02 +2.484750141e-02 +5.536484750e+01 +5.536484750e+01 +2.8852e-01 -6.7781e-01 -7.0998e-03
741 +5.568411193e-03 +5.568411193e-03 +5.534556841e+01 +5.534556841e+01 +2.8949e-01 -6.8731e-01 -3.3412e-03
772 +3.723634317e-03 +3.723634317e-03 +5.534372363e+01 +5.534372363e+01 +3.1889e-01 -7.1159e-01 -1.3401e-02
779 +1.903009105e-03 +1.903009105e-03 +5.534190301e+01 +5.534190301e+01 +3.4300e-01 -7.3258e-01 -2.3972e-02
825 +1.199017242e-03 +1.199017242e-03 +5.534119902e+01 +5.534119902e+01 +3.5624e-01 -7.4205e-01 -2.8989e-02
833 +7.445238488e-04 +7.445238488e-04 +5.534074452e+01 +5.534074452e+01 +3.5694e-01 -7.4076e-01 -2.8413e-02
841 +4.800633963e-04 +4.800633963e-04 +5.534048006e+01 +5.534048006e+01 +3.6306e-01 -7.4711e-01 -3.0392e-02
844 +3.810886001e-04 +3.810886001e-04 +5.534038109e+01 +5.534038109e+01 +3.7185e-01 -7.5238e-01 -3.3762e-02
861 +1.429654704e-04 +1.429654704e-04 +5.534014297e+01 +5.534014297e+01 +3.8164e-01 -7.6073e-01 -3.7418e-02
872 +8.445935915e-05 +8.445935915e-05 +5.534008446e+01 +5.534008446e+01 +3.8098e-01 -7.6008e-01 -3.6756e-02
887 +2.368231613e-05 +2.368231613e-05 +5.534002368e+01 +5.534002368e+01 +3.9664e-01 -7.7231e-01 -4.2484e-02
905 +1.138440047e-05 +1.138440047e-05 +5.534001138e+01 +5.534001138e+01 +3.8909e-01 -7.6647e-01 -3.9665e-02
916 +7.103469542e-06 +7.103469542e-06 +5.534000710e+01 +5.534000710e+01 +3.9224e-01 -7.6908e-01 -4.0840e-02
942 +2.524833249e-06 +2.524833249e-06 +5.534000252e+01 +5.534000252e+01 +3.9321e-01 -7.6982e-01 -4.1065e-02
960 +8.201821231e-07 +8.201821231e-07 +5.534000082e+01 +5.534000082e+01 +3.9333e-01 -7.6976e-01 -4.1146e-02
1002 +2.082856696e-07 +2.082856696e-07 +5.534000021e+01 +5.534000021e+01 +3.9334e-01 -7.6983e-01 -4.1157e-02
1052 +6.246173001e-08 +6.246173001e-08 +5.534000006e+01 +5.534000006e+01 +3.9366e-01 -7.7006e-01 -4.1259e-02
1074 +4.191598180e-09 +4.191598180e-09 +5.534000000e+01 +5.534000000e+01 +3.9373e-01 -7.7012e-01 -4.1278e-02
% function evaluation | noise-free fitness - Fopt (-9.033000000000e+01) | best noise-free fitness - Fopt | measured fitness | best measured fitness | x1 | x2...
1 +3.127676608e+03 +3.127676608e+03 +3.037346608e+03 +3.037346608e+03 -1.2012e+00 +2.2272e+00 -1.3147e+00
2 +1.587546774e+03 +1.587546774e+03 +1.497216774e+03 +1.497216774e+03 +1.7119e+00 +1.4743e+00 -2.5995e+00
5 +6.854669820e+02 +6.854669820e+02 +5.951369820e+02 +5.951369820e+02 +5.6653e-01 -4.9228e-01 +1.4131e+00
19 +4.326170591e+01 +4.326170591e+01 -4.706829409e+01 -4.706829409e+01 -1.5172e-01 -2.0910e-02 -5.0879e-01
58 +3.959106041e+01 +3.959106041e+01 -5.073893959e+01 -5.073893959e+01 +6.0049e-01 -4.9725e-01 -1.0925e+00
67 +1.954146328e+01 +1.954146328e+01 -7.078853672e+01 -7.078853672e+01 -2.7914e-01 +3.5562e-01 +5.3654e-01
68 +3.830483520e+00 +3.830483520e+00 -8.649951648e+01 -8.649951648e+01 +1.0869e-01 -4.0606e-01 -1.0952e+00
92 +2.438938649e+00 +2.438938649e+00 -8.789106135e+01 -8.789106135e+01 +3.4304e-01 +1.5740e-01 -4.4071e-01
118 +1.565528052e+00 +1.565528052e+00 -8.876447195e+01 -8.876447195e+01 +2.9202e-01 +3.6094e-01 -3.6784e-01
170 +9.542559498e-01 +9.542559498e-01 -8.937574405e+01 -8.937574405e+01 +3.1574e-01 +3.0764e-01 -3.1011e-01
222 +4.320931885e-01 +4.320931885e-01 -8.989790681e+01 -8.989790681e+01 +7.7502e-02 +3.2419e-01 -3.0872e-02
304 +3.892987869e-01 +3.892987869e-01 -8.994070121e+01 -8.994070121e+01 +4.1815e-02 +3.3592e-01 -1.1952e-02
366 +2.321368098e-01 +2.321368098e-01 -9.009786319e+01 -9.009786319e+01 -5.9287e-02 +2.8552e-01 +1.2227e-01
395 +1.414763474e-01 +1.414763474e-01 -9.018852365e+01 -9.018852365e+01 -2.1079e-01 +2.1575e-01 +3.1479e-01
447 +9.804015979e-02 +9.804015979e-02 -9.023195984e+01 -9.023195984e+01 -2.4687e-01 +1.8450e-01 +3.6953e-01
488 +5.505461396e-02 +5.505461396e-02 -9.027494539e+01 -9.027494539e+01 -2.6549e-01 +1.5510e-01 +4.0180e-01
528 +3.669983417e-02 +3.669983417e-02 -9.029330017e+01 -9.029330017e+01 -3.0523e-01 +1.1980e-01 +4.5882e-01
590 +2.027243086e-02 +2.027243086e-02 -9.030972757e+01 -9.030972757e+01 -3.5125e-01 +7.8135e-02 +5.2487e-01
613 +1.528506445e-02 +1.528506445e-02 -9.031471494e+01 -9.031471494e+01 -3.7290e-01 +5.3326e-02 +5.5499e-01
633 +8.413297430e-03 +8.413297430e-03 -9.032158670e+01 -9.032158670e+01 -3.9912e-01 +3.1450e-02 +5.9194e-01
649 +6.218984175e-03 +6.218984175e-03 -9.032378102e+01 -9.032378102e+01 -4.1298e-01 +1.7353e-02 +6.1260e-01
681 +3.584286965e-03 +3.584286965e-03 -9.032641571e+01 -9.032641571e+01 -4.4376e-01 -1.7355e-02 +6.6344e-01
688 +1.479553895e-03 +1.479553895e-03 -9.032852045e+01 -9.032852045e+01 -4.7240e-01 -5.0989e-02 +7.0744e-01
722 +4.813657135e-04 +4.813657135e-04 -9.032951863e+01 -9.032951863e+01 -4.6260e-01 -3.9462e-02 +6.9053e-01
729 +2.943943752e-04 +2.943943752e-04 -9.032970561e+01 -9.032970561e+01 -4.7469e-01 -5.2006e-02 +7.0880e-01
733 +2.328705833e-04 +2.328705833e-04 -9.032976713e+01 -9.032976713e+01 -4.9413e-01 -7.5856e-02 +7.3887e-01
789 +4.439495483e-05 +4.439495483e-05 -9.032995561e+01 -9.032995561e+01 -4.7974e-01 -5.8619e-02 +7.1583e-01
801 +3.357523147e-05 +3.357523147e-05 -9.032996642e+01 -9.032996642e+01 -4.7776e-01 -5.6391e-02 +7.1290e-01
825 +1.492467388e-05 +1.492467388e-05 -9.032998508e+01 -9.032998508e+01 -4.7956e-01 -5.8523e-02 +7.1579e-01
830 +1.535320678e-06 +1.535320678e-06 -9.032999846e+01 -9.032999846e+01 -4.8020e-01 -5.9140e-02 +7.1688e-01
915 +6.793524108e-07 +6.793524108e-07 -9.032999932e+01 -9.032999932e+01 -4.8119e-01 -6.0266e-02 +7.1847e-01
920 +1.811345385e-08 +1.811345385e-08 -9.032999998e+01 -9.032999998e+01 -4.8077e-01 -5.9825e-02 +7.1784e-01
932 +1.021007279e-09 +1.021007279e-09 -9.033000000e+01 -9.033000000e+01 -4.8078e-01 -5.9844e-02 +7.1785e-01
% function evaluation | noise-free fitness - Fopt (-9.033000000000e+01) | best noise-free fitness - Fopt | measured fitness | best measured fitness | x1 | x2...
1 +2.202778795e+04 +2.202778795e+04 +2.193745795e+04 +2.193745795e+04 -1.8153e+00 -3.8747e+00 -2.6612e+00
3 +2.070684334e+03 +2.070684334e+03 +1.980354334e+03 +1.980354334e+03 -6.0759e-01 +5.4254e-02 -3.3319e+00
6 +1.526349029e+03 +1.526349029e+03 +1.436019029e+03 +1.436019029e+03 -8.9664e-01 +1.2525e+00 -2.0271e+00
10 +1.832176464e+02 +1.832176464e+02 +9.288764638e+01 +9.288764638e+01 +1.7153e+00 -1.3112e+00 +3.3501e-01
14 +5.216738327e+01 +5.216738327e+01 -3.816261673e+01 -3.816261673e+01 -4.2731e-01 -5.2639e-01 +5.3645e-01
41 +3.234559734e+01 +3.234559734e+01 -5.798440266e+01 -5.798440266e+01 +1.0003e-01 -7.7120e-01 -1.0813e+00
52 +2.144468542e+01 +2.144468542e+01 -6.888531458e+01 -6.888531458e+01 +8.9338e-01 -3.3174e-02 -6.8359e-01
64 +3.486190365e+00 +3.486190365e+00 -8.684380963e+01 -8.684380963e+01 +3.5600e-01 -1.5598e-01 -8.3787e-01
118 +1.754808735e+00 +1.754808735e+00 -8.857519126e+01 -8.857519126e+01 +3.9787e-01 +2.2438e-01 -5.4163e-01
153 +1.363103138e+00 +1.363103138e+00 -8.896689686e+01 -8.896689686e+01 +2.8566e-01 +3.1264e-01 -3.6380e-01
170 +8.980366411e-01 +8.980366411e-01 -8.943196336e+01 -8.943196336e+01 +1.8873e-01 +3.9162e-01 -1.9199e-01
251 +5.577987258e-01 +5.577987258e-01 -8.977220127e+01 -8.977220127e+01 +1.6000e-01 +3.4797e-01 -1.3376e-01
280 +3.966755225e-01 +3.966755225e-01 -8.993332448e+01 -8.993332448e+01 +5.7189e-02 +3.1971e-01 -1.6886e-02
304 +1.974890680e-01 +1.974890680e-01 -9.013251093e+01 -9.013251093e+01 -8.7182e-02 +2.6958e-01 +1.6643e-01
356 +1.290839613e-01 +1.290839613e-01 -9.020091604e+01 -9.020091604e+01 -1.5908e-01 +2.3813e-01 +2.5498e-01
434 +7.352228031e-02 +7.352228031e-02 -9.025647772e+01 -9.025647772e+01 -2.3727e-01 +1.8160e-01 +3.6096e-01
463 +4.138799784e-02 +4.138799784e-02 -9.028861200e+01 -9.028861200e+01 -2.9387e-01 +1.3032e-01 +4.3971e-01
495 +3.944737679e-02 +3.944737679e-02 -9.029055262e+01 -9.029055262e+01 -3.1943e-01 +1.1513e-01 +4.7373e-01
557 +2.232761284e-02 +2.232761284e-02 -9.030767239e+01 -9.030767239e+01 -3.4843e-01 +8.0180e-02 +5.1635e-01
584 +1.421065581e-02 +1.421065581e-02 -9.031578934e+01 -9.031578934e+01 -3.8189e-01 +4.5233e-02 +5.6611e-01
655 +8.524248120e-03 +8.524248120e-03 -9.032147575e+01 -9.032147575e+01 -4.0444e-01 +2.3893e-02 +6.0451e-01
657 +5.764277090e-03 +5.764277090e-03 -9.032423572e+01 -9.032423572e+01 -4.1251e-01 +1.7379e-02 +6.1295e-01
677 +3.360271888e-03 +3.360271888e-03 -9.032663973e+01 -9.032663973e+01 -4.3334e-01 -4.7050e-03 +6.4529e-01
694 +1.588108132e-03 +1.588108132e-03 -9.032841189e+01 -9.032841189e+01 -4.4638e-01 -2.2038e-02 +6.6511e-01
716 +1.101688828e-03 +1.101688828e-03 -9.032889831e+01 -9.032889831e+01 -4.5072e-01 -2.5707e-02 +6.7214e-01
744 +9.927260389e-04 +9.927260389e-04 -9.032900727e+01 -9.032900727e+01 -4.5762e-01 -3.4526e-02 +6.8350e-01
748 +3.986143093e-04 +3.986143093e-04 -9.032960139e+01 -9.032960139e+01 -4.6925e-01 -4.6109e-02 +7.0070e-01
756 +1.554954823e-04 +1.554954823e-04 -9.032984450e+01 -9.032984450e+01 -4.8245e-01 -6.1586e-02 +7.2109e-01
789 +3.250101288e-05 +3.250101288e-05 -9.032996750e+01 -9.032996750e+01 -4.7859e-01 -5.7381e-02 +7.1481e-01
814 +1.833927485e-05 +1.833927485e-05 -9.032998166e+01 -9.032998166e+01 -4.7830e-01 -5.6861e-02 +7.1378e-01
835 +1.086018727e-05 +1.086018727e-05 -9.032998914e+01 -9.032998914e+01 -4.8286e-01 -6.2062e-02 +7.2100e-01
861 +6.792450051e-07 +6.792450051e-07 -9.032999932e+01 -9.032999932e+01 -4.8105e-01 -6.0184e-02 +7.1833e-01
921 +3.873493881e-07 +3.873493881e-07 -9.032999961e+01 -9.032999961e+01 -4.8093e-01 -5.9978e-02 +7.1809e-01
934 +2.452334655e-07 +2.452334655e-07 -9.032999975e+01 -9.032999975e+01 -4.8070e-01 -5.9712e-02 +7.1772e-01
941 +1.116495270e-07 +1.116495270e-07 -9.032999989e+01 -9.032999989e+01 -4.8051e-01 -5.9551e-02 +7.1745e-01
959 +9.677869173e-08 +9.677869173e-08 -9.032999990e+01 -9.032999990e+01 -4.8097e-01 -6.0085e-02 +7.1816e-01
962 +1.050872811e-08 +1.050872811e-08 -9.032999999e+01 -9.032999999e+01 -4.8081e-01 -5.9882e-02 +7.1790e-01
997 +2.785739639e-09 +2.785739639e-09 -9.033000000e+01 -9.033000000e+01 -4.8076e-01 -5.9828e-02 +7.1783e-01
1003 +1.620378498e-09 +1.620378498e-09 -9.033000000e+01 -9.033000000e+01 -4.8078e-01 -5.9846e-02 +7.1785e-01
% function evaluation | noise-free fitness - Fopt (-9.033000000000e+01) | best noise-free fitness - Fopt | measured fitness | best measured fitness | x1 | x2...
1 +1.052838599e+04 +1.052838599e+04 +1.043805599e+04 +1.043805599e+04 +3.9968e+00 -3.2986e+00 +3.2103e+00
5 +1.609101832e+03 +1.609101832e+03 +1.518771832e+03 +1.518771832e+03 +2.4491e+00 -1.8476e+00 +2.1950e+00
18 +1.127051541e+03 +1.127051541e+03 +1.036721541e+03 +1.036721541e+03 +2.7348e+00 -4.8607e+00 +3.8123e+00
54 +9.769728512e+02 +9.769728512e+02 +8.866428512e+02 +8.866428512e+02 +2.8894e+00 -7.4387e+00 +4.0331e+00
65 +5.383011933e+02 +5.383011933e+02 +4.479711933e+02 +4.479711933e+02 +2.4249e+00 -4.5373e+00 +2.5099e+00
75 +3.723787906e+02 +3.723787906e+02 +2.820487906e+02 +2.820487906e+02 +2.1504e+00 -2.3039e+00 +1.2283e+00
77 +2.053072269e+02 +2.053072269e+02 +1.149772269e+02 +1.149772269e+02 +1.7588e+00 -1.7792e+00 +3.9580e-01
84 +3.404552401e+01 +3.404552401e+01 -5.628447599e+01 -5.628447599e+01 +6.6874e-01 -3.3918e-01 -2.9629e-01
133 +4.100143103e+00 +4.100143103e+00 -8.622985690e+01 -8.622985690e+01 +3.7207e-01 +3.5933e-01 -5.6041e-01
166 +3.869193833e+00 +3.869193833e+00 -8.646080617e+01 -8.646080617e+01 +9.3218e-02 +4.3707e-01 -2.0367e-01
228 +1.189334968e+00 +1.189334968e+00 -8.914066503e+01 -8.914066503e+01 +3.5077e-01 +2.6065e-01 -3.9670e-01
264 +9.466778954e-01 +9.466778954e-01 -8.938332210e+01 -8.938332210e+01 +2.6181e-01 +3.7081e-01 -2.3792e-01
281 +3.996545027e-01 +3.996545027e-01 -8.993034550e+01 -8.993034550e+01 +4.2464e-02 +3.4620e-01 -5.5753e-03
403 +3.780356113e-01 +3.780356113e-01 -8.995196439e+01 -8.995196439e+01 +4.5254e-02 +3.1819e-01 -5.1262e-03
423 +2.105745129e-01 +2.105745129e-01 -9.011942549e+01 -9.011942549e+01 -1.5110e-01 +2.3576e-01 +2.6668e-01
472 +1.049147161e-01 +1.049147161e-01 -9.022508528e+01 -9.022508528e+01 -2.0466e-01 +2.0968e-01 +3.1020e-01
478 +9.724325445e-02 +9.724325445e-02 -9.023275675e+01 -9.023275675e+01 -2.1627e-01 +1.9664e-01 +3.2462e-01
571 +5.928200382e-02 +5.928200382e-02 -9.027071800e+01 -9.027071800e+01 -2.6653e-01 +1.5338e-01 +3.9790e-01
594 +2.881054268e-02 +2.881054268e-02 -9.030118946e+01 -9.030118946e+01 -3.3010e-01 +9.9764e-02 +4.8916e-01
640 +2.408342637e-02 +2.408342637e-02 -9.030591657e+01 -9.030591657e+01 -3.3689e-01 +9.1161e-02 +5.0233e-01
663 +1.571217051e-02 +1.571217051e-02 -9.031428783e+01 -9.031428783e+01 -3.6900e-01 +5.7540e-02 +5.5100e-01
681 +5.664987330e-03 +5.664987330e-03 -9.032433501e+01 -9.032433501e+01 -4.2278e-01 +8.0560e-03 +6.2708e-01
688 +3.309490020e-03 +3.309490020e-03 -9.032669051e+01 -9.032669051e+01 -4.4170e-01 -1.3149e-02 +6.5537e-01
717 +1.406191527e-04 +1.406191527e-04 -9.032985938e+01 -9.032985938e+01 -4.7747e-01 -5.5696e-02 +7.1322e-01
812 +3.263684638e-05 +3.263684638e-05 -9.032996736e+01 -9.032996736e+01 -4.7622e-01 -5.4798e-02 +7.1096e-01
867 +2.396376765e-05 +2.396376765e-05 -9.032997604e+01 -9.032997604e+01 -4.7729e-01 -5.6042e-02 +7.1247e-01
881 +1.353575659e-05 +1.353575659e-05 -9.032998646e+01 -9.032998646e+01 -4.7748e-01 -5.6067e-02 +7.1269e-01
891 +7.356858291e-06 +7.356858291e-06 -9.032999264e+01 -9.032999264e+01 -4.7893e-01 -5.7744e-02 +7.1489e-01
903 +4.502836106e-06 +4.502836106e-06 -9.032999550e+01 -9.032999550e+01 -4.8119e-01 -6.0217e-02 +7.1834e-01
924 +1.524040258e-06 +1.524040258e-06 -9.032999848e+01 -9.032999848e+01 -4.8154e-01 -6.0756e-02 +7.1909e-01
950 +2.657513249e-07 +2.657513249e-07 -9.032999973e+01 -9.032999973e+01 -4.8106e-01 -6.0147e-02 +7.1826e-01
962 +2.286594167e-07 +2.286594167e-07 -9.032999977e+01 -9.032999977e+01 -4.8095e-01 -6.0012e-02 +7.1812e-01
991 +6.564516752e-08 +6.564516752e-08 -9.032999993e+01 -9.032999993e+01 -4.8066e-01 -5.9707e-02 +7.1765e-01
1035 +2.259436371e-08 +2.259436371e-08 -9.032999998e+01 -9.032999998e+01 -4.8089e-01 -5.9963e-02 +7.1802e-01
1041 +1.218224099e-08 +1.218224099e-08 -9.032999999e+01 -9.032999999e+01 -4.8086e-01 -5.9928e-02 +7.1797e-01
1045 +8.416293440e-09 +8.416293440e-09 -9.032999999e+01 -9.032999999e+01 -4.8081e-01 -5.9881e-02 +7.1790e-01
% function evaluation | noise-free fitness - Fopt (6.561000000000e+01) | best noise-free fitness - Fopt | measured fitness | best measured fitness | x1 | x2...
1 +3.662201871e+03 +3.662201871e+03 +3.727811871e+03 +3.727811871e+03 -2.6198e+00 -1.1502e+00 -1.3522e+00
2 +5.165927221e+02 +5.165927221e+02 +5.822027221e+02 +5.822027221e+02 -1.3006e-01 +1.3633e+00 -1.5907e+00
4 +2.786990060e+02 +2.786990060e+02 +3.443090060e+02 +3.443090060e+02 -4.0600e-01 +1.8546e+00 +3.3206e-01
24 +1.724500919e+01 +1.724500919e+01 +8.285500919e+01 +8.285500919e+01 +2.3431e-01 -5.0720e-01 +3.9720e-01
45 +2.446446987e+00 +2.446446987e+00 +6.805644699e+01 +6.805644699e+01 +5.2310e-01 -9.3299e-01 +9.4237e-01
94 +9.091749762e-01 +9.091749762e-01 +6.651917498e+01 +6.651917498e+01 +8.6255e-02 +1.7175e-01 +2.6800e-01
151 +5.626391145e-01 +5.626391145e-01 +6.617263911e+01 +6.617263911e+01 +1.9273e-01 +2.4621e-02 +3.3154e-01
184 +3.319510586e-01 +3.319510586e-01 +6.594195106e+01 +6.594195106e+01 +1.1051e-01 +1.6444e-01 +2.6658e-01
185 +2.360701550e-01 +2.360701550e-01 +6.584607015e+01 +6.584607015e+01 +1.2370e-01 +1.5810e-01 +2.4388e-01
238 +1.272909864e-01 +1.272909864e-01 +6.573729099e+01 +6.573729099e+01 +1.6912e-01 +5.9094e-02 +3.4145e-01
284 +9.452132646e-02 +9.452132646e-02 +6.570452133e+01 +6.570452133e+01 +1.8795e-01 +1.0376e-02 +3.8595e-01
333 +6.200903421e-02 +6.200903421e-02 +6.567200903e+01 +6.567200903e+01 +2.1319e-01 -7.1289e-02 +4.3640e-01
350 +3.754704347e-02 +3.754704347e-02 +6.564754704e+01 +6.564754704e+01 +2.4029e-01 -1.4496e-01 +4.8497e-01
373 +1.189661433e-02 +1.189661433e-02 +6.562189661e+01 +6.562189661e+01 +3.3043e-01 -4.0417e-01 +6.3940e-01
393 +8.508129400e-03 +8.508129400e-03 +6.561850813e+01 +6.561850813e+01 +3.2076e-01 -3.8016e-01 +6.2444e-01
431 +2.611451445e-03 +2.611451445e-03 +6.561261145e+01 +6.561261145e+01 +3.2344e-01 -3.8719e-01 +6.2520e-01
444 +1.719775502e-03 +1.719775502e-03 +6.561171978e+01 +6.561171978e+01 +3.2847e-01 -3.9457e-01 +6.2889e-01
468 +5.456039753e-04 +5.456039753e-04 +6.561054560e+01 +6.561054560e+01 +3.3237e-01 -4.0951e-01 +6.3569e-01
486 +4.804860183e-05 +4.804860183e-05 +6.561004805e+01 +6.561004805e+01 +3.4336e-01 -4.4316e-01 +6.5272e-01
605 +2.264053806e-05 +2.264053806e-05 +6.561002264e+01 +6.561002264e+01 +3.4359e-01 -4.4325e-01 +6.5312e-01
613 +1.171358147e-05 +1.171358147e-05 +6.561001171e+01 +6.561001171e+01 +3.4559e-01 -4.4923e-01 +6.5605e-01
616 +7.089585537e-06 +7.089585537e-06 +6.561000709e+01 +6.561000709e+01 +3.4429e-01 -4.4535e-01 +6.5399e-01
621 +2.559332216e-06 +2.559332216e-06 +6.561000256e+01 +6.561000256e+01 +3.4446e-01 -4.4561e-01 +6.5417e-01
632 +8.630053969e-07 +8.630053969e-07 +6.561000086e+01 +6.561000086e+01 +3.4510e-01 -4.4753e-01 +6.5506e-01
641 +5.430538579e-07 +5.430538579e-07 +6.561000054e+01 +6.561000054e+01 +3.4510e-01 -4.4756e-01 +6.5512e-01
685 +3.037261536e-07 +3.037261536e-07 +6.561000030e+01 +6.561000030e+01 +3.4560e-01 -4.4894e-01 +6.5584e-01
690 +1.437449129e-07 +1.437449129e-07 +6.561000014e+01 +6.561000014e+01 +3.4548e-01 -4.4856e-01 +6.5563e-01
705 +3.787441472e-08 +3.787441472e-08 +6.561000004e+01 +6.561000004e+01 +3.4531e-01 -4.4808e-01 +6.5539e-01
726 +1.452356457e-08 +1.452356457e-08 +6.561000001e+01 +6.561000001e+01 +3.4541e-01 -4.4839e-01 +6.5553e-01
743 +4.112933993e-09 +4.112933993e-09 +6.561000000e+01 +6.561000000e+01 +3.4539e-01 -4.4836e-01 +6.5552e-01
% function evaluation | noise-free fitness - Fopt (6.561000000000e+01) | best noise-free fitness - Fopt | measured fitness | best measured fitness | x1 | x2...
1 +1.965555070e+04 +1.965555070e+04 +1.972116070e+04 +1.972116070e+04 +2.2125e+00 +7.3798e-01 +2.7269e+00
4 +9.341020198e+03 +9.341020198e+03 +9.406630198e+03 +9.406630198e+03 +3.5613e+00 -4.6533e-01 -7.2681e-01
14 +1.024870705e+03 +1.024870705e+03 +1.090480705e+03 +1.090480705e+03 +2.0490e+00 -1.1064e+00 -8.2689e-01
22 +1.438951068e+02 +1.438951068e+02 +2.095051068e+02 +2.095051068e+02 +6.1857e-01 -7.9920e-01 -1.7246e+00
37 +5.116895703e+01 +5.116895703e+01 +1.167789570e+02 +1.167789570e+02 -5.3980e-02 -1.0415e-01 +5.6403e-01
59 +2.257907919e+01 +2.257907919e+01 +8.818907919e+01 +8.818907919e+01 +6.0103e-02 -4.5187e-02 -1.4310e-01
86 +1.302912958e+01 +1.302912958e+01 +7.863912958e+01 +7.863912958e+01 -6.8585e-01 +4.3683e-01 -5.0243e-01
94 +8.620522142e+00 +8.620522142e+00 +7.423052214e+01 +7.423052214e+01 +8.4439e-02 +4.6710e-01 +2.7917e-01
126 +5.234177515e+00 +5.234177515e+00 +7.084417751e+01 +7.084417751e+01 -2.7704e-01 +6.3881e-01 -4.0689e-01
127 +2.048813612e+00 +2.048813612e+00 +6.765881361e+01 +6.765881361e+01 +2.7482e-02 +4.8202e-01 -1.9519e-01
130 +1.579614930e+00 +1.579614930e+00 +6.718961493e+01 +6.718961493e+01 -1.3511e-01 +4.4232e-01 -3.8478e-01
193 +9.851584135e-01 +9.851584135e-01 +6.659515841e+01 +6.659515841e+01 -7.9994e-02 +4.9498e-01 -2.6767e-01
350 +5.494003286e-01 +5.494003286e-01 +6.615940033e+01 +6.615940033e+01 +2.8496e-02 +3.5853e-01 +1.9279e-03
369 +3.761401016e-01 +3.761401016e-01 +6.598614010e+01 +6.598614010e+01 +8.7493e-02 +2.8519e-01 +1.3550e-01
410 +2.404624772e-01 +2.404624772e-01 +6.585046248e+01 +6.585046248e+01 +1.1240e-01 +2.0645e-01 +2.3211e-01
440 +1.296536863e-01 +1.296536863e-01 +6.573965369e+01 +6.573965369e+01 +1.6734e-01 +6.6138e-02 +3.3801e-01
492 +9.552915482e-02 +9.552915482e-02 +6.570552915e+01 +6.570552915e+01 +1.9812e-01 -2.5331e-02 +4.1885e-01
588 +5.449097811e-02 +5.449097811e-02 +6.566449098e+01 +6.566449098e+01 +2.2554e-01 -9.2147e-02 +4.5625e-01
677 +3.758206489e-02 +3.758206489e-02 +6.564758206e+01 +6.564758206e+01 +2.3908e-01 -1.3987e-01 +4.8520e-01
689 +2.348523244e-02 +2.348523244e-02 +6.563348523e+01 +6.563348523e+01 +2.6042e-01 -2.0070e-01 +5.2267e-01
702 +9.493656557e-03 +9.493656557e-03 +6.561949366e+01 +6.561949366e+01 +2.9301e-01 -2.9891e-01 +5.7774e-01
732 +3.635286278e-03 +3.635286278e-03 +6.561363529e+01 +6.561363529e+01 +3.5266e-01 -4.6367e-01 +6.6637e-01
766 +2.162831512e-03 +2.162831512e-03 +6.561216283e+01 +6.561216283e+01 +3.2327e-01 -3.8180e-01 +6.2348e-01
781 +1.323918448e-03 +1.323918448e-03 +6.561132392e+01 +6.561132392e+01 +3.4081e-01 -4.3037e-01 +6.4811e-01
790 +8.816463285e-04 +8.816463285e-04 +6.561088165e+01 +6.561088165e+01 +3.4895e-01 -4.5533e-01 +6.6035e-01
793 +6.280839941e-04 +6.280839941e-04 +6.561062808e+01 +6.561062808e+01 +3.4584e-01 -4.4637e-01 +6.5503e-01
842 +1.012696908e-04 +1.012696908e-04 +6.561010127e+01 +6.561010127e+01 +3.4407e-01 -4.4567e-01 +6.5415e-01
867 +1.054276622e-05 +1.054276622e-05 +6.561001054e+01 +6.561001054e+01 +3.4542e-01 -4.4826e-01 +6.5533e-01
890 +6.300963207e-06 +6.300963207e-06 +6.561000630e+01 +6.561000630e+01 +3.4571e-01 -4.4957e-01 +6.5613e-01
934 +2.643623233e-06 +2.643623233e-06 +6.561000264e+01 +6.561000264e+01 +3.4534e-01 -4.4802e-01 +6.5545e-01
999 +7.948078036e-07 +7.948078036e-07 +6.561000079e+01 +6.561000079e+01 +3.4553e-01 -4.4865e-01 +6.5567e-01
1022 +3.384313203e-07 +3.384313203e-07 +6.561000034e+01 +6.561000034e+01 +3.4568e-01 -4.4922e-01 +6.5593e-01
1043 +1.458709562e-07 +1.458709562e-07 +6.561000015e+01 +6.561000015e+01 +3.4523e-01 -4.4786e-01 +6.5526e-01
1045 +2.902723395e-09 +2.902723395e-09 +6.561000000e+01 +6.561000000e+01 +3.4537e-01 -4.4830e-01 +6.5549e-01
% function evaluation | noise-free fitness - Fopt (6.561000000000e+01) | best noise-free fitness - Fopt | measured fitness | best measured fitness | x1 | x2...
1 +3.947895375e+03 +3.947895375e+03 +4.013505375e+03 +4.013505375e+03 -2.5926e+00 +5.9562e-01 -2.0047e+00
2 +1.057654121e+02 +1.057654121e+02 +1.713754121e+02 +1.713754121e+02 +6.0248e-01 +1.2431e-01 -1.5020e-01
9 +7.006627458e+01 +7.006627458e+01 +1.356762746e+02 +1.356762746e+02 +4.6931e-01 -7.2800e-02 -1.0487e+00
42 +5.590338137e+01 +5.590338137e+01 +1.215133814e+02 +1.215133814e+02 +2.1264e-01 -1.8784e-01 -3.1429e-01
79 +3.761302164e+01 +3.761302164e+01 +1.032230216e+02 +1.032230216e+02 -1.0546e+00 -1.1744e+00 -1.7047e-01
89 +1.200955016e+01 +1.200955016e+01 +7.761955016e+01 +7.761955016e+01 -1.2049e+00 -1.2141e+00 -4.7257e-01
121 +6.704590004e+00 +6.704590004e+00 +7.231459000e+01 +7.231459000e+01 -1.2870e+00 -1.2613e+00 -4.1805e-01
142 +5.074531525e+00 +5.074531525e+00 +7.068453153e+01 +7.068453153e+01 -1.2006e+00 -1.1739e+00 -3.9249e-01
399 +3.969588131e+00 +3.969588131e+00 +6.957958813e+01 +6.957958813e+01 -1.2397e+00 -9.8513e-01 -4.1585e-01
815 +2.481782441e+00 +2.481782441e+00 +6.809178244e+01 +6.809178244e+01 -5.1187e-01 +3.9265e-01 -7.5045e-01
1079 +1.564995569e+00 +1.564995569e+00 +6.717499557e+01 +6.717499557e+01 -2.0944e-01 +4.9013e-01 -5.1453e-01
1194 +9.867979307e-01 +9.867979307e-01 +6.659679793e+01 +6.659679793e+01 -8.3443e-02 +4.9594e-01 -2.5848e-01
1226 +6.040151676e-01 +6.040151676e-01 +6.621401517e+01 +6.621401517e+01 +1.2492e-03 +4.0838e-01 -5.8076e-02
1335 +3.418653286e-01 +3.418653286e-01 +6.595186533e+01 +6.595186533e+01 +7.8326e-02 +2.9210e-01 +1.4509e-01
1388 +1.275736423e-01 +1.275736423e-01 +6.573757364e+01 +6.573757364e+01 +1.7580e-01 +5.3538e-02 +3.5570e-01
1431 +4.339738269e-02 +4.339738269e-02 +6.565339738e+01 +6.565339738e+01 +2.5125e-01 -1.8735e-01 +5.1602e-01
1454 +3.530773338e-02 +3.530773338e-02 +6.564530773e+01 +6.564530773e+01 +2.5002e-01 -1.6634e-01 +4.9747e-01
1542 +2.409866593e-02 +2.409866593e-02 +6.563409867e+01 +6.563409867e+01 +2.6646e-01 -2.1024e-01 +5.3051e-01
1559 +1.035225704e-02 +1.035225704e-02 +6.562035226e+01 +6.562035226e+01 +2.8794e-01 -2.7851e-01 +5.6618e-01
1570 +6.200789620e-03 +6.200789620e-03 +6.561620079e+01 +6.561620079e+01 +3.3404e-01 -4.2452e-01 +6.4309e-01
1637 +3.797387191e-03 +3.797387191e-03 +6.561379739e+01 +6.561379739e+01 +3.3844e-01 -4.3068e-01 +6.4935e-01
1651 +2.342909185e-03 +2.342909185e-03 +6.561234291e+01 +6.561234291e+01 +3.4601e-01 -4.5588e-01 +6.5685e-01
1683 +4.801641631e-04 +4.801641631e-04 +6.561048016e+01 +6.561048016e+01 +3.4380e-01 -4.4077e-01 +6.5242e-01
1692 +2.915784143e-04 +2.915784143e-04 +6.561029158e+01 +6.561029158e+01 +3.4881e-01 -4.6057e-01 +6.6125e-01
1714 +7.871490159e-05 +7.871490159e-05 +6.561007871e+01 +6.561007871e+01 +3.4823e-01 -4.5770e-01 +6.6001e-01
1771 +1.784541000e-05 +1.784541000e-05 +6.561001785e+01 +6.561001785e+01 +3.4645e-01 -4.5188e-01 +6.5706e-01
1816 +8.452616669e-07 +8.452616669e-07 +6.561000085e+01 +6.561000085e+01 +3.4517e-01 -4.4760e-01 +6.5514e-01
1865 +6.074640595e-07 +6.074640595e-07 +6.561000061e+01 +6.561000061e+01 +3.4576e-01 -4.4944e-01 +6.5608e-01
1869 +2.075024241e-07 +2.075024241e-07 +6.561000021e+01 +6.561000021e+01 +3.4540e-01 -4.4843e-01 +6.5554e-01
1871 +1.050716492e-08 +1.050716492e-08 +6.561000001e+01 +6.561000001e+01 +3.4540e-01 -4.4835e-01 +6.5552e-01
1936 +8.824088127e-10 +8.824088127e-10 +6.561000000e+01 +6.561000000e+01 +3.4539e-01 -4.4834e-01 +6.5551e-01
1941 +3.833946494e-10 +3.833946494e-10 +6.561000000e+01 +6.561000000e+01 +3.4540e-01 -4.4837e-01 +6.5553e-01
