% function evaluation | noise-free fitness - Fopt (1.238300000000e+02) | best noise-free fitness - Fopt | measured fitness | best measured fitness | x1 | x2...
1 +7.585333275e+03 +7.585333275e+03 +7.709163275e+03 +7.709163275e+03 +2.2756e+00 -2.6449e+00
3 +5.694844072e+01 +5.694844072e+01 +1.807784407e+02 +1.807784407e+02 +1.6984e+00 -1.9242e-01
16 +1.911479343e+00 +1.911479343e+00 +1.257414793e+02 +1.257414793e+02 -1.8944e-01 -5.7894e-01
66 +2.745309860e-01 +2.745309860e-01 +1.241045310e+02 +1.241045310e+02 -1.6475e-01 -2.1262e-01
122 +2.168567599e-01 +2.168567599e-01 +1.240468568e+02 +1.240468568e+02 -1.7432e-01 -1.3374e-01
202 +1.363453031e-01 +1.363453031e-01 +1.239663453e+02 +1.239663453e+02 -1.6305e-01 +1.7851e-02
215 +4.166962699e-02 +4.166962699e-02 +1.238716696e+02 +1.238716696e+02 -1.2201e-01 +3.1409e-01
282 +2.771662466e-02 +2.771662466e-02 +1.238577166e+02 +1.238577166e+02 -1.1481e-01 +3.7374e-01
294 +2.406770343e-02 +2.406770343e-02 +1.238540677e+02 +1.238540677e+02 -9.8398e-02 +4.6445e-01
298 +8.822001542e-03 +8.822001542e-03 +1.238388220e+02 +1.238388220e+02 -6.9600e-02 +5.7437e-01
333 +1.608076428e-03 +1.608076428e-03 +1.238316081e+02 +1.238316081e+02 -3.3852e-02 +6.9974e-01
339 +7.852058325e-04 +7.852058325e-04 +1.238307852e+02 +1.238307852e+02 -1.8563e-02 +7.4241e-01
359 +4.939580158e-04 +4.939580158e-04 +1.238304940e+02 +1.238304940e+02 -2.4576e-02 +7.2855e-01
366 +2.282005548e-04 +2.282005548e-04 +1.238302282e+02 +1.238302282e+02 -2.8768e-02 +7.0853e-01
386 +7.624715096e-06 +7.624715096e-06 +1.238300076e+02 +1.238300076e+02 -2.8355e-02 +7.1241e-01
401 +4.098179616e-06 +4.098179616e-06 +1.238300041e+02 +1.238300041e+02 -2.9206e-02 +7.0918e-01
420 +2.556865510e-06 +2.556865510e-06 +1.238300026e+02 +1.238300026e+02 -3.0340e-02 +7.0575e-01
423 +2.078254326e-06 +2.078254326e-06 +1.238300021e+02 +1.238300021e+02 -3.0934e-02 +7.0340e-01
455 +5.846908380e-07 +5.846908380e-07 +1.238300006e+02 +1.238300006e+02 -3.0091e-02 +7.0649e-01
459 +8.318664868e-09 +8.318664868e-09 +1.238300000e+02 +1.238300000e+02 -3.0005e-02 +7.0666e-01
% function evaluation | noise-free fitness - Fopt (1.238300000000e+02) | best noise-free fitness - Fopt | measured fitness | best measured fitness | x1 | x2...
1 +7.891621222e+02 +7.891621222e+02 +9.129921222e+02 +9.129921222e+02 -1.9999e+00 -1.6342e+00
3 +3.164255444e+02 +3.164255444e+02 +4.402555444e+02 +4.402555444e+02 -1.1957e+00 -4.7793e-01
9 +2.477213359e+02 +2.477213359e+02 +3.715513359e+02 +3.715513359e+02 -6.3451e-01 -2.0134e+00
12 +9.397939277e+01 +9.397939277e+01 +2.178093928e+02 +2.178093928e+02 +5.0994e-01 +9.0461e-01
14 +5.065470320e+01 +5.065470320e+01 +1.744847032e+02 +1.744847032e+02 +1.0772e-01 +1.7479e+00
20 +3.456490565e+01 +3.456490565e+01 +1.583949057e+02 +1.583949057e+02 +2.4358e-01 +5.6429e-01
35 +1.718109388e+01 +1.718109388e+01 +1.410110939e+02 +1.410110939e+02 +8.7174e-01 -5.7430e-01
42 +5.521611271e+00 +5.521611271e+00 +1.293516113e+02 +1.293516113e+02 +1.5819e+00 -5.3617e-01
45 +1.322706064e+00 +1.322706064e+00 +1.251527061e+02 +1.251527061e+02 +1.2565e-01 -7.3320e-01
92 +8.127257073e-01 +8.127257073e-01 +1.246427257e+02 +1.246427257e+02 -5.3884e-02 -6.3317e-01
113 +4.688025406e-01 +4.688025406e-01 +1.242988025e+02 +1.242988025e+02 -1.4143e-01 -4.2069e-01
235 +3.138253091e-01 +3.138253091e-01 +1.241438253e+02 +1.241438253e+02 -1.7810e-01 -2.4245e-01
243 +2.307708835e-01 +2.307708835e-01 +1.240607709e+02 +1.240607709e+02 -1.7074e-01 -1.5675e-01
304 +1.514189012e-01 +1.514189012e-01 +1.239814189e+02 +1.239814189e+02 -1.6531e-01 -1.4360e-02
320 +9.499751566e-02 +9.499751566e-02 +1.239249975e+02 +1.239249975e+02 -1.5046e-01 +1.2852e-01
355 +5.229542341e-02 +5.229542341e-02 +1.238822954e+02 +1.238822954e+02 -1.2480e-01 +2.8905e-01
358 +2.535269580e-02 +2.535269580e-02 +1.238553527e+02 +1.238553527e+02 -1.0976e-01 +3.8531e-01
379 +1.178985133e-02 +1.178985133e-02 +1.238417899e+02 +1.238417899e+02 -7.7883e-02 +5.4320e-01
431 +8.441367113e-03 +8.441367113e-03 +1.238384414e+02 +1.238384414e+02 -8.1185e-02 +5.1862e-01
436 +6.295698245e-03 +6.295698245e-03 +1.238362957e+02 +1.238362957e+02 -6.8392e-02 +5.7512e-01
448 +3.805157222e-03 +3.805157222e-03 +1.238338052e+02 +1.238338052e+02 -6.5567e-02 +5.7913e-01
452 +2.465136891e-03 +2.465136891e-03 +1.238324651e+02 +1.238324651e+02 -5.9183e-02 +6.0223e-01
453 +7.337161643e-04 +7.337161643e-04 +1.238307337e+02 +1.238307337e+02 -4.5246e-02 +6.5466e-01
474 +2.846258172e-04 +2.846258172e-04 +1.238302846e+02 +1.238302846e+02 -4.0103e-02 +6.7071e-01
489 +2.819998578e-05 +2.819998578e-05 +1.238300282e+02 +1.238300282e+02 -3.1417e-02 +7.0255e-01
518 +2.322786030e-05 +2.322786030e-05 +1.238300232e+02 +1.238300232e+02 -2.7226e-02 +7.1599e-01
536 +5.325562441e-06 +5.325562441e-06 +1.238300053e+02 +1.238300053e+02 -3.1461e-02 +7.0169e-01
537 +2.215474382e-07 +2.215474382e-07 +1.238300002e+02 +1.238300002e+02 -2.9800e-02 +7.0734e-01
564 +4.024084888e-08 +4.024084888e-08 +1.238300000e+02 +1.238300000e+02 -3.0115e-02 +7.0631e-01
602 +2.338924787e-08 +2.338924787e-08 +1.238300000e+02 +1.238300000e+02 -3.0133e-02 +7.0623e-01
610 +1.573556574e-08 +1.573556574e-08 +1.238300000e+02 +1.238300000e+02 -3.0067e-02 +7.0647e-01
635 +3.947064897e-10 +3.947064897e-10 +1.238300000e+02 +1.238300000e+02 -3.0058e-02 +7.0647e-01
% function evaluation | noise-free fitness - Fopt (1.238300000000e+02) | best noise-free fitness - Fopt | measured fitness | best measured fitness | x1 | x2...
1 +1.275113313e+03 +1.275113313e+03 +1.398943313e+03 +1.398943313e+03 -1.1140e+00 +1.0327e+00
2 +4.933281596e+00 +4.933281596e+00 +1.287632816e+02 +1.287632816e+02 +1.9254e-01 -5.8709e-01
16 +2.757752595e+00 +2.757752595e+00 +1.265877526e+02 +1.265877526e+02 -4.7007e-02 +2.2071e-01
19 +9.954208166e-01 +9.954208166e-01 +1.248254208e+02 +1.248254208e+02 +8.4900e-01 +2.7647e+00
108 +4.363141365e-01 +4.363141365e-01 +1.242663141e+02 +1.242663141e+02 +5.0020e-01 +2.0518e+00
112 +3.112464626e-01 +3.112464626e-01 +1.241412465e+02 +1.241412465e+02 +4.2332e-01 +1.9319e+00
144 +2.503972028e-01 +2.503972028e-01 +1.240803972e+02 +1.240803972e+02 +4.4558e-01 +1.9560e+00
263 +1.529300712e-01 +1.529300712e-01 +1.239829301e+02 +1.239829301e+02 +2.9777e-01 +1.6275e+00
273 +8.099830658e-02 +8.099830658e-02 +1.239109983e+02 +1.239109983e+02 +1.5649e-01 +1.2455e+00
280 +5.913893208e-02 +5.913893208e-02 +1.238891389e+02 +1.238891389e+02 +8.1842e-02 +1.0786e+00
306 +2.855810916e-02 +2.855810916e-02 +1.238585581e+02 +1.238585581e+02 +9.3784e-02 +1.0909e+00
314 +1.102840145e-02 +1.102840145e-02 +1.238410284e+02 +1.238410284e+02 +1.4818e-02 +8.6589e-01
319 +8.945191079e-03 +8.945191079e-03 +1.238389452e+02 +1.238389452e+02 +3.1327e-02 +9.0996e-01
348 +3.188305178e-03 +3.188305178e-03 +1.238331883e+02 +1.238331883e+02 -3.9770e-03 +8.0002e-01
442 +2.226154583e-03 +2.226154583e-03 +1.238322262e+02 +1.238322262e+02 -1.5859e-03 +7.9941e-01
450 +1.362734766e-03 +1.362734766e-03 +1.238313627e+02 +1.238313627e+02 -1.5901e-02 +7.5014e-01
455 +5.527031656e-04 +5.527031656e-04 +1.238305527e+02 +1.238305527e+02 -1.6224e-02 +7.5224e-01
477 +2.419559703e-04 +2.419559703e-04 +1.238302420e+02 +1.238302420e+02 -3.9533e-02 +6.7345e-01
487 +1.090463064e-04 +1.090463064e-04 +1.238301090e+02 +1.238301090e+02 -3.5793e-02 +6.8727e-01
489 +8.400070246e-05 +8.400070246e-05 +1.238300840e+02 +1.238300840e+02 -3.5509e-02 +6.8788e-01
511 +4.227589145e-06 +4.227589145e-06 +1.238300042e+02 +1.238300042e+02 -2.9922e-02 +7.0728e-01
544 +1.048754882e-06 +1.048754882e-06 +1.238300010e+02 +1.238300010e+02 -2.9831e-02 +7.0742e-01
561 +7.104028583e-07 +7.104028583e-07 +1.238300007e+02 +1.238300007e+02 -3.0496e-02 +7.0504e-01
564 +4.387189279e-08 +4.387189279e-08 +1.238300000e+02 +1.238300000e+02 -3.0129e-02 +7.0620e-01
614 +1.303054376e-08 +1.303054376e-08 +1.238300000e+02 +1.238300000e+02 -3.0074e-02 +7.0644e-01
616 +2.033502255e-09 +2.033502255e-09 +1.238300000e+02 +1.238300000e+02 -3.0087e-02 +7.0638e-01
620 +4.049525160e-10 +4.049525160e-10 +1.238300000e+02 +1.238300000e+02 -3.0073e-02 +7.0642e-01
% function evaluation | noise-free fitness - Fopt (4.751000000000e+01) | best noise-free fitness - Fopt | measured fitness | best measured fitness | x1 | x2...
1 +9.911607290e+03 +9.911607290e+03 +9.959117290e+03 +9.959117290e+03 -3.6951e+00 -9.9286e-01
2 +7.723933918e+02 +7.723933918e+02 +8.199033918e+02 +8.199033918e+02 -2.6865e+00 +1.2029e+00
6 +5.334887314e+02 +5.334887314e+02 +5.809987314e+02 +5.809987314e+02 -2.3995e+00 +9.6621e-01
8 +5.595865815e+00 +5.595865815e+00 +5.310586582e+01 +5.310586582e+01 -1.6670e-01 +3.5144e-01
16 +1.458106064e+00 +1.458106064e+00 +4.896810606e+01 +4.896810606e+01 +6.9755e-02 +2.2623e-01
243 +9.398211129e-01 +9.398211129e-01 +4.844982111e+01 +4.844982111e+01 -6.5353e-01 +1.3869e-01
300 +5.472823887e-01 +5.472823887e-01 +4.805728239e+01 +4.805728239e+01 -4.3104e-01 +1.7015e-01
310 +3.462118191e-01 +3.462118191e-01 +4.785621182e+01 +4.785621182e+01 -2.6728e-01 +2.0775e-01
429 +2.507287624e-01 +2.507287624e-01 +4.776072876e+01 +4.776072876e+01 -1.5720e-01 +1.9740e-01
453 +1.503115864e-01 +1.503115864e-01 +4.766031159e+01 +4.766031159e+01 +2.7872e-02 +1.7124e-01
480 +8.665851540e-02 +8.665851540e-02 +4.759665852e+01 +4.759665852e+01 +1.9466e-01 +1.1680e-01
518 +5.983244933e-02 +5.983244933e-02 +4.756983245e+01 +4.756983245e+01 +2.4160e-01 +1.1044e-01
538 +3.466384225e-02 +3.466384225e-02 +4.754466384e+01 +4.754466384e+01 +3.5143e-01 +7.2437e-02
588 +2.211107474e-02 +2.211107474e-02 +4.753211107e+01 +4.753211107e+01 +4.3833e-01 +4.6943e-02
607 +1.540232146e-02 +1.540232146e-02 +4.752540232e+01 +4.752540232e+01 +4.8878e-01 +2.1612e-02
644 +6.969158446e-03 +6.969158446e-03 +4.751696916e+01 +4.751696916e+01 +5.9166e-01 -1.2950e-02
652 +5.427147380e-03 +5.427147380e-03 +4.751542715e+01 +4.751542715e+01 +5.9866e-01 -1.6353e-02
674 +1.813427804e-03 +1.813427804e-03 +4.751181343e+01 +4.751181343e+01 +6.1812e-01 -2.6976e-02
688 +1.550676651e-03 +1.550676651e-03 +4.751155068e+01 +4.751155068e+01 +7.5019e-01 -8.2678e-02
723 +1.977614215e-04 +1.977614215e-04 +4.751019776e+01 +4.751019776e+01 +6.7639e-01 -5.1597e-02
735 +4.073135342e-05 +4.073135342e-05 +4.751004073e+01 +4.751004073e+01 +6.9893e-01 -6.1268e-02
767 +8.457674163e-06 +8.457674163e-06 +4.751000846e+01 +4.751000846e+01 +7.1016e-01 -6.6484e-02
797 +5.114394682e-06 +5.114394682e-06 +4.751000511e+01 +4.751000511e+01 +7.0656e-01 -6.4796e-02
805 +6.159838861e-07 +6.159838861e-07 +4.751000062e+01 +4.751000062e+01 +7.0560e-01 -6.4451e-02
824 +3.724368796e-07 +3.724368796e-07 +4.751000037e+01 +4.751000037e+01 +7.0521e-01 -6.4281e-02
836 +3.940385795e-10 +3.940385795e-10 +4.751000000e+01 +4.751000000e+01 +7.0424e-01 -6.3875e-02
% function evaluation | noise-free fitness - Fopt (4.751000000000e+01) | best noise-free fitness - Fopt | measured fitness | best measured fitness | x1 | x2...
1 +5.872577635e+03 +5.872577635e+03 +5.920087635e+03 +5.920087635e+03 -3.0916e+00 -1.2420e+00
2 +1.237026346e+02 +1.237026346e+02 +1.712126346e+02 +1.712126346e+02 -1.6257e+00 +4.7124e-01
10 +7.152490090e+01 +7.152490090e+01 +1.190349009e+02 +1.190349009e+02 +1.0617e+00 -6.3710e-01
19 +3.620536878e+01 +3.620536878e+01 +8.371536878e+01 +8.371536878e+01 +7.9811e-01 +1.6521e-01
27 +4.542402830e-01 +4.542402830e-01 +4.796424028e+01 +4.796424028e+01 -7.3157e-02 +1.4819e-01
81 +2.880802665e-01 +2.880802665e-01 +4.779808027e+01 +4.779808027e+01 -1.5916e-01 +1.7946e-01
86 +1.061787522e-01 +1.061787522e-01 +4.761617875e+01 +4.761617875e+01 +5.8527e-01 +2.7098e-03
122 +8.262193245e-02 +8.262193245e-02 +4.759262193e+01 +4.759262193e+01 +2.5259e-01 +1.1563e-01
147 +2.861788222e-02 +2.861788222e-02 +4.753861788e+01 +4.753861788e+01 +3.7797e-01 +6.6414e-02
249 +2.483695502e-02 +2.483695502e-02 +4.753483696e+01 +4.753483696e+01 +3.9759e-01 +5.7895e-02
254 +6.455481307e-03 +6.455481307e-03 +4.751645548e+01 +4.751645548e+01 +5.5977e-01 -4.9369e-03
280 +2.909461551e-03 +2.909461551e-03 +4.751290946e+01 +4.751290946e+01 +6.1132e-01 -2.2790e-02
313 +4.494465755e-04 +4.494465755e-04 +4.751044945e+01 +4.751044945e+01 +6.9055e-01 -5.6913e-02
321 +3.547994570e-04 +3.547994570e-04 +4.751035480e+01 +4.751035480e+01 +6.9036e-01 -5.6956e-02
337 +2.522898365e-05 +2.522898365e-05 +4.751002523e+01 +4.751002523e+01 +7.1421e-01 -6.8191e-02
391 +1.543871583e-06 +1.543871583e-06 +4.751000154e+01 +4.751000154e+01 +7.0244e-01 -6.3131e-02
441 +5.115387154e-07 +5.115387154e-07 +4.751000051e+01 +4.751000051e+01 +7.0360e-01 -6.3562e-02
459 +1.700950847e-07 +1.700950847e-07 +4.751000017e+01 +4.751000017e+01 +7.0505e-01 -6.4234e-02
501 +1.575847577e-07 +1.575847577e-07 +4.751000016e+01 +4.751000016e+01 +7.0343e-01 -6.3524e-02
503 +8.391504736e-08 +8.391504736e-08 +4.751000008e+01 +4.751000008e+01 +7.0391e-01 -6.3718e-02
514 +1.832855645e-08 +1.832855645e-08 +4.751000002e+01 +4.751000002e+01 +7.0423e-01 -6.3864e-02
526 +1.059849808e-08 +1.059849808e-08 +4.751000001e+01 +4.751000001e+01 +7.0404e-01 -6.3791e-02
532 +7.192070939e-09 +7.192070939e-09 +4.751000001e+01 +4.751000001e+01 +7.0406e-01 -6.3793e-02
536 +3.174662311e-09 +3.174662311e-09 +4.751000000e+01 +4.751000000e+01 +7.0419e-01 -6.3849e-02
% function evaluation | noise-free fitness - Fopt (4.751000000000e+01) | best noise-free fitness - Fopt | measured fitness | best measured fitness | x1 | x2...
1 +1.021318742e+03 +1.021318742e+03 +1.068828742e+03 +1.068828742e+03 -2.2850e+00 +2.6511e+00
4 +3.889747220e+02 +3.889747220e+02 +4.364847220e+02 +4.364847220e+02 -6.1277e-01 +1.4743e+00
8 +2.088570556e+02 +2.088570556e+02 +2.563670556e+02 +2.563670556e+02 -1.6793e+00 +1.1205e+00
10 +1.111130506e+02 +1.111130506e+02 +1.586230506e+02 +1.586230506e+02 -2.5047e-01 -1.1745e+00
13 +6.455201841e+01 +6.455201841e+01 +1.120620184e+02 +1.120620184e+02 -8.5066e-02 -4.8073e-01
16 +6.099536472e-01 +6.099536472e-01 +4.811995365e+01 +4.811995365e+01 +2.6745e+00 -1.2151e+00
102 +1.950188385e-01 +1.950188385e-01 +4.770501884e+01 +4.770501884e+01 +3.1630e-01 +6.4183e-02
148 +6.970757300e-02 +6.970757300e-02 +4.757970757e+01 +4.757970757e+01 +1.0441e+00 -2.1548e-01
227 +4.769381790e-02 +4.769381790e-02 +4.755769382e+01 +4.755769382e+01 +3.0139e-01 +8.7767e-02
251 +3.833582601e-02 +3.833582601e-02 +4.754833583e+01 +4.754833583e+01 +3.2764e-01 +8.2069e-02
294 +1.583712234e-02 +1.583712234e-02 +4.752583712e+01 +4.752583712e+01 +4.5926e-01 +3.6941e-02
313 +9.774590746e-03 +9.774590746e-03 +4.751977459e+01 +4.751977459e+01 +5.5983e-01 +3.0581e-04
325 +3.788459618e-03 +3.788459618e-03 +4.751378846e+01 +4.751378846e+01 +6.4392e-01 -3.5204e-02
333 +7.756350165e-04 +7.756350165e-04 +4.751077564e+01 +4.751077564e+01 +6.5412e-01 -4.1575e-02
350 +1.123406961e-04 +1.123406961e-04 +4.751011234e+01 +4.751011234e+01 +7.1772e-01 -7.0205e-02
360 +4.489727153e-05 +4.489727153e-05 +4.751004490e+01 +4.751004490e+01 +7.1582e-01 -6.9135e-02
394 +3.922507857e-05 +3.922507857e-05 +4.751003923e+01 +4.751003923e+01 +6.9684e-01 -6.0391e-02
420 +1.702682624e-05 +1.702682624e-05 +4.751001703e+01 +4.751001703e+01 +6.9595e-01 -6.0295e-02
423 +3.010902432e-06 +3.010902432e-06 +4.751000301e+01 +4.751000301e+01 +7.0090e-01 -6.2442e-02
445 +2.390433679e-06 +2.390433679e-06 +4.751000239e+01 +4.751000239e+01 +7.0176e-01 -6.2837e-02
447 +7.705974596e-07 +7.705974596e-07 +4.751000077e+01 +4.751000077e+01 +7.0345e-01 -6.3567e-02
448 +6.004622719e-07 +6.004622719e-07 +4.751000060e+01 +4.751000060e+01 +7.0318e-01 -6.3381e-02
501 +1.951549891e-07 +1.951549891e-07 +4.751000020e+01 +4.751000020e+01 +7.0512e-01 -6.4261e-02
514 +1.079605170e-07 +1.079605170e-07 +4.751000011e+01 +4.751000011e+01 +7.0391e-01 -6.3714e-02
524 +4.074570370e-08 +4.074570370e-08 +4.751000004e+01 +4.751000004e+01 +7.0383e-01 -6.3696e-02
549 +9.561659908e-09 +9.561659908e-09 +4.751000001e+01 +4.751000001e+01 +7.0441e-01 -6.3950e-02
554 +1.882227707e-10 +1.882227707e-10 +4.751000000e+01 +4.751000000e+01 +7.0419e-01 -6.3852e-02
% function evaluation | noise-free fitness - Fopt (5.534000000000e+01) | best noise-free fitness - Fopt | measured fitness | best measured fitness | x1 | x2...
1 +7.123216264e+02 +7.123216264e+02 +7.676616264e+02 +7.676616264e+02 -1.7641e+00 +2.3413e+00
2 +3.154021080e+02 +3.154021080e+02 +3.707421080e+02 +3.707421080e+02 -1.0107e+00 +1.9779e+00
7 +5.282216009e+01 +5.282216009e+01 +1.081621601e+02 +1.081621601e+02 -8.7303e-02 +3.8856e-01
12 +1.585465726e+00 +1.585465726e+00 +5.692546573e+01 +5.692546573e+01 -2.2761e+00 -2.5047e-02
80 +1.411677858e+00 +1.411677858e+00 +5.675167786e+01 +5.675167786e+01 +7.2631e-01 +3.8143e-01
88 +7.099564683e-01 +7.099564683e-01 +5.604995647e+01 +5.604995647e+01 +5.6287e-01 +1.9862e-02
115 +5.727446408e-01 +5.727446408e-01 +5.591274464e+01 +5.591274464e+01 +5.0049e-01 -1.4625e-02
117 +2.673275141e-01 +2.673275141e-01 +5.560732751e+01 +5.560732751e+01 +2.3365e-01 -1.2444e-01
135 +1.078873430e-01 +1.078873430e-01 +5.544788734e+01 +5.544788734e+01 -7.4718e-02 -1.8669e-01
147 +2.756793093e-02 +2.756793093e-02 +5.536756793e+01 +5.536756793e+01 -3.3687e-01 -1.9866e-01
194 +1.551291912e-02 +1.551291912e-02 +5.535551292e+01 +5.535551292e+01 -4.4367e-01 -1.9997e-01
350 +8.875101158e-03 +8.875101158e-03 +5.534887510e+01 +5.534887510e+01 -4.9915e-01 -2.0529e-01
364 +5.547917963e-03 +5.547917963e-03 +5.534554792e+01 +5.534554792e+01 -5.2544e-01 -2.0188e-01
376 +1.643379429e-03 +1.643379429e-03 +5.534164338e+01 +5.534164338e+01 -6.5426e-01 -2.0228e-01
384 +8.176650786e-04 +8.176650786e-04 +5.534081767e+01 +5.534081767e+01 -6.1728e-01 -2.0123e-01
425 +3.280390921e-04 +3.280390921e-04 +5.534032804e+01 +5.534032804e+01 -7.1224e-01 -1.9881e-01
429 +9.332336887e-05 +9.332336887e-05 +5.534009332e+01 +5.534009332e+01 -6.7023e-01 -1.9959e-01
444 +3.007299479e-05 +3.007299479e-05 +5.534003007e+01 +5.534003007e+01 -6.8758e-01 -1.9920e-01
483 +1.931515385e-05 +1.931515385e-05 +5.534001932e+01 +5.534001932e+01 -6.7670e-01 -1.9956e-01
491 +8.427200207e-06 +8.427200207e-06 +5.534000843e+01 +5.534000843e+01 -6.7615e-01 -1.9990e-01
507 +1.462900940e-06 +1.462900940e-06 +5.534000146e+01 +5.534000146e+01 -6.7993e-01 -1.9968e-01
516 +9.246419097e-07 +9.246419097e-07 +5.534000092e+01 +5.534000092e+01 -6.8006e-01 -1.9966e-01
519 +4.213882363e-07 +4.213882363e-07 +5.534000042e+01 +5.534000042e+01 -6.7772e-01 -1.9970e-01
534 +3.317404378e-07 +3.317404378e-07 +5.534000033e+01 +5.534000033e+01 -6.7850e-01 -1.9972e-01
535 +1.846476181e-07 +1.846476181e-07 +5.534000018e+01 +5.534000018e+01 -6.7744e-01 -1.9974e-01
549 +1.351017502e-07 +1.351017502e-07 +5.534000014e+01 +5.534000014e+01 -6.7834e-01 -1.9968e-01
554 +1.698542462e-08 +1.698542462e-08 +5.534000002e+01 +5.534000002e+01 -6.7829e-01 -1.9971e-01
565 +8.290477638e-09 +8.290477638e-09 +5.534000001e+01 +5.534000001e+01 -6.7825e-01 -1.9970e-01
566 +1.273527062e-09 +1.273527062e-09 +5.534000000e+01 +5.534000000e+01 -6.7825e-01 -1.9970e-01
% function evaluation | noise-free fitness - Fopt (5.534000000000e+01) | best noise-free fitness - Fopt | measured fitness | best measured fitness | x1 | x2...
1 +1.473665822e+04 +1.473665822e+04 +1.479199822e+04 +1.479199822e+04 +2.4843e-01 -3.3145e+00
2 +1.879013363e+02 +1.879013363e+02 +2.432413363e+02 +2.432413363e+02 +1.4995e+00 -7.4981e-01
5 +1.555279720e+02 +1.555279720e+02 +2.108679720e+02 +2.108679720e+02 -1.1825e+00 +4.1622e-01
8 +9.919603827e+01 +9.919603827e+01 +1.545360383e+02 +1.545360383e+02 -1.4406e+00 -4.6000e-01
23 +3.051952267e+01 +3.051952267e+01 +8.585952267e+01 +8.585952267e+01 -2.3217e+00 +4.1274e+00
33 +1.559642264e+01 +1.559642264e+01 +7.093642264e+01 +7.093642264e+01 -4.2553e+00 +5.9506e+00
41 +9.670903853e+00 +9.670903853e+00 +6.501090385e+01 +6.501090385e+01 -2.2234e+00 +4.1820e+00
78 +1.165508514e+00 +1.165508514e+00 +5.650550851e+01 +5.650550851e+01 -3.5905e-01 -2.5417e-01
129 +8.997609465e-01 +8.997609465e-01 +5.623976095e+01 +5.623976095e+01 -6.3871e-01 -1.5732e-01
142 +2.614082873e-01 +2.614082873e-01 +5.560140829e+01 +5.560140829e+01 -3.8147e-01 -2.2616e-01
144 +1.398394124e-01 +1.398394124e-01 +5.547983941e+01 +5.547983941e+01 +1.3985e-02 -1.7333e-01
194 +3.462336652e-02 +3.462336652e-02 +5.537462337e+01 +5.537462337e+01 -2.9445e-01 -1.9940e-01
240 +2.263061154e-02 +2.263061154e-02 +5.536263061e+01 +5.536263061e+01 -3.8295e-01 -1.9893e-01
247 +6.236378000e-03 +6.236378000e-03 +5.534623638e+01 +5.534623638e+01 -5.0718e-01 -2.0316e-01
250 +8.719941073e-04 +8.719941073e-04 +5.534087199e+01 +5.534087199e+01 -7.4398e-01 -1.9718e-01
318 +5.166627328e-04 +5.166627328e-04 +5.534051666e+01 +5.534051666e+01 -6.3054e-01 -2.0090e-01
333 +2.577383044e-04 +2.577383044e-04 +5.534025774e+01 +5.534025774e+01 -6.4271e-01 -2.0083e-01
345 +2.488358185e-04 +2.488358185e-04 +5.534024884e+01 +5.534024884e+01 -6.4700e-01 -2.0043e-01
346 +4.619340054e-05 +4.619340054e-05 +5.534004619e+01 +5.534004619e+01 -6.6952e-01 -2.0026e-01
380 +1.809101281e-05 +1.809101281e-05 +5.534001809e+01 +5.534001809e+01 -6.6973e-01 -1.9992e-01
395 +6.680285338e-07 +6.680285338e-07 +5.534000067e+01 +5.534000067e+01 -6.7709e-01 -1.9977e-01
405 +5.993095016e-07 +5.993095016e-07 +5.534000060e+01 +5.534000060e+01 -6.7739e-01 -1.9970e-01
422 +2.466629212e-08 +2.466629212e-08 +5.534000002e+01 +5.534000002e+01 -6.7837e-01 -1.9969e-01
439 +1.493766888e-09 +1.493766888e-09 +5.534000000e+01 +5.534000000e+01 -6.7836e-01 -1.9970e-01
% function evaluation | noise-free fitness - Fopt (5.534000000000e+01) | best noise-free fitness - Fopt | measured fitness | best measured fitness | x1 | x2...
1 +9.004450964e+02 +9.004450964e+02 +9.557850964e+02 +9.557850964e+02 +3.0462e+00 -1.4804e+00
5 +1.122947450e+02 +1.122947450e+02 +1.676347450e+02 +1.676347450e+02 +1.3768e-01 -7.0170e-01
16 +7.685269042e+01 +7.685269042e+01 +1.321926904e+02 +1.321926904e+02 +1.0242e+00 +1.1538e+00
17 +1.765469221e+00 +1.765469221e+00 +5.710546922e+01 +5.710546922e+01 +7.0112e-01 +4.6229e-01
39 +1.559242327e+00 +1.559242327e+00 +5.689924233e+01 +5.689924233e+01 +7.7299e-01 +3.1248e-01
57 +5.378308463e-01 +5.378308463e-01 +5.587783085e+01 +5.587783085e+01 +1.3905e-01 -1.0190e-01
64 +1.030514171e-01 +1.030514171e-01 +5.544305142e+01 +5.544305142e+01 -1.4702e+00 -1.2459e-01
100 +5.730399948e-03 +5.730399948e-03 +5.534573040e+01 +5.534573040e+01 -7.7403e-01 -1.9272e-01
192 +1.822906678e-04 +1.822906678e-04 +5.534018229e+01 +5.534018229e+01 -6.4886e-01 -2.0057e-01
318 +1.523213260e-04 +1.523213260e-04 +5.534015232e+01 +5.534015232e+01 -6.5483e-01 -2.0079e-01
339 +7.395992350e-05 +7.395992350e-05 +5.534007396e+01 +5.534007396e+01 -6.5951e-01 -2.0042e-01
343 +5.687724617e-06 +5.687724617e-06 +5.534000569e+01 +5.534000569e+01 -6.7305e-01 -1.9990e-01
398 +2.264735102e-06 +2.264735102e-06 +5.534000226e+01 +5.534000226e+01 -6.7681e-01 -1.9969e-01
417 +5.390439739e-07 +5.390439739e-07 +5.534000054e+01 +5.534000054e+01 -6.7789e-01 -1.9968e-01
418 +1.414088047e-08 +1.414088047e-08 +5.534000001e+01 +5.534000001e+01 -6.7807e-01 -1.9971e-01
458 +3.284952754e-09 +3.284952754e-09 +5.534000000e+01 +5.534000000e+01 -6.7837e-01 -1.9970e-01
464 +1.750422030e-10 +1.750422030e-10 +5.534000000e+01 +5.534000000e+01 -6.7833e-01 -1.9970e-01
% function evaluation | noise-free fitness - Fopt (-9.033000000000e+01) | best noise-free fitness - Fopt | measured fitness | best measured fitness | x1 | x2...
1 +1.719370447e+02 +1.719370447e+02 +8.160704474e+01 +8.160704474e+01 -2.2394e+00 -1.3794e+00
3 +5.369305861e+01 +5.369305861e+01 -3.663694139e+01 -3.663694139e+01 -1.0413e+00 -1.2159e+00
20 +3.768177668e+01 +3.768177668e+01 -5.264822332e+01 -5.264822332e+01 -1.2701e+00 -1.3748e+00
33 +7.415843416e+00 +7.415843416e+00 -8.291415658e+01 -8.291415658e+01 -7.3494e-01 -1.5330e+00
46 +6.071049574e+00 +6.071049574e+00 -8.425895043e+01 -8.425895043e+01 -1.8361e+00 -1.7613e+00
162 +3.828930143e+00 +3.828930143e+00 -8.650106986e+01 -8.650106986e+01 -4.9031e-01 -1.3810e+00
199 +1.980857779e+00 +1.980857779e+00 -8.834914222e+01 -8.834914222e+01 +2.2579e-01 -9.0879e-01
247 +1.257879191e+00 +1.257879191e+00 -8.907212081e+01 -8.907212081e+01 +4.1272e-01 -6.7329e-01
268 +9.885641128e-01 +9.885641128e-01 -8.934143589e+01 -8.934143589e+01 +4.6193e-01 -5.2954e-01
326 +5.099015225e-01 +5.099015225e-01 -8.982009848e+01 -8.982009848e+01 +3.5364e-01 -1.2151e-01
355 +3.651414652e-01 +3.651414652e-01 -8.996485853e+01 -8.996485853e+01 +3.0770e-01 -1.2738e-01
435 +2.387309629e-01 +2.387309629e-01 -9.009126904e+01 -9.009126904e+01 +2.3686e-01 -1.7208e-03
501 +1.360172369e-01 +1.360172369e-01 -9.019398276e+01 -9.019398276e+01 +8.0271e-02 +1.4336e-01
536 +9.584658564e-02 +9.584658564e-02 -9.023415341e+01 -9.023415341e+01 +4.4805e-02 +1.8650e-01
582 +5.427316534e-02 +5.427316534e-02 -9.027572683e+01 -9.027572683e+01 -5.9872e-02 +2.8134e-01
631 +3.594667236e-02 +3.594667236e-02 -9.029405333e+01 -9.029405333e+01 -1.2538e-01 +3.3398e-01
666 +2.137761299e-02 +2.137761299e-02 -9.030862239e+01 -9.030862239e+01 -1.8647e-01 +3.7851e-01
677 +1.312320567e-02 +1.312320567e-02 -9.031687679e+01 -9.031687679e+01 -2.3757e-01 +4.1606e-01
680 +7.736563553e-03 +7.736563553e-03 -9.032226344e+01 -9.032226344e+01 -2.9200e-01 +4.5651e-01
686 +3.020235129e-03 +3.020235129e-03 -9.032697976e+01 -9.032697976e+01 -3.6719e-01 +5.0858e-01
730 +1.898340232e-03 +1.898340232e-03 -9.032810166e+01 -9.032810166e+01 -4.0199e-01 +5.2762e-01
736 +1.384422456e-03 +1.384422456e-03 -9.032861558e+01 -9.032861558e+01 -3.8134e-01 +5.1485e-01
742 +4.931614866e-04 +4.931614866e-04 -9.032950684e+01 -9.032950684e+01 -4.0076e-01 +5.2848e-01
757 +3.791359657e-05 +3.791359657e-05 -9.032996209e+01 -9.032996209e+01 -4.3825e-01 +5.5326e-01
785 +2.194985370e-05 +2.194985370e-05 -9.032997805e+01 -9.032997805e+01 -4.4797e-01 +5.5993e-01
803 +6.647758241e-06 +6.647758241e-06 -9.032999335e+01 -9.032999335e+01 -4.4242e-01 +5.5621e-01
808 +1.546502901e-06 +1.546502901e-06 -9.032999845e+01 -9.032999845e+01 -4.3795e-01 +5.5334e-01
841 +1.714318927e-07 +1.714318927e-07 -9.032999983e+01 -9.032999983e+01 -4.3866e-01 +5.5384e-01
862 +1.423070159e-07 +1.423070159e-07 -9.032999986e+01 -9.032999986e+01 -4.3847e-01 +5.5373e-01
869 +7.422795534e-08 +7.422795534e-08 -9.032999993e+01 -9.032999993e+01 -4.3891e-01 +5.5401e-01
881 +5.957491567e-08 +5.957491567e-08 -9.032999994e+01 -9.032999994e+01 -4.3894e-01 +5.5405e-01
890 +1.998147070e-08 +1.998147070e-08 -9.032999998e+01 -9.032999998e+01 -4.3891e-01 +5.5402e-01
900 +3.062368137e-09 +3.062368137e-09 -9.033000000e+01 -9.033000000e+01 -4.3926e-01 +5.5425e-01
902 +4.957314559e-10 +4.957314559e-10 -9.033000000e+01 -9.033000000e+01 -4.3921e-01 +5.5422e-01
% function evaluation | noise-free fitness - Fopt (-9.033000000000e+01) | best noise-free fitness - Fopt | measured fitness | best measured fitness | x1 | x2...
1 +1.121034144e+03 +1.121034144e+03 +1.030704144e+03 +1.030704144e+03 -2.9899e+00 +2.3148e-01
4 +1.288750884e+02 +1.288750884e+02 +3.854508837e+01 +3.854508837e+01 -2.2295e+00 +1.7808e+00
12 +5.227194226e+00 +5.227194226e+00 -8.510280577e+01 -8.510280577e+01 -6.3418e-01 +5.5935e-01
19 +4.059195454e-01 +4.059195454e-01 -8.992408045e+01 -8.992408045e+01 -6.7927e-01 +7.3231e-01
112 +1.910426126e-01 +1.910426126e-01 -9.013895739e+01 -9.013895739e+01 +1.6095e-01 +9.0257e-02
114 +1.366986553e-01 +1.366986553e-01 -9.019330134e+01 -9.019330134e+01 -6.7506e-03 +2.5283e-01
123 +9.401240624e-02 +9.401240624e-02 -9.023598759e+01 -9.023598759e+01 -1.6253e-01 +3.4313e-01
164 +5.447918849e-02 +5.447918849e-02 -9.027552081e+01 -9.027552081e+01 -5.5916e-02 +2.7493e-01
296 +3.790522816e-02 +3.790522816e-02 -9.029209477e+01 -9.029209477e+01 -1.1204e-01 +3.2150e-01
304 +2.442802885e-02 +2.442802885e-02 -9.030557197e+01 -9.030557197e+01 -1.7104e-01 +3.6581e-01
335 +1.577850166e-02 +1.577850166e-02 -9.031422150e+01 -9.031422150e+01 -2.2811e-01 +4.0671e-01
345 +7.964661656e-03 +7.964661656e-03 -9.032203534e+01 -9.032203534e+01 -2.9330e-01 +4.5343e-01
361 +3.062432196e-03 +3.062432196e-03 -9.032693757e+01 -9.032693757e+01 -3.4975e-01 +4.9606e-01
388 +1.099013010e-03 +1.099013010e-03 -9.032890099e+01 -9.032890099e+01 -3.9272e-01 +5.2475e-01
406 +4.205480543e-04 +4.205480543e-04 -9.032957945e+01 -9.032957945e+01 -4.0988e-01 +5.3425e-01
418 +2.388724840e-04 +2.388724840e-04 -9.032976113e+01 -9.032976113e+01 -4.1572e-01 +5.3833e-01
425 +5.787092704e-06 +5.787092704e-06 -9.032999421e+01 -9.032999421e+01 -4.3953e-01 +5.5430e-01
493 +2.317202416e-06 +2.317202416e-06 -9.032999768e+01 -9.032999768e+01 -4.3737e-01 +5.5296e-01
509 +1.102506019e-06 +1.102506019e-06 -9.032999890e+01 -9.032999890e+01 -4.4045e-01 +5.5498e-01
515 +8.910797220e-07 +8.910797220e-07 -9.032999911e+01 -9.032999911e+01 -4.3802e-01 +5.5340e-01
516 +3.100281702e-07 +3.100281702e-07 -9.032999969e+01 -9.032999969e+01 -4.3818e-01 +5.5354e-01
520 +1.557838658e-07 +1.557838658e-07 -9.032999984e+01 -9.032999984e+01 -4.3939e-01 +5.5432e-01
539 +2.351551132e-08 +2.351551132e-08 -9.032999998e+01 -9.032999998e+01 -4.3911e-01 +5.5416e-01
560 +7.527674484e-09 +7.527674484e-09 -9.032999999e+01 -9.032999999e+01 -4.3930e-01 +5.5427e-01
566 +2.914788411e-10 +2.914788411e-10 -9.033000000e+01 -9.033000000e+01 -4.3916e-01 +5.5419e-01
% function evaluation | noise-free fitness - Fopt (-9.033000000000e+01) | best noise-free fitness - Fopt | measured fitness | best measured fitness | x1 | x2...
1 +6.859676728e+02 +6.859676728e+02 +5.956376728e+02 +5.956376728e+02 -2.0081e-01 -2.2373e+00
2 +3.377641135e+02 +3.377641135e+02 +2.474341135e+02 +2.474341135e+02 -2.0089e+00 -1.0167e+00
3 +2.100279490e+00 +2.100279490e+00 -8.822972051e+01 -8.822972051e+01 -8.7463e-01 +8.7605e-01
20 +1.059101704e+00 +1.059101704e+00 -8.927089830e+01 -8.927089830e+01 +6.9928e-03 +2.9335e-01
33 +8.994682239e-01 +8.994682239e-01 -8.943053178e+01 -8.943053178e+01 -9.5074e-01 +8.9514e-01
50 +1.125772405e-01 +1.125772405e-01 -9.021742276e+01 -9.021742276e+01 -7.6659e-02 +3.1006e-01
103 +4.407825469e-02 +4.407825469e-02 -9.028592175e+01 -9.028592175e+01 -8.3832e-01 +7.9108e-01
154 +2.823390232e-02 +2.823390232e-02 -9.030176610e+01 -9.030176610e+01 -6.2378e-01 +6.7667e-01
156 +1.638628775e-02 +1.638628775e-02 -9.031361371e+01 -9.031361371e+01 -6.8891e-01 +7.1009e-01
173 +1.526776118e-02 +1.526776118e-02 -9.031473224e+01 -9.031473224e+01 -6.4095e-01 +6.8360e-01
190 +7.855375247e-03 +7.855375247e-03 -9.032214462e+01 -9.032214462e+01 -6.1229e-01 +6.6337e-01
226 +5.000699134e-03 +5.000699134e-03 -9.032499930e+01 -9.032499930e+01 -5.7558e-01 +6.4011e-01
252 +2.979318720e-03 +2.979318720e-03 -9.032702068e+01 -9.032702068e+01 -5.3907e-01 +6.1877e-01
256 +1.945573935e-03 +1.945573935e-03 -9.032805443e+01 -9.032805443e+01 -5.0300e-01 +5.9671e-01
267 +7.011998577e-04 +7.011998577e-04 -9.032929880e+01 -9.032929880e+01 -4.8171e-01 +5.8240e-01
282 +6.875969599e-05 +6.875969599e-05 -9.032993124e+01 -9.032993124e+01 -4.4963e-01 +5.6067e-01
321 +5.430698704e-05 +5.430698704e-05 -9.032994569e+01 -9.032994569e+01 -4.2998e-01 +5.4848e-01
351 +7.039921243e-06 +7.039921243e-06 -9.032999296e+01 -9.032999296e+01 -4.3939e-01 +5.5448e-01
415 +3.178573479e-06 +3.178573479e-06 -9.032999682e+01 -9.032999682e+01 -4.3622e-01 +5.5231e-01
416 +1.042920388e-06 +1.042920388e-06 -9.032999896e+01 -9.032999896e+01 -4.4101e-01 +5.5541e-01
418 +2.606447254e-07 +2.606447254e-07 -9.032999974e+01 -9.032999974e+01 -4.4001e-01 +5.5472e-01
429 +1.669170473e-07 +1.669170473e-07 -9.032999983e+01 -9.032999983e+01 -4.3841e-01 +5.5369e-01
452 +7.184114281e-08 +7.184114281e-08 -9.032999993e+01 -9.032999993e+01 -4.3920e-01 +5.5423e-01
459 +5.746360898e-08 +5.746360898e-08 -9.032999994e+01 -9.032999994e+01 -4.3912e-01 +5.5414e-01
463 +5.482263532e-10 +5.482263532e-10 -9.033000000e+01 -9.033000000e+01 -4.3913e-01 +5.5416e-01
% function evaluation | noise-free fitness - Fopt (6.561000000000e+01) | best noise-free fitness - Fopt | measured fitness | best measured fitness | x1 | x2...
1 +1.485937523e+04 +1.485937523e+04 +1.492498523e+04 +1.492498523e+04 -2.8921e+00 -2.9599e+00
5 +6.076916134e+02 +6.076916134e+02 +6.733016134e+02 +6.733016134e+02 -1.3743e+00 -5.1508e+00
15 +3.008080656e+02 +3.008080656e+02 +3.664180656e+02 +3.664180656e+02 -1.1709e+00 -2.3160e+00
27 +2.147560401e+02 +2.147560401e+02 +2.803660401e+02 +2.803660401e+02 -1.0189e+00 -1.2011e+00
30 +5.299332204e+00 +5.299332204e+00 +7.090933220e+01 +7.090933220e+01 -8.4443e-01 -4.7193e+00
60 +1.660873202e+00 +1.660873202e+00 +6.727087320e+01 +6.727087320e+01 -8.7398e-01 -4.0581e+00
73 +9.989310450e-01 +9.989310450e-01 +6.660893105e+01 +6.660893105e+01 -7.6768e-01 -2.9748e+00
86 +5.468397199e-01 +5.468397199e-01 +6.615683972e+01 +6.615683972e+01 -6.6643e-01 -2.0327e+00
97 +3.858429353e-01 +3.858429353e-01 +6.599584294e+01 +6.599584294e+01 -6.9660e-01 -2.0771e+00
124 +2.144140547e-01 +2.144140547e-01 +6.582441405e+01 +6.582441405e+01 -4.4420e-01 -8.1861e-01
161 +6.505084234e-02 +6.505084234e-02 +6.567505084e+01 +6.567505084e+01 -5.4702e-01 -1.1930e+00
170 +3.774491474e-02 +3.774491474e-02 +6.564774491e+01 +6.564774491e+01 -5.1289e-01 -1.0354e+00
191 +1.523085258e-02 +1.523085258e-02 +6.562523085e+01 +6.562523085e+01 -4.5847e-01 -8.1043e-01
200 +3.535341199e-03 +3.535341199e-03 +6.561353534e+01 +6.561353534e+01 -4.3626e-01 -7.1292e-01
201 +2.407311613e-03 +2.407311613e-03 +6.561240731e+01 +6.561240731e+01 -4.2240e-01 -6.5396e-01
263 +1.428646334e-03 +1.428646334e-03 +6.561142865e+01 +6.561142865e+01 -4.2241e-01 -6.5737e-01
268 +8.384849291e-05 +8.384849291e-05 +6.561008385e+01 +6.561008385e+01 -4.0381e-01 -5.9451e-01
335 +3.094170005e-05 +3.094170005e-05 +6.561003094e+01 +6.561003094e+01 -3.9811e-01 -5.7414e-01
357 +1.268111428e-05 +1.268111428e-05 +6.561001268e+01 +6.561001268e+01 -3.9866e-01 -5.7523e-01
374 +2.616236586e-06 +2.616236586e-06 +6.561000262e+01 +6.561000262e+01 -3.9987e-01 -5.7948e-01
385 +8.220385581e-07 +8.220385581e-07 +6.561000082e+01 +6.561000082e+01 -4.0035e-01 -5.8116e-01
390 +1.755899746e-07 +1.755899746e-07 +6.561000018e+01 +6.561000018e+01 -4.0047e-01 -5.8169e-01
399 +1.534023255e-07 +1.534023255e-07 +6.561000015e+01 +6.561000015e+01 -4.0063e-01 -5.8228e-01
413 +5.745192766e-08 +5.745192766e-08 +6.561000006e+01 +6.561000006e+01 -4.0071e-01 -5.8255e-01
415 +1.176076125e-08 +1.176076125e-08 +6.561000001e+01 +6.561000001e+01 -4.0068e-01 -5.8241e-01
418 +6.953953857e-09 +6.953953857e-09 +6.561000001e+01 +6.561000001e+01 -4.0077e-01 -5.8271e-01
422 +2.861582971e-09 +2.861582971e-09 +6.561000000e+01 +6.561000000e+01 -4.0070e-01 -5.8248e-01
% function evaluation | noise-free fitness - Fopt (6.561000000000e+01) | best noise-free fitness - Fopt | measured fitness | best measured fitness | x1 | x2...
1 +7.809519288e+02 +7.809519288e+02 +8.465619288e+02 +8.465619288e+02 -9.0493e-01 +2.1792e+00
5 +5.984968074e+02 +5.984968074e+02 +6.641068074e+02 +6.641068074e+02 +1.3143e-01 +2.9876e+00
10 +3.069132385e+02 +3.069132385e+02 +3.725232385e+02 +3.725232385e+02 -5.8513e-01 +1.5379e+00
12 +1.325292583e+02 +1.325292583e+02 +1.981392583e+02 +1.981392583e+02 +2.1251e-01 +1.7135e+00
13 +5.138324241e+01 +5.138324241e+01 +1.169932424e+02 +1.169932424e+02 +1.6161e-01 +1.2485e+00
14 +4.437984175e+00 +4.437984175e+00 +7.004798417e+01 +7.004798417e+01 +7.1618e-02 +1.5201e-01
32 +2.682967618e+00 +2.682967618e+00 +6.829296762e+01 +6.829296762e+01 +8.7783e-02 +5.7900e-01
45 +3.279525211e-02 +3.279525211e-02 +6.564279525e+01 +6.564279525e+01 -3.3011e-01 -3.3611e-01
65 +2.172392772e-02 +2.172392772e-02 +6.563172393e+01 +6.563172393e+01 -3.9479e-01 -5.8578e-01
180 +1.255713520e-02 +1.255713520e-02 +6.562255714e+01 +6.562255714e+01 -3.3846e-01 -3.7409e-01
187 +6.224505626e-03 +6.224505626e-03 +6.561622451e+01 +6.561622451e+01 -3.5273e-01 -4.2915e-01
206 +2.474862544e-03 +2.474862544e-03 +6.561247486e+01 +6.561247486e+01 -3.7549e-01 -4.9326e-01
305 +1.211953733e-03 +1.211953733e-03 +6.561121195e+01 +6.561121195e+01 -3.7894e-01 -5.0923e-01
310 +7.496573117e-04 +7.496573117e-04 +6.561074966e+01 +6.561074966e+01 -3.8463e-01 -5.2940e-01
329 +5.278680842e-04 +5.278680842e-04 +6.561052787e+01 +6.561052787e+01 -3.9646e-01 -5.7140e-01
335 +4.971871772e-05 +4.971871772e-05 +6.561004972e+01 +6.561004972e+01 -4.0509e-01 -5.9779e-01
357 +1.002330951e-05 +1.002330951e-05 +6.561001002e+01 +6.561001002e+01 -4.0159e-01 -5.8602e-01
393 +6.819630727e-07 +6.819630727e-07 +6.561000068e+01 +6.561000068e+01 -4.0082e-01 -5.8302e-01
439 +4.042760082e-07 +4.042760082e-07 +6.561000040e+01 +6.561000040e+01 -4.0080e-01 -5.8272e-01
441 +9.910517917e-08 +9.910517917e-08 +6.561000010e+01 +6.561000010e+01 -4.0086e-01 -5.8307e-01
458 +5.198789665e-08 +5.198789665e-08 +6.561000005e+01 +6.561000005e+01 -4.0064e-01 -5.8223e-01
466 +2.817054678e-08 +2.817054678e-08 +6.561000003e+01 +6.561000003e+01 -4.0066e-01 -5.8231e-01
467 +2.415806932e-08 +2.415806932e-08 +6.561000002e+01 +6.561000002e+01 -4.0066e-01 -5.8235e-01
490 +9.281038160e-09 +9.281038160e-09 +6.561000001e+01 +6.561000001e+01 -4.0077e-01 -5.8270e-01
494 +3.233679990e-09 +3.233679990e-09 +6.561000000e+01 +6.561000000e+01 -4.0070e-01 -5.8247e-01
% function evaluation | noise-free fitness - Fopt (6.561000000000e+01) | best noise-free fitness - Fopt | measured fitness | best measured fitness | x1 | x2...
1 +3.867147643e+03 +3.867147643e+03 +3.932757643e+03 +3.932757643e+03 -2.0168e+00 +1.4417e+00
5 +1.653488756e+03 +1.653488756e+03 +1.719098756e+03 +1.719098756e+03 -1.5255e+00 +9.9676e-01
9 +2.132012368e+02 +2.132012368e+02 +2.788112368e+02 +2.788112368e+02 -4.1221e-01 +1.5127e+00
14 +1.421682162e+00 +1.421682162e+00 +6.703168216e+01 +6.703168216e+01 -2.7001e-01 -3.6540e-01
54 +4.629415132e-01 +4.629415132e-01 +6.607294151e+01 +6.607294151e+01 -2.0881e-01 +3.5097e-02
86 +2.069987851e-01 +2.069987851e-01 +6.581699879e+01 +6.581699879e+01 -9.1125e-02 +1.8770e-01
124 +1.553197508e-01 +1.553197508e-01 +6.576531975e+01 +6.576531975e+01 -1.4393e-01 +9.8201e-02
243 +9.334231188e-02 +9.334231188e-02 +6.570334231e+01 +6.570334231e+01 -1.9584e-01 -1.7170e-02
286 +6.000556467e-02 +6.000556467e-02 +6.567000556e+01 +6.567000556e+01 -2.5276e-01 -1.3722e-01
350 +3.023344581e-02 +3.023344581e-02 +6.564023345e+01 +6.564023345e+01 -2.9010e-01 -2.4095e-01
357 +2.061818884e-02 +2.061818884e-02 +6.563061819e+01 +6.563061819e+01 -3.0826e-01 -2.9727e-01
378 +1.046208847e-02 +1.046208847e-02 +6.562046209e+01 +6.562046209e+01 -3.3686e-01 -3.7451e-01
396 +7.372800628e-03 +7.372800628e-03 +6.561737280e+01 +6.561737280e+01 -3.4621e-01 -4.0527e-01
404 +6.026127372e-03 +6.026127372e-03 +6.561602613e+01 +6.561602613e+01 -3.8232e-01 -5.0888e-01
428 +1.901076077e-03 +1.901076077e-03 +6.561190108e+01 +6.561190108e+01 -3.8835e-01 -5.3418e-01
434 +7.582468439e-04 +7.582468439e-04 +6.561075825e+01 +6.561075825e+01 -3.8430e-01 -5.2554e-01
440 +5.368369840e-04 +5.368369840e-04 +6.561053684e+01 +6.561053684e+01 -3.8895e-01 -5.4026e-01
458 +4.132716985e-05 +4.132716985e-05 +6.561004133e+01 +6.561004133e+01 -3.9711e-01 -5.7055e-01
469 +3.215885054e-05 +3.215885054e-05 +6.561003216e+01 +6.561003216e+01 -4.0424e-01 -5.9472e-01
475 +2.929571792e-06 +2.929571792e-06 +6.561000293e+01 +6.561000293e+01 -4.0074e-01 -5.8235e-01
481 +3.001960351e-07 +3.001960351e-07 +6.561000030e+01 +6.561000030e+01 -4.0107e-01 -5.8376e-01
564 +1.234698885e-07 +1.234698885e-07 +6.561000012e+01 +6.561000012e+01 -4.0090e-01 -5.8311e-01
614 +5.468166364e-09 +5.468166364e-09 +6.561000001e+01 +6.561000001e+01 -4.0077e-01 -5.8273e-01
620 +5.710916184e-10 +5.710916184e-10 +6.561000000e+01 +6.561000000e+01 -4.0074e-01 -5.8260e-01
