% function evaluation | noise-free fitness - Fopt (4.078000000000e+01) | best noise-free fitness - Fopt | measured fitness | best measured fitness | x1 | x2...
1 +6.970520484e+01 +6.970520484e+01 +1.104852048e+02 +1.104852048e+02 +5.0884e-01 -1.4621e+00 +4.1868e-01 -1.8174e+00 +3.2532e+00
7 +5.359229992e+01 +5.359229992e+01 +9.437229992e+01 +9.437229992e+01 -5.0247e-01 -1.1767e+00 -4.1986e-01 -1.6204e+00 +4.3202e+00
8 +2.801965762e+01 +2.801965762e+01 +6.879965762e+01 +6.879965762e+01 -1.2199e+00 -1.4038e+00 -1.8036e+00 -4.4314e+00 +6.6335e+00
59 +2.180706659e+01 +2.180706659e+01 +6.258706659e+01 +6.258706659e+01 -1.7452e+00 -3.1892e+00 -3.5194e+00 +1.3978e+00 +4.0893e+00
110 +1.257809801e+01 +1.257809801e+01 +5.335809801e+01 +5.335809801e+01 -1.7217e+00 -3.1648e+00 -2.3805e+00 +2.3504e+00 +4.4158e+00
114 +8.957304317e+00 +8.957304317e+00 +4.973730432e+01 +4.973730432e+01 -2.8719e+00 -2.5564e+00 -3.0678e+00 +2.6805e+00 +4.1688e+00
187 +4.384650792e+00 +4.384650792e+00 +4.516465079e+01 +4.516465079e+01 -3.6092e+00 -2.6885e+00 -2.9766e+00 +4.5121e+00 +5.0982e+00
209 +3.164752769e+00 +3.164752769e+00 +4.394475277e+01 +4.394475277e+01 -3.4314e+00 -2.9312e+00 -3.3080e+00 +4.0803e+00 +4.8400e+00
1597 +1.973046914e+00 +1.973046914e+00 +4.275304691e+01 +4.275304691e+01 -2.2403e+00 +1.2445e+00 +5.9484e-01 -1.5955e+00 +7.5727e-01
1747 +1.547888833e+00 +1.547888833e+00 +4.232788883e+01 +4.232788883e+01 -1.7963e+00 +1.3394e+00 +2.7140e-01 -1.5325e+00 +5.2465e-01
14132 +9.915894748e-01 +9.915894748e-01 +4.177158947e+01 +4.177158947e+01 -1.7905e+00 -1.7369e+00 +2.7375e+00 -1.5789e+00 -2.6142e+00
14153 +6.170435813e-01 +6.170435813e-01 +4.139704358e+01 +4.139704358e+01 -1.9175e+00 -1.4691e+00 +2.6719e+00 -1.9755e+00 -2.5537e+00
14211 +2.988727318e-01 +2.988727318e-01 +4.107887273e+01 +4.107887273e+01 -2.7904e+00 -1.3093e+00 +3.7472e+00 -1.8577e+00 -3.4937e+00
14247 +1.664865629e-01 +1.664865629e-01 +4.094648656e+01 +4.094648656e+01 -2.8993e+00 -2.3509e+00 +4.4730e+00 -2.3586e+00 -4.3687e+00
14259 +7.968676813e-02 +7.968676813e-02 +4.085968677e+01 +4.085968677e+01 -2.3688e+00 -1.6720e+00 +4.0707e+00 -2.5332e+00 -3.9521e+00
14272 +3.144829602e-02 +3.144829602e-02 +4.081144830e+01 +4.081144830e+01 -2.2574e+00 -1.7400e+00 +3.8555e+00 -2.3499e+00 -3.4819e+00
14334 +1.511007848e-02 +1.511007848e-02 +4.079511008e+01 +4.079511008e+01 -2.3856e+00 -1.6558e+00 +4.0873e+00 -2.2422e+00 -3.8204e+00
14342 +3.014508077e-03 +3.014508077e-03 +4.078301451e+01 +4.078301451e+01 -2.5723e+00 -1.4822e+00 +3.8632e+00 -2.2843e+00 -3.7023e+00
14391 +8.904080947e-04 +8.904080947e-04 +4.078089041e+01 +4.078089041e+01 -2.7269e+00 -1.6930e+00 +3.9362e+00 -2.1957e+00 -3.7508e+00
14459 +2.775061923e-04 +2.775061923e-04 +4.078027751e+01 +4.078027751e+01 -2.5484e+00 -1.6316e+00 +3.8544e+00 -2.2466e+00 -3.7143e+00
14474 +2.599587862e-05 +2.599587862e-05 +4.078002600e+01 +4.078002600e+01 -2.5393e+00 -1.8107e+00 +3.9350e+00 -2.1547e+00 -3.7278e+00
14551 +2.102941310e-05 +2.102941310e-05 +4.078002103e+01 +4.078002103e+01 -2.5767e+00 -1.7616e+00 +3.8776e+00 -2.1721e+00 -3.7013e+00
14593 +6.576829783e-06 +6.576829783e-06 +4.078000658e+01 +4.078000658e+01 -2.5408e+00 -1.7421e+00 +3.9028e+00 -2.2064e+00 -3.6908e+00
14605 +3.437532797e-06 +3.437532797e-06 +4.078000344e+01 +4.078000344e+01 -2.4837e+00 -1.7299e+00 +3.8443e+00 -2.1807e+00 -3.6275e+00
14648 +1.560419371e-06 +1.560419371e-06 +4.078000156e+01 +4.078000156e+01 -2.5095e+00 -1.7463e+00 +3.8449e+00 -2.1775e+00 -3.6393e+00
14656 +8.239115346e-07 +8.239115346e-07 +4.078000082e+01 +4.078000082e+01 -2.5132e+00 -1.7678e+00 +3.8773e+00 -2.1859e+00 -3.6582e+00
14673 +5.373838619e-07 +5.373838619e-07 +4.078000054e+01 +4.078000054e+01 -2.5272e+00 -1.7855e+00 +3.8912e+00 -2.1814e+00 -3.6709e+00
14693 +3.287599313e-07 +3.287599313e-07 +4.078000033e+01 +4.078000033e+01 -2.5228e+00 -1.7695e+00 +3.8644e+00 -2.1656e+00 -3.6599e+00
14701 +5.075548870e-08 +5.075548870e-08 +4.078000005e+01 +4.078000005e+01 -2.5139e+00 -1.7733e+00 +3.8954e+00 -2.1777e+00 -3.6734e+00
14814 +2.749261085e-08 +2.749261085e-08 +4.078000003e+01 +4.078000003e+01 -2.5279e+00 -1.7920e+00 +3.9070e+00 -2.1705e+00 -3.6800e+00
14823 +1.637756952e-08 +1.637756952e-08 +4.078000002e+01 +4.078000002e+01 -2.5117e+00 -1.7860e+00 +3.8957e+00 -2.1745e+00 -3.6712e+00
14832 +1.093751223e-08 +1.093751223e-08 +4.078000001e+01 +4.078000001e+01 -2.5229e+00 -1.7957e+00 +3.8992e+00 -2.1591e+00 -3.6729e+00
14852 +6.450086687e-09 +6.450086687e-09 +4.078000001e+01 +4.078000001e+01 -2.5092e+00 -1.7829e+00 +3.8878e+00 -2.1647e+00 -3.6671e+00
14870 +9.663239098e-10 +9.663239098e-10 +4.078000000e+01 +4.078000000e+01 -2.5188e+00 -1.7885e+00 +3.8968e+00 -2.1635e+00 -3.6723e+00
% function evaluation | noise-free fitness - Fopt (4.078000000000e+01) | best noise-free fitness - Fopt | measured fitness | best measured fitness | x1 | x2...
1 +5.496160445e+01 +5.496160445e+01 +9.574160445e+01 +9.574160445e+01 -1.8396e+00 -1.0073e+00 -2.2281e+00 -3.3274e+00 -2.8886e+00
11 +1.971551721e+01 +1.971551721e+01 +6.049551721e+01 +6.049551721e+01 -2.3087e+00 -6.5880e-01 -3.8190e+00 -3.0033e+00 -2.5161e+00
41 +8.657042295e+00 +8.657042295e+00 +4.943704230e+01 +4.943704230e+01 -8.9280e-01 -5.4806e-01 -4.1200e+00 -2.9245e+00 -3.7688e+00
161 +5.324369097e+00 +5.324369097e+00 +4.610436910e+01 +4.610436910e+01 -1.1572e+00 +1.5803e-01 -4.6790e+00 -2.9918e+00 -3.0474e+00
1724 +2.463595430e+00 +2.463595430e+00 +4.324359543e+01 +4.324359543e+01 -2.3249e+00 +1.4901e+00 +4.8312e-01 -2.0486e+00 +6.8322e-01
1908 +1.497926567e+00 +1.497926567e+00 +4.227792657e+01 +4.227792657e+01 -1.6509e+00 +1.2353e+00 +6.9788e-01 -1.3876e+00 +6.9667e-01
16498 +9.789238048e-01 +9.789238048e-01 +4.175892380e+01 +4.175892380e+01 +4.9712e+00 -2.9706e+00 -2.6686e+00 -1.6626e+00 -1.0688e+00
367534 +3.886925996e-01 +3.886925996e-01 +4.116869260e+01 +4.116869260e+01 -3.1419e+00 -2.1947e+00 +3.9739e+00 -2.2364e+00 -3.8123e+00
378900 +9.389808629e-02 +9.389808629e-02 +4.087389809e+01 +4.087389809e+01 -3.1077e+00 -1.9882e+00 +4.4522e+00 -2.2272e+00 -4.0156e+00
387902 +4.200867532e-02 +4.200867532e-02 +4.082200868e+01 +4.082200868e+01 -2.1707e+00 -1.8567e+00 +3.6605e+00 -2.3238e+00 -3.4302e+00
399492 +3.788810500e-02 +3.788810500e-02 +4.081788810e+01 +4.081788810e+01 -2.4127e+00 -1.5483e+00 +3.7316e+00 -2.1215e+00 -3.3084e+00
401782 +2.365134343e-02 +2.365134343e-02 +4.080365134e+01 +4.080365134e+01 -2.5784e+00 -1.8080e+00 +4.2901e+00 -2.1913e+00 -3.7567e+00
404996 +1.240926217e-02 +1.240926217e-02 +4.079240926e+01 +4.079240926e+01 -2.7534e+00 -1.6294e+00 +4.1217e+00 -2.3351e+00 -3.9776e+00
404999 +6.070749438e-03 +6.070749438e-03 +4.078607075e+01 +4.078607075e+01 -2.5515e+00 -1.5348e+00 +3.5104e+00 -2.1626e+00 -3.5099e+00
408778 +3.545060075e-03 +3.545060075e-03 +4.078354506e+01 +4.078354506e+01 -2.6342e+00 -1.6583e+00 +4.0040e+00 -2.3234e+00 -3.7467e+00
415585 +2.422248656e-04 +2.422248656e-04 +4.078024222e+01 +4.078024222e+01 -2.5509e+00 -1.6360e+00 +3.7719e+00 -2.1850e+00 -3.5856e+00
419946 +1.179195432e-04 +1.179195432e-04 +4.078011792e+01 +4.078011792e+01 -2.4861e+00 -1.7161e+00 +3.9355e+00 -2.1890e+00 -3.6990e+00
420015 +2.544309169e-05 +2.544309169e-05 +4.078002544e+01 +4.078002544e+01 -2.5240e+00 -1.8269e+00 +3.8691e+00 -2.1227e+00 -3.6276e+00
424747 +9.020468568e-07 +9.020468568e-07 +4.078000090e+01 +4.078000090e+01 -2.5344e+00 -1.7839e+00 +3.9251e+00 -2.1668e+00 -3.6952e+00
432447 +3.566640885e-07 +3.566640885e-07 +4.078000036e+01 +4.078000036e+01 -2.5187e+00 -1.7953e+00 +3.8940e+00 -2.1512e+00 -3.6744e+00
433511 +6.093114280e-08 +6.093114280e-08 +4.078000006e+01 +4.078000006e+01 -2.5072e+00 -1.7935e+00 +3.8774e+00 -2.1642e+00 -3.6572e+00
435940 +5.154554117e-09 +5.154554117e-09 +4.078000001e+01 +4.078000001e+01 -2.5154e+00 -1.7962e+00 +3.8942e+00 -2.1616e+00 -3.6655e+00
439982 +8.881784197e-13 +8.881784197e-13 +4.078000000e+01 +4.078000000e+01 -2.5151e+00 -1.7887e+00 +3.8935e+00 -2.1655e+00 -3.6693e+00
% function evaluation | noise-free fitness - Fopt (4.078000000000e+01) | best noise-free fitness - Fopt | measured fitness | best measured fitness | x1 | x2...
1 +4.065405390e+01 +4.065405390e+01 +8.143405390e+01 +8.143405390e+01 -2.3929e+00 -5.4374e-01 +1.3999e+00 -3.6922e+00 -4.7579e-01
5 +3.477103028e+01 +3.477103028e+01 +7.555103028e+01 +7.555103028e+01 -5.3656e+00 +4.9059e-01 +1.2550e+00 -7.7058e-01 -2.7292e+00
11 +2.263233154e+00 +2.263233154e+00 +4.304323315e+01 +4.304323315e+01 -2.2637e+00 -7.5458e-01 +3.6023e+00 -2.2938e+00 -2.8056e+00
3798 +1.559014867e+00 +1.559014867e+00 +4.233901487e+01 +4.233901487e+01 -1.6640e+00 +1.3596e+00 +4.4057e-01 -1.7719e+00 +5.1270e-01
13257 +1.610991371e-01 +1.610991371e-01 +4.094109914e+01 +4.094109914e+01 -2.0566e+00 -2.1846e+00 +4.2935e+00 -2.0404e+00 -3.8764e+00
13258 +1.047961942e-01 +1.047961942e-01 +4.088479619e+01 +4.088479619e+01 -2.3728e+00 -1.3674e+00 +3.1825e+00 -2.2118e+00 -3.4519e+00
13326 +9.417411259e-02 +9.417411259e-02 +4.087417411e+01 +4.087417411e+01 -2.5015e+00 -1.1753e+00 +3.2923e+00 -2.0439e+00 -3.3105e+00
13330 +1.680640795e-02 +1.680640795e-02 +4.079680641e+01 +4.079680641e+01 -2.3316e+00 -1.3204e+00 +3.5393e+00 -2.1614e+00 -3.4612e+00
13338 +1.319545265e-02 +1.319545265e-02 +4.079319545e+01 +4.079319545e+01 -2.3050e+00 -1.6938e+00 +3.7857e+00 -2.3759e+00 -3.6892e+00
13395 +1.581770847e-03 +1.581770847e-03 +4.078158177e+01 +4.078158177e+01 -2.2439e+00 -1.7403e+00 +3.7997e+00 -2.1688e+00 -3.5476e+00
13437 +8.763713033e-04 +8.763713033e-04 +4.078087637e+01 +4.078087637e+01 -2.5067e+00 -1.6003e+00 +3.7358e+00 -2.1229e+00 -3.5411e+00
13457 +4.570047751e-04 +4.570047751e-04 +4.078045700e+01 +4.078045700e+01 -2.4860e+00 -1.8372e+00 +3.8662e+00 -2.0896e+00 -3.5589e+00
13470 +5.174453917e-05 +5.174453917e-05 +4.078005174e+01 +4.078005174e+01 -2.4892e+00 -1.7209e+00 +3.7834e+00 -2.1907e+00 -3.5919e+00
13504 +5.877762398e-06 +5.877762398e-06 +4.078000588e+01 +4.078000588e+01 -2.4837e+00 -1.8034e+00 +3.8542e+00 -2.1464e+00 -3.6211e+00
13547 +3.019926446e-06 +3.019926446e-06 +4.078000302e+01 +4.078000302e+01 -2.5099e+00 -1.7472e+00 +3.8347e+00 -2.1571e+00 -3.6303e+00
13581 +1.267712037e-06 +1.267712037e-06 +4.078000127e+01 +4.078000127e+01 -2.5245e+00 -1.7780e+00 +3.8768e+00 -2.1752e+00 -3.6811e+00
13585 +8.000400271e-07 +8.000400271e-07 +4.078000080e+01 +4.078000080e+01 -2.4850e+00 -1.7794e+00 +3.8813e+00 -2.1529e+00 -3.6490e+00
13591 +5.416395723e-07 +5.416395723e-07 +4.078000054e+01 +4.078000054e+01 -2.4926e+00 -1.7791e+00 +3.8785e+00 -2.1811e+00 -3.6550e+00
13602 +8.132033713e-09 +8.132033713e-09 +4.078000001e+01 +4.078000001e+01 -2.5094e+00 -1.7825e+00 +3.8864e+00 -2.1609e+00 -3.6615e+00
% function evaluation | noise-free fitness - Fopt (-1.600000000000e+00) | best noise-free fitness - Fopt | measured fitness | best measured fitness | x1 | x2...
1 +6.996194143e+01 +6.996194143e+01 +6.836194143e+01 +6.836194143e+01 -2.8954e+00 -3.9824e+00 -5.1979e-01 +2.4552e-01 +3.7129e+00
5 +3.866449627e+01 +3.866449627e+01 +3.706449627e+01 +3.706449627e+01 -5.1329e+00 -5.6629e+00 -3.7767e+00 -5.5028e-01 +2.2646e+00
21 +2.408409201e+01 +2.408409201e+01 +2.248409201e+01 +2.248409201e+01 -4.0507e+00 -4.1751e+00 -4.9117e+00 -3.2823e+00 +1.0258e+00
81 +6.166382184e+00 +6.166382184e+00 +4.566382184e+00 +4.566382184e+00 -2.8927e+00 -3.4476e+00 -4.0308e+00 -4.4347e+00 +1.1023e+00
107 +2.560885766e+00 +2.560885766e+00 +9.608857661e-01 +9.608857661e-01 -3.0690e+00 -3.2942e+00 -3.5565e+00 -4.1460e+00 +1.5542e+00
147 +2.062881457e+00 +2.062881457e+00 +4.628814571e-01 +4.628814571e-01 -3.0859e+00 -4.0394e+00 -3.3171e+00 -3.9958e+00 +1.6408e+00
1581 +2.403572490e-01 +2.403572490e-01 -1.359642751e+00 -1.359642751e+00 +1.7315e+00 -1.7755e+00 +3.3386e-01 +3.4351e+00 -2.1896e+00
1616 +3.612682304e-02 +3.612682304e-02 -1.563873177e+00 -1.563873177e+00 +1.2148e+00 -2.0099e+00 +6.1026e-01 +2.8567e+00 -2.6210e+00
1707 +5.628467993e-03 +5.628467993e-03 -1.594371532e+00 -1.594371532e+00 +1.3264e+00 -1.7708e+00 +6.5993e-01 +3.1366e+00 -1.9697e+00
1725 +1.290699755e-03 +1.290699755e-03 -1.598709300e+00 -1.598709300e+00 +1.2305e+00 -1.8152e+00 +6.8012e-01 +3.0516e+00 -2.0395e+00
1759 +3.298945123e-04 +3.298945123e-04 -1.599670105e+00 -1.599670105e+00 +1.0838e+00 -2.1261e+00 +4.5769e-01 +3.0262e+00 -2.0732e+00
1763 +2.006401761e-04 +2.006401761e-04 -1.599799360e+00 -1.599799360e+00 +1.0945e+00 -2.0041e+00 +5.9461e-01 +2.9765e+00 -2.2287e+00
1835 +2.764888921e-05 +2.764888921e-05 -1.599972351e+00 -1.599972351e+00 +1.0870e+00 -1.9706e+00 +5.9468e-01 +3.0128e+00 -2.0376e+00
1859 +6.458329713e-06 +6.458329713e-06 -1.599993542e+00 -1.599993542e+00 +1.0812e+00 -2.0166e+00 +5.8904e-01 +3.0037e+00 -2.0761e+00
1863 +4.393674746e-06 +4.393674746e-06 -1.599995606e+00 -1.599995606e+00 +1.1219e+00 -1.9789e+00 +6.3099e-01 +3.0211e+00 -2.0726e+00
1877 +4.350495304e-07 +4.350495304e-07 -1.599999565e+00 -1.599999565e+00 +1.1052e+00 -2.0325e+00 +5.6649e-01 +3.0014e+00 -2.1031e+00
1918 +4.641502627e-08 +4.641502627e-08 -1.599999954e+00 -1.599999954e+00 +1.1376e+00 -2.0042e+00 +5.6862e-01 +3.0141e+00 -2.1300e+00
1926 +3.790386671e-08 +3.790386671e-08 -1.599999962e+00 -1.599999962e+00 +1.1364e+00 -2.0054e+00 +5.8934e-01 +3.0102e+00 -2.1137e+00
1980 +3.112324176e-09 +3.112324176e-09 -1.599999997e+00 -1.599999997e+00 +1.1278e+00 -2.0146e+00 +5.6849e-01 +3.0092e+00 -2.1292e+00
1996 +2.294537893e-10 +2.294537893e-10 -1.600000000e+00 -1.600000000e+00 +1.1270e+00 -2.0117e+00 +5.7128e-01 +3.0110e+00 -2.1213e+00
% function evaluation | noise-free fitness - Fopt (-1.600000000000e+00) | best noise-free fitness - Fopt | measured fitness | best measured fitness | x1 | x2...
1 +7.018511029e+01 +7.018511029e+01 +6.858511029e+01 +6.858511029e+01 +4.7572e-02 +1.5223e+00 -2.8527e+00 +6.7884e-01 +2.8879e+00
2 +6.183859756e+01 +6.183859756e+01 +6.023859756e+01 +6.023859756e+01 -2.9786e-01 -2.0094e+00 -2.4080e+00 -1.2931e+00 +2.2219e+00
4 +3.965371578e+01 +3.965371578e+01 +3.805371578e+01 +3.805371578e+01 -2.4367e+00 +2.9756e+00 -2.5117e+00 -1.4685e-01 +3.4148e+00
10 +2.082754699e+01 +2.082754699e+01 +1.922754699e+01 +1.922754699e+01 -1.9510e+00 -6.1315e-01 +1.6462e+00 +4.6115e+00 +3.4431e+00
13 +6.528431050e+00 +6.528431050e+00 +4.928431050e+00 +4.928431050e+00 -2.4781e+00 +4.7654e+00 -1.4107e+00 +1.1993e+00 +1.6269e+00
127 +3.507238645e+00 +3.507238645e+00 +1.907238645e+00 +1.907238645e+00 -3.4279e+00 +2.7389e+00 +1.4030e+00 +3.0885e-01 +3.0526e+00
222 +2.503845484e+00 +2.503845484e+00 +9.038454839e-01 +9.038454839e-01 -3.6384e+00 +2.7555e+00 +1.1427e+00 +1.4082e-01 +3.3386e+00
1664 +2.924772715e-01 +2.924772715e-01 -1.307522729e+00 -1.307522729e+00 +7.5263e-01 -1.8860e+00 +1.4670e+00 +2.6373e+00 -1.4228e+00
1844 +1.227815186e-01 +1.227815186e-01 -1.477218481e+00 -1.477218481e+00 +1.1303e+00 -1.5788e+00 +1.2864e+00 +2.9602e+00 -1.1504e+00
1866 +9.786183463e-02 +9.786183463e-02 -1.502138165e+00 -1.502138165e+00 +9.6309e-01 -1.8061e+00 +1.2701e+00 +3.0514e+00 -1.5594e+00
1954 +5.406879037e-02 +5.406879037e-02 -1.545931210e+00 -1.545931210e+00 +9.3610e-01 -1.8169e+00 +1.2288e+00 +2.9902e+00 -1.5071e+00
1969 +2.014927680e-02 +2.014927680e-02 -1.579850723e+00 -1.579850723e+00 +1.1875e+00 -1.7924e+00 +1.1680e+00 +3.0123e+00 -1.6022e+00
1987 +1.551705189e-02 +1.551705189e-02 -1.584482948e+00 -1.584482948e+00 +9.2231e-01 -2.0971e+00 +7.9358e-01 +2.8067e+00 -1.7444e+00
2035 +3.563476482e-03 +3.563476482e-03 -1.596436524e+00 -1.596436524e+00 +1.2263e+00 -1.8293e+00 +8.8033e-01 +3.0325e+00 -1.7913e+00
2097 +1.325728601e-03 +1.325728601e-03 -1.598674271e+00 -1.598674271e+00 +1.1636e+00 -1.9236e+00 +8.3475e-01 +2.9951e+00 -1.8404e+00
2114 +9.386059835e-04 +9.386059835e-04 -1.599061394e+00 -1.599061394e+00 +1.1013e+00 -1.8667e+00 +6.8565e-01 +3.0126e+00 -1.8893e+00
2125 +4.478385768e-04 +4.478385768e-04 -1.599552161e+00 -1.599552161e+00 +1.1151e+00 -2.0177e+00 +4.1118e-01 +3.0245e+00 -2.1219e+00
2162 +2.894031311e-04 +2.894031311e-04 -1.599710597e+00 -1.599710597e+00 +1.1059e+00 -2.1049e+00 +5.5709e-01 +3.0176e+00 -2.0907e+00
2181 +1.581757111e-04 +1.581757111e-04 -1.599841824e+00 -1.599841824e+00 +1.1407e+00 -1.9820e+00 +4.7448e-01 +3.0368e+00 -2.1425e+00
2230 +3.805297863e-05 +3.805297863e-05 -1.599961947e+00 -1.599961947e+00 +1.1506e+00 -2.0588e+00 +4.6703e-01 +3.0307e+00 -2.2507e+00
2318 +7.834087015e-06 +7.834087015e-06 -1.599992166e+00 -1.599992166e+00 +1.1279e+00 -2.0503e+00 +5.3291e-01 +2.9885e+00 -2.1259e+00
2336 +1.647757113e-06 +1.647757113e-06 -1.599998352e+00 -1.599998352e+00 +1.1203e+00 -2.0084e+00 +5.8676e-01 +2.9913e+00 -2.1005e+00
2375 +1.057694519e-06 +1.057694519e-06 -1.599998942e+00 -1.599998942e+00 +1.1216e+00 -2.0437e+00 +5.3025e-01 +2.9999e+00 -2.1542e+00
2430 +7.530069468e-07 +7.530069468e-07 -1.599999247e+00 -1.599999247e+00 +1.1415e+00 -1.9997e+00 +5.8878e-01 +3.0200e+00 -2.0809e+00
2444 +4.343436857e-07 +4.343436857e-07 -1.599999566e+00 -1.599999566e+00 +1.1234e+00 -2.0066e+00 +5.6400e-01 +3.0064e+00 -2.1026e+00
2451 +3.477711212e-07 +3.477711212e-07 -1.599999652e+00 -1.599999652e+00 +1.1141e+00 -2.0240e+00 +5.8428e-01 +3.0035e+00 -2.1123e+00
2464 +3.430472328e-08 +3.430472328e-08 -1.599999966e+00 -1.599999966e+00 +1.1327e+00 -2.0136e+00 +5.6744e-01 +3.0192e+00 -2.1145e+00
2483 +2.198636828e-08 +2.198636828e-08 -1.599999978e+00 -1.599999978e+00 +1.1378e+00 -2.0165e+00 +5.5862e-01 +3.0158e+00 -2.1284e+00
2510 +3.071981114e-09 +3.071981114e-09 -1.599999997e+00 -1.599999997e+00 +1.1347e+00 -2.0063e+00 +5.8126e-01 +3.0135e+00 -2.1159e+00
2524 +7.031781823e-10 +7.031781823e-10 -1.599999999e+00 -1.599999999e+00 +1.1337e+00 -2.0083e+00 +5.7379e-01 +3.0139e+00 -2.1202e+00
% function evaluation | noise-free fitness - Fopt (-1.600000000000e+00) | best noise-free fitness - Fopt | measured fitness | best measured fitness | x1 | x2...
1 +5.550380283e+01 +5.550380283e+01 +5.390380283e+01 +5.390380283e+01 +3.7640e+00 +6.6279e-01 -1.3882e+00 +3.4879e+00 -1.9883e+00
2 +2.383525482e+01 +2.383525482e+01 +2.223525482e+01 +2.223525482e+01 +3.0791e+00 -2.6605e+00 -1.3784e+00 +4.1643e+00 -3.2175e+00
16 +9.606239313e+00 +9.606239313e+00 +8.006239313e+00 +8.006239313e+00 +1.7279e+00 -1.2433e-01 +1.9052e+00 +4.6128e+00 -1.4356e+00
32 +6.016180681e+00 +6.016180681e+00 +4.416180681e+00 +4.416180681e+00 +1.4242e+00 -1.6564e+00 -8.6542e-01 +3.3722e+00 -2.2194e+00
68 +2.052593871e+00 +2.052593871e+00 +4.525938712e-01 +4.525938712e-01 +9.4876e-01 -1.9406e+00 -1.1538e-01 +3.6609e+00 -1.4854e+00
87 +8.763804039e-01 +8.763804039e-01 -7.236195961e-01 -7.236195961e-01 +4.5787e-01 -2.6999e+00 -3.4069e-01 +3.1226e+00 -1.7529e+00
109 +5.003562490e-01 +5.003562490e-01 -1.099643751e+00 -1.099643751e+00 +1.6524e+00 -2.0383e+00 +6.1252e-01 +3.4441e+00 -1.9857e+00
110 +3.213175544e-01 +3.213175544e-01 -1.278682446e+00 -1.278682446e+00 +1.8794e+00 -1.8653e+00 +4.5227e-01 +3.2795e+00 -2.3370e+00
136 +9.631282720e-02 +9.631282720e-02 -1.503687173e+00 -1.503687173e+00 +1.2940e+00 -2.0873e+00 +1.5276e-01 +3.0295e+00 -1.9608e+00
142 +4.642246160e-02 +4.642246160e-02 -1.553577538e+00 -1.553577538e+00 +1.3700e+00 -1.6908e+00 +4.9430e-01 +3.1479e+00 -2.0619e+00
158 +2.208099220e-02 +2.208099220e-02 -1.577919008e+00 -1.577919008e+00 +1.1358e+00 -1.6303e+00 +1.0262e+00 +3.1490e+00 -1.7688e+00
161 +1.326605655e-03 +1.326605655e-03 -1.598673394e+00 -1.598673394e+00 +1.0033e+00 -2.2278e+00 +3.8596e-01 +2.9180e+00 -2.1512e+00
194 +9.668741364e-04 +9.668741364e-04 -1.599033126e+00 -1.599033126e+00 +1.2750e+00 -1.8278e+00 +7.6110e-01 +3.0828e+00 -1.9913e+00
217 +4.809026990e-04 +4.809026990e-04 -1.599519097e+00 -1.599519097e+00 +1.1721e+00 -2.0464e+00 +3.8853e-01 +3.0625e+00 -2.3323e+00
241 +2.083399302e-04 +2.083399302e-04 -1.599791660e+00 -1.599791660e+00 +1.0808e+00 -2.0493e+00 +5.2364e-01 +2.9430e+00 -2.1892e+00
264 +3.756164496e-05 +3.756164496e-05 -1.599962438e+00 -1.599962438e+00 +1.1421e+00 -2.0457e+00 +5.6604e-01 +3.0367e+00 -2.1061e+00
266 +6.433308491e-06 +6.433308491e-06 -1.599993567e+00 -1.599993567e+00 +1.1270e+00 -2.0146e+00 +5.1501e-01 +3.0224e+00 -2.1714e+00
331 +4.856681071e-06 +4.856681071e-06 -1.599995143e+00 -1.599995143e+00 +1.1634e+00 -1.9926e+00 +5.5239e-01 +3.0368e+00 -2.1599e+00
333 +2.689095471e-06 +2.689095471e-06 -1.599997311e+00 -1.599997311e+00 +1.1031e+00 -2.0482e+00 +5.4156e-01 +2.9892e+00 -2.1548e+00
343 +1.441344477e-07 +1.441344477e-07 -1.599999856e+00 -1.599999856e+00 +1.1315e+00 -2.0237e+00 +5.4929e-01 +3.0171e+00 -2.1468e+00
380 +3.050766217e-08 +3.050766217e-08 -1.599999969e+00 -1.599999969e+00 +1.1232e+00 -2.0034e+00 +5.7794e-01 +3.0118e+00 -2.1024e+00
455 +2.001214394e-08 +2.001214394e-08 -1.599999980e+00 -1.599999980e+00 +1.1271e+00 -2.0220e+00 +5.5728e-01 +3.0155e+00 -2.1237e+00
456 +1.212671608e-08 +1.212671608e-08 -1.599999988e+00 -1.599999988e+00 +1.1358e+00 -2.0090e+00 +5.6298e-01 +3.0170e+00 -2.1242e+00
467 +2.818680622e-09 +2.818680622e-09 -1.599999997e+00 -1.599999997e+00 +1.1259e+00 -2.0105e+00 +5.7071e-01 +3.0104e+00 -2.1110e+00
% function evaluation | noise-free fitness - Fopt (-3.708400000000e+02) | best noise-free fitness - Fopt | measured fitness | best measured fitness | x1 | x2...
1 +6.870014521e+01 +6.870014521e+01 -3.021398548e+02 -3.021398548e+02 -3.3498e+00 +3.1799e-02 -7.2627e-01 -3.0386e+00 +3.7058e-01
13 +4.312382116e+01 +4.312382116e+01 -3.277161788e+02 -3.277161788e+02 -3.2316e-01 -1.4226e+00 -1.3899e-01 -2.5043e+00 -7.8749e-02
17 +2.227259680e+01 +2.227259680e+01 -3.485674032e+02 -3.485674032e+02 -2.0093e+00 +5.9408e-01 +3.2752e+00 -7.9716e-01 +3.2947e+00
58 +1.571365202e+01 +1.571365202e+01 -3.551263480e+02 -3.551263480e+02 +5.1677e+00 -3.2022e+00 -1.4547e+00 -1.2153e+00 +1.2484e+00
155 +9.531429883e+00 +9.531429883e+00 -3.613085701e+02 -3.613085701e+02 +8.9831e-01 -3.4471e+00 +1.5772e+00 -1.3603e+00 -1.6565e+00
176 +4.461157336e+00 +4.461157336e+00 -3.663788427e+02 -3.663788427e+02 +1.6225e+00 -3.1688e+00 +7.7812e-01 -1.3758e+00 -5.8514e-01
181 +2.757467824e+00 +2.757467824e+00 -3.680825322e+02 -3.680825322e+02 +2.6135e+00 -3.0232e+00 +5.9783e-01 -1.1226e+00 -1.5964e-01
203 +2.372394362e+00 +2.372394362e+00 -3.684676056e+02 -3.684676056e+02 +2.3960e+00 -2.2290e+00 +9.8009e-01 -9.1801e-01 -6.2411e-01
6566 +5.049679263e-01 +5.049679263e-01 -3.703350321e+02 -3.703350321e+02 +3.8278e+00 -1.5258e+00 -1.0589e+00 +2.1380e+00 +4.2031e-01
6570 +3.835310065e-01 +3.835310065e-01 -3.704564690e+02 -3.704564690e+02 +3.4425e+00 -1.5496e+00 -1.2553e+00 +1.9819e+00 +1.6775e-01
6586 +2.110250091e-01 +2.110250091e-01 -3.706289750e+02 -3.706289750e+02 +3.4748e+00 -1.2271e+00 -1.2626e+00 +1.7370e+00 +8.5579e-01
6588 +9.288566693e-02 +9.288566693e-02 -3.707471143e+02 -3.707471143e+02 +3.1504e+00 -1.2469e+00 -1.6203e+00 +2.4325e+00 +4.6811e-01
6589 +8.295657324e-03 +8.295657324e-03 -3.708317043e+02 -3.708317043e+02 +3.3298e+00 -5.8200e-01 -1.3570e+00 +1.9314e+00 +5.8772e-01
6701 +4.017401736e-03 +4.017401736e-03 -3.708359826e+02 -3.708359826e+02 +3.2989e+00 -7.5155e-01 -1.2114e+00 +2.0462e+00 +6.1662e-01
6707 +3.555464160e-03 +3.555464160e-03 -3.708364445e+02 -3.708364445e+02 +3.3448e+00 -7.3998e-01 -1.3026e+00 +1.9732e+00 +4.8609e-01
6723 +5.870777404e-04 +5.870777404e-04 -3.708394129e+02 -3.708394129e+02 +3.2256e+00 -9.1572e-01 -1.3410e+00 +1.9734e+00 +5.7733e-01
6785 +2.951992554e-04 +2.951992554e-04 -3.708397048e+02 -3.708397048e+02 +3.2179e+00 -7.8821e-01 -1.3930e+00 +2.0368e+00 +5.7731e-01
6817 +1.253209525e-04 +1.253209525e-04 -3.708398747e+02 -3.708398747e+02 +3.2131e+00 -9.0079e-01 -1.4898e+00 +2.0024e+00 +5.6001e-01
6830 +2.860176892e-05 +2.860176892e-05 -3.708399714e+02 -3.708399714e+02 +3.2009e+00 -8.5045e-01 -1.4667e+00 +1.9737e+00 +5.6995e-01
6866 +2.112498453e-05 +2.112498453e-05 -3.708399789e+02 -3.708399789e+02 +3.1261e+00 -7.7477e-01 -1.5294e+00 +1.9357e+00 +5.8991e-01
6867 +6.637752278e-06 +6.637752278e-06 -3.708399934e+02 -3.708399934e+02 +3.1470e+00 -8.4867e-01 -1.5098e+00 +1.9585e+00 +5.9146e-01
6875 +8.843521755e-07 +8.843521755e-07 -3.708399991e+02 -3.708399991e+02 +3.1437e+00 -8.1230e-01 -1.5466e+00 +1.9298e+00 +6.0001e-01
6877 +2.093846661e-07 +2.093846661e-07 -3.708399998e+02 -3.708399998e+02 +3.1185e+00 -7.9628e-01 -1.5707e+00 +1.9448e+00 +5.9942e-01
6904 +1.182476126e-07 +1.182476126e-07 -3.708399999e+02 -3.708399999e+02 +3.1295e+00 -7.9639e-01 -1.5725e+00 +1.9371e+00 +5.9615e-01
6938 +2.427719892e-08 +2.427719892e-08 -3.708400000e+02 -3.708400000e+02 +3.1077e+00 -8.0914e-01 -1.6056e+00 +1.9278e+00 +6.1356e-01
7004 +1.168626795e-08 +1.168626795e-08 -3.708400000e+02 -3.708400000e+02 +3.1138e+00 -8.0388e-01 -1.5899e+00 +1.9339e+00 +5.9933e-01
7017 +1.900275493e-09 +1.900275493e-09 -3.708400000e+02 -3.708400000e+02 +3.1117e+00 -8.1107e-01 -1.5974e+00 +1.9362e+00 +6.0448e-01
% function evaluation | noise-free fitness - Fopt (-3.708400000000e+02) | best noise-free fitness - Fopt | measured fitness | best measured fitness | x1 | x2...
1 +1.839692701e+01 +1.839692701e+01 -3.524430730e+02 -3.524430730e+02 +1.6110e+00 -1.9029e-01 -3.1523e+00 -3.7335e+00 +2.2615e+00
47 +1.161672024e+01 +1.161672024e+01 -3.592232798e+02 -3.592232798e+02 -3.5084e-01 -2.2536e+00 -5.8349e-01 -4.0545e+00 +1.5563e+00
215 +5.749091381e+00 +5.749091381e+00 -3.650909086e+02 -3.650909086e+02 -2.9093e+00 +4.5379e+00 +1.2127e+00 +2.5623e+00 -3.0978e+00
3866 +3.657467227e+00 +3.657467227e+00 -3.671825328e+02 -3.671825328e+02 +1.9936e+00 -1.4396e+00 -4.8065e+00 -2.6234e+00 +2.3940e+00
3921 +2.217857901e+00 +2.217857901e+00 -3.686221421e+02 -3.686221421e+02 +1.6316e+00 -1.8271e+00 -4.5212e+00 -3.0222e+00 +2.9183e+00
21524 +1.579671342e+00 +1.579671342e+00 -3.692603287e+02 -3.692603287e+02 +8.5985e-01 -1.0019e+00 +4.4650e+00 +1.1771e-01 +3.7676e+00
116586 +6.076506397e-01 +6.076506397e-01 -3.702323494e+02 -3.702323494e+02 +2.2618e+00 -8.9040e-02 -2.4710e+00 +1.7994e+00 +1.0973e+00
118489 +1.820083784e-01 +1.820083784e-01 -3.706579916e+02 -3.706579916e+02 +3.1626e+00 -1.6142e+00 -1.9017e+00 +2.0370e+00 +5.8695e-01
118622 +1.902920700e-02 +1.902920700e-02 -3.708209708e+02 -3.708209708e+02 +3.0283e+00 -9.6537e-01 -1.4508e+00 +2.0877e+00 +5.2041e-01
121649 +1.402526946e-02 +1.402526946e-02 -3.708259747e+02 -3.708259747e+02 +2.8524e+00 -6.5559e-01 -2.1406e+00 +1.9108e+00 +6.2459e-01
122213 +2.203395152e-03 +2.203395152e-03 -3.708377966e+02 -3.708377966e+02 +2.9695e+00 -8.6608e-01 -1.9141e+00 +1.9127e+00 +6.4995e-01
123304 +6.109347821e-04 +6.109347821e-04 -3.708393891e+02 -3.708393891e+02 +3.1859e+00 -9.5289e-01 -1.3827e+00 +1.9956e+00 +5.8236e-01
123760 +2.708331690e-04 +2.708331690e-04 -3.708397292e+02 -3.708397292e+02 +3.2006e+00 -9.0315e-01 -1.5042e+00 +2.0492e+00 +5.7263e-01
123873 +4.630342966e-05 +4.630342966e-05 -3.708399537e+02 -3.708399537e+02 +3.0415e+00 -8.0330e-01 -1.7028e+00 +1.9437e+00 +6.3725e-01
124775 +2.619514839e-05 +2.619514839e-05 -3.708399738e+02 -3.708399738e+02 +3.1135e+00 -7.4229e-01 -1.5725e+00 +1.9617e+00 +5.6952e-01
125341 +2.508379367e-05 +2.508379367e-05 -3.708399749e+02 -3.708399749e+02 +3.0970e+00 -8.4628e-01 -1.6468e+00 +1.9697e+00 +5.9129e-01
125687 +6.341810888e-06 +6.341810888e-06 -3.708399937e+02 -3.708399937e+02 +3.1361e+00 -7.7182e-01 -1.5742e+00 +1.9250e+00 +6.1741e-01
125746 +2.330208019e-06 +2.330208019e-06 -3.708399977e+02 -3.708399977e+02 +3.1303e+00 -8.6090e-01 -1.5761e+00 +1.9224e+00 +5.9902e-01
126154 +4.952670452e-08 +4.952670452e-08 -3.708400000e+02 -3.708400000e+02 +3.1087e+00 -7.8369e-01 -1.6009e+00 +1.9285e+00 +6.0843e-01
127859 +1.190323928e-08 +1.190323928e-08 -3.708400000e+02 -3.708400000e+02 +3.1144e+00 -8.0572e-01 -1.5985e+00 +1.9260e+00 +6.0836e-01
129184 +3.539298632e-09 +3.539298632e-09 -3.708400000e+02 -3.708400000e+02 +3.1132e+00 -8.1389e-01 -1.5931e+00 +1.9284e+00 +6.1058e-01
129784 +1.068656275e-11 +1.068656275e-11 -3.708400000e+02 -3.708400000e+02 +3.1135e+00 -8.0668e-01 -1.5928e+00 +1.9335e+00 +6.0531e-01
% function evaluation | noise-free fitness - Fopt (-3.708400000000e+02) | best noise-free fitness - Fopt | measured fitness | best measured fitness | x1 | x2...
1 +6.107763779e+01 +6.107763779e+01 -3.097623622e+02 -3.097623622e+02 +3.7473e+00 +2.7771e+00 +1.5767e+00 -1.5820e+00 -1.2469e+00
12 +2.573759931e+01 +2.573759931e+01 -3.451024007e+02 -3.451024007e+02 +4.4806e+00 +5.0905e+00 +9.5278e-01 -5.2598e-01 -5.0335e+00
80 +1.732205595e+01 +1.732205595e+01 -3.535179441e+02 -3.535179441e+02 +2.9640e+00 -5.2196e-01 -2.4132e+00 -3.1316e+00 -3.5267e+00
88 +1.540310730e+01 +1.540310730e+01 -3.554368927e+02 -3.554368927e+02 +3.1220e+00 +8.9627e-01 -1.9253e+00 -4.6987e+00 -3.1304e+00
184 +9.705327480e+00 +9.705327480e+00 -3.611346725e+02 -3.611346725e+02 +2.3840e+00 -2.7490e+00 -3.4465e+00 -2.5416e+00 -4.0137e+00
201 +5.555520187e+00 +5.555520187e+00 -3.652844798e+02 -3.652844798e+02 +2.2302e+00 -2.8873e+00 -2.5346e+00 -2.4565e+00 -3.8435e+00
219 +3.593353101e+00 +3.593353101e+00 -3.672466469e+02 -3.672466469e+02 +2.4049e+00 -2.3522e+00 -2.0360e+00 -2.4401e+00 -3.8939e+00
313 +2.500657247e+00 +2.500657247e+00 -3.683393428e+02 -3.683393428e+02 +1.9909e+00 -2.1927e+00 -2.1910e+00 -2.8619e+00 -3.9493e+00
2248 +1.583330931e+00 +1.583330931e+00 -3.692566691e+02 -3.692566691e+02 +8.1593e-01 -8.5673e-01 +4.3924e+00 +1.1675e-01 +3.7725e+00
8520 +8.846866901e-01 +8.846866901e-01 -3.699553133e+02 -3.699553133e+02 +3.9778e+00 -1.2275e+00 -5.8193e-01 +2.8744e+00 +8.9305e-02
8598 +1.664950677e-01 +1.664950677e-01 -3.706735049e+02 -3.706735049e+02 +3.3819e+00 -1.1611e+00 -1.4706e+00 +2.4521e+00 +1.9088e-01
8623 +4.672603480e-02 +4.672603480e-02 -3.707932740e+02 -3.707932740e+02 +3.1196e+00 -1.0392e+00 -1.2400e+00 +2.0672e+00 +4.8676e-01
8716 +3.689970340e-02 +3.689970340e-02 -3.708031003e+02 -3.708031003e+02 +2.8860e+00 -8.6584e-01 -1.8923e+00 +2.2021e+00 +4.9540e-01
8718 +1.844433967e-02 +1.844433967e-02 -3.708215557e+02 -3.708215557e+02 +3.0302e+00 -4.9112e-01 -1.7227e+00 +1.9169e+00 +8.1591e-01
8728 +1.489148875e-02 +1.489148875e-02 -3.708251085e+02 -3.708251085e+02 +3.0591e+00 -9.5372e-01 -1.6455e+00 +1.6581e+00 +8.2620e-01
8742 +4.458086239e-03 +4.458086239e-03 -3.708355419e+02 -3.708355419e+02 +3.2569e+00 -1.0611e+00 -1.4512e+00 +1.8705e+00 +5.0152e-01
8807 +3.486650317e-03 +3.486650317e-03 -3.708365133e+02 -3.708365133e+02 +3.1557e+00 -7.6966e-01 -1.5567e+00 +1.8534e+00 +7.4680e-01
8813 +9.227078951e-04 +9.227078951e-04 -3.708390773e+02 -3.708390773e+02 +3.1590e+00 -8.5636e-01 -1.5447e+00 +2.1086e+00 +5.0049e-01
8825 +9.810008243e-05 +9.810008243e-05 -3.708399019e+02 -3.708399019e+02 +3.1468e+00 -8.2279e-01 -1.4974e+00 +2.0231e+00 +5.4997e-01
8944 +6.149750914e-05 +6.149750914e-05 -3.708399385e+02 -3.708399385e+02 +3.1030e+00 -9.1471e-01 -1.6366e+00 +1.8992e+00 +6.3227e-01
8946 +2.701151413e-05 +2.701151413e-05 -3.708399730e+02 -3.708399730e+02 +3.0694e+00 -7.6551e-01 -1.6183e+00 +1.9210e+00 +5.9715e-01
8988 +1.714117275e-06 +1.714117275e-06 -3.708399983e+02 -3.708399983e+02 +3.1039e+00 -8.2558e-01 -1.5930e+00 +1.9540e+00 +5.8993e-01
9030 +4.849808874e-07 +4.849808874e-07 -3.708399995e+02 -3.708399995e+02 +3.0981e+00 -7.8069e-01 -1.6146e+00 +1.9157e+00 +6.2378e-01
9133 +3.854768238e-08 +3.854768238e-08 -3.708400000e+02 -3.708400000e+02 +3.1176e+00 -8.1834e-01 -1.5964e+00 +1.9335e+00 +6.0158e-01
9171 +1.183553877e-08 +1.183553877e-08 -3.708400000e+02 -3.708400000e+02 +3.1134e+00 -8.2161e-01 -1.5955e+00 +1.9286e+00 +6.0718e-01
9245 +2.811134436e-09 +2.811134436e-09 -3.708400000e+02 -3.708400000e+02 +3.1162e+00 -8.1537e-01 -1.5915e+00 +1.9384e+00 +6.0248e-01
9251 +1.763282853e-10 +1.763282853e-10 -3.708400000e+02 -3.708400000e+02 +3.1129e+00 -8.1134e-01 -1.5930e+00 +1.9319e+00 +6.0778e-01
9267 +6.775735528e-11 +6.775735528e-11 -3.708400000e+02 -3.708400000e+02 +3.1163e+00 -8.1071e-01 -1.5902e+00 +1.9332e+00 +6.0436e-01
% function evaluation | noise-free fitness - Fopt (-3.256000000000e+01) | best noise-free fitness - Fopt | measured fitness | best measured fitness | x1 | x2...
1 +7.248470718e+01 +7.248470718e+01 +3.992470718e+01 +3.992470718e+01 -2.9291e+00 +3.8906e+00 +3.8641e+00 +9.3723e-01 -1.1302e+00
6 +6.114985089e+01 +6.114985089e+01 +2.858985089e+01 +2.858985089e+01 -1.3263e+00 +6.1791e-01 +2.7048e+00 -2.6972e-01 -1.5253e+00
19 +3.951859525e+01 +3.951859525e+01 +6.958595250e+00 +6.958595250e+00 -1.2281e+00 -2.6340e+00 +4.8827e-01 -9.7751e-01 -1.8630e-01
27 +2.064340333e+01 +2.064340333e+01 -1.191659667e+01 -1.191659667e+01 -1.7557e+00 +2.6453e-02 +1.2122e+00 -4.2196e-01 -2.9276e+00
95 +1.154122132e+01 +1.154122132e+01 -2.101877868e+01 -2.101877868e+01 +3.0282e+00 -3.4861e+00 +8.8866e-01 -4.7992e-01 -2.3281e-01
115 +9.894508399e+00 +9.894508399e+00 -2.266549160e+01 -2.266549160e+01 +4.0757e+00 -2.8742e+00 +1.4941e-01 +4.9228e-01 -1.9763e-01
1504 +4.315582576e+00 +4.315582576e+00 -2.824441742e+01 -2.824441742e+01 -2.3825e+00 -1.3617e+00 -2.4932e+00 -5.8961e+00 +2.3197e+00
1507 +2.312787350e+00 +2.312787350e+00 -3.024721265e+01 -3.024721265e+01 -2.0274e+00 -1.3431e+00 -2.0392e+00 -5.4846e+00 +1.9411e+00
20452 +6.841327020e-01 +6.841327020e-01 -3.187586730e+01 -3.187586730e+01 +7.1607e-01 -3.0096e+00 -1.5921e+00 +4.4120e+00 -1.3356e+00
20626 +5.154595541e-01 +5.154595541e-01 -3.204454045e+01 -3.204454045e+01 +1.3088e+00 -3.3829e+00 -4.0719e-01 +3.0498e+00 -1.3642e+00
20762 +2.877164591e-02 +2.877164591e-02 -3.253122835e+01 -3.253122835e+01 +1.2698e+00 -3.6017e+00 -1.5331e+00 +3.1751e+00 -1.7572e+00
21638 +2.256710981e-02 +2.256710981e-02 -3.253743289e+01 -3.253743289e+01 +1.1512e+00 -3.2851e+00 -1.6438e+00 +3.4811e+00 -1.6089e+00
21678 +8.037986029e-03 +8.037986029e-03 -3.255196201e+01 -3.255196201e+01 +1.1673e+00 -3.6523e+00 -1.3420e+00 +3.2329e+00 -1.5105e+00
21834 +2.191130451e-03 +2.191130451e-03 -3.255780887e+01 -3.255780887e+01 +1.1233e+00 -3.1946e+00 -1.7784e+00 +3.7373e+00 -1.2406e+00
21839 +8.268206545e-04 +8.268206545e-04 -3.255917318e+01 -3.255917318e+01 +9.8149e-01 -3.2978e+00 -1.7026e+00 +3.6181e+00 -1.2340e+00
22073 +1.693643551e-04 +1.693643551e-04 -3.255983064e+01 -3.255983064e+01 +1.1453e+00 -3.2940e+00 -1.6118e+00 +3.5269e+00 -1.3606e+00
22267 +4.373388869e-05 +4.373388869e-05 -3.255995627e+01 -3.255995627e+01 +1.0803e+00 -3.2744e+00 -1.6493e+00 +3.5593e+00 -1.3037e+00
22302 +2.100998299e-05 +2.100998299e-05 -3.255997899e+01 -3.255997899e+01 +1.0423e+00 -3.2344e+00 -1.6094e+00 +3.6297e+00 -1.2770e+00
22435 +1.071060906e-05 +1.071060906e-05 -3.255998929e+01 -3.255998929e+01 +1.0387e+00 -3.2131e+00 -1.6500e+00 +3.6543e+00 -1.2143e+00
22437 +3.358276622e-06 +3.358276622e-06 -3.255999664e+01 -3.255999664e+01 +1.0764e+00 -3.2818e+00 -1.5265e+00 +3.5462e+00 -1.2642e+00
22571 +6.612320078e-07 +6.612320078e-07 -3.255999934e+01 -3.255999934e+01 +1.0696e+00 -3.2583e+00 -1.5913e+00 +3.5866e+00 -1.2738e+00
22672 +4.218938159e-07 +4.218938159e-07 -3.255999958e+01 -3.255999958e+01 +1.0631e+00 -3.2291e+00 -1.5737e+00 +3.6135e+00 -1.2406e+00
22709 +2.485561623e-07 +2.485561623e-07 -3.255999975e+01 -3.255999975e+01 +1.0356e+00 -3.2718e+00 -1.5486e+00 +3.6021e+00 -1.2435e+00
22779 +4.503068851e-08 +4.503068851e-08 -3.255999995e+01 -3.255999995e+01 +1.0590e+00 -3.2653e+00 -1.5700e+00 +3.5858e+00 -1.2544e+00
22789 +1.728596999e-08 +1.728596999e-08 -3.255999998e+01 -3.255999998e+01 +1.0487e+00 -3.2615e+00 -1.5777e+00 +3.6019e+00 -1.2488e+00
22991 +1.113339465e-08 +1.113339465e-08 -3.255999999e+01 -3.255999999e+01 +1.0574e+00 -3.2532e+00 -1.5681e+00 +3.5986e+00 -1.2467e+00
23051 +5.620933052e-09 +5.620933052e-09 -3.255999999e+01 -3.255999999e+01 +1.0486e+00 -3.2485e+00 -1.5777e+00 +3.6032e+00 -1.2423e+00
23159 +3.831956974e-11 +3.831956974e-11 -3.256000000e+01 -3.256000000e+01 +1.0511e+00 -3.2549e+00 -1.5662e+00 +3.5972e+00 -1.2466e+00
% function evaluation | noise-free fitness - Fopt (-3.256000000000e+01) | best noise-free fitness - Fopt | measured fitness | best measured fitness | x1 | x2...
1 +6.164209425e+01 +6.164209425e+01 +2.908209425e+01 +2.908209425e+01 +1.7509e+00 -1.1632e+00 +1.8898e+00 +3.1722e+00 +2.6515e-01
2 +3.272278436e+01 +3.272278436e+01 +1.627843625e-01 +1.627843625e-01 +1.7699e+00 +2.3025e+00 +2.4119e-01 +5.1905e+00 -1.1036e+00
6 +1.478233380e+01 +1.478233380e+01 -1.777766620e+01 -1.777766620e+01 +1.2937e+00 -1.5627e+00 -5.6003e-01 +3.5949e+00 +5.0826e-01
66 +9.441916747e+00 +9.441916747e+00 -2.311808325e+01 -2.311808325e+01 +1.0689e+00 -4.9343e+00 -5.2502e-01 +1.1695e+00 -2.3411e+00
68 +2.447315539e+00 +2.447315539e+00 -3.011268446e+01 -3.011268446e+01 +1.4113e+00 -4.1349e+00 -6.8545e-01 +2.2798e+00 -1.1168e+00
117 +2.256758925e-01 +2.256758925e-01 -3.233432411e+01 -3.233432411e+01 +6.8410e-01 -3.9660e+00 -6.9879e-01 +3.1563e+00 -1.3341e+00
179 +1.310844339e-01 +1.310844339e-01 -3.242891557e+01 -3.242891557e+01 +1.2225e+00 -3.5980e+00 -6.8628e-01 +3.0907e+00 -1.3366e+00
188 +1.494445388e-02 +1.494445388e-02 -3.254505555e+01 -3.254505555e+01 +1.2180e+00 -3.5212e+00 -1.2129e+00 +3.2749e+00 -1.5451e+00
254 +4.178784437e-03 +4.178784437e-03 -3.255582122e+01 -3.255582122e+01 +1.0603e+00 -3.3788e+00 -1.4185e+00 +3.2946e+00 -1.2803e+00
276 +3.663290876e-03 +3.663290876e-03 -3.255633671e+01 -3.255633671e+01 +1.1180e+00 -3.4940e+00 -1.2549e+00 +3.2581e+00 -1.3273e+00
291 +9.349734794e-04 +9.349734794e-04 -3.255906503e+01 -3.255906503e+01 +1.0956e+00 -3.4001e+00 -1.3303e+00 +3.4199e+00 -1.3663e+00
333 +3.489475918e-04 +3.489475918e-04 -3.255965105e+01 -3.255965105e+01 +1.1086e+00 -3.3297e+00 -1.4608e+00 +3.4275e+00 -1.3570e+00
348 +1.757204179e-04 +1.757204179e-04 -3.255982428e+01 -3.255982428e+01 +1.0618e+00 -3.2698e+00 -1.4248e+00 +3.5398e+00 -1.2713e+00
349 +1.515712126e-04 +1.515712126e-04 -3.255984843e+01 -3.255984843e+01 +1.0329e+00 -3.1924e+00 -1.4840e+00 +3.6024e+00 -1.2159e+00
360 +8.454585958e-05 +8.454585958e-05 -3.255991545e+01 -3.255991545e+01 +1.1011e+00 -3.3575e+00 -1.4846e+00 +3.4709e+00 -1.3381e+00
409 +6.944860147e-06 +6.944860147e-06 -3.255999306e+01 -3.255999306e+01 +1.0495e+00 -3.2171e+00 -1.5247e+00 +3.6181e+00 -1.2109e+00
440 +3.612675009e-06 +3.612675009e-06 -3.255999639e+01 -3.255999639e+01 +1.0245e+00 -3.2912e+00 -1.5232e+00 +3.5776e+00 -1.2301e+00
444 +1.736572187e-06 +1.736572187e-06 -3.255999826e+01 -3.255999826e+01 +1.0723e+00 -3.2826e+00 -1.5679e+00 +3.5805e+00 -1.2695e+00
450 +9.745973060e-07 +9.745973060e-07 -3.255999903e+01 -3.255999903e+01 +1.0569e+00 -3.2759e+00 -1.5732e+00 +3.5824e+00 -1.2471e+00
468 +5.504350398e-07 +5.504350398e-07 -3.255999945e+01 -3.255999945e+01 +1.0460e+00 -3.2566e+00 -1.5880e+00 +3.5926e+00 -1.2543e+00
475 +3.199551415e-07 +3.199551415e-07 -3.255999968e+01 -3.255999968e+01 +1.0468e+00 -3.2877e+00 -1.5439e+00 +3.5754e+00 -1.2532e+00
489 +1.914726440e-07 +1.914726440e-07 -3.255999981e+01 -3.255999981e+01 +1.0546e+00 -3.2584e+00 -1.5900e+00 +3.5927e+00 -1.2544e+00
501 +1.121900794e-08 +1.121900794e-08 -3.255999999e+01 -3.255999999e+01 +1.0426e+00 -3.2590e+00 -1.5659e+00 +3.5990e+00 -1.2413e+00
527 +2.921062503e-09 +2.921062503e-09 -3.256000000e+01 -3.256000000e+01 +1.0490e+00 -3.2558e+00 -1.5627e+00 +3.5939e+00 -1.2420e+00
% function evaluation | noise-free fitness - Fopt (-3.256000000000e+01) | best noise-free fitness - Fopt | measured fitness | best measured fitness | x1 | x2...
1 +5.404755920e+01 +5.404755920e+01 +2.148755920e+01 +2.148755920e+01 +3.6304e+00 -3.1904e+00 +2.3673e+00 -1.9020e+00 +3.0497e+00
19 +2.357670432e+01 +2.357670432e+01 -8.983295684e+00 -8.983295684e+00 +2.3189e+00 -3.2674e+00 +4.5251e+00 -3.4337e+00 +1.0060e+00
85 +1.389906078e+01 +1.389906078e+01 -1.866093922e+01 -1.866093922e+01 +3.3394e+00 -3.0178e+00 +1.6983e+00 +8.0838e-01 -6.3133e-01
127 +8.589152533e+00 +8.589152533e+00 -2.397084747e+01 -2.397084747e+01 +3.4800e+00 -3.2178e+00 +1.1487e+00 +6.7900e-02 -1.8450e-01
1713 +6.043277238e+00 +6.043277238e+00 -2.651672276e+01 -2.651672276e+01 -1.4714e+00 -1.2816e+00 +5.2761e-01 -8.7355e-01 -3.1014e+00
3734 +3.478093156e+00 +3.478093156e+00 -2.908190684e+01 -2.908190684e+01 +3.0640e+00 +1.0008e+00 -7.6092e-01 +1.4834e+00 -2.9820e+00
3839 +1.787907206e+00 +1.787907206e+00 -3.077209279e+01 -3.077209279e+01 +7.4213e-01 +1.5005e+00 -1.0969e+00 +2.3615e+00 -3.2353e+00
3969 +1.502947158e+00 +1.502947158e+00 -3.105705284e+01 -3.105705284e+01 +6.4836e-01 +1.6549e+00 -1.8045e+00 +2.0213e+00 -3.6744e+00
10183 +3.250215967e-01 +3.250215967e-01 -3.223497840e+01 -3.223497840e+01 +1.4140e+00 -3.4938e+00 -2.3667e+00 +3.3585e+00 -1.7905e+00
10184 +1.758525319e-01 +1.758525319e-01 -3.238414747e+01 -3.238414747e+01 +7.9246e-01 -3.0658e+00 -8.5518e-01 +3.5646e+00 -6.6904e-01
10431 +5.170069685e-03 +5.170069685e-03 -3.255482993e+01 -3.255482993e+01 +9.1212e-01 -3.1047e+00 -1.5577e+00 +3.6380e+00 -1.0156e+00
10581 +9.058867200e-04 +9.058867200e-04 -3.255909411e+01 -3.255909411e+01 +1.1011e+00 -3.2583e+00 -1.7405e+00 +3.5325e+00 -1.3602e+00
10793 +5.325828567e-04 +5.325828567e-04 -3.255946742e+01 -3.255946742e+01 +1.1571e+00 -3.1820e+00 -1.5865e+00 +3.6216e+00 -1.2736e+00
10862 +3.683530677e-04 +3.683530677e-04 -3.255963165e+01 -3.255963165e+01 +1.0892e+00 -3.1231e+00 -1.6883e+00 +3.6363e+00 -1.1685e+00
10900 +1.016959964e-04 +1.016959964e-04 -3.255989830e+01 -3.255989830e+01 +1.0338e+00 -3.3014e+00 -1.4430e+00 +3.5223e+00 -1.1989e+00
10902 +2.893387032e-05 +2.893387032e-05 -3.255997107e+01 -3.255997107e+01 +1.0304e+00 -3.1680e+00 -1.6501e+00 +3.6808e+00 -1.2180e+00
10958 +6.194559376e-06 +6.194559376e-06 -3.255999381e+01 -3.255999381e+01 +1.0876e+00 -3.2408e+00 -1.5601e+00 +3.5896e+00 -1.2628e+00
11022 +3.531256155e-06 +3.531256155e-06 -3.255999647e+01 -3.255999647e+01 +1.0559e+00 -3.2853e+00 -1.5561e+00 +3.5900e+00 -1.2855e+00
11147 +1.241538790e-06 +1.241538790e-06 -3.255999876e+01 -3.255999876e+01 +1.0425e+00 -3.2193e+00 -1.5676e+00 +3.6370e+00 -1.2147e+00
11167 +6.911431072e-07 +6.911431072e-07 -3.255999931e+01 -3.255999931e+01 +1.0535e+00 -3.2288e+00 -1.5566e+00 +3.6071e+00 -1.2392e+00
11197 +3.441090968e-08 +3.441090968e-08 -3.255999997e+01 -3.255999997e+01 +1.0505e+00 -3.2601e+00 -1.5685e+00 +3.6041e+00 -1.2437e+00
11421 +1.409944872e-08 +1.409944872e-08 -3.255999999e+01 -3.255999999e+01 +1.0438e+00 -3.2658e+00 -1.5546e+00 +3.5916e+00 -1.2445e+00
11480 +8.150578878e-09 +8.150578878e-09 -3.255999999e+01 -3.255999999e+01 +1.0581e+00 -3.2510e+00 -1.5731e+00 +3.5960e+00 -1.2494e+00
11530 +6.776446071e-11 +6.776446071e-11 -3.256000000e+01 -3.256000000e+01 +1.0501e+00 -3.2561e+00 -1.5660e+00 +3.5968e+00 -1.2468e+00
% function evaluation | noise-free fitness - Fopt (5.154000000000e+02) | best noise-free fitness - Fopt | measured fitness | best measured fitness | x1 | x2...
1 +4.119007008e+01 +4.119007008e+01 +5.565900701e+02 +5.565900701e+02 +3.0003e+00 +3.7156e+00 -1.0625e+00 +3.4615e+00 +9.7764e-01
8 +2.229900355e+01 +2.229900355e+01 +5.376990035e+02 +5.376990035e+02 +3.9479e+00 +2.8188e+00 +6.0354e-01 +2.6246e+00 -2.0939e+00
36 +1.206801475e+01 +1.206801475e+01 +5.274680147e+02 +5.274680147e+02 -6.2253e-01 +2.0451e+00 -4.1346e-01 -6.4948e-01 -3.4533e+00
144 +9.499922176e+00 +9.499922176e+00 +5.248999222e+02 +5.248999222e+02 -3.0939e+00 +2.8051e+00 -1.4634e+00 +2.7014e+00 -3.1001e+00
213 +5.865329528e+00 +5.865329528e+00 +5.212653295e+02 +5.212653295e+02 -2.5509e+00 +2.9030e+00 -1.5678e+00 +3.3612e+00 -3.2116e+00
318 +3.808328196e+00 +3.808328196e+00 +5.192083282e+02 +5.192083282e+02 -2.6257e+00 +3.5022e+00 -9.3715e-01 +3.4831e+00 -3.4170e+00
3797 +2.446349609e+00 +2.446349609e+00 +5.178463496e+02 +5.178463496e+02 -7.7602e-01 -2.9046e+00 -1.3056e+00 +7.2973e-01 -1.2806e+00
4052 +1.480596883e+00 +1.480596883e+00 +5.168805969e+02 +5.168805969e+02 -5.4656e-01 -3.2322e+00 -8.7775e-01 +6.2468e-01 -1.7148e+00
9460 +4.997268889e-01 +4.997268889e-01 +5.158997269e+02 +5.158997269e+02 -3.1261e+00 -1.0689e+00 -3.0298e+00 +4.8445e-01 -2.4925e+00
9743 +3.246685169e-01 +3.246685169e-01 +5.157246685e+02 +5.157246685e+02 -3.3143e+00 -1.3931e+00 -2.7414e+00 +5.1614e-01 -2.2430e+00
9959 +1.845182328e-01 +1.845182328e-01 +5.155845182e+02 +5.155845182e+02 -4.3225e+00 -1.3867e+00 -3.0734e+00 +8.7546e-01 -3.0375e+00
9970 +1.097703259e-01 +1.097703259e-01 +5.155097703e+02 +5.155097703e+02 -3.1959e+00 -2.0027e-02 -2.4788e+00 -8.2160e-02 -2.3622e+00
10022 +9.321688723e-03 +9.321688723e-03 +5.154093217e+02 +5.154093217e+02 -3.5486e+00 -8.5181e-01 -2.5425e+00 +4.7389e-01 -2.2066e+00
10252 +3.598658302e-03 +3.598658302e-03 +5.154035987e+02 +5.154035987e+02 -3.8264e+00 -8.1147e-01 -2.6581e+00 +4.4577e-01 -2.5455e+00
10262 +1.858423597e-03 +1.858423597e-03 +5.154018584e+02 +5.154018584e+02 -3.1435e+00 -5.2931e-01 -2.4102e+00 +3.4188e-01 -2.2608e+00
10293 +1.156142694e-03 +1.156142694e-03 +5.154011561e+02 +5.154011561e+02 -3.7012e+00 -7.4174e-01 -2.5965e+00 +4.6316e-01 -2.5202e+00
10344 +1.869554392e-04 +1.869554392e-04 +5.154001870e+02 +5.154001870e+02 -3.4898e+00 -6.8757e-01 -2.6080e+00 +3.6418e-01 -2.4637e+00
10447 +1.227398465e-04 +1.227398465e-04 +5.154001227e+02 +5.154001227e+02 -3.4540e+00 -6.4307e-01 -2.5372e+00 +3.8981e-01 -2.3520e+00
10500 +2.445053713e-05 +2.445053713e-05 +5.154000245e+02 +5.154000245e+02 -3.4605e+00 -7.9246e-01 -2.6180e+00 +4.3970e-01 -2.3597e+00
10626 +5.800105669e-06 +5.800105669e-06 +5.154000058e+02 +5.154000058e+02 -3.5112e+00 -7.4892e-01 -2.6277e+00 +4.1766e-01 -2.4383e+00
10690 +3.449380301e-07 +3.449380301e-07 +5.154000003e+02 +5.154000003e+02 -3.4740e+00 -7.3571e-01 -2.6089e+00 +4.2712e-01 -2.3932e+00
10783 +2.086935638e-07 +2.086935638e-07 +5.154000002e+02 +5.154000002e+02 -3.4624e+00 -7.1226e-01 -2.5878e+00 +3.9841e-01 -2.3860e+00
10908 +4.673790954e-08 +4.673790954e-08 +5.154000000e+02 +5.154000000e+02 -3.4597e+00 -7.1197e-01 -2.5820e+00 +4.0546e-01 -2.3857e+00
10988 +2.256842890e-08 +2.256842890e-08 +5.154000000e+02 +5.154000000e+02 -3.4857e+00 -7.3070e-01 -2.6086e+00 +4.1397e-01 -2.4037e+00
11027 +6.011873666e-09 +6.011873666e-09 +5.154000000e+02 +5.154000000e+02 -3.4828e+00 -7.3066e-01 -2.6044e+00 +4.1631e-01 -2.3998e+00
11032 +3.095578904e-09 +3.095578904e-09 +5.154000000e+02 +5.154000000e+02 -3.4813e+00 -7.3845e-01 -2.5990e+00 +4.1821e-01 -2.3981e+00
11086 +5.763922672e-11 +5.763922672e-11 +5.154000000e+02 +5.154000000e+02 -3.4764e+00 -7.2940e-01 -2.5943e+00 +4.1627e-01 -2.3973e+00
% function evaluation | noise-free fitness - Fopt (5.154000000000e+02) | best noise-free fitness - Fopt | measured fitness | best measured fitness | x1 | x2...
1 +6.411900109e+01 +6.411900109e+01 +5.795190011e+02 +5.795190011e+02 -3.1003e+00 +1.3658e+00 +3.8798e+00 -6.3136e-02 +1.7172e+00
7 +5.065328492e+01 +5.065328492e+01 +5.660532849e+02 +5.660532849e+02 -4.8171e+00 +1.8530e+00 +2.1964e+00 -1.5388e-01 +5.0420e-01
13 +2.922049346e+01 +2.922049346e+01 +5.446204935e+02 +5.446204935e+02 -2.5367e+00 +1.6219e+00 +3.7192e+00 -3.4267e+00 +9.9116e-01
16 +2.288818585e+01 +2.288818585e+01 +5.382881858e+02 +5.382881858e+02 -4.9559e+00 +3.1732e+00 +6.4664e-01 +6.4057e-01 +7.6837e-01
54 +1.334578961e+01 +1.334578961e+01 +5.287457896e+02 +5.287457896e+02 -3.2708e+00 +3.4290e+00 -1.4646e+00 +1.8547e+00 +4.1394e-01
56 +8.511522455e+00 +8.511522455e+00 +5.239115225e+02 +5.239115225e+02 -3.8637e+00 +2.9453e+00 -2.3120e+00 +1.5148e+00 +1.2111e+00
113 +3.545899614e+00 +3.545899614e+00 +5.189458996e+02 +5.189458996e+02 -4.1600e+00 +3.3084e+00 -1.9665e+00 +2.5426e+00 +1.2997e+00
168 +1.968894564e+00 +1.968894564e+00 +5.173688946e+02 +5.173688946e+02 -4.5443e+00 +3.8137e+00 -1.0159e+00 +3.0231e+00 +8.2623e-01
11407 +5.169716677e-01 +5.169716677e-01 +5.159169717e+02 +5.159169717e+02 -2.4546e+00 -4.7305e-02 -2.7485e+00 +1.3898e-01 -1.6655e+00
11491 +7.282951358e-02 +7.282951358e-02 +5.154728295e+02 +5.154728295e+02 -2.9206e+00 -1.1138e-01 -2.5137e+00 -2.9115e-02 -2.2289e+00
11680 +1.217506368e-02 +1.217506368e-02 +5.154121751e+02 +5.154121751e+02 -3.2686e+00 -6.6051e-01 -2.2055e+00 +4.1455e-01 -2.3579e+00
11911 +8.295608890e-03 +8.295608890e-03 +5.154082956e+02 +5.154082956e+02 -3.4743e+00 -5.4530e-01 -2.6352e+00 +3.3176e-01 -2.6205e+00
11916 +1.732101451e-03 +1.732101451e-03 +5.154017321e+02 +5.154017321e+02 -3.5090e+00 -6.8034e-01 -2.4244e+00 +3.6385e-01 -2.4441e+00
12013 +8.571090475e-04 +8.571090475e-04 +5.154008571e+02 +5.154008571e+02 -3.6553e+00 -6.6851e-01 -2.6371e+00 +3.8970e-01 -2.4972e+00
12019 +8.411907709e-05 +8.411907709e-05 +5.154000841e+02 +5.154000841e+02 -3.3884e+00 -6.7400e-01 -2.6053e+00 +3.4929e-01 -2.3420e+00
12226 +5.181279960e-05 +5.181279960e-05 +5.154000518e+02 +5.154000518e+02 -3.4330e+00 -6.5745e-01 -2.5900e+00 +3.5554e-01 -2.4112e+00
12228 +3.211039245e-05 +3.211039245e-05 +5.154000321e+02 +5.154000321e+02 -3.4792e+00 -7.1397e-01 -2.5394e+00 +4.3953e-01 -2.3892e+00
12267 +2.125615026e-05 +2.125615026e-05 +5.154000213e+02 +5.154000213e+02 -3.4640e+00 -7.0021e-01 -2.5979e+00 +3.7943e-01 -2.4181e+00
12309 +6.845729786e-06 +6.845729786e-06 +5.154000068e+02 +5.154000068e+02 -3.4433e+00 -7.1198e-01 -2.6264e+00 +4.0554e-01 -2.3614e+00
12334 +2.061347004e-06 +2.061347004e-06 +5.154000021e+02 +5.154000021e+02 -3.4154e+00 -6.8124e-01 -2.5911e+00 +3.9795e-01 -2.3740e+00
12355 +1.737405455e-07 +1.737405455e-07 +5.154000002e+02 +5.154000002e+02 -3.4594e+00 -7.2162e-01 -2.5695e+00 +4.1797e-01 -2.3906e+00
12547 +7.680398539e-08 +7.680398539e-08 +5.154000001e+02 +5.154000001e+02 -3.4730e+00 -7.1260e-01 -2.5921e+00 +4.0281e-01 -2.3931e+00
12567 +4.918831564e-08 +4.918831564e-08 +5.154000000e+02 +5.154000000e+02 -3.4535e+00 -7.1061e-01 -2.5785e+00 +4.0816e-01 -2.3877e+00
12586 +2.152887646e-08 +2.152887646e-08 +5.154000000e+02 +5.154000000e+02 -3.4833e+00 -7.4500e-01 -2.6018e+00 +4.2019e-01 -2.3976e+00
12687 +1.213095402e-08 +1.213095402e-08 +5.154000000e+02 +5.154000000e+02 -3.4573e+00 -7.2432e-01 -2.5885e+00 +4.1089e-01 -2.3863e+00
12747 +3.207105692e-10 +3.207105692e-10 +5.154000000e+02 +5.154000000e+02 -3.4775e+00 -7.3002e-01 -2.5974e+00 +4.1613e-01 -2.3994e+00
12810 +5.491074262e-11 +5.491074262e-11 +5.154000000e+02 +5.154000000e+02 -3.4701e+00 -7.2672e-01 -2.5950e+00 +4.1407e-01 -2.3941e+00
% function evaluation | noise-free fitness - Fopt (5.154000000000e+02) | best noise-free fitness - Fopt | measured fitness | best measured fitness | x1 | x2...
1 +5.991577123e+01 +5.991577123e+01 +5.753157712e+02 +5.753157712e+02 +2.8029e+00 -2.5615e+00 +2.5039e+00 -3.1227e-01 +9.5780e-01
15 +3.767908664e+01 +3.767908664e+01 +5.530790866e+02 +5.530790866e+02 +3.7861e+00 +1.1304e-01 -3.1491e-01 +1.0475e+00 +4.0578e+00
25 +2.311692149e+01 +2.311692149e+01 +5.385169215e+02 +5.385169215e+02 +3.1680e+00 -1.3812e+00 -5.2187e-03 +1.2486e+00 +1.8869e+00
43 +1.500674971e+01 +1.500674971e+01 +5.304067497e+02 +5.304067497e+02 +3.6440e+00 -2.6858e+00 -8.8767e-01 -7.4276e-01 +3.4112e+00
60 +7.756240816e+00 +7.756240816e+00 +5.231562408e+02 +5.231562408e+02 +3.4306e+00 -3.2884e+00 -2.0703e+00 -6.7243e-01 +2.8285e+00
68 +4.120276185e+00 +4.120276185e+00 +5.195202762e+02 +5.195202762e+02 +3.9276e+00 -2.8405e+00 -6.2125e-01 -1.1324e+00 +1.1394e+00
132 +3.703664567e+00 +3.703664567e+00 +5.191036646e+02 +5.191036646e+02 +3.4919e+00 -2.2061e+00 -3.8573e-01 -5.7258e-01 +1.0427e+00
156 +2.178918399e+00 +2.178918399e+00 +5.175789184e+02 +5.175789184e+02 +3.4850e+00 -2.6144e+00 -9.9379e-01 -4.3895e-01 +7.3848e-01
3975 +7.101913628e-02 +7.101913628e-02 +5.154710191e+02 +5.154710191e+02 -2.8517e+00 -2.1106e-01 -2.2092e+00 +1.2031e-01 -2.2681e+00
3993 +2.488282818e-02 +2.488282818e-02 +5.154248828e+02 +5.154248828e+02 -3.1549e+00 -5.6203e-01 -2.3959e+00 +1.7657e-01 -2.2694e+00
4249 +1.032717384e-02 +1.032717384e-02 +5.154103272e+02 +5.154103272e+02 -3.0555e+00 -5.2590e-01 -2.4126e+00 +3.0743e-01 -2.0455e+00
4312 +5.519906871e-03 +5.519906871e-03 +5.154055199e+02 +5.154055199e+02 -3.3414e+00 -6.6855e-01 -2.7256e+00 +4.8389e-01 -2.3242e+00
4368 +3.463137508e-03 +3.463137508e-03 +5.154034631e+02 +5.154034631e+02 -3.4088e+00 -5.3754e-01 -2.5727e+00 +3.8653e-01 -2.3022e+00
4380 +1.011823976e-03 +1.011823976e-03 +5.154010118e+02 +5.154010118e+02 -3.5958e+00 -7.4428e-01 -2.5578e+00 +3.5623e-01 -2.4717e+00
4419 +5.246277155e-04 +5.246277155e-04 +5.154005246e+02 +5.154005246e+02 -3.6893e+00 -8.2839e-01 -2.5992e+00 +4.7849e-01 -2.5242e+00
4449 +2.581804131e-05 +2.581804131e-05 +5.154000258e+02 +5.154000258e+02 -3.5313e+00 -6.9784e-01 -2.6343e+00 +4.2137e-01 -2.4527e+00
4479 +1.150353842e-05 +1.150353842e-05 +5.154000115e+02 +5.154000115e+02 -3.4607e+00 -6.8282e-01 -2.5367e+00 +4.0153e-01 -2.3960e+00
4570 +6.322455192e-06 +6.322455192e-06 +5.154000063e+02 +5.154000063e+02 -3.5327e+00 -7.2535e-01 -2.6341e+00 +4.0644e-01 -2.4234e+00
4600 +5.474796353e-06 +5.474796353e-06 +5.154000055e+02 +5.154000055e+02 -3.4984e+00 -7.1915e-01 -2.5990e+00 +3.9082e-01 -2.4035e+00
4654 +1.251045887e-06 +1.251045887e-06 +5.154000013e+02 +5.154000013e+02 -3.5009e+00 -7.4825e-01 -2.6113e+00 +4.1860e-01 -2.4237e+00
4707 +3.188110895e-07 +3.188110895e-07 +5.154000003e+02 +5.154000003e+02 -3.4798e+00 -7.3012e-01 -2.5914e+00 +4.2725e-01 -2.3950e+00
4723 +2.201664984e-07 +2.201664984e-07 +5.154000002e+02 +5.154000002e+02 -3.5041e+00 -7.3350e-01 -2.6092e+00 +4.1736e-01 -2.4178e+00
4748 +1.204784894e-08 +1.204784894e-08 +5.154000000e+02 +5.154000000e+02 -3.4784e+00 -7.3088e-01 -2.5928e+00 +4.1568e-01 -2.3905e+00
4844 +5.516085366e-09 +5.516085366e-09 +5.154000000e+02 +5.154000000e+02 -3.4850e+00 -7.3640e-01 -2.6012e+00 +4.2028e-01 -2.3997e+00
4854 +2.878778105e-09 +2.878778105e-09 +5.154000000e+02 +5.154000000e+02 -3.4718e+00 -7.2487e-01 -2.5893e+00 +4.1112e-01 -2.3933e+00
