% function evaluation | noise-free fitness - Fopt (4.078000000000e+01) | best noise-free fitness - Fopt | measured fitness | best measured fitness | x1 | x2...
1 +1.006171710e+01 +1.006171710e+01 +5.084171710e+01 +5.084171710e+01 +2.4985e+00 +4.4086e-01 -7.8426e-01
5 +9.208949655e+00 +9.208949655e+00 +4.998894966e+01 +4.998894966e+01 +5.6244e-01 +2.5190e+00 -2.3530e+00
14 +5.364808430e+00 +5.364808430e+00 +4.614480843e+01 +4.614480843e+01 +3.6839e+00 +8.7028e-01 -8.5674e-01
30 +3.503080657e+00 +3.503080657e+00 +4.428308066e+01 +4.428308066e+01 +1.9830e+00 -7.8777e-01 +1.2962e+00
42 +2.132568267e+00 +2.132568267e+00 +4.291256827e+01 +4.291256827e+01 +2.4674e+00 -1.1444e+00 +9.8587e-01
2436 +1.395571882e+00 +1.395571882e+00 +4.217557188e+01 +4.217557188e+01 -1.8599e+00 -2.0918e+00 +4.3899e+00
2472 +1.292387437e-01 +1.292387437e-01 +4.090923874e+01 +4.090923874e+01 -2.9423e+00 -1.6419e+00 +3.9492e+00
2538 +1.043617192e-02 +1.043617192e-02 +4.079043617e+01 +4.079043617e+01 -2.8300e+00 -1.7358e+00 +3.9039e+00
2734 +1.552723994e-03 +1.552723994e-03 +4.078155272e+01 +4.078155272e+01 -2.7723e+00 -1.8872e+00 +3.9717e+00
2755 +8.963460471e-04 +8.963460471e-04 +4.078089635e+01 +4.078089635e+01 -2.6802e+00 -1.7532e+00 +3.8630e+00
2772 +3.479726246e-04 +3.479726246e-04 +4.078034797e+01 +4.078034797e+01 -2.6678e+00 -1.8679e+00 +3.9669e+00
2784 +6.598941837e-06 +6.598941837e-06 +4.078000660e+01 +4.078000660e+01 -2.4427e+00 -1.7717e+00 +3.8827e+00
2889 +3.986874340e-06 +3.986874340e-06 +4.078000399e+01 +4.078000399e+01 -2.5195e+00 -1.7961e+00 +3.9246e+00
2892 +1.615727975e-06 +1.615727975e-06 +4.078000162e+01 +4.078000162e+01 -2.4991e+00 -1.7890e+00 +3.9104e+00
2966 +1.043992064e-06 +1.043992064e-06 +4.078000104e+01 +4.078000104e+01 -2.5578e+00 -1.7924e+00 +3.9111e+00
2973 +6.485600821e-07 +6.485600821e-07 +4.078000065e+01 +4.078000065e+01 -2.5346e+00 -1.7816e+00 +3.8978e+00
2978 +3.992906485e-07 +3.992906485e-07 +4.078000040e+01 +4.078000040e+01 -2.5142e+00 -1.7990e+00 +3.9097e+00
2996 +5.132977066e-08 +5.132977066e-08 +4.078000005e+01 +4.078000005e+01 -2.5318e+00 -1.7947e+00 +3.8968e+00
3007 +1.086988277e-09 +1.086988277e-09 +4.078000000e+01 +4.078000000e+01 -2.5101e+00 -1.7887e+00 +3.8919e+00
% function evaluation | noise-free fitness - Fopt (4.078000000000e+01) | best noise-free fitness - Fopt | measured fitness | best measured fitness | x1 | x2...
1 +8.606708080e+00 +8.606708080e+00 +4.938670808e+01 +4.938670808e+01 +6.0656e-01 -1.2117e+00 -6.2625e-01
14 +1.819710833e+00 +1.819710833e+00 +4.259971083e+01 +4.259971083e+01 +2.0416e+00 -1.8355e-01 +9.9091e-01
112 +9.069360866e-01 +9.069360866e-01 +4.168693609e+01 +4.168693609e+01 -9.1448e-01 -1.2730e+00 +3.1591e+00
160 +6.086292500e-01 +6.086292500e-01 +4.138862925e+01 +4.138862925e+01 -1.0317e+00 -1.5287e+00 +3.6123e+00
174 +3.809651179e-01 +3.809651179e-01 +4.116096512e+01 +4.116096512e+01 -1.5375e+00 -1.7746e+00 +3.9233e+00
199 +1.295336319e-01 +1.295336319e-01 +4.090953363e+01 +4.090953363e+01 -1.5867e+00 -1.6218e+00 +3.7459e+00
202 +6.967484891e-02 +6.967484891e-02 +4.084967485e+01 +4.084967485e+01 -1.9037e+00 -1.8151e+00 +3.9402e+00
215 +4.703463332e-02 +4.703463332e-02 +4.082703463e+01 +4.082703463e+01 -2.2524e+00 -1.9512e+00 +4.0220e+00
219 +2.506555795e-02 +2.506555795e-02 +4.080506556e+01 +4.080506556e+01 -2.2212e+00 -1.6341e+00 +3.5229e+00
220 +7.285031697e-03 +7.285031697e-03 +4.078728503e+01 +4.078728503e+01 -2.7812e+00 -1.8795e+00 +4.1501e+00
229 +5.224612442e-04 +5.224612442e-04 +4.078052246e+01 +4.078052246e+01 -2.3746e+00 -1.7272e+00 +3.8734e+00
312 +1.066210905e-04 +1.066210905e-04 +4.078010662e+01 +4.078010662e+01 -2.3660e+00 -1.7649e+00 +3.8758e+00
318 +6.124752647e-05 +6.124752647e-05 +4.078006125e+01 +4.078006125e+01 -2.4841e+00 -1.7493e+00 +3.8818e+00
352 +2.537968418e-05 +2.537968418e-05 +4.078002538e+01 +4.078002538e+01 -2.4309e+00 -1.7626e+00 +3.8822e+00
353 +7.237181720e-06 +7.237181720e-06 +4.078000724e+01 +4.078000724e+01 -2.5856e+00 -1.7898e+00 +3.9149e+00
363 +1.028272251e-06 +1.028272251e-06 +4.078000103e+01 +4.078000103e+01 -2.5285e+00 -1.7921e+00 +3.8822e+00
377 +1.496918856e-07 +1.496918856e-07 +4.078000015e+01 +4.078000015e+01 -2.4836e+00 -1.7802e+00 +3.8788e+00
383 +5.510200651e-08 +5.510200651e-08 +4.078000006e+01 +4.078000006e+01 -2.5015e+00 -1.7831e+00 +3.8789e+00
425 +7.923880219e-09 +7.923880219e-09 +4.078000001e+01 +4.078000001e+01 -2.5128e+00 -1.7835e+00 +3.8912e+00
% function evaluation | noise-free fitness - Fopt (4.078000000000e+01) | best noise-free fitness - Fopt | measured fitness | best measured fitness | x1 | x2...
1 +2.944345096e+01 +2.944345096e+01 +7.022345096e+01 +7.022345096e+01 +2.0027e+00 +1.9453e+00 +2.0499e+00
5 +1.550281242e+01 +1.550281242e+01 +5.628281242e+01 +5.628281242e+01 +8.9176e-01 +4.5890e+00 +1.2493e+00
13 +3.051644338e+00 +3.051644338e+00 +4.383164434e+01 +4.383164434e+01 +1.7875e+00 +3.5652e+00 +3.0831e+00
17 +2.111890056e+00 +2.111890056e+00 +4.289189006e+01 +4.289189006e+01 +2.0355e+00 +3.4006e+00 +3.7910e+00
1093 +5.362144131e-01 +5.362144131e-01 +4.131621441e+01 +4.131621441e+01 -1.1406e+00 -1.6785e+00 +3.5908e+00
1278 +3.130456089e-01 +3.130456089e-01 +4.109304561e+01 +4.109304561e+01 -1.6954e+00 -1.7910e+00 +4.0303e+00
1279 +1.690352684e-01 +1.690352684e-01 +4.094903527e+01 +4.094903527e+01 -1.5069e+00 -1.4429e+00 +3.4962e+00
1296 +1.406887859e-01 +1.406887859e-01 +4.092068879e+01 +4.092068879e+01 -1.5101e+00 -1.4782e+00 +3.5027e+00
1315 +4.501375071e-02 +4.501375071e-02 +4.082501375e+01 +4.082501375e+01 -1.8651e+00 -1.7604e+00 +3.7397e+00
1327 +3.705764757e-03 +3.705764757e-03 +4.078370576e+01 +4.078370576e+01 -2.4203e+00 -1.7609e+00 +3.7179e+00
1441 +1.448822593e-03 +1.448822593e-03 +4.078144882e+01 +4.078144882e+01 -2.5642e+00 -1.7121e+00 +3.7647e+00
1444 +5.623500735e-04 +5.623500735e-04 +4.078056235e+01 +4.078056235e+01 -2.7314e+00 -1.8215e+00 +3.9135e+00
1466 +7.729089219e-05 +7.729089219e-05 +4.078007729e+01 +4.078007729e+01 -2.4805e+00 -1.7345e+00 +3.8371e+00
1513 +2.997033221e-06 +2.997033221e-06 +4.078000300e+01 +4.078000300e+01 -2.5174e+00 -1.7961e+00 +3.9232e+00
1547 +5.938059786e-07 +5.938059786e-07 +4.078000059e+01 +4.078000059e+01 -2.4715e+00 -1.7804e+00 +3.8854e+00
1562 +3.854365573e-07 +3.854365573e-07 +4.078000039e+01 +4.078000039e+01 -2.5466e+00 -1.7951e+00 +3.8952e+00
1571 +1.261682883e-07 +1.261682883e-07 +4.078000013e+01 +4.078000013e+01 -2.4905e+00 -1.7810e+00 +3.8767e+00
1595 +5.018204519e-08 +5.018204519e-08 +4.078000005e+01 +4.078000005e+01 -2.5214e+00 -1.7890e+00 +3.8866e+00
1611 +1.305907205e-08 +1.305907205e-08 +4.078000001e+01 +4.078000001e+01 -2.5037e+00 -1.7877e+00 +3.8874e+00
1624 +1.338221978e-09 +1.338221978e-09 +4.078000000e+01 +4.078000000e+01 -2.5059e+00 -1.7863e+00 +3.8915e+00
1626 +8.450342648e-10 +8.450342648e-10 +4.078000000e+01 +4.078000000e+01 -2.5137e+00 -1.7846e+00 +3.8903e+00
% function evaluation | noise-free fitness - Fopt (-1.600000000000e+00) | best noise-free fitness - Fopt | measured fitness | best measured fitness | x1 | x2...
1 +3.788379722e+01 +3.788379722e+01 +3.628379722e+01 +3.628379722e+01 -3.9356e+00 +3.8826e+00 +1.2743e+00
6 +2.093271292e+01 +2.093271292e+01 +1.933271292e+01 +1.933271292e+01 -1.4089e-01 +2.8335e+00 +3.6523e+00
7 +1.456724750e+01 +1.456724750e+01 +1.296724750e+01 +1.296724750e+01 -5.2532e+00 +5.7455e-01 +3.7456e+00
16 +6.270340139e+00 +6.270340139e+00 +4.670340139e+00 +4.670340139e+00 -4.4233e-01 +1.9811e-01 +1.6376e+00
18 +2.027937910e+00 +2.027937910e+00 +4.279379097e-01 +4.279379097e-01 -2.4180e-01 -1.6036e-01 +2.4589e+00
1026 +2.636047873e-01 +2.636047873e-01 -1.336395213e+00 -1.336395213e+00 +1.7416e+00 -1.3344e+00 +5.7568e-01
12677 +3.940282234e-02 +3.940282234e-02 -1.560597178e+00 -1.560597178e+00 +1.1363e+00 -1.8208e+00 +1.7562e-01
12708 +1.326755322e-02 +1.326755322e-02 -1.586732447e+00 -1.586732447e+00 +1.4064e+00 -1.7228e+00 +5.6470e-01
13192 +8.822884061e-03 +8.822884061e-03 -1.591177116e+00 -1.591177116e+00 +1.3058e+00 -1.6271e+00 +4.6976e-01
13312 +2.458858599e-03 +2.458858599e-03 -1.597541141e+00 -1.597541141e+00 +1.1410e+00 -2.1121e+00 +5.6310e-01
13394 +2.758939217e-05 +2.758939217e-05 -1.599972411e+00 -1.599972411e+00 +1.0601e+00 -2.1136e+00 +5.9551e-01
13712 +1.966620738e-05 +1.966620738e-05 -1.599980334e+00 -1.599980334e+00 +1.1855e+00 -1.9407e+00 +5.3583e-01
13818 +6.169454220e-06 +6.169454220e-06 -1.599993831e+00 -1.599993831e+00 +1.1023e+00 -2.0239e+00 +5.7229e-01
13870 +1.423572684e-06 +1.423572684e-06 -1.599998576e+00 -1.599998576e+00 +1.1256e+00 -1.9997e+00 +5.7590e-01
13958 +2.946727236e-07 +2.946727236e-07 -1.599999705e+00 -1.599999705e+00 +1.1301e+00 -2.0100e+00 +5.5305e-01
13976 +1.580828948e-07 +1.580828948e-07 -1.599999842e+00 -1.599999842e+00 +1.1102e+00 -2.0405e+00 +5.7955e-01
14061 +9.701331893e-08 +9.701331893e-08 -1.599999903e+00 -1.599999903e+00 +1.1422e+00 -1.9870e+00 +5.6278e-01
14110 +1.210206757e-08 +1.210206757e-08 -1.599999988e+00 -1.599999988e+00 +1.1212e+00 -2.0259e+00 +5.8101e-01
14149 +1.480540135e-09 +1.480540135e-09 -1.599999999e+00 -1.599999999e+00 +1.1250e+00 -2.0140e+00 +5.7003e-01
14163 +8.558775910e-11 +8.558775910e-11 -1.600000000e+00 -1.600000000e+00 +1.1271e+00 -2.0128e+00 +5.7141e-01
14246 +2.031930180e-12 +2.031930180e-12 -1.600000000e+00 -1.600000000e+00 +1.1284e+00 -2.0118e+00 +5.7068e-01
% function evaluation | noise-free fitness - Fopt (-1.600000000000e+00) | best noise-free fitness - Fopt | measured fitness | best measured fitness | x1 | x2...
1 +8.538252281e+00 +8.538252281e+00 +6.938252281e+00 +6.938252281e+00 +3.3744e+00 +9.8736e-01 -2.5946e+00
4 +1.650840446e+00 +1.650840446e+00 +5.084044569e-02 +5.084044569e-02 +1.6064e+00 -7.4000e-01 +1.8050e-01
31 +9.020047617e-02 +9.020047617e-02 -1.509799524e+00 -1.509799524e+00 +9.2026e-01 -2.1681e+00 +9.0126e-01
75 +1.713913211e-02 +1.713913211e-02 -1.582860868e+00 -1.582860868e+00 +1.2788e+00 -1.5971e+00 +4.3864e-01
79 +1.201730867e-02 +1.201730867e-02 -1.587982691e+00 -1.587982691e+00 +9.9602e-01 -2.0233e+00 +4.1398e-01
110 +8.795211594e-04 +8.795211594e-04 -1.599120479e+00 -1.599120479e+00 +1.1573e+00 -2.0295e+00 +7.0656e-01
118 +1.111060224e-04 +1.111060224e-04 -1.599888894e+00 -1.599888894e+00 +1.0729e+00 -2.1398e+00 +6.6010e-01
143 +8.694660369e-05 +8.694660369e-05 -1.599913053e+00 -1.599913053e+00 +1.2031e+00 -1.9335e+00 +5.8640e-01
167 +2.803058394e-05 +2.803058394e-05 -1.599971969e+00 -1.599971969e+00 +1.0653e+00 -2.1211e+00 +6.2242e-01
174 +6.960977839e-06 +6.960977839e-06 -1.599993039e+00 -1.599993039e+00 +1.0774e+00 -2.0830e+00 +5.9040e-01
175 +6.288635995e-06 +6.288635995e-06 -1.599993711e+00 -1.599993711e+00 +1.1501e+00 -2.0104e+00 +5.8030e-01
176 +6.192375932e-07 +6.192375932e-07 -1.599999381e+00 -1.599999381e+00 +1.1227e+00 -2.0384e+00 +5.8276e-01
191 +1.429990641e-07 +1.429990641e-07 -1.599999857e+00 -1.599999857e+00 +1.1322e+00 -1.9950e+00 +5.6069e-01
199 +1.161463792e-08 +1.161463792e-08 -1.599999988e+00 -1.599999988e+00 +1.1350e+00 -2.0082e+00 +5.7221e-01
262 +6.780154216e-11 +6.780154216e-11 -1.600000000e+00 -1.600000000e+00 +1.1298e+00 -2.0104e+00 +5.7208e-01
268 +4.232170170e-11 +4.232170170e-11 -1.600000000e+00 -1.600000000e+00 +1.1308e+00 -2.0096e+00 +5.7071e-01
% function evaluation | noise-free fitness - Fopt (-1.600000000000e+00) | best noise-free fitness - Fopt | measured fitness | best measured fitness | x1 | x2...
1 +4.570325227e+01 +4.570325227e+01 +4.410325227e+01 +4.410325227e+01 +3.8688e-01 -1.5687e+00 -3.0731e+00
6 +2.754294413e+01 +2.754294413e+01 +2.594294413e+01 +2.594294413e+01 +6.9594e-01 -3.8456e+00 -3.4210e+00
8 +2.307994462e+01 +2.307994462e+01 +2.147994462e+01 +2.147994462e+01 -2.4122e+00 -1.7349e+00 -5.1648e+00
24 +5.520454494e+00 +5.520454494e+00 +3.920454494e+00 +3.920454494e+00 +3.8579e+00 +3.1696e-01 -2.6881e+00
922 +2.235233701e+00 +2.235233701e+00 +6.352337009e-01 +6.352337009e-01 -1.8894e+00 -2.1154e+00 +2.2851e+00
2242 +1.469104940e+00 +1.469104940e+00 -1.308950603e-01 -1.308950603e-01 +6.5654e-01 +1.2611e+00 +2.3761e+00
6810 +1.963224724e-01 +1.963224724e-01 -1.403677528e+00 -1.403677528e+00 +8.7651e-01 -2.7576e+00 +1.1261e+00
6932 +3.709300880e-03 +3.709300880e-03 -1.596290699e+00 -1.596290699e+00 +1.0400e+00 -1.9998e+00 +5.9355e-01
7324 +3.558105004e-04 +3.558105004e-04 -1.599644189e+00 -1.599644189e+00 +1.1209e+00 -1.9687e+00 +6.1724e-01
7404 +2.086569815e-04 +2.086569815e-04 -1.599791343e+00 -1.599791343e+00 +1.1809e+00 -1.9293e+00 +4.6234e-01
7455 +1.253670508e-04 +1.253670508e-04 -1.599874633e+00 -1.599874633e+00 +1.0712e+00 -2.1124e+00 +6.7187e-01
7473 +3.243829878e-05 +3.243829878e-05 -1.599967562e+00 -1.599967562e+00 +1.0774e+00 -2.0694e+00 +5.4466e-01
7499 +1.981095601e-06 +1.981095601e-06 -1.599998019e+00 -1.599998019e+00 +1.1433e+00 -1.9925e+00 +5.9145e-01
7533 +5.795947493e-07 +5.795947493e-07 -1.599999420e+00 -1.599999420e+00 +1.1165e+00 -2.0392e+00 +5.6915e-01
7597 +2.514595199e-09 +2.514595199e-09 -1.599999997e+00 -1.599999997e+00 +1.1328e+00 -2.0037e+00 +5.6931e-01
7602 +4.375317886e-10 +4.375317886e-10 -1.600000000e+00 -1.600000000e+00 +1.1324e+00 -2.0081e+00 +5.6908e-01
% function evaluation | noise-free fitness - Fopt (-3.708400000000e+02) | best noise-free fitness - Fopt | measured fitness | best measured fitness | x1 | x2...
1 +1.523976964e+01 +1.523976964e+01 -3.556002304e+02 -3.556002304e+02 -3.2166e+00 +1.5558e+00 -2.9110e+00
7 +8.181421821e+00 +8.181421821e+00 -3.626585782e+02 -3.626585782e+02 -3.6000e+00 +1.3429e+00 -4.1355e+00
20 +2.001442207e+00 +2.001442207e+00 -3.688385578e+02 -3.688385578e+02 -4.7648e+00 +1.7477e+00 -4.6042e+00
974 +1.627142261e-01 +1.627142261e-01 -3.706772858e+02 -3.706772858e+02 +2.3723e+00 -7.1478e-01 -1.8308e+00
1079 +1.302621757e-01 +1.302621757e-01 -3.707097378e+02 -3.707097378e+02 +3.6473e+00 -7.7314e-01 -1.4094e+00
1085 +5.022384190e-02 +5.022384190e-02 -3.707897762e+02 -3.707897762e+02 +2.5810e+00 -8.2097e-01 -2.1086e+00
1094 +7.067977589e-03 +7.067977589e-03 -3.708329320e+02 -3.708329320e+02 +2.9423e+00 -7.0559e-01 -1.7991e+00
1106 +5.356728451e-05 +5.356728451e-05 -3.708399464e+02 -3.708399464e+02 +3.0285e+00 -7.8018e-01 -1.6099e+00
1208 +6.617704742e-06 +6.617704742e-06 -3.708399934e+02 -3.708399934e+02 +3.1150e+00 -8.0024e-01 -1.6275e+00
1257 +1.159743874e-07 +1.159743874e-07 -3.708399999e+02 -3.708399999e+02 +3.0955e+00 -8.0191e-01 -1.6026e+00
1301 +8.181655176e-08 +8.181655176e-08 -3.708399999e+02 -3.708399999e+02 +3.1106e+00 -8.0407e-01 -1.6024e+00
1314 +1.460199428e-08 +1.460199428e-08 -3.708400000e+02 -3.708400000e+02 +3.1280e+00 -8.1076e-01 -1.5747e+00
1338 +9.456471162e-10 +9.456471162e-10 -3.708400000e+02 -3.708400000e+02 +3.1157e+00 -8.0696e-01 -1.5889e+00
% function evaluation | noise-free fitness - Fopt (-3.708400000000e+02) | best noise-free fitness - Fopt | measured fitness | best measured fitness | x1 | x2...
1 +4.833493526e+01 +4.833493526e+01 -3.225050647e+02 -3.225050647e+02 +1.4876e+00 +4.0006e-01 +1.6632e+00
3 +2.257536240e+01 +2.257536240e+01 -3.482646376e+02 -3.482646376e+02 +4.9602e-01 +3.0957e+00 +4.6001e-01
5 +8.834359064e+00 +8.834359064e+00 -3.620056409e+02 -3.620056409e+02 -1.2236e+00 +9.8750e-01 +1.7181e-01
56 +6.286371093e+00 +6.286371093e+00 -3.645536289e+02 -3.645536289e+02 +8.4139e-01 -2.3106e+00 +2.2356e+00
72 +3.928502271e+00 +3.928502271e+00 -3.669114977e+02 -3.669114977e+02 +9.7222e-01 -2.2785e+00 +2.7390e+00
882 +2.020597815e+00 +2.020597815e+00 -3.688194022e+02 -3.688194022e+02 -1.4568e+00 +1.7594e+00 +9.4461e-01
994 +1.108627548e+00 +1.108627548e+00 -3.697313725e+02 -3.697313725e+02 -3.5978e+00 +2.0817e+00 +1.4337e+00
1110 +9.836477707e-01 +9.836477707e-01 -3.698563522e+02 -3.698563522e+02 -3.5787e+00 +2.2493e+00 +1.3998e+00
2561 +4.904753501e-01 +4.904753501e-01 -3.703495246e+02 -3.703495246e+02 +3.6970e+00 -7.1609e-01 -1.4905e+00
2589 +2.279382202e-01 +2.279382202e-01 -3.706120618e+02 -3.706120618e+02 +3.7882e+00 -1.0829e+00 -1.1692e+00
2595 +1.234077071e-01 +1.234077071e-01 -3.707165923e+02 -3.707165923e+02 +3.2881e+00 -6.4926e-01 -1.0393e+00
2655 +3.048885498e-02 +3.048885498e-02 -3.708095111e+02 -3.708095111e+02 +3.1097e+00 -6.9621e-01 -1.7698e+00
2666 +1.323663271e-02 +1.323663271e-02 -3.708267634e+02 -3.708267634e+02 +3.5393e+00 -8.6234e-01 -1.3389e+00
2692 +5.848503633e-03 +5.848503633e-03 -3.708341515e+02 -3.708341515e+02 +3.1087e+00 -8.9240e-01 -1.5167e+00
2772 +2.098655279e-04 +2.098655279e-04 -3.708397901e+02 -3.708397901e+02 +3.1230e+00 -8.1397e-01 -1.7045e+00
2827 +8.512676618e-05 +8.512676618e-05 -3.708399149e+02 -3.708399149e+02 +3.0270e+00 -7.8886e-01 -1.7175e+00
2866 +2.133708563e-06 +2.133708563e-06 -3.708399979e+02 -3.708399979e+02 +3.0771e+00 -8.0250e-01 -1.6467e+00
2937 +2.492157591e-08 +2.492157591e-08 -3.708400000e+02 -3.708400000e+02 +3.1088e+00 -8.0672e-01 -1.5832e+00
3025 +2.712795322e-09 +2.712795322e-09 -3.708400000e+02 -3.708400000e+02 +3.1140e+00 -8.0817e-01 -1.5976e+00
3044 +2.123954346e-09 +2.123954346e-09 -3.708400000e+02 -3.708400000e+02 +3.1194e+00 -8.0793e-01 -1.5821e+00
3051 +1.278976924e-10 +1.278976924e-10 -3.708400000e+02 -3.708400000e+02 +3.1140e+00 -8.0859e-01 -1.5878e+00
% function evaluation | noise-free fitness - Fopt (-3.708400000000e+02) | best noise-free fitness - Fopt | measured fitness | best measured fitness | x1 | x2...
1 +1.702835208e+01 +1.702835208e+01 -3.538116479e+02 -3.538116479e+02 -9.9685e-01 -1.2041e+00 +3.6323e+00
2 +1.468408831e+01 +1.468408831e+01 -3.561559117e+02 -3.561559117e+02 +2.8577e-01 +3.2993e-01 +4.1503e+00
7 +8.177791930e+00 +8.177791930e+00 -3.626622081e+02 -3.626622081e+02 -1.0136e+00 +8.6428e-01 +9.9259e-01
12 +3.364487579e+00 +3.364487579e+00 -3.674755124e+02 -3.674755124e+02 -8.8262e-01 +3.3331e+00 +7.1674e-01
110 +2.406170533e+00 +2.406170533e+00 -3.684338295e+02 -3.684338295e+02 -3.0658e+00 +4.9575e+00 -1.5664e+00
1284 +1.579944681e+00 +1.579944681e+00 -3.692600553e+02 -3.692600553e+02 -2.6329e+00 +2.1082e+00 +2.4176e+00
1664 +9.801518614e-01 +9.801518614e-01 -3.698598481e+02 -3.698598481e+02 -3.1832e+00 +2.2161e+00 +1.8058e+00
7037 +3.371352414e-01 +3.371352414e-01 -3.705028648e+02 -3.705028648e+02 +2.2190e+00 -7.4617e-01 -2.0795e+00
7199 +1.868399649e-02 +1.868399649e-02 -3.708213160e+02 -3.708213160e+02 +2.8540e+00 -6.5589e-01 -1.7440e+00
7454 +1.481673312e-02 +1.481673312e-02 -3.708251833e+02 -3.708251833e+02 +3.0523e+00 -9.1547e-01 -1.8515e+00
7456 +3.737767708e-03 +3.737767708e-03 -3.708362622e+02 -3.708362622e+02 +2.9133e+00 -7.0827e-01 -1.6374e+00
7560 +1.453263698e-03 +1.453263698e-03 -3.708385467e+02 -3.708385467e+02 +3.0750e+00 -8.2456e-01 -1.8245e+00
7566 +9.871283686e-04 +9.871283686e-04 -3.708390129e+02 -3.708390129e+02 +3.1314e+00 -7.7277e-01 -1.6911e+00
7571 +1.745077706e-04 +1.745077706e-04 -3.708398255e+02 -3.708398255e+02 +3.0905e+00 -8.3736e-01 -1.7024e+00
7620 +1.415224051e-05 +1.415224051e-05 -3.708399858e+02 -3.708399858e+02 +3.0958e+00 -7.9272e-01 -1.5488e+00
7630 +6.486905647e-06 +6.486905647e-06 -3.708399935e+02 -3.708399935e+02 +3.0652e+00 -8.0108e-01 -1.6611e+00
7689 +1.324176935e-06 +1.324176935e-06 -3.708399987e+02 -3.708399987e+02 +3.1078e+00 -8.1919e-01 -1.6092e+00
7770 +6.814863127e-07 +6.814863127e-07 -3.708399993e+02 -3.708399993e+02 +3.0926e+00 -8.1048e-01 -1.6309e+00
7795 +1.358293957e-07 +1.358293957e-07 -3.708399999e+02 -3.708399999e+02 +3.0941e+00 -8.0332e-01 -1.5962e+00
7849 +1.140250561e-08 +1.140250561e-08 -3.708400000e+02 -3.708400000e+02 +3.1213e+00 -8.0912e-01 -1.5766e+00
7850 +6.722586932e-09 +6.722586932e-09 -3.708400000e+02 -3.708400000e+02 +3.1155e+00 -8.0666e-01 -1.5819e+00
7900 +3.739728527e-10 +3.739728527e-10 -3.708400000e+02 -3.708400000e+02 +3.1199e+00 -8.0902e-01 -1.5848e+00
% function evaluation | noise-free fitness - Fopt (-3.256000000000e+01) | best noise-free fitness - Fopt | measured fitness | best measured fitness | x1 | x2...
1 +2.554578798e+01 +2.554578798e+01 -7.014212016e+00 -7.014212016e+00 -2.4622e-01 -3.4638e+00 -3.3337e+00
2 +1.385038774e+01 +1.385038774e+01 -1.870961226e+01 -1.870961226e+01 +1.8962e+00 -2.8519e+00 -2.8137e+00
9 +3.841159391e+00 +3.841159391e+00 -2.871884061e+01 -2.871884061e+01 +1.3909e+00 -3.1768e+00 -1.0178e+00
18 +4.878903316e-01 +4.878903316e-01 -3.207210967e+01 -3.207210967e+01 +6.6278e-01 -2.4017e+00 -1.3107e+00
94 +2.159949856e-03 +2.159949856e-03 -3.255784005e+01 -3.255784005e+01 +9.5926e-01 -3.1610e+00 -1.4208e+00
145 +7.981667432e-04 +7.981667432e-04 -3.255920183e+01 -3.255920183e+01 +9.3204e-01 -3.1637e+00 -1.5119e+00
150 +3.561574326e-04 +3.561574326e-04 -3.255964384e+01 -3.255964384e+01 +9.4399e-01 -3.1123e+00 -1.4972e+00
162 +4.050246591e-05 +4.050246591e-05 -3.255995950e+01 -3.255995950e+01 +9.9162e-01 -3.1643e+00 -1.5310e+00
196 +2.342349869e-05 +2.342349869e-05 -3.255997658e+01 -3.255997658e+01 +1.0484e+00 -3.2952e+00 -1.5400e+00
203 +1.096080382e-07 +1.096080382e-07 -3.255999989e+01 -3.255999989e+01 +1.0379e+00 -3.2294e+00 -1.5745e+00
249 +5.205108522e-08 +5.205108522e-08 -3.255999995e+01 -3.255999995e+01 +1.0446e+00 -3.2412e+00 -1.5620e+00
258 +3.143924232e-09 +3.143924232e-09 -3.256000000e+01 -3.256000000e+01 +1.0455e+00 -3.2506e+00 -1.5628e+00
% function evaluation | noise-free fitness - Fopt (-3.256000000000e+01) | best noise-free fitness - Fopt | measured fitness | best measured fitness | x1 | x2...
1 +1.709714724e+01 +1.709714724e+01 -1.546285276e+01 -1.546285276e+01 -1.4565e+00 -1.2496e+00 -3.2682e+00
2 +5.464815842e+00 +5.464815842e+00 -2.709518416e+01 -2.709518416e+01 -5.1671e-01 -4.1257e+00 -2.5549e+00
14 +4.954331845e-01 +4.954331845e-01 -3.206456682e+01 -3.206456682e+01 +8.4442e-01 -3.5076e+00 -1.2580e+00
83 +1.469528605e-01 +1.469528605e-01 -3.241304714e+01 -3.241304714e+01 +1.1074e+00 -2.9367e+00 -1.8922e+00
102 +8.183500250e-02 +8.183500250e-02 -3.247816500e+01 -3.247816500e+01 +6.5190e-01 -2.7258e+00 -1.7993e+00
114 +1.116881176e-02 +1.116881176e-02 -3.254883119e+01 -3.254883119e+01 +1.2156e+00 -3.3135e+00 -1.6990e+00
127 +9.750063912e-04 +9.750063912e-04 -3.255902499e+01 -3.255902499e+01 +1.0139e+00 -3.3052e+00 -1.5835e+00
130 +1.485465169e-04 +1.485465169e-04 -3.255985145e+01 -3.255985145e+01 +1.0918e+00 -3.3673e+00 -1.5026e+00
205 +2.632701432e-05 +2.632701432e-05 -3.255997367e+01 -3.255997367e+01 +1.0411e+00 -3.2276e+00 -1.6208e+00
208 +7.234024203e-06 +7.234024203e-06 -3.255999277e+01 -3.255999277e+01 +1.0375e+00 -3.2029e+00 -1.5883e+00
223 +2.908120855e-06 +2.908120855e-06 -3.255999709e+01 -3.255999709e+01 +1.0798e+00 -3.2765e+00 -1.5822e+00
224 +1.382544085e-06 +1.382544085e-06 -3.255999862e+01 -3.255999862e+01 +1.0528e+00 -3.2445e+00 -1.5919e+00
235 +2.357891660e-07 +2.357891660e-07 -3.255999976e+01 -3.255999976e+01 +1.0393e+00 -3.2465e+00 -1.5526e+00
237 +8.303488386e-08 +8.303488386e-08 -3.255999992e+01 -3.255999992e+01 +1.0517e+00 -3.2679e+00 -1.5628e+00
238 +4.612559223e-08 +4.612559223e-08 -3.255999995e+01 -3.255999995e+01 +1.0457e+00 -3.2460e+00 -1.5777e+00
254 +4.706990353e-10 +4.706990353e-10 -3.256000000e+01 -3.256000000e+01 +1.0481e+00 -3.2490e+00 -1.5684e+00
% function evaluation | noise-free fitness - Fopt (-3.256000000000e+01) | best noise-free fitness - Fopt | measured fitness | best measured fitness | x1 | x2...
1 +1.164708968e+01 +1.164708968e+01 -2.091291032e+01 -2.091291032e+01 +3.2727e+00 +5.8692e-01 +3.4335e+00
23 +8.392246077e+00 +8.392246077e+00 -2.416775392e+01 -2.416775392e+01 -1.1909e+00 +3.5912e+00 -3.7537e-01
87 +5.874194547e+00 +5.874194547e+00 -2.668580545e+01 -2.668580545e+01 +4.6154e-01 -2.3489e+00 -5.5031e-01
164 +3.463061439e+00 +3.463061439e+00 -2.909693856e+01 -2.909693856e+01 -4.0701e+00 +8.0414e-01 -2.1706e+00
277 +2.482584267e+00 +2.482584267e+00 -3.007741573e+01 -3.007741573e+01 -4.2030e+00 +1.2304e+00 -2.0721e+00
1078 +4.662146366e-01 +4.662146366e-01 -3.209378536e+01 -3.209378536e+01 +1.0922e+00 -3.1396e+00 -1.1173e+00
1131 +1.189703525e-01 +1.189703525e-01 -3.244102965e+01 -3.244102965e+01 +7.6987e-01 -2.8626e+00 -1.1975e+00
1165 +2.911041636e-02 +2.911041636e-02 -3.253088958e+01 -3.253088958e+01 +7.6740e-01 -2.6879e+00 -1.5339e+00
1193 +1.363687371e-02 +1.363687371e-02 -3.254636313e+01 -3.254636313e+01 +1.2074e+00 -3.3578e+00 -1.7928e+00
1222 +6.309357670e-03 +6.309357670e-03 -3.255369064e+01 -3.255369064e+01 +1.0676e+00 -3.2149e+00 -1.7855e+00
1239 +7.566751370e-05 +7.566751370e-05 -3.255992433e+01 -3.255992433e+01 +1.0424e+00 -3.2191e+00 -1.6371e+00
1349 +3.716065133e-05 +3.716065133e-05 -3.255996284e+01 -3.255996284e+01 +1.1303e+00 -3.3771e+00 -1.5633e+00
1372 +1.107503021e-05 +1.107503021e-05 -3.255998892e+01 -3.255998892e+01 +1.0448e+00 -3.2093e+00 -1.5902e+00
1385 +1.645535775e-06 +1.645535775e-06 -3.255999835e+01 -3.255999835e+01 +1.0392e+00 -3.2514e+00 -1.5412e+00
1389 +3.585545514e-07 +3.585545514e-07 -3.255999964e+01 -3.255999964e+01 +1.0442e+00 -3.2618e+00 -1.5586e+00
1411 +2.407404480e-07 +2.407404480e-07 -3.255999976e+01 -3.255999976e+01 +1.0709e+00 -3.2825e+00 -1.5622e+00
1426 +8.902816262e-08 +8.902816262e-08 -3.255999991e+01 -3.255999991e+01 +1.0506e+00 -3.2639e+00 -1.5556e+00
1456 +4.955418120e-08 +4.955418120e-08 -3.255999995e+01 -3.255999995e+01 +1.0368e+00 -3.2387e+00 -1.5706e+00
1457 +1.510559144e-08 +1.510559144e-08 -3.255999998e+01 -3.255999998e+01 +1.0594e+00 -3.2694e+00 -1.5715e+00
1476 +2.677133182e-09 +2.677133182e-09 -3.256000000e+01 -3.256000000e+01 +1.0513e+00 -3.2542e+00 -1.5729e+00
1481 +7.285905212e-11 +7.285905212e-11 -3.256000000e+01 -3.256000000e+01 +1.0500e+00 -3.2557e+00 -1.5684e+00
% function evaluation | noise-free fitness - Fopt (5.154000000000e+02) | best noise-free fitness - Fopt | measured fitness | best measured fitness | x1 | x2...
1 +3.761825118e+01 +3.761825118e+01 +5.530182512e+02 +5.530182512e+02 +2.1926e+00 -3.1794e+00 -1.4574e+00
5 +2.060599680e+01 +2.060599680e+01 +5.360059968e+02 +5.360059968e+02 +2.6029e+00 -3.4726e+00 +6.3640e-01
14 +1.026626736e+01 +1.026626736e+01 +5.256662674e+02 +5.256662674e+02 +2.5500e-02 -3.6795e+00 -3.5284e-01
22 +8.443733370e+00 +8.443733370e+00 +5.238437334e+02 +5.238437334e+02 -1.5550e+00 -2.0842e+00 -3.3516e-01
62 +3.526984134e-01 +3.526984134e-01 +5.157526984e+02 +5.157526984e+02 -4.1246e+00 -5.8309e-01 -2.6390e+00
106 +1.670820757e-01 +1.670820757e-01 +5.155670821e+02 +5.155670821e+02 -2.8334e+00 -2.3917e-02 -3.2146e+00
112 +1.057764348e-01 +1.057764348e-01 +5.155057764e+02 +5.155057764e+02 -2.8263e+00 -5.7454e-01 -2.6903e+00
120 +6.019146174e-02 +6.019146174e-02 +5.154601915e+02 +5.154601915e+02 -2.8983e+00 -6.1421e-01 -2.8253e+00
140 +1.152105845e-03 +1.152105845e-03 +5.154011521e+02 +5.154011521e+02 -3.2099e+00 -5.8584e-01 -2.7428e+00
181 +9.900574005e-04 +9.900574005e-04 +5.154009901e+02 +5.154009901e+02 -3.2279e+00 -6.0739e-01 -2.7332e+00
194 +5.954945651e-04 +5.954945651e-04 +5.154005955e+02 +5.154005955e+02 -3.3946e+00 -6.1127e-01 -2.7239e+00
202 +3.292855070e-05 +3.292855070e-05 +5.154000329e+02 +5.154000329e+02 -3.4142e+00 -6.6004e-01 -2.6654e+00
239 +2.285020958e-05 +2.285020958e-05 +5.154000229e+02 +5.154000229e+02 -3.4341e+00 -7.2764e-01 -2.5776e+00
248 +1.489529529e-05 +1.489529529e-05 +5.154000149e+02 +5.154000149e+02 -3.4213e+00 -6.8096e-01 -2.6152e+00
255 +6.890595046e-06 +6.890595046e-06 +5.154000069e+02 +5.154000069e+02 -3.4418e+00 -6.7934e-01 -2.6408e+00
262 +4.270351724e-06 +4.270351724e-06 +5.154000043e+02 +5.154000043e+02 -3.4336e+00 -7.3258e-01 -2.5897e+00
264 +2.007350872e-06 +2.007350872e-06 +5.154000020e+02 +5.154000020e+02 -3.4464e+00 -6.9506e-01 -2.6094e+00
271 +4.793931794e-07 +4.793931794e-07 +5.154000005e+02 +5.154000005e+02 -3.4523e+00 -7.2528e-01 -2.6071e+00
302 +1.178309503e-07 +1.178309503e-07 +5.154000001e+02 +5.154000001e+02 -3.4554e+00 -7.3004e-01 -2.5931e+00
308 +4.692878974e-09 +4.692878974e-09 +5.154000000e+02 +5.154000000e+02 -3.4801e+00 -7.3731e-01 -2.5856e+00
% function evaluation | noise-free fitness - Fopt (5.154000000000e+02) | best noise-free fitness - Fopt | measured fitness | best measured fitness | x1 | x2...
1 +6.824988641e+01 +6.824988641e+01 +5.836498864e+02 +5.836498864e+02 -3.4008e+00 +3.8364e+00 -1.3876e+00
3 +6.219405312e+01 +6.219405312e+01 +5.775940531e+02 +5.775940531e+02 -3.1815e+00 +2.6962e+00 -1.3857e+00
4 +1.222712927e+01 +1.222712927e+01 +5.276271293e+02 +5.276271293e+02 -5.1544e+00 +1.0653e+00 -4.0940e+00
13 +5.569780567e+00 +5.569780567e+00 +5.209697806e+02 +5.209697806e+02 -4.8156e+00 +3.8584e-01 -3.7508e+00
50 +2.130667124e+00 +2.130667124e+00 +5.175306671e+02 +5.175306671e+02 -4.2415e+00 -2.3658e-01 -2.6011e+00
2173 +4.606208384e-01 +4.606208384e-01 +5.158606208e+02 +5.158606208e+02 -2.6734e+00 +1.4575e-01 -3.3306e+00
2315 +1.004100826e-01 +1.004100826e-01 +5.155004101e+02 +5.155004101e+02 -3.6768e+00 -9.4500e-01 -2.2139e+00
2338 +3.530839190e-03 +3.530839190e-03 +5.154035308e+02 +5.154035308e+02 -3.2710e+00 -4.8452e-01 -2.8144e+00
2361 +9.444426860e-04 +9.444426860e-04 +5.154009444e+02 +5.154009444e+02 -3.3988e+00 -5.4865e-01 -2.7319e+00
2458 +2.828257749e-04 +2.828257749e-04 +5.154002828e+02 +5.154002828e+02 -3.3757e+00 -7.1507e-01 -2.5752e+00
2598 +2.604221129e-05 +2.604221129e-05 +5.154000260e+02 +5.154000260e+02 -3.5080e+00 -7.9521e-01 -2.5329e+00
2628 +2.498403001e-05 +2.498403001e-05 +5.154000250e+02 +5.154000250e+02 -3.5021e+00 -7.9665e-01 -2.5391e+00
2648 +2.066115144e-06 +2.066115144e-06 +5.154000021e+02 +5.154000021e+02 -3.4474e+00 -7.3953e-01 -2.5984e+00
2713 +9.846764897e-07 +9.846764897e-07 +5.154000010e+02 +5.154000010e+02 -3.4612e+00 -7.4697e-01 -2.5809e+00
2716 +1.202727162e-08 +1.202727162e-08 +5.154000000e+02 +5.154000000e+02 -3.4583e+00 -7.1868e-01 -2.6017e+00
2796 +5.361357580e-09 +5.361357580e-09 +5.154000000e+02 +5.154000000e+02 -3.4809e+00 -7.3562e-01 -2.5857e+00
2808 +1.136527317e-09 +1.136527317e-09 +5.154000000e+02 +5.154000000e+02 -3.4797e+00 -7.3429e-01 -2.5882e+00
2820 +3.819877747e-11 +3.819877747e-11 +5.154000000e+02 +5.154000000e+02 -3.4714e+00 -7.2736e-01 -2.5937e+00
% function evaluation | noise-free fitness - Fopt (5.154000000000e+02) | best noise-free fitness - Fopt | measured fitness | best measured fitness | x1 | x2...
1 +2.535265301e+01 +2.535265301e+01 +5.407526530e+02 +5.407526530e+02 -1.7415e+00 +1.3917e+00 -3.3116e+00
3 +7.241752584e+00 +7.241752584e+00 +5.226417526e+02 +5.226417526e+02 -1.7283e+00 +1.3092e+00 +5.5752e-01
19 +5.596499495e+00 +5.596499495e+00 +5.209964995e+02 +5.209964995e+02 -2.6048e+00 +9.1769e-01 -3.6831e+00
34 +3.618988778e+00 +3.618988778e+00 +5.190189888e+02 +5.190189888e+02 -2.4973e+00 -3.9722e-01 -1.2645e+00
44 +2.020537726e+00 +2.020537726e+00 +5.174205377e+02 +5.174205377e+02 -2.5516e+00 -4.2228e-01 -3.3426e+00
45 +5.418109752e-02 +5.418109752e-02 +5.154541811e+02 +5.154541811e+02 -4.1529e+00 -1.0720e+00 -2.2636e+00
125 +2.882297982e-02 +2.882297982e-02 +5.154288230e+02 +5.154288230e+02 -2.8940e+00 -4.4840e-01 -2.8490e+00
129 +1.893956046e-02 +1.893956046e-02 +5.154189396e+02 +5.154189396e+02 -3.2485e+00 -6.2573e-01 -2.8318e+00
134 +1.175561107e-02 +1.175561107e-02 +5.154117556e+02 +5.154117556e+02 -3.1160e+00 -6.7935e-01 -2.7191e+00
136 +3.587217986e-03 +3.587217986e-03 +5.154035872e+02 +5.154035872e+02 -3.1922e+00 -5.3899e-01 -2.7092e+00
158 +1.848811863e-03 +1.848811863e-03 +5.154018488e+02 +5.154018488e+02 -3.2184e+00 -6.6016e-01 -2.7018e+00
169 +9.005395037e-04 +9.005395037e-04 +5.154009005e+02 +5.154009005e+02 -3.2427e+00 -5.9527e-01 -2.6915e+00
173 +5.650459153e-04 +5.650459153e-04 +5.154005650e+02 +5.154005650e+02 -3.3003e+00 -6.4852e-01 -2.7060e+00
180 +2.166472156e-04 +2.166472156e-04 +5.154002166e+02 +5.154002166e+02 -3.3185e+00 -6.5678e-01 -2.6430e+00
189 +7.754182707e-05 +7.754182707e-05 +5.154000775e+02 +5.154000775e+02 -3.4320e+00 -7.2487e-01 -2.6363e+00
202 +4.737460984e-05 +4.737460984e-05 +5.154000474e+02 +5.154000474e+02 -3.4681e+00 -7.9403e-01 -2.5448e+00
206 +1.009245523e-05 +1.009245523e-05 +5.154000101e+02 +5.154000101e+02 -3.4937e+00 -7.4588e-01 -2.5571e+00
211 +6.850268505e-06 +6.850268505e-06 +5.154000069e+02 +5.154000069e+02 -3.4105e+00 -7.1987e-01 -2.6117e+00
221 +1.839031256e-07 +1.839031256e-07 +5.154000002e+02 +5.154000002e+02 -3.4739e+00 -7.4063e-01 -2.5918e+00
241 +8.682900443e-08 +8.682900443e-08 +5.154000001e+02 +5.154000001e+02 -3.4532e+00 -7.2632e-01 -2.5961e+00
249 +4.683056432e-08 +4.683056432e-08 +5.154000000e+02 +5.154000000e+02 -3.4714e+00 -7.2419e-01 -2.5912e+00
270 +1.739408617e-11 +1.739408617e-11 +5.154000000e+02 +5.154000000e+02 -3.4702e+00 -7.2664e-01 -2.5953e+00
