% function evaluation | noise-free fitness - Fopt (-5.465000000000e+02) | best noise-free fitness - Fopt | measured fitness | best measured fitness | x1 | x2...
1 +1.572218725e+04 +1.572218725e+04 +1.517568725e+04 +1.517568725e+04 -5.0504e-01 -9.3414e-01
5 +5.185313821e+02 +5.185313821e+02 -2.796861790e+01 -2.796861790e+01 -2.3560e+00 +2.2830e-01
9 +5.045499223e+00 +5.045499223e+00 -5.414545008e+02 -5.414545008e+02 -1.2805e+00 +2.1903e+00
14 +2.848209208e+00 +2.848209208e+00 -5.436517908e+02 -5.436517908e+02 -6.6652e-01 +2.4370e+00
32 +2.374005736e+00 +2.374005736e+00 -5.441259943e+02 -5.441259943e+02 +3.6884e-01 +2.7279e+00
63 +1.341357047e+00 +1.341357047e+00 -5.451586430e+02 -5.451586430e+02 -9.5599e-01 +2.3669e+00
147 +3.157440181e-01 +3.157440181e-01 -5.461842560e+02 -5.461842560e+02 -2.1495e+00 +2.1263e+00
151 +7.986935464e-02 +7.986935464e-02 -5.464201306e+02 -5.464201306e+02 -2.1553e+00 +2.0843e+00
170 +1.866846565e-02 +1.866846565e-02 -5.464813315e+02 -5.464813315e+02 -2.1247e+00 +2.0940e+00
204 +1.471709933e-02 +1.471709933e-02 -5.464852829e+02 -5.464852829e+02 -2.0868e+00 +2.1144e+00
208 +8.053166573e-03 +8.053166573e-03 -5.464919468e+02 -5.464919468e+02 -2.0870e+00 +2.1092e+00
222 +4.484855487e-03 +4.484855487e-03 -5.464955151e+02 -5.464955151e+02 -2.1113e+00 +2.1069e+00
223 +3.292559948e-03 +3.292559948e-03 -5.464967074e+02 -5.464967074e+02 -2.1147e+00 +2.1042e+00
225 +8.384511792e-04 +8.384511792e-04 -5.464991615e+02 -5.464991615e+02 -2.1074e+00 +2.1058e+00
229 +3.183573353e-04 +3.183573353e-04 -5.464996816e+02 -5.464996816e+02 -2.1083e+00 +2.1038e+00
244 +2.438644035e-04 +2.438644035e-04 -5.464997561e+02 -5.464997561e+02 -2.1018e+00 +2.1057e+00
260 +1.579561466e-04 +1.579561466e-04 -5.464998420e+02 -5.464998420e+02 -2.1063e+00 +2.1051e+00
269 +6.016117334e-05 +6.016117334e-05 -5.464999398e+02 -5.464999398e+02 -2.1034e+00 +2.1054e+00
271 +2.606021019e-05 +2.606021019e-05 -5.464999739e+02 -5.464999739e+02 -2.1042e+00 +2.1053e+00
281 +6.609672482e-06 +6.609672482e-06 -5.464999934e+02 -5.464999934e+02 -2.1044e+00 +2.1050e+00
325 +3.569241471e-06 +3.569241471e-06 -5.464999964e+02 -5.464999964e+02 -2.1052e+00 +2.1048e+00
327 +2.326200729e-06 +2.326200729e-06 -5.464999977e+02 -5.464999977e+02 -2.1049e+00 +2.1047e+00
328 +1.035812033e-06 +1.035812033e-06 -5.464999990e+02 -5.464999990e+02 -2.1050e+00 +2.1048e+00
334 +8.415685215e-07 +8.415685215e-07 -5.464999992e+02 -5.464999992e+02 -2.1047e+00 +2.1048e+00
352 +3.715211960e-07 +3.715211960e-07 -5.464999996e+02 -5.464999996e+02 -2.1049e+00 +2.1048e+00
354 +1.791772775e-08 +1.791772775e-08 -5.465000000e+02 -5.465000000e+02 -2.1048e+00 +2.1048e+00
366 +5.534047887e-09 +5.534047887e-09 -5.465000000e+02 -5.465000000e+02 -2.1049e+00 +2.1048e+00
% function evaluation | noise-free fitness - Fopt (-5.465000000000e+02) | best noise-free fitness - Fopt | measured fitness | best measured fitness | x1 | x2...
1 +2.676822020e+04 +2.676822020e+04 +2.622172020e+04 +2.622172020e+04 -3.2480e+00 -2.2126e+00
3 +4.959224529e+02 +4.959224529e+02 -5.057754712e+01 -5.057754712e+01 -2.7405e+00 +1.4978e-01
8 +5.478696687e+00 +5.478696687e+00 -5.410213033e+02 -5.410213033e+02 -2.5105e+00 +1.2158e+00
16 +1.896248396e+00 +1.896248396e+00 -5.446037516e+02 -5.446037516e+02 -2.3424e+00 +9.0597e-01
98 +9.804638428e-01 +9.804638428e-01 -5.455195362e+02 -5.455195362e+02 -1.9853e+00 +2.1858e+00
105 +1.445591733e-01 +1.445591733e-01 -5.463554408e+02 -5.463554408e+02 -2.0305e+00 +2.1288e+00
138 +1.680964732e-02 +1.680964732e-02 -5.464831904e+02 -5.464831904e+02 -2.1204e+00 +2.1074e+00
266 +4.674832743e-03 +4.674832743e-03 -5.464953252e+02 -5.464953252e+02 -2.0917e+00 +2.1093e+00
311 +1.934392998e-04 +1.934392998e-04 -5.464998066e+02 -5.464998066e+02 -2.1023e+00 +2.1058e+00
338 +1.298460484e-04 +1.298460484e-04 -5.464998702e+02 -5.464998702e+02 -2.1026e+00 +2.1054e+00
359 +1.533373847e-05 +1.533373847e-05 -5.464999847e+02 -5.464999847e+02 -2.1056e+00 +2.1047e+00
416 +5.362739898e-06 +5.362739898e-06 -5.464999946e+02 -5.464999946e+02 -2.1051e+00 +2.1049e+00
421 +4.983979807e-07 +4.983979807e-07 -5.464999995e+02 -5.464999995e+02 -2.1048e+00 +2.1048e+00
447 +7.816004199e-08 +7.816004199e-08 -5.464999999e+02 -5.464999999e+02 -2.1049e+00 +2.1048e+00
471 +3.776710855e-08 +3.776710855e-08 -5.465000000e+02 -5.465000000e+02 -2.1048e+00 +2.1048e+00
487 +2.049432624e-08 +2.049432624e-08 -5.465000000e+02 -5.465000000e+02 -2.1049e+00 +2.1048e+00
514 +5.833499017e-09 +5.833499017e-09 -5.465000000e+02 -5.465000000e+02 -2.1049e+00 +2.1048e+00
% function evaluation | noise-free fitness - Fopt (-5.465000000000e+02) | best noise-free fitness - Fopt | measured fitness | best measured fitness | x1 | x2...
1 +1.964619814e+04 +1.964619814e+04 +1.909969814e+04 +1.909969814e+04 -8.6908e-01 -1.2586e+00
2 +9.802680857e+03 +9.802680857e+03 +9.256180857e+03 +9.256180857e+03 +2.3296e+00 +1.9268e-01
7 +4.919397826e+03 +4.919397826e+03 +4.372897826e+03 +4.372897826e+03 -1.0470e+00 -1.9557e-01
8 +1.188972672e+00 +1.188972672e+00 -5.453110273e+02 -5.453110273e+02 +1.5734e+00 +2.9785e+00
110 +5.620241896e-01 +5.620241896e-01 -5.459379758e+02 -5.459379758e+02 -1.9674e+00 +2.1600e+00
1671 +2.955785226e-01 +2.955785226e-01 -5.462044215e+02 -5.462044215e+02 -2.0406e+00 +2.0929e+00
8641 +9.943957788e-02 +9.943957788e-02 -5.464005604e+02 -5.464005604e+02 -2.1327e+00 +2.0800e+00
9035 +1.986751972e-02 +1.986751972e-02 -5.464801325e+02 -5.464801325e+02 -2.1318e+00 +2.1005e+00
9220 +1.397203901e-02 +1.397203901e-02 -5.464860280e+02 -5.464860280e+02 -2.1241e+00 +2.0958e+00
9285 +9.481915405e-03 +9.481915405e-03 -5.464905181e+02 -5.464905181e+02 -2.0857e+00 +2.1106e+00
9327 +3.892024225e-03 +3.892024225e-03 -5.464961080e+02 -5.464961080e+02 -2.1004e+00 +2.1023e+00
9414 +1.325604718e-03 +1.325604718e-03 -5.464986744e+02 -5.464986744e+02 -2.1077e+00 +2.1020e+00
9440 +5.168194991e-04 +5.168194991e-04 -5.464994832e+02 -5.464994832e+02 -2.1052e+00 +2.1062e+00
9483 +2.233728817e-04 +2.233728817e-04 -5.464997766e+02 -5.464997766e+02 -2.1076e+00 +2.1046e+00
9539 +1.020990098e-04 +1.020990098e-04 -5.464998979e+02 -5.464998979e+02 -2.1055e+00 +2.1053e+00
9556 +7.272827281e-05 +7.272827281e-05 -5.464999273e+02 -5.464999273e+02 -2.1039e+00 +2.1046e+00
9557 +3.229950198e-05 +3.229950198e-05 -5.464999677e+02 -5.464999677e+02 -2.1037e+00 +2.1052e+00
9568 +1.988327097e-05 +1.988327097e-05 -5.464999801e+02 -5.464999801e+02 -2.1048e+00 +2.1051e+00
9574 +1.424888603e-05 +1.424888603e-05 -5.464999858e+02 -5.464999858e+02 -2.1050e+00 +2.1050e+00
9603 +6.190274348e-06 +6.190274348e-06 -5.464999938e+02 -5.464999938e+02 -2.1044e+00 +2.1050e+00
9652 +8.526845932e-07 +8.526845932e-07 -5.464999991e+02 -5.464999991e+02 -2.1049e+00 +2.1048e+00
9711 +1.170486712e-07 +1.170486712e-07 -5.464999999e+02 -5.464999999e+02 -2.1048e+00 +2.1049e+00
9790 +9.016616787e-09 +9.016616787e-09 -5.465000000e+02 -5.465000000e+02 -2.1048e+00 +2.1048e+00
9808 +1.425974006e-09 +1.425974006e-09 -5.465000000e+02 -5.465000000e+02 -2.1048e+00 +2.1048e+00
9831 +8.512870409e-10 +8.512870409e-10 -5.465000000e+02 -5.465000000e+02 -2.1048e+00 +2.1048e+00
% function evaluation | noise-free fitness - Fopt (1.000000000000e+03) | best noise-free fitness - Fopt | measured fitness | best measured fitness | x1 | x2...
1 +1.835199289e+03 +1.835199289e+03 +2.835199289e+03 +2.835199289e+03 -1.7242e+00 +6.6631e-02
4 +6.104814044e+00 +6.104814044e+00 +1.006104814e+03 +1.006104814e+03 -1.4448e+00 +1.2371e+00
27 +3.155906524e+00 +3.155906524e+00 +1.003155907e+03 +1.003155907e+03 +1.6764e-01 +1.5776e+00
58 +1.629472645e+00 +1.629472645e+00 +1.001629473e+03 +1.001629473e+03 -9.5874e-01 +2.4343e+00
799 +1.344792654e+00 +1.344792654e+00 +1.001344793e+03 +1.001344793e+03 +1.4943e+00 +1.8855e+00
4785 +9.612682847e-01 +9.612682847e-01 +1.000961268e+03 +1.000961268e+03 +1.3898e+00 +2.9729e+00
4849 +6.145154537e-01 +6.145154537e-01 +1.000614515e+03 +1.000614515e+03 +1.4833e+00 +3.0003e+00
6905 +2.006010356e-01 +2.006010356e-01 +1.000200601e+03 +1.000200601e+03 -2.1403e+00 +2.0698e+00
6955 +4.708120492e-02 +4.708120492e-02 +1.000047081e+03 +1.000047081e+03 -2.0819e+00 +2.0990e+00
7143 +7.740859821e-03 +7.740859821e-03 +1.000007741e+03 +1.000007741e+03 -2.1221e+00 +2.1015e+00
7226 +7.972035780e-04 +7.972035780e-04 +1.000000797e+03 +1.000000797e+03 -2.1007e+00 +2.1047e+00
7329 +3.954674462e-04 +3.954674462e-04 +1.000000395e+03 +1.000000395e+03 -2.1080e+00 +2.1048e+00
7377 +1.603367811e-04 +1.603367811e-04 +1.000000160e+03 +1.000000160e+03 -2.1023e+00 +2.1054e+00
7380 +7.668701414e-06 +7.668701414e-06 +1.000000008e+03 +1.000000008e+03 -2.1053e+00 +2.1048e+00
7482 +9.610785128e-07 +9.610785128e-07 +1.000000001e+03 +1.000000001e+03 -2.1047e+00 +2.1049e+00
7563 +1.015463340e-07 +1.015463340e-07 +1.000000000e+03 +1.000000000e+03 -2.1048e+00 +2.1049e+00
7571 +7.346329767e-08 +7.346329767e-08 +1.000000000e+03 +1.000000000e+03 -2.1049e+00 +2.1048e+00
7605 +8.014012565e-09 +8.014012565e-09 +1.000000000e+03 +1.000000000e+03 -2.1048e+00 +2.1049e+00
% function evaluation | noise-free fitness - Fopt (1.000000000000e+03) | best noise-free fitness - Fopt | measured fitness | best measured fitness | x1 | x2...
1 +3.899141741e+02 +3.899141741e+02 +1.389914174e+03 +1.389914174e+03 -2.9471e-02 +3.0605e+00
2 +3.075777998e+00 +3.075777998e+00 +1.003075778e+03 +1.003075778e+03 +1.7651e+00 +2.7322e+00
44 +9.576905640e-01 +9.576905640e-01 +1.000957691e+03 +1.000957691e+03 -2.0048e+00 +2.1842e+00
84 +5.768457615e-01 +5.768457615e-01 +1.000576846e+03 +1.000576846e+03 -2.0675e+00 +2.0665e+00
144 +5.629153300e-02 +5.629153300e-02 +1.000056292e+03 +1.000056292e+03 -2.0595e+00 +2.1205e+00
225 +1.951733520e-02 +1.951733520e-02 +1.000019517e+03 +1.000019517e+03 -2.1209e+00 +2.0936e+00
262 +5.407948914e-03 +5.407948914e-03 +1.000005408e+03 +1.000005408e+03 -2.0986e+00 +2.1022e+00
281 +3.615460103e-03 +3.615460103e-03 +1.000003615e+03 +1.000003615e+03 -2.1056e+00 +2.1009e+00
311 +1.907275037e-03 +1.907275037e-03 +1.000001907e+03 +1.000001907e+03 -2.1129e+00 +2.1018e+00
317 +4.345592370e-04 +4.345592370e-04 +1.000000435e+03 +1.000000435e+03 -2.1062e+00 +2.1033e+00
336 +1.020092895e-06 +1.020092895e-06 +1.000000001e+03 +1.000000001e+03 -2.1050e+00 +2.1048e+00
415 +2.685545724e-07 +2.685545724e-07 +1.000000000e+03 +1.000000000e+03 -2.1048e+00 +2.1049e+00
435 +1.077623892e-07 +1.077623892e-07 +1.000000000e+03 +1.000000000e+03 -2.1048e+00 +2.1049e+00
436 +8.287008768e-08 +8.287008768e-08 +1.000000000e+03 +1.000000000e+03 -2.1049e+00 +2.1048e+00
446 +5.621302535e-08 +5.621302535e-08 +1.000000000e+03 +1.000000000e+03 -2.1049e+00 +2.1048e+00
453 +1.718296971e-08 +1.718296971e-08 +1.000000000e+03 +1.000000000e+03 -2.1048e+00 +2.1049e+00
462 +6.637833394e-09 +6.637833394e-09 +1.000000000e+03 +1.000000000e+03 -2.1048e+00 +2.1048e+00
% function evaluation | noise-free fitness - Fopt (1.000000000000e+03) | best noise-free fitness - Fopt | measured fitness | best measured fitness | x1 | x2...
1 +3.261239683e+00 +3.261239683e+00 +1.003261240e+03 +1.003261240e+03 -1.9157e+00 +1.7172e+00
17 +2.363540892e+00 +2.363540892e+00 +1.002363541e+03 +1.002363541e+03 -7.9811e-01 +2.3951e+00
73 +1.344047445e+00 +1.344047445e+00 +1.001344047e+03 +1.001344047e+03 -2.2035e+00 +1.7290e+00
81 +7.393278241e-01 +7.393278241e-01 +1.000739328e+03 +1.000739328e+03 -2.0876e+00 +2.0531e+00
107 +5.132633067e-01 +5.132633067e-01 +1.000513263e+03 +1.000513263e+03 -2.2405e+00 +2.0865e+00
114 +2.074546013e-01 +2.074546013e-01 +1.000207455e+03 +1.000207455e+03 -2.1958e+00 +2.0805e+00
161 +8.969748106e-02 +8.969748106e-02 +1.000089697e+03 +1.000089697e+03 -2.0518e+00 +2.1093e+00
177 +3.690207942e-02 +3.690207942e-02 +1.000036902e+03 +1.000036902e+03 -2.0887e+00 +2.1198e+00
312 +2.162888256e-02 +2.162888256e-02 +1.000021629e+03 +1.000021629e+03 -2.0766e+00 +2.1094e+00
314 +8.085522516e-03 +8.085522516e-03 +1.000008086e+03 +1.000008086e+03 -2.0906e+00 +2.1049e+00
340 +3.926294828e-03 +3.926294828e-03 +1.000003926e+03 +1.000003926e+03 -2.0993e+00 +2.1027e+00
367 +3.866012810e-05 +3.866012810e-05 +1.000000039e+03 +1.000000039e+03 -2.1038e+00 +2.1049e+00
397 +2.778680710e-06 +2.778680710e-06 +1.000000003e+03 +1.000000003e+03 -2.1051e+00 +2.1049e+00
448 +1.951747208e-06 +1.951747208e-06 +1.000000002e+03 +1.000000002e+03 -2.1046e+00 +2.1050e+00
458 +6.763488045e-07 +6.763488045e-07 +1.000000001e+03 +1.000000001e+03 -2.1049e+00 +2.1048e+00
471 +2.898810862e-07 +2.898810862e-07 +1.000000000e+03 +1.000000000e+03 -2.1048e+00 +2.1048e+00
483 +8.540439467e-08 +8.540439467e-08 +1.000000000e+03 +1.000000000e+03 -2.1048e+00 +2.1049e+00
514 +4.805303888e-08 +4.805303888e-08 +1.000000000e+03 +1.000000000e+03 -2.1048e+00 +2.1049e+00
520 +3.794787062e-08 +3.794787062e-08 +1.000000000e+03 +1.000000000e+03 -2.1048e+00 +2.1049e+00
522 +2.022147783e-09 +2.022147783e-09 +1.000000000e+03 +1.000000000e+03 -2.1048e+00 +2.1048e+00
% function evaluation | noise-free fitness - Fopt (2.083800000000e+02) | best noise-free fitness - Fopt | measured fitness | best measured fitness | x1 | x2...
1 +2.101776092e+02 +2.101776092e+02 +4.185576092e+02 +4.185576092e+02 +3.2163e+00 +2.7700e+00
9 +2.864820766e+00 +2.864820766e+00 +2.112448208e+02 +2.112448208e+02 +2.5037e+00 +2.3638e+00
31 +1.583850010e+00 +1.583850010e+00 +2.099638500e+02 +2.099638500e+02 +1.3955e+00 +1.8194e+00
688 +6.657649823e-01 +6.657649823e-01 +2.090457650e+02 +2.090457650e+02 -2.1497e+00 +2.1439e+00
1091 +6.004968948e-01 +6.004968948e-01 +2.089804969e+02 +2.089804969e+02 +1.5299e+00 +3.0118e+00
6178 +1.145961614e-01 +1.145961614e-01 +2.084945962e+02 +2.084945962e+02 -2.1721e+00 +2.0900e+00
6528 +4.508322243e-02 +4.508322243e-02 +2.084250832e+02 +2.084250832e+02 -2.1471e+00 +2.0945e+00
6714 +3.009483911e-03 +3.009483911e-03 +2.083830095e+02 +2.083830095e+02 -2.1109e+00 +2.1062e+00
6836 +2.270558567e-03 +2.270558567e-03 +2.083822706e+02 +2.083822706e+02 -2.0984e+00 +2.1042e+00
6857 +5.361795402e-04 +5.361795402e-04 +2.083805362e+02 +2.083805362e+02 -2.1053e+00 +2.1033e+00
6872 +1.058232967e-04 +1.058232967e-04 +2.083801058e+02 +2.083801058e+02 -2.1032e+00 +2.1049e+00
6941 +8.403005737e-05 +8.403005737e-05 +2.083800840e+02 +2.083800840e+02 -2.1032e+00 +2.1055e+00
6947 +5.008817345e-05 +5.008817345e-05 +2.083800501e+02 +2.083800501e+02 -2.1043e+00 +2.1054e+00
6983 +1.951466419e-05 +1.951466419e-05 +2.083800195e+02 +2.083800195e+02 -2.1044e+00 +2.1047e+00
6991 +1.184117565e-05 +1.184117565e-05 +2.083800118e+02 +2.083800118e+02 -2.1042e+00 +2.1050e+00
6995 +8.771048641e-06 +8.771048641e-06 +2.083800088e+02 +2.083800088e+02 -2.1054e+00 +2.1047e+00
7008 +1.634339640e-06 +1.634339640e-06 +2.083800016e+02 +2.083800016e+02 -2.1047e+00 +2.1049e+00
7075 +1.018756052e-06 +1.018756052e-06 +2.083800010e+02 +2.083800010e+02 -2.1050e+00 +2.1048e+00
7124 +1.991081433e-07 +1.991081433e-07 +2.083800002e+02 +2.083800002e+02 -2.1049e+00 +2.1048e+00
7195 +8.941731267e-08 +8.941731267e-08 +2.083800001e+02 +2.083800001e+02 -2.1049e+00 +2.1048e+00
7198 +4.605590220e-08 +4.605590220e-08 +2.083800000e+02 +2.083800000e+02 -2.1048e+00 +2.1049e+00
7225 +2.628331686e-08 +2.628331686e-08 +2.083800000e+02 +2.083800000e+02 -2.1048e+00 +2.1049e+00
7235 +2.255308118e-08 +2.255308118e-08 +2.083800000e+02 +2.083800000e+02 -2.1049e+00 +2.1048e+00
7259 +1.165946628e-08 +1.165946628e-08 +2.083800000e+02 +2.083800000e+02 -2.1048e+00 +2.1049e+00
7280 +5.550788273e-09 +5.550788273e-09 +2.083800000e+02 +2.083800000e+02 -2.1048e+00 +2.1048e+00
7310 +2.496364004e-09 +2.496364004e-09 +2.083800000e+02 +2.083800000e+02 -2.1048e+00 +2.1048e+00
7327 +1.223895651e-09 +1.223895651e-09 +2.083800000e+02 +2.083800000e+02 -2.1048e+00 +2.1048e+00
% function evaluation | noise-free fitness - Fopt (2.083800000000e+02) | best noise-free fitness - Fopt | measured fitness | best measured fitness | x1 | x2...
1 +1.148341447e+05 +1.148341447e+05 +1.150425247e+05 +1.150425247e+05 +1.0711e+00 -3.9155e+00
3 +7.466255160e+04 +7.466255160e+04 +7.487093160e+04 +7.487093160e+04 +3.1763e-01 -3.0658e+00
4 +4.651566416e+04 +4.651566416e+04 +4.672404416e+04 +4.672404416e+04 +2.2756e+00 -1.6657e+00
9 +2.126074629e+04 +2.126074629e+04 +2.146912629e+04 +2.146912629e+04 +3.6963e+00 -1.7483e-01
14 +1.399639175e+03 +1.399639175e+03 +1.608019175e+03 +1.608019175e+03 +3.0940e+00 +4.0889e+00
15 +4.071129881e+00 +4.071129881e+00 +2.124511299e+02 +2.124511299e+02 +7.9495e-01 +2.0138e+00
62 +2.677564955e+00 +2.677564955e+00 +2.110575650e+02 +2.110575650e+02 +1.1590e+00 +2.9075e+00
74 +2.382924569e+00 +2.382924569e+00 +2.107629246e+02 +2.107629246e+02 +3.8161e-01 +2.7399e+00
165 +1.095050094e+00 +1.095050094e+00 +2.094750501e+02 +2.094750501e+02 +1.4919e+00 +2.9587e+00
168 +7.092198880e-01 +7.092198880e-01 +2.090892199e+02 +2.090892199e+02 +1.5430e+00 +3.0361e+00
214 +6.082456194e-01 +6.082456194e-01 +2.089882456e+02 +2.089882456e+02 +1.4934e+00 +2.9992e+00
2563 +3.250977374e-01 +3.250977374e-01 +2.087050977e+02 +2.087050977e+02 -2.1985e+00 +2.1019e+00
2564 +1.158199249e-01 +1.158199249e-01 +2.084958199e+02 +2.084958199e+02 -2.1077e+00 +2.1256e+00
2677 +9.904639633e-02 +9.904639633e-02 +2.084790464e+02 +2.084790464e+02 -2.1410e+00 +2.1120e+00
2754 +4.622182430e-02 +4.622182430e-02 +2.084262218e+02 +2.084262218e+02 -2.0820e+00 +2.1220e+00
2768 +9.658518941e-03 +9.658518941e-03 +2.083896585e+02 +2.083896585e+02 -2.1018e+00 +2.1117e+00
2867 +2.766247578e-03 +2.766247578e-03 +2.083827662e+02 +2.083827662e+02 -2.1009e+00 +2.1028e+00
2916 +1.741880232e-04 +1.741880232e-04 +2.083801742e+02 +2.083801742e+02 -2.1050e+00 +2.1056e+00
2964 +9.828026884e-05 +9.828026884e-05 +2.083800983e+02 +2.083800983e+02 -2.1052e+00 +2.1054e+00
3016 +4.894343789e-05 +4.894343789e-05 +2.083800489e+02 +2.083800489e+02 -2.1061e+00 +2.1047e+00
3040 +3.391441683e-05 +3.391441683e-05 +2.083800339e+02 +2.083800339e+02 -2.1056e+00 +2.1049e+00
3052 +1.587159232e-05 +1.587159232e-05 +2.083800159e+02 +2.083800159e+02 -2.1046e+00 +2.1051e+00
3082 +1.559829545e-05 +1.559829545e-05 +2.083800156e+02 +2.083800156e+02 -2.1043e+00 +2.1052e+00
3097 +7.357085025e-06 +7.357085025e-06 +2.083800074e+02 +2.083800074e+02 -2.1046e+00 +2.1051e+00
3104 +3.886405125e-06 +3.886405125e-06 +2.083800039e+02 +2.083800039e+02 -2.1050e+00 +2.1047e+00
3122 +9.865836148e-07 +9.865836148e-07 +2.083800010e+02 +2.083800010e+02 -2.1050e+00 +2.1048e+00
3171 +1.014671795e-07 +1.014671795e-07 +2.083800001e+02 +2.083800001e+02 -2.1048e+00 +2.1048e+00
3226 +2.274288136e-08 +2.274288136e-08 +2.083800000e+02 +2.083800000e+02 -2.1049e+00 +2.1048e+00
3299 +5.157176020e-09 +5.157176020e-09 +2.083800000e+02 +2.083800000e+02 -2.1048e+00 +2.1048e+00
3306 +2.407603006e-10 +2.407603006e-10 +2.083800000e+02 +2.083800000e+02 -2.1048e+00 +2.1048e+00
% function evaluation | noise-free fitness - Fopt (2.083800000000e+02) | best noise-free fitness - Fopt | measured fitness | best measured fitness | x1 | x2...
1 +4.533204826e+03 +4.533204826e+03 +4.741584826e+03 +4.741584826e+03 -3.2078e+00 -6.6707e-01
2 +5.057139127e+00 +5.057139127e+00 +2.134371391e+02 +2.134371391e+02 -6.9437e-01 +2.0201e+00
30 +3.437380094e+00 +3.437380094e+00 +2.118173801e+02 +2.118173801e+02 +1.7902e+00 +2.7577e+00
60 +1.070855099e+00 +1.070855099e+00 +2.094508551e+02 +2.094508551e+02 -1.9444e+00 +2.1883e+00
875 +8.626691729e-01 +8.626691729e-01 +2.092426692e+02 +2.092426692e+02 -2.0949e+00 +2.0462e+00
926 +3.844259491e-01 +3.844259491e-01 +2.087644259e+02 +2.087644259e+02 -2.0526e+00 +2.1536e+00
5341 +2.496474582e-01 +2.496474582e-01 +2.086296475e+02 +2.086296475e+02 -2.0519e+00 +2.0911e+00
5446 +7.293651894e-02 +7.293651894e-02 +2.084529365e+02 +2.084529365e+02 -2.0769e+00 +2.0972e+00
5572 +5.728510243e-02 +5.728510243e-02 +2.084372851e+02 +2.084372851e+02 -2.0692e+00 +2.1037e+00
5612 +1.389639887e-02 +1.389639887e-02 +2.083938964e+02 +2.083938964e+02 -2.1183e+00 +2.0954e+00
5659 +8.706283112e-03 +8.706283112e-03 +2.083887063e+02 +2.083887063e+02 -2.0878e+00 +2.1115e+00
5701 +5.489156484e-03 +5.489156484e-03 +2.083854892e+02 +2.083854892e+02 -2.1040e+00 +2.1097e+00
5709 +3.650400829e-03 +3.650400829e-03 +2.083836504e+02 +2.083836504e+02 -2.1137e+00 +2.1001e+00
5713 +4.754685762e-04 +4.754685762e-04 +2.083804755e+02 +2.083804755e+02 -2.1008e+00 +2.1063e+00
5866 +2.387631011e-04 +2.387631011e-04 +2.083802388e+02 +2.083802388e+02 -2.1047e+00 +2.1039e+00
5878 +1.308045046e-04 +1.308045046e-04 +2.083801308e+02 +2.083801308e+02 -2.1052e+00 +2.1040e+00
5910 +4.164646481e-05 +4.164646481e-05 +2.083800416e+02 +2.083800416e+02 -2.1036e+00 +2.1052e+00
5955 +1.983350936e-05 +1.983350936e-05 +2.083800198e+02 +2.083800198e+02 -2.1040e+00 +2.1050e+00
5981 +3.345834614e-07 +3.345834614e-07 +2.083800003e+02 +2.083800003e+02 -2.1048e+00 +2.1048e+00
6062 +7.542919889e-08 +7.542919889e-08 +2.083800001e+02 +2.083800001e+02 -2.1048e+00 +2.1049e+00
6142 +2.716475933e-08 +2.716475933e-08 +2.083800000e+02 +2.083800000e+02 -2.1049e+00 +2.1049e+00
6145 +3.290779205e-09 +3.290779205e-09 +2.083800000e+02 +2.083800000e+02 -2.1048e+00 +2.1048e+00
% function evaluation | noise-free fitness - Fopt (-1.449600000000e+02) | best noise-free fitness - Fopt | measured fitness | best measured fitness | x1 | x2...
1 +2.368682240e+04 +2.368682240e+04 +2.354186240e+04 +2.354186240e+04 +2.4031e+00 +6.5709e-01
2 +2.508054186e+03 +2.508054186e+03 +2.363094186e+03 +2.363094186e+03 +5.0015e+00 -2.4073e+00
5 +4.892832659e+00 +4.892832659e+00 -1.400671673e+02 -1.400671673e+02 +2.5832e+00 -2.4494e+00
23 +3.130083015e+00 +3.130083015e+00 -1.418299170e+02 -1.418299170e+02 +1.6721e+00 -1.6140e+00
44 +2.024765485e+00 +2.024765485e+00 -1.429352345e+02 -1.429352345e+02 +1.4713e+00 -2.6907e+00
696 +1.313225207e+00 +1.313225207e+00 -1.436467748e+02 -1.436467748e+02 -2.2484e+00 -2.0098e+00
2213 +7.739464367e-01 +7.739464367e-01 -1.441860536e+02 -1.441860536e+02 -2.2435e+00 -2.0350e+00
2264 +1.386954823e-01 +1.386954823e-01 -1.448213045e+02 -1.448213045e+02 -2.0301e+00 -2.1229e+00
2398 +3.301189570e-02 +3.301189570e-02 -1.449269881e+02 -1.449269881e+02 -2.1284e+00 -2.0903e+00
2416 +1.862204579e-02 +1.862204579e-02 -1.449413780e+02 -1.449413780e+02 -2.1137e+00 -2.1108e+00
2428 +8.830273077e-03 +8.830273077e-03 -1.449511697e+02 -1.449511697e+02 -2.1131e+00 -2.0975e+00
2450 +2.092413051e-03 +2.092413051e-03 -1.449579076e+02 -1.449579076e+02 -2.1004e+00 -2.1085e+00
2519 +1.286179954e-03 +1.286179954e-03 -1.449587138e+02 -1.449587138e+02 -2.0990e+00 -2.1076e+00
2521 +2.106280775e-04 +2.106280775e-04 -1.449597894e+02 -1.449597894e+02 -2.1025e+00 -2.1060e+00
2575 +4.598773651e-05 +4.598773651e-05 -1.449599540e+02 -1.449599540e+02 -2.1051e+00 -2.1044e+00
2607 +2.951678118e-05 +2.951678118e-05 -1.449599705e+02 -1.449599705e+02 -2.1059e+00 -2.1046e+00
2612 +1.964846803e-05 +1.964846803e-05 -1.449599804e+02 -1.449599804e+02 -2.1041e+00 -2.1049e+00
2616 +2.236435648e-06 +2.236435648e-06 -1.449599978e+02 -1.449599978e+02 -2.1047e+00 -2.1050e+00
2667 +1.010870307e-06 +1.010870307e-06 -1.449599990e+02 -1.449599990e+02 -2.1050e+00 -2.1048e+00
2670 +7.614837614e-07 +7.614837614e-07 -1.449599992e+02 -1.449599992e+02 -2.1050e+00 -2.1048e+00
2693 +5.549662490e-07 +5.549662490e-07 -1.449599994e+02 -1.449599994e+02 -2.1047e+00 -2.1049e+00
2699 +2.089273892e-07 +2.089273892e-07 -1.449599998e+02 -1.449599998e+02 -2.1049e+00 -2.1048e+00
2743 +9.217336583e-08 +9.217336583e-08 -1.449599999e+02 -1.449599999e+02 -2.1048e+00 -2.1049e+00
2765 +6.225258176e-08 +6.225258176e-08 -1.449599999e+02 -1.449599999e+02 -2.1049e+00 -2.1048e+00
2791 +2.808579325e-08 +2.808579325e-08 -1.449600000e+02 -1.449600000e+02 -2.1049e+00 -2.1048e+00
2808 +4.439868917e-09 +4.439868917e-09 -1.449600000e+02 -1.449600000e+02 -2.1049e+00 -2.1048e+00
2832 +2.909956720e-09 +2.909956720e-09 -1.449600000e+02 -1.449600000e+02 -2.1049e+00 -2.1048e+00
% function evaluation | noise-free fitness - Fopt (-1.449600000000e+02) | best noise-free fitness - Fopt | measured fitness | best measured fitness | x1 | x2...
1 +4.917427125e+04 +4.917427125e+04 +4.902931125e+04 +4.902931125e+04 -2.3620e+00 +2.9213e+00
2 +1.398272138e+04 +1.398272138e+04 +1.383776138e+04 +1.383776138e+04 +1.2580e+00 +3.8014e-01
6 +5.109487460e+00 +5.109487460e+00 -1.398505125e+02 -1.398505125e+02 -1.4546e+00 -2.1802e+00
9 +3.035109526e+00 +3.035109526e+00 -1.419248905e+02 -1.419248905e+02 -2.1128e+00 -1.0983e+00
41 +2.093478719e+00 +2.093478719e+00 -1.428665213e+02 -1.428665213e+02 -2.0912e+00 -1.3018e+00
53 +1.535582461e+00 +1.535582461e+00 -1.434244175e+02 -1.434244175e+02 -1.9850e+00 -1.0416e+00
1717 +4.460193816e-01 +4.460193816e-01 -1.445139806e+02 -1.445139806e+02 -2.2027e+00 -2.1092e+00
4425 +3.943475713e-01 +3.943475713e-01 -1.445656524e+02 -1.445656524e+02 -2.1899e+00 -2.1128e+00
4494 +9.352240809e-02 +9.352240809e-02 -1.448664776e+02 -1.448664776e+02 -2.0438e+00 -2.1187e+00
4518 +4.570412809e-02 +4.570412809e-02 -1.449142959e+02 -1.449142959e+02 -2.0623e+00 -2.1167e+00
4647 +2.949037884e-02 +2.949037884e-02 -1.449305096e+02 -1.449305096e+02 -2.0715e+00 -2.1107e+00
4648 +2.053819727e-02 +2.053819727e-02 -1.449394618e+02 -1.449394618e+02 -2.1239e+00 -2.1068e+00
4654 +9.824890398e-03 +9.824890398e-03 -1.449501751e+02 -1.449501751e+02 -2.0887e+00 -2.1125e+00
4701 +5.241176498e-03 +5.241176498e-03 -1.449547588e+02 -1.449547588e+02 -2.0913e+00 -2.1098e+00
4742 +1.874275623e-03 +1.874275623e-03 -1.449581257e+02 -1.449581257e+02 -2.0963e+00 -2.1074e+00
4755 +9.522053868e-04 +9.522053868e-04 -1.449590478e+02 -1.449590478e+02 -2.0995e+00 -2.1052e+00
4766 +3.453450455e-04 +3.453450455e-04 -1.449596547e+02 -1.449596547e+02 -2.1040e+00 -2.1039e+00
4850 +1.736949892e-04 +1.736949892e-04 -1.449598263e+02 -1.449598263e+02 -2.1029e+00 -2.1048e+00
4876 +2.264712063e-05 +2.264712063e-05 -1.449599774e+02 -1.449599774e+02 -2.1057e+00 -2.1047e+00
4918 +1.328119765e-05 +1.328119765e-05 -1.449599867e+02 -1.449599867e+02 -2.1055e+00 -2.1048e+00
4947 +7.203069629e-06 +7.203069629e-06 -1.449599928e+02 -1.449599928e+02 -2.1044e+00 -2.1049e+00
4948 +5.675662862e-06 +5.675662862e-06 -1.449599943e+02 -1.449599943e+02 -2.1052e+00 -2.1047e+00
4956 +9.538448467e-07 +9.538448467e-07 -1.449599990e+02 -1.449599990e+02 -2.1050e+00 -2.1048e+00
4999 +4.639043141e-07 +4.639043141e-07 -1.449599995e+02 -1.449599995e+02 -2.1049e+00 -2.1048e+00
5004 +1.960464147e-07 +1.960464147e-07 -1.449599998e+02 -1.449599998e+02 -2.1048e+00 -2.1049e+00
5010 +2.893446549e-08 +2.893446549e-08 -1.449600000e+02 -1.449600000e+02 -2.1049e+00 -2.1048e+00
5075 +1.889495138e-08 +1.889495138e-08 -1.449600000e+02 -1.449600000e+02 -2.1049e+00 -2.1048e+00
5085 +6.206761327e-09 +6.206761327e-09 -1.449600000e+02 -1.449600000e+02 -2.1048e+00 -2.1048e+00
5092 +5.740901088e-10 +5.740901088e-10 -1.449600000e+02 -1.449600000e+02 -2.1048e+00 -2.1048e+00
% function evaluation | noise-free fitness - Fopt (-1.449600000000e+02) | best noise-free fitness - Fopt | measured fitness | best measured fitness | x1 | x2...
1 +8.543316529e+01 +8.543316529e+01 -5.952683471e+01 -5.952683471e+01 +2.9568e+00 -1.9379e+00
16 +3.742983767e+00 +3.742983767e+00 -1.412170162e+02 -1.412170162e+02 +1.2244e+00 -3.0209e+00
17 +2.369593076e+00 +2.369593076e+00 -1.425904069e+02 -1.425904069e+02 +7.7190e-01 -2.8634e+00
56 +9.580234823e-01 +9.580234823e-01 -1.440019765e+02 -1.440019765e+02 +1.4075e+00 -2.9631e+00
211 +6.184023618e-01 +6.184023618e-01 -1.443415976e+02 -1.443415976e+02 -2.0818e+00 -9.5955e-01
355 +1.886432032e-01 +1.886432032e-01 -1.447713568e+02 -1.447713568e+02 -2.0175e+00 -2.1276e+00
363 +8.520720355e-03 +8.520720355e-03 -1.449514793e+02 -1.449514793e+02 -2.1159e+00 -2.1067e+00
437 +1.816289554e-03 +1.816289554e-03 -1.449581837e+02 -1.449581837e+02 -2.1013e+00 -2.1033e+00
478 +1.325546389e-03 +1.325546389e-03 -1.449586745e+02 -1.449586745e+02 -2.0984e+00 -2.1054e+00
482 +5.949665280e-04 +5.949665280e-04 -1.449594050e+02 -1.449594050e+02 -2.1095e+00 -2.1032e+00
506 +3.892268486e-04 +3.892268486e-04 -1.449596108e+02 -1.449596108e+02 -2.1049e+00 -2.1061e+00
514 +1.141380546e-04 +1.141380546e-04 -1.449598859e+02 -1.449598859e+02 -2.1054e+00 -2.1054e+00
536 +2.033693534e-05 +2.033693534e-05 -1.449599797e+02 -1.449599797e+02 -2.1057e+00 -2.1047e+00
556 +1.490176632e-05 +1.490176632e-05 -1.449599851e+02 -1.449599851e+02 -2.1056e+00 -2.1046e+00
564 +7.875138607e-06 +7.875138607e-06 -1.449599921e+02 -1.449599921e+02 -2.1051e+00 -2.1050e+00
580 +6.210184267e-06 +6.210184267e-06 -1.449599938e+02 -1.449599938e+02 -2.1053e+00 -2.1047e+00
583 +3.541365743e-07 +3.541365743e-07 -1.449599996e+02 -1.449599996e+02 -2.1049e+00 -2.1048e+00
587 +4.505565698e-08 +4.505565698e-08 -1.449600000e+02 -1.449600000e+02 -2.1049e+00 -2.1048e+00
609 +4.961862032e-10 +4.961862032e-10 -1.449600000e+02 -1.449600000e+02 -2.1048e+00 -2.1048e+00
% function evaluation | noise-free fitness - Fopt (-6.300000000000e+00) | best noise-free fitness - Fopt | measured fitness | best measured fitness | x1 | x2...
1 +7.959121694e+03 +7.959121694e+03 +7.952821694e+03 +7.952821694e+03 +3.3805e+00 -3.2932e+00
3 +5.933183234e+03 +5.933183234e+03 +5.926883234e+03 +5.926883234e+03 +3.1681e+00 -3.1625e+00
6 +9.897284552e+02 +9.897284552e+02 +9.834284552e+02 +9.834284552e+02 +1.7246e+00 -2.8209e+00
8 +4.448690351e+00 +4.448690351e+00 -1.851309649e+00 -1.851309649e+00 +1.2352e-01 -2.0841e+00
11 +1.530771021e+00 +1.530771021e+00 -4.769228979e+00 -4.769228979e+00 +2.1313e+00 -8.9132e-01
118 +5.227531750e-01 +5.227531750e-01 -5.777246825e+00 -5.777246825e+00 +1.9587e+00 -2.1342e+00
129 +3.047825027e-01 +3.047825027e-01 -5.995217497e+00 -5.995217497e+00 +2.2125e+00 -2.0860e+00
166 +5.107951288e-02 +5.107951288e-02 -6.248920487e+00 -6.248920487e+00 +2.0600e+00 -2.1143e+00
167 +9.164613902e-03 +9.164613902e-03 -6.290835386e+00 -6.290835386e+00 +2.1237e+00 -2.0993e+00
251 +1.959656247e-03 +1.959656247e-03 -6.298040344e+00 -6.298040344e+00 +2.0990e+00 -2.1084e+00
263 +3.542106202e-04 +3.542106202e-04 -6.299645789e+00 -6.299645789e+00 +2.1020e+00 -2.1063e+00
269 +1.188948021e-04 +1.188948021e-04 -6.299881105e+00 -6.299881105e+00 +2.1030e+00 -2.1049e+00
280 +7.818434353e-06 +7.818434353e-06 -6.299992182e+00 -6.299992182e+00 +2.1045e+00 -2.1051e+00
329 +4.363034881e-06 +4.363034881e-06 -6.299995637e+00 -6.299995637e+00 +2.1045e+00 -2.1049e+00
343 +8.348431164e-07 +8.348431164e-07 -6.299999165e+00 -6.299999165e+00 +2.1050e+00 -2.1048e+00
367 +5.966308088e-07 +5.966308088e-07 -6.299999403e+00 -6.299999403e+00 +2.1049e+00 -2.1048e+00
377 +2.527798975e-07 +2.527798975e-07 -6.299999747e+00 -6.299999747e+00 +2.1048e+00 -2.1049e+00
393 +3.438372431e-08 +3.438372431e-08 -6.299999966e+00 -6.299999966e+00 +2.1048e+00 -2.1049e+00
398 +1.120250559e-10 +1.120250559e-10 -6.300000000e+00 -6.300000000e+00 +2.1048e+00 -2.1048e+00
% function evaluation | noise-free fitness - Fopt (-6.300000000000e+00) | best noise-free fitness - Fopt | measured fitness | best measured fitness | x1 | x2...
1 +4.410398284e+04 +4.410398284e+04 +4.409768284e+04 +4.409768284e+04 -2.3458e+00 +1.5587e+00
4 +1.792675848e+04 +1.792675848e+04 +1.792045848e+04 +1.792045848e+04 -1.0985e+00 +6.6769e-01
5 +1.250455742e+03 +1.250455742e+03 +1.244155742e+03 +1.244155742e+03 -3.2753e+00 -1.4923e+00
11 +4.384840906e+02 +4.384840906e+02 +4.321840906e+02 +4.321840906e+02 -3.5379e+00 -2.6998e+00
12 +1.814923929e+02 +1.814923929e+02 +1.751923929e+02 +1.751923929e+02 +3.9118e-01 -2.8689e+00
18 +3.211680243e+00 +3.211680243e+00 -3.088319757e+00 -3.088319757e+00 -1.3737e+00 -2.1732e+00
50 +1.826515296e+00 +1.826515296e+00 -4.473484704e+00 -4.473484704e+00 -7.0175e-01 -2.8343e+00
105 +1.470335830e+00 +1.470335830e+00 -4.829664170e+00 -4.829664170e+00 -1.3484e+00 -2.9357e+00
133 +7.805207531e-01 +7.805207531e-01 -5.519479247e+00 -5.519479247e+00 -1.5718e+00 -3.0439e+00
161 +6.200411392e-01 +6.200411392e-01 -5.679958861e+00 -5.679958861e+00 -1.5215e+00 -3.0013e+00
698 +3.399804373e-01 +3.399804373e-01 -5.960019563e+00 -5.960019563e+00 +2.0613e+00 -2.0811e+00
12018 +2.367319073e-02 +2.367319073e-02 -6.276326809e+00 -6.276326809e+00 +2.0743e+00 -2.1136e+00
12882 +9.947034844e-03 +9.947034844e-03 -6.290052965e+00 -6.290052965e+00 +2.1068e+00 -2.0981e+00
12994 +1.944270834e-03 +1.944270834e-03 -6.298055729e+00 -6.298055729e+00 +2.0980e+00 -2.1048e+00
13294 +4.085071320e-04 +4.085071320e-04 -6.299591493e+00 -6.299591493e+00 +2.1088e+00 -2.1036e+00
13460 +3.586930012e-04 +3.586930012e-04 -6.299641307e+00 -6.299641307e+00 +2.1082e+00 -2.1035e+00
13468 +2.314823833e-04 +2.314823833e-04 -6.299768518e+00 -6.299768518e+00 +2.1055e+00 -2.1037e+00
13529 +5.433281129e-05 +5.433281129e-05 -6.299945667e+00 -6.299945667e+00 +2.1063e+00 -2.1044e+00
13626 +3.944107491e-05 +3.944107491e-05 -6.299960559e+00 -6.299960559e+00 +2.1060e+00 -2.1047e+00
13642 +1.007221007e-05 +1.007221007e-05 -6.299989928e+00 -6.299989928e+00 +2.1047e+00 -2.1047e+00
13740 +8.392073427e-07 +8.392073427e-07 -6.299999161e+00 -6.299999161e+00 +2.1050e+00 -2.1048e+00
13901 +2.634044760e-07 +2.634044760e-07 -6.299999737e+00 -6.299999737e+00 +2.1048e+00 -2.1048e+00
14038 +2.681207700e-08 +2.681207700e-08 -6.299999973e+00 -6.299999973e+00 +2.1049e+00 -2.1049e+00
14218 +7.487246378e-10 +7.487246378e-10 -6.299999999e+00 -6.299999999e+00 +2.1048e+00 -2.1048e+00
14310 +4.948388366e-10 +4.948388366e-10 -6.300000000e+00 -6.300000000e+00 +2.1048e+00 -2.1048e+00
% function evaluation | noise-free fitness - Fopt (-6.300000000000e+00) | best noise-free fitness - Fopt | measured fitness | best measured fitness | x1 | x2...
1 +2.501946813e+04 +2.501946813e+04 +2.501316813e+04 +2.501316813e+04 +2.7388e+00 +2.0088e+00
2 +1.971578000e+03 +1.971578000e+03 +1.965278000e+03 +1.965278000e+03 +4.0323e+00 +3.4045e-01
21 +1.196082977e+03 +1.196082977e+03 +1.189782977e+03 +1.189782977e+03 +4.2241e+00 -3.4993e-01
26 +1.150613642e+02 +1.150613642e+02 +1.087613642e+02 +1.087613642e+02 +3.0229e+00 -1.1525e+00
38 +3.636358515e+00 +3.636358515e+00 -2.663641485e+00 -2.663641485e+00 +3.0641e-02 -1.7783e+00
42 +1.583128498e+00 +1.583128498e+00 -4.716871502e+00 -4.716871502e+00 +8.7151e-01 -2.4180e+00
165 +7.773231538e-01 +7.773231538e-01 -5.522676846e+00 -5.522676846e+00 +2.0206e+00 -9.8816e-01
242 +5.969480130e-01 +5.969480130e-01 -5.703051987e+00 -5.703051987e+00 +2.1185e+00 -9.5720e-01
3845 +2.689328124e-01 +2.689328124e-01 -6.031067188e+00 -6.031067188e+00 +2.1599e+00 -2.0631e+00
3902 +2.435806430e-01 +2.435806430e-01 -6.056419357e+00 -6.056419357e+00 +2.1234e+00 -2.1309e+00
3903 +1.541064662e-02 +1.541064662e-02 -6.284589353e+00 -6.284589353e+00 +2.0802e+00 -2.1104e+00
3982 +2.873793666e-03 +2.873793666e-03 -6.297126206e+00 -6.297126206e+00 +2.1087e+00 -2.1007e+00
4056 +2.449183600e-03 +2.449183600e-03 -6.297550816e+00 -6.297550816e+00 +2.1096e+00 -2.1064e+00
4065 +8.244849432e-05 +8.244849432e-05 -6.299917552e+00 -6.299917552e+00 +2.1035e+00 -2.1048e+00
4214 +3.921584029e-05 +3.921584029e-05 -6.299960784e+00 -6.299960784e+00 +2.1040e+00 -2.1048e+00
4250 +1.118538797e-05 +1.118538797e-05 -6.299988815e+00 -6.299988815e+00 +2.1053e+00 -2.1046e+00
4251 +8.978289812e-06 +8.978289812e-06 -6.299991022e+00 -6.299991022e+00 +2.1046e+00 -2.1051e+00
4266 +2.015257516e-07 +2.015257516e-07 -6.299999798e+00 -6.299999798e+00 +2.1049e+00 -2.1049e+00
4364 +1.350938446e-07 +1.350938446e-07 -6.299999865e+00 -6.299999865e+00 +2.1048e+00 -2.1049e+00
4406 +8.924865913e-08 +8.924865913e-08 -6.299999911e+00 -6.299999911e+00 +2.1049e+00 -2.1048e+00
4415 +4.688794242e-09 +4.688794242e-09 -6.299999995e+00 -6.299999995e+00 +2.1048e+00 -2.1048e+00
4429 +1.008606532e-09 +1.008606532e-09 -6.299999999e+00 -6.299999999e+00 +2.1048e+00 -2.1048e+00
