% function evaluation | noise-free fitness - Fopt (-5.465000000000e+02) | best noise-free fitness - Fopt | measured fitness | best measured fitness | x1 | x2...
1 +2.998887424e+04 +2.998887424e+04 +2.944237424e+04 +2.944237424e+04 -2.9539e+00 -2.0349e+00 -2.1906e+00 +5.1946e-01 -5.1874e-01
2 +2.940576599e+03 +2.940576599e+03 +2.394076599e+03 +2.394076599e+03 -1.5332e+00 -7.3758e-01 -1.2972e+00 -1.7767e+00 +1.0589e+00
10 +1.304696438e+03 +1.304696438e+03 +7.581964382e+02 +7.581964382e+02 -9.2761e-01 -1.6179e-01 -9.3282e-01 -1.7422e+00 +1.4058e+00
18 +9.735484841e+00 +9.735484841e+00 -5.367645152e+02 -5.367645152e+02 -2.6165e+00 -6.1947e-01 +1.3156e+00 -8.6476e-01 +1.7781e+00
23 +5.314955232e+00 +5.314955232e+00 -5.411850448e+02 -5.411850448e+02 +3.2817e-01 -1.3597e-01 +1.4328e+00 -4.6672e-01 +2.3533e+00
58 +3.095955626e+00 +3.095955626e+00 -5.434040444e+02 -5.434040444e+02 +4.3721e-02 -2.3244e-01 +6.3822e-01 -9.6658e-01 +2.2636e+00
260 +2.440706393e+00 +2.440706393e+00 -5.440592936e+02 -5.440592936e+02 -5.1704e-01 +4.8243e-01 +2.4844e+00 -1.0414e+00 +2.3772e+00
2364 +1.567794495e+00 +1.567794495e+00 -5.449322055e+02 -5.449322055e+02 +1.4712e+00 +3.1309e+00 -2.1285e-01 -1.5846e+00 +2.2171e+00
11495 +7.058509617e-01 +7.058509617e-01 -5.457941490e+02 -5.457941490e+02 -2.1120e+00 -6.9330e-01 +8.1160e-01 -2.3984e+00 +2.0243e+00
11584 +5.863955293e-01 +5.863955293e-01 -5.459136045e+02 -5.459136045e+02 -2.0852e+00 -5.5080e-01 +6.9508e-01 -2.4712e+00 +2.0148e+00
86543 +2.922945668e-01 +2.922945668e-01 -5.462077054e+02 -5.462077054e+02 +1.5621e+00 +3.0216e+00 +1.8938e+00 -2.1764e+00 +2.0878e+00
87499 +2.487377614e-01 +2.487377614e-01 -5.462512622e+02 -5.462512622e+02 +1.4909e+00 +3.0066e+00 +1.8724e+00 -2.1665e+00 +2.0826e+00
117180 +1.326781426e-01 +1.326781426e-01 -5.463673219e+02 -5.463673219e+02 -2.0755e+00 +2.1866e+00 +2.1102e+00 -2.0957e+00 +2.1105e+00
118589 +7.418414160e-02 +7.418414160e-02 -5.464258159e+02 -5.464258159e+02 -2.1742e+00 +2.0563e+00 +2.1099e+00 -2.1099e+00 +2.1103e+00
119125 +2.074923404e-02 +2.074923404e-02 -5.464792508e+02 -5.464792508e+02 -2.0889e+00 +2.0877e+00 +2.1058e+00 -2.0964e+00 +2.0992e+00
121956 +4.253195017e-03 +4.253195017e-03 -5.464957468e+02 -5.464957468e+02 -2.1169e+00 +2.1077e+00 +2.1047e+00 -2.1043e+00 +2.1096e+00
124027 +3.713154486e-03 +3.713154486e-03 -5.464962868e+02 -5.464962868e+02 -2.1169e+00 +2.0960e+00 +2.1126e+00 -2.1015e+00 +2.1080e+00
124273 +2.437565004e-03 +2.437565004e-03 -5.464975624e+02 -5.464975624e+02 -2.0951e+00 +2.1119e+00 +2.1035e+00 -2.1092e+00 +2.1051e+00
124508 +1.582845753e-03 +1.582845753e-03 -5.464984172e+02 -5.464984172e+02 -2.1083e+00 +2.0987e+00 +2.1020e+00 -2.1079e+00 +2.1035e+00
124909 +6.628311936e-04 +6.628311936e-04 -5.464993372e+02 -5.464993372e+02 -2.1081e+00 +2.0997e+00 +2.1053e+00 -2.1065e+00 +2.1039e+00
125054 +4.501219682e-04 +4.501219682e-04 -5.464995499e+02 -5.464995499e+02 -2.0999e+00 +2.1050e+00 +2.1061e+00 -2.1035e+00 +2.1043e+00
125133 +2.375590001e-04 +2.375590001e-04 -5.464997624e+02 -5.464997624e+02 -2.1010e+00 +2.1045e+00 +2.1045e+00 -2.1059e+00 +2.1044e+00
125604 +1.427318155e-04 +1.427318155e-04 -5.464998573e+02 -5.464998573e+02 -2.1027e+00 +2.1067e+00 +2.1058e+00 -2.1047e+00 +2.1049e+00
125786 +9.144458409e-05 +9.144458409e-05 -5.464999086e+02 -5.464999086e+02 -2.1060e+00 +2.1055e+00 +2.1042e+00 -2.1060e+00 +2.1047e+00
126080 +5.630162843e-05 +5.630162843e-05 -5.464999437e+02 -5.464999437e+02 -2.1058e+00 +2.1040e+00 +2.1060e+00 -2.1043e+00 +2.1047e+00
126130 +2.117891916e-05 +2.117891916e-05 -5.464999788e+02 -5.464999788e+02 -2.1040e+00 +2.1048e+00 +2.1043e+00 -2.1052e+00 +2.1049e+00
126600 +1.505331386e-05 +1.505331386e-05 -5.464999849e+02 -5.464999849e+02 -2.1044e+00 +2.1045e+00 +2.1048e+00 -2.1048e+00 +2.1046e+00
127108 +6.996369621e-06 +6.996369621e-06 -5.464999930e+02 -5.464999930e+02 -2.1046e+00 +2.1047e+00 +2.1050e+00 -2.1050e+00 +2.1050e+00
127141 +2.213101425e-06 +2.213101425e-06 -5.464999978e+02 -5.464999978e+02 -2.1045e+00 +2.1051e+00 +2.1047e+00 -2.1049e+00 +2.1048e+00
128141 +7.738597105e-07 +7.738597105e-07 -5.464999992e+02 -5.464999992e+02 -2.1049e+00 +2.1048e+00 +2.1048e+00 -2.1049e+00 +2.1049e+00
128313 +4.178984909e-07 +4.178984909e-07 -5.464999996e+02 -5.464999996e+02 -2.1049e+00 +2.1048e+00 +2.1049e+00 -2.1048e+00 +2.1049e+00
128702 +1.844833832e-07 +1.844833832e-07 -5.464999998e+02 -5.464999998e+02 -2.1048e+00 +2.1049e+00 +2.1049e+00 -2.1049e+00 +2.1049e+00
128758 +8.448409972e-08 +8.448409972e-08 -5.464999999e+02 -5.464999999e+02 -2.1049e+00 +2.1048e+00 +2.1049e+00 -2.1048e+00 +2.1048e+00
129260 +5.139816039e-08 +5.139816039e-08 -5.464999999e+02 -5.464999999e+02 -2.1049e+00 +2.1048e+00 +2.1049e+00 -2.1049e+00 +2.1049e+00
129734 +2.228102858e-08 +2.228102858e-08 -5.465000000e+02 -5.465000000e+02 -2.1048e+00 +2.1048e+00 +2.1049e+00 -2.1049e+00 +2.1049e+00
130170 +1.564717422e-08 +1.564717422e-08 -5.465000000e+02 -5.465000000e+02 -2.1048e+00 +2.1049e+00 +2.1048e+00 -2.1048e+00 +2.1048e+00
130296 +1.759985935e-09 +1.759985935e-09 -5.465000000e+02 -5.465000000e+02 -2.1048e+00 +2.1048e+00 +2.1048e+00 -2.1048e+00 +2.1048e+00
130680 +7.185008144e-11 +7.185008144e-11 -5.465000000e+02 -5.465000000e+02 -2.1048e+00 +2.1048e+00 +2.1048e+00 -2.1048e+00 +2.1048e+00
% function evaluation | noise-free fitness - Fopt (-5.465000000000e+02) | best noise-free fitness - Fopt | measured fitness | best measured fitness | x1 | x2...
1 +3.420609498e+04 +3.420609498e+04 +3.365959498e+04 +3.365959498e+04 +2.4780e+00 +8.9028e-03 +2.4030e+00 +3.4584e+00 +8.2448e-01
6 +3.887834229e+03 +3.887834229e+03 +3.341334229e+03 +3.341334229e+03 +3.3220e+00 -2.1949e+00 +3.1697e+00 +3.6783e-01 +1.4414e+00
27 +2.391492937e+03 +2.391492937e+03 +1.844992937e+03 +1.844992937e+03 +2.8216e+00 +4.7021e-01 +4.0923e+00 -9.7966e-01 +2.5781e+00
38 +2.202518742e+01 +2.202518742e+01 -5.244748126e+02 -5.244748126e+02 +1.4737e+00 +1.7973e+00 +2.2761e+00 -1.5977e+00 +2.4241e+00
56 +5.057899039e+00 +5.057899039e+00 -5.414421010e+02 -5.414421010e+02 +1.1255e+00 -3.1332e-01 +1.1895e+00 -6.7607e-01 +1.9032e+00
78 +3.142197179e+00 +3.142197179e+00 -5.433578028e+02 -5.433578028e+02 +1.5687e+00 +1.3122e+00 +1.9667e+00 -2.0328e+00 +2.1491e+00
155 +2.375102579e+00 +2.375102579e+00 -5.441248974e+02 -5.441248974e+02 -2.0020e+00 +8.7154e-01 +2.5197e+00 -7.8515e-01 +1.2633e+00
5742 +1.516999206e+00 +1.516999206e+00 -5.449830008e+02 -5.449830008e+02 +1.5305e+00 +1.9850e+00 +2.1244e+00 -2.1203e+00 +9.7848e-01
6163 +9.710750404e-01 +9.710750404e-01 -5.455289250e+02 -5.455289250e+02 +1.5097e+00 +2.1726e+00 +2.0998e+00 -2.0769e+00 +9.6318e-01
16952 +5.211805071e-01 +5.211805071e-01 -5.459788195e+02 -5.459788195e+02 -2.2592e+00 +2.1046e+00 +2.1648e+00 -2.1118e+00 +2.0677e+00
17096 +3.703405580e-01 +3.703405580e-01 -5.461296594e+02 -5.461296594e+02 -2.2114e+00 +2.0395e+00 +2.1410e+00 -2.0590e+00 +2.0779e+00
17242 +2.338898712e-01 +2.338898712e-01 -5.462661101e+02 -5.462661101e+02 -2.1351e+00 +2.1729e+00 +2.1242e+00 -2.0886e+00 +2.0816e+00
17384 +1.324233397e-01 +1.324233397e-01 -5.463675767e+02 -5.463675767e+02 -2.1373e+00 +2.0950e+00 +2.1509e+00 -2.0953e+00 +2.0824e+00
17575 +9.545244789e-02 +9.545244789e-02 -5.464045476e+02 -5.464045476e+02 -2.1398e+00 +2.1371e+00 +2.1199e+00 -2.0854e+00 +2.0949e+00
17604 +6.077459727e-02 +6.077459727e-02 -5.464392254e+02 -5.464392254e+02 -2.1053e+00 +2.1532e+00 +2.0884e+00 -2.0930e+00 +2.1139e+00
17668 +1.974551791e-02 +1.974551791e-02 -5.464802545e+02 -5.464802545e+02 -2.1195e+00 +2.1299e+00 +2.1045e+00 -2.0995e+00 +2.1062e+00
17716 +1.316612951e-02 +1.316612951e-02 -5.464868339e+02 -5.464868339e+02 -2.1352e+00 +2.1086e+00 +2.1109e+00 -2.1028e+00 +2.1057e+00
17927 +8.469411806e-03 +8.469411806e-03 -5.464915306e+02 -5.464915306e+02 -2.0875e+00 +2.1049e+00 +2.0999e+00 -2.0991e+00 +2.1023e+00
18035 +1.268876908e-03 +1.268876908e-03 -5.464987311e+02 -5.464987311e+02 -2.1069e+00 +2.1010e+00 +2.1040e+00 -2.1020e+00 +2.1036e+00
18221 +9.311423667e-04 +9.311423667e-04 -5.464990689e+02 -5.464990689e+02 -2.1056e+00 +2.0992e+00 +2.1069e+00 -2.1044e+00 +2.1030e+00
18333 +4.382166298e-04 +4.382166298e-04 -5.464995618e+02 -5.464995618e+02 -2.1019e+00 +2.1017e+00 +2.1060e+00 -2.1045e+00 +2.1059e+00
18354 +3.936168359e-04 +3.936168359e-04 -5.464996064e+02 -5.464996064e+02 -2.1020e+00 +2.1073e+00 +2.1030e+00 -2.1051e+00 +2.1034e+00
18435 +1.397406282e-04 +1.397406282e-04 -5.464998603e+02 -5.464998603e+02 -2.1020e+00 +2.1056e+00 +2.1053e+00 -2.1040e+00 +2.1055e+00
18465 +8.775398237e-05 +8.775398237e-05 -5.464999122e+02 -5.464999122e+02 -2.1075e+00 +2.1040e+00 +2.1044e+00 -2.1047e+00 +2.1050e+00
18617 +4.876159949e-05 +4.876159949e-05 -5.464999512e+02 -5.464999512e+02 -2.1036e+00 +2.1049e+00 +2.1039e+00 -2.1052e+00 +2.1049e+00
18633 +3.575339304e-05 +3.575339304e-05 -5.464999642e+02 -5.464999642e+02 -2.1043e+00 +2.1041e+00 +2.1057e+00 -2.1047e+00 +2.1046e+00
18693 +1.652827189e-05 +1.652827189e-05 -5.464999835e+02 -5.464999835e+02 -2.1059e+00 +2.1051e+00 +2.1047e+00 -2.1047e+00 +2.1048e+00
18767 +1.489740453e-05 +1.489740453e-05 -5.464999851e+02 -5.464999851e+02 -2.1045e+00 +2.1043e+00 +2.1046e+00 -2.1048e+00 +2.1050e+00
18806 +6.313670042e-06 +6.313670042e-06 -5.464999937e+02 -5.464999937e+02 -2.1047e+00 +2.1052e+00 +2.1050e+00 -2.1047e+00 +2.1048e+00
18921 +2.407482157e-06 +2.407482157e-06 -5.464999976e+02 -5.464999976e+02 -2.1045e+00 +2.1049e+00 +2.1049e+00 -2.1049e+00 +2.1048e+00
18984 +6.384456128e-07 +6.384456128e-07 -5.464999994e+02 -5.464999994e+02 -2.1050e+00 +2.1047e+00 +2.1048e+00 -2.1048e+00 +2.1049e+00
19181 +5.861382988e-07 +5.861382988e-07 -5.464999994e+02 -5.464999994e+02 -2.1049e+00 +2.1048e+00 +2.1050e+00 -2.1048e+00 +2.1048e+00
19190 +2.066394700e-07 +2.066394700e-07 -5.464999998e+02 -5.464999998e+02 -2.1048e+00 +2.1048e+00 +2.1049e+00 -2.1048e+00 +2.1048e+00
19294 +1.205302169e-07 +1.205302169e-07 -5.464999999e+02 -5.464999999e+02 -2.1048e+00 +2.1048e+00 +2.1049e+00 -2.1048e+00 +2.1049e+00
19356 +7.897290288e-08 +7.897290288e-08 -5.464999999e+02 -5.464999999e+02 -2.1049e+00 +2.1048e+00 +2.1049e+00 -2.1049e+00 +2.1048e+00
19391 +2.061426585e-08 +2.061426585e-08 -5.465000000e+02 -5.465000000e+02 -2.1049e+00 +2.1049e+00 +2.1048e+00 -2.1048e+00 +2.1048e+00
19657 +1.402997896e-08 +1.402997896e-08 -5.465000000e+02 -5.465000000e+02 -2.1048e+00 +2.1048e+00 +2.1048e+00 -2.1048e+00 +2.1048e+00
19660 +5.907395462e-09 +5.907395462e-09 -5.465000000e+02 -5.465000000e+02 -2.1048e+00 +2.1048e+00 +2.1048e+00 -2.1048e+00 +2.1048e+00
19687 +1.869011612e-10 +1.869011612e-10 -5.465000000e+02 -5.465000000e+02 -2.1048e+00 +2.1048e+00 +2.1048e+00 -2.1048e+00 +2.1048e+00
% function evaluation | noise-free fitness - Fopt (-5.465000000000e+02) | best noise-free fitness - Fopt | measured fitness | best measured fitness | x1 | x2...
1 +1.874786299e+05 +1.874786299e+05 +1.869321299e+05 +1.869321299e+05 +3.3321e+00 +2.0421e+00 -5.1385e-01 +3.5177e+00 -3.9647e+00
2 +1.300067256e+05 +1.300067256e+05 +1.294602256e+05 +1.294602256e+05 +5.7460e+00 +3.1171e+00 +2.6882e+00 +4.4254e+00 -2.2162e+00
8 +4.548159457e+04 +4.548159457e+04 +4.493509457e+04 +4.493509457e+04 +5.3428e+00 +3.5071e+00 +2.1853e+00 +4.5539e-01 -1.9276e+00
10 +3.420238939e+04 +3.420238939e+04 +3.365588939e+04 +3.365588939e+04 +3.8602e+00 +6.5513e-01 -2.2251e+00 +1.6658e+00 +1.0795e-01
15 +1.841825138e+04 +1.841825138e+04 +1.787175138e+04 +1.787175138e+04 +4.5284e+00 +2.9986e+00 +8.0288e-02 +8.5431e-01 -3.1063e-01
24 +1.963597426e+03 +1.963597426e+03 +1.417097426e+03 +1.417097426e+03 +4.7136e+00 +3.4164e+00 -7.6757e-01 -1.0985e+00 +1.1870e+00
42 +8.246760318e+02 +8.246760318e+02 +2.781760318e+02 +2.781760318e+02 +2.6286e+00 +3.8111e+00 +9.6955e-01 -3.0163e+00 +2.2766e+00
46 +2.079911036e+02 +2.079911036e+02 -3.385088964e+02 -3.385088964e+02 +2.8983e+00 +3.4904e+00 -1.1664e+00 -1.0241e+00 +1.5376e+00
76 +5.679350727e+01 +5.679350727e+01 -4.897064927e+02 -4.897064927e+02 +1.3790e+00 +4.8084e-01 +1.1820e+00 -2.3798e-01 +2.6243e+00
114 +3.666073812e+01 +3.666073812e+01 -5.098392619e+02 -5.098392619e+02 +1.9083e+00 -5.5733e-01 +1.8610e+00 -8.6511e-01 +1.1378e+00
122 +5.213370187e+00 +5.213370187e+00 -5.412866298e+02 -5.412866298e+02 +3.1996e-01 +9.3385e-01 +7.9067e-01 -1.0609e+00 +1.0779e+00
138 +3.936791069e+00 +3.936791069e+00 -5.425632089e+02 -5.425632089e+02 -3.6169e-02 +1.3904e+00 +3.5334e-01 -2.3603e+00 +1.6731e+00
1866 +2.386888467e+00 +2.386888467e+00 -5.441131115e+02 -5.441131115e+02 -1.9423e+00 +1.3222e+00 -2.7660e-01 -1.7500e+00 +1.0814e+00
1931 +1.168568215e+00 +1.168568215e+00 -5.453314318e+02 -5.453314318e+02 -2.1647e+00 +2.2427e+00 +2.3639e-02 -2.6394e+00 +1.8969e+00
2183 +9.974761863e-01 +9.974761863e-01 -5.455025238e+02 -5.455025238e+02 -2.2729e+00 +1.9199e+00 +1.6624e-01 -2.6193e+00 +1.9924e+00
2221 +5.862659653e-01 +5.862659653e-01 -5.459137340e+02 -5.459137340e+02 -2.2331e+00 +2.0211e+00 +6.0291e-02 -2.6031e+00 +2.0118e+00
2278 +3.787248218e-01 +3.787248218e-01 -5.461212752e+02 -5.461212752e+02 -2.0684e+00 +2.0436e+00 +1.0168e-01 -2.5833e+00 +1.9776e+00
2476 +2.469197619e-01 +2.469197619e-01 -5.462530802e+02 -5.462530802e+02 -2.1027e+00 +2.1129e+00 +7.7978e-02 -2.6013e+00 +1.9821e+00
257337 +9.125972590e-02 +9.125972590e-02 -5.464087403e+02 -5.464087403e+02 -2.1217e+00 +2.1367e+00 +2.1049e+00 -2.1378e+00 +2.1008e+00
264746 +3.028758279e-02 +3.028758279e-02 -5.464697124e+02 -5.464697124e+02 -2.1393e+00 +2.1171e+00 +2.1034e+00 -2.0934e+00 +2.1027e+00
268632 +1.294778363e-02 +1.294778363e-02 -5.464870522e+02 -5.464870522e+02 -2.0889e+00 +2.1069e+00 +2.0956e+00 -2.1183e+00 +2.0986e+00
274369 +6.859908866e-03 +6.859908866e-03 -5.464931401e+02 -5.464931401e+02 -2.0864e+00 +2.1091e+00 +2.0960e+00 -2.1069e+00 +2.1082e+00
275567 +6.190219803e-03 +6.190219803e-03 -5.464938098e+02 -5.464938098e+02 -2.0980e+00 +2.1095e+00 +2.0954e+00 -2.1087e+00 +2.0982e+00
275644 +1.460375845e-03 +1.460375845e-03 -5.464985396e+02 -5.464985396e+02 -2.0963e+00 +2.1076e+00 +2.1077e+00 -2.1056e+00 +2.1060e+00
276916 +9.176092329e-04 +9.176092329e-04 -5.464990824e+02 -5.464990824e+02 -2.1003e+00 +2.1076e+00 +2.1022e+00 -2.1027e+00 +2.1063e+00
277180 +5.403605364e-04 +5.403605364e-04 -5.464994596e+02 -5.464994596e+02 -2.1037e+00 +2.1042e+00 +2.1046e+00 -2.1032e+00 +2.1071e+00
277830 +3.749692759e-04 +3.749692759e-04 -5.464996250e+02 -5.464996250e+02 -2.1038e+00 +2.1082e+00 +2.1036e+00 -2.1037e+00 +2.1059e+00
279247 +1.546956780e-04 +1.546956780e-04 -5.464998453e+02 -5.464998453e+02 -2.1064e+00 +2.1069e+00 +2.1046e+00 -2.1044e+00 +2.1051e+00
279865 +3.004528276e-05 +3.004528276e-05 -5.464999700e+02 -5.464999700e+02 -2.1050e+00 +2.1044e+00 +2.1052e+00 -2.1041e+00 +2.1052e+00
280562 +2.456119864e-05 +2.456119864e-05 -5.464999754e+02 -5.464999754e+02 -2.1039e+00 +2.1054e+00 +2.1053e+00 -2.1048e+00 +2.1050e+00
281907 +8.683123951e-06 +8.683123951e-06 -5.464999913e+02 -5.464999913e+02 -2.1056e+00 +2.1048e+00 +2.1049e+00 -2.1050e+00 +2.1050e+00
282882 +4.834370088e-06 +4.834370088e-06 -5.464999952e+02 -5.464999952e+02 -2.1053e+00 +2.1049e+00 +2.1050e+00 -2.1049e+00 +2.1048e+00
283044 +3.803840173e-06 +3.803840173e-06 -5.464999962e+02 -5.464999962e+02 -2.1050e+00 +2.1046e+00 +2.1048e+00 -2.1050e+00 +2.1047e+00
283484 +1.572411406e-06 +1.572411406e-06 -5.464999984e+02 -5.464999984e+02 -2.1049e+00 +2.1050e+00 +2.1048e+00 -2.1048e+00 +2.1048e+00
283970 +8.656576256e-07 +8.656576256e-07 -5.464999991e+02 -5.464999991e+02 -2.1050e+00 +2.1049e+00 +2.1049e+00 -2.1049e+00 +2.1048e+00
284841 +4.708448387e-07 +4.708448387e-07 -5.464999995e+02 -5.464999995e+02 -2.1049e+00 +2.1048e+00 +2.1049e+00 -2.1048e+00 +2.1048e+00
285209 +3.371077355e-07 +3.371077355e-07 -5.464999997e+02 -5.464999997e+02 -2.1048e+00 +2.1050e+00 +2.1048e+00 -2.1049e+00 +2.1049e+00
285240 +1.534771172e-07 +1.534771172e-07 -5.464999998e+02 -5.464999998e+02 -2.1048e+00 +2.1048e+00 +2.1049e+00 -2.1049e+00 +2.1048e+00
286313 +8.737231383e-08 +8.737231383e-08 -5.464999999e+02 -5.464999999e+02 -2.1049e+00 +2.1048e+00 +2.1049e+00 -2.1048e+00 +2.1049e+00
286967 +5.545257409e-08 +5.545257409e-08 -5.464999999e+02 -5.464999999e+02 -2.1049e+00 +2.1048e+00 +2.1048e+00 -2.1048e+00 +2.1049e+00
287155 +2.922786280e-08 +2.922786280e-08 -5.465000000e+02 -5.465000000e+02 -2.1048e+00 +2.1048e+00 +2.1048e+00 -2.1049e+00 +2.1048e+00
287517 +2.230854079e-08 +2.230854079e-08 -5.465000000e+02 -5.465000000e+02 -2.1048e+00 +2.1048e+00 +2.1048e+00 -2.1049e+00 +2.1048e+00
288228 +1.362320745e-08 +1.362320745e-08 -5.465000000e+02 -5.465000000e+02 -2.1048e+00 +2.1048e+00 +2.1048e+00 -2.1049e+00 +2.1048e+00
288410 +4.698449629e-09 +4.698449629e-09 -5.465000000e+02 -5.465000000e+02 -2.1048e+00 +2.1048e+00 +2.1048e+00 -2.1048e+00 +2.1048e+00
289011 +3.966533768e-10 +3.966533768e-10 -5.465000000e+02 -5.465000000e+02 -2.1048e+00 +2.1048e+00 +2.1048e+00 -2.1048e+00 +2.1048e+00
% function evaluation | noise-free fitness - Fopt (1.000000000000e+03) | best noise-free fitness - Fopt | measured fitness | best measured fitness | x1 | x2...
1 +4.800165973e+04 +4.800165973e+04 +4.900165973e+04 +4.900165973e+04 -3.2284e+00 +3.9536e+00 +1.2524e+00 +1.2841e+00 +1.3989e+00
4 +1.254315504e+04 +1.254315504e+04 +1.354315504e+04 +1.354315504e+04 -4.5787e+00 +1.8985e+00 +3.3373e+00 -1.2869e+00 -9.8076e-01
8 +9.970327522e+03 +9.970327522e+03 +1.097032752e+04 +1.097032752e+04 -3.8366e+00 +2.4829e+00 -3.3682e-01 -2.0849e+00 +8.5161e-01
17 +1.483761567e+03 +1.483761567e+03 +2.483761567e+03 +2.483761567e+03 -2.8249e+00 +3.1493e+00 +1.5530e+00 -1.7817e+00 -1.6287e+00
22 +2.654502822e+02 +2.654502822e+02 +1.265450282e+03 +1.265450282e+03 -1.7537e+00 +1.7764e+00 -4.7200e-01 -4.0408e-01 -2.8779e+00
68 +4.062464305e+00 +4.062464305e+00 +1.004062464e+03 +1.004062464e+03 -6.6152e-01 -8.4712e-02 -1.4139e+00 -6.4096e-01 -1.9017e+00
142 +3.348504828e+00 +3.348504828e+00 +1.003348505e+03 +1.003348505e+03 +2.2104e-01 +2.6020e+00 -7.5145e-01 -2.2224e+00 -2.1145e+00
179 +1.863523415e+00 +1.863523415e+00 +1.001863523e+03 +1.001863523e+03 -9.7325e-01 +2.4762e+00 -1.4996e+00 -6.9920e-01 -2.5081e+00
433 +1.284443448e+00 +1.284443448e+00 +1.001284443e+03 +1.001284443e+03 -2.2052e+00 -5.1789e-01 -2.7035e+00 -3.7785e-01 -1.3997e+00
452 +8.230072002e-01 +8.230072002e-01 +1.000823007e+03 +1.000823007e+03 -2.1345e+00 -6.0049e-01 -2.8088e+00 -3.6697e-01 -1.3931e+00
16538 +6.016756631e-01 +6.016756631e-01 +1.000601676e+03 +1.000601676e+03 -2.1397e+00 +2.1255e+00 -1.2093e-01 -2.5502e+00 -1.9612e+00
17090 +3.960045386e-01 +3.960045386e-01 +1.000396005e+03 +1.000396005e+03 -2.0748e+00 +2.1201e+00 -7.0149e-02 -2.6165e+00 -2.0156e+00
17492 +2.408825733e-01 +2.408825733e-01 +1.000240883e+03 +1.000240883e+03 -2.1054e+00 +2.0971e+00 -6.7310e-02 -2.6082e+00 -1.9783e+00
116809 +1.462688260e-01 +1.462688260e-01 +1.000146269e+03 +1.000146269e+03 -2.1919e+00 +2.1318e+00 -2.1083e+00 -2.1064e+00 -2.1200e+00
117648 +7.349946694e-02 +7.349946694e-02 +1.000073499e+03 +1.000073499e+03 -2.1504e+00 +2.0786e+00 -2.1425e+00 -2.0805e+00 -2.1180e+00
119541 +4.860693711e-02 +4.860693711e-02 +1.000048607e+03 +1.000048607e+03 -2.1538e+00 +2.1008e+00 -2.1143e+00 -2.1158e+00 -2.0917e+00
120844 +1.505590323e-02 +1.505590323e-02 +1.000015056e+03 +1.000015056e+03 -2.1038e+00 +2.1263e+00 -2.1001e+00 -2.1171e+00 -2.1015e+00
122063 +5.724678049e-03 +5.724678049e-03 +1.000005725e+03 +1.000005725e+03 -2.1226e+00 +2.0977e+00 -2.1074e+00 -2.1021e+00 -2.1101e+00
122433 +2.591571942e-03 +2.591571942e-03 +1.000002592e+03 +1.000002592e+03 -2.0993e+00 +2.0972e+00 -2.1086e+00 -2.1072e+00 -2.1035e+00
122882 +1.751772424e-03 +1.751772424e-03 +1.000001752e+03 +1.000001752e+03 -2.0948e+00 +2.1047e+00 -2.1078e+00 -2.1040e+00 -2.1069e+00
122889 +1.238840900e-03 +1.238840900e-03 +1.000001239e+03 +1.000001239e+03 -2.0990e+00 +2.1113e+00 -2.1040e+00 -2.1024e+00 -2.1051e+00
123514 +7.485430954e-04 +7.485430954e-04 +1.000000749e+03 +1.000000749e+03 -2.1059e+00 +2.1071e+00 -2.1046e+00 -2.1058e+00 -2.1022e+00
123823 +3.534611674e-04 +3.534611674e-04 +1.000000353e+03 +1.000000353e+03 -2.1075e+00 +2.1057e+00 -2.1042e+00 -2.1032e+00 -2.1059e+00
123847 +1.459739520e-04 +1.459739520e-04 +1.000000146e+03 +1.000000146e+03 -2.1085e+00 +2.1040e+00 -2.1051e+00 -2.1050e+00 -2.1046e+00
124704 +6.599929179e-05 +6.599929179e-05 +1.000000066e+03 +1.000000066e+03 -2.1055e+00 +2.1048e+00 -2.1039e+00 -2.1044e+00 -2.1052e+00
125358 +1.344752616e-05 +1.344752616e-05 +1.000000013e+03 +1.000000013e+03 -2.1047e+00 +2.1056e+00 -2.1046e+00 -2.1047e+00 -2.1049e+00
126103 +7.880454177e-06 +7.880454177e-06 +1.000000008e+03 +1.000000008e+03 -2.1051e+00 +2.1046e+00 -2.1051e+00 -2.1045e+00 -2.1050e+00
126382 +2.925995659e-06 +2.925995659e-06 +1.000000003e+03 +1.000000003e+03 -2.1048e+00 +2.1046e+00 -2.1051e+00 -2.1048e+00 -2.1048e+00
126933 +2.228018957e-06 +2.228018957e-06 +1.000000002e+03 +1.000000002e+03 -2.1048e+00 +2.1050e+00 -2.1050e+00 -2.1048e+00 -2.1048e+00
127287 +1.288609155e-06 +1.288609155e-06 +1.000000001e+03 +1.000000001e+03 -2.1046e+00 +2.1050e+00 -2.1048e+00 -2.1049e+00 -2.1048e+00
127428 +6.938056458e-07 +6.938056458e-07 +1.000000001e+03 +1.000000001e+03 -2.1049e+00 +2.1047e+00 -2.1049e+00 -2.1048e+00 -2.1049e+00
127475 +5.621624268e-07 +5.621624268e-07 +1.000000001e+03 +1.000000001e+03 -2.1049e+00 +2.1049e+00 -2.1048e+00 -2.1049e+00 -2.1048e+00
127584 +3.174357062e-07 +3.174357062e-07 +1.000000000e+03 +1.000000000e+03 -2.1048e+00 +2.1048e+00 -2.1049e+00 -2.1048e+00 -2.1049e+00
127994 +1.132036687e-07 +1.132036687e-07 +1.000000000e+03 +1.000000000e+03 -2.1048e+00 +2.1049e+00 -2.1048e+00 -2.1048e+00 -2.1048e+00
128188 +5.446054274e-08 +5.446054274e-08 +1.000000000e+03 +1.000000000e+03 -2.1048e+00 +2.1048e+00 -2.1048e+00 -2.1048e+00 -2.1048e+00
128506 +1.584942311e-08 +1.584942311e-08 +1.000000000e+03 +1.000000000e+03 -2.1048e+00 +2.1048e+00 -2.1048e+00 -2.1048e+00 -2.1048e+00
128953 +1.449791398e-08 +1.449791398e-08 +1.000000000e+03 +1.000000000e+03 -2.1049e+00 +2.1048e+00 -2.1048e+00 -2.1049e+00 -2.1048e+00
129372 +3.364903023e-09 +3.364903023e-09 +1.000000000e+03 +1.000000000e+03 -2.1049e+00 +2.1048e+00 -2.1049e+00 -2.1048e+00 -2.1048e+00
129437 +4.854427971e-10 +4.854427971e-10 +1.000000000e+03 +1.000000000e+03 -2.1048e+00 +2.1048e+00 -2.1048e+00 -2.1048e+00 -2.1048e+00
% function evaluation | noise-free fitness - Fopt (1.000000000000e+03) | best noise-free fitness - Fopt | measured fitness | best measured fitness | x1 | x2...
1 +1.997720022e+04 +1.997720022e+04 +2.097720022e+04 +2.097720022e+04 +2.7008e-01 +2.7016e+00 -2.5806e-01 -3.2916e-01 +1.1310e+00
9 +3.825250514e+03 +3.825250514e+03 +4.825250514e+03 +4.825250514e+03 -1.9005e+00 +2.5734e+00 -2.1928e+00 -2.6077e+00 -3.0428e+00
11 +8.297825573e+01 +8.297825573e+01 +1.082978256e+03 +1.082978256e+03 -2.8441e+00 +2.3349e-02 -5.1095e-01 -4.4148e-01 -1.3958e+00
66 +5.640744162e+01 +5.640744162e+01 +1.056407442e+03 +1.056407442e+03 -2.8509e+00 +7.2899e-01 -9.2727e-01 -2.4316e+00 -2.1711e+00
73 +3.897392323e+00 +3.897392323e+00 +1.003897392e+03 +1.003897392e+03 -2.3286e+00 +1.5308e+00 -8.5234e-01 -7.9807e-01 -2.1032e+00
109 +2.213269694e+00 +2.213269694e+00 +1.002213270e+03 +1.002213270e+03 -2.2370e+00 +1.8968e+00 -1.2513e+00 -1.1449e+00 -2.3397e+00
208 +1.513949961e+00 +1.513949961e+00 +1.001513950e+03 +1.001513950e+03 -2.1690e+00 +2.1582e+00 -1.2108e+00 -7.6375e-01 -2.4625e+00
385 +8.567905853e-01 +8.567905853e-01 +1.000856791e+03 +1.000856791e+03 -1.9618e+00 +2.0985e+00 -2.0805e+00 -9.7543e-01 -2.3820e+00
474 +6.301967998e-01 +6.301967998e-01 +1.000630197e+03 +1.000630197e+03 -2.0929e+00 +2.1141e+00 -2.0785e+00 -9.4367e-01 -2.3980e+00
34016 +3.014442381e-01 +3.014442381e-01 +1.000301444e+03 +1.000301444e+03 +1.5005e+00 +2.9904e+00 -1.8791e+00 -2.1514e+00 -2.1161e+00
34865 +2.488897429e-01 +2.488897429e-01 +1.000248890e+03 +1.000248890e+03 +1.5249e+00 +2.9943e+00 -1.8940e+00 -2.1564e+00 -2.0938e+00
76776 +7.341176170e-02 +7.341176170e-02 +1.000073412e+03 +1.000073412e+03 -2.0868e+00 +2.1086e+00 -2.1063e+00 -2.1016e+00 -2.0791e+00
141992 +1.653010940e-02 +1.653010940e-02 +1.000016530e+03 +1.000016530e+03 -2.0994e+00 +2.1024e+00 -2.1008e+00 -2.0902e+00 -2.1124e+00
144923 +1.263063581e-02 +1.263063581e-02 +1.000012631e+03 +1.000012631e+03 -2.0816e+00 +2.1079e+00 -2.0976e+00 -2.1049e+00 -2.1122e+00
145507 +8.627119309e-03 +8.627119309e-03 +1.000008627e+03 +1.000008627e+03 -2.0886e+00 +2.1214e+00 -2.1072e+00 -2.1025e+00 -2.1014e+00
145536 +3.237656122e-03 +3.237656122e-03 +1.000003238e+03 +1.000003238e+03 -2.1219e+00 +2.1045e+00 -2.1050e+00 -2.1051e+00 -2.1053e+00
146899 +2.291744762e-03 +2.291744762e-03 +1.000002292e+03 +1.000002292e+03 -2.0962e+00 +2.1114e+00 -2.1026e+00 -2.1099e+00 -2.1032e+00
146979 +1.544494030e-03 +1.544494030e-03 +1.000001544e+03 +1.000001544e+03 -2.1071e+00 +2.1040e+00 -2.1084e+00 -2.1050e+00 -2.1015e+00
147136 +5.343150020e-04 +5.343150020e-04 +1.000000534e+03 +1.000000534e+03 -2.1041e+00 +2.1066e+00 -2.1055e+00 -2.1074e+00 -2.1037e+00
147245 +3.563848619e-04 +3.563848619e-04 +1.000000356e+03 +1.000000356e+03 -2.1092e+00 +2.1020e+00 -2.1067e+00 -2.1040e+00 -2.1044e+00
147558 +2.248947339e-04 +2.248947339e-04 +1.000000225e+03 +1.000000225e+03 -2.1031e+00 +2.1070e+00 -2.1049e+00 -2.1039e+00 -2.1042e+00
147843 +1.454183322e-04 +1.454183322e-04 +1.000000145e+03 +1.000000145e+03 -2.1078e+00 +2.1054e+00 -2.1041e+00 -2.1053e+00 -2.1051e+00
148126 +9.511565395e-05 +9.511565395e-05 +1.000000095e+03 +1.000000095e+03 -2.1072e+00 +2.1054e+00 -2.1048e+00 -2.1045e+00 -2.1046e+00
148574 +5.673093654e-05 +5.673093654e-05 +1.000000057e+03 +1.000000057e+03 -2.1042e+00 +2.1062e+00 -2.1038e+00 -2.1048e+00 -2.1050e+00
148785 +2.240838342e-05 +2.240838342e-05 +1.000000022e+03 +1.000000022e+03 -2.1041e+00 +2.1043e+00 -2.1049e+00 -2.1047e+00 -2.1051e+00
148876 +1.389850206e-05 +1.389850206e-05 +1.000000014e+03 +1.000000014e+03 -2.1050e+00 +2.1046e+00 -2.1046e+00 -2.1053e+00 -2.1047e+00
149103 +8.688426192e-06 +8.688426192e-06 +1.000000009e+03 +1.000000009e+03 -2.1050e+00 +2.1047e+00 -2.1051e+00 -2.1049e+00 -2.1050e+00
149259 +3.885605565e-06 +3.885605565e-06 +1.000000004e+03 +1.000000004e+03 -2.1046e+00 +2.1052e+00 -2.1046e+00 -2.1050e+00 -2.1048e+00
150150 +1.537503294e-06 +1.537503294e-06 +1.000000002e+03 +1.000000002e+03 -2.1050e+00 +2.1048e+00 -2.1049e+00 -2.1049e+00 -2.1049e+00
150235 +5.728195447e-07 +5.728195447e-07 +1.000000001e+03 +1.000000001e+03 -2.1049e+00 +2.1048e+00 -2.1048e+00 -2.1048e+00 -2.1048e+00
150696 +3.645171773e-07 +3.645171773e-07 +1.000000000e+03 +1.000000000e+03 -2.1050e+00 +2.1047e+00 -2.1049e+00 -2.1048e+00 -2.1048e+00
151186 +1.287750138e-07 +1.287750138e-07 +1.000000000e+03 +1.000000000e+03 -2.1049e+00 +2.1048e+00 -2.1049e+00 -2.1049e+00 -2.1048e+00
151265 +9.622135622e-08 +9.622135622e-08 +1.000000000e+03 +1.000000000e+03 -2.1049e+00 +2.1049e+00 -2.1048e+00 -2.1049e+00 -2.1049e+00
151701 +1.759576662e-08 +1.759576662e-08 +1.000000000e+03 +1.000000000e+03 -2.1048e+00 +2.1049e+00 -2.1048e+00 -2.1049e+00 -2.1048e+00
152172 +8.574261301e-09 +8.574261301e-09 +1.000000000e+03 +1.000000000e+03 -2.1048e+00 +2.1049e+00 -2.1048e+00 -2.1049e+00 -2.1048e+00
152670 +6.658638085e-10 +6.658638085e-10 +1.000000000e+03 +1.000000000e+03 -2.1048e+00 +2.1048e+00 -2.1048e+00 -2.1048e+00 -2.1048e+00
% function evaluation | noise-free fitness - Fopt (1.000000000000e+03) | best noise-free fitness - Fopt | measured fitness | best measured fitness | x1 | x2...
1 +1.462216795e+04 +1.462216795e+04 +1.562216795e+04 +1.562216795e+04 +3.4476e+00 +1.1828e+00 +1.6554e+00 -2.8738e+00 -3.7533e+00
9 +5.073445487e+03 +5.073445487e+03 +6.073445487e+03 +6.073445487e+03 +3.5903e+00 +5.6518e-01 +1.3145e+00 -1.8850e-01 -3.2521e+00
13 +3.779374644e+03 +3.779374644e+03 +4.779374644e+03 +4.779374644e+03 +4.8713e+00 +1.2942e+00 +4.2520e-01 -3.5910e+00 -2.1903e+00
28 +2.116878937e+03 +2.116878937e+03 +3.116878937e+03 +3.116878937e+03 +3.2090e+00 +3.4115e+00 +1.7692e+00 -1.8954e+00 -2.7162e+00
34 +1.493681734e+03 +1.493681734e+03 +2.493681734e+03 +2.493681734e+03 +2.3529e+00 +3.5060e+00 +9.6778e-01 -1.2341e-01 -2.7428e+00
41 +8.710121898e+02 +8.710121898e+02 +1.871012190e+03 +1.871012190e+03 +3.9725e+00 +1.9797e+00 +1.5284e-01 -2.5837e+00 -1.9677e+00
53 +4.636102732e+02 +4.636102732e+02 +1.463610273e+03 +1.463610273e+03 +2.8910e+00 +3.2315e+00 +1.3279e+00 -2.4930e+00 -1.3161e+00
58 +2.526593503e+02 +2.526593503e+02 +1.252659350e+03 +1.252659350e+03 +3.2496e+00 +3.9122e+00 +7.8695e-01 -1.4916e+00 -1.5883e+00
59 +5.104773888e+00 +5.104773888e+00 +1.005104774e+03 +1.005104774e+03 +2.0915e+00 +3.2413e+00 +5.4278e-01 -1.4899e+00 -1.9334e+00
94 +3.423198488e+00 +3.423198488e+00 +1.003423198e+03 +1.003423198e+03 +2.1463e+00 +3.3044e+00 -5.6268e-01 -1.3111e+00 -2.3132e+00
196 +2.183811694e+00 +2.183811694e+00 +1.002183812e+03 +1.002183812e+03 -1.8403e+00 +2.0754e+00 -6.3212e-01 -5.5625e-01 -2.4810e+00
423 +1.559665502e+00 +1.559665502e+00 +1.001559666e+03 +1.001559666e+03 -1.0791e+00 +2.3694e+00 -2.0288e+00 -9.2235e-01 -1.2912e+00
2541 +7.193937260e-01 +7.193937260e-01 +1.000719394e+03 +1.000719394e+03 -2.0670e+00 +2.0915e+00 -2.0476e+00 -5.6060e-01 -1.3687e+00
2608 +5.439568450e-01 +5.439568450e-01 +1.000543957e+03 +1.000543957e+03 -2.0933e+00 +2.0785e+00 -2.1112e+00 -5.4709e-01 -1.3487e+00
55659 +1.592346895e-01 +1.592346895e-01 +1.000159235e+03 +1.000159235e+03 -2.2235e+00 +2.0949e+00 -2.1037e+00 -2.0910e+00 -2.1049e+00
56833 +1.035495158e-01 +1.035495158e-01 +1.000103550e+03 +1.000103550e+03 -2.1179e+00 +2.1175e+00 -2.0733e+00 -2.0775e+00 -2.1169e+00
56915 +7.030276696e-02 +7.030276696e-02 +1.000070303e+03 +1.000070303e+03 -2.0880e+00 +2.0603e+00 -2.1095e+00 -2.0831e+00 -2.1092e+00
57226 +5.970902432e-02 +5.970902432e-02 +1.000059709e+03 +1.000059709e+03 -2.1416e+00 +2.1005e+00 -2.1420e+00 -2.0963e+00 -2.1005e+00
57293 +3.950598611e-02 +3.950598611e-02 +1.000039506e+03 +1.000039506e+03 -2.0948e+00 +2.1434e+00 -2.0843e+00 -2.1200e+00 -2.0935e+00
57407 +1.468468641e-02 +1.468468641e-02 +1.000014685e+03 +1.000014685e+03 -2.0827e+00 +2.1161e+00 -2.1025e+00 -2.1146e+00 -2.0958e+00
57632 +4.428930963e-03 +4.428930963e-03 +1.000004429e+03 +1.000004429e+03 -2.1106e+00 +2.1083e+00 -2.0970e+00 -2.1123e+00 -2.1050e+00
57889 +2.269940839e-03 +2.269940839e-03 +1.000002270e+03 +1.000002270e+03 -2.1060e+00 +2.1046e+00 -2.1025e+00 -2.1096e+00 -2.1069e+00
58371 +1.094611641e-03 +1.094611641e-03 +1.000001095e+03 +1.000001095e+03 -2.0979e+00 +2.1048e+00 -2.1028e+00 -2.1077e+00 -2.1052e+00
58393 +7.818507039e-04 +7.818507039e-04 +1.000000782e+03 +1.000000782e+03 -2.0995e+00 +2.1050e+00 -2.1079e+00 -2.1058e+00 -2.1045e+00
58597 +5.359575937e-04 +5.359575937e-04 +1.000000536e+03 +1.000000536e+03 -2.1050e+00 +2.1083e+00 -2.1009e+00 -2.1056e+00 -2.1045e+00
58604 +2.808251299e-04 +2.808251299e-04 +1.000000281e+03 +1.000000281e+03 -2.1024e+00 +2.1027e+00 -2.1067e+00 -2.1040e+00 -2.1055e+00
58638 +1.998007351e-04 +1.998007351e-04 +1.000000200e+03 +1.000000200e+03 -2.1046e+00 +2.1030e+00 -2.1042e+00 -2.1040e+00 -2.1044e+00
58774 +5.472207158e-05 +5.472207158e-05 +1.000000055e+03 +1.000000055e+03 -2.1048e+00 +2.1052e+00 -2.1059e+00 -2.1050e+00 -2.1048e+00
59018 +3.790213589e-05 +3.790213589e-05 +1.000000038e+03 +1.000000038e+03 -2.1062e+00 +2.1038e+00 -2.1047e+00 -2.1048e+00 -2.1051e+00
59358 +2.264266493e-05 +2.264266493e-05 +1.000000023e+03 +1.000000023e+03 -2.1053e+00 +2.1053e+00 -2.1043e+00 -2.1053e+00 -2.1046e+00
59484 +9.388483136e-06 +9.388483136e-06 +1.000000009e+03 +1.000000009e+03 -2.1054e+00 +2.1046e+00 -2.1050e+00 -2.1047e+00 -2.1051e+00
59615 +1.372058932e-06 +1.372058932e-06 +1.000000001e+03 +1.000000001e+03 -2.1049e+00 +2.1048e+00 -2.1050e+00 -2.1048e+00 -2.1048e+00
59900 +9.782379493e-07 +9.782379493e-07 +1.000000001e+03 +1.000000001e+03 -2.1050e+00 +2.1047e+00 -2.1050e+00 -2.1047e+00 -2.1048e+00
60370 +3.986339152e-07 +3.986339152e-07 +1.000000000e+03 +1.000000000e+03 -2.1048e+00 +2.1047e+00 -2.1049e+00 -2.1048e+00 -2.1048e+00
60463 +3.246090046e-07 +3.246090046e-07 +1.000000000e+03 +1.000000000e+03 -2.1048e+00 +2.1049e+00 -2.1049e+00 -2.1048e+00 -2.1048e+00
60642 +2.486698349e-07 +2.486698349e-07 +1.000000000e+03 +1.000000000e+03 -2.1049e+00 +2.1049e+00 -2.1049e+00 -2.1049e+00 -2.1048e+00
60687 +9.681400570e-08 +9.681400570e-08 +1.000000000e+03 +1.000000000e+03 -2.1048e+00 +2.1048e+00 -2.1049e+00 -2.1048e+00 -2.1049e+00
60904 +5.648666956e-08 +5.648666956e-08 +1.000000000e+03 +1.000000000e+03 -2.1048e+00 +2.1048e+00 -2.1048e+00 -2.1048e+00 -2.1048e+00
60943 +2.269996457e-08 +2.269996457e-08 +1.000000000e+03 +1.000000000e+03 -2.1049e+00 +2.1048e+00 -2.1049e+00 -2.1048e+00 -2.1049e+00
61099 +9.851532923e-09 +9.851532923e-09 +1.000000000e+03 +1.000000000e+03 -2.1048e+00 +2.1049e+00 -2.1048e+00 -2.1049e+00 -2.1048e+00
61144 +2.017031875e-09 +2.017031875e-09 +1.000000000e+03 +1.000000000e+03 -2.1048e+00 +2.1048e+00 -2.1048e+00 -2.1048e+00 -2.1048e+00
% function evaluation | noise-free fitness - Fopt (2.083800000000e+02) | best noise-free fitness - Fopt | measured fitness | best measured fitness | x1 | x2...
1 +8.331596678e+03 +8.331596678e+03 +8.539976678e+03 +8.539976678e+03 -3.6149e+00 +3.8319e+00 -1.7226e+00 +3.1898e+00 +3.0407e+00
15 +1.916187380e+03 +1.916187380e+03 +2.124567380e+03 +2.124567380e+03 -2.7006e+00 +3.5869e+00 +1.3024e-01 +2.6227e+00 +2.4967e+00
18 +1.380110453e+03 +1.380110453e+03 +1.588490453e+03 +1.588490453e+03 -1.5419e+00 +1.9266e+00 -4.1136e-01 +2.8301e+00 -1.1939e-01
26 +3.399463640e+02 +3.399463640e+02 +5.483263640e+02 +5.483263640e+02 +1.7276e-01 +3.6597e+00 -3.2949e-01 +1.5724e+00 +1.3225e+00
34 +3.779189226e+00 +3.779189226e+00 +2.121591892e+02 +2.121591892e+02 -5.9877e-01 +2.5182e+00 +5.0184e-01 +1.6179e+00 +1.2209e+00
112 +1.967016180e+00 +1.967016180e+00 +2.103470162e+02 +2.103470162e+02 +1.5526e+00 +2.2930e+00 +8.3476e-01 +9.2995e-01 +2.4143e+00
415 +1.363850441e+00 +1.363850441e+00 +2.097438504e+02 +2.097438504e+02 +1.7128e-01 +2.6361e+00 +1.9457e+00 +6.4351e-01 +1.3258e+00
14710 +7.057960647e-01 +7.057960647e-01 +2.090857961e+02 +2.090857961e+02 -2.1992e+00 +2.0613e+00 +2.0512e+00 +5.8375e-01 +1.3468e+00
15044 +6.069917348e-01 +6.069917348e-01 +2.089869917e+02 +2.089869917e+02 -2.0192e+00 +2.1495e+00 +2.1065e+00 +5.8978e-01 +1.3200e+00
33203 +3.785849109e-01 +3.785849109e-01 +2.087585849e+02 +2.087585849e+02 -2.0825e+00 +2.1469e+00 +2.0647e+00 +6.2643e-01 +2.4841e+00
33703 +2.470738325e-01 +2.470738325e-01 +2.086270738e+02 +2.086270738e+02 -2.1079e+00 +2.1024e+00 +2.1137e+00 +5.8866e-01 +2.4819e+00
57418 +9.175801393e-02 +9.175801393e-02 +2.084717580e+02 +2.084717580e+02 -2.0942e+00 +2.0805e+00 +2.0851e+00 +2.0890e+00 +2.0909e+00
57655 +3.050654076e-02 +3.050654076e-02 +2.084105065e+02 +2.084105065e+02 -2.1042e+00 +2.0747e+00 +2.1302e+00 +2.0928e+00 +2.1032e+00
59573 +2.024321809e-02 +2.024321809e-02 +2.084002432e+02 +2.084002432e+02 -2.0777e+00 +2.0972e+00 +2.1100e+00 +2.1126e+00 +2.0965e+00
59603 +1.417096231e-02 +1.417096231e-02 +2.083941710e+02 +2.083941710e+02 -2.0837e+00 +2.0921e+00 +2.1011e+00 +2.1120e+00 +2.1041e+00
60044 +8.802255909e-03 +8.802255909e-03 +2.083888023e+02 +2.083888023e+02 -2.1119e+00 +2.0934e+00 +2.1205e+00 +2.1034e+00 +2.1020e+00
60306 +4.960868651e-03 +4.960868651e-03 +2.083849609e+02 +2.083849609e+02 -2.0885e+00 +2.1092e+00 +2.1023e+00 +2.1000e+00 +2.1038e+00
60429 +2.232817211e-03 +2.232817211e-03 +2.083822328e+02 +2.083822328e+02 -2.1044e+00 +2.1103e+00 +2.1005e+00 +2.1090e+00 +2.1008e+00
60799 +1.162630439e-03 +1.162630439e-03 +2.083811626e+02 +2.083811626e+02 -2.1023e+00 +2.0995e+00 +2.1096e+00 +2.1026e+00 +2.1050e+00
60813 +8.930654940e-04 +8.930654940e-04 +2.083808931e+02 +2.083808931e+02 -2.1028e+00 +2.1094e+00 +2.1059e+00 +2.1021e+00 +2.1063e+00
60881 +4.959652981e-04 +4.959652981e-04 +2.083804960e+02 +2.083804960e+02 -2.1091e+00 +2.1053e+00 +2.1038e+00 +2.1032e+00 +2.1059e+00
61015 +3.800210609e-04 +3.800210609e-04 +2.083803800e+02 +2.083803800e+02 -2.1059e+00 +2.1070e+00 +2.1028e+00 +2.1036e+00 +2.1048e+00
61106 +1.109556966e-04 +1.109556966e-04 +2.083801110e+02 +2.083801110e+02 -2.1034e+00 +2.1060e+00 +2.1058e+00 +2.1050e+00 +2.1053e+00
61530 +8.775316252e-05 +8.775316252e-05 +2.083800878e+02 +2.083800878e+02 -2.1042e+00 +2.1051e+00 +2.1041e+00 +2.1055e+00 +2.1054e+00
61635 +1.050347797e-05 +1.050347797e-05 +2.083800105e+02 +2.083800105e+02 -2.1052e+00 +2.1048e+00 +2.1053e+00 +2.1046e+00 +2.1049e+00
62165 +3.252930441e-06 +3.252930441e-06 +2.083800033e+02 +2.083800033e+02 -2.1050e+00 +2.1049e+00 +2.1049e+00 +2.1046e+00 +2.1050e+00
62372 +2.227112560e-06 +2.227112560e-06 +2.083800022e+02 +2.083800022e+02 -2.1048e+00 +2.1050e+00 +2.1050e+00 +2.1047e+00 +2.1048e+00
62603 +9.468176358e-07 +9.468176358e-07 +2.083800009e+02 +2.083800009e+02 -2.1048e+00 +2.1050e+00 +2.1049e+00 +2.1049e+00 +2.1048e+00
62680 +6.243897133e-07 +6.243897133e-07 +2.083800006e+02 +2.083800006e+02 -2.1050e+00 +2.1047e+00 +2.1049e+00 +2.1048e+00 +2.1049e+00
62865 +3.269994124e-07 +3.269994124e-07 +2.083800003e+02 +2.083800003e+02 -2.1049e+00 +2.1048e+00 +2.1048e+00 +2.1049e+00 +2.1049e+00
62913 +2.240468575e-07 +2.240468575e-07 +2.083800002e+02 +2.083800002e+02 -2.1049e+00 +2.1048e+00 +2.1048e+00 +2.1048e+00 +2.1048e+00
63162 +7.265919066e-08 +7.265919066e-08 +2.083800001e+02 +2.083800001e+02 -2.1048e+00 +2.1048e+00 +2.1048e+00 +2.1048e+00 +2.1048e+00
63360 +4.527643682e-08 +4.527643682e-08 +2.083800000e+02 +2.083800000e+02 -2.1048e+00 +2.1049e+00 +2.1048e+00 +2.1049e+00 +2.1048e+00
63404 +3.964575512e-08 +3.964575512e-08 +2.083800000e+02 +2.083800000e+02 -2.1048e+00 +2.1048e+00 +2.1049e+00 +2.1048e+00 +2.1048e+00
63482 +2.175602276e-08 +2.175602276e-08 +2.083800000e+02 +2.083800000e+02 -2.1048e+00 +2.1049e+00 +2.1049e+00 +2.1048e+00 +2.1049e+00
63630 +1.531446969e-08 +1.531446969e-08 +2.083800000e+02 +2.083800000e+02 -2.1049e+00 +2.1048e+00 +2.1049e+00 +2.1048e+00 +2.1048e+00
63671 +2.238664365e-09 +2.238664365e-09 +2.083800000e+02 +2.083800000e+02 -2.1048e+00 +2.1048e+00 +2.1048e+00 +2.1048e+00 +2.1048e+00
63868 +3.189484232e-10 +3.189484232e-10 +2.083800000e+02 +2.083800000e+02 -2.1048e+00 +2.1048e+00 +2.1048e+00 +2.1048e+00 +2.1048e+00
% function evaluation | noise-free fitness - Fopt (2.083800000000e+02) | best noise-free fitness - Fopt | measured fitness | best measured fitness | x1 | x2...
1 +5.739934482e+03 +5.739934482e+03 +5.948314482e+03 +5.948314482e+03 -3.8620e+00 -3.4994e+00 +1.1341e+00 +1.1747e+00 +3.3155e+00
7 +1.521543793e+02 +1.521543793e+02 +3.605343793e+02 +3.605343793e+02 -1.0382e+00 +1.8157e-01 -3.4192e-01 +2.3458e+00 +2.1983e+00
68 +8.739505305e+01 +8.739505305e+01 +2.957750531e+02 +2.957750531e+02 -2.0149e+00 -2.3564e-01 +5.9188e-01 +3.4687e-01 +2.0012e+00
86 +3.409674322e+00 +3.409674322e+00 +2.117896743e+02 +2.117896743e+02 -2.1669e+00 -5.3760e-01 +1.1477e+00 +1.0551e+00 +2.1095e+00
109 +2.353403256e+00 +2.353403256e+00 +2.107334033e+02 +2.107334033e+02 -2.0028e+00 -5.6885e-01 +1.1668e+00 +1.2960e+00 +1.1915e+00
397 +1.497212208e+00 +1.497212208e+00 +2.098772122e+02 +2.098772122e+02 -2.0645e+00 -6.1831e-01 +1.0134e+00 +2.3823e+00 +2.0392e+00
406 +9.745206655e-01 +9.745206655e-01 +2.093545207e+02 +2.093545207e+02 -2.0039e+00 -5.8400e-01 +7.4306e-01 +2.5263e+00 +1.9773e+00
571 +5.806055250e-01 +5.806055250e-01 +2.089606055e+02 +2.089606055e+02 -2.1558e+00 -5.9070e-01 +7.2649e-01 +2.4771e+00 +2.0013e+00
52706 +3.798029324e-01 +3.798029324e-01 +2.087598029e+02 +2.087598029e+02 +1.5650e+00 +3.0906e+00 +1.8697e+00 +2.1556e+00 +2.1077e+00
53686 +2.487895809e-01 +2.487895809e-01 +2.086287896e+02 +2.086287896e+02 +1.5328e+00 +3.0300e+00 +1.8694e+00 +2.1660e+00 +2.0945e+00
134883 +1.529931404e-01 +1.529931404e-01 +2.085329931e+02 +2.085329931e+02 -2.0914e+00 +2.1899e+00 +2.0651e+00 +2.1059e+00 +2.0911e+00
136915 +9.596247465e-02 +9.596247465e-02 +2.084759625e+02 +2.084759625e+02 -2.0812e+00 +2.0831e+00 +2.1493e+00 +2.0717e+00 +2.1098e+00
136942 +4.302709585e-02 +4.302709585e-02 +2.084230271e+02 +2.084230271e+02 -2.0815e+00 +2.1179e+00 +2.1099e+00 +2.0838e+00 +2.1211e+00
137459 +2.958844024e-02 +2.958844024e-02 +2.084095884e+02 +2.084095884e+02 -2.1108e+00 +2.0771e+00 +2.0919e+00 +2.1168e+00 +2.1018e+00
139131 +2.124298277e-02 +2.124298277e-02 +2.084012430e+02 +2.084012430e+02 -2.0852e+00 +2.1102e+00 +2.0989e+00 +2.1220e+00 +2.1057e+00
139382 +5.844746941e-03 +5.844746941e-03 +2.083858447e+02 +2.083858447e+02 -2.1189e+00 +2.0959e+00 +2.1053e+00 +2.1018e+00 +2.1108e+00
140544 +3.694522800e-03 +3.694522800e-03 +2.083836945e+02 +2.083836945e+02 -2.1059e+00 +2.0976e+00 +2.1030e+00 +2.1025e+00 +2.1098e+00
140762 +1.436892525e-03 +1.436892525e-03 +2.083814369e+02 +2.083814369e+02 -2.1070e+00 +2.1055e+00 +2.1090e+00 +2.1002e+00 +2.1065e+00
141943 +7.827880631e-04 +7.827880631e-04 +2.083807828e+02 +2.083807828e+02 -2.1071e+00 +2.1001e+00 +2.1052e+00 +2.1070e+00 +2.1032e+00
142334 +4.390583974e-04 +4.390583974e-04 +2.083804391e+02 +2.083804391e+02 -2.1083e+00 +2.1038e+00 +2.1077e+00 +2.1028e+00 +2.1055e+00
142403 +3.503339125e-04 +3.503339125e-04 +2.083803503e+02 +2.083803503e+02 -2.1034e+00 +2.1039e+00 +2.1054e+00 +2.1040e+00 +2.1034e+00
142414 +2.351601040e-04 +2.351601040e-04 +2.083802352e+02 +2.083802352e+02 -2.1010e+00 +2.1066e+00 +2.1051e+00 +2.1046e+00 +2.1056e+00
142864 +7.716769832e-05 +7.716769832e-05 +2.083800772e+02 +2.083800772e+02 -2.1043e+00 +2.1056e+00 +2.1045e+00 +2.1043e+00 +2.1043e+00
143223 +4.587741364e-05 +4.587741364e-05 +2.083800459e+02 +2.083800459e+02 -2.1056e+00 +2.1052e+00 +2.1053e+00 +2.1042e+00 +2.1053e+00
143224 +3.164007822e-05 +3.164007822e-05 +2.083800316e+02 +2.083800316e+02 -2.1051e+00 +2.1051e+00 +2.1048e+00 +2.1051e+00 +2.1053e+00
143518 +1.249219892e-05 +1.249219892e-05 +2.083800125e+02 +2.083800125e+02 -2.1055e+00 +2.1042e+00 +2.1052e+00 +2.1049e+00 +2.1047e+00
143954 +8.697480922e-06 +8.697480922e-06 +2.083800087e+02 +2.083800087e+02 -2.1054e+00 +2.1047e+00 +2.1046e+00 +2.1048e+00 +2.1050e+00
144051 +4.508596874e-06 +4.508596874e-06 +2.083800045e+02 +2.083800045e+02 -2.1048e+00 +2.1050e+00 +2.1044e+00 +2.1049e+00 +2.1048e+00
144508 +1.130776951e-06 +1.130776951e-06 +2.083800011e+02 +2.083800011e+02 -2.1049e+00 +2.1047e+00 +2.1050e+00 +2.1049e+00 +2.1048e+00
145023 +8.693069447e-07 +8.693069447e-07 +2.083800009e+02 +2.083800009e+02 -2.1049e+00 +2.1050e+00 +2.1047e+00 +2.1049e+00 +2.1048e+00
145498 +6.000220196e-07 +6.000220196e-07 +2.083800006e+02 +2.083800006e+02 -2.1047e+00 +2.1050e+00 +2.1048e+00 +2.1049e+00 +2.1048e+00
145673 +2.612704861e-07 +2.612704861e-07 +2.083800003e+02 +2.083800003e+02 -2.1049e+00 +2.1048e+00 +2.1049e+00 +2.1048e+00 +2.1049e+00
145820 +2.490808129e-07 +2.490808129e-07 +2.083800002e+02 +2.083800002e+02 -2.1049e+00 +2.1048e+00 +2.1049e+00 +2.1049e+00 +2.1049e+00
146054 +1.462044565e-07 +1.462044565e-07 +2.083800001e+02 +2.083800001e+02 -2.1048e+00 +2.1048e+00 +2.1049e+00 +2.1048e+00 +2.1049e+00
146216 +2.295163881e-08 +2.295163881e-08 +2.083800000e+02 +2.083800000e+02 -2.1048e+00 +2.1048e+00 +2.1048e+00 +2.1049e+00 +2.1048e+00
147070 +1.098408120e-08 +1.098408120e-08 +2.083800000e+02 +2.083800000e+02 -2.1048e+00 +2.1048e+00 +2.1049e+00 +2.1048e+00 +2.1048e+00
147203 +4.228667194e-09 +4.228667194e-09 +2.083800000e+02 +2.083800000e+02 -2.1048e+00 +2.1048e+00 +2.1048e+00 +2.1048e+00 +2.1048e+00
147532 +4.808953236e-10 +4.808953236e-10 +2.083800000e+02 +2.083800000e+02 -2.1048e+00 +2.1048e+00 +2.1048e+00 +2.1048e+00 +2.1048e+00
% function evaluation | noise-free fitness - Fopt (2.083800000000e+02) | best noise-free fitness - Fopt | measured fitness | best measured fitness | x1 | x2...
1 +1.255782318e+05 +1.255782318e+05 +1.257866118e+05 +1.257866118e+05 +6.3519e-01 -3.7639e+00 +3.4968e+00 -2.0263e+00 -3.5892e+00
4 +9.773395281e+04 +9.773395281e+04 +9.794233281e+04 +9.794233281e+04 +1.7427e+00 -6.6467e+00 +2.5702e+00 -1.4017e+00 -2.5101e+00
21 +6.158057963e+04 +6.158057963e+04 +6.178895963e+04 +6.178895963e+04 +3.6246e+00 -3.6092e+00 +1.8399e+00 -4.5492e+00 +2.3798e+00
28 +2.556372999e+04 +2.556372999e+04 +2.577210999e+04 +2.577210999e+04 +4.7449e+00 -4.2776e+00 +3.1877e+00 +2.4920e+00 +3.5185e+00
48 +1.481734243e+04 +1.481734243e+04 +1.502572243e+04 +1.502572243e+04 -2.5954e+00 -6.0343e+00 +4.1658e+00 +1.1140e-01 +2.5465e+00
61 +3.993236760e+03 +3.993236760e+03 +4.201616760e+03 +4.201616760e+03 -1.2774e+00 -2.8194e+00 +4.1967e+00 -8.5531e-01 +9.0919e-01
70 +5.568370733e+02 +5.568370733e+02 +7.652170733e+02 +7.652170733e+02 -1.8658e+00 -2.0168e+00 +9.4349e-01 +1.7533e-01 +1.3162e+00
93 +2.559467381e+01 +2.559467381e+01 +2.339746738e+02 +2.339746738e+02 -1.0388e+00 +1.7129e+00 -4.7945e-01 +2.9866e+00 +1.4034e+00
104 +8.769942280e+00 +8.769942280e+00 +2.171499423e+02 +2.171499423e+02 -2.6010e+00 -2.8523e-01 +2.7046e+00 +1.4545e+00 +2.0665e+00
115 +3.658131095e+00 +3.658131095e+00 +2.120381311e+02 +2.120381311e+02 +6.9042e-03 -7.3889e-01 +2.7140e+00 +1.0565e+00 +1.8105e+00
255 +1.837980976e+00 +1.837980976e+00 +2.102179810e+02 +2.102179810e+02 -2.0324e+00 -1.4295e-01 +2.7127e+00 +1.9534e+00 +2.0606e+00
405 +1.540296995e+00 +1.540296995e+00 +2.099202970e+02 +2.099202970e+02 -1.9584e+00 -6.3283e-01 +2.2501e+00 +1.6089e+00 +2.2361e+00
5557 +9.362478218e-01 +9.362478218e-01 +2.093162478e+02 +2.093162478e+02 -1.8739e+00 -6.0462e-01 +2.7446e+00 +1.9179e+00 +2.1216e+00
5675 +5.018661098e-01 +5.018661098e-01 +2.088818661e+02 +2.088818661e+02 -2.1962e+00 -5.7649e-01 +2.8350e+00 +1.9148e+00 +2.1406e+00
5703 +3.158265590e-01 +3.158265590e-01 +2.086958266e+02 +2.086958266e+02 -2.1727e+00 -6.0929e-01 +2.7892e+00 +1.9528e+00 +2.1510e+00
6115 +2.484524017e-01 +2.484524017e-01 +2.086284524e+02 +2.086284524e+02 -2.0975e+00 -6.1332e-01 +2.7703e+00 +1.9343e+00 +2.1527e+00
118050 +1.130284328e-01 +1.130284328e-01 +2.084930284e+02 +2.084930284e+02 -2.1260e+00 +2.1625e+00 +2.1215e+00 +2.0951e+00 +2.1000e+00
119176 +6.384441939e-02 +6.384441939e-02 +2.084438444e+02 +2.084438444e+02 -2.1288e+00 +2.0630e+00 +2.0958e+00 +2.1204e+00 +2.0896e+00
119197 +5.989305588e-02 +5.989305588e-02 +2.084398931e+02 +2.084398931e+02 -2.1180e+00 +2.1061e+00 +2.1370e+00 +2.1172e+00 +2.0992e+00
122087 +2.210074883e-02 +2.210074883e-02 +2.084021007e+02 +2.084021007e+02 -2.1124e+00 +2.1179e+00 +2.0824e+00 +2.1020e+00 +2.1097e+00
122432 +1.348921805e-02 +1.348921805e-02 +2.083934892e+02 +2.083934892e+02 -2.1260e+00 +2.0811e+00 +2.1198e+00 +2.1033e+00 +2.1056e+00
123543 +8.544443714e-03 +8.544443714e-03 +2.083885444e+02 +2.083885444e+02 -2.1094e+00 +2.0851e+00 +2.1116e+00 +2.0997e+00 +2.1098e+00
123590 +5.038044054e-03 +5.038044054e-03 +2.083850380e+02 +2.083850380e+02 -2.1100e+00 +2.1094e+00 +2.0945e+00 +2.1105e+00 +2.1004e+00
124258 +3.980220236e-03 +3.980220236e-03 +2.083839802e+02 +2.083839802e+02 -2.1127e+00 +2.1144e+00 +2.1004e+00 +2.1032e+00 +2.1073e+00
124513 +1.515882783e-03 +1.515882783e-03 +2.083815159e+02 +2.083815159e+02 -2.0983e+00 +2.1118e+00 +2.1022e+00 +2.1047e+00 +2.1026e+00
125082 +9.460117305e-04 +9.460117305e-04 +2.083809460e+02 +2.083809460e+02 -2.1078e+00 +2.1103e+00 +2.1024e+00 +2.1059e+00 +2.1057e+00
125658 +4.798405498e-04 +4.798405498e-04 +2.083804798e+02 +2.083804798e+02 -2.1056e+00 +2.1067e+00 +2.1061e+00 +2.1033e+00 +2.1067e+00
125822 +3.722260646e-04 +3.722260646e-04 +2.083803722e+02 +2.083803722e+02 -2.1010e+00 +2.1045e+00 +2.1028e+00 +2.1046e+00 +2.1046e+00
125829 +1.597169210e-04 +1.597169210e-04 +2.083801597e+02 +2.083801597e+02 -2.1074e+00 +2.1054e+00 +2.1054e+00 +2.1055e+00 +2.1051e+00
126444 +1.267086799e-04 +1.267086799e-04 +2.083801267e+02 +2.083801267e+02 -2.1026e+00 +2.1044e+00 +2.1058e+00 +2.1042e+00 +2.1055e+00
126687 +8.170135843e-05 +8.170135843e-05 +2.083800817e+02 +2.083800817e+02 -2.1055e+00 +2.1027e+00 +2.1052e+00 +2.1049e+00 +2.1050e+00
126769 +5.941620947e-05 +5.941620947e-05 +2.083800594e+02 +2.083800594e+02 -2.1043e+00 +2.1039e+00 +2.1057e+00 +2.1052e+00 +2.1050e+00
126996 +2.568050493e-05 +2.568050493e-05 +2.083800257e+02 +2.083800257e+02 -2.1053e+00 +2.1053e+00 +2.1041e+00 +2.1050e+00 +2.1050e+00
127262 +2.149159585e-05 +2.149159585e-05 +2.083800215e+02 +2.083800215e+02 -2.1041e+00 +2.1052e+00 +2.1043e+00 +2.1050e+00 +2.1051e+00
127337 +1.569640131e-05 +1.569640131e-05 +2.083800157e+02 +2.083800157e+02 -2.1047e+00 +2.1049e+00 +2.1055e+00 +2.1047e+00 +2.1049e+00
127377 +6.022902539e-06 +6.022902539e-06 +2.083800060e+02 +2.083800060e+02 -2.1049e+00 +2.1048e+00 +2.1052e+00 +2.1049e+00 +2.1048e+00
127852 +3.157197682e-06 +3.157197682e-06 +2.083800032e+02 +2.083800032e+02 -2.1051e+00 +2.1050e+00 +2.1046e+00 +2.1049e+00 +2.1049e+00
128224 +1.368298172e-06 +1.368298172e-06 +2.083800014e+02 +2.083800014e+02 -2.1049e+00 +2.1048e+00 +2.1050e+00 +2.1048e+00 +2.1048e+00
128714 +6.609943739e-07 +6.609943739e-07 +2.083800007e+02 +2.083800007e+02 -2.1049e+00 +2.1048e+00 +2.1048e+00 +2.1048e+00 +2.1048e+00
128879 +4.660924162e-07 +4.660924162e-07 +2.083800005e+02 +2.083800005e+02 -2.1048e+00 +2.1049e+00 +2.1049e+00 +2.1048e+00 +2.1049e+00
129213 +9.524433153e-08 +9.524433153e-08 +2.083800001e+02 +2.083800001e+02 -2.1048e+00 +2.1049e+00 +2.1048e+00 +2.1048e+00 +2.1048e+00
129702 +5.865805974e-08 +5.865805974e-08 +2.083800001e+02 +2.083800001e+02 -2.1048e+00 +2.1049e+00 +2.1048e+00 +2.1049e+00 +2.1048e+00
130371 +3.884389344e-08 +3.884389344e-08 +2.083800000e+02 +2.083800000e+02 -2.1048e+00 +2.1049e+00 +2.1048e+00 +2.1048e+00 +2.1049e+00
130406 +6.925290563e-09 +6.925290563e-09 +2.083800000e+02 +2.083800000e+02 -2.1049e+00 +2.1048e+00 +2.1048e+00 +2.1049e+00 +2.1048e+00
130709 +1.769734581e-09 +1.769734581e-09 +2.083800000e+02 +2.083800000e+02 -2.1048e+00 +2.1048e+00 +2.1048e+00 +2.1048e+00 +2.1048e+00
% function evaluation | noise-free fitness - Fopt (-1.449600000000e+02) | best noise-free fitness - Fopt | measured fitness | best measured fitness | x1 | x2...
1 +2.095675318e+04 +2.095675318e+04 +2.081179318e+04 +2.081179318e+04 +2.7318e+00 +1.4936e+00 +2.3598e+00 -1.5928e+00 +7.9535e-01
2 +1.274842459e+04 +1.274842459e+04 +1.260346459e+04 +1.260346459e+04 +3.1061e+00 +2.3170e+00 +1.2595e+00 -3.8760e+00 +6.7984e-01
9 +4.245573057e+03 +4.245573057e+03 +4.100613057e+03 +4.100613057e+03 +3.2848e+00 -1.2386e+00 +2.0446e+00 -2.0835e+00 -1.1131e+00
26 +4.930922171e+00 +4.930922171e+00 -1.400290778e+02 -1.400290778e+02 +2.3711e+00 -2.7716e+00 +3.5011e-01 -1.5181e+00 -1.1021e+00
70 +2.497075607e+00 +2.497075607e+00 -1.424629244e+02 -1.424629244e+02 +1.5717e+00 -1.7936e+00 -2.0887e+00 -8.8668e-01 -1.2686e+00
528 +1.494306317e+00 +1.494306317e+00 -1.434656937e+02 -1.434656937e+02 +2.5111e+00 -3.2870e+00 -1.7911e+00 -1.4397e+00 -1.1069e+00
17483 +9.454386745e-01 +9.454386745e-01 -1.440145613e+02 -1.440145613e+02 -1.1143e+00 -2.3706e+00 -1.9791e+00 -2.1171e+00 -9.3588e-01
35860 +5.875587101e-01 +5.875587101e-01 -1.443724413e+02 -1.443724413e+02 -2.2409e+00 -2.0126e+00 -2.1163e+00 -2.1187e+00 -9.8760e-01
36595 +3.056166553e-01 +3.056166553e-01 -1.446543833e+02 -1.446543833e+02 -2.0978e+00 -2.0830e+00 -2.1097e+00 -2.1357e+00 -9.5339e-01
37181 +2.452326512e-01 +2.452326512e-01 -1.447147673e+02 -1.447147673e+02 -2.1216e+00 -2.1027e+00 -2.1053e+00 -2.1100e+00 -9.5343e-01
90733 +2.576667246e-02 +2.576667246e-02 -1.449342333e+02 -1.449342333e+02 -2.0882e+00 -2.0734e+00 -2.1151e+00 -2.1040e+00 -2.1061e+00
92253 +2.206866667e-02 +2.206866667e-02 -1.449379313e+02 -1.449379313e+02 -2.0804e+00 -2.0997e+00 -2.0953e+00 -2.1046e+00 -2.1147e+00
92528 +1.114485117e-02 +1.114485117e-02 -1.449488551e+02 -1.449488551e+02 -2.1165e+00 -2.1106e+00 -2.0999e+00 -2.1022e+00 -2.0971e+00
92738 +6.980980387e-03 +6.980980387e-03 -1.449530190e+02 -1.449530190e+02 -2.1021e+00 -2.1083e+00 -2.0927e+00 -2.1146e+00 -2.1038e+00
92775 +5.416772835e-03 +5.416772835e-03 -1.449545832e+02 -1.449545832e+02 -2.0925e+00 -2.1119e+00 -2.1076e+00 -2.1097e+00 -2.1071e+00
92882 +2.629791922e-03 +2.629791922e-03 -1.449573702e+02 -1.449573702e+02 -2.0986e+00 -2.1117e+00 -2.0994e+00 -2.1014e+00 -2.1056e+00
92910 +2.018969207e-03 +2.018969207e-03 -1.449579810e+02 -1.449579810e+02 -2.0947e+00 -2.1140e+00 -2.1013e+00 -2.1061e+00 -2.1034e+00
93016 +5.928421693e-04 +5.928421693e-04 -1.449594072e+02 -1.449594072e+02 -2.1073e+00 -2.1057e+00 -2.1084e+00 -2.1043e+00 -2.1043e+00
93221 +2.700244900e-04 +2.700244900e-04 -1.449597300e+02 -1.449597300e+02 -2.1056e+00 -2.1024e+00 -2.1041e+00 -2.1040e+00 -2.1043e+00
93372 +2.437519414e-04 +2.437519414e-04 -1.449597562e+02 -1.449597562e+02 -2.1012e+00 -2.1067e+00 -2.1034e+00 -2.1062e+00 -2.1049e+00
93413 +1.310069624e-04 +1.310069624e-04 -1.449598690e+02 -1.449598690e+02 -2.1058e+00 -2.1035e+00 -2.1046e+00 -2.1038e+00 -2.1054e+00
93532 +5.116889696e-05 +5.116889696e-05 -1.449599488e+02 -1.449599488e+02 -2.1040e+00 -2.1052e+00 -2.1053e+00 -2.1039e+00 -2.1051e+00
93696 +1.672260447e-05 +1.672260447e-05 -1.449599833e+02 -1.449599833e+02 -2.1050e+00 -2.1045e+00 -2.1050e+00 -2.1051e+00 -2.1051e+00
93857 +8.268216874e-06 +8.268216874e-06 -1.449599917e+02 -1.449599917e+02 -2.1044e+00 -2.1054e+00 -2.1046e+00 -2.1048e+00 -2.1050e+00
94027 +5.408874046e-06 +5.408874046e-06 -1.449599946e+02 -1.449599946e+02 -2.1048e+00 -2.1053e+00 -2.1047e+00 -2.1051e+00 -2.1048e+00
94041 +3.468926195e-06 +3.468926195e-06 -1.449599965e+02 -1.449599965e+02 -2.1052e+00 -2.1048e+00 -2.1047e+00 -2.1048e+00 -2.1049e+00
94185 +1.024410153e-06 +1.024410153e-06 -1.449599990e+02 -1.449599990e+02 -2.1046e+00 -2.1048e+00 -2.1049e+00 -2.1049e+00 -2.1048e+00
94265 +7.655185073e-07 +7.655185073e-07 -1.449599992e+02 -1.449599992e+02 -2.1049e+00 -2.1047e+00 -2.1050e+00 -2.1048e+00 -2.1049e+00
94301 +2.073067549e-07 +2.073067549e-07 -1.449599998e+02 -1.449599998e+02 -2.1048e+00 -2.1049e+00 -2.1048e+00 -2.1048e+00 -2.1048e+00
94494 +1.450029288e-07 +1.450029288e-07 -1.449599999e+02 -1.449599999e+02 -2.1049e+00 -2.1048e+00 -2.1049e+00 -2.1048e+00 -2.1048e+00
94613 +5.888327337e-08 +5.888327337e-08 -1.449599999e+02 -1.449599999e+02 -2.1049e+00 -2.1048e+00 -2.1048e+00 -2.1048e+00 -2.1049e+00
94719 +1.406985461e-08 +1.406985461e-08 -1.449600000e+02 -1.449600000e+02 -2.1048e+00 -2.1049e+00 -2.1048e+00 -2.1048e+00 -2.1048e+00
94925 +9.607873608e-09 +9.607873608e-09 -1.449600000e+02 -1.449600000e+02 -2.1048e+00 -2.1049e+00 -2.1048e+00 -2.1048e+00 -2.1048e+00
94976 +2.022915169e-09 +2.022915169e-09 -1.449600000e+02 -1.449600000e+02 -2.1048e+00 -2.1048e+00 -2.1048e+00 -2.1048e+00 -2.1048e+00
95038 +6.263576324e-10 +6.263576324e-10 -1.449600000e+02 -1.449600000e+02 -2.1048e+00 -2.1048e+00 -2.1048e+00 -2.1048e+00 -2.1048e+00
% function evaluation | noise-free fitness - Fopt (-1.449600000000e+02) | best noise-free fitness - Fopt | measured fitness | best measured fitness | x1 | x2...
1 +1.682057308e+04 +1.682057308e+04 +1.667561308e+04 +1.667561308e+04 +3.8129e+00 -3.7577e-02 -3.3960e+00 +2.8050e+00 -2.8937e+00
6 +6.963998455e+03 +6.963998455e+03 +6.819038455e+03 +6.819038455e+03 +5.2880e+00 -1.9582e+00 +1.7148e+00 -2.1802e-01 -1.7940e+00
10 +3.724422986e+03 +3.724422986e+03 +3.579462986e+03 +3.579462986e+03 +1.9262e+00 -1.6242e+00 -1.1650e+00 -2.0618e+00 +3.0456e-01
12 +1.959937787e+03 +1.959937787e+03 +1.814977787e+03 +1.814977787e+03 +1.5332e+00 -2.3302e+00 -3.1757e+00 +7.4397e-01 -1.5103e+00
21 +5.443161486e+00 +5.443161486e+00 -1.395168385e+02 -1.395168385e+02 +2.5897e+00 -1.3057e+00 -1.6831e+00 -1.0508e+00 -1.1848e+00
26 +3.974892552e+00 +3.974892552e+00 -1.409851074e+02 -1.409851074e+02 +1.4419e+00 -2.5298e+00 -2.9865e-01 -2.5546e+00 -1.0418e+00
138 +2.452635170e+00 +2.452635170e+00 -1.425073648e+02 -1.425073648e+02 +1.6477e+00 -1.6261e+00 -6.9274e-01 -1.9832e+00 -2.0919e+00
5742 +1.480369286e+00 +1.480369286e+00 -1.434796307e+02 -1.434796307e+02 -2.0158e+00 -2.1208e+00 -1.1459e+00 -1.1740e+00 -2.3489e+00
6313 +9.760315547e-01 +9.760315547e-01 -1.439839684e+02 -1.439839684e+02 -2.2594e+00 -2.0711e+00 -2.0940e+00 -5.3013e-01 -2.5586e+00
44508 +5.425284766e-01 +5.425284766e-01 -1.444174715e+02 -1.444174715e+02 -2.0646e+00 +5.7109e-01 -7.5404e-01 -2.4541e+00 -2.0016e+00
66707 +2.817687881e-01 +2.817687881e-01 -1.446782312e+02 -1.446782312e+02 +1.4941e+00 -2.9727e+00 -1.8898e+00 -2.1705e+00 -2.0761e+00
68680 +2.490566309e-01 +2.490566309e-01 -1.447109434e+02 -1.447109434e+02 +1.5176e+00 -2.9992e+00 -1.8771e+00 -2.1727e+00 -2.0831e+00
127742 +5.549339920e-02 +5.549339920e-02 -1.449045066e+02 -1.449045066e+02 -2.0486e+00 -2.1413e+00 -2.1128e+00 -2.0932e+00 -2.1097e+00
129003 +2.422742496e-02 +2.422742496e-02 -1.449357726e+02 -1.449357726e+02 -2.0967e+00 -2.1190e+00 -2.0772e+00 -2.1123e+00 -2.0980e+00
129473 +1.388238298e-02 +1.388238298e-02 -1.449461176e+02 -1.449461176e+02 -2.1276e+00 -2.1167e+00 -2.1093e+00 -2.1021e+00 -2.1020e+00
130125 +8.749418963e-03 +8.749418963e-03 -1.449512506e+02 -1.449512506e+02 -2.1333e+00 -2.1020e+00 -2.1041e+00 -2.1046e+00 -2.1062e+00
130258 +5.550713829e-03 +5.550713829e-03 -1.449544493e+02 -1.449544493e+02 -2.1150e+00 -2.1107e+00 -2.1117e+00 -2.1036e+00 -2.1084e+00
134202 +3.370896877e-03 +3.370896877e-03 -1.449566291e+02 -1.449566291e+02 -2.1037e+00 -2.1168e+00 -2.0971e+00 -2.1062e+00 -2.1032e+00
135068 +2.131518805e-03 +2.131518805e-03 -1.449578685e+02 -1.449578685e+02 -2.1105e+00 -2.0993e+00 -2.1017e+00 -2.1025e+00 -2.1038e+00
135277 +8.811203255e-04 +8.811203255e-04 -1.449591189e+02 -1.449591189e+02 -2.1092e+00 -2.1014e+00 -2.1034e+00 -2.1028e+00 -2.1043e+00
135650 +5.377648902e-04 +5.377648902e-04 -1.449594622e+02 -1.449594622e+02 -2.1087e+00 -2.1021e+00 -2.1050e+00 -2.1062e+00 -2.1031e+00
136091 +1.643573865e-04 +1.643573865e-04 -1.449598356e+02 -1.449598356e+02 -2.1070e+00 -2.1064e+00 -2.1053e+00 -2.1049e+00 -2.1045e+00
136139 +1.397835934e-04 +1.397835934e-04 -1.449598602e+02 -1.449598602e+02 -2.1049e+00 -2.1036e+00 -2.1069e+00 -2.1039e+00 -2.1048e+00
136463 +8.645707422e-05 +8.645707422e-05 -1.449599135e+02 -1.449599135e+02 -2.1038e+00 -2.1050e+00 -2.1037e+00 -2.1053e+00 -2.1053e+00
136961 +4.802917672e-05 +4.802917672e-05 -1.449599520e+02 -1.449599520e+02 -2.1042e+00 -2.1060e+00 -2.1045e+00 -2.1047e+00 -2.1044e+00
137168 +3.654495930e-05 +3.654495930e-05 -1.449599635e+02 -1.449599635e+02 -2.1064e+00 -2.1046e+00 -2.1053e+00 -2.1051e+00 -2.1048e+00
137618 +1.210074757e-05 +1.210074757e-05 -1.449599879e+02 -1.449599879e+02 -2.1047e+00 -2.1056e+00 -2.1049e+00 -2.1048e+00 -2.1048e+00
137878 +3.974505034e-06 +3.974505034e-06 -1.449599960e+02 -1.449599960e+02 -2.1048e+00 -2.1049e+00 -2.1048e+00 -2.1048e+00 -2.1047e+00
138134 +7.740201511e-07 +7.740201511e-07 -1.449599992e+02 -1.449599992e+02 -2.1049e+00 -2.1050e+00 -2.1048e+00 -2.1048e+00 -2.1049e+00
139207 +5.616612384e-07 +5.616612384e-07 -1.449599994e+02 -1.449599994e+02 -2.1050e+00 -2.1047e+00 -2.1049e+00 -2.1048e+00 -2.1049e+00
139661 +3.044272603e-07 +3.044272603e-07 -1.449599997e+02 -1.449599997e+02 -2.1048e+00 -2.1048e+00 -2.1049e+00 -2.1049e+00 -2.1048e+00
139721 +1.773456972e-07 +1.773456972e-07 -1.449599998e+02 -1.449599998e+02 -2.1049e+00 -2.1047e+00 -2.1049e+00 -2.1048e+00 -2.1048e+00
139901 +3.153195394e-08 +3.153195394e-08 -1.449600000e+02 -1.449600000e+02 -2.1048e+00 -2.1048e+00 -2.1049e+00 -2.1048e+00 -2.1049e+00
140361 +1.955893936e-08 +1.955893936e-08 -1.449600000e+02 -1.449600000e+02 -2.1049e+00 -2.1048e+00 -2.1048e+00 -2.1049e+00 -2.1048e+00
140930 +1.137226491e-08 +1.137226491e-08 -1.449600000e+02 -1.449600000e+02 -2.1048e+00 -2.1049e+00 -2.1048e+00 -2.1048e+00 -2.1048e+00
141223 +5.244032764e-09 +5.244032764e-09 -1.449600000e+02 -1.449600000e+02 -2.1048e+00 -2.1049e+00 -2.1048e+00 -2.1048e+00 -2.1048e+00
141706 +8.142819752e-11 +8.142819752e-11 -1.449600000e+02 -1.449600000e+02 -2.1048e+00 -2.1048e+00 -2.1048e+00 -2.1048e+00 -2.1048e+00
% function evaluation | noise-free fitness - Fopt (-1.449600000000e+02) | best noise-free fitness - Fopt | measured fitness | best measured fitness | x1 | x2...
1 +1.572790397e+04 +1.572790397e+04 +1.558294397e+04 +1.558294397e+04 +4.0406e-01 -2.3198e+00 +1.6747e+00 -2.1465e+00 +1.2387e+00
2 +5.811592105e+00 +5.811592105e+00 -1.391484079e+02 -1.391484079e+02 +1.7922e+00 -2.0382e+00 -9.4990e-01 -4.6450e-01 -1.0347e+00
19 +3.799087679e+00 +3.799087679e+00 -1.411609123e+02 -1.411609123e+02 +1.3608e+00 -1.8949e+00 -1.9114e+00 -2.0640e+00 -1.2236e+00
108 +2.007258533e+00 +2.007258533e+00 -1.429527415e+02 -1.429527415e+02 +1.3977e+00 -2.0435e+00 -2.0775e+00 -6.7019e-01 -1.3504e+00
2126 +1.394247091e+00 +1.394247091e+00 -1.435657529e+02 -1.435657529e+02 -2.0029e+00 -1.4188e+00 -2.2735e-01 -2.5281e+00 -8.2687e-01
2338 +9.665874454e-01 +9.665874454e-01 -1.439934126e+02 -1.439934126e+02 -2.0661e+00 -1.2848e+00 -2.7763e-01 -2.5482e+00 -8.6703e-01
34044 +6.171075163e-01 +6.171075163e-01 -1.443428925e+02 -1.443428925e+02 +1.4239e+00 -2.9722e+00 -1.8452e+00 -2.1721e+00 -9.3749e-01
110536 +3.956339109e-01 +3.956339109e-01 -1.445643661e+02 -1.445643661e+02 -2.0016e+00 -2.1361e+00 -4.1852e-02 -2.6085e+00 -1.9612e+00
115862 +2.147328505e-01 +2.147328505e-01 -1.447452671e+02 -1.447452671e+02 -2.0428e+00 -2.1084e+00 -2.0561e+00 -2.0904e+00 -2.1335e+00
116381 +6.603042515e-02 +6.603042515e-02 -1.448939696e+02 -1.448939696e+02 -2.0979e+00 -2.0620e+00 -2.1290e+00 -2.0788e+00 -2.1069e+00
117475 +5.483417231e-02 +5.483417231e-02 -1.449051658e+02 -1.449051658e+02 -2.0643e+00 -2.1070e+00 -2.0730e+00 -2.1216e+00 -2.0964e+00
118538 +3.195281661e-02 +3.195281661e-02 -1.449280472e+02 -1.449280472e+02 -2.0612e+00 -2.0957e+00 -2.1074e+00 -2.0945e+00 -2.1093e+00
121740 +4.746105482e-03 +4.746105482e-03 -1.449552539e+02 -1.449552539e+02 -2.1078e+00 -2.0932e+00 -2.1036e+00 -2.1042e+00 -2.1006e+00
124183 +3.213070426e-03 +3.213070426e-03 -1.449567869e+02 -1.449567869e+02 -2.0919e+00 -2.1094e+00 -2.1062e+00 -2.1090e+00 -2.1049e+00
126635 +2.141224998e-03 +2.141224998e-03 -1.449578588e+02 -1.449578588e+02 -2.1086e+00 -2.0993e+00 -2.1093e+00 -2.0993e+00 -2.1048e+00
127374 +1.542278925e-03 +1.542278925e-03 -1.449584577e+02 -1.449584577e+02 -2.1013e+00 -2.1086e+00 -2.1020e+00 -2.1054e+00 -2.1081e+00
127513 +5.009208897e-04 +5.009208897e-04 -1.449594991e+02 -1.449594991e+02 -2.1087e+00 -2.1029e+00 -2.1049e+00 -2.1068e+00 -2.1054e+00
127743 +2.391284383e-04 +2.391284383e-04 -1.449597609e+02 -1.449597609e+02 -2.1021e+00 -2.1035e+00 -2.1053e+00 -2.1038e+00 -2.1045e+00
128497 +1.516657288e-04 +1.516657288e-04 -1.449598483e+02 -1.449598483e+02 -2.1035e+00 -2.1046e+00 -2.1032e+00 -2.1048e+00 -2.1054e+00
128805 +8.412674944e-05 +8.412674944e-05 -1.449599159e+02 -1.449599159e+02 -2.1063e+00 -2.1032e+00 -2.1043e+00 -2.1050e+00 -2.1048e+00
129349 +6.015665727e-05 +6.015665727e-05 -1.449599398e+02 -1.449599398e+02 -2.1053e+00 -2.1060e+00 -2.1042e+00 -2.1044e+00 -2.1050e+00
129362 +3.333976275e-05 +3.333976275e-05 -1.449599667e+02 -1.449599667e+02 -2.1054e+00 -2.1047e+00 -2.1056e+00 -2.1044e+00 -2.1053e+00
129860 +2.096873314e-05 +2.096873314e-05 -1.449599790e+02 -1.449599790e+02 -2.1055e+00 -2.1039e+00 -2.1050e+00 -2.1045e+00 -2.1051e+00
129997 +1.484845663e-05 +1.484845663e-05 -1.449599852e+02 -1.449599852e+02 -2.1049e+00 -2.1050e+00 -2.1043e+00 -2.1053e+00 -2.1048e+00
130351 +4.910883234e-06 +4.910883234e-06 -1.449599951e+02 -1.449599951e+02 -2.1048e+00 -2.1045e+00 -2.1050e+00 -2.1050e+00 -2.1049e+00
130606 +1.802729884e-06 +1.802729884e-06 -1.449599982e+02 -1.449599982e+02 -2.1048e+00 -2.1050e+00 -2.1049e+00 -2.1047e+00 -2.1048e+00
131272 +1.212719354e-06 +1.212719354e-06 -1.449599988e+02 -1.449599988e+02 -2.1049e+00 -2.1048e+00 -2.1047e+00 -2.1049e+00 -2.1047e+00
131422 +6.360279485e-07 +6.360279485e-07 -1.449599994e+02 -1.449599994e+02 -2.1048e+00 -2.1049e+00 -2.1048e+00 -2.1050e+00 -2.1048e+00
131480 +3.734161567e-07 +3.734161567e-07 -1.449599996e+02 -1.449599996e+02 -2.1049e+00 -2.1049e+00 -2.1049e+00 -2.1049e+00 -2.1048e+00
132064 +1.947905730e-07 +1.947905730e-07 -1.449599998e+02 -1.449599998e+02 -2.1049e+00 -2.1048e+00 -2.1049e+00 -2.1049e+00 -2.1048e+00
132446 +1.574396720e-07 +1.574396720e-07 -1.449599998e+02 -1.449599998e+02 -2.1048e+00 -2.1049e+00 -2.1048e+00 -2.1048e+00 -2.1049e+00
132451 +8.307762300e-08 +8.307762300e-08 -1.449599999e+02 -1.449599999e+02 -2.1049e+00 -2.1049e+00 -2.1049e+00 -2.1048e+00 -2.1049e+00
132607 +5.194786468e-08 +5.194786468e-08 -1.449599999e+02 -1.449599999e+02 -2.1049e+00 -2.1048e+00 -2.1048e+00 -2.1049e+00 -2.1049e+00
132940 +3.101357038e-08 +3.101357038e-08 -1.449600000e+02 -1.449600000e+02 -2.1049e+00 -2.1048e+00 -2.1049e+00 -2.1048e+00 -2.1048e+00
133150 +2.420313194e-08 +2.420313194e-08 -1.449600000e+02 -1.449600000e+02 -2.1048e+00 -2.1049e+00 -2.1049e+00 -2.1048e+00 -2.1049e+00
133580 +1.041308906e-08 +1.041308906e-08 -1.449600000e+02 -1.449600000e+02 -2.1048e+00 -2.1048e+00 -2.1048e+00 -2.1048e+00 -2.1048e+00
133632 +6.091880778e-09 +6.091880778e-09 -1.449600000e+02 -1.449600000e+02 -2.1048e+00 -2.1048e+00 -2.1048e+00 -2.1048e+00 -2.1048e+00
133950 +2.100364327e-10 +2.100364327e-10 -1.449600000e+02 -1.449600000e+02 -2.1048e+00 -2.1048e+00 -2.1048e+00 -2.1048e+00 -2.1048e+00
% function evaluation | noise-free fitness - Fopt (-6.300000000000e+00) | best noise-free fitness - Fopt | measured fitness | best measured fitness | x1 | x2...
1 +3.536439468e+04 +3.536439468e+04 +3.535809468e+04 +3.535809468e+04 -3.3972e+00 -1.0031e+00 -3.5082e+00 +6.9331e-01 +1.9141e+00
2 +1.811237984e+04 +1.811237984e+04 +1.810607984e+04 +1.810607984e+04 -2.8367e+00 -6.8404e-01 -3.5380e+00 +1.8955e+00 +1.3691e+00
7 +3.474455759e+03 +3.474455759e+03 +3.468155759e+03 +3.468155759e+03 +9.5652e-02 -1.2937e+00 -4.1871e+00 +1.5937e+00 -1.0796e+00
18 +1.706706893e+03 +1.706706893e+03 +1.700406893e+03 +1.700406893e+03 +2.5475e-01 -5.9720e-02 +1.1302e+00 +8.9627e-01 -2.0712e+00
22 +1.115817014e+03 +1.115817014e+03 +1.109517014e+03 +1.109517014e+03 +1.4377e+00 +1.4106e+00 -2.4963e+00 -5.8688e-01 -1.1488e+00
38 +4.846610890e+02 +4.846610890e+02 +4.783610890e+02 +4.783610890e+02 -4.4811e-01 +1.1756e+00 -1.3882e+00 +1.4198e+00 -2.6874e+00
45 +5.411023439e+00 +5.411023439e+00 -8.889765605e-01 -8.889765605e-01 +2.5203e+00 +4.2352e-01 -8.6967e-01 +7.7297e-01 -1.9812e+00
71 +3.673530019e+00 +3.673530019e+00 -2.626469981e+00 -2.626469981e+00 +7.3456e-01 -5.1915e-01 -8.4898e-01 +2.4588e+00 -1.4019e+00
320 +2.479596789e+00 +2.479596789e+00 -3.820403211e+00 -3.820403211e+00 +1.9459e-01 -5.1849e-01 -2.4068e+00 +2.0482e+00 -1.0549e+00
667 +1.385529355e+00 +1.385529355e+00 -4.914470645e+00 -4.914470645e+00 -6.3637e-01 -1.9090e+00 -2.1333e+00 +2.1354e+00 -2.0531e+00
14824 +9.827040926e-01 +9.827040926e-01 -5.317295907e+00 -5.317295907e+00 +2.0176e+00 -1.3670e+00 -3.0314e-01 +2.5165e+00 -1.9853e+00
30686 +4.607391838e-01 +4.607391838e-01 -5.839260816e+00 -5.839260816e+00 +2.1710e+00 -2.1401e+00 -2.0344e+00 +5.8237e-01 -2.4804e+00
30903 +3.628058432e-01 +3.628058432e-01 -5.937194157e+00 -5.937194157e+00 +2.1740e+00 -2.1082e+00 -2.0799e+00 +5.9641e-01 -2.5032e+00
31784 +2.449923202e-01 +2.449923202e-01 -6.055007680e+00 -6.055007680e+00 +2.1132e+00 -2.1170e+00 -2.0990e+00 +5.7632e-01 -2.4822e+00
102652 +8.286180884e-02 +8.286180884e-02 -6.217138191e+00 -6.217138191e+00 +2.1617e+00 -2.1241e+00 -2.1102e+00 +2.1181e+00 -2.1136e+00
105309 +4.168849293e-02 +4.168849293e-02 -6.258311507e+00 -6.258311507e+00 +2.1358e+00 -2.0724e+00 -2.0879e+00 +2.1051e+00 -2.1064e+00
108480 +2.685431939e-02 +2.685431939e-02 -6.273145681e+00 -6.273145681e+00 +2.0996e+00 -2.1084e+00 -2.0808e+00 +2.1217e+00 -2.0954e+00
109094 +1.818758664e-02 +1.818758664e-02 -6.281812413e+00 -6.281812413e+00 +2.0834e+00 -2.0978e+00 -2.1006e+00 +2.1006e+00 -2.0970e+00
109780 +1.449792818e-02 +1.449792818e-02 -6.285502072e+00 -6.285502072e+00 +2.0760e+00 -2.1146e+00 -2.0983e+00 +2.1120e+00 -2.0970e+00
110631 +7.808335662e-03 +7.808335662e-03 -6.292191664e+00 -6.292191664e+00 +2.1116e+00 -2.1161e+00 -2.1119e+00 +2.0986e+00 -2.1073e+00
113153 +3.643042390e-03 +3.643042390e-03 -6.296356958e+00 -6.296356958e+00 +2.0983e+00 -2.1135e+00 -2.1076e+00 +2.1012e+00 -2.1025e+00
114916 +1.208077135e-03 +1.208077135e-03 -6.298791923e+00 -6.298791923e+00 +2.1091e+00 -2.1031e+00 -2.1107e+00 +2.1046e+00 -2.1047e+00
115301 +4.291540626e-04 +4.291540626e-04 -6.299570846e+00 -6.299570846e+00 +2.1024e+00 -2.1061e+00 -2.1068e+00 +2.1062e+00 -2.1046e+00
116086 +3.724950551e-04 +3.724950551e-04 -6.299627505e+00 -6.299627505e+00 +2.1029e+00 -2.1028e+00 -2.1050e+00 +2.1031e+00 -2.1060e+00
116427 +2.134550587e-04 +2.134550587e-04 -6.299786545e+00 -6.299786545e+00 +2.1037e+00 -2.1049e+00 -2.1040e+00 +2.1033e+00 -2.1052e+00
116850 +2.114078958e-05 +2.114078958e-05 -6.299978859e+00 -6.299978859e+00 +2.1053e+00 -2.1048e+00 -2.1052e+00 +2.1044e+00 -2.1053e+00
117019 +1.268616427e-05 +1.268616427e-05 -6.299987314e+00 -6.299987314e+00 +2.1049e+00 -2.1046e+00 -2.1051e+00 +2.1046e+00 -2.1052e+00
117960 +7.158603057e-06 +7.158603057e-06 -6.299992841e+00 -6.299992841e+00 +2.1050e+00 -2.1044e+00 -2.1050e+00 +2.1047e+00 -2.1051e+00
118559 +3.345369259e-06 +3.345369259e-06 -6.299996655e+00 -6.299996655e+00 +2.1044e+00 -2.1048e+00 -2.1048e+00 +2.1049e+00 -2.1047e+00
118758 +4.958219817e-07 +4.958219817e-07 -6.299999504e+00 -6.299999504e+00 +2.1048e+00 -2.1047e+00 -2.1048e+00 +2.1048e+00 -2.1049e+00
119386 +3.266797037e-07 +3.266797037e-07 -6.299999673e+00 -6.299999673e+00 +2.1047e+00 -2.1049e+00 -2.1049e+00 +2.1048e+00 -2.1049e+00
119944 +1.908797165e-07 +1.908797165e-07 -6.299999809e+00 -6.299999809e+00 +2.1048e+00 -2.1048e+00 -2.1048e+00 +2.1048e+00 -2.1048e+00
120339 +1.059417931e-07 +1.059417931e-07 -6.299999894e+00 -6.299999894e+00 +2.1049e+00 -2.1048e+00 -2.1049e+00 +2.1049e+00 -2.1048e+00
120477 +9.507672072e-08 +9.507672072e-08 -6.299999905e+00 -6.299999905e+00 +2.1049e+00 -2.1048e+00 -2.1049e+00 +2.1049e+00 -2.1048e+00
120491 +6.141551268e-08 +6.141551268e-08 -6.299999939e+00 -6.299999939e+00 +2.1048e+00 -2.1048e+00 -2.1048e+00 +2.1048e+00 -2.1049e+00
120492 +3.640159285e-08 +3.640159285e-08 -6.299999964e+00 -6.299999964e+00 +2.1049e+00 -2.1048e+00 -2.1048e+00 +2.1048e+00 -2.1048e+00
120641 +2.484517836e-08 +2.484517836e-08 -6.299999975e+00 -6.299999975e+00 +2.1048e+00 -2.1048e+00 -2.1049e+00 +2.1048e+00 -2.1048e+00
120984 +1.062502175e-08 +1.062502175e-08 -6.299999989e+00 -6.299999989e+00 +2.1048e+00 -2.1049e+00 -2.1048e+00 +2.1048e+00 -2.1048e+00
121518 +7.022451065e-09 +7.022451065e-09 -6.299999993e+00 -6.299999993e+00 +2.1048e+00 -2.1048e+00 -2.1048e+00 +2.1048e+00 -2.1048e+00
121583 +1.641767611e-09 +1.641767611e-09 -6.299999998e+00 -6.299999998e+00 +2.1048e+00 -2.1048e+00 -2.1048e+00 +2.1048e+00 -2.1048e+00
121988 +4.523226238e-11 +4.523226238e-11 -6.300000000e+00 -6.300000000e+00 +2.1048e+00 -2.1048e+00 -2.1048e+00 +2.1048e+00 -2.1048e+00
% function evaluation | noise-free fitness - Fopt (-6.300000000000e+00) | best noise-free fitness - Fopt | measured fitness | best measured fitness | x1 | x2...
1 +2.580458939e+04 +2.580458939e+04 +2.579828939e+04 +2.579828939e+04 +7.9912e-01 +1.3689e+00 +1.5207e+00 +1.1533e+00 +1.4116e+00
15 +4.887337697e+03 +4.887337697e+03 +4.881037697e+03 +4.881037697e+03 +1.0455e+00 -3.8235e-01 +1.1738e+00 +1.6050e+00 +1.3427e-01
31 +3.694764050e+03 +3.694764050e+03 +3.688464050e+03 +3.688464050e+03 -1.1413e-01 +1.8332e+00 +1.0192e+00 +1.0919e+00 -2.0625e+00
38 +4.292839388e+02 +4.292839388e+02 +4.229839388e+02 +4.229839388e+02 +1.7445e+00 +1.9646e+00 -2.9891e-01 +8.3131e-01 -1.7219e+00
39 +4.060732463e+00 +4.060732463e+00 -2.239267537e+00 -2.239267537e+00 -4.0173e-01 -1.2768e+00 -5.4670e-01 +1.2415e+00 -2.3118e+00
69 +3.177354008e+00 +3.177354008e+00 -3.122645992e+00 -3.122645992e+00 -1.6053e+00 -1.0300e+00 -1.4810e+00 +1.8427e+00 -9.5250e-01
227 +2.050274879e+00 +2.050274879e+00 -4.249725121e+00 -4.249725121e+00 +7.4896e-01 -1.1268e+00 -2.3405e+00 +1.9973e+00 -9.6999e-01
6016 +1.479979822e+00 +1.479979822e+00 -4.820020178e+00 -4.820020178e+00 +9.6054e-01 -2.3297e+00 -2.0058e+00 +1.6801e+00 -1.8553e+00
17799 +9.673451402e-01 +9.673451402e-01 -5.332654860e+00 -5.332654860e+00 +1.0098e+00 +3.3928e-01 -2.7100e+00 +4.3121e-01 -2.4994e+00
32485 +4.215681290e-01 +4.215681290e-01 -5.878431871e+00 -5.878431871e+00 +2.1472e+00 -2.1310e+00 -2.0842e+00 +2.0858e+00 -9.3350e-01
32524 +3.892791585e-01 +3.892791585e-01 -5.910720842e+00 -5.910720842e+00 +2.0984e+00 -2.0622e+00 -2.0958e+00 +2.1431e+00 -9.3360e-01
33150 +2.492168282e-01 +2.492168282e-01 -6.050783172e+00 -6.050783172e+00 +2.1270e+00 -2.0845e+00 -2.1007e+00 +2.1050e+00 -9.6356e-01
63120 +1.168045189e-01 +1.168045189e-01 -6.183195481e+00 -6.183195481e+00 +2.1268e+00 -2.1021e+00 -2.1258e+00 +2.1234e+00 -2.0742e+00
63693 +4.223975512e-02 +4.223975512e-02 -6.257760245e+00 -6.257760245e+00 +2.0761e+00 -2.0899e+00 -2.1089e+00 +2.1034e+00 -2.0893e+00
65089 +3.427975806e-02 +3.427975806e-02 -6.265720242e+00 -6.265720242e+00 +2.0627e+00 -2.0881e+00 -2.1149e+00 +2.1077e+00 -2.1061e+00
65290 +2.236420893e-02 +2.236420893e-02 -6.277635791e+00 -6.277635791e+00 +2.1327e+00 -2.1204e+00 -2.1110e+00 +2.0974e+00 -2.1055e+00
65350 +1.471001775e-02 +1.471001775e-02 -6.285289982e+00 -6.285289982e+00 +2.1189e+00 -2.1048e+00 -2.1093e+00 +2.1145e+00 -2.0952e+00
65656 +9.042298296e-03 +9.042298296e-03 -6.290957702e+00 -6.290957702e+00 +2.1334e+00 -2.0975e+00 -2.1043e+00 +2.1058e+00 -2.1070e+00
65873 +5.213413518e-03 +5.213413518e-03 -6.294786586e+00 -6.294786586e+00 +2.0937e+00 -2.1123e+00 -2.1053e+00 +2.1097e+00 -2.1081e+00
66424 +3.035939155e-03 +3.035939155e-03 -6.296964061e+00 -6.296964061e+00 +2.1068e+00 -2.1086e+00 -2.0959e+00 +2.1080e+00 -2.1017e+00
67024 +1.075839229e-03 +1.075839229e-03 -6.298924161e+00 -6.298924161e+00 +2.1001e+00 -2.1078e+00 -2.1025e+00 +2.1087e+00 -2.1029e+00
67174 +9.743673332e-04 +9.743673332e-04 -6.299025633e+00 -6.299025633e+00 +2.1032e+00 -2.1025e+00 -2.1088e+00 +2.1060e+00 -2.1032e+00
67254 +3.912332847e-04 +3.912332847e-04 -6.299608767e+00 -6.299608767e+00 +2.1029e+00 -2.1019e+00 -2.1035e+00 +2.1049e+00 -2.1046e+00
67474 +4.584929078e-05 +4.584929078e-05 -6.299954151e+00 -6.299954151e+00 +2.1036e+00 -2.1054e+00 -2.1053e+00 +2.1053e+00 -2.1048e+00
67719 +3.470075978e-05 +3.470075978e-05 -6.299965299e+00 -6.299965299e+00 +2.1050e+00 -2.1046e+00 -2.1051e+00 +2.1049e+00 -2.1054e+00
68107 +1.931721847e-05 +1.931721847e-05 -6.299980683e+00 -6.299980683e+00 +2.1050e+00 -2.1043e+00 -2.1046e+00 +2.1053e+00 -2.1046e+00
68302 +1.366882375e-05 +1.366882375e-05 -6.299986331e+00 -6.299986331e+00 +2.1056e+00 -2.1047e+00 -2.1053e+00 +2.1048e+00 -2.1049e+00
68493 +4.974947804e-06 +4.974947804e-06 -6.299995025e+00 -6.299995025e+00 +2.1043e+00 -2.1051e+00 -2.1050e+00 +2.1049e+00 -2.1048e+00
68709 +1.617447984e-06 +1.617447984e-06 -6.299998383e+00 -6.299998383e+00 +2.1046e+00 -2.1051e+00 -2.1048e+00 +2.1049e+00 -2.1048e+00
69023 +9.359303004e-07 +9.359303004e-07 -6.299999064e+00 -6.299999064e+00 +2.1046e+00 -2.1049e+00 -2.1049e+00 +2.1048e+00 -2.1048e+00
69170 +5.547717858e-07 +5.547717858e-07 -6.299999445e+00 -6.299999445e+00 +2.1049e+00 -2.1049e+00 -2.1048e+00 +2.1049e+00 -2.1048e+00
69256 +3.054048996e-07 +3.054048996e-07 -6.299999695e+00 -6.299999695e+00 +2.1048e+00 -2.1048e+00 -2.1049e+00 +2.1049e+00 -2.1048e+00
69369 +1.395772662e-07 +1.395772662e-07 -6.299999860e+00 -6.299999860e+00 +2.1049e+00 -2.1049e+00 -2.1048e+00 +2.1049e+00 -2.1049e+00
69595 +9.426757330e-08 +9.426757330e-08 -6.299999906e+00 -6.299999906e+00 +2.1049e+00 -2.1048e+00 -2.1048e+00 +2.1048e+00 -2.1049e+00
69763 +6.189498869e-08 +6.189498869e-08 -6.299999938e+00 -6.299999938e+00 +2.1048e+00 -2.1049e+00 -2.1049e+00 +2.1048e+00 -2.1049e+00
69962 +3.165668616e-08 +3.165668616e-08 -6.299999968e+00 -6.299999968e+00 +2.1048e+00 -2.1049e+00 -2.1049e+00 +2.1048e+00 -2.1049e+00
70193 +1.956426310e-08 +1.956426310e-08 -6.299999980e+00 -6.299999980e+00 +2.1049e+00 -2.1048e+00 -2.1048e+00 +2.1048e+00 -2.1048e+00
70250 +8.230435888e-09 +8.230435888e-09 -6.299999992e+00 -6.299999992e+00 +2.1048e+00 -2.1049e+00 -2.1048e+00 +2.1048e+00 -2.1048e+00
70261 +1.607093125e-09 +1.607093125e-09 -6.299999998e+00 -6.299999998e+00 +2.1048e+00 -2.1048e+00 -2.1048e+00 +2.1048e+00 -2.1048e+00
% function evaluation | noise-free fitness - Fopt (-6.300000000000e+00) | best noise-free fitness - Fopt | measured fitness | best measured fitness | x1 | x2...
1 +9.212270303e+04 +9.212270303e+04 +9.211640303e+04 +9.211640303e+04 +1.8306e+00 +1.3071e+00 -1.6448e+00 +1.0373e+00 +3.8833e+00
3 +1.925950052e+04 +1.925950052e+04 +1.925320052e+04 +1.925320052e+04 +4.9711e+00 +1.1614e+00 -1.2834e+00 +1.5647e+00 +1.2667e+00
22 +1.563844658e+04 +1.563844658e+04 +1.563214658e+04 +1.563214658e+04 +1.6604e-01 -3.0614e-01 -5.0165e-01 +1.4178e+00 +1.1568e+00
29 +4.722825419e+03 +4.722825419e+03 +4.716525419e+03 +4.716525419e+03 -7.0216e-01 -3.7187e+00 +1.6041e+00 +4.0578e+00 -2.4727e+00
36 +1.210138248e+03 +1.210138248e+03 +1.203838248e+03 +1.203838248e+03 -1.8587e+00 -3.9030e+00 +1.8325e+00 +2.6145e+00 -1.4786e+00
37 +5.864775304e+00 +5.864775304e+00 -4.352246964e-01 -4.352246964e-01 -2.1223e+00 -2.5778e+00 -1.2753e+00 +2.0590e+00 -1.6039e+00
97 +3.316833910e+00 +3.316833910e+00 -2.983166090e+00 -2.983166090e+00 -1.7995e+00 -2.2823e+00 -6.0148e-01 +1.3471e+00 -1.4362e+00
290 +1.712306035e+00 +1.712306035e+00 -4.587693965e+00 -4.587693965e+00 +9.3050e-01 -1.4630e+00 -2.1947e-01 +1.0226e+00 -2.3635e+00
484 +1.541029068e+00 +1.541029068e+00 -4.758970932e+00 -4.758970932e+00 +9.1650e-01 -1.5595e+00 -1.9088e-01 +1.0942e+00 -2.3623e+00
2227 +9.842533230e-01 +9.842533230e-01 -5.315746677e+00 -5.315746677e+00 +1.0998e+00 -2.3762e+00 -2.0377e+00 +2.2168e+00 -2.0826e+00
2256 +5.444167760e-01 +5.444167760e-01 -5.755583224e+00 -5.755583224e+00 +9.9226e-01 -2.3462e+00 -2.0865e+00 +2.1109e+00 -2.1184e+00
61157 +3.452463060e-01 +3.452463060e-01 -5.954753694e+00 -5.954753694e+00 +2.1173e+00 +5.7057e-01 -2.8173e+00 +1.9128e+00 -2.1609e+00
63756 +2.436034205e-01 +2.436034205e-01 -6.056396579e+00 -6.056396579e+00 +2.1254e+00 +6.2318e-01 -2.7896e+00 +1.9358e+00 -2.1461e+00
125203 +8.972363320e-02 +8.972363320e-02 -6.210276367e+00 -6.210276367e+00 +2.1086e+00 -2.0517e+00 -2.1045e+00 +2.0873e+00 -2.0958e+00
125499 +5.202368717e-02 +5.202368717e-02 -6.247976313e+00 -6.247976313e+00 +2.0829e+00 -2.1413e+00 -2.0901e+00 +2.0944e+00 -2.1207e+00
127672 +3.634362763e-02 +3.634362763e-02 -6.263656372e+00 -6.263656372e+00 +2.0894e+00 -2.1307e+00 -2.1028e+00 +2.0854e+00 -2.1144e+00
128407 +2.501438294e-02 +2.501438294e-02 -6.274985617e+00 -6.274985617e+00 +2.0666e+00 -2.1224e+00 -2.0891e+00 +2.1097e+00 -2.0966e+00
129694 +1.578193051e-02 +1.578193051e-02 -6.284218069e+00 -6.284218069e+00 +2.0836e+00 -2.1155e+00 -2.1139e+00 +2.0950e+00 -2.1128e+00
130628 +3.093597677e-03 +3.093597677e-03 -6.296906402e+00 -6.296906402e+00 +2.1113e+00 -2.1021e+00 -2.1073e+00 +2.1108e+00 -2.1022e+00
131487 +1.008821050e-03 +1.008821050e-03 -6.298991179e+00 -6.298991179e+00 +2.1046e+00 -2.1009e+00 -2.1049e+00 +2.1083e+00 -2.1040e+00
132567 +5.420010423e-04 +5.420010423e-04 -6.299457999e+00 -6.299457999e+00 +2.1092e+00 -2.1053e+00 -2.1056e+00 +2.1067e+00 -2.1036e+00
132851 +2.396240826e-04 +2.396240826e-04 -6.299760376e+00 -6.299760376e+00 +2.1011e+00 -2.1071e+00 -2.1048e+00 +2.1059e+00 -2.1047e+00
133559 +1.215300855e-04 +1.215300855e-04 -6.299878470e+00 -6.299878470e+00 +2.1041e+00 -2.1069e+00 -2.1052e+00 +2.1046e+00 -2.1054e+00
133592 +6.565218739e-05 +6.565218739e-05 -6.299934348e+00 -6.299934348e+00 +2.1032e+00 -2.1054e+00 -2.1043e+00 +2.1048e+00 -2.1043e+00
133782 +4.714694867e-05 +4.714694867e-05 -6.299952853e+00 -6.299952853e+00 +2.1040e+00 -2.1052e+00 -2.1045e+00 +2.1050e+00 -2.1042e+00
134134 +1.807486559e-05 +1.807486559e-05 -6.299981925e+00 -6.299981925e+00 +2.1045e+00 -2.1058e+00 -2.1046e+00 +2.1047e+00 -2.1049e+00
134332 +1.544276884e-05 +1.544276884e-05 -6.299984557e+00 -6.299984557e+00 +2.1050e+00 -2.1045e+00 -2.1050e+00 +2.1050e+00 -2.1051e+00
134478 +4.251027114e-06 +4.251027114e-06 -6.299995749e+00 -6.299995749e+00 +2.1050e+00 -2.1045e+00 -2.1051e+00 +2.1047e+00 -2.1048e+00
135043 +1.798898354e-06 +1.798898354e-06 -6.299998201e+00 -6.299998201e+00 +2.1049e+00 -2.1047e+00 -2.1051e+00 +2.1048e+00 -2.1049e+00
135768 +8.229228881e-07 +8.229228881e-07 -6.299999177e+00 -6.299999177e+00 +2.1050e+00 -2.1049e+00 -2.1048e+00 +2.1048e+00 -2.1049e+00
136173 +5.165701342e-07 +5.165701342e-07 -6.299999483e+00 -6.299999483e+00 +2.1048e+00 -2.1050e+00 -2.1048e+00 +2.1049e+00 -2.1049e+00
136597 +3.275450595e-07 +3.275450595e-07 -6.299999672e+00 -6.299999672e+00 +2.1049e+00 -2.1048e+00 -2.1048e+00 +2.1049e+00 -2.1048e+00
136740 +1.823589759e-07 +1.823589759e-07 -6.299999818e+00 -6.299999818e+00 +2.1048e+00 -2.1049e+00 -2.1049e+00 +2.1048e+00 -2.1049e+00
136751 +1.176530509e-07 +1.176530509e-07 -6.299999882e+00 -6.299999882e+00 +2.1048e+00 -2.1048e+00 -2.1049e+00 +2.1048e+00 -2.1048e+00
137156 +9.732329076e-08 +9.732329076e-08 -6.299999903e+00 -6.299999903e+00 +2.1048e+00 -2.1049e+00 -2.1048e+00 +2.1048e+00 -2.1049e+00
137314 +2.374259989e-08 +2.374259989e-08 -6.299999976e+00 -6.299999976e+00 +2.1048e+00 -2.1049e+00 -2.1048e+00 +2.1048e+00 -2.1048e+00
138127 +9.326741157e-09 +9.326741157e-09 -6.299999991e+00 -6.299999991e+00 +2.1049e+00 -2.1049e+00 -2.1048e+00 +2.1048e+00 -2.1048e+00
138287 +3.763529932e-09 +3.763529932e-09 -6.299999996e+00 -6.299999996e+00 +2.1048e+00 -2.1049e+00 -2.1048e+00 +2.1048e+00 -2.1048e+00
138626 +2.091748996e-10 +2.091748996e-10 -6.300000000e+00 -6.300000000e+00 +2.1048e+00 -2.1048e+00 -2.1048e+00 +2.1048e+00 -2.1048e+00
