% function evaluation | noise-free fitness - Fopt (-1.694000000000e+01) | best noise-free fitness - Fopt | measured fitness | best measured fitness | x1 | x2...
1 +3.580052628e+03 +3.580052628e+03 +3.563112628e+03 +3.563112628e+03 -2.5542e+00 +1.1481e+00
2 +6.525537358e+02 +6.525537358e+02 +6.356137358e+02 +6.356137358e+02 -6.2439e-01 +1.5601e+00
9 +3.624294474e+02 +3.624294474e+02 +3.454894474e+02 +3.454894474e+02 +1.0240e+00 +1.5986e+00
12 +6.922863439e+01 +6.922863439e+01 +5.228863439e+01 +5.228863439e+01 +2.9935e+00 +1.0457e+00
18 +4.679878950e+01 +4.679878950e+01 +2.985878950e+01 +2.985878950e+01 +3.7572e+00 -2.0699e-03
20 +2.796731631e+01 +2.796731631e+01 +1.102731631e+01 +1.102731631e+01 +4.5177e+00 +3.9781e-01
24 +2.274858399e+01 +2.274858399e+01 +5.808583988e+00 +5.808583988e+00 +4.0090e+00 -1.7420e+00
54 +1.366373613e+01 +1.366373613e+01 -3.276263869e+00 -3.276263869e+00 +4.0854e+00 +1.0685e+00
64 +7.119165890e+00 +7.119165890e+00 -9.820834110e+00 -9.820834110e+00 +4.2876e+00 +8.2487e-02
66 +2.557099584e+00 +2.557099584e+00 -1.438290042e+01 -1.438290042e+01 +3.9158e+00 +1.3101e+00
104 +1.951419480e+00 +1.951419480e+00 -1.498858052e+01 -1.498858052e+01 +3.8599e+00 +1.7255e+00
121 +8.893329067e-01 +8.893329067e-01 -1.605066709e+01 -1.605066709e+01 +3.8039e+00 +1.8025e+00
126 +4.400700673e-01 +4.400700673e-01 -1.649992993e+01 -1.649992993e+01 +3.6814e+00 +2.4202e+00
1052 +3.727446279e-01 +3.727446279e-01 -1.656725537e+01 -1.656725537e+01 +3.7190e+00 +2.2183e+00
1118 +1.155383717e-01 +1.155383717e-01 -1.682446163e+01 -1.682446163e+01 +3.6460e+00 +2.5716e+00
1148 +3.942854663e-02 +3.942854663e-02 -1.690057145e+01 -1.690057145e+01 +3.6536e+00 +2.5600e+00
1244 +1.834805694e-02 +1.834805694e-02 -1.692165194e+01 -1.692165194e+01 +3.6535e+00 +2.5573e+00
1259 +5.424956606e-03 +5.424956606e-03 -1.693457504e+01 -1.693457504e+01 +3.6559e+00 +2.5499e+00
1352 +3.489631706e-03 +3.489631706e-03 -1.693651037e+01 -1.693651037e+01 +3.6561e+00 +2.5497e+00
1382 +2.137549176e-03 +2.137549176e-03 -1.693786245e+01 -1.693786245e+01 +3.6561e+00 +2.5491e+00
1386 +1.026809719e-03 +1.026809719e-03 -1.693897319e+01 -1.693897319e+01 +3.6558e+00 +2.5505e+00
1431 +4.949919564e-04 +4.949919564e-04 -1.693950501e+01 -1.693950501e+01 +3.6560e+00 +2.5495e+00
1453 +2.633632152e-04 +2.633632152e-04 -1.693973664e+01 -1.693973664e+01 +3.6560e+00 +2.5494e+00
1504 +2.322384799e-04 +2.322384799e-04 -1.693976776e+01 -1.693976776e+01 +3.6560e+00 +2.5498e+00
1506 +3.332390208e-05 +3.332390208e-05 -1.693996668e+01 -1.693996668e+01 +3.6560e+00 +2.5496e+00
1556 +1.842745264e-05 +1.842745264e-05 -1.693998157e+01 -1.693998157e+01 +3.6560e+00 +2.5496e+00
1611 +1.363931806e-05 +1.363931806e-05 -1.693998636e+01 -1.693998636e+01 +3.6560e+00 +2.5496e+00
1651 +8.969295884e-06 +8.969295884e-06 -1.693999103e+01 -1.693999103e+01 +3.6560e+00 +2.5496e+00
1670 +7.995388422e-07 +7.995388422e-07 -1.693999920e+01 -1.693999920e+01 +3.6560e+00 +2.5496e+00
1775 +3.464407961e-07 +3.464407961e-07 -1.693999965e+01 -1.693999965e+01 +3.6560e+00 +2.5496e+00
1838 +1.804718686e-07 +1.804718686e-07 -1.693999982e+01 -1.693999982e+01 +3.6560e+00 +2.5496e+00
1866 +1.339322857e-07 +1.339322857e-07 -1.693999987e+01 -1.693999987e+01 +3.6560e+00 +2.5496e+00
1920 +6.714218159e-08 +6.714218159e-08 -1.693999993e+01 -1.693999993e+01 +3.6560e+00 +2.5496e+00
1930 +4.097999096e-08 +4.097999096e-08 -1.693999996e+01 -1.693999996e+01 +3.6560e+00 +2.5496e+00
1933 +1.327284593e-08 +1.327284593e-08 -1.693999999e+01 -1.693999999e+01 +3.6560e+00 +2.5496e+00
1982 +9.424066860e-09 +9.424066860e-09 -1.693999999e+01 -1.693999999e+01 +3.6560e+00 +2.5496e+00
% function evaluation | noise-free fitness - Fopt (-1.694000000000e+01) | best noise-free fitness - Fopt | measured fitness | best measured fitness | x1 | x2...
1 +6.150324825e+03 +6.150324825e+03 +6.133384825e+03 +6.133384825e+03 -3.9924e+00 +3.0196e+00
3 +2.775743534e+03 +2.775743534e+03 +2.758803534e+03 +2.758803534e+03 -1.7705e+00 +3.3360e+00
8 +9.558756169e+02 +9.558756169e+02 +9.389356169e+02 +9.389356169e+02 -1.0135e+00 +4.3657e+00
10 +5.297226437e+02 +5.297226437e+02 +5.127826437e+02 +5.127826437e+02 +4.7150e-01 +2.7782e+00
18 +1.391746352e+02 +1.391746352e+02 +1.222346352e+02 +1.222346352e+02 +5.7965e+00 +4.6455e+00
19 +5.538441239e+01 +5.538441239e+01 +3.844441239e+01 +3.844441239e+01 +2.3148e+00 +1.4887e+00
21 +8.387340104e+00 +8.387340104e+00 -8.552659896e+00 -8.552659896e+00 +3.2367e+00 +4.3212e+00
71 +4.730613930e+00 +4.730613930e+00 -1.220938607e+01 -1.220938607e+01 +3.4736e+00 +2.9416e+00
87 +9.196396189e-01 +9.196396189e-01 -1.602036038e+01 -1.602036038e+01 +3.7122e+00 +2.2811e+00
203 +5.322785557e-01 +5.322785557e-01 -1.640772144e+01 -1.640772144e+01 +3.4812e+00 +3.0559e+00
293 +3.625938517e-01 +3.625938517e-01 -1.657740615e+01 -1.657740615e+01 +3.5698e+00 +2.8067e+00
298 +1.578200529e-01 +1.578200529e-01 -1.678217995e+01 -1.678217995e+01 +3.6057e+00 +2.7047e+00
316 +8.066664549e-02 +8.066664549e-02 -1.685933335e+01 -1.685933335e+01 +3.6634e+00 +2.5149e+00
328 +3.986618644e-02 +3.986618644e-02 -1.690013381e+01 -1.690013381e+01 +3.6467e+00 +2.5796e+00
387 +3.952309366e-02 +3.952309366e-02 -1.690047691e+01 -1.690047691e+01 +3.6553e+00 +2.5544e+00
460 +2.078583556e-02 +2.078583556e-02 -1.691921416e+01 -1.691921416e+01 +3.6535e+00 +2.5610e+00
471 +1.301990231e-02 +1.301990231e-02 -1.692698010e+01 -1.692698010e+01 +3.6569e+00 +2.5460e+00
472 +1.991758160e-03 +1.991758160e-03 -1.693800824e+01 -1.693800824e+01 +3.6561e+00 +2.5490e+00
567 +1.496818667e-03 +1.496818667e-03 -1.693850318e+01 -1.693850318e+01 +3.6558e+00 +2.5506e+00
617 +2.749743902e-04 +2.749743902e-04 -1.693972503e+01 -1.693972503e+01 +3.6560e+00 +2.5494e+00
647 +7.662669165e-05 +7.662669165e-05 -1.693992337e+01 -1.693992337e+01 +3.6560e+00 +2.5496e+00
666 +3.330784639e-05 +3.330784639e-05 -1.693996669e+01 -1.693996669e+01 +3.6560e+00 +2.5496e+00
3537 +1.366227774e-05 +1.366227774e-05 -1.693998634e+01 -1.693998634e+01 +3.6560e+00 +2.5496e+00
3597 +3.488276683e-06 +3.488276683e-06 -1.693999651e+01 -1.693999651e+01 +3.6560e+00 +2.5496e+00
3624 +6.948458662e-07 +6.948458662e-07 -1.693999931e+01 -1.693999931e+01 +3.6560e+00 +2.5496e+00
3786 +5.858172898e-07 +5.858172898e-07 -1.693999941e+01 -1.693999941e+01 +3.6560e+00 +2.5496e+00
3811 +3.188995272e-07 +3.188995272e-07 -1.693999968e+01 -1.693999968e+01 +3.6560e+00 +2.5496e+00
3857 +2.165925039e-07 +2.165925039e-07 -1.693999978e+01 -1.693999978e+01 +3.6560e+00 +2.5496e+00
3907 +1.576371673e-07 +1.576371673e-07 -1.693999984e+01 -1.693999984e+01 +3.6560e+00 +2.5496e+00
3946 +8.830069831e-08 +8.830069831e-08 -1.693999991e+01 -1.693999991e+01 +3.6560e+00 +2.5496e+00
3959 +3.601642717e-08 +3.601642717e-08 -1.693999996e+01 -1.693999996e+01 +3.6560e+00 +2.5496e+00
3986 +2.044189529e-08 +2.044189529e-08 -1.693999998e+01 -1.693999998e+01 +3.6560e+00 +2.5496e+00
3996 +9.666443646e-09 +9.666443646e-09 -1.693999999e+01 -1.693999999e+01 +3.6560e+00 +2.5496e+00
% function evaluation | noise-free fitness - Fopt (-1.694000000000e+01) | best noise-free fitness - Fopt | measured fitness | best measured fitness | x1 | x2...
1 +1.156366580e+03 +1.156366580e+03 +1.139426580e+03 +1.139426580e+03 -1.4825e-03 +3.4489e+00
2 +5.409150743e+01 +5.409150743e+01 +3.715150743e+01 +3.715150743e+01 +2.9106e+00 +3.0257e+00
11 +3.580748112e+01 +3.580748112e+01 +1.886748112e+01 +1.886748112e+01 +4.6362e+00 +1.0437e-02
13 +1.923535612e+01 +1.923535612e+01 +2.295356117e+00 +2.295356117e+00 +2.8858e+00 +3.4809e+00
28 +1.154405274e+01 +1.154405274e+01 -5.395947263e+00 -5.395947263e+00 +3.1339e+00 +3.0620e+00
37 +7.960013971e+00 +7.960013971e+00 -8.979986029e+00 -8.979986029e+00 +4.0711e+00 +6.4677e-01
49 +3.575970887e+00 +3.575970887e+00 -1.336402911e+01 -1.336402911e+01 +3.9513e+00 +1.3243e+00
88 +1.200225623e+00 +1.200225623e+00 -1.573977438e+01 -1.573977438e+01 +3.5903e+00 +2.7108e+00
117 +5.280239095e-01 +5.280239095e-01 -1.641197609e+01 -1.641197609e+01 +3.6945e+00 +2.3795e+00
174 +3.142635675e-01 +3.142635675e-01 -1.662573643e+01 -1.662573643e+01 +3.6358e+00 +2.5921e+00
181 +2.020315605e-01 +2.020315605e-01 -1.673796844e+01 -1.673796844e+01 +3.6139e+00 +2.6615e+00
214 +1.067672076e-01 +1.067672076e-01 -1.683323279e+01 -1.683323279e+01 +3.6572e+00 +2.5588e+00
221 +6.046717650e-02 +6.046717650e-02 -1.687953282e+01 -1.687953282e+01 +3.6560e+00 +2.5401e+00
226 +3.238459269e-02 +3.238459269e-02 -1.690761541e+01 -1.690761541e+01 +3.6621e+00 +2.5217e+00
250 +1.814571115e-02 +1.814571115e-02 -1.692185429e+01 -1.692185429e+01 +3.6539e+00 +2.5555e+00
328 +7.825266149e-03 +7.825266149e-03 -1.693217473e+01 -1.693217473e+01 +3.6543e+00 +2.5560e+00
1526 +4.684246624e-03 +4.684246624e-03 -1.693531575e+01 -1.693531575e+01 +3.6557e+00 +2.5511e+00
1548 +1.972283937e-03 +1.972283937e-03 -1.693802772e+01 -1.693802772e+01 +3.6560e+00 +2.5493e+00
1564 +2.630115598e-04 +2.630115598e-04 -1.693973699e+01 -1.693973699e+01 +3.6560e+00 +2.5497e+00
1750 +3.044533587e-05 +3.044533587e-05 -1.693996955e+01 -1.693996955e+01 +3.6560e+00 +2.5496e+00
1905 +2.317989679e-05 +2.317989679e-05 -1.693997682e+01 -1.693997682e+01 +3.6560e+00 +2.5496e+00
1943 +8.951529992e-06 +8.951529992e-06 -1.693999105e+01 -1.693999105e+01 +3.6560e+00 +2.5496e+00
1945 +3.250211723e-06 +3.250211723e-06 -1.693999675e+01 -1.693999675e+01 +3.6560e+00 +2.5496e+00
2013 +6.620918356e-07 +6.620918356e-07 -1.693999934e+01 -1.693999934e+01 +3.6560e+00 +2.5496e+00
2040 +4.631042287e-07 +4.631042287e-07 -1.693999954e+01 -1.693999954e+01 +3.6560e+00 +2.5496e+00
2128 +2.067429108e-07 +2.067429108e-07 -1.693999979e+01 -1.693999979e+01 +3.6560e+00 +2.5496e+00
2187 +3.663914683e-08 +3.663914683e-08 -1.693999996e+01 -1.693999996e+01 +3.6560e+00 +2.5496e+00
2197 +3.347000899e-09 +3.347000899e-09 -1.694000000e+01 -1.694000000e+01 +3.6560e+00 +2.5496e+00
% function evaluation | noise-free fitness - Fopt (1.881000000000e+01) | best noise-free fitness - Fopt | measured fitness | best measured fitness | x1 | x2...
1 +2.766120980e+02 +2.766120980e+02 +2.954220980e+02 +2.954220980e+02 +1.1172e+00 -3.4722e+00
10 +1.415320436e+02 +1.415320436e+02 +1.603420436e+02 +1.603420436e+02 -1.0345e+00 -1.0837e+00
13 +9.208543097e+01 +9.208543097e+01 +1.108954310e+02 +1.108954310e+02 -3.0544e+00 -8.9880e-01
16 +6.178072624e+01 +6.178072624e+01 +8.059072624e+01 +8.059072624e+01 -4.4082e+00 +3.2894e-01
20 +1.912222374e+01 +1.912222374e+01 +3.793222374e+01 +3.793222374e+01 +5.8597e-01 +2.2403e+00
51 +1.230931985e+01 +1.230931985e+01 +3.111931985e+01 +3.111931985e+01 -4.3240e+00 +1.9325e+00
72 +2.428401351e+00 +2.428401351e+00 +2.123840135e+01 +2.123840135e+01 +2.5299e-01 +1.6606e+00
151 +1.411403095e+00 +1.411403095e+00 +2.022140310e+01 +2.022140310e+01 -1.0456e+00 +1.8541e+00
181 +4.418232826e-01 +4.418232826e-01 +1.925182328e+01 +1.925182328e+01 -4.2483e-01 +1.7997e+00
260 +3.159898108e-01 +3.159898108e-01 +1.912598981e+01 +1.912598981e+01 -3.1812e-01 +1.7936e+00
282 +1.687505026e-01 +1.687505026e-01 +1.897875050e+01 +1.897875050e+01 -2.8603e-01 +1.7889e+00
294 +1.132538550e-01 +1.132538550e-01 +1.892325386e+01 +1.892325386e+01 -2.2869e-01 +1.7815e+00
297 +1.659122019e-02 +1.659122019e-02 +1.882659122e+01 +1.882659122e+01 -1.9587e-01 +1.7815e+00
362 +7.673840926e-03 +7.673840926e-03 +1.881767384e+01 +1.881767384e+01 -1.8249e-01 +1.7796e+00
428 +3.149253861e-03 +3.149253861e-03 +1.881314925e+01 +1.881314925e+01 -1.9372e-01 +1.7810e+00
446 +1.899612050e-03 +1.899612050e-03 +1.881189961e+01 +1.881189961e+01 -1.9240e-01 +1.7809e+00
468 +1.259378905e-03 +1.259378905e-03 +1.881125938e+01 +1.881125938e+01 -1.8999e-01 +1.7807e+00
488 +6.845473705e-04 +6.845473705e-04 +1.881068455e+01 +1.881068455e+01 -1.9147e-01 +1.7808e+00
1789 +2.370052282e-04 +2.370052282e-04 +1.881023701e+01 +1.881023701e+01 -1.9097e-01 +1.7808e+00
1866 +1.262386342e-04 +1.262386342e-04 +1.881012624e+01 +1.881012624e+01 -1.9116e-01 +1.7808e+00
1934 +4.381827052e-05 +4.381827052e-05 +1.881004382e+01 +1.881004382e+01 -1.9120e-01 +1.7808e+00
1942 +2.961657274e-05 +2.961657274e-05 +1.881002962e+01 +1.881002962e+01 -1.9122e-01 +1.7808e+00
2062 +6.845331200e-07 +6.845331200e-07 +1.881000068e+01 +1.881000068e+01 -1.9120e-01 +1.7808e+00
2281 +6.307067011e-07 +6.307067011e-07 +1.881000063e+01 +1.881000063e+01 -1.9120e-01 +1.7808e+00
2351 +2.365269118e-07 +2.365269118e-07 +1.881000024e+01 +1.881000024e+01 -1.9120e-01 +1.7808e+00
2379 +1.480139247e-07 +1.480139247e-07 +1.881000015e+01 +1.881000015e+01 -1.9120e-01 +1.7808e+00
2412 +7.616176489e-08 +7.616176489e-08 +1.881000008e+01 +1.881000008e+01 -1.9120e-01 +1.7808e+00
2420 +4.866978642e-08 +4.866978642e-08 +1.881000005e+01 +1.881000005e+01 -1.9120e-01 +1.7808e+00
2429 +1.785608816e-08 +1.785608816e-08 +1.881000002e+01 +1.881000002e+01 -1.9120e-01 +1.7808e+00
2465 +1.333022581e-08 +1.333022581e-08 +1.881000001e+01 +1.881000001e+01 -1.9120e-01 +1.7808e+00
2466 +8.708482824e-09 +8.708482824e-09 +1.881000001e+01 +1.881000001e+01 -1.9120e-01 +1.7808e+00
2476 +4.120199293e-09 +4.120199293e-09 +1.881000000e+01 +1.881000000e+01 -1.9120e-01 +1.7808e+00
% function evaluation | noise-free fitness - Fopt (1.881000000000e+01) | best noise-free fitness - Fopt | measured fitness | best measured fitness | x1 | x2...
1 +2.208220704e+02 +2.208220704e+02 +2.396320704e+02 +2.396320704e+02 +1.9447e+00 +8.3050e-01
3 +1.122052418e+01 +1.122052418e+01 +3.003052418e+01 +3.003052418e+01 -1.0854e+00 +1.9353e+00
35 +6.180268936e+00 +6.180268936e+00 +2.499026894e+01 +2.499026894e+01 -1.1483e-01 +1.6996e+00
64 +2.434884149e+00 +2.434884149e+00 +2.124488415e+01 +2.124488415e+01 -2.5778e+00 +1.9044e+00
901 +8.625738752e-01 +8.625738752e-01 +1.967257388e+01 +1.967257388e+01 -7.7988e-01 +1.8232e+00
923 +1.376281537e-01 +1.376281537e-01 +1.894762815e+01 +1.894762815e+01 -1.1264e-01 +1.7687e+00
1086 +6.527931581e-02 +6.527931581e-02 +1.887527932e+01 +1.887527932e+01 -1.7670e-01 +1.7806e+00
1127 +5.863320494e-02 +5.863320494e-02 +1.886863320e+01 +1.886863320e+01 -1.2930e-01 +1.7717e+00
1173 +2.983687165e-02 +2.983687165e-02 +1.883983687e+01 +1.883983687e+01 -2.0849e-01 +1.7818e+00
1198 +5.621710490e-03 +5.621710490e-03 +1.881562171e+01 +1.881562171e+01 -1.9281e-01 +1.7809e+00
1214 +3.517966860e-03 +3.517966860e-03 +1.881351797e+01 +1.881351797e+01 -1.9364e-01 +1.7809e+00
1252 +1.363887048e-03 +1.363887048e-03 +1.881136389e+01 +1.881136389e+01 -1.9058e-01 +1.7807e+00
1370 +3.011418947e-04 +3.011418947e-04 +1.881030114e+01 +1.881030114e+01 -1.9101e-01 +1.7808e+00
1383 +1.899335451e-04 +1.899335451e-04 +1.881018993e+01 +1.881018993e+01 -1.9113e-01 +1.7808e+00
1487 +6.519140950e-05 +6.519140950e-05 +1.881006519e+01 +1.881006519e+01 -1.9124e-01 +1.7808e+00
1518 +3.204832677e-05 +3.204832677e-05 +1.881003205e+01 +1.881003205e+01 -1.9119e-01 +1.7808e+00
1617 +2.268829267e-06 +2.268829267e-06 +1.881000227e+01 +1.881000227e+01 -1.9120e-01 +1.7808e+00
1696 +1.200377092e-06 +1.200377092e-06 +1.881000120e+01 +1.881000120e+01 -1.9120e-01 +1.7808e+00
1752 +7.226839074e-07 +7.226839074e-07 +1.881000072e+01 +1.881000072e+01 -1.9120e-01 +1.7808e+00
1789 +1.843181181e-07 +1.843181181e-07 +1.881000018e+01 +1.881000018e+01 -1.9120e-01 +1.7808e+00
1865 +1.151977926e-07 +1.151977926e-07 +1.881000012e+01 +1.881000012e+01 -1.9120e-01 +1.7808e+00
1875 +4.765056261e-08 +4.765056261e-08 +1.881000005e+01 +1.881000005e+01 -1.9120e-01 +1.7808e+00
1907 +9.781256693e-09 +9.781256693e-09 +1.881000001e+01 +1.881000001e+01 -1.9120e-01 +1.7808e+00
1918 +6.143672238e-09 +6.143672238e-09 +1.881000001e+01 +1.881000001e+01 -1.9120e-01 +1.7808e+00
% function evaluation | noise-free fitness - Fopt (1.881000000000e+01) | best noise-free fitness - Fopt | measured fitness | best measured fitness | x1 | x2...
1 +4.895009393e+01 +4.895009393e+01 +6.776009393e+01 +6.776009393e+01 -3.1092e+00 +8.5383e-01
7 +2.117150502e+01 +2.117150502e+01 +3.998150502e+01 +3.998150502e+01 -4.9192e+00 +2.2428e+00
14 +9.782074998e+00 +9.782074998e+00 +2.859207500e+01 +2.859207500e+01 -2.9829e+00 +2.2002e+00
26 +4.046379125e+00 +4.046379125e+00 +2.285637912e+01 +2.285637912e+01 -3.2106e+00 +1.9276e+00
80 +3.937723529e+00 +3.937723529e+00 +2.274772353e+01 +2.274772353e+01 -3.3409e+00 +1.9050e+00
851 +2.496286079e+00 +2.496286079e+00 +2.130628608e+01 +2.130628608e+01 -2.4966e+00 +1.8662e+00
2034 +8.125621114e-01 +8.125621114e-01 +1.962256211e+01 +1.962256211e+01 +4.6645e-01 +1.7216e+00
2066 +3.647410875e-01 +3.647410875e-01 +1.917474109e+01 +1.917474109e+01 +9.8021e-02 +1.7385e+00
2091 +1.477024589e-01 +1.477024589e-01 +1.895770246e+01 +1.895770246e+01 -1.2709e-01 +1.7728e+00
2157 +8.199075273e-02 +8.199075273e-02 +1.889199075e+01 +1.889199075e+01 -1.7296e-01 +1.7788e+00
2284 +3.200096684e-02 +3.200096684e-02 +1.884200097e+01 +1.884200097e+01 -1.7616e-01 +1.7778e+00
2382 +3.038084614e-03 +3.038084614e-03 +1.881303808e+01 +1.881303808e+01 -1.9294e-01 +1.7810e+00
2501 +1.858626929e-03 +1.858626929e-03 +1.881185863e+01 +1.881185863e+01 -1.9167e-01 +1.7808e+00
2515 +1.037191633e-03 +1.037191633e-03 +1.881103719e+01 +1.881103719e+01 -1.9215e-01 +1.7809e+00
2606 +9.983201834e-04 +9.983201834e-04 +1.881099832e+01 +1.881099832e+01 -1.9077e-01 +1.7807e+00
2644 +3.644402037e-04 +3.644402037e-04 +1.881036444e+01 +1.881036444e+01 -1.9101e-01 +1.7808e+00
2804 +2.378823175e-04 +2.378823175e-04 +1.881023788e+01 +1.881023788e+01 -1.9138e-01 +1.7808e+00
2849 +5.249465305e-05 +5.249465305e-05 +1.881005249e+01 +1.881005249e+01 -1.9120e-01 +1.7808e+00
2882 +3.252704498e-05 +3.252704498e-05 +1.881003253e+01 +1.881003253e+01 -1.9122e-01 +1.7808e+00
3024 +1.279833843e-05 +1.279833843e-05 +1.881001280e+01 +1.881001280e+01 -1.9120e-01 +1.7808e+00
3094 +8.704161843e-06 +8.704161843e-06 +1.881000870e+01 +1.881000870e+01 -1.9120e-01 +1.7808e+00
3120 +5.593548210e-06 +5.593548210e-06 +1.881000559e+01 +1.881000559e+01 -1.9120e-01 +1.7808e+00
3151 +9.730486923e-07 +9.730486923e-07 +1.881000097e+01 +1.881000097e+01 -1.9120e-01 +1.7808e+00
3260 +3.888781031e-07 +3.888781031e-07 +1.881000039e+01 +1.881000039e+01 -1.9120e-01 +1.7808e+00
3379 +2.460238129e-07 +2.460238129e-07 +1.881000025e+01 +1.881000025e+01 -1.9120e-01 +1.7808e+00
3422 +1.364921189e-07 +1.364921189e-07 +1.881000014e+01 +1.881000014e+01 -1.9120e-01 +1.7808e+00
3425 +5.497765088e-08 +5.497765088e-08 +1.881000005e+01 +1.881000005e+01 -1.9120e-01 +1.7808e+00
3490 +1.798111882e-08 +1.798111882e-08 +1.881000002e+01 +1.881000002e+01 -1.9120e-01 +1.7808e+00
3565 +1.842938246e-09 +1.842938246e-09 +1.881000000e+01 +1.881000000e+01 -1.9120e-01 +1.7808e+00
3570 +1.010601380e-09 +1.010601380e-09 +1.881000000e+01 +1.881000000e+01 -1.9120e-01 +1.7808e+00
% function evaluation | noise-free fitness - Fopt (2.731500000000e+02) | best noise-free fitness - Fopt | measured fitness | best measured fitness | x1 | x2...
1 +8.235326510e+02 +8.235326510e+02 +1.096682651e+03 +1.096682651e+03 +2.6490e+00 +1.2759e+00
2 +3.060995308e+02 +3.060995308e+02 +5.792495308e+02 +5.792495308e+02 +4.7246e+00 -1.3367e+00
3 +1.966208900e+02 +1.966208900e+02 +4.697708900e+02 +4.697708900e+02 +3.9367e-01 +3.1670e-01
13 +1.350099035e+02 +1.350099035e+02 +4.081599035e+02 +4.081599035e+02 -1.5925e+00 +2.3510e+00
16 +3.038218194e+01 +3.038218194e+01 +3.035321819e+02 +3.035321819e+02 -4.1187e+00 +4.4681e-01
19 +1.321120041e+01 +1.321120041e+01 +2.863612004e+02 +2.863612004e+02 -3.8233e+00 +3.7230e+00
57 +9.303216353e+00 +9.303216353e+00 +2.824532164e+02 +2.824532164e+02 -3.9184e+00 +2.5630e+00
65 +3.120888808e+00 +3.120888808e+00 +2.762708888e+02 +2.762708888e+02 -3.4107e+00 +4.0687e+00
1168 +1.450107920e+00 +1.450107920e+00 +2.746001079e+02 +2.746001079e+02 -3.9855e+00 +2.8823e+00
1234 +2.432709561e-01 +2.432709561e-01 +2.733932710e+02 +2.733932710e+02 -3.6255e+00 +3.6696e+00
1293 +1.134837399e-01 +1.134837399e-01 +2.732634837e+02 +2.732634837e+02 -3.5689e+00 +3.7690e+00
1307 +9.981446616e-02 +9.981446616e-02 +2.732498145e+02 +2.732498145e+02 -3.6184e+00 +3.6664e+00
1360 +4.330978163e-02 +4.330978163e-02 +2.731933098e+02 +2.731933098e+02 -3.5631e+00 +3.7903e+00
1368 +2.928088967e-02 +2.928088967e-02 +2.731792809e+02 +2.731792809e+02 -3.5722e+00 +3.7698e+00
1376 +1.284140575e-02 +1.284140575e-02 +2.731628414e+02 +2.731628414e+02 -3.5813e+00 +3.7488e+00
1415 +3.342045965e-03 +3.342045965e-03 +2.731533420e+02 +2.731533420e+02 -3.5781e+00 +3.7562e+00
1512 +2.123974590e-03 +2.123974590e-03 +2.731521240e+02 +2.731521240e+02 -3.5794e+00 +3.7532e+00
1551 +1.472878630e-03 +1.472878630e-03 +2.731514729e+02 +2.731514729e+02 -3.5794e+00 +3.7533e+00
1570 +2.843671211e-04 +2.843671211e-04 +2.731502844e+02 +2.731502844e+02 -3.5791e+00 +3.7537e+00
1579 +2.356540484e-04 +2.356540484e-04 +2.731502357e+02 +2.731502357e+02 -3.5793e+00 +3.7535e+00
1641 +1.001141522e-04 +1.001141522e-04 +2.731501001e+02 +2.731501001e+02 -3.5792e+00 +3.7536e+00
1720 +8.636303897e-05 +8.636303897e-05 +2.731500864e+02 +2.731500864e+02 -3.5792e+00 +3.7536e+00
1748 +3.604323382e-05 +3.604323382e-05 +2.731500360e+02 +2.731500360e+02 -3.5792e+00 +3.7536e+00
1806 +6.282538322e-06 +6.282538322e-06 +2.731500063e+02 +2.731500063e+02 -3.5792e+00 +3.7536e+00
3564 +9.864719459e-07 +9.864719459e-07 +2.731500010e+02 +2.731500010e+02 -3.5792e+00 +3.7536e+00
3820 +5.572237569e-07 +5.572237569e-07 +2.731500006e+02 +2.731500006e+02 -3.5792e+00 +3.7536e+00
3858 +2.479173986e-07 +2.479173986e-07 +2.731500002e+02 +2.731500002e+02 -3.5792e+00 +3.7536e+00
3947 +5.246261026e-08 +5.246261026e-08 +2.731500001e+02 +2.731500001e+02 -3.5792e+00 +3.7536e+00
4008 +2.457335313e-08 +2.457335313e-08 +2.731500000e+02 +2.731500000e+02 -3.5792e+00 +3.7536e+00
4024 +1.447756404e-08 +1.447756404e-08 +2.731500000e+02 +2.731500000e+02 -3.5792e+00 +3.7536e+00
4088 +9.231143849e-09 +9.231143849e-09 +2.731500000e+02 +2.731500000e+02 -3.5792e+00 +3.7536e+00
4104 +2.182900971e-09 +2.182900971e-09 +2.731500000e+02 +2.731500000e+02 -3.5792e+00 +3.7536e+00
% function evaluation | noise-free fitness - Fopt (2.731500000000e+02) | best noise-free fitness - Fopt | measured fitness | best measured fitness | x1 | x2...
1 +7.523481117e+02 +7.523481117e+02 +1.025498112e+03 +1.025498112e+03 +2.3112e+00 +2.0548e+00
2 +3.493658816e+02 +3.493658816e+02 +6.225158816e+02 +6.225158816e+02 +3.6834e+00 +3.5971e+00
6 +1.443704047e+02 +1.443704047e+02 +4.175204047e+02 +4.175204047e+02 +4.1641e-01 +1.5652e+00
26 +4.347267011e+01 +4.347267011e+01 +3.166226701e+02 +3.166226701e+02 -5.6923e+00 -1.5085e+00
36 +3.792055181e+01 +3.792055181e+01 +3.110705518e+02 +3.110705518e+02 -6.1837e+00 -3.6170e+00
56 +1.942493190e+01 +1.942493190e+01 +2.925749319e+02 +2.925749319e+02 -2.2470e+00 +5.2312e+00
73 +1.547447573e+01 +1.547447573e+01 +2.886244757e+02 +2.886244757e+02 -2.6497e+00 +5.2551e+00
93 +5.754946302e+00 +5.754946302e+00 +2.789049463e+02 +2.789049463e+02 -4.5245e+00 +1.4706e+00
152 +3.865316821e+00 +3.865316821e+00 +2.770153168e+02 +2.770153168e+02 -4.4995e+00 +1.9196e+00
157 +2.426535131e+00 +2.426535131e+00 +2.755765351e+02 +2.755765351e+02 -4.1566e+00 +2.3533e+00
179 +1.520548340e+00 +1.520548340e+00 +2.746705483e+02 +2.746705483e+02 -4.1377e+00 +2.5632e+00
190 +7.030050710e-01 +7.030050710e-01 +2.738530051e+02 +2.738530051e+02 -3.6449e+00 +3.6032e+00
316 +3.673102964e-01 +3.673102964e-01 +2.735173103e+02 +2.735173103e+02 -3.6440e+00 +3.6257e+00
334 +2.493137258e-01 +2.493137258e-01 +2.733993137e+02 +2.733993137e+02 -3.6304e+00 +3.6583e+00
345 +1.581437004e-01 +1.581437004e-01 +2.733081437e+02 +2.733081437e+02 -3.5141e+00 +3.8938e+00
350 +6.102064599e-02 +6.102064599e-02 +2.732110206e+02 +2.732110206e+02 -3.5595e+00 +3.7950e+00
418 +3.522994528e-02 +3.522994528e-02 +2.731852299e+02 +2.731852299e+02 -3.5675e+00 +3.7821e+00
432 +1.684474451e-02 +1.684474451e-02 +2.731668447e+02 +2.731668447e+02 -3.5712e+00 +3.7714e+00
440 +1.000643295e-02 +1.000643295e-02 +2.731600064e+02 +2.731600064e+02 -3.5772e+00 +3.7586e+00
471 +7.970178887e-03 +7.970178887e-03 +2.731579702e+02 +2.731579702e+02 -3.5757e+00 +3.7615e+00
491 +3.667472317e-03 +3.667472317e-03 +2.731536675e+02 +2.731536675e+02 -3.5782e+00 +3.7557e+00
521 +1.076349116e-03 +1.076349116e-03 +2.731510763e+02 +2.731510763e+02 -3.5794e+00 +3.7533e+00
1482 +4.370410678e-04 +4.370410678e-04 +2.731504370e+02 +2.731504370e+02 -3.5791e+00 +3.7539e+00
1573 +3.426038696e-04 +3.426038696e-04 +2.731503426e+02 +2.731503426e+02 -3.5791e+00 +3.7538e+00
1586 +2.401147272e-04 +2.401147272e-04 +2.731502401e+02 +2.731502401e+02 -3.5792e+00 +3.7536e+00
1631 +1.410202350e-04 +1.410202350e-04 +2.731501410e+02 +2.731501410e+02 -3.5792e+00 +3.7536e+00
1662 +2.914622797e-05 +2.914622797e-05 +2.731500291e+02 +2.731500291e+02 -3.5792e+00 +3.7536e+00
1712 +1.889698740e-05 +1.889698740e-05 +2.731500189e+02 +2.731500189e+02 -3.5792e+00 +3.7536e+00
1714 +4.969379916e-06 +4.969379916e-06 +2.731500050e+02 +2.731500050e+02 -3.5792e+00 +3.7536e+00
1749 +3.614451032e-06 +3.614451032e-06 +2.731500036e+02 +2.731500036e+02 -3.5792e+00 +3.7536e+00
1777 +1.915390442e-06 +1.915390442e-06 +2.731500019e+02 +2.731500019e+02 -3.5792e+00 +3.7536e+00
1787 +5.924999300e-07 +5.924999300e-07 +2.731500006e+02 +2.731500006e+02 -3.5792e+00 +3.7536e+00
1839 +2.907750627e-07 +2.907750627e-07 +2.731500003e+02 +2.731500003e+02 -3.5792e+00 +3.7536e+00
1938 +1.200277211e-07 +1.200277211e-07 +2.731500001e+02 +2.731500001e+02 -3.5792e+00 +3.7536e+00
1956 +4.800443776e-08 +4.800443776e-08 +2.731500000e+02 +2.731500000e+02 -3.5792e+00 +3.7536e+00
1977 +9.785878774e-09 +9.785878774e-09 +2.731500000e+02 +2.731500000e+02 -3.5792e+00 +3.7536e+00
% function evaluation | noise-free fitness - Fopt (2.731500000000e+02) | best noise-free fitness - Fopt | measured fitness | best measured fitness | x1 | x2...
1 +2.612426756e+02 +2.612426756e+02 +5.343926756e+02 +5.343926756e+02 -3.6528e+00 -2.8034e+00
2 +2.122120470e+02 +2.122120470e+02 +4.853620470e+02 +4.853620470e+02 -1.2730e+00 -3.2780e+00
3 +7.818539039e+01 +7.818539039e+01 +3.513353904e+02 +3.513353904e+02 -1.5706e+00 +2.2352e+00
5 +4.517414226e+01 +4.517414226e+01 +3.183241423e+02 +3.183241423e+02 -6.3685e+00 -2.9535e+00
10 +2.066624211e+01 +2.066624211e+01 +2.938162421e+02 +2.938162421e+02 -4.5316e+00 +1.9347e-01
26 +1.554996527e+01 +1.554996527e+01 +2.886999653e+02 +2.886999653e+02 -3.0533e+00 +5.5949e+00
50 +3.441704181e+00 +3.441704181e+00 +2.765917042e+02 +2.765917042e+02 -4.6515e+00 +1.5596e+00
105 +1.228598085e+00 +1.228598085e+00 +2.743785981e+02 +2.743785981e+02 -3.7857e+00 +3.2358e+00
112 +8.849378808e-01 +8.849378808e-01 +2.740349379e+02 +2.740349379e+02 -3.8654e+00 +3.1500e+00
1944 +5.277104378e-01 +5.277104378e-01 +2.736777104e+02 +2.736777104e+02 -3.4219e+00 +4.0765e+00
2035 +3.638262838e-01 +3.638262838e-01 +2.735138263e+02 +2.735138263e+02 -3.4651e+00 +4.0367e+00
2098 +1.120975986e-01 +1.120975986e-01 +2.732620976e+02 +2.732620976e+02 -3.5907e+00 +3.7267e+00
2123 +3.204088799e-02 +3.204088799e-02 +2.731820409e+02 +2.731820409e+02 -3.5876e+00 +3.7337e+00
2217 +2.150101949e-02 +2.150101949e-02 +2.731715010e+02 +2.731715010e+02 -3.5720e+00 +3.7704e+00
2319 +5.266069262e-03 +5.266069262e-03 +2.731552661e+02 +2.731552661e+02 -3.5779e+00 +3.7568e+00
2342 +3.653496088e-03 +3.653496088e-03 +2.731536535e+02 +2.731536535e+02 -3.5800e+00 +3.7519e+00
2508 +2.471570157e-03 +2.471570157e-03 +2.731524716e+02 +2.731524716e+02 -3.5795e+00 +3.7531e+00
2545 +1.027273857e-03 +1.027273857e-03 +2.731510273e+02 +2.731510273e+02 -3.5790e+00 +3.7542e+00
2562 +9.839358012e-04 +9.839358012e-04 +2.731509839e+02 +2.731509839e+02 -3.5788e+00 +3.7544e+00
2577 +2.295899217e-04 +2.295899217e-04 +2.731502296e+02 +2.731502296e+02 -3.5792e+00 +3.7536e+00
2706 +1.413452008e-04 +1.413452008e-04 +2.731501413e+02 +2.731501413e+02 -3.5792e+00 +3.7537e+00
2734 +9.015408375e-05 +9.015408375e-05 +2.731500902e+02 +2.731500902e+02 -3.5792e+00 +3.7536e+00
2767 +3.503014403e-05 +3.503014403e-05 +2.731500350e+02 +2.731500350e+02 -3.5792e+00 +3.7536e+00
2864 +7.976871757e-06 +7.976871757e-06 +2.731500080e+02 +2.731500080e+02 -3.5792e+00 +3.7536e+00
3004 +1.686047426e-06 +1.686047426e-06 +2.731500017e+02 +2.731500017e+02 -3.5792e+00 +3.7536e+00
3009 +5.696507515e-07 +5.696507515e-07 +2.731500006e+02 +2.731500006e+02 -3.5792e+00 +3.7536e+00
3132 +3.405701250e-07 +3.405701250e-07 +2.731500003e+02 +2.731500003e+02 -3.5792e+00 +3.7536e+00
3158 +2.468123057e-07 +2.468123057e-07 +2.731500002e+02 +2.731500002e+02 -3.5792e+00 +3.7536e+00
3172 +5.028084615e-09 +5.028084615e-09 +2.731500000e+02 +2.731500000e+02 -3.5792e+00 +3.7536e+00
% function evaluation | noise-free fitness - Fopt (3.718000000000e+01) | best noise-free fitness - Fopt | measured fitness | best measured fitness | x1 | x2...
1 +1.054207332e+02 +1.054207332e+02 +1.426007332e+02 +1.426007332e+02 +3.1317e+00 -1.8132e+00
2 +7.875308251e+01 +7.875308251e+01 +1.159330825e+02 +1.159330825e+02 +5.2775e+00 -9.8449e-01
3 +5.526522278e+01 +5.526522278e+01 +9.244522278e+01 +9.244522278e+01 +3.0656e+00 +1.6596e-01
13 +3.883165959e+01 +3.883165959e+01 +7.601165959e+01 +7.601165959e+01 +4.2040e+00 +1.1768e-01
14 +2.265738066e+01 +2.265738066e+01 +5.983738066e+01 +5.983738066e+01 +2.7275e+00 +1.6083e+00
20 +1.575660877e+01 +1.575660877e+01 +5.293660877e+01 +5.293660877e+01 +1.0471e+00 +1.9052e+00
61 +9.604602994e+00 +9.604602994e+00 +4.678460299e+01 +4.678460299e+01 +3.2084e+00 +1.2191e+00
862 +4.646406692e+00 +4.646406692e+00 +4.182640669e+01 +4.182640669e+01 -8.2026e-01 +1.7943e+00
882 +1.037871900e+00 +1.037871900e+00 +3.821787190e+01 +3.821787190e+01 -2.9152e+00 +2.0144e+00
892 +4.516435582e-01 +4.516435582e-01 +3.763164356e+01 +3.763164356e+01 -4.1333e+00 +2.0788e+00
1028 +2.506029134e-01 +2.506029134e-01 +3.743060291e+01 +3.743060291e+01 -4.1446e+00 +2.0838e+00
1092 +9.947075423e-02 +9.947075423e-02 +3.727947075e+01 +3.727947075e+01 -3.9406e+00 +2.0668e+00
1146 +3.395050030e-02 +3.395050030e-02 +3.721395050e+01 +3.721395050e+01 -3.8823e+00 +2.0598e+00
1171 +7.720032849e-03 +7.720032849e-03 +3.718772003e+01 +3.718772003e+01 -3.8984e+00 +2.0602e+00
1241 +3.451776258e-03 +3.451776258e-03 +3.718345178e+01 +3.718345178e+01 -3.8972e+00 +2.0599e+00
1277 +9.837253597e-04 +9.837253597e-04 +3.718098373e+01 +3.718098373e+01 -3.8996e+00 +2.0601e+00
1343 +5.574063496e-04 +5.574063496e-04 +3.718055741e+01 +3.718055741e+01 -3.8993e+00 +2.0600e+00
1351 +3.856135736e-04 +3.856135736e-04 +3.718038561e+01 +3.718038561e+01 -3.8993e+00 +2.0600e+00
1371 +6.716917733e-05 +6.716917733e-05 +3.718006717e+01 +3.718006717e+01 -3.8992e+00 +2.0600e+00
1434 +3.931094437e-05 +3.931094437e-05 +3.718003931e+01 +3.718003931e+01 -3.8992e+00 +2.0600e+00
1590 +1.432291363e-05 +1.432291363e-05 +3.718001432e+01 +3.718001432e+01 -3.8992e+00 +2.0600e+00
1646 +3.427265149e-06 +3.427265149e-06 +3.718000343e+01 +3.718000343e+01 -3.8992e+00 +2.0600e+00
1648 +6.612875012e-07 +6.612875012e-07 +3.718000066e+01 +3.718000066e+01 -3.8992e+00 +2.0600e+00
1692 +5.340204083e-07 +5.340204083e-07 +3.718000053e+01 +3.718000053e+01 -3.8992e+00 +2.0600e+00
1783 +1.932078462e-07 +1.932078462e-07 +3.718000019e+01 +3.718000019e+01 -3.8992e+00 +2.0600e+00
1817 +1.008319259e-07 +1.008319259e-07 +3.718000010e+01 +3.718000010e+01 -3.8992e+00 +2.0600e+00
1833 +6.959236742e-08 +6.959236742e-08 +3.718000007e+01 +3.718000007e+01 -3.8992e+00 +2.0600e+00
1862 +5.801442171e-08 +5.801442171e-08 +3.718000006e+01 +3.718000006e+01 -3.8992e+00 +2.0600e+00
1863 +3.960513340e-08 +3.960513340e-08 +3.718000004e+01 +3.718000004e+01 -3.8992e+00 +2.0600e+00
1890 +2.311016800e-08 +2.311016800e-08 +3.718000002e+01 +3.718000002e+01 -3.8992e+00 +2.0600e+00
1891 +1.451935816e-08 +1.451935816e-08 +3.718000001e+01 +3.718000001e+01 -3.8992e+00 +2.0600e+00
1917 +6.855763957e-09 +6.855763957e-09 +3.718000001e+01 +3.718000001e+01 -3.8992e+00 +2.0600e+00
1924 +3.111900071e-09 +3.111900071e-09 +3.718000000e+01 +3.718000000e+01 -3.8992e+00 +2.0600e+00
% function evaluation | noise-free fitness - Fopt (3.718000000000e+01) | best noise-free fitness - Fopt | measured fitness | best measured fitness | x1 | x2...
1 +5.207701829e+01 +5.207701829e+01 +8.925701829e+01 +8.925701829e+01 -3.4676e+00 +5.8661e-01
10 +2.202471387e+00 +2.202471387e+00 +3.938247139e+01 +3.938247139e+01 -2.1981e+00 +2.0203e+00
2023 +1.045412867e+00 +1.045412867e+00 +3.822541287e+01 +3.822541287e+01 -3.1942e+00 +2.0702e+00
2078 +3.811271359e-01 +3.811271359e-01 +3.756112714e+01 +3.756112714e+01 -3.7204e+00 +2.0666e+00
2314 +2.222759847e-01 +2.222759847e-01 +3.740227598e+01 +3.740227598e+01 -3.7600e+00 +2.0559e+00
2342 +1.462893283e-01 +1.462893283e-01 +3.732628933e+01 +3.732628933e+01 -3.8699e+00 +2.0541e+00
2387 +9.926412125e-02 +9.926412125e-02 +3.727926412e+01 +3.727926412e+01 -3.9429e+00 +2.0670e+00
2455 +6.080417710e-02 +6.080417710e-02 +3.724080418e+01 +3.724080418e+01 -3.9047e+00 +2.0624e+00
2470 +3.654411109e-02 +3.654411109e-02 +3.721654411e+01 +3.721654411e+01 -3.9185e+00 +2.0610e+00
2492 +2.053857621e-03 +2.053857621e-03 +3.718205386e+01 +3.718205386e+01 -3.8997e+00 +2.0601e+00
2735 +1.069576461e-03 +1.069576461e-03 +3.718106958e+01 +3.718106958e+01 -3.8984e+00 +2.0599e+00
2783 +9.872366497e-04 +9.872366497e-04 +3.718098724e+01 +3.718098724e+01 -3.9001e+00 +2.0601e+00
2824 +3.147889775e-04 +3.147889775e-04 +3.718031479e+01 +3.718031479e+01 -3.8994e+00 +2.0600e+00
2905 +1.506253054e-04 +1.506253054e-04 +3.718015063e+01 +3.718015063e+01 -3.8992e+00 +2.0600e+00
2923 +6.385093707e-05 +6.385093707e-05 +3.718006385e+01 +3.718006385e+01 -3.8992e+00 +2.0600e+00
2941 +3.018205070e-05 +3.018205070e-05 +3.718003018e+01 +3.718003018e+01 -3.8992e+00 +2.0600e+00
3140 +2.056792611e-05 +2.056792611e-05 +3.718002057e+01 +3.718002057e+01 -3.8992e+00 +2.0600e+00
3145 +8.021814700e-06 +8.021814700e-06 +3.718000802e+01 +3.718000802e+01 -3.8992e+00 +2.0600e+00
3186 +3.188032622e-06 +3.188032622e-06 +3.718000319e+01 +3.718000319e+01 -3.8992e+00 +2.0600e+00
3190 +1.675514305e-06 +1.675514305e-06 +3.718000168e+01 +3.718000168e+01 -3.8992e+00 +2.0600e+00
3193 +1.544966182e-06 +1.544966182e-06 +3.718000154e+01 +3.718000154e+01 -3.8992e+00 +2.0600e+00
3217 +7.178331956e-07 +7.178331956e-07 +3.718000072e+01 +3.718000072e+01 -3.8992e+00 +2.0600e+00
3298 +5.164519763e-07 +5.164519763e-07 +3.718000052e+01 +3.718000052e+01 -3.8992e+00 +2.0600e+00
3366 +3.902758792e-07 +3.902758792e-07 +3.718000039e+01 +3.718000039e+01 -3.8992e+00 +2.0600e+00
3391 +2.148573870e-07 +2.148573870e-07 +3.718000021e+01 +3.718000021e+01 -3.8992e+00 +2.0600e+00
3465 +1.366075608e-07 +1.366075608e-07 +3.718000014e+01 +3.718000014e+01 -3.8992e+00 +2.0600e+00
3478 +7.799835799e-08 +7.799835799e-08 +3.718000008e+01 +3.718000008e+01 -3.8992e+00 +2.0600e+00
3522 +4.772614659e-08 +4.772614659e-08 +3.718000005e+01 +3.718000005e+01 -3.8992e+00 +2.0600e+00
3535 +2.841117208e-08 +2.841117208e-08 +3.718000003e+01 +3.718000003e+01 -3.8992e+00 +2.0600e+00
3591 +6.897757032e-09 +6.897757032e-09 +3.718000001e+01 +3.718000001e+01 -3.8992e+00 +2.0600e+00
3606 +3.202160315e-09 +3.202160315e-09 +3.718000000e+01 +3.718000000e+01 -3.8992e+00 +2.0600e+00
% function evaluation | noise-free fitness - Fopt (3.718000000000e+01) | best noise-free fitness - Fopt | measured fitness | best measured fitness | x1 | x2...
1 +2.821813804e+02 +2.821813804e+02 +3.193613804e+02 +3.193613804e+02 +2.6801e-01 +2.9516e+00
2 +2.037020356e+02 +2.037020356e+02 +2.408820356e+02 +2.408820356e+02 +2.5760e+00 +2.4806e+00
3 +1.034338823e+02 +1.034338823e+02 +1.406138823e+02 +1.406138823e+02 +1.5938e+00 +7.4231e-01
5 +2.359126372e+01 +2.359126372e+01 +6.077126372e+01 +6.077126372e+01 -3.5178e+00 +1.7368e+00
10 +1.392405262e+01 +1.392405262e+01 +5.110405262e+01 +5.110405262e+01 -5.4724e+00 +2.6313e+00
17 +9.299563426e+00 +9.299563426e+00 +4.647956343e+01 +4.647956343e+01 +2.0101e+00 +1.4140e+00
48 +2.977872797e+00 +2.977872797e+00 +4.015787280e+01 +4.015787280e+01 -3.0455e+00 +2.0317e+00
77 +2.434069911e+00 +2.434069911e+00 +3.961406991e+01 +3.961406991e+01 -4.2508e+00 +2.1769e+00
115 +1.235574622e+00 +1.235574622e+00 +3.841557462e+01 +3.841557462e+01 -3.0670e+00 +2.0086e+00
2066 +7.987348689e-01 +7.987348689e-01 +3.797873487e+01 +3.797873487e+01 -4.0588e+00 +2.0979e+00
2110 +4.111453955e-01 +4.111453955e-01 +3.759114540e+01 +3.759114540e+01 -3.9897e+00 +2.0802e+00
2133 +1.775878242e-01 +1.775878242e-01 +3.735758782e+01 +3.735758782e+01 -3.8999e+00 +2.0573e+00
2292 +1.466432303e-01 +1.466432303e-01 +3.732664323e+01 +3.732664323e+01 -3.9747e+00 +2.0688e+00
2339 +3.558027584e-02 +3.558027584e-02 +3.721558028e+01 +3.721558028e+01 -3.8696e+00 +2.0587e+00
2344 +7.926816504e-03 +7.926816504e-03 +3.718792682e+01 +3.718792682e+01 -3.9014e+00 +2.0600e+00
2595 +3.593470864e-03 +3.593470864e-03 +3.718359347e+01 +3.718359347e+01 -3.8960e+00 +2.0597e+00
2630 +1.749155028e-03 +1.749155028e-03 +3.718174916e+01 +3.718174916e+01 -3.8997e+00 +2.0600e+00
2633 +1.131303853e-03 +1.131303853e-03 +3.718113130e+01 +3.718113130e+01 -3.8996e+00 +2.0601e+00
2660 +2.772935231e-04 +2.772935231e-04 +3.718027729e+01 +3.718027729e+01 -3.8989e+00 +2.0600e+00
2752 +2.300594427e-04 +2.300594427e-04 +3.718023006e+01 +3.718023006e+01 -3.8994e+00 +2.0600e+00
2922 +5.888791355e-05 +5.888791355e-05 +3.718005889e+01 +3.718005889e+01 -3.8992e+00 +2.0600e+00
2935 +2.949733086e-05 +2.949733086e-05 +3.718002950e+01 +3.718002950e+01 -3.8992e+00 +2.0600e+00
3115 +1.509508699e-05 +1.509508699e-05 +3.718001510e+01 +3.718001510e+01 -3.8992e+00 +2.0600e+00
3161 +1.442790371e-06 +1.442790371e-06 +3.718000144e+01 +3.718000144e+01 -3.8992e+00 +2.0600e+00
3218 +6.493610414e-07 +6.493610414e-07 +3.718000065e+01 +3.718000065e+01 -3.8992e+00 +2.0600e+00
3287 +5.591597017e-07 +5.591597017e-07 +3.718000056e+01 +3.718000056e+01 -3.8992e+00 +2.0600e+00
3309 +2.936520431e-07 +2.936520431e-07 +3.718000029e+01 +3.718000029e+01 -3.8992e+00 +2.0600e+00
3377 +1.966040131e-07 +1.966040131e-07 +3.718000020e+01 +3.718000020e+01 -3.8992e+00 +2.0600e+00
3444 +1.525287630e-07 +1.525287630e-07 +3.718000015e+01 +3.718000015e+01 -3.8992e+00 +2.0600e+00
3449 +8.958681974e-08 +8.958681974e-08 +3.718000009e+01 +3.718000009e+01 -3.8992e+00 +2.0600e+00
3539 +3.815635097e-08 +3.815635097e-08 +3.718000004e+01 +3.718000004e+01 -3.8992e+00 +2.0600e+00
3550 +3.891983624e-09 +3.891983624e-09 +3.718000000e+01 +3.718000000e+01 -3.8992e+00 +2.0600e+00
3564 +4.197318049e-10 +4.197318049e-10 +3.718000000e+01 +3.718000000e+01 -3.8992e+00 +2.0600e+00
% function evaluation | noise-free fitness - Fopt (-1.479000000000e+02) | best noise-free fitness - Fopt | measured fitness | best measured fitness | x1 | x2...
1 +8.755043562e+01 +8.755043562e+01 -6.034956438e+01 -6.034956438e+01 -2.2696e+00 +1.7676e+00
3 +3.142733703e+01 +3.142733703e+01 -1.164726630e+02 -1.164726630e+02 -3.4931e+00 +3.0749e+00
4 +1.933197372e+01 +1.933197372e+01 -1.285680263e+02 -1.285680263e+02 -3.9260e+00 +2.9486e+00
28 +8.275981094e+00 +8.275981094e+00 -1.396240189e+02 -1.396240189e+02 -5.2020e+00 +3.9877e+00
30 +5.343176213e+00 +5.343176213e+00 -1.425568238e+02 -1.425568238e+02 -5.1731e+00 +3.7225e+00
813 +3.407901699e+00 +3.407901699e+00 -1.444920983e+02 -1.444920983e+02 -3.3749e+00 +1.9514e+00
2021 +6.282758723e-01 +6.282758723e-01 -1.472717241e+02 -1.472717241e+02 -1.3983e+00 -9.6126e-02
2136 +3.086906283e-01 +3.086906283e-01 -1.475913094e+02 -1.475913094e+02 -1.6174e+00 +1.0121e-01
2156 +1.572985448e-01 +1.572985448e-01 -1.477427015e+02 -1.477427015e+02 -1.5758e+00 +5.5511e-02
2222 +7.801783730e-02 +7.801783730e-02 -1.478219822e+02 -1.478219822e+02 -1.7130e+00 +1.7895e-01
2281 +3.575570475e-02 +3.575570475e-02 -1.478642443e+02 -1.478642443e+02 -1.6682e+00 +1.3477e-01
2389 +2.119411786e-02 +2.119411786e-02 -1.478788059e+02 -1.478788059e+02 -1.6570e+00 +1.2381e-01
2459 +1.314515694e-02 +1.314515694e-02 -1.478868548e+02 -1.478868548e+02 -1.6671e+00 +1.3196e-01
2498 +7.385286381e-03 +7.385286381e-03 -1.478926147e+02 -1.478926147e+02 -1.6679e+00 +1.3279e-01
2542 +2.544525648e-03 +2.544525648e-03 -1.478974555e+02 -1.478974555e+02 -1.6710e+00 +1.3589e-01
2618 +1.814288464e-03 +1.814288464e-03 -1.478981857e+02 -1.478981857e+02 -1.6712e+00 +1.3605e-01
2650 +1.564820637e-03 +1.564820637e-03 -1.478984352e+02 -1.478984352e+02 -1.6705e+00 +1.3520e-01
2715 +9.931269936e-04 +9.931269936e-04 -1.478990069e+02 -1.478990069e+02 -1.6711e+00 +1.3590e-01
2729 +2.479683219e-04 +2.479683219e-04 -1.478997520e+02 -1.478997520e+02 -1.6704e+00 +1.3525e-01
2795 +1.215970506e-04 +1.215970506e-04 -1.478998784e+02 -1.478998784e+02 -1.6704e+00 +1.3516e-01
2852 +9.340913098e-05 +9.340913098e-05 -1.478999066e+02 -1.478999066e+02 -1.6704e+00 +1.3522e-01
2898 +5.621956439e-05 +5.621956439e-05 -1.478999438e+02 -1.478999438e+02 -1.6704e+00 +1.3523e-01
2904 +3.073957021e-05 +3.073957021e-05 -1.478999693e+02 -1.478999693e+02 -1.6704e+00 +1.3519e-01
3098 +2.390802035e-05 +2.390802035e-05 -1.478999761e+02 -1.478999761e+02 -1.6704e+00 +1.3520e-01
3107 +9.067435229e-06 +9.067435229e-06 -1.478999909e+02 -1.478999909e+02 -1.6704e+00 +1.3520e-01
3138 +3.821780524e-06 +3.821780524e-06 -1.478999962e+02 -1.478999962e+02 -1.6704e+00 +1.3520e-01
3181 +1.987723437e-06 +1.987723437e-06 -1.478999980e+02 -1.478999980e+02 -1.6704e+00 +1.3520e-01
3224 +1.547626709e-06 +1.547626709e-06 -1.478999985e+02 -1.478999985e+02 -1.6704e+00 +1.3520e-01
3232 +9.830214083e-07 +9.830214083e-07 -1.478999990e+02 -1.478999990e+02 -1.6704e+00 +1.3520e-01
3287 +6.155431151e-07 +6.155431151e-07 -1.478999994e+02 -1.478999994e+02 -1.6704e+00 +1.3520e-01
3348 +3.277879159e-07 +3.277879159e-07 -1.478999997e+02 -1.478999997e+02 -1.6704e+00 +1.3520e-01
3387 +2.218280599e-07 +2.218280599e-07 -1.478999998e+02 -1.478999998e+02 -1.6704e+00 +1.3520e-01
3437 +8.825520581e-08 +8.825520581e-08 -1.478999999e+02 -1.478999999e+02 -1.6704e+00 +1.3520e-01
3444 +4.159900868e-08 +4.159900868e-08 -1.479000000e+02 -1.479000000e+02 -1.6704e+00 +1.3520e-01
3469 +1.804414751e-08 +1.804414751e-08 -1.479000000e+02 -1.479000000e+02 -1.6704e+00 +1.3520e-01
3546 +5.962846217e-09 +5.962846217e-09 -1.479000000e+02 -1.479000000e+02 -1.6704e+00 +1.3520e-01
% function evaluation | noise-free fitness - Fopt (-1.479000000000e+02) | best noise-free fitness - Fopt | measured fitness | best measured fitness | x1 | x2...
1 +4.892642305e+02 +4.892642305e+02 +3.413642305e+02 +3.413642305e+02 +2.3487e+00 -1.8462e+00
5 +1.913086857e+02 +1.913086857e+02 +4.340868572e+01 +4.340868572e+01 +7.9500e-01 -1.2203e+00
6 +2.845437017e+01 +2.845437017e+01 -1.194456298e+02 -1.194456298e+02 -1.6066e-01 -1.8550e+00
8 +1.166790533e+01 +1.166790533e+01 -1.362320947e+02 -1.362320947e+02 -5.7953e-01 -1.3586e+00
10 +8.100784165e+00 +8.100784165e+00 -1.397992158e+02 -1.397992158e+02 -2.6126e+00 +1.1949e+00
50 +3.586060554e+00 +3.586060554e+00 -1.443139394e+02 -1.443139394e+02 -1.8620e+00 +3.9635e-01
57 +2.127110085e+00 +2.127110085e+00 -1.457728899e+02 -1.457728899e+02 -2.1518e+00 +6.7495e-01
77 +1.174811993e+00 +1.174811993e+00 -1.467251880e+02 -1.467251880e+02 -1.3723e+00 -1.2513e-01
108 +2.359594959e-01 +2.359594959e-01 -1.476640405e+02 -1.476640405e+02 -1.5723e+00 +6.3569e-02
1025 +1.572989205e-01 +1.572989205e-01 -1.477427011e+02 -1.477427011e+02 -1.7127e+00 +1.8469e-01
1041 +9.954382767e-02 +9.954382767e-02 -1.478004562e+02 -1.478004562e+02 -1.7167e+00 +1.8535e-01
1070 +5.745144153e-02 +5.745144153e-02 -1.478425486e+02 -1.478425486e+02 -1.6636e+00 +1.2820e-01
1136 +3.712668859e-02 +3.712668859e-02 -1.478628733e+02 -1.478628733e+02 -1.6749e+00 +1.4127e-01
1140 +2.384563493e-02 +2.384563493e-02 -1.478761544e+02 -1.478761544e+02 -1.6679e+00 +1.3242e-01
1195 +8.833839941e-03 +8.833839941e-03 -1.478911662e+02 -1.478911662e+02 -1.6759e+00 +1.4073e-01
1222 +4.677857966e-03 +4.677857966e-03 -1.478953221e+02 -1.478953221e+02 -1.6713e+00 +1.3619e-01
1232 +2.441710534e-03 +2.441710534e-03 -1.478975583e+02 -1.478975583e+02 -1.6705e+00 +1.3536e-01
1252 +9.839411286e-04 +9.839411286e-04 -1.478990161e+02 -1.478990161e+02 -1.6700e+00 +1.3481e-01
1362 +2.331994782e-04 +2.331994782e-04 -1.478997668e+02 -1.478997668e+02 -1.6705e+00 +1.3528e-01
1424 +1.414638077e-04 +1.414638077e-04 -1.478998585e+02 -1.478998585e+02 -1.6704e+00 +1.3518e-01
3307 +3.453864647e-05 +3.453864647e-05 -1.478999655e+02 -1.478999655e+02 -1.6704e+00 +1.3519e-01
3566 +2.263858875e-05 +2.263858875e-05 -1.478999774e+02 -1.478999774e+02 -1.6704e+00 +1.3520e-01
3583 +6.947094562e-06 +6.947094562e-06 -1.478999931e+02 -1.478999931e+02 -1.6704e+00 +1.3520e-01
3594 +4.072324032e-06 +4.072324032e-06 -1.478999959e+02 -1.478999959e+02 -1.6704e+00 +1.3520e-01
3638 +8.374493916e-07 +8.374493916e-07 -1.478999992e+02 -1.478999992e+02 -1.6704e+00 +1.3520e-01
3769 +6.110825552e-07 +6.110825552e-07 -1.478999994e+02 -1.478999994e+02 -1.6704e+00 +1.3520e-01
3791 +3.818011862e-07 +3.818011862e-07 -1.478999996e+02 -1.478999996e+02 -1.6704e+00 +1.3520e-01
3884 +2.356262883e-07 +2.356262883e-07 -1.478999998e+02 -1.478999998e+02 -1.6704e+00 +1.3520e-01
3916 +6.689521115e-08 +6.689521115e-08 -1.478999999e+02 -1.478999999e+02 -1.6704e+00 +1.3520e-01
3962 +2.368551577e-08 +2.368551577e-08 -1.479000000e+02 -1.479000000e+02 -1.6704e+00 +1.3520e-01
4047 +6.419128340e-09 +6.419128340e-09 -1.479000000e+02 -1.479000000e+02 -1.6704e+00 +1.3520e-01
4048 +6.068518132e-09 +6.068518132e-09 -1.479000000e+02 -1.479000000e+02 -1.6704e+00 +1.3520e-01
% function evaluation | noise-free fitness - Fopt (-1.479000000000e+02) | best noise-free fitness - Fopt | measured fitness | best measured fitness | x1 | x2...
1 +6.865290026e+02 +6.865290026e+02 +5.386290026e+02 +5.386290026e+02 +3.3548e+00 -6.2057e-02
3 +3.843121982e+02 +3.843121982e+02 +2.364121982e+02 +2.364121982e+02 +1.2946e+00 +7.7758e-02
5 +4.649553136e+01 +4.649553136e+01 -1.014044686e+02 -1.014044686e+02 +1.2542e+00 -4.2453e+00
49 +1.164940765e+01 +1.164940765e+01 -1.362505923e+02 -1.362505923e+02 -7.4862e-01 -1.2047e+00
51 +7.727237502e+00 +7.727237502e+00 -1.401727625e+02 -1.401727625e+02 -2.0144e-01 -1.5051e+00
74 +4.512985825e+00 +4.512985825e+00 -1.433870142e+02 -1.433870142e+02 -8.6986e-01 -6.0012e-01
93 +2.488534448e+00 +2.488534448e+00 -1.454114656e+02 -1.454114656e+02 +1.5426e-02 -1.5441e+00
110 +1.540658217e+00 +1.540658217e+00 -1.463593418e+02 -1.463593418e+02 -6.1526e-01 -7.7686e-01
887 +7.617826016e-01 +7.617826016e-01 -1.471382174e+02 -1.471382174e+02 -1.9403e+00 +4.0532e-01
932 +1.576109490e-01 +1.576109490e-01 -1.477423891e+02 -1.477423891e+02 -1.5940e+00 +6.8104e-02
984 +6.703750055e-02 +6.703750055e-02 -1.478329625e+02 -1.478329625e+02 -1.6392e+00 +1.0691e-01
1036 +5.772346200e-02 +5.772346200e-02 -1.478422765e+02 -1.478422765e+02 -1.6721e+00 +1.3953e-01
1039 +2.065553440e-02 +2.065553440e-02 -1.478793445e+02 -1.478793445e+02 -1.6826e+00 +1.4769e-01
1127 +1.012014131e-02 +1.012014131e-02 -1.478898799e+02 -1.478898799e+02 -1.6657e+00 +1.3077e-01
1147 +6.861330342e-03 +6.861330342e-03 -1.478931387e+02 -1.478931387e+02 -1.6705e+00 +1.3548e-01
1150 +1.513905687e-03 +1.513905687e-03 -1.478984861e+02 -1.478984861e+02 -1.6711e+00 +1.3590e-01
1237 +9.854458446e-04 +9.854458446e-04 -1.478990146e+02 -1.478990146e+02 -1.6711e+00 +1.3589e-01
1289 +4.195298754e-04 +4.195298754e-04 -1.478995805e+02 -1.478995805e+02 -1.6704e+00 +1.3517e-01
1356 +2.374127554e-04 +2.374127554e-04 -1.478997626e+02 -1.478997626e+02 -1.6705e+00 +1.3528e-01
1426 +3.799971594e-05 +3.799971594e-05 -1.478999620e+02 -1.478999620e+02 -1.6704e+00 +1.3520e-01
1450 +1.318784021e-05 +1.318784021e-05 -1.478999868e+02 -1.478999868e+02 -1.6704e+00 +1.3520e-01
1582 +8.815165643e-06 +8.815165643e-06 -1.478999912e+02 -1.478999912e+02 -1.6704e+00 +1.3520e-01
1678 +2.389146800e-06 +2.389146800e-06 -1.478999976e+02 -1.478999976e+02 -1.6704e+00 +1.3520e-01
1727 +1.247958693e-06 +1.247958693e-06 -1.478999988e+02 -1.478999988e+02 -1.6704e+00 +1.3520e-01
1751 +9.797311691e-07 +9.797311691e-07 -1.478999990e+02 -1.478999990e+02 -1.6704e+00 +1.3520e-01
1782 +5.433187482e-07 +5.433187482e-07 -1.478999995e+02 -1.478999995e+02 -1.6704e+00 +1.3520e-01
1832 +2.339751859e-07 +2.339751859e-07 -1.478999998e+02 -1.478999998e+02 -1.6704e+00 +1.3520e-01
1885 +1.415833708e-07 +1.415833708e-07 -1.478999999e+02 -1.478999999e+02 -1.6704e+00 +1.3520e-01
1913 +9.964048786e-08 +9.964048786e-08 -1.478999999e+02 -1.478999999e+02 -1.6704e+00 +1.3520e-01
1933 +1.086272050e-08 +1.086272050e-08 -1.479000000e+02 -1.479000000e+02 -1.6704e+00 +1.3520e-01
1948 +4.663434083e-10 +4.663434083e-10 -1.479000000e+02 -1.479000000e+02 -1.6704e+00 +1.3520e-01
