% function evaluation | noise-free fitness - Fopt (-1.694000000000e+01) | best noise-free fitness - Fopt | measured fitness | best measured fitness | x1 | x2...
1 +7.366669335e+02 +7.366669335e+02 +7.197269335e+02 +7.197269335e+02 -3.8054e+00 +1.9572e+00 -3.3099e+00 +2.3934e+00 +4.4518e-01
2 +3.678478489e+02 +3.678478489e+02 +3.509078489e+02 +3.509078489e+02 -4.2512e+00 +2.3272e-01 -1.7787e+00 +1.7443e+00 -3.0908e+00
8 +3.663872823e+01 +3.663872823e+01 +1.969872823e+01 +1.969872823e+01 -9.9031e-01 -2.1417e+00 -3.3302e+00 +2.8135e+00 -1.6351e+00
44 +2.510762202e+01 +2.510762202e+01 +8.167622022e+00 +8.167622022e+00 +3.2231e-01 +2.1587e+00 -2.1429e+00 +1.8849e+00 -1.1464e+00
71 +1.199013253e+01 +1.199013253e+01 -4.949867470e+00 -4.949867470e+00 +3.6718e+00 +8.0728e-01 -3.1118e-01 +1.5125e+00 +1.4188e+00
190 +3.271595737e+00 +3.271595737e+00 -1.366840426e+01 -1.366840426e+01 +3.6587e+00 +2.2337e+00 -1.9909e+00 +1.6724e+00 +1.2588e+00
286 +1.148866469e+00 +1.148866469e+00 -1.579113353e+01 -1.579113353e+01 +3.5261e+00 +2.4574e+00 -1.5544e+00 +1.6520e+00 +1.4282e+00
307 +6.246244835e-01 +6.246244835e-01 -1.631537552e+01 -1.631537552e+01 +3.7563e+00 +2.6204e+00 -1.4306e+00 +1.4352e+00 +1.4209e+00
370 +1.683644365e-01 +1.683644365e-01 -1.677163556e+01 -1.677163556e+01 +3.6377e+00 +2.5125e+00 -1.5795e+00 +1.4815e+00 +1.4141e+00
460 +1.333552688e-01 +1.333552688e-01 -1.680664473e+01 -1.680664473e+01 +3.6505e+00 +2.5186e+00 -1.5463e+00 +1.4974e+00 +1.3963e+00
517 +8.921877656e-02 +8.921877656e-02 -1.685078122e+01 -1.685078122e+01 +3.6132e+00 +2.5141e+00 -1.5568e+00 +1.4997e+00 +1.3920e+00
535 +4.100540050e-02 +4.100540050e-02 -1.689899460e+01 -1.689899460e+01 +3.6117e+00 +2.5228e+00 -1.5562e+00 +1.4983e+00 +1.3833e+00
593 +2.512574287e-02 +2.512574287e-02 -1.691487426e+01 -1.691487426e+01 +3.6312e+00 +2.5128e+00 -1.5516e+00 +1.5000e+00 +1.3880e+00
712 +1.977116310e-02 +1.977116310e-02 -1.692022884e+01 -1.692022884e+01 +3.6361e+00 +2.5153e+00 -1.5485e+00 +1.4970e+00 +1.3889e+00
878 +1.564042530e-02 +1.564042530e-02 -1.692435957e+01 -1.692435957e+01 +3.6340e+00 +2.5155e+00 -1.5495e+00 +1.4973e+00 +1.3887e+00
4739 +9.202127401e-03 +9.202127401e-03 -1.693079787e+01 -1.693079787e+01 +3.6511e+00 +2.5444e+00 -1.5336e+00 +1.4735e+00 +1.3947e+00
4793 +5.142929873e-03 +5.142929873e-03 -1.693485707e+01 -1.693485707e+01 +3.6581e+00 +2.5476e+00 -1.5291e+00 +1.4702e+00 +1.3961e+00
4814 +3.597643313e-03 +3.597643313e-03 -1.693640236e+01 -1.693640236e+01 +3.6561e+00 +2.5482e+00 -1.5303e+00 +1.4703e+00 +1.3962e+00
4911 +1.173932727e-03 +1.173932727e-03 -1.693882607e+01 -1.693882607e+01 +3.6535e+00 +2.5480e+00 -1.5311e+00 +1.4711e+00 +1.3954e+00
5186 +8.854024829e-04 +8.854024829e-04 -1.693911460e+01 -1.693911460e+01 +3.6560e+00 +2.5495e+00 -1.5296e+00 +1.4697e+00 +1.3959e+00
5231 +3.441383818e-04 +3.441383818e-04 -1.693965586e+01 -1.693965586e+01 +3.6560e+00 +2.5494e+00 -1.5296e+00 +1.4697e+00 +1.3960e+00
5258 +2.492594462e-04 +2.492594462e-04 -1.693975074e+01 -1.693975074e+01 +3.6559e+00 +2.5495e+00 -1.5297e+00 +1.4697e+00 +1.3960e+00
5348 +1.453335378e-04 +1.453335378e-04 -1.693985467e+01 -1.693985467e+01 +3.6560e+00 +2.5496e+00 -1.5296e+00 +1.4696e+00 +1.3960e+00
5477 +5.598962161e-05 +5.598962161e-05 -1.693994401e+01 -1.693994401e+01 +3.6560e+00 +2.5496e+00 -1.5296e+00 +1.4696e+00 +1.3960e+00
5597 +3.249337564e-05 +3.249337564e-05 -1.693996751e+01 -1.693996751e+01 +3.6560e+00 +2.5496e+00 -1.5296e+00 +1.4696e+00 +1.3960e+00
5711 +2.456912724e-05 +2.456912724e-05 -1.693997543e+01 -1.693997543e+01 +3.6560e+00 +2.5496e+00 -1.5296e+00 +1.4696e+00 +1.3960e+00
5868 +1.454979046e-05 +1.454979046e-05 -1.693998545e+01 -1.693998545e+01 +3.6560e+00 +2.5496e+00 -1.5296e+00 +1.4696e+00 +1.3960e+00
6175 +9.865788666e-06 +9.865788666e-06 -1.693999013e+01 -1.693999013e+01 +3.6560e+00 +2.5496e+00 -1.5296e+00 +1.4696e+00 +1.3960e+00
11395 +3.940491858e-06 +3.940491858e-06 -1.693999606e+01 -1.693999606e+01 +3.6560e+00 +2.5496e+00 -1.5296e+00 +1.4696e+00 +1.3960e+00
11515 +2.252692489e-06 +2.252692489e-06 -1.693999775e+01 -1.693999775e+01 +3.6560e+00 +2.5496e+00 -1.5296e+00 +1.4696e+00 +1.3960e+00
11589 +1.007603814e-06 +1.007603814e-06 -1.693999899e+01 -1.693999899e+01 +3.6560e+00 +2.5496e+00 -1.5296e+00 +1.4696e+00 +1.3960e+00
11625 +6.450313066e-07 +6.450313066e-07 -1.693999935e+01 -1.693999935e+01 +3.6560e+00 +2.5496e+00 -1.5296e+00 +1.4696e+00 +1.3960e+00
11733 +6.137291670e-07 +6.137291670e-07 -1.693999939e+01 -1.693999939e+01 +3.6560e+00 +2.5496e+00 -1.5296e+00 +1.4696e+00 +1.3960e+00
11850 +3.710434271e-07 +3.710434271e-07 -1.693999963e+01 -1.693999963e+01 +3.6560e+00 +2.5496e+00 -1.5296e+00 +1.4696e+00 +1.3960e+00
11988 +2.423479621e-07 +2.423479621e-07 -1.693999976e+01 -1.693999976e+01 +3.6560e+00 +2.5496e+00 -1.5296e+00 +1.4696e+00 +1.3960e+00
12115 +1.376028109e-07 +1.376028109e-07 -1.693999986e+01 -1.693999986e+01 +3.6560e+00 +2.5496e+00 -1.5296e+00 +1.4696e+00 +1.3960e+00
12202 +6.691459120e-08 +6.691459120e-08 -1.693999993e+01 -1.693999993e+01 +3.6560e+00 +2.5496e+00 -1.5296e+00 +1.4696e+00 +1.3960e+00
12269 +4.667028008e-08 +4.667028008e-08 -1.693999995e+01 -1.693999995e+01 +3.6560e+00 +2.5496e+00 -1.5296e+00 +1.4696e+00 +1.3960e+00
12464 +3.011074412e-08 +3.011074412e-08 -1.693999997e+01 -1.693999997e+01 +3.6560e+00 +2.5496e+00 -1.5296e+00 +1.4696e+00 +1.3960e+00
12479 +2.186157744e-08 +2.186157744e-08 -1.693999998e+01 -1.693999998e+01 +3.6560e+00 +2.5496e+00 -1.5296e+00 +1.4696e+00 +1.3960e+00
12512 +7.730047713e-09 +7.730047713e-09 -1.693999999e+01 -1.693999999e+01 +3.6560e+00 +2.5496e+00 -1.5296e+00 +1.4696e+00 +1.3960e+00
% function evaluation | noise-free fitness - Fopt (-1.694000000000e+01) | best noise-free fitness - Fopt | measured fitness | best measured fitness | x1 | x2...
1 +7.877963342e+01 +7.877963342e+01 +6.183963342e+01 +6.183963342e+01 +1.7273e+00 -7.7855e-01 -1.2503e-01 -2.2286e+00 -1.4464e+00
9 +4.971677256e+01 +4.971677256e+01 +3.277677256e+01 +3.277677256e+01 +2.9286e+00 -3.5968e-01 +1.2102e+00 -2.6541e+00 -2.3640e+00
10 +3.497188099e+01 +3.497188099e+01 +1.803188099e+01 +1.803188099e+01 +2.8291e+00 +1.8762e-01 -2.3959e+00 -1.9336e+00 -7.9123e-01
53 +1.005880867e+01 +1.005880867e+01 -6.881191333e+00 -6.881191333e+00 +3.0161e+00 +1.0195e+00 -8.5895e-01 +2.1891e+00 +2.2125e+00
84 +9.584297402e+00 +9.584297402e+00 -7.355702598e+00 -7.355702598e+00 +3.9160e+00 +3.3137e+00 -1.7560e+00 -7.0125e-02 +1.9822e+00
118 +5.961553268e+00 +5.961553268e+00 -1.097844673e+01 -1.097844673e+01 +3.9518e+00 +2.7437e+00 -1.6910e+00 +1.2625e+00 +1.2570e+00
136 +3.264731772e+00 +3.264731772e+00 -1.367526823e+01 -1.367526823e+01 +4.0629e+00 +2.7664e+00 -1.2385e+00 +1.1539e+00 +1.3295e+00
158 +1.335703181e+00 +1.335703181e+00 -1.560429682e+01 -1.560429682e+01 +3.8563e+00 +2.7785e+00 -1.4865e+00 +1.5009e+00 +1.5425e+00
269 +7.327642226e-01 +7.327642226e-01 -1.620723578e+01 -1.620723578e+01 +4.1192e+00 +2.4477e+00 -1.3222e+00 +1.4597e+00 +1.4840e+00
307 +5.923783802e-01 +5.923783802e-01 -1.634762162e+01 -1.634762162e+01 +3.6501e+00 +2.5438e+00 -1.4573e+00 +1.4455e+00 +1.3585e+00
359 +3.908162533e-01 +3.908162533e-01 -1.654918375e+01 -1.654918375e+01 +3.7492e+00 +2.5890e+00 -1.4891e+00 +1.3921e+00 +1.4149e+00
383 +1.481533923e-01 +1.481533923e-01 -1.679184661e+01 -1.679184661e+01 +3.6965e+00 +2.5971e+00 -1.4972e+00 +1.4335e+00 +1.4206e+00
448 +6.173828379e-02 +6.173828379e-02 -1.687826172e+01 -1.687826172e+01 +3.7089e+00 +2.6234e+00 -1.5003e+00 +1.4196e+00 +1.4175e+00
5466 +3.587454274e-02 +3.587454274e-02 -1.690412546e+01 -1.690412546e+01 +3.6962e+00 +2.5728e+00 -1.5086e+00 +1.4481e+00 +1.4082e+00
5645 +2.286022241e-02 +2.286022241e-02 -1.691713978e+01 -1.691713978e+01 +3.6596e+00 +2.5519e+00 -1.5257e+00 +1.4688e+00 +1.3969e+00
5675 +1.508364541e-02 +1.508364541e-02 -1.692491635e+01 -1.692491635e+01 +3.6585e+00 +2.5538e+00 -1.5266e+00 +1.4666e+00 +1.3968e+00
5719 +8.474253129e-03 +8.474253129e-03 -1.693152575e+01 -1.693152575e+01 +3.6561e+00 +2.5505e+00 -1.5297e+00 +1.4695e+00 +1.3961e+00
5785 +2.904556305e-03 +2.904556305e-03 -1.693709544e+01 -1.693709544e+01 +3.6562e+00 +2.5492e+00 -1.5299e+00 +1.4700e+00 +1.3959e+00
5888 +1.409543452e-03 +1.409543452e-03 -1.693859046e+01 -1.693859046e+01 +3.6560e+00 +2.5494e+00 -1.5296e+00 +1.4698e+00 +1.3959e+00
5988 +9.604915686e-04 +9.604915686e-04 -1.693903951e+01 -1.693903951e+01 +3.6558e+00 +2.5497e+00 -1.5297e+00 +1.4696e+00 +1.3959e+00
6089 +3.654346840e-04 +3.654346840e-04 -1.693963457e+01 -1.693963457e+01 +3.6559e+00 +2.5495e+00 -1.5296e+00 +1.4697e+00 +1.3960e+00
6175 +1.999093373e-04 +1.999093373e-04 -1.693980009e+01 -1.693980009e+01 +3.6560e+00 +2.5496e+00 -1.5296e+00 +1.4696e+00 +1.3960e+00
6314 +1.443692542e-04 +1.443692542e-04 -1.693985563e+01 -1.693985563e+01 +3.6559e+00 +2.5496e+00 -1.5297e+00 +1.4696e+00 +1.3960e+00
6502 +9.716112720e-05 +9.716112720e-05 -1.693990284e+01 -1.693990284e+01 +3.6559e+00 +2.5496e+00 -1.5296e+00 +1.4696e+00 +1.3960e+00
7153 +6.109165474e-05 +6.109165474e-05 -1.693993891e+01 -1.693993891e+01 +3.6559e+00 +2.5496e+00 -1.5296e+00 +1.4696e+00 +1.3960e+00
11937 +3.549760642e-05 +3.549760642e-05 -1.693996450e+01 -1.693996450e+01 +3.6560e+00 +2.5496e+00 -1.5296e+00 +1.4696e+00 +1.3960e+00
12313 +2.425418601e-05 +2.425418601e-05 -1.693997575e+01 -1.693997575e+01 +3.6560e+00 +2.5496e+00 -1.5296e+00 +1.4696e+00 +1.3960e+00
12545 +1.369857076e-05 +1.369857076e-05 -1.693998630e+01 -1.693998630e+01 +3.6560e+00 +2.5496e+00 -1.5296e+00 +1.4696e+00 +1.3960e+00
12841 +9.816492437e-06 +9.816492437e-06 -1.693999018e+01 -1.693999018e+01 +3.6560e+00 +2.5496e+00 -1.5296e+00 +1.4696e+00 +1.3960e+00
25715 +2.743716554e-06 +2.743716554e-06 -1.693999726e+01 -1.693999726e+01 +3.6560e+00 +2.5496e+00 -1.5296e+00 +1.4696e+00 +1.3960e+00
26055 +2.121770343e-06 +2.121770343e-06 -1.693999788e+01 -1.693999788e+01 +3.6560e+00 +2.5496e+00 -1.5296e+00 +1.4696e+00 +1.3960e+00
26121 +1.206906212e-06 +1.206906212e-06 -1.693999879e+01 -1.693999879e+01 +3.6560e+00 +2.5496e+00 -1.5296e+00 +1.4696e+00 +1.3960e+00
26265 +9.620436678e-07 +9.620436678e-07 -1.693999904e+01 -1.693999904e+01 +3.6560e+00 +2.5496e+00 -1.5296e+00 +1.4696e+00 +1.3960e+00
26422 +5.770396712e-07 +5.770396712e-07 -1.693999942e+01 -1.693999942e+01 +3.6560e+00 +2.5496e+00 -1.5296e+00 +1.4696e+00 +1.3960e+00
26507 +3.301163467e-07 +3.301163467e-07 -1.693999967e+01 -1.693999967e+01 +3.6560e+00 +2.5496e+00 -1.5296e+00 +1.4696e+00 +1.3960e+00
26927 +2.373726957e-07 +2.373726957e-07 -1.693999976e+01 -1.693999976e+01 +3.6560e+00 +2.5496e+00 -1.5296e+00 +1.4696e+00 +1.3960e+00
27073 +1.229356705e-07 +1.229356705e-07 -1.693999988e+01 -1.693999988e+01 +3.6560e+00 +2.5496e+00 -1.5296e+00 +1.4696e+00 +1.3960e+00
27155 +5.778867873e-08 +5.778867873e-08 -1.693999994e+01 -1.693999994e+01 +3.6560e+00 +2.5496e+00 -1.5296e+00 +1.4696e+00 +1.3960e+00
27294 +1.192571375e-08 +1.192571375e-08 -1.693999999e+01 -1.693999999e+01 +3.6560e+00 +2.5496e+00 -1.5296e+00 +1.4696e+00 +1.3960e+00
27694 +6.892754811e-09 +6.892754811e-09 -1.693999999e+01 -1.693999999e+01 +3.6560e+00 +2.5496e+00 -1.5296e+00 +1.4696e+00 +1.3960e+00
27718 +7.945786251e-10 +7.945786251e-10 -1.694000000e+01 -1.694000000e+01 +3.6560e+00 +2.5496e+00 -1.5296e+00 +1.4696e+00 +1.3960e+00
% function evaluation | noise-free fitness - Fopt (-1.694000000000e+01) | best noise-free fitness - Fopt | measured fitness | best measured fitness | x1 | x2...
1 +7.233623553e+01 +7.233623553e+01 +5.539623553e+01 +5.539623553e+01 +3.0481e+00 +3.5939e+00 +3.9702e-01 +3.0926e+00 +3.2823e+00
2 +2.425014041e+01 +2.425014041e+01 +7.310140415e+00 +7.310140415e+00 +2.2679e+00 +2.3687e+00 +3.7150e-01 +2.8376e+00 +1.1932e+00
44 +1.489956181e+01 +1.489956181e+01 -2.040438187e+00 -2.040438187e+00 +4.5325e+00 +1.4406e+00 -6.6131e-02 +1.7507e+00 +3.3188e-01
91 +8.520966948e+00 +8.520966948e+00 -8.419033052e+00 -8.419033052e+00 +4.3906e+00 +3.0629e+00 -4.3041e-01 +1.5197e+00 +1.1325e+00
137 +5.222702942e+00 +5.222702942e+00 -1.171729706e+01 -1.171729706e+01 +3.4021e+00 +3.5787e+00 -1.1723e+00 +1.1260e+00 +1.1480e+00
169 +2.985099915e+00 +2.985099915e+00 -1.395490008e+01 -1.395490008e+01 +4.5139e+00 +3.6457e+00 -7.9339e-01 +4.5329e-01 +1.6326e+00
213 +2.161945205e+00 +2.161945205e+00 -1.477805479e+01 -1.477805479e+01 +4.2936e+00 +3.9189e+00 -7.8854e-01 +4.9862e-01 +1.6897e+00
280 +1.268027799e+00 +1.268027799e+00 -1.567197220e+01 -1.567197220e+01 +4.5867e+00 +3.6624e+00 -8.1006e-01 +5.4560e-01 +1.6980e+00
335 +9.081445651e-01 +9.081445651e-01 -1.603185543e+01 -1.603185543e+01 +4.5113e+00 +3.3158e+00 -9.9511e-01 +8.4038e-01 +1.6364e+00
449 +5.058520133e-01 +5.058520133e-01 -1.643414799e+01 -1.643414799e+01 +4.5219e+00 +3.2248e+00 -1.0059e+00 +9.1822e-01 +1.6423e+00
458 +3.346853441e-01 +3.346853441e-01 -1.660531466e+01 -1.660531466e+01 +4.4833e+00 +3.2535e+00 -1.0372e+00 +8.8925e-01 +1.6681e+00
531 +2.040362273e-01 +2.040362273e-01 -1.673596377e+01 -1.673596377e+01 +4.4685e+00 +3.3285e+00 -1.0210e+00 +8.4036e-01 +1.6775e+00
643 +1.429086180e-01 +1.429086180e-01 -1.679709138e+01 -1.679709138e+01 +4.4759e+00 +3.3321e+00 -1.0124e+00 +8.3665e-01 +1.6770e+00
1036 +9.978605767e-02 +9.978605767e-02 -1.684021394e+01 -1.684021394e+01 +4.4694e+00 +3.3299e+00 -1.0158e+00 +8.4059e-01 +1.6747e+00
8531 +3.127851757e-02 +3.127851757e-02 -1.690872148e+01 -1.690872148e+01 +3.6573e+00 +2.5456e+00 -1.5296e+00 +1.4718e+00 +1.3970e+00
8666 +2.154381569e-02 +2.154381569e-02 -1.691845618e+01 -1.691845618e+01 +3.6268e+00 +2.5337e+00 -1.5463e+00 +1.4863e+00 +1.3903e+00
8727 +1.537315855e-02 +1.537315855e-02 -1.692462684e+01 -1.692462684e+01 +3.6562e+00 +2.5488e+00 -1.5278e+00 +1.4719e+00 +1.3941e+00
8886 +4.783448352e-03 +4.783448352e-03 -1.693521655e+01 -1.693521655e+01 +3.6521e+00 +2.5461e+00 -1.5319e+00 +1.4727e+00 +1.3950e+00
9044 +2.530094726e-03 +2.530094726e-03 -1.693746991e+01 -1.693746991e+01 +3.6580e+00 +2.5513e+00 -1.5285e+00 +1.4682e+00 +1.3968e+00
9137 +2.389101009e-03 +2.389101009e-03 -1.693761090e+01 -1.693761090e+01 +3.6556e+00 +2.5487e+00 -1.5301e+00 +1.4702e+00 +1.3959e+00
9235 +1.114827631e-03 +1.114827631e-03 -1.693888517e+01 -1.693888517e+01 +3.6554e+00 +2.5489e+00 -1.5301e+00 +1.4701e+00 +1.3959e+00
9360 +9.364688970e-04 +9.364688970e-04 -1.693906353e+01 -1.693906353e+01 +3.6565e+00 +2.5494e+00 -1.5294e+00 +1.4696e+00 +1.3961e+00
9580 +4.431352375e-04 +4.431352375e-04 -1.693955686e+01 -1.693955686e+01 +3.6562e+00 +2.5496e+00 -1.5295e+00 +1.4695e+00 +1.3961e+00
9645 +3.107430263e-04 +3.107430263e-04 -1.693968926e+01 -1.693968926e+01 +3.6561e+00 +2.5496e+00 -1.5296e+00 +1.4695e+00 +1.3961e+00
9673 +2.185884441e-04 +2.185884441e-04 -1.693978141e+01 -1.693978141e+01 +3.6557e+00 +2.5494e+00 -1.5298e+00 +1.4698e+00 +1.3959e+00
9849 +1.513511341e-04 +1.513511341e-04 -1.693984865e+01 -1.693984865e+01 +3.6560e+00 +2.5496e+00 -1.5296e+00 +1.4696e+00 +1.3960e+00
9962 +8.229849355e-05 +8.229849355e-05 -1.693991770e+01 -1.693991770e+01 +3.6560e+00 +2.5496e+00 -1.5296e+00 +1.4696e+00 +1.3960e+00
10057 +4.462632885e-05 +4.462632885e-05 -1.693995537e+01 -1.693995537e+01 +3.6560e+00 +2.5496e+00 -1.5296e+00 +1.4696e+00 +1.3960e+00
10230 +3.922664984e-05 +3.922664984e-05 -1.693996077e+01 -1.693996077e+01 +3.6560e+00 +2.5496e+00 -1.5296e+00 +1.4696e+00 +1.3960e+00
10328 +2.040990589e-05 +2.040990589e-05 -1.693997959e+01 -1.693997959e+01 +3.6560e+00 +2.5496e+00 -1.5296e+00 +1.4696e+00 +1.3960e+00
10342 +1.392421044e-05 +1.392421044e-05 -1.693998608e+01 -1.693998608e+01 +3.6560e+00 +2.5496e+00 -1.5296e+00 +1.4696e+00 +1.3960e+00
10506 +9.221592684e-06 +9.221592684e-06 -1.693999078e+01 -1.693999078e+01 +3.6560e+00 +2.5496e+00 -1.5296e+00 +1.4696e+00 +1.3960e+00
10789 +4.891858879e-06 +4.891858879e-06 -1.693999511e+01 -1.693999511e+01 +3.6560e+00 +2.5496e+00 -1.5296e+00 +1.4696e+00 +1.3960e+00
10815 +1.653249310e-06 +1.653249310e-06 -1.693999835e+01 -1.693999835e+01 +3.6560e+00 +2.5496e+00 -1.5296e+00 +1.4696e+00 +1.3960e+00
10909 +1.534733901e-06 +1.534733901e-06 -1.693999847e+01 -1.693999847e+01 +3.6560e+00 +2.5496e+00 -1.5296e+00 +1.4696e+00 +1.3960e+00
11036 +9.609113967e-07 +9.609113967e-07 -1.693999904e+01 -1.693999904e+01 +3.6560e+00 +2.5496e+00 -1.5296e+00 +1.4696e+00 +1.3960e+00
11079 +5.321915921e-07 +5.321915921e-07 -1.693999947e+01 -1.693999947e+01 +3.6560e+00 +2.5496e+00 -1.5296e+00 +1.4696e+00 +1.3960e+00
11261 +3.672273934e-07 +3.672273934e-07 -1.693999963e+01 -1.693999963e+01 +3.6560e+00 +2.5496e+00 -1.5296e+00 +1.4696e+00 +1.3960e+00
11351 +2.129268388e-07 +2.129268388e-07 -1.693999979e+01 -1.693999979e+01 +3.6560e+00 +2.5496e+00 -1.5296e+00 +1.4696e+00 +1.3960e+00
11531 +1.448872062e-07 +1.448872062e-07 -1.693999986e+01 -1.693999986e+01 +3.6560e+00 +2.5496e+00 -1.5296e+00 +1.4696e+00 +1.3960e+00
11679 +9.869216200e-08 +9.869216200e-08 -1.693999990e+01 -1.693999990e+01 +3.6560e+00 +2.5496e+00 -1.5296e+00 +1.4696e+00 +1.3960e+00
11784 +6.245272743e-08 +6.245272743e-08 -1.693999994e+01 -1.693999994e+01 +3.6560e+00 +2.5496e+00 -1.5296e+00 +1.4696e+00 +1.3960e+00
11819 +2.646262587e-08 +2.646262587e-08 -1.693999997e+01 -1.693999997e+01 +3.6560e+00 +2.5496e+00 -1.5296e+00 +1.4696e+00 +1.3960e+00
11844 +2.103094943e-08 +2.103094943e-08 -1.693999998e+01 -1.693999998e+01 +3.6560e+00 +2.5496e+00 -1.5296e+00 +1.4696e+00 +1.3960e+00
11914 +1.057597387e-08 +1.057597387e-08 -1.693999999e+01 -1.693999999e+01 +3.6560e+00 +2.5496e+00 -1.5296e+00 +1.4696e+00 +1.3960e+00
12043 +9.111474242e-09 +9.111474242e-09 -1.693999999e+01 -1.693999999e+01 +3.6560e+00 +2.5496e+00 -1.5296e+00 +1.4696e+00 +1.3960e+00
12070 +2.095731588e-09 +2.095731588e-09 -1.694000000e+01 -1.694000000e+01 +3.6560e+00 +2.5496e+00 -1.5296e+00 +1.4696e+00 +1.3960e+00
% function evaluation | noise-free fitness - Fopt (1.881000000000e+01) | best noise-free fitness - Fopt | measured fitness | best measured fitness | x1 | x2...
1 +5.605116882e+01 +5.605116882e+01 +7.486116882e+01 +7.486116882e+01 +2.0971e+00 -1.8641e+00 -2.4363e+00 +4.8898e-01 +2.2922e+00
11 +3.264590370e+01 +3.264590370e+01 +5.145590370e+01 +5.145590370e+01 +3.1883e+00 -1.4150e+00 -5.2522e-01 -1.3826e+00 +4.2786e+00
18 +1.674940457e+01 +1.674940457e+01 +3.555940457e+01 +3.555940457e+01 -4.2691e-01 +2.6957e+00 -6.5176e-01 -7.9434e-01 +3.6955e+00
71 +1.356125261e+01 +1.356125261e+01 +3.237125261e+01 +3.237125261e+01 +5.1641e-01 -2.8472e-01 -1.7335e+00 -5.1588e-01 +2.1740e+00
85 +7.987832384e+00 +7.987832384e+00 +2.679783238e+01 +2.679783238e+01 -2.8161e-01 +8.2222e-01 -1.5783e+00 -2.8726e-01 +2.5309e+00
86 +5.208067937e+00 +5.208067937e+00 +2.401806794e+01 +2.401806794e+01 +1.0614e-01 +1.3041e+00 -9.6112e-01 -8.8791e-01 +2.2595e+00
216 +3.306474147e+00 +3.306474147e+00 +2.211647415e+01 +2.211647415e+01 +1.6602e-01 +7.0432e-01 -7.6647e-01 -8.0673e-01 +2.4934e+00
269 +2.220158355e+00 +2.220158355e+00 +2.103015835e+01 +2.103015835e+01 -5.0084e-02 +1.5490e+00 -6.2649e-01 -4.5648e-01 +2.0446e+00
326 +1.468059509e+00 +1.468059509e+00 +2.027805951e+01 +2.027805951e+01 +8.4325e-02 +1.2553e+00 -7.5528e-01 -7.0339e-01 +2.2765e+00
338 +5.362846822e-01 +5.362846822e-01 +1.934628468e+01 +1.934628468e+01 +3.6339e-02 +1.4436e+00 -6.7455e-01 -7.3380e-01 +2.3541e+00
467 +3.577373477e-01 +3.577373477e-01 +1.916773735e+01 +1.916773735e+01 -6.0042e-02 +1.5604e+00 -7.2583e-01 -5.0646e-01 +2.1758e+00
656 +1.899327363e-01 +1.899327363e-01 +1.899993274e+01 +1.899993274e+01 -7.4340e-02 +1.4211e+00 -7.2409e-01 -5.6315e-01 +2.1294e+00
754 +1.350025094e-01 +1.350025094e-01 +1.894500251e+01 +1.894500251e+01 -6.9585e-02 +1.4159e+00 -7.3316e-01 -5.6795e-01 +2.1267e+00
901 +9.231887627e-02 +9.231887627e-02 +1.890231888e+01 +1.890231888e+01 -6.8506e-02 +1.4397e+00 -7.3002e-01 -5.6002e-01 +2.1283e+00
4688 +4.778842579e-02 +4.778842579e-02 +1.885778843e+01 +1.885778843e+01 -2.0060e-01 +1.7952e+00 -8.2827e-01 -1.2759e-02 +1.6485e+00
4776 +3.684445013e-02 +3.684445013e-02 +1.884684445e+01 +1.884684445e+01 -1.8707e-01 +1.7767e+00 -8.2328e-01 -3.3579e-02 +1.6726e+00
4804 +2.291391071e-02 +2.291391071e-02 +1.883291391e+01 +1.883291391e+01 -1.8478e-01 +1.7877e+00 -8.1932e-01 -4.3419e-02 +1.6850e+00
4829 +1.354572072e-02 +1.354572072e-02 +1.882354572e+01 +1.882354572e+01 -1.9046e-01 +1.7830e+00 -8.2372e-01 -3.1984e-02 +1.6700e+00
4975 +9.164125238e-03 +9.164125238e-03 +1.881916413e+01 +1.881916413e+01 -1.9204e-01 +1.7859e+00 -8.2288e-01 -3.0484e-02 +1.6690e+00
4994 +5.012052377e-03 +5.012052377e-03 +1.881501205e+01 +1.881501205e+01 -1.9019e-01 +1.7792e+00 -8.2245e-01 -3.5117e-02 +1.6735e+00
5073 +3.272598832e-03 +3.272598832e-03 +1.881327260e+01 +1.881327260e+01 -1.9182e-01 +1.7805e+00 -8.2284e-01 -3.2568e-02 +1.6705e+00
5082 +1.356374745e-03 +1.356374745e-03 +1.881135637e+01 +1.881135637e+01 -1.9108e-01 +1.7801e+00 -8.2238e-01 -3.4138e-02 +1.6725e+00
5237 +4.583378118e-04 +4.583378118e-04 +1.881045834e+01 +1.881045834e+01 -1.9126e-01 +1.7810e+00 -8.2241e-01 -3.3389e-02 +1.6718e+00
5319 +3.134956200e-04 +3.134956200e-04 +1.881031350e+01 +1.881031350e+01 -1.9123e-01 +1.7809e+00 -8.2245e-01 -3.3520e-02 +1.6719e+00
5379 +2.379054853e-04 +2.379054853e-04 +1.881023791e+01 +1.881023791e+01 -1.9122e-01 +1.7809e+00 -8.2240e-01 -3.3550e-02 +1.6720e+00
5590 +1.561930391e-04 +1.561930391e-04 +1.881015619e+01 +1.881015619e+01 -1.9122e-01 +1.7808e+00 -8.2242e-01 -3.3579e-02 +1.6720e+00
5778 +9.402051691e-05 +9.402051691e-05 +1.881009402e+01 +1.881009402e+01 -1.9121e-01 +1.7808e+00 -8.2241e-01 -3.3584e-02 +1.6720e+00
6254 +6.251934907e-05 +6.251934907e-05 +1.881006252e+01 +1.881006252e+01 -1.9121e-01 +1.7808e+00 -8.2241e-01 -3.3582e-02 +1.6720e+00
11135 +2.825249077e-05 +2.825249077e-05 +1.881002825e+01 +1.881002825e+01 -1.9121e-01 +1.7808e+00 -8.2241e-01 -3.3580e-02 +1.6720e+00
11317 +2.436166915e-05 +2.436166915e-05 +1.881002436e+01 +1.881002436e+01 -1.9120e-01 +1.7808e+00 -8.2240e-01 -3.3601e-02 +1.6720e+00
11502 +1.412618664e-05 +1.412618664e-05 +1.881001413e+01 +1.881001413e+01 -1.9120e-01 +1.7808e+00 -8.2240e-01 -3.3600e-02 +1.6720e+00
11562 +6.260982737e-06 +6.260982737e-06 +1.881000626e+01 +1.881000626e+01 -1.9120e-01 +1.7808e+00 -8.2240e-01 -3.3599e-02 +1.6720e+00
11749 +3.794412695e-06 +3.794412695e-06 +1.881000379e+01 +1.881000379e+01 -1.9120e-01 +1.7808e+00 -8.2240e-01 -3.3597e-02 +1.6720e+00
11828 +1.857255210e-06 +1.857255210e-06 +1.881000186e+01 +1.881000186e+01 -1.9120e-01 +1.7808e+00 -8.2240e-01 -3.3600e-02 +1.6720e+00
11841 +1.373449493e-06 +1.373449493e-06 +1.881000137e+01 +1.881000137e+01 -1.9120e-01 +1.7808e+00 -8.2240e-01 -3.3601e-02 +1.6720e+00
11947 +7.456751128e-07 +7.456751128e-07 +1.881000075e+01 +1.881000075e+01 -1.9120e-01 +1.7808e+00 -8.2240e-01 -3.3600e-02 +1.6720e+00
12017 +5.903749489e-07 +5.903749489e-07 +1.881000059e+01 +1.881000059e+01 -1.9120e-01 +1.7808e+00 -8.2240e-01 -3.3600e-02 +1.6720e+00
12251 +2.601806059e-07 +2.601806059e-07 +1.881000026e+01 +1.881000026e+01 -1.9120e-01 +1.7808e+00 -8.2240e-01 -3.3600e-02 +1.6720e+00
12252 +2.273745316e-07 +2.273745316e-07 +1.881000023e+01 +1.881000023e+01 -1.9120e-01 +1.7808e+00 -8.2240e-01 -3.3600e-02 +1.6720e+00
12406 +1.582147355e-07 +1.582147355e-07 +1.881000016e+01 +1.881000016e+01 -1.9120e-01 +1.7808e+00 -8.2240e-01 -3.3600e-02 +1.6720e+00
12488 +6.621177917e-08 +6.621177917e-08 +1.881000007e+01 +1.881000007e+01 -1.9120e-01 +1.7808e+00 -8.2240e-01 -3.3600e-02 +1.6720e+00
12624 +4.590655678e-08 +4.590655678e-08 +1.881000005e+01 +1.881000005e+01 -1.9120e-01 +1.7808e+00 -8.2240e-01 -3.3600e-02 +1.6720e+00
12657 +2.585341718e-08 +2.585341718e-08 +1.881000003e+01 +1.881000003e+01 -1.9120e-01 +1.7808e+00 -8.2240e-01 -3.3600e-02 +1.6720e+00
12694 +2.488759421e-08 +2.488759421e-08 +1.881000002e+01 +1.881000002e+01 -1.9120e-01 +1.7808e+00 -8.2240e-01 -3.3600e-02 +1.6720e+00
12717 +1.548225725e-08 +1.548225725e-08 +1.881000002e+01 +1.881000002e+01 -1.9120e-01 +1.7808e+00 -8.2240e-01 -3.3600e-02 +1.6720e+00
12789 +9.493245301e-09 +9.493245301e-09 +1.881000001e+01 +1.881000001e+01 -1.9120e-01 +1.7808e+00 -8.2240e-01 -3.3600e-02 +1.6720e+00
12814 +5.000682535e-09 +5.000682535e-09 +1.881000001e+01 +1.881000001e+01 -1.9120e-01 +1.7808e+00 -8.2240e-01 -3.3600e-02 +1.6720e+00
% function evaluation | noise-free fitness - Fopt (1.881000000000e+01) | best noise-free fitness - Fopt | measured fitness | best measured fitness | x1 | x2...
1 +1.239016072e+02 +1.239016072e+02 +1.427116072e+02 +1.427116072e+02 -1.9150e+00 +6.1867e-01 -3.1968e-01 -3.4042e+00 -1.4671e+00
3 +8.196844041e+00 +8.196844041e+00 +2.700684404e+01 +2.700684404e+01 -3.8641e-02 +2.2297e+00 +1.7423e-02 -7.6002e-01 +7.6382e-01
101 +4.829579691e+00 +4.829579691e+00 +2.363957969e+01 +2.363957969e+01 -4.4180e-01 +1.8258e+00 -1.1338e+00 -8.4519e-02 +9.2960e-01
109 +3.389734832e+00 +3.389734832e+00 +2.219973483e+01 +2.219973483e+01 +1.8510e-01 +8.7300e-01 -8.1687e-01 -5.1591e-01 +2.2650e+00
173 +1.549728888e+00 +1.549728888e+00 +2.035972889e+01 +2.035972889e+01 -2.7496e-01 +2.0533e+00 -8.4334e-01 +3.5809e-01 +1.2273e+00
308 +3.263754976e-01 +3.263754976e-01 +1.913637550e+01 +1.913637550e+01 -2.9685e-01 +2.1378e+00 -8.9266e-01 +2.8065e-01 +1.3583e+00
366 +1.869978153e-01 +1.869978153e-01 +1.899699782e+01 +1.899699782e+01 -3.1426e-01 +2.0513e+00 -9.0994e-01 +2.7722e-01 +1.3494e+00
569 +1.484109942e-01 +1.484109942e-01 +1.895841099e+01 +1.895841099e+01 -3.2269e-01 +2.0189e+00 -9.0712e-01 +2.7315e-01 +1.3592e+00
673 +8.778140218e-02 +8.778140218e-02 +1.889778140e+01 +1.889778140e+01 -3.1068e-01 +2.0487e+00 -9.0240e-01 +2.6897e-01 +1.3566e+00
931 +6.092454118e-02 +6.092454118e-02 +1.887092454e+01 +1.887092454e+01 -3.1038e-01 +2.0465e+00 -9.0162e-01 +2.6874e-01 +1.3587e+00
6367 +3.309016791e-02 +3.309016791e-02 +1.884309017e+01 +1.884309017e+01 -1.8900e-01 +1.7654e+00 -8.1988e-01 -4.9657e-02 +1.6821e+00
6368 +1.904991907e-02 +1.904991907e-02 +1.882904992e+01 +1.882904992e+01 -1.8451e-01 +1.7613e+00 -8.1814e-01 -5.9001e-02 +1.6932e+00
6536 +1.101429625e-02 +1.101429625e-02 +1.882101430e+01 +1.882101430e+01 -1.8943e-01 +1.7828e+00 -8.2233e-01 -3.5406e-02 +1.6746e+00
6541 +8.308896725e-03 +8.308896725e-03 +1.881830890e+01 +1.881830890e+01 -1.9044e-01 +1.7783e+00 -8.2152e-01 -3.5991e-02 +1.6743e+00
6701 +3.802999168e-03 +3.802999168e-03 +1.881380300e+01 +1.881380300e+01 -1.9120e-01 +1.7806e+00 -8.2216e-01 -3.3784e-02 +1.6714e+00
6731 +1.652765646e-03 +1.652765646e-03 +1.881165277e+01 +1.881165277e+01 -1.9045e-01 +1.7795e+00 -8.2188e-01 -3.5842e-02 +1.6740e+00
6837 +1.583986478e-03 +1.583986478e-03 +1.881158399e+01 +1.881158399e+01 -1.9144e-01 +1.7808e+00 -8.2264e-01 -3.3247e-02 +1.6717e+00
6893 +6.474775226e-04 +6.474775226e-04 +1.881064748e+01 +1.881064748e+01 -1.9093e-01 +1.7803e+00 -8.2229e-01 -3.4296e-02 +1.6726e+00
6940 +3.821289589e-04 +3.821289589e-04 +1.881038213e+01 +1.881038213e+01 -1.9124e-01 +1.7809e+00 -8.2246e-01 -3.3463e-02 +1.6718e+00
7082 +2.478626210e-04 +2.478626210e-04 +1.881024786e+01 +1.881024786e+01 -1.9120e-01 +1.7808e+00 -8.2242e-01 -3.3628e-02 +1.6720e+00
7232 +1.519781977e-04 +1.519781977e-04 +1.881015198e+01 +1.881015198e+01 -1.9119e-01 +1.7808e+00 -8.2240e-01 -3.3603e-02 +1.6720e+00
7273 +9.338300178e-05 +9.338300178e-05 +1.881009338e+01 +1.881009338e+01 -1.9121e-01 +1.7808e+00 -8.2241e-01 -3.3579e-02 +1.6720e+00
7351 +4.669209464e-05 +4.669209464e-05 +1.881004669e+01 +1.881004669e+01 -1.9119e-01 +1.7808e+00 -8.2239e-01 -3.3629e-02 +1.6720e+00
7439 +3.861289635e-05 +3.861289635e-05 +1.881003861e+01 +1.881003861e+01 -1.9121e-01 +1.7808e+00 -8.2240e-01 -3.3571e-02 +1.6720e+00
7554 +2.103104227e-05 +2.103104227e-05 +1.881002103e+01 +1.881002103e+01 -1.9120e-01 +1.7808e+00 -8.2240e-01 -3.3600e-02 +1.6720e+00
7646 +9.673839259e-06 +9.673839259e-06 +1.881000967e+01 +1.881000967e+01 -1.9120e-01 +1.7808e+00 -8.2240e-01 -3.3598e-02 +1.6720e+00
7877 +5.869887097e-06 +5.869887097e-06 +1.881000587e+01 +1.881000587e+01 -1.9120e-01 +1.7808e+00 -8.2240e-01 -3.3600e-02 +1.6720e+00
7916 +3.856057166e-06 +3.856057166e-06 +1.881000386e+01 +1.881000386e+01 -1.9120e-01 +1.7808e+00 -8.2240e-01 -3.3598e-02 +1.6720e+00
7919 +1.492794564e-06 +1.492794564e-06 +1.881000149e+01 +1.881000149e+01 -1.9120e-01 +1.7808e+00 -8.2240e-01 -3.3600e-02 +1.6720e+00
7994 +9.878457448e-07 +9.878457448e-07 +1.881000099e+01 +1.881000099e+01 -1.9120e-01 +1.7808e+00 -8.2240e-01 -3.3600e-02 +1.6720e+00
8053 +5.710116007e-07 +5.710116007e-07 +1.881000057e+01 +1.881000057e+01 -1.9120e-01 +1.7808e+00 -8.2240e-01 -3.3600e-02 +1.6720e+00
8153 +3.932453474e-07 +3.932453474e-07 +1.881000039e+01 +1.881000039e+01 -1.9120e-01 +1.7808e+00 -8.2240e-01 -3.3600e-02 +1.6720e+00
8187 +2.183367940e-07 +2.183367940e-07 +1.881000022e+01 +1.881000022e+01 -1.9120e-01 +1.7808e+00 -8.2240e-01 -3.3600e-02 +1.6720e+00
8235 +1.267373761e-07 +1.267373761e-07 +1.881000013e+01 +1.881000013e+01 -1.9120e-01 +1.7808e+00 -8.2240e-01 -3.3600e-02 +1.6720e+00
8278 +9.440813997e-08 +9.440813997e-08 +1.881000009e+01 +1.881000009e+01 -1.9120e-01 +1.7808e+00 -8.2240e-01 -3.3600e-02 +1.6720e+00
8350 +6.259598706e-08 +6.259598706e-08 +1.881000006e+01 +1.881000006e+01 -1.9120e-01 +1.7808e+00 -8.2240e-01 -3.3600e-02 +1.6720e+00
8475 +3.624865386e-08 +3.624865386e-08 +1.881000004e+01 +1.881000004e+01 -1.9120e-01 +1.7808e+00 -8.2240e-01 -3.3600e-02 +1.6720e+00
8486 +1.686139939e-08 +1.686139939e-08 +1.881000002e+01 +1.881000002e+01 -1.9120e-01 +1.7808e+00 -8.2240e-01 -3.3600e-02 +1.6720e+00
8513 +1.489677715e-08 +1.489677715e-08 +1.881000001e+01 +1.881000001e+01 -1.9120e-01 +1.7808e+00 -8.2240e-01 -3.3600e-02 +1.6720e+00
8596 +9.185942673e-09 +9.185942673e-09 +1.881000001e+01 +1.881000001e+01 -1.9120e-01 +1.7808e+00 -8.2240e-01 -3.3600e-02 +1.6720e+00
% function evaluation | noise-free fitness - Fopt (1.881000000000e+01) | best noise-free fitness - Fopt | measured fitness | best measured fitness | x1 | x2...
1 +6.241650256e+01 +6.241650256e+01 +8.122650256e+01 +8.122650256e+01 -3.4532e+00 +1.3204e+00 -2.5535e+00 -2.3408e+00 +6.5259e-01
10 +1.841206571e+01 +1.841206571e+01 +3.722206571e+01 +3.722206571e+01 -1.6281e+00 +3.7006e-02 -1.4635e+00 -9.2416e-02 +3.0199e+00
21 +1.217963766e+01 +1.217963766e+01 +3.098963766e+01 +3.098963766e+01 -4.5254e-02 +5.8463e-01 -5.0331e-01 -9.9602e-01 +3.7696e+00
53 +9.813899550e+00 +9.813899550e+00 +2.862389955e+01 +2.862389955e+01 +6.0428e-01 +7.7849e-01 -7.3150e-01 +8.3128e-02 +2.5064e+00
115 +5.998134177e+00 +5.998134177e+00 +2.480813418e+01 +2.480813418e+01 +2.0845e-01 +2.5144e+00 -1.0712e+00 -4.1930e-01 +2.4932e+00
211 +3.139131428e+00 +3.139131428e+00 +2.194913143e+01 +2.194913143e+01 -1.4589e-01 +2.6359e+00 -7.9054e-01 -4.3525e-02 +2.5282e+00
335 +2.270924100e+00 +2.270924100e+00 +2.108092410e+01 +2.108092410e+01 +1.2174e-01 +2.7158e+00 -6.3128e-01 -2.6840e-01 +2.0612e+00
379 +1.566564128e+00 +1.566564128e+00 +2.037656413e+01 +2.037656413e+01 +9.3762e-02 +2.3548e+00 -7.0494e-01 -2.7137e-01 +2.1719e+00
511 +9.857298867e-01 +9.857298867e-01 +1.979572989e+01 +1.979572989e+01 +1.0084e-01 +2.1345e+00 -6.8040e-01 -4.5472e-01 +2.1200e+00
725 +6.207612936e-01 +6.207612936e-01 +1.943076129e+01 +1.943076129e+01 +5.7064e-02 +2.1428e+00 -6.6795e-01 -4.4849e-01 +2.1071e+00
6383 +2.945413752e-01 +2.945413752e-01 +1.910454138e+01 +1.910454138e+01 -1.0038e-01 +1.5243e+00 -7.5476e-01 -4.2943e-01 +1.9788e+00
6457 +2.479922374e-01 +2.479922374e-01 +1.905799224e+01 +1.905799224e+01 -1.2987e-01 +1.5061e+00 -7.7213e-01 -3.9938e-01 +1.9706e+00
6606 +1.542702578e-01 +1.542702578e-01 +1.896427026e+01 +1.896427026e+01 -1.2229e-01 +1.5113e+00 -7.6304e-01 -4.1056e-01 +1.9832e+00
6747 +9.293270236e-02 +9.293270236e-02 +1.890293270e+01 +1.890293270e+01 -1.1443e-01 +1.5432e+00 -7.6115e-01 -3.9963e-01 +1.9892e+00
6930 +5.931966678e-02 +5.931966678e-02 +1.886931967e+01 +1.886931967e+01 -1.1098e-01 +1.5325e+00 -7.5816e-01 -4.1363e-01 +1.9995e+00
7201 +3.884373491e-02 +3.884373491e-02 +1.884884373e+01 +1.884884373e+01 -1.1068e-01 +1.5330e+00 -7.5875e-01 -4.1219e-01 +1.9987e+00
11784 +2.306926149e-02 +2.306926149e-02 +1.883306926e+01 +1.883306926e+01 -1.8737e-01 +1.7870e+00 -8.2118e-01 -3.5406e-02 +1.6733e+00
11895 +1.216085371e-02 +1.216085371e-02 +1.882216085e+01 +1.882216085e+01 -1.8582e-01 +1.7626e+00 -8.1898e-01 -5.5699e-02 +1.6909e+00
12137 +9.717658289e-03 +9.717658289e-03 +1.881971766e+01 +1.881971766e+01 -1.8579e-01 +1.7679e+00 -8.1861e-01 -5.3743e-02 +1.6910e+00
12310 +4.533526167e-03 +4.533526167e-03 +1.881453353e+01 +1.881453353e+01 -1.9033e-01 +1.7807e+00 -8.2164e-01 -3.5263e-02 +1.6739e+00
12479 +2.917714107e-03 +2.917714107e-03 +1.881291771e+01 +1.881291771e+01 -1.9054e-01 +1.7800e+00 -8.2195e-01 -3.5226e-02 +1.6735e+00
12521 +1.791822258e-03 +1.791822258e-03 +1.881179182e+01 +1.881179182e+01 -1.9051e-01 +1.7795e+00 -8.2192e-01 -3.5727e-02 +1.6741e+00
12620 +1.217599580e-03 +1.217599580e-03 +1.881121760e+01 +1.881121760e+01 -1.9040e-01 +1.7793e+00 -8.2194e-01 -3.5903e-02 +1.6741e+00
12818 +9.316223940e-04 +9.316223940e-04 +1.881093162e+01 +1.881093162e+01 -1.9051e-01 +1.7793e+00 -8.2199e-01 -3.5650e-02 +1.6740e+00
12928 +5.912132977e-04 +5.912132977e-04 +1.881059121e+01 +1.881059121e+01 -1.9051e-01 +1.7793e+00 -8.2199e-01 -3.5705e-02 +1.6740e+00
13201 +3.947146159e-04 +3.947146159e-04 +1.881039471e+01 +1.881039471e+01 -1.9054e-01 +1.7794e+00 -8.2203e-01 -3.5568e-02 +1.6738e+00
13634 +2.463597648e-04 +2.463597648e-04 +1.881024636e+01 +1.881024636e+01 -1.9057e-01 +1.7794e+00 -8.2204e-01 -3.5494e-02 +1.6738e+00
23135 +1.465076733e-04 +1.465076733e-04 +1.881014651e+01 +1.881014651e+01 -1.9118e-01 +1.7809e+00 -8.2238e-01 -3.3596e-02 +1.6720e+00
23228 +9.909956067e-05 +9.909956067e-05 +1.881009910e+01 +1.881009910e+01 -1.9114e-01 +1.7807e+00 -8.2237e-01 -3.3741e-02 +1.6721e+00
23476 +6.193295081e-05 +6.193295081e-05 +1.881006193e+01 +1.881006193e+01 -1.9125e-01 +1.7809e+00 -8.2243e-01 -3.3466e-02 +1.6719e+00
23506 +3.221431730e-05 +3.221431730e-05 +1.881003221e+01 +1.881003221e+01 -1.9120e-01 +1.7808e+00 -8.2240e-01 -3.3604e-02 +1.6720e+00
23829 +2.153307171e-05 +2.153307171e-05 +1.881002153e+01 +1.881002153e+01 -1.9120e-01 +1.7808e+00 -8.2240e-01 -3.3615e-02 +1.6720e+00
23918 +1.371760126e-05 +1.371760126e-05 +1.881001372e+01 +1.881001372e+01 -1.9120e-01 +1.7808e+00 -8.2240e-01 -3.3606e-02 +1.6720e+00
23988 +8.400634208e-06 +8.400634208e-06 +1.881000840e+01 +1.881000840e+01 -1.9120e-01 +1.7808e+00 -8.2240e-01 -3.3598e-02 +1.6720e+00
24091 +5.845728918e-06 +5.845728918e-06 +1.881000585e+01 +1.881000585e+01 -1.9120e-01 +1.7808e+00 -8.2240e-01 -3.3599e-02 +1.6720e+00
24350 +3.835911858e-06 +3.835911858e-06 +1.881000384e+01 +1.881000384e+01 -1.9120e-01 +1.7808e+00 -8.2240e-01 -3.3601e-02 +1.6720e+00
24420 +7.100613786e-07 +7.100613786e-07 +1.881000071e+01 +1.881000071e+01 -1.9120e-01 +1.7808e+00 -8.2240e-01 -3.3600e-02 +1.6720e+00
24847 +6.106317194e-07 +6.106317194e-07 +1.881000061e+01 +1.881000061e+01 -1.9120e-01 +1.7808e+00 -8.2240e-01 -3.3600e-02 +1.6720e+00
24976 +3.106186703e-07 +3.106186703e-07 +1.881000031e+01 +1.881000031e+01 -1.9120e-01 +1.7808e+00 -8.2240e-01 -3.3600e-02 +1.6720e+00
25303 +2.305307447e-07 +2.305307447e-07 +1.881000023e+01 +1.881000023e+01 -1.9120e-01 +1.7808e+00 -8.2240e-01 -3.3600e-02 +1.6720e+00
25458 +1.579140587e-07 +1.579140587e-07 +1.881000016e+01 +1.881000016e+01 -1.9120e-01 +1.7808e+00 -8.2240e-01 -3.3600e-02 +1.6720e+00
25637 +8.559497289e-08 +8.559497289e-08 +1.881000009e+01 +1.881000009e+01 -1.9120e-01 +1.7808e+00 -8.2240e-01 -3.3600e-02 +1.6720e+00
25783 +3.815703664e-08 +3.815703664e-08 +1.881000004e+01 +1.881000004e+01 -1.9120e-01 +1.7808e+00 -8.2240e-01 -3.3600e-02 +1.6720e+00
26034 +2.092949813e-08 +2.092949813e-08 +1.881000002e+01 +1.881000002e+01 -1.9120e-01 +1.7808e+00 -8.2240e-01 -3.3600e-02 +1.6720e+00
26058 +1.297613039e-08 +1.297613039e-08 +1.881000001e+01 +1.881000001e+01 -1.9120e-01 +1.7808e+00 -8.2240e-01 -3.3600e-02 +1.6720e+00
26134 +7.910816890e-09 +7.910816890e-09 +1.881000001e+01 +1.881000001e+01 -1.9120e-01 +1.7808e+00 -8.2240e-01 -3.3600e-02 +1.6720e+00
26186 +3.671754456e-09 +3.671754456e-09 +1.881000000e+01 +1.881000000e+01 -1.9120e-01 +1.7808e+00 -8.2240e-01 -3.3600e-02 +1.6720e+00
% function evaluation | noise-free fitness - Fopt (2.731500000000e+02) | best noise-free fitness - Fopt | measured fitness | best measured fitness | x1 | x2...
1 +1.693299827e+02 +1.693299827e+02 +4.424799827e+02 +4.424799827e+02 -1.6596e-02 +3.2294e+00 +3.1994e+00 -3.5508e+00 +2.0555e+00
2 +8.798381050e+01 +8.798381050e+01 +3.611338105e+02 +3.611338105e+02 -5.5832e-01 +5.5092e+00 +8.7069e-01 -3.2759e+00 +3.9746e+00
6 +6.248244722e+01 +6.248244722e+01 +3.356324472e+02 +3.356324472e+02 -1.8964e+00 +2.6412e+00 +4.0045e-01 -1.0068e+00 +3.5130e+00
10 +2.792758580e+01 +2.792758580e+01 +3.010775858e+02 +3.010775858e+02 -2.9983e+00 +2.5633e+00 -4.8413e-01 +2.3146e+00 +4.1019e+00
39 +1.444734788e+01 +1.444734788e+01 +2.875973479e+02 +2.875973479e+02 -3.1207e+00 +4.0289e+00 +2.8214e-01 +1.3235e+00 +2.0025e+00
105 +8.720438813e+00 +8.720438813e+00 +2.818704388e+02 +2.818704388e+02 -1.9923e+00 +4.3488e+00 +7.6502e-01 +2.5216e+00 +1.5319e+00
194 +5.417753593e+00 +5.417753593e+00 +2.785677536e+02 +2.785677536e+02 -2.5653e+00 +3.1675e+00 +1.3818e+00 +3.3495e+00 +1.7601e+00
239 +3.648285356e+00 +3.648285356e+00 +2.767982854e+02 +2.767982854e+02 -2.6867e+00 +3.2759e+00 +1.9732e+00 +3.5571e+00 +2.1088e+00
429 +2.382422082e+00 +2.382422082e+00 +2.755324221e+02 +2.755324221e+02 -2.6697e+00 +3.1730e+00 +2.5379e+00 +3.7818e+00 +2.0615e+00
10092 +8.400059716e-01 +8.400059716e-01 +2.739900060e+02 +2.739900060e+02 -3.9124e+00 +3.8149e+00 -5.6560e-01 +2.6091e+00 +2.1912e+00
10146 +5.733521544e-01 +5.733521544e-01 +2.737233522e+02 +2.737233522e+02 -3.7355e+00 +3.7161e+00 -5.3839e-01 +2.5837e+00 +2.0693e+00
10238 +2.630812527e-01 +2.630812527e-01 +2.734130813e+02 +2.734130813e+02 -3.7398e+00 +3.7738e+00 -5.0260e-01 +2.6158e+00 +2.0423e+00
10491 +1.073531015e-01 +1.073531015e-01 +2.732573531e+02 +2.732573531e+02 -3.5968e+00 +3.7549e+00 -4.9894e-01 +2.5586e+00 +2.0148e+00
10559 +6.414173722e-02 +6.414173722e-02 +2.732141417e+02 +2.732141417e+02 -3.5869e+00 +3.7483e+00 -4.6770e-01 +2.5711e+00 +2.0102e+00
10648 +4.667955190e-02 +4.667955190e-02 +2.731966796e+02 +2.731966796e+02 -3.5647e+00 +3.7546e+00 -4.8955e-01 +2.5602e+00 +2.0047e+00
10706 +3.262371636e-02 +3.262371636e-02 +2.731826237e+02 +2.731826237e+02 -3.5833e+00 +3.7550e+00 -4.8490e-01 +2.5663e+00 +2.0043e+00
10725 +9.473649281e-03 +9.473649281e-03 +2.731594736e+02 +2.731594736e+02 -3.5869e+00 +3.7539e+00 -4.7986e-01 +2.5688e+00 +2.0086e+00
11099 +6.050209635e-03 +6.050209635e-03 +2.731560502e+02 +2.731560502e+02 -3.5868e+00 +3.7545e+00 -4.8044e-01 +2.5691e+00 +2.0088e+00
11258 +2.932710769e-03 +2.932710769e-03 +2.731529327e+02 +2.731529327e+02 -3.5876e+00 +3.7538e+00 -4.7991e-01 +2.5696e+00 +2.0093e+00
11351 +2.146374621e-03 +2.146374621e-03 +2.731521464e+02 +2.731521464e+02 -3.5859e+00 +3.7536e+00 -4.7931e-01 +2.5697e+00 +2.0090e+00
11448 +1.531477741e-03 +1.531477741e-03 +2.731515315e+02 +2.731515315e+02 -3.5871e+00 +3.7537e+00 -4.7951e-01 +2.5697e+00 +2.0092e+00
11620 +8.362806146e-04 +8.362806146e-04 +2.731508363e+02 +2.731508363e+02 -3.5864e+00 +3.7536e+00 -4.7935e-01 +2.5697e+00 +2.0091e+00
24403 +4.383113477e-04 +4.383113477e-04 +2.731504383e+02 +2.731504383e+02 -3.5799e+00 +3.7536e+00 -4.7856e-01 +2.5689e+00 +2.0081e+00
24448 +3.035880725e-04 +3.035880725e-04 +2.731503036e+02 +2.731503036e+02 -3.5794e+00 +3.7536e+00 -4.7844e-01 +2.5688e+00 +2.0081e+00
24592 +2.410184592e-04 +2.410184592e-04 +2.731502410e+02 +2.731502410e+02 -3.5791e+00 +3.7536e+00 -4.7840e-01 +2.5688e+00 +2.0080e+00
24746 +6.763168238e-05 +6.763168238e-05 +2.731500676e+02 +2.731500676e+02 -3.5792e+00 +3.7536e+00 -4.7841e-01 +2.5688e+00 +2.0080e+00
24970 +5.281799343e-05 +5.281799343e-05 +2.731500528e+02 +2.731500528e+02 -3.5792e+00 +3.7536e+00 -4.7840e-01 +2.5688e+00 +2.0080e+00
25046 +3.544035792e-05 +3.544035792e-05 +2.731500354e+02 +2.731500354e+02 -3.5792e+00 +3.7536e+00 -4.7839e-01 +2.5688e+00 +2.0080e+00
25335 +1.874491255e-05 +1.874491255e-05 +2.731500187e+02 +2.731500187e+02 -3.5792e+00 +3.7536e+00 -4.7841e-01 +2.5688e+00 +2.0080e+00
25559 +1.572844968e-05 +1.572844968e-05 +2.731500157e+02 +2.731500157e+02 -3.5792e+00 +3.7536e+00 -4.7840e-01 +2.5688e+00 +2.0080e+00
25662 +8.639383907e-06 +8.639383907e-06 +2.731500086e+02 +2.731500086e+02 -3.5792e+00 +3.7536e+00 -4.7840e-01 +2.5688e+00 +2.0080e+00
25723 +5.639205767e-06 +5.639205767e-06 +2.731500056e+02 +2.731500056e+02 -3.5792e+00 +3.7536e+00 -4.7840e-01 +2.5688e+00 +2.0080e+00
25856 +2.667269257e-06 +2.667269257e-06 +2.731500027e+02 +2.731500027e+02 -3.5792e+00 +3.7536e+00 -4.7840e-01 +2.5688e+00 +2.0080e+00
25946 +2.076255043e-06 +2.076255043e-06 +2.731500021e+02 +2.731500021e+02 -3.5792e+00 +3.7536e+00 -4.7840e-01 +2.5688e+00 +2.0080e+00
26056 +1.110014921e-06 +1.110014921e-06 +2.731500011e+02 +2.731500011e+02 -3.5792e+00 +3.7536e+00 -4.7840e-01 +2.5688e+00 +2.0080e+00
26203 +9.511819030e-07 +9.511819030e-07 +2.731500010e+02 +2.731500010e+02 -3.5792e+00 +3.7536e+00 -4.7840e-01 +2.5688e+00 +2.0080e+00
26301 +5.052268079e-07 +5.052268079e-07 +2.731500005e+02 +2.731500005e+02 -3.5792e+00 +3.7536e+00 -4.7840e-01 +2.5688e+00 +2.0080e+00
26499 +3.810216640e-07 +3.810216640e-07 +2.731500004e+02 +2.731500004e+02 -3.5792e+00 +3.7536e+00 -4.7840e-01 +2.5688e+00 +2.0080e+00
26745 +2.031708846e-07 +2.031708846e-07 +2.731500002e+02 +2.731500002e+02 -3.5792e+00 +3.7536e+00 -4.7840e-01 +2.5688e+00 +2.0080e+00
26967 +1.577038233e-07 +1.577038233e-07 +2.731500002e+02 +2.731500002e+02 -3.5792e+00 +3.7536e+00 -4.7840e-01 +2.5688e+00 +2.0080e+00
27095 +9.208724805e-08 +9.208724805e-08 +2.731500001e+02 +2.731500001e+02 -3.5792e+00 +3.7536e+00 -4.7840e-01 +2.5688e+00 +2.0080e+00
27198 +5.948055559e-08 +5.948055559e-08 +2.731500001e+02 +2.731500001e+02 -3.5792e+00 +3.7536e+00 -4.7840e-01 +2.5688e+00 +2.0080e+00
27211 +2.850214287e-08 +2.850214287e-08 +2.731500000e+02 +2.731500000e+02 -3.5792e+00 +3.7536e+00 -4.7840e-01 +2.5688e+00 +2.0080e+00
27370 +1.846865416e-08 +1.846865416e-08 +2.731500000e+02 +2.731500000e+02 -3.5792e+00 +3.7536e+00 -4.7840e-01 +2.5688e+00 +2.0080e+00
27525 +1.052188736e-08 +1.052188736e-08 +2.731500000e+02 +2.731500000e+02 -3.5792e+00 +3.7536e+00 -4.7840e-01 +2.5688e+00 +2.0080e+00
27543 +7.755147635e-09 +7.755147635e-09 +2.731500000e+02 +2.731500000e+02 -3.5792e+00 +3.7536e+00 -4.7840e-01 +2.5688e+00 +2.0080e+00
27576 +2.382705588e-09 +2.382705588e-09 +2.731500000e+02 +2.731500000e+02 -3.5792e+00 +3.7536e+00 -4.7840e-01 +2.5688e+00 +2.0080e+00
% function evaluation | noise-free fitness - Fopt (2.731500000000e+02) | best noise-free fitness - Fopt | measured fitness | best measured fitness | x1 | x2...
1 +5.676374027e+02 +5.676374027e+02 +8.407874027e+02 +8.407874027e+02 -2.2806e+00 +3.4582e+00 +9.2175e-01 -3.9738e+00 -2.9154e+00
2 +2.357312687e+02 +2.357312687e+02 +5.088812687e+02 +5.088812687e+02 -1.0883e+00 +3.0681e+00 -3.3322e-01 -3.1121e+00 -2.2168e+00
3 +1.294608349e+02 +1.294608349e+02 +4.026108349e+02 +4.026108349e+02 -1.6135e+00 +1.3563e+00 -1.5807e+00 -4.7151e+00 +7.2337e-01
14 +5.458728033e+01 +5.458728033e+01 +3.277372803e+02 +3.277372803e+02 -5.3869e+00 +4.0356e+00 -3.1307e+00 +3.7628e-01 +8.8081e-01
17 +2.752489356e+01 +2.752489356e+01 +3.006748936e+02 +3.006748936e+02 -2.9254e+00 +4.3815e+00 +7.5798e-02 +8.2637e-01 +2.0749e+00
28 +2.332902927e+01 +2.332902927e+01 +2.964790293e+02 +2.964790293e+02 -1.9769e+00 +3.6618e+00 -1.6667e+00 +2.1241e+00 +2.7799e+00
48 +9.923040788e+00 +9.923040788e+00 +2.830730408e+02 +2.830730408e+02 -2.2002e+00 +4.8185e+00 -4.9935e-01 +2.8243e+00 +1.7822e+00
172 +5.199368285e+00 +5.199368285e+00 +2.783493683e+02 +2.783493683e+02 +1.0489e-01 +4.0274e+00 +8.7058e-02 +1.8201e+00 +1.5751e+00
202 +3.288489483e+00 +3.288489483e+00 +2.764384895e+02 +2.764384895e+02 -2.6931e-01 +3.8952e+00 -1.9114e-01 +2.0161e+00 +1.5297e+00
256 +2.123266301e+00 +2.123266301e+00 +2.752732663e+02 +2.752732663e+02 +1.1182e-01 +3.7118e+00 +3.7804e-01 +2.0790e+00 +1.3160e+00
375 +1.510129645e+00 +1.510129645e+00 +2.746601296e+02 +2.746601296e+02 -5.3260e-01 +3.8539e+00 -1.0728e-02 +2.0451e+00 +1.4309e+00
381 +8.947257631e-01 +8.947257631e-01 +2.740447258e+02 +2.740447258e+02 -5.7149e-01 +3.8096e+00 -5.5245e-02 +2.1221e+00 +1.4237e+00
477 +5.813951476e-01 +5.813951476e-01 +2.737313951e+02 +2.737313951e+02 -5.5430e-01 +3.8231e+00 -1.4679e-02 +2.1421e+00 +1.4562e+00
714 +3.959200508e-01 +3.959200508e-01 +2.735459201e+02 +2.735459201e+02 -5.0695e-01 +3.8225e+00 -1.9410e-02 +2.1300e+00 +1.4456e+00
9985 +1.509522033e-01 +1.509522033e-01 +2.733009522e+02 +2.733009522e+02 -3.4857e+00 +3.7524e+00 -4.2895e-01 +2.5714e+00 +1.9989e+00
10183 +6.868909923e-02 +6.868909923e-02 +2.732186891e+02 +2.732186891e+02 -3.5942e+00 +3.7536e+00 -4.9263e-01 +2.5702e+00 +2.0149e+00
10247 +6.250026259e-02 +6.250026259e-02 +2.732125003e+02 +2.732125003e+02 -3.6583e+00 +3.7567e+00 -4.8219e-01 +2.5763e+00 +2.0182e+00
10530 +2.139527490e-02 +2.139527490e-02 +2.731713953e+02 +2.731713953e+02 -3.5615e+00 +3.7551e+00 -4.7487e-01 +2.5660e+00 +2.0040e+00
10708 +1.180944008e-02 +1.180944008e-02 +2.731618094e+02 +2.731618094e+02 -3.5950e+00 +3.7530e+00 -4.7895e-01 +2.5708e+00 +2.0101e+00
10882 +8.425246070e-03 +8.425246070e-03 +2.731584252e+02 +2.731584252e+02 -3.5866e+00 +3.7540e+00 -4.8035e-01 +2.5686e+00 +2.0095e+00
11032 +4.733325245e-03 +4.733325245e-03 +2.731547333e+02 +2.731547333e+02 -3.5871e+00 +3.7536e+00 -4.7912e-01 +2.5701e+00 +2.0093e+00
11092 +3.338163015e-03 +3.338163015e-03 +2.731533382e+02 +2.731533382e+02 -3.5791e+00 +3.7534e+00 -4.7877e-01 +2.5686e+00 +2.0082e+00
11153 +2.038179412e-03 +2.038179412e-03 +2.731520382e+02 +2.731520382e+02 -3.5790e+00 +3.7534e+00 -4.7839e-01 +2.5685e+00 +2.0081e+00
11235 +1.371015958e-03 +1.371015958e-03 +2.731513710e+02 +2.731513710e+02 -3.5816e+00 +3.7538e+00 -4.7886e-01 +2.5690e+00 +2.0083e+00
11346 +9.861334539e-04 +9.861334539e-04 +2.731509861e+02 +2.731509861e+02 -3.5793e+00 +3.7537e+00 -4.7825e-01 +2.5688e+00 +2.0079e+00
11485 +6.212436919e-04 +6.212436919e-04 +2.731506212e+02 +2.731506212e+02 -3.5798e+00 +3.7537e+00 -4.7881e-01 +2.5687e+00 +2.0081e+00
11564 +2.800642565e-04 +2.800642565e-04 +2.731502801e+02 +2.731502801e+02 -3.5790e+00 +3.7536e+00 -4.7836e-01 +2.5688e+00 +2.0080e+00
11662 +2.254685872e-04 +2.254685872e-04 +2.731502255e+02 +2.731502255e+02 -3.5795e+00 +3.7536e+00 -4.7843e-01 +2.5688e+00 +2.0080e+00
11726 +1.547725560e-04 +1.547725560e-04 +2.731501548e+02 +2.731501548e+02 -3.5794e+00 +3.7536e+00 -4.7841e-01 +2.5688e+00 +2.0080e+00
11775 +8.008851489e-05 +8.008851489e-05 +2.731500801e+02 +2.731500801e+02 -3.5792e+00 +3.7536e+00 -4.7841e-01 +2.5688e+00 +2.0080e+00
11846 +3.243636513e-05 +3.243636513e-05 +2.731500324e+02 +2.731500324e+02 -3.5792e+00 +3.7536e+00 -4.7839e-01 +2.5688e+00 +2.0080e+00
12139 +2.212669017e-05 +2.212669017e-05 +2.731500221e+02 +2.731500221e+02 -3.5792e+00 +3.7536e+00 -4.7840e-01 +2.5688e+00 +2.0080e+00
12324 +1.536658789e-05 +1.536658789e-05 +2.731500154e+02 +2.731500154e+02 -3.5792e+00 +3.7536e+00 -4.7840e-01 +2.5688e+00 +2.0080e+00
12353 +5.037589517e-06 +5.037589517e-06 +2.731500050e+02 +2.731500050e+02 -3.5792e+00 +3.7536e+00 -4.7840e-01 +2.5688e+00 +2.0080e+00
12454 +3.588482627e-06 +3.588482627e-06 +2.731500036e+02 +2.731500036e+02 -3.5792e+00 +3.7536e+00 -4.7840e-01 +2.5688e+00 +2.0080e+00
12532 +1.946967245e-06 +1.946967245e-06 +2.731500019e+02 +2.731500019e+02 -3.5792e+00 +3.7536e+00 -4.7840e-01 +2.5688e+00 +2.0080e+00
12559 +1.003332045e-06 +1.003332045e-06 +2.731500010e+02 +2.731500010e+02 -3.5792e+00 +3.7536e+00 -4.7840e-01 +2.5688e+00 +2.0080e+00
12616 +8.884007343e-07 +8.884007343e-07 +2.731500009e+02 +2.731500009e+02 -3.5792e+00 +3.7536e+00 -4.7840e-01 +2.5688e+00 +2.0080e+00
12703 +5.669265306e-07 +5.669265306e-07 +2.731500006e+02 +2.731500006e+02 -3.5792e+00 +3.7536e+00 -4.7840e-01 +2.5688e+00 +2.0080e+00
12953 +2.544833251e-07 +2.544833251e-07 +2.731500003e+02 +2.731500003e+02 -3.5792e+00 +3.7536e+00 -4.7840e-01 +2.5688e+00 +2.0080e+00
13033 +2.492885187e-07 +2.492885187e-07 +2.731500002e+02 +2.731500002e+02 -3.5792e+00 +3.7536e+00 -4.7840e-01 +2.5688e+00 +2.0080e+00
13115 +1.410784876e-07 +1.410784876e-07 +2.731500001e+02 +2.731500001e+02 -3.5792e+00 +3.7536e+00 -4.7840e-01 +2.5688e+00 +2.0080e+00
13354 +5.144909210e-08 +5.144909210e-08 +2.731500001e+02 +2.731500001e+02 -3.5792e+00 +3.7536e+00 -4.7840e-01 +2.5688e+00 +2.0080e+00
13467 +2.826595846e-08 +2.826595846e-08 +2.731500000e+02 +2.731500000e+02 -3.5792e+00 +3.7536e+00 -4.7840e-01 +2.5688e+00 +2.0080e+00
13546 +2.284468792e-08 +2.284468792e-08 +2.731500000e+02 +2.731500000e+02 -3.5792e+00 +3.7536e+00 -4.7840e-01 +2.5688e+00 +2.0080e+00
13615 +1.447216391e-08 +1.447216391e-08 +2.731500000e+02 +2.731500000e+02 -3.5792e+00 +3.7536e+00 -4.7840e-01 +2.5688e+00 +2.0080e+00
13635 +8.543679542e-09 +8.543679542e-09 +2.731500000e+02 +2.731500000e+02 -3.5792e+00 +3.7536e+00 -4.7840e-01 +2.5688e+00 +2.0080e+00
% function evaluation | noise-free fitness - Fopt (2.731500000000e+02) | best noise-free fitness - Fopt | measured fitness | best measured fitness | x1 | x2...
1 +6.927462113e+01 +6.927462113e+01 +3.424246211e+02 +3.424246211e+02 +2.6478e+00 +2.1495e+00 -2.5756e+00 +3.7524e+00 +3.6911e+00
2 +3.770766087e+01 +3.770766087e+01 +3.108576609e+02 +3.108576609e+02 +3.9544e+00 +5.2972e-01 -8.3909e-01 +3.8694e+00 +4.5107e+00
33 +2.374628279e+01 +2.374628279e+01 +2.968962828e+02 +2.968962828e+02 -8.1837e-01 +3.1554e+00 -7.3424e-01 +4.6278e-01 +2.0275e+00
73 +1.513270874e+01 +1.513270874e+01 +2.882827087e+02 +2.882827087e+02 -2.0839e+00 +4.0179e+00 -2.7992e+00 +1.4601e+00 +1.3752e+00
97 +6.678770045e+00 +6.678770045e+00 +2.798287700e+02 +2.798287700e+02 -3.2416e+00 +3.8173e+00 -9.8637e-01 +1.1866e+00 +1.8606e+00
111 +5.870789217e+00 +5.870789217e+00 +2.790207892e+02 +2.790207892e+02 +2.2677e-01 +4.4131e+00 +1.6510e-01 +2.1802e+00 +1.1972e+00
175 +3.963421708e+00 +3.963421708e+00 +2.771134217e+02 +2.771134217e+02 -2.0091e+00 +3.9421e+00 -7.1683e-01 +2.1376e+00 +1.4824e+00
255 +2.432803386e+00 +2.432803386e+00 +2.755828034e+02 +2.755828034e+02 -2.0096e+00 +3.9356e+00 -7.0473e-01 +2.1297e+00 +1.7520e+00
259 +1.577377188e+00 +1.577377188e+00 +2.747273772e+02 +2.747273772e+02 -1.8128e+00 +3.9336e+00 -4.0570e-01 +2.1775e+00 +1.5850e+00
348 +9.571178805e-01 +9.571178805e-01 +2.741071179e+02 +2.741071179e+02 -1.8486e+00 +3.8449e+00 -4.7074e-01 +2.2409e+00 +1.6839e+00
471 +5.314682688e-01 +5.314682688e-01 +2.736814683e+02 +2.736814683e+02 -1.8768e+00 +3.8350e+00 -4.7379e-01 +2.2202e+00 +1.6689e+00
639 +3.670187429e-01 +3.670187429e-01 +2.735170187e+02 +2.735170187e+02 -1.8746e+00 +3.8475e+00 -4.7583e-01 +2.2108e+00 +1.6604e+00
9897 +9.905598028e-02 +9.905598028e-02 +2.732490560e+02 +2.732490560e+02 -3.6362e+00 +3.7585e+00 -4.8245e-01 +2.5821e+00 +2.0209e+00
10174 +5.960596081e-02 +5.960596081e-02 +2.732096060e+02 +2.732096060e+02 -3.6725e+00 +3.7551e+00 -4.8106e-01 +2.5805e+00 +2.0188e+00
10315 +3.462147224e-02 +3.462147224e-02 +2.731846215e+02 +2.731846215e+02 -3.5876e+00 +3.7524e+00 -4.8445e-01 +2.5654e+00 +2.0082e+00
10411 +1.882559894e-02 +1.882559894e-02 +2.731688256e+02 +2.731688256e+02 -3.6068e+00 +3.7533e+00 -4.8213e-01 +2.5723e+00 +2.0128e+00
10414 +1.351017791e-02 +1.351017791e-02 +2.731635102e+02 +2.731635102e+02 -3.5826e+00 +3.7549e+00 -4.8181e-01 +2.5678e+00 +2.0095e+00
10648 +8.520781765e-03 +8.520781765e-03 +2.731585208e+02 +2.731585208e+02 -3.5789e+00 +3.7539e+00 -4.7834e-01 +2.5679e+00 +2.0078e+00
10690 +5.972932876e-03 +5.972932876e-03 +2.731559729e+02 +2.731559729e+02 -3.5749e+00 +3.7543e+00 -4.8072e-01 +2.5667e+00 +2.0071e+00
10850 +2.723188758e-03 +2.723188758e-03 +2.731527232e+02 +2.731527232e+02 -3.5780e+00 +3.7535e+00 -4.7840e-01 +2.5687e+00 +2.0080e+00
10925 +1.294310959e-03 +1.294310959e-03 +2.731512943e+02 +2.731512943e+02 -3.5789e+00 +3.7537e+00 -4.7810e-01 +2.5688e+00 +2.0079e+00
11075 +5.775176718e-04 +5.775176718e-04 +2.731505775e+02 +2.731505775e+02 -3.5783e+00 +3.7537e+00 -4.7848e-01 +2.5686e+00 +2.0078e+00
11244 +2.649413566e-04 +2.649413566e-04 +2.731502649e+02 +2.731502649e+02 -3.5793e+00 +3.7536e+00 -4.7832e-01 +2.5688e+00 +2.0080e+00
11332 +2.133693880e-04 +2.133693880e-04 +2.731502134e+02 +2.731502134e+02 -3.5792e+00 +3.7536e+00 -4.7839e-01 +2.5688e+00 +2.0080e+00
11457 +8.908018975e-05 +8.908018975e-05 +2.731500891e+02 +2.731500891e+02 -3.5792e+00 +3.7536e+00 -4.7838e-01 +2.5688e+00 +2.0080e+00
11651 +6.014274402e-05 +6.014274402e-05 +2.731500601e+02 +2.731500601e+02 -3.5792e+00 +3.7536e+00 -4.7840e-01 +2.5688e+00 +2.0080e+00
11652 +3.760395799e-05 +3.760395799e-05 +2.731500376e+02 +2.731500376e+02 -3.5791e+00 +3.7536e+00 -4.7840e-01 +2.5688e+00 +2.0080e+00
11872 +2.346761164e-05 +2.346761164e-05 +2.731500235e+02 +2.731500235e+02 -3.5792e+00 +3.7536e+00 -4.7840e-01 +2.5688e+00 +2.0080e+00
12033 +1.201499197e-05 +1.201499197e-05 +2.731500120e+02 +2.731500120e+02 -3.5792e+00 +3.7536e+00 -4.7840e-01 +2.5688e+00 +2.0080e+00
12244 +8.773600257e-06 +8.773600257e-06 +2.731500088e+02 +2.731500088e+02 -3.5792e+00 +3.7536e+00 -4.7840e-01 +2.5688e+00 +2.0080e+00
12353 +5.929141651e-06 +5.929141651e-06 +2.731500059e+02 +2.731500059e+02 -3.5792e+00 +3.7536e+00 -4.7840e-01 +2.5688e+00 +2.0080e+00
12414 +3.164561633e-06 +3.164561633e-06 +2.731500032e+02 +2.731500032e+02 -3.5792e+00 +3.7536e+00 -4.7840e-01 +2.5688e+00 +2.0080e+00
12459 +2.002116958e-06 +2.002116958e-06 +2.731500020e+02 +2.731500020e+02 -3.5792e+00 +3.7536e+00 -4.7840e-01 +2.5688e+00 +2.0080e+00
12470 +1.304491718e-06 +1.304491718e-06 +2.731500013e+02 +2.731500013e+02 -3.5792e+00 +3.7536e+00 -4.7840e-01 +2.5688e+00 +2.0080e+00
12580 +9.824258882e-07 +9.824258882e-07 +2.731500010e+02 +2.731500010e+02 -3.5792e+00 +3.7536e+00 -4.7840e-01 +2.5688e+00 +2.0080e+00
12611 +5.774214742e-07 +5.774214742e-07 +2.731500006e+02 +2.731500006e+02 -3.5792e+00 +3.7536e+00 -4.7840e-01 +2.5688e+00 +2.0080e+00
12805 +3.587933293e-07 +3.587933293e-07 +2.731500004e+02 +2.731500004e+02 -3.5792e+00 +3.7536e+00 -4.7840e-01 +2.5688e+00 +2.0080e+00
12994 +2.111015647e-07 +2.111015647e-07 +2.731500002e+02 +2.731500002e+02 -3.5792e+00 +3.7536e+00 -4.7840e-01 +2.5688e+00 +2.0080e+00
13036 +1.578771958e-07 +1.578771958e-07 +2.731500002e+02 +2.731500002e+02 -3.5792e+00 +3.7536e+00 -4.7840e-01 +2.5688e+00 +2.0080e+00
13156 +7.472704056e-08 +7.472704056e-08 +2.731500001e+02 +2.731500001e+02 -3.5792e+00 +3.7536e+00 -4.7840e-01 +2.5688e+00 +2.0080e+00
13189 +3.868291287e-08 +3.868291287e-08 +2.731500000e+02 +2.731500000e+02 -3.5792e+00 +3.7536e+00 -4.7840e-01 +2.5688e+00 +2.0080e+00
13298 +2.087045914e-08 +2.087045914e-08 +2.731500000e+02 +2.731500000e+02 -3.5792e+00 +3.7536e+00 -4.7840e-01 +2.5688e+00 +2.0080e+00
13449 +6.561663213e-09 +6.561663213e-09 +2.731500000e+02 +2.731500000e+02 -3.5792e+00 +3.7536e+00 -4.7840e-01 +2.5688e+00 +2.0080e+00
13470 +3.221884981e-09 +3.221884981e-09 +2.731500000e+02 +2.731500000e+02 -3.5792e+00 +3.7536e+00 -4.7840e-01 +2.5688e+00 +2.0080e+00
% function evaluation | noise-free fitness - Fopt (3.718000000000e+01) | best noise-free fitness - Fopt | measured fitness | best measured fitness | x1 | x2...
1 +2.127526401e+02 +2.127526401e+02 +2.499326401e+02 +2.499326401e+02 -2.4186e+00 -2.1430e+00 -3.2113e+00 -1.7541e+00 -1.8524e+00
7 +7.388698156e+01 +7.388698156e+01 +1.110669816e+02 +1.110669816e+02 -5.9032e+00 -2.0399e+00 -1.7096e+00 -3.9632e-01 -5.6460e+00
12 +5.798340737e+01 +5.798340737e+01 +9.516340737e+01 +9.516340737e+01 -4.0544e+00 -3.1309e+00 -2.3612e+00 +2.2945e+00 -6.0608e+00
25 +3.199808720e+01 +3.199808720e+01 +6.917808720e+01 +6.917808720e+01 -2.5273e+00 -2.7606e+00 -1.9665e+00 +2.3602e+00 -5.0722e+00
115 +1.429595264e+01 +1.429595264e+01 +5.147595264e+01 +5.147595264e+01 -1.2009e+00 -1.9417e+00 +1.2668e+00 +1.6951e+00 -3.3287e+00
194 +9.112900125e+00 +9.112900125e+00 +4.629290013e+01 +4.629290013e+01 -1.1830e+00 -9.1041e-01 +3.5163e+00 +1.4549e+00 -2.5405e+00
269 +3.869069314e+00 +3.869069314e+00 +4.104906931e+01 +4.104906931e+01 -2.0374e+00 +7.2665e-01 +3.5426e+00 +1.2930e+00 -2.6842e+00
377 +2.358404433e+00 +2.358404433e+00 +3.953840443e+01 +3.953840443e+01 -2.1901e+00 +1.2054e+00 +3.6895e+00 +1.1073e+00 -2.8896e+00
486 +1.308536744e+00 +1.308536744e+00 +3.848853674e+01 +3.848853674e+01 -2.1629e+00 +1.2017e+00 +3.7828e+00 +1.1365e+00 -2.7684e+00
639 +9.453210027e-01 +9.453210027e-01 +3.812532100e+01 +3.812532100e+01 -2.1707e+00 +1.2190e+00 +3.7545e+00 +1.1184e+00 -2.7526e+00
3582 +6.045427524e-01 +6.045427524e-01 +3.778454275e+01 +3.778454275e+01 -3.3740e+00 +1.9009e+00 +2.6961e+00 +1.3856e+00 -3.2655e+00
3722 +3.663565115e-01 +3.663565115e-01 +3.754635651e+01 +3.754635651e+01 -3.4910e+00 +1.9931e+00 +2.5812e+00 +1.4468e+00 -3.3376e+00
3772 +2.414708334e-01 +2.414708334e-01 +3.742147083e+01 +3.742147083e+01 -3.5256e+00 +2.0430e+00 +2.6145e+00 +1.4094e+00 -3.3154e+00
3874 +1.356829780e-01 +1.356829780e-01 +3.731568298e+01 +3.731568298e+01 -3.4915e+00 +1.9960e+00 +2.6102e+00 +1.4198e+00 -3.3260e+00
4061 +8.646448942e-02 +8.646448942e-02 +3.726646449e+01 +3.726646449e+01 -3.5018e+00 +2.0031e+00 +2.6045e+00 +1.4217e+00 -3.3292e+00
4270 +6.263610574e-02 +6.263610574e-02 +3.724263611e+01 +3.724263611e+01 -3.4990e+00 +1.9996e+00 +2.6047e+00 +1.4217e+00 -3.3281e+00
8425 +2.790478352e-02 +2.790478352e-02 +3.720790478e+01 +3.720790478e+01 -3.9020e+00 +2.0640e+00 +2.0358e+00 +1.6088e+00 -3.5329e+00
8441 +1.956809194e-02 +1.956809194e-02 +3.719956809e+01 +3.719956809e+01 -3.8967e+00 +2.0568e+00 +2.0398e+00 +1.6102e+00 -3.5317e+00
8669 +1.326134538e-02 +1.326134538e-02 +3.719326135e+01 +3.719326135e+01 -3.9022e+00 +2.0611e+00 +2.0352e+00 +1.6109e+00 -3.5345e+00
8714 +8.067194499e-03 +8.067194499e-03 +3.718806719e+01 +3.718806719e+01 -3.9086e+00 +2.0619e+00 +2.0276e+00 +1.6125e+00 -3.5360e+00
8809 +5.196222071e-03 +5.196222071e-03 +3.718519622e+01 +3.718519622e+01 -3.8969e+00 +2.0572e+00 +2.0405e+00 +1.6098e+00 -3.5328e+00
9089 +1.527641132e-03 +1.527641132e-03 +3.718152764e+01 +3.718152764e+01 -3.8993e+00 +2.0599e+00 +2.0399e+00 +1.6097e+00 -3.5337e+00
9274 +7.441340914e-04 +7.441340914e-04 +3.718074413e+01 +3.718074413e+01 -3.8992e+00 +2.0600e+00 +2.0399e+00 +1.6096e+00 -3.5336e+00
9441 +5.291411065e-04 +5.291411065e-04 +3.718052914e+01 +3.718052914e+01 -3.8992e+00 +2.0600e+00 +2.0400e+00 +1.6096e+00 -3.5336e+00
9468 +3.118655770e-04 +3.118655770e-04 +3.718031187e+01 +3.718031187e+01 -3.8992e+00 +2.0601e+00 +2.0401e+00 +1.6096e+00 -3.5336e+00
9589 +1.702591107e-04 +1.702591107e-04 +3.718017026e+01 +3.718017026e+01 -3.8992e+00 +2.0600e+00 +2.0400e+00 +1.6096e+00 -3.5336e+00
9645 +1.580952615e-04 +1.580952615e-04 +3.718015810e+01 +3.718015810e+01 -3.8992e+00 +2.0600e+00 +2.0400e+00 +1.6096e+00 -3.5336e+00
9825 +9.490260536e-05 +9.490260536e-05 +3.718009490e+01 +3.718009490e+01 -3.8991e+00 +2.0600e+00 +2.0401e+00 +1.6096e+00 -3.5335e+00
10083 +4.149212721e-05 +4.149212721e-05 +3.718004149e+01 +3.718004149e+01 -3.8992e+00 +2.0600e+00 +2.0400e+00 +1.6096e+00 -3.5336e+00
10151 +3.904279551e-05 +3.904279551e-05 +3.718003904e+01 +3.718003904e+01 -3.8992e+00 +2.0600e+00 +2.0400e+00 +1.6096e+00 -3.5336e+00
10220 +2.195482267e-05 +2.195482267e-05 +3.718002195e+01 +3.718002195e+01 -3.8992e+00 +2.0600e+00 +2.0400e+00 +1.6096e+00 -3.5336e+00
10373 +1.462296849e-05 +1.462296849e-05 +3.718001462e+01 +3.718001462e+01 -3.8992e+00 +2.0600e+00 +2.0400e+00 +1.6096e+00 -3.5336e+00
10505 +9.830621906e-06 +9.830621906e-06 +3.718000983e+01 +3.718000983e+01 -3.8992e+00 +2.0600e+00 +2.0400e+00 +1.6096e+00 -3.5336e+00
10535 +5.184311476e-06 +5.184311476e-06 +3.718000518e+01 +3.718000518e+01 -3.8992e+00 +2.0600e+00 +2.0400e+00 +1.6096e+00 -3.5336e+00
10564 +1.958693154e-06 +1.958693154e-06 +3.718000196e+01 +3.718000196e+01 -3.8992e+00 +2.0600e+00 +2.0400e+00 +1.6096e+00 -3.5336e+00
10687 +1.558779573e-06 +1.558779573e-06 +3.718000156e+01 +3.718000156e+01 -3.8992e+00 +2.0600e+00 +2.0400e+00 +1.6096e+00 -3.5336e+00
10775 +7.769404604e-07 +7.769404604e-07 +3.718000078e+01 +3.718000078e+01 -3.8992e+00 +2.0600e+00 +2.0400e+00 +1.6096e+00 -3.5336e+00
10853 +5.916957520e-07 +5.916957520e-07 +3.718000059e+01 +3.718000059e+01 -3.8992e+00 +2.0600e+00 +2.0400e+00 +1.6096e+00 -3.5336e+00
10980 +3.971080886e-07 +3.971080886e-07 +3.718000040e+01 +3.718000040e+01 -3.8992e+00 +2.0600e+00 +2.0400e+00 +1.6096e+00 -3.5336e+00
11111 +1.684974222e-07 +1.684974222e-07 +3.718000017e+01 +3.718000017e+01 -3.8992e+00 +2.0600e+00 +2.0400e+00 +1.6096e+00 -3.5336e+00
11224 +1.580080990e-07 +1.580080990e-07 +3.718000016e+01 +3.718000016e+01 -3.8992e+00 +2.0600e+00 +2.0400e+00 +1.6096e+00 -3.5336e+00
11310 +9.888601937e-08 +9.888601937e-08 +3.718000010e+01 +3.718000010e+01 -3.8992e+00 +2.0600e+00 +2.0400e+00 +1.6096e+00 -3.5336e+00
11431 +5.892203347e-08 +5.892203347e-08 +3.718000006e+01 +3.718000006e+01 -3.8992e+00 +2.0600e+00 +2.0400e+00 +1.6096e+00 -3.5336e+00
11506 +2.199106319e-08 +2.199106319e-08 +3.718000002e+01 +3.718000002e+01 -3.8992e+00 +2.0600e+00 +2.0400e+00 +1.6096e+00 -3.5336e+00
11592 +1.543087791e-08 +1.543087791e-08 +3.718000002e+01 +3.718000002e+01 -3.8992e+00 +2.0600e+00 +2.0400e+00 +1.6096e+00 -3.5336e+00
11737 +9.600768180e-09 +9.600768180e-09 +3.718000001e+01 +3.718000001e+01 -3.8992e+00 +2.0600e+00 +2.0400e+00 +1.6096e+00 -3.5336e+00
% function evaluation | noise-free fitness - Fopt (3.718000000000e+01) | best noise-free fitness - Fopt | measured fitness | best measured fitness | x1 | x2...
1 +7.864432620e+01 +7.864432620e+01 +1.158243262e+02 +1.158243262e+02 +1.4137e+00 -7.7102e-01 +8.2899e-01 +2.1161e-01 -2.7915e+00
4 +1.930889806e+01 +1.930889806e+01 +5.648889806e+01 +5.648889806e+01 +2.0861e-01 -1.6001e+00 +5.1714e+00 +1.5338e+00 -9.1440e-01
28 +1.438566109e+01 +1.438566109e+01 +5.156566109e+01 +5.156566109e+01 -2.3804e+00 -1.3167e+00 +2.3371e+00 +2.3851e+00 -4.7316e+00
98 +5.374833488e+00 +5.374833488e+00 +4.255483349e+01 +4.255483349e+01 -1.7260e+00 +5.0123e-01 +3.6435e+00 +1.0801e+00 -2.5309e+00
158 +3.723675072e+00 +3.723675072e+00 +4.090367507e+01 +4.090367507e+01 -1.7172e+00 +1.0793e+00 +3.9112e+00 +1.2530e+00 -2.5955e+00
257 +1.677855639e+00 +1.677855639e+00 +3.885785564e+01 +3.885785564e+01 -2.0433e+00 +1.3885e+00 +4.0431e+00 +1.0218e+00 -2.7372e+00
288 +1.506193991e+00 +1.506193991e+00 +3.868619399e+01 +3.868619399e+01 -2.1735e+00 +1.3867e+00 +3.9297e+00 +1.0565e+00 -2.7516e+00
358 +7.883918726e-01 +7.883918726e-01 +3.796839187e+01 +3.796839187e+01 -2.1027e+00 +1.7446e+00 +4.4154e+00 +9.0687e-01 -2.6348e+00
618 +6.139085634e-01 +6.139085634e-01 +3.779390856e+01 +3.779390856e+01 -2.0935e+00 +1.4812e+00 +4.1656e+00 +1.0000e+00 -2.6784e+00
3634 +3.647012591e-01 +3.647012591e-01 +3.754470126e+01 +3.754470126e+01 -3.5070e+00 +1.9751e+00 +2.5448e+00 +1.4453e+00 -3.3406e+00
3718 +1.994635917e-01 +1.994635917e-01 +3.737946359e+01 +3.737946359e+01 -3.7523e+00 +2.0860e+00 +2.3165e+00 +1.5177e+00 -3.4293e+00
3767 +1.359803949e-01 +1.359803949e-01 +3.731598039e+01 +3.731598039e+01 -3.7381e+00 +2.0943e+00 +2.3349e+00 +1.5159e+00 -3.4448e+00
3968 +9.105471352e-02 +9.105471352e-02 +3.727105471e+01 +3.727105471e+01 -3.7240e+00 +2.0689e+00 +2.3277e+00 +1.5153e+00 -3.4387e+00
4264 +5.613312607e-02 +5.613312607e-02 +3.723613313e+01 +3.723613313e+01 -3.7072e+00 +2.0327e+00 +2.3147e+00 +1.5178e+00 -3.4344e+00
4411 +3.454123950e-02 +3.454123950e-02 +3.721454124e+01 +3.721454124e+01 -3.7018e+00 +2.0304e+00 +2.3187e+00 +1.5175e+00 -3.4322e+00
4796 +2.492402397e-02 +2.492402397e-02 +3.720492402e+01 +3.720492402e+01 -3.7017e+00 +2.0301e+00 +2.3186e+00 +1.5176e+00 -3.4323e+00
9058 +4.537741739e-03 +4.537741739e-03 +3.718453774e+01 +3.718453774e+01 -3.9001e+00 +2.0610e+00 +2.0397e+00 +1.6094e+00 -3.5335e+00
9324 +3.335981061e-03 +3.335981061e-03 +3.718333598e+01 +3.718333598e+01 -3.9002e+00 +2.0597e+00 +2.0378e+00 +1.6100e+00 -3.5341e+00
9348 +1.542611804e-03 +1.542611804e-03 +3.718154261e+01 +3.718154261e+01 -3.8989e+00 +2.0599e+00 +2.0408e+00 +1.6092e+00 -3.5334e+00
9619 +8.793955128e-04 +8.793955128e-04 +3.718087940e+01 +3.718087940e+01 -3.8999e+00 +2.0603e+00 +2.0393e+00 +1.6098e+00 -3.5339e+00
9728 +5.580308917e-04 +5.580308917e-04 +3.718055803e+01 +3.718055803e+01 -3.8991e+00 +2.0600e+00 +2.0402e+00 +1.6096e+00 -3.5335e+00
9829 +2.596566822e-04 +2.596566822e-04 +3.718025966e+01 +3.718025966e+01 -3.8992e+00 +2.0599e+00 +2.0400e+00 +1.6096e+00 -3.5336e+00
9916 +2.086143777e-04 +2.086143777e-04 +3.718020861e+01 +3.718020861e+01 -3.8992e+00 +2.0600e+00 +2.0400e+00 +1.6096e+00 -3.5336e+00
9951 +1.511415317e-04 +1.511415317e-04 +3.718015114e+01 +3.718015114e+01 -3.8992e+00 +2.0600e+00 +2.0400e+00 +1.6096e+00 -3.5336e+00
9955 +8.494517452e-05 +8.494517452e-05 +3.718008495e+01 +3.718008495e+01 -3.8992e+00 +2.0600e+00 +2.0400e+00 +1.6096e+00 -3.5336e+00
10086 +3.315072560e-05 +3.315072560e-05 +3.718003315e+01 +3.718003315e+01 -3.8992e+00 +2.0600e+00 +2.0400e+00 +1.6096e+00 -3.5336e+00
10282 +2.300687490e-05 +2.300687490e-05 +3.718002301e+01 +3.718002301e+01 -3.8992e+00 +2.0600e+00 +2.0400e+00 +1.6096e+00 -3.5336e+00
10335 +1.403517958e-05 +1.403517958e-05 +3.718001404e+01 +3.718001404e+01 -3.8992e+00 +2.0600e+00 +2.0400e+00 +1.6096e+00 -3.5336e+00
10673 +5.915049613e-06 +5.915049613e-06 +3.718000592e+01 +3.718000592e+01 -3.8992e+00 +2.0600e+00 +2.0400e+00 +1.6096e+00 -3.5336e+00
10793 +3.555387224e-06 +3.555387224e-06 +3.718000356e+01 +3.718000356e+01 -3.8992e+00 +2.0600e+00 +2.0400e+00 +1.6096e+00 -3.5336e+00
10868 +1.244589271e-06 +1.244589271e-06 +3.718000124e+01 +3.718000124e+01 -3.8992e+00 +2.0600e+00 +2.0400e+00 +1.6096e+00 -3.5336e+00
11051 +8.286619391e-07 +8.286619391e-07 +3.718000083e+01 +3.718000083e+01 -3.8992e+00 +2.0600e+00 +2.0400e+00 +1.6096e+00 -3.5336e+00
11161 +5.621579362e-07 +5.621579362e-07 +3.718000056e+01 +3.718000056e+01 -3.8992e+00 +2.0600e+00 +2.0400e+00 +1.6096e+00 -3.5336e+00
11245 +3.786753666e-07 +3.786753666e-07 +3.718000038e+01 +3.718000038e+01 -3.8992e+00 +2.0600e+00 +2.0400e+00 +1.6096e+00 -3.5336e+00
11348 +1.952390605e-07 +1.952390605e-07 +3.718000020e+01 +3.718000020e+01 -3.8992e+00 +2.0600e+00 +2.0400e+00 +1.6096e+00 -3.5336e+00
11521 +1.075979270e-07 +1.075979270e-07 +3.718000011e+01 +3.718000011e+01 -3.8992e+00 +2.0600e+00 +2.0400e+00 +1.6096e+00 -3.5336e+00
11624 +8.100998627e-08 +8.100998627e-08 +3.718000008e+01 +3.718000008e+01 -3.8992e+00 +2.0600e+00 +2.0400e+00 +1.6096e+00 -3.5336e+00
11651 +4.499462136e-08 +4.499462136e-08 +3.718000004e+01 +3.718000004e+01 -3.8992e+00 +2.0600e+00 +2.0400e+00 +1.6096e+00 -3.5336e+00
11777 +3.775794966e-08 +3.775794966e-08 +3.718000004e+01 +3.718000004e+01 -3.8992e+00 +2.0600e+00 +2.0400e+00 +1.6096e+00 -3.5336e+00
11889 +2.484699024e-08 +2.484699024e-08 +3.718000002e+01 +3.718000002e+01 -3.8992e+00 +2.0600e+00 +2.0400e+00 +1.6096e+00 -3.5336e+00
11899 +1.060686117e-08 +1.060686117e-08 +3.718000001e+01 +3.718000001e+01 -3.8992e+00 +2.0600e+00 +2.0400e+00 +1.6096e+00 -3.5336e+00
11972 +9.370779708e-09 +9.370779708e-09 +3.718000001e+01 +3.718000001e+01 -3.8992e+00 +2.0600e+00 +2.0400e+00 +1.6096e+00 -3.5336e+00
% function evaluation | noise-free fitness - Fopt (3.718000000000e+01) | best noise-free fitness - Fopt | measured fitness | best measured fitness | x1 | x2...
1 +2.012271240e+02 +2.012271240e+02 +2.384071240e+02 +2.384071240e+02 +1.5543e+00 -3.9083e+00 -3.2213e+00 +3.2342e+00 -2.7874e+00
5 +1.312501511e+02 +1.312501511e+02 +1.684301511e+02 +1.684301511e+02 +3.5928e+00 -6.2372e+00 -3.0251e+00 +1.6959e+00 -3.3781e+00
8 +8.727767727e+01 +8.727767727e+01 +1.244576773e+02 +1.244576773e+02 +2.6435e+00 -2.2746e+00 -1.0797e+00 +4.9340e+00 -2.3770e+00
18 +5.258827992e+01 +5.258827992e+01 +8.976827992e+01 +8.976827992e+01 +2.1560e+00 +1.4864e-01 +7.5381e-01 +5.0178e+00 -2.9974e+00
32 +2.919732527e+01 +2.919732527e+01 +6.637732527e+01 +6.637732527e+01 -2.1321e+00 +2.2246e+00 +9.4040e-01 +1.6855e+00 -4.2017e+00
51 +1.977627040e+01 +1.977627040e+01 +5.695627040e+01 +5.695627040e+01 -3.7011e-01 +7.9405e-01 +2.8767e+00 +1.8338e+00 -2.1172e+00
98 +1.013145443e+01 +1.013145443e+01 +4.731145443e+01 +4.731145443e+01 -3.1056e+00 +2.0618e+00 +2.2925e+00 +1.8986e+00 -4.0398e+00
131 +5.918342519e+00 +5.918342519e+00 +4.309834252e+01 +4.309834252e+01 -2.8363e+00 +1.1067e+00 +2.5778e+00 +1.5929e+00 -3.3389e+00
186 +2.778027726e+00 +2.778027726e+00 +3.995802773e+01 +3.995802773e+01 -4.3350e+00 +2.8986e+00 +1.8881e+00 +1.7403e+00 -3.7384e+00
207 +1.899596655e+00 +1.899596655e+00 +3.907959666e+01 +3.907959666e+01 -3.2091e+00 +2.1114e+00 +3.0005e+00 +1.4407e+00 -3.2080e+00
278 +1.416563017e+00 +1.416563017e+00 +3.859656302e+01 +3.859656302e+01 -3.4153e+00 +2.2561e+00 +3.0327e+00 +1.3003e+00 -3.3497e+00
324 +9.757357319e-01 +9.757357319e-01 +3.815573573e+01 +3.815573573e+01 -3.3444e+00 +2.0285e+00 +2.7971e+00 +1.2669e+00 -3.2274e+00
341 +5.961883135e-01 +5.961883135e-01 +3.777618831e+01 +3.777618831e+01 -3.3105e+00 +2.0209e+00 +2.8220e+00 +1.4109e+00 -3.2506e+00
408 +3.091063772e-01 +3.091063772e-01 +3.748910638e+01 +3.748910638e+01 -3.3697e+00 +2.0291e+00 +2.8529e+00 +1.3358e+00 -3.2520e+00
493 +2.354359950e-01 +2.354359950e-01 +3.741543600e+01 +3.741543600e+01 -3.3434e+00 +1.9719e+00 +2.8249e+00 +1.3424e+00 -3.2371e+00
586 +1.232771972e-01 +1.232771972e-01 +3.730327720e+01 +3.730327720e+01 -3.3381e+00 +1.9764e+00 +2.8299e+00 +1.3486e+00 -3.2469e+00
728 +9.990396632e-02 +9.990396632e-02 +3.727990397e+01 +3.727990397e+01 -3.3360e+00 +1.9753e+00 +2.8314e+00 +1.3488e+00 -3.2462e+00
9158 +5.206377175e-02 +5.206377175e-02 +3.723206377e+01 +3.723206377e+01 -3.9182e+00 +2.0661e+00 +2.0115e+00 +1.6156e+00 -3.5383e+00
9208 +2.379884356e-02 +2.379884356e-02 +3.720379884e+01 +3.720379884e+01 -3.9172e+00 +2.0673e+00 +2.0199e+00 +1.6147e+00 -3.5388e+00
9418 +1.419034077e-02 +1.419034077e-02 +3.719419034e+01 +3.719419034e+01 -3.8963e+00 +2.0607e+00 +2.0460e+00 +1.6073e+00 -3.5291e+00
9456 +9.361380928e-03 +9.361380928e-03 +3.718936138e+01 +3.718936138e+01 -3.9045e+00 +2.0618e+00 +2.0343e+00 +1.6109e+00 -3.5357e+00
9571 +3.578169278e-03 +3.578169278e-03 +3.718357817e+01 +3.718357817e+01 -3.9011e+00 +2.0600e+00 +2.0375e+00 +1.6101e+00 -3.5345e+00
9805 +1.906428340e-03 +1.906428340e-03 +3.718190643e+01 +3.718190643e+01 -3.8992e+00 +2.0603e+00 +2.0405e+00 +1.6094e+00 -3.5336e+00
9963 +1.359523154e-03 +1.359523154e-03 +3.718135952e+01 +3.718135952e+01 -3.8991e+00 +2.0596e+00 +2.0397e+00 +1.6097e+00 -3.5337e+00
10047 +9.587276407e-04 +9.587276407e-04 +3.718095873e+01 +3.718095873e+01 -3.8992e+00 +2.0601e+00 +2.0401e+00 +1.6096e+00 -3.5334e+00
10128 +5.185642257e-04 +5.185642257e-04 +3.718051856e+01 +3.718051856e+01 -3.8992e+00 +2.0599e+00 +2.0399e+00 +1.6097e+00 -3.5336e+00
10279 +3.334960197e-04 +3.334960197e-04 +3.718033350e+01 +3.718033350e+01 -3.8992e+00 +2.0600e+00 +2.0400e+00 +1.6096e+00 -3.5336e+00
10368 +2.500449499e-04 +2.500449499e-04 +3.718025004e+01 +3.718025004e+01 -3.8993e+00 +2.0600e+00 +2.0399e+00 +1.6096e+00 -3.5336e+00
10453 +1.482987270e-04 +1.482987270e-04 +3.718014830e+01 +3.718014830e+01 -3.8992e+00 +2.0600e+00 +2.0400e+00 +1.6096e+00 -3.5336e+00
10504 +5.194158999e-05 +5.194158999e-05 +3.718005194e+01 +3.718005194e+01 -3.8992e+00 +2.0600e+00 +2.0400e+00 +1.6096e+00 -3.5336e+00
10632 +3.194193903e-05 +3.194193903e-05 +3.718003194e+01 +3.718003194e+01 -3.8992e+00 +2.0600e+00 +2.0400e+00 +1.6096e+00 -3.5336e+00
10753 +2.426125627e-05 +2.426125627e-05 +3.718002426e+01 +3.718002426e+01 -3.8992e+00 +2.0600e+00 +2.0400e+00 +1.6096e+00 -3.5336e+00
10890 +1.196124526e-05 +1.196124526e-05 +3.718001196e+01 +3.718001196e+01 -3.8992e+00 +2.0600e+00 +2.0400e+00 +1.6096e+00 -3.5336e+00
11088 +6.455317497e-06 +6.455317497e-06 +3.718000646e+01 +3.718000646e+01 -3.8992e+00 +2.0600e+00 +2.0400e+00 +1.6096e+00 -3.5336e+00
11232 +5.068810061e-06 +5.068810061e-06 +3.718000507e+01 +3.718000507e+01 -3.8992e+00 +2.0600e+00 +2.0400e+00 +1.6096e+00 -3.5336e+00
11392 +3.872836984e-06 +3.872836984e-06 +3.718000387e+01 +3.718000387e+01 -3.8992e+00 +2.0600e+00 +2.0400e+00 +1.6096e+00 -3.5336e+00
12012 +2.295576856e-06 +2.295576856e-06 +3.718000230e+01 +3.718000230e+01 -3.8992e+00 +2.0600e+00 +2.0400e+00 +1.6096e+00 -3.5336e+00
24205 +1.361909696e-06 +1.361909696e-06 +3.718000136e+01 +3.718000136e+01 -3.8992e+00 +2.0600e+00 +2.0400e+00 +1.6096e+00 -3.5336e+00
24271 +6.869040305e-07 +6.869040305e-07 +3.718000069e+01 +3.718000069e+01 -3.8992e+00 +2.0600e+00 +2.0400e+00 +1.6096e+00 -3.5336e+00
24637 +5.995056611e-07 +5.995056611e-07 +3.718000060e+01 +3.718000060e+01 -3.8992e+00 +2.0600e+00 +2.0400e+00 +1.6096e+00 -3.5336e+00
24804 +3.763589760e-07 +3.763589760e-07 +3.718000038e+01 +3.718000038e+01 -3.8992e+00 +2.0600e+00 +2.0400e+00 +1.6096e+00 -3.5336e+00
25052 +2.416994533e-07 +2.416994533e-07 +3.718000024e+01 +3.718000024e+01 -3.8992e+00 +2.0600e+00 +2.0400e+00 +1.6096e+00 -3.5336e+00
25155 +1.328193022e-07 +1.328193022e-07 +3.718000013e+01 +3.718000013e+01 -3.8992e+00 +2.0600e+00 +2.0400e+00 +1.6096e+00 -3.5336e+00
25288 +9.409740898e-08 +9.409740898e-08 +3.718000009e+01 +3.718000009e+01 -3.8992e+00 +2.0600e+00 +2.0400e+00 +1.6096e+00 -3.5336e+00
25419 +4.018490074e-08 +4.018490074e-08 +3.718000004e+01 +3.718000004e+01 -3.8992e+00 +2.0600e+00 +2.0400e+00 +1.6096e+00 -3.5336e+00
25523 +3.622356104e-08 +3.622356104e-08 +3.718000004e+01 +3.718000004e+01 -3.8992e+00 +2.0600e+00 +2.0400e+00 +1.6096e+00 -3.5336e+00
25611 +1.466987243e-08 +1.466987243e-08 +3.718000001e+01 +3.718000001e+01 -3.8992e+00 +2.0600e+00 +2.0400e+00 +1.6096e+00 -3.5336e+00
25772 +9.688555735e-09 +9.688555735e-09 +3.718000001e+01 +3.718000001e+01 -3.8992e+00 +2.0600e+00 +2.0400e+00 +1.6096e+00 -3.5336e+00
25820 +2.296971502e-09 +2.296971502e-09 +3.718000000e+01 +3.718000000e+01 -3.8992e+00 +2.0600e+00 +2.0400e+00 +1.6096e+00 -3.5336e+00
% function evaluation | noise-free fitness - Fopt (-1.479000000000e+02) | best noise-free fitness - Fopt | measured fitness | best measured fitness | x1 | x2...
1 +4.675861681e+01 +4.675861681e+01 -1.011413832e+02 -1.011413832e+02 +2.9383e+00 +1.6679e+00 -7.3192e-01 +7.2644e-01 -3.1645e+00
9 +2.789138989e+01 +2.789138989e+01 -1.200086101e+02 -1.200086101e+02 +9.0006e-01 +1.8960e+00 +7.6724e-01 -8.0099e-01 -4.6158e+00
40 +1.460674777e+01 +1.460674777e+01 -1.332932522e+02 -1.332932522e+02 -5.6334e-01 +2.3997e+00 -2.7092e-01 -3.1016e+00 -4.2555e+00
87 +4.842085904e+00 +4.842085904e+00 -1.430579141e+02 -1.430579141e+02 -1.6461e+00 +1.7276e+00 -1.4758e+00 -2.9109e+00 -4.8774e+00
203 +3.911690670e+00 +3.911690670e+00 -1.439883093e+02 -1.439883093e+02 -1.7888e+00 +2.3304e+00 -2.6973e+00 -3.1488e+00 -4.5753e+00
293 +1.905096063e+00 +1.905096063e+00 -1.459949039e+02 -1.459949039e+02 -1.7791e+00 +2.1975e+00 -2.6318e+00 -3.1612e+00 -4.8622e+00
490 +1.512061093e+00 +1.512061093e+00 -1.463879389e+02 -1.463879389e+02 -1.8707e+00 +2.2836e+00 -2.7169e+00 -3.0378e+00 -4.8242e+00
4337 +9.730405792e-01 +9.730405792e-01 -1.469269594e+02 -1.469269594e+02 -1.6877e+00 +2.4688e-02 +1.2500e+00 -1.9062e+00 -2.9932e+00
4567 +3.017057627e-01 +3.017057627e-01 -1.475982942e+02 -1.475982942e+02 -1.6855e+00 +3.3341e-01 +7.1189e-01 -2.2132e+00 -3.3557e+00
4701 +2.427225623e-01 +2.427225623e-01 -1.476572774e+02 -1.476572774e+02 -1.6770e+00 +3.3692e-01 +7.4099e-01 -2.2070e+00 -3.3376e+00
4760 +1.148690514e-01 +1.148690514e-01 -1.477851309e+02 -1.477851309e+02 -1.6771e+00 +3.3251e-01 +7.4501e-01 -2.2145e+00 -3.3380e+00
4865 +9.031531104e-02 +9.031531104e-02 -1.478096847e+02 -1.478096847e+02 -1.6807e+00 +3.3234e-01 +7.3423e-01 -2.2144e+00 -3.3449e+00
5002 +6.163654867e-02 +6.163654867e-02 -1.478383635e+02 -1.478383635e+02 -1.6802e+00 +3.3380e-01 +7.3484e-01 -2.2153e+00 -3.3445e+00
5463 +3.771677729e-02 +3.771677729e-02 -1.478622832e+02 -1.478622832e+02 -1.6786e+00 +3.3085e-01 +7.3887e-01 -2.2151e+00 -3.3430e+00
10828 +2.080405903e-02 +2.080405903e-02 -1.478791959e+02 -1.478791959e+02 -1.6721e+00 +1.3269e-01 +1.1322e+00 -2.0203e+00 -3.1093e+00
10926 +1.050420825e-02 +1.050420825e-02 -1.478894958e+02 -1.478894958e+02 -1.6716e+00 +1.3357e-01 +1.1373e+00 -2.0150e+00 -3.1076e+00
11153 +7.091946131e-03 +7.091946131e-03 -1.478929081e+02 -1.478929081e+02 -1.6708e+00 +1.3891e-01 +1.1302e+00 -2.0175e+00 -3.1126e+00
11227 +5.810046310e-03 +5.810046310e-03 -1.478941900e+02 -1.478941900e+02 -1.6703e+00 +1.3628e-01 +1.1352e+00 -2.0158e+00 -3.1103e+00
11331 +3.593079558e-03 +3.593079558e-03 -1.478964069e+02 -1.478964069e+02 -1.6706e+00 +1.3484e-01 +1.1374e+00 -2.0152e+00 -3.1092e+00
11413 +1.895534451e-03 +1.895534451e-03 -1.478981045e+02 -1.478981045e+02 -1.6704e+00 +1.3634e-01 +1.1344e+00 -2.0164e+00 -3.1109e+00
11508 +1.457030715e-03 +1.457030715e-03 -1.478985430e+02 -1.478985430e+02 -1.6703e+00 +1.3500e-01 +1.1373e+00 -2.0150e+00 -3.1095e+00
11654 +6.952048548e-04 +6.952048548e-04 -1.478993048e+02 -1.478993048e+02 -1.6703e+00 +1.3536e-01 +1.1365e+00 -2.0154e+00 -3.1098e+00
11686 +3.625288235e-04 +3.625288235e-04 -1.478996375e+02 -1.478996375e+02 -1.6704e+00 +1.3524e-01 +1.1368e+00 -2.0152e+00 -3.1096e+00
11862 +2.438062732e-04 +2.438062732e-04 -1.478997562e+02 -1.478997562e+02 -1.6704e+00 +1.3512e-01 +1.1370e+00 -2.0151e+00 -3.1095e+00
11880 +9.356542486e-05 +9.356542486e-05 -1.478999064e+02 -1.478999064e+02 -1.6704e+00 +1.3520e-01 +1.1368e+00 -2.0152e+00 -3.1096e+00
12024 +3.228698338e-05 +3.228698338e-05 -1.478999677e+02 -1.478999677e+02 -1.6704e+00 +1.3521e-01 +1.1368e+00 -2.0152e+00 -3.1096e+00
12452 +2.366945591e-05 +2.366945591e-05 -1.478999763e+02 -1.478999763e+02 -1.6704e+00 +1.3521e-01 +1.1368e+00 -2.0152e+00 -3.1096e+00
12526 +1.111409148e-05 +1.111409148e-05 -1.478999889e+02 -1.478999889e+02 -1.6704e+00 +1.3520e-01 +1.1368e+00 -2.0152e+00 -3.1096e+00
12655 +6.546415904e-06 +6.546415904e-06 -1.478999935e+02 -1.478999935e+02 -1.6704e+00 +1.3520e-01 +1.1368e+00 -2.0152e+00 -3.1096e+00
12763 +6.307128075e-06 +6.307128075e-06 -1.478999937e+02 -1.478999937e+02 -1.6704e+00 +1.3520e-01 +1.1368e+00 -2.0152e+00 -3.1096e+00
12864 +2.733012053e-06 +2.733012053e-06 -1.478999973e+02 -1.478999973e+02 -1.6704e+00 +1.3520e-01 +1.1368e+00 -2.0152e+00 -3.1096e+00
12867 +1.960576753e-06 +1.960576753e-06 -1.478999980e+02 -1.478999980e+02 -1.6704e+00 +1.3520e-01 +1.1368e+00 -2.0152e+00 -3.1096e+00
12979 +9.493127209e-07 +9.493127209e-07 -1.478999991e+02 -1.478999991e+02 -1.6704e+00 +1.3520e-01 +1.1368e+00 -2.0152e+00 -3.1096e+00
13147 +5.906672413e-07 +5.906672413e-07 -1.478999994e+02 -1.478999994e+02 -1.6704e+00 +1.3520e-01 +1.1368e+00 -2.0152e+00 -3.1096e+00
13247 +3.627886827e-07 +3.627886827e-07 -1.478999996e+02 -1.478999996e+02 -1.6704e+00 +1.3520e-01 +1.1368e+00 -2.0152e+00 -3.1096e+00
13480 +2.350667501e-07 +2.350667501e-07 -1.478999998e+02 -1.478999998e+02 -1.6704e+00 +1.3520e-01 +1.1368e+00 -2.0152e+00 -3.1096e+00
13516 +1.457729866e-07 +1.457729866e-07 -1.478999999e+02 -1.478999999e+02 -1.6704e+00 +1.3520e-01 +1.1368e+00 -2.0152e+00 -3.1096e+00
13632 +8.269478258e-08 +8.269478258e-08 -1.478999999e+02 -1.478999999e+02 -1.6704e+00 +1.3520e-01 +1.1368e+00 -2.0152e+00 -3.1096e+00
13744 +6.149809906e-08 +6.149809906e-08 -1.478999999e+02 -1.478999999e+02 -1.6704e+00 +1.3520e-01 +1.1368e+00 -2.0152e+00 -3.1096e+00
13830 +2.297187507e-08 +2.297187507e-08 -1.479000000e+02 -1.479000000e+02 -1.6704e+00 +1.3520e-01 +1.1368e+00 -2.0152e+00 -3.1096e+00
13916 +1.210898404e-08 +1.210898404e-08 -1.479000000e+02 -1.479000000e+02 -1.6704e+00 +1.3520e-01 +1.1368e+00 -2.0152e+00 -3.1096e+00
14043 +7.475620123e-09 +7.475620123e-09 -1.479000000e+02 -1.479000000e+02 -1.6704e+00 +1.3520e-01 +1.1368e+00 -2.0152e+00 -3.1096e+00
14046 +2.402572363e-09 +2.402572363e-09 -1.479000000e+02 -1.479000000e+02 -1.6704e+00 +1.3520e-01 +1.1368e+00 -2.0152e+00 -3.1096e+00
% function evaluation | noise-free fitness - Fopt (-1.479000000000e+02) | best noise-free fitness - Fopt | measured fitness | best measured fitness | x1 | x2...
1 +9.724081070e+01 +9.724081070e+01 -5.065918930e+01 -5.065918930e+01 +1.0409e-01 -2.5167e+00 +1.5844e-01 +2.4302e+00 +6.6017e-01
11 +4.163442389e+01 +4.163442389e+01 -1.062655761e+02 -1.062655761e+02 -1.8379e+00 +2.5411e+00 +2.9870e+00 +1.1315e+00 +2.9179e-01
17 +3.447553553e+01 +3.447553553e+01 -1.134244645e+02 -1.134244645e+02 -7.9571e-02 +5.0522e-01 +2.5646e-02 +4.1987e-01 -3.1145e-01
45 +2.097222864e+01 +2.097222864e+01 -1.269277714e+02 -1.269277714e+02 +6.8307e-01 +1.2785e+00 +6.0210e-01 +3.2401e-01 -4.6434e+00
159 +1.354466772e+01 +1.354466772e+01 -1.343553323e+02 -1.343553323e+02 -9.5362e-01 +6.2029e-01 +1.6117e+00 -7.7821e-01 -3.7077e+00
165 +9.420363612e+00 +9.420363612e+00 -1.384796364e+02 -1.384796364e+02 -1.4337e+00 +7.3319e-01 +1.3039e+00 -1.8619e+00 -3.7510e+00
218 +4.517275856e+00 +4.517275856e+00 -1.433827241e+02 -1.433827241e+02 -2.2522e+00 +4.7156e-01 -2.2848e-02 -2.3541e+00 -3.3896e+00
226 +3.929309740e+00 +3.929309740e+00 -1.439706903e+02 -1.439706903e+02 -1.5526e+00 +9.4227e-01 +7.3415e-01 -1.8186e+00 -3.7368e+00
236 +2.405061107e+00 +2.405061107e+00 -1.454949389e+02 -1.454949389e+02 -1.7081e+00 +8.4137e-01 +2.8692e-01 -2.0806e+00 -3.5619e+00
340 +1.442766225e+00 +1.442766225e+00 -1.464572338e+02 -1.464572338e+02 -1.8121e+00 +3.0751e-01 +5.3337e-01 -2.1810e+00 -3.3149e+00
371 +9.230033774e-01 +9.230033774e-01 -1.469769966e+02 -1.469769966e+02 -1.6670e+00 +3.3783e-01 +8.3375e-01 -2.2762e+00 -3.3729e+00
424 +5.368801167e-01 +5.368801167e-01 -1.473631199e+02 -1.473631199e+02 -1.6624e+00 +3.3130e-01 +7.4559e-01 -2.2114e+00 -3.3218e+00
480 +2.884506755e-01 +2.884506755e-01 -1.476115493e+02 -1.476115493e+02 -1.6536e+00 +3.2824e-01 +7.4732e-01 -2.2208e+00 -3.3679e+00
501 +2.184956487e-01 +2.184956487e-01 -1.476815044e+02 -1.476815044e+02 -1.6477e+00 +3.0693e-01 +7.6372e-01 -2.2510e+00 -3.3538e+00
551 +1.395064158e-01 +1.395064158e-01 -1.477604936e+02 -1.477604936e+02 -1.6535e+00 +3.3151e-01 +7.3881e-01 -2.2435e+00 -3.3724e+00
723 +9.630142754e-02 +9.630142754e-02 -1.478036986e+02 -1.478036986e+02 -1.6761e+00 +3.2972e-01 +7.4226e-01 -2.2200e+00 -3.3440e+00
879 +6.199583530e-02 +6.199583530e-02 -1.478380042e+02 -1.478380042e+02 -1.6763e+00 +3.3054e-01 +7.3836e-01 -2.2177e+00 -3.3449e+00
1107 +3.920648129e-02 +3.920648129e-02 -1.478607935e+02 -1.478607935e+02 -1.6786e+00 +3.3154e-01 +7.3736e-01 -2.2159e+00 -3.3439e+00
3884 +2.437648383e-02 +2.437648383e-02 -1.478756235e+02 -1.478756235e+02 -1.6756e+00 +1.3335e-01 +1.1395e+00 -2.0101e+00 -3.1049e+00
3965 +1.487509840e-02 +1.487509840e-02 -1.478851249e+02 -1.478851249e+02 -1.6738e+00 +1.2843e-01 +1.1468e+00 -2.0088e+00 -3.1009e+00
4020 +7.649855317e-03 +7.649855317e-03 -1.478923501e+02 -1.478923501e+02 -1.6701e+00 +1.3155e-01 +1.1437e+00 -2.0132e+00 -3.1068e+00
4106 +6.200167302e-03 +6.200167302e-03 -1.478937998e+02 -1.478937998e+02 -1.6718e+00 +1.2784e-01 +1.1486e+00 -2.0095e+00 -3.1019e+00
4192 +3.950087652e-03 +3.950087652e-03 -1.478960499e+02 -1.478960499e+02 -1.6713e+00 +1.2653e-01 +1.1512e+00 -2.0092e+00 -3.1016e+00
4301 +2.282375356e-03 +2.282375356e-03 -1.478977176e+02 -1.478977176e+02 -1.6713e+00 +1.2678e-01 +1.1508e+00 -2.0095e+00 -3.1019e+00
9072 +1.483728882e-03 +1.483728882e-03 -1.478985163e+02 -1.478985163e+02 -1.6704e+00 +1.3482e-01 +1.1376e+00 -2.0151e+00 -3.1094e+00
9388 +7.889587463e-04 +7.889587463e-04 -1.478992110e+02 -1.478992110e+02 -1.6705e+00 +1.3505e-01 +1.1370e+00 -2.0151e+00 -3.1095e+00
9554 +4.401079864e-04 +4.401079864e-04 -1.478995599e+02 -1.478995599e+02 -1.6704e+00 +1.3565e-01 +1.1359e+00 -2.0156e+00 -3.1100e+00
9612 +3.814096594e-04 +3.814096594e-04 -1.478996186e+02 -1.478996186e+02 -1.6705e+00 +1.3518e-01 +1.1369e+00 -2.0151e+00 -3.1095e+00
9829 +2.480826681e-04 +2.480826681e-04 -1.478997519e+02 -1.478997519e+02 -1.6704e+00 +1.3511e-01 +1.1370e+00 -2.0151e+00 -3.1095e+00
9861 +1.284738379e-04 +1.284738379e-04 -1.478998715e+02 -1.478998715e+02 -1.6704e+00 +1.3517e-01 +1.1369e+00 -2.0152e+00 -3.1096e+00
9956 +3.563713653e-05 +3.563713653e-05 -1.478999644e+02 -1.478999644e+02 -1.6704e+00 +1.3520e-01 +1.1368e+00 -2.0152e+00 -3.1096e+00
10228 +2.321971920e-05 +2.321971920e-05 -1.478999768e+02 -1.478999768e+02 -1.6704e+00 +1.3520e-01 +1.1368e+00 -2.0152e+00 -3.1096e+00
10475 +1.386425174e-05 +1.386425174e-05 -1.478999861e+02 -1.478999861e+02 -1.6704e+00 +1.3520e-01 +1.1368e+00 -2.0152e+00 -3.1096e+00
10608 +8.026642945e-06 +8.026642945e-06 -1.478999920e+02 -1.478999920e+02 -1.6704e+00 +1.3520e-01 +1.1368e+00 -2.0152e+00 -3.1096e+00
10643 +5.000704562e-06 +5.000704562e-06 -1.478999950e+02 -1.478999950e+02 -1.6704e+00 +1.3520e-01 +1.1368e+00 -2.0152e+00 -3.1096e+00
10735 +3.280741879e-06 +3.280741879e-06 -1.478999967e+02 -1.478999967e+02 -1.6704e+00 +1.3520e-01 +1.1368e+00 -2.0152e+00 -3.1096e+00
10779 +1.946141452e-06 +1.946141452e-06 -1.478999981e+02 -1.478999981e+02 -1.6704e+00 +1.3520e-01 +1.1368e+00 -2.0152e+00 -3.1096e+00
10864 +1.256764364e-06 +1.256764364e-06 -1.478999987e+02 -1.478999987e+02 -1.6704e+00 +1.3520e-01 +1.1368e+00 -2.0152e+00 -3.1096e+00
10962 +6.760195390e-07 +6.760195390e-07 -1.478999993e+02 -1.478999993e+02 -1.6704e+00 +1.3520e-01 +1.1368e+00 -2.0152e+00 -3.1096e+00
11103 +6.241272956e-07 +6.241272956e-07 -1.478999994e+02 -1.478999994e+02 -1.6704e+00 +1.3520e-01 +1.1368e+00 -2.0152e+00 -3.1096e+00
11170 +3.419297343e-07 +3.419297343e-07 -1.478999997e+02 -1.478999997e+02 -1.6704e+00 +1.3520e-01 +1.1368e+00 -2.0152e+00 -3.1096e+00
11357 +2.299486823e-07 +2.299486823e-07 -1.478999998e+02 -1.478999998e+02 -1.6704e+00 +1.3520e-01 +1.1368e+00 -2.0152e+00 -3.1096e+00
11422 +9.910726817e-08 +9.910726817e-08 -1.478999999e+02 -1.478999999e+02 -1.6704e+00 +1.3520e-01 +1.1368e+00 -2.0152e+00 -3.1096e+00
11574 +5.747222076e-08 +5.747222076e-08 -1.478999999e+02 -1.478999999e+02 -1.6704e+00 +1.3520e-01 +1.1368e+00 -2.0152e+00 -3.1096e+00
11689 +2.624483386e-08 +2.624483386e-08 -1.479000000e+02 -1.479000000e+02 -1.6704e+00 +1.3520e-01 +1.1368e+00 -2.0152e+00 -3.1096e+00
11760 +1.683139317e-08 +1.683139317e-08 -1.479000000e+02 -1.479000000e+02 -1.6704e+00 +1.3520e-01 +1.1368e+00 -2.0152e+00 -3.1096e+00
11861 +1.532541205e-08 +1.532541205e-08 -1.479000000e+02 -1.479000000e+02 -1.6704e+00 +1.3520e-01 +1.1368e+00 -2.0152e+00 -3.1096e+00
11925 +6.665430874e-09 +6.665430874e-09 -1.479000000e+02 -1.479000000e+02 -1.6704e+00 +1.3520e-01 +1.1368e+00 -2.0152e+00 -3.1096e+00
11950 +6.174701639e-09 +6.174701639e-09 -1.479000000e+02 -1.479000000e+02 -1.6704e+00 +1.3520e-01 +1.1368e+00 -2.0152e+00 -3.1096e+00
% function evaluation | noise-free fitness - Fopt (-1.479000000000e+02) | best noise-free fitness - Fopt | measured fitness | best measured fitness | x1 | x2...
1 +9.095670170e+01 +9.095670170e+01 -5.694329830e+01 -5.694329830e+01 +5.2305e-01 +2.0975e+00 +3.0972e+00 -7.3065e-01 +2.4258e+00
2 +5.979345495e+01 +5.979345495e+01 -8.810654505e+01 -8.810654505e+01 +7.0066e-01 +3.3909e+00 +3.7283e+00 -3.2525e+00 +1.8841e+00
13 +1.174162582e+01 +1.174162582e+01 -1.361583742e+02 -1.361583742e+02 -1.6353e+00 +7.0890e-01 +1.1746e+00 -2.7353e+00 -1.8310e+00
121 +9.736193193e+00 +9.736193193e+00 -1.381638068e+02 -1.381638068e+02 -7.7649e-01 +1.0908e+00 +2.1088e-01 -3.2867e+00 -4.5480e+00
158 +4.694567422e+00 +4.694567422e+00 -1.432054326e+02 -1.432054326e+02 -1.1409e+00 +2.6271e-01 +7.9909e-01 -2.3933e+00 -3.3319e+00
228 +3.927606605e+00 +3.927606605e+00 -1.439723934e+02 -1.439723934e+02 -9.4427e-01 +3.0718e-01 +8.1221e-01 -2.6295e+00 -4.0797e+00
318 +1.950621572e+00 +1.950621572e+00 -1.459493784e+02 -1.459493784e+02 -1.4210e+00 +4.2046e-01 +3.1311e-01 -2.7774e+00 -3.9431e+00
382 +1.517838332e+00 +1.517838332e+00 -1.463821617e+02 -1.463821617e+02 -1.2619e+00 +3.6006e-01 +6.0167e-01 -2.7001e+00 -3.8746e+00
507 +8.730267596e-01 +8.730267596e-01 -1.470269732e+02 -1.470269732e+02 -1.4091e+00 +3.0660e-01 +7.2059e-01 -2.5768e+00 -3.6903e+00
578 +6.151066225e-01 +6.151066225e-01 -1.472848934e+02 -1.472848934e+02 -1.4050e+00 +3.4625e-01 +6.9617e-01 -2.5718e+00 -3.7261e+00
758 +3.969872941e-01 +3.969872941e-01 -1.475030127e+02 -1.475030127e+02 -1.4073e+00 +3.6704e-01 +6.7044e-01 -2.5657e+00 -3.7334e+00
3933 +2.379759804e-01 +2.379759804e-01 -1.476620240e+02 -1.476620240e+02 -1.6795e+00 -3.0891e-01 +1.9987e+00 -1.7011e+00 -2.7271e+00
4109 +1.319586543e-01 +1.319586543e-01 -1.477680413e+02 -1.477680413e+02 -1.6891e+00 -3.0355e-01 +1.9692e+00 -1.7115e+00 -2.7290e+00
4216 +9.691364750e-02 +9.691364750e-02 -1.478030864e+02 -1.478030864e+02 -1.6886e+00 -3.1018e-01 +1.9850e+00 -1.7042e+00 -2.7208e+00
8733 +5.860060052e-02 +5.860060052e-02 -1.478413994e+02 -1.478413994e+02 -1.6752e+00 +1.0489e-01 +1.1932e+00 -1.9877e+00 -3.0815e+00
8868 +3.029011349e-02 +3.029011349e-02 -1.478697099e+02 -1.478697099e+02 -1.6715e+00 +1.3581e-01 +1.1310e+00 -2.0212e+00 -3.1138e+00
9086 +2.339755948e-02 +2.339755948e-02 -1.478766024e+02 -1.478766024e+02 -1.6710e+00 +1.3096e-01 +1.1473e+00 -2.0086e+00 -3.1039e+00
9116 +5.899283618e-03 +5.899283618e-03 -1.478941007e+02 -1.478941007e+02 -1.6707e+00 +1.3383e-01 +1.1393e+00 -2.0136e+00 -3.1087e+00
9449 +2.287972219e-03 +2.287972219e-03 -1.478977120e+02 -1.478977120e+02 -1.6703e+00 +1.3516e-01 +1.1372e+00 -2.0152e+00 -3.1097e+00
9556 +1.488729998e-03 +1.488729998e-03 -1.478985113e+02 -1.478985113e+02 -1.6706e+00 +1.3496e-01 +1.1371e+00 -2.0148e+00 -3.1092e+00
9696 +8.373178996e-04 +8.373178996e-04 -1.478991627e+02 -1.478991627e+02 -1.6705e+00 +1.3402e-01 +1.1388e+00 -2.0143e+00 -3.1084e+00
9799 +5.013740542e-04 +5.013740542e-04 -1.478994986e+02 -1.478994986e+02 -1.6704e+00 +1.3552e-01 +1.1362e+00 -2.0154e+00 -3.1099e+00
9815 +2.485961159e-04 +2.485961159e-04 -1.478997514e+02 -1.478997514e+02 -1.6704e+00 +1.3516e-01 +1.1368e+00 -2.0152e+00 -3.1096e+00
10160 +1.510481113e-04 +1.510481113e-04 -1.478998490e+02 -1.478998490e+02 -1.6705e+00 +1.3524e-01 +1.1367e+00 -2.0152e+00 -3.1096e+00
10178 +9.662621645e-05 +9.662621645e-05 -1.478999034e+02 -1.478999034e+02 -1.6704e+00 +1.3523e-01 +1.1367e+00 -2.0152e+00 -3.1096e+00
10338 +3.957084539e-05 +3.957084539e-05 -1.478999604e+02 -1.478999604e+02 -1.6704e+00 +1.3520e-01 +1.1368e+00 -2.0152e+00 -3.1096e+00
10521 +2.462680092e-05 +2.462680092e-05 -1.478999754e+02 -1.478999754e+02 -1.6704e+00 +1.3521e-01 +1.1368e+00 -2.0152e+00 -3.1096e+00
10634 +1.477929789e-05 +1.477929789e-05 -1.478999852e+02 -1.478999852e+02 -1.6704e+00 +1.3520e-01 +1.1368e+00 -2.0152e+00 -3.1096e+00
10789 +6.745306564e-06 +6.745306564e-06 -1.478999933e+02 -1.478999933e+02 -1.6704e+00 +1.3520e-01 +1.1368e+00 -2.0152e+00 -3.1096e+00
10859 +3.239612028e-06 +3.239612028e-06 -1.478999968e+02 -1.478999968e+02 -1.6704e+00 +1.3520e-01 +1.1368e+00 -2.0152e+00 -3.1096e+00
11000 +1.766915801e-06 +1.766915801e-06 -1.478999982e+02 -1.478999982e+02 -1.6704e+00 +1.3520e-01 +1.1368e+00 -2.0152e+00 -3.1096e+00
11033 +1.521664217e-06 +1.521664217e-06 -1.478999985e+02 -1.478999985e+02 -1.6704e+00 +1.3520e-01 +1.1368e+00 -2.0152e+00 -3.1096e+00
11047 +8.902753734e-07 +8.902753734e-07 -1.478999991e+02 -1.478999991e+02 -1.6704e+00 +1.3520e-01 +1.1368e+00 -2.0152e+00 -3.1096e+00
11208 +6.225510560e-07 +6.225510560e-07 -1.478999994e+02 -1.478999994e+02 -1.6704e+00 +1.3520e-01 +1.1368e+00 -2.0152e+00 -3.1096e+00
11378 +3.683283865e-07 +3.683283865e-07 -1.478999996e+02 -1.478999996e+02 -1.6704e+00 +1.3520e-01 +1.1368e+00 -2.0152e+00 -3.1096e+00
11492 +2.282321248e-07 +2.282321248e-07 -1.478999998e+02 -1.478999998e+02 -1.6704e+00 +1.3520e-01 +1.1368e+00 -2.0152e+00 -3.1096e+00
11557 +1.425283358e-07 +1.425283358e-07 -1.478999999e+02 -1.478999999e+02 -1.6704e+00 +1.3520e-01 +1.1368e+00 -2.0152e+00 -3.1096e+00
11647 +7.755446063e-08 +7.755446063e-08 -1.478999999e+02 -1.478999999e+02 -1.6704e+00 +1.3520e-01 +1.1368e+00 -2.0152e+00 -3.1096e+00
11712 +4.725029612e-08 +4.725029612e-08 -1.479000000e+02 -1.479000000e+02 -1.6704e+00 +1.3520e-01 +1.1368e+00 -2.0152e+00 -3.1096e+00
11805 +1.033765784e-08 +1.033765784e-08 -1.479000000e+02 -1.479000000e+02 -1.6704e+00 +1.3520e-01 +1.1368e+00 -2.0152e+00 -3.1096e+00
12002 +8.378322036e-09 +8.378322036e-09 -1.479000000e+02 -1.479000000e+02 -1.6704e+00 +1.3520e-01 +1.1368e+00 -2.0152e+00 -3.1096e+00
12030 +4.500492423e-09 +4.500492423e-09 -1.479000000e+02 -1.479000000e+02 -1.6704e+00 +1.3520e-01 +1.1368e+00 -2.0152e+00 -3.1096e+00
