% function evaluation | noise-free fitness - Fopt (-1.694000000000e+01) | best noise-free fitness - Fopt | measured fitness | best measured fitness | x1 | x2...
1 +1.186668014e+03 +1.186668014e+03 +1.169728014e+03 +1.169728014e+03 -3.2685e+00 +2.7349e+00 +3.8384e-02
3 +5.791814007e+02 +5.791814007e+02 +5.622414007e+02 +5.622414007e+02 -2.1494e+00 +2.5680e+00 -4.2593e+00
10 +1.017809517e+02 +1.017809517e+02 +8.484095173e+01 +8.484095173e+01 -1.4509e+00 -9.7468e-01 -4.7414e+00
17 +8.558201017e+01 +8.558201017e+01 +6.864201017e+01 +6.864201017e+01 -2.7571e+00 -2.5033e+00 -2.5101e+00
18 +5.955502518e+01 +5.955502518e+01 +4.261502518e+01 +4.261502518e+01 -5.8403e-01 +4.5133e-01 -8.5583e-01
34 +2.620925027e+01 +2.620925027e+01 +9.269250268e+00 +9.269250268e+00 +3.1564e+00 -1.7553e+00 -2.3365e+00
70 +1.548793828e+01 +1.548793828e+01 -1.452061717e+00 -1.452061717e+00 +3.7103e+00 +1.3241e+00 -1.9740e+00
94 +8.884324697e+00 +8.884324697e+00 -8.055675303e+00 -8.055675303e+00 +2.3550e+00 +2.0726e+00 -1.7168e-01
97 +4.985909116e+00 +4.985909116e+00 -1.195409088e+01 -1.195409088e+01 +2.9423e+00 +2.1654e+00 -1.2142e+00
108 +2.863810721e+00 +2.863810721e+00 -1.407618928e+01 -1.407618928e+01 +3.2401e+00 +2.1448e+00 -1.2999e+00
173 +1.262467450e+00 +1.262467450e+00 -1.567753255e+01 -1.567753255e+01 +2.6608e+00 +1.6785e+00 -6.2866e-01
255 +8.962791066e-01 +8.962791066e-01 -1.604372089e+01 -1.604372089e+01 +2.9960e+00 +1.8974e+00 -9.5808e-01
284 +5.467402800e-01 +5.467402800e-01 -1.639325972e+01 -1.639325972e+01 +3.3279e+00 +2.2081e+00 -1.2270e+00
306 +3.174995235e-01 +3.174995235e-01 -1.662250048e+01 -1.662250048e+01 +3.1699e+00 +2.0594e+00 -1.0978e+00
411 +2.260531020e-01 +2.260531020e-01 -1.671394690e+01 -1.671394690e+01 +3.1718e+00 +2.0495e+00 -1.1003e+00
2108 +9.153140724e-02 +9.153140724e-02 -1.684846859e+01 -1.684846859e+01 +3.6761e+00 +2.5806e+00 -1.5494e+00
2221 +5.736368677e-02 +5.736368677e-02 -1.688263631e+01 -1.688263631e+01 +3.6517e+00 +2.5438e+00 -1.5299e+00
2243 +2.494748710e-02 +2.494748710e-02 -1.691505251e+01 -1.691505251e+01 +3.6565e+00 +2.5533e+00 -1.5296e+00
2356 +1.366104952e-02 +1.366104952e-02 -1.692633895e+01 -1.692633895e+01 +3.6643e+00 +2.5608e+00 -1.5373e+00
2434 +9.453644312e-03 +9.453644312e-03 -1.693054636e+01 -1.693054636e+01 +3.6589e+00 +2.5516e+00 -1.5325e+00
2467 +1.732464636e-03 +1.732464636e-03 -1.693826754e+01 -1.693826754e+01 +3.6564e+00 +2.5503e+00 -1.5300e+00
2576 +2.783151900e-04 +2.783151900e-04 -1.693972168e+01 -1.693972168e+01 +3.6559e+00 +2.5496e+00 -1.5295e+00
2735 +1.336262589e-04 +1.336262589e-04 -1.693986637e+01 -1.693986637e+01 +3.6559e+00 +2.5494e+00 -1.5295e+00
2928 +3.744350687e-05 +3.744350687e-05 -1.693996256e+01 -1.693996256e+01 +3.6560e+00 +2.5496e+00 -1.5296e+00
3017 +9.532704986e-06 +9.532704986e-06 -1.693999047e+01 -1.693999047e+01 +3.6560e+00 +2.5496e+00 -1.5296e+00
3112 +4.034691720e-06 +4.034691720e-06 -1.693999597e+01 -1.693999597e+01 +3.6560e+00 +2.5496e+00 -1.5296e+00
3144 +3.328373914e-06 +3.328373914e-06 -1.693999667e+01 -1.693999667e+01 +3.6560e+00 +2.5496e+00 -1.5296e+00
3158 +2.217485498e-06 +2.217485498e-06 -1.693999778e+01 -1.693999778e+01 +3.6560e+00 +2.5496e+00 -1.5296e+00
3177 +1.422327024e-06 +1.422327024e-06 -1.693999858e+01 -1.693999858e+01 +3.6560e+00 +2.5496e+00 -1.5296e+00
3191 +9.528339397e-07 +9.528339397e-07 -1.693999905e+01 -1.693999905e+01 +3.6560e+00 +2.5496e+00 -1.5296e+00
3242 +6.116013864e-07 +6.116013864e-07 -1.693999939e+01 -1.693999939e+01 +3.6560e+00 +2.5496e+00 -1.5296e+00
3299 +3.833416287e-07 +3.833416287e-07 -1.693999962e+01 -1.693999962e+01 +3.6560e+00 +2.5496e+00 -1.5296e+00
3359 +1.518075656e-07 +1.518075656e-07 -1.693999985e+01 -1.693999985e+01 +3.6560e+00 +2.5496e+00 -1.5296e+00
3389 +9.829610903e-08 +9.829610903e-08 -1.693999990e+01 -1.693999990e+01 +3.6560e+00 +2.5496e+00 -1.5296e+00
3473 +6.148760434e-08 +6.148760434e-08 -1.693999994e+01 -1.693999994e+01 +3.6560e+00 +2.5496e+00 -1.5296e+00
3480 +3.813167737e-08 +3.813167737e-08 -1.693999996e+01 -1.693999996e+01 +3.6560e+00 +2.5496e+00 -1.5296e+00
3542 +1.839925545e-08 +1.839925545e-08 -1.693999998e+01 -1.693999998e+01 +3.6560e+00 +2.5496e+00 -1.5296e+00
3554 +1.429343399e-08 +1.429343399e-08 -1.693999999e+01 -1.693999999e+01 +3.6560e+00 +2.5496e+00 -1.5296e+00
3559 +9.977284776e-09 +9.977284776e-09 -1.693999999e+01 -1.693999999e+01 +3.6560e+00 +2.5496e+00 -1.5296e+00
3560 +5.815017801e-09 +5.815017801e-09 -1.693999999e+01 -1.693999999e+01 +3.6560e+00 +2.5496e+00 -1.5296e+00
% function evaluation | noise-free fitness - Fopt (-1.694000000000e+01) | best noise-free fitness - Fopt | measured fitness | best measured fitness | x1 | x2...
1 +1.657263203e+02 +1.657263203e+02 +1.487863203e+02 +1.487863203e+02 -4.5595e-01 -3.7553e+00 +3.8041e+00
6 +1.136097756e+02 +1.136097756e+02 +9.666977560e+01 +9.666977560e+01 +2.0250e-01 -1.4148e+00 +4.7603e+00
7 +1.395390560e+01 +1.395390560e+01 -2.986094397e+00 -2.986094397e+00 +1.1739e+00 +4.1744e-01 +7.2389e-01
88 +2.453051980e+00 +2.453051980e+00 -1.448694802e+01 -1.448694802e+01 +4.1110e+00 +3.1424e+00 -2.1385e+00
126 +9.940032634e-01 +9.940032634e-01 -1.594599674e+01 -1.594599674e+01 +3.9294e+00 +2.9063e+00 -1.8381e+00
169 +6.277931325e-01 +6.277931325e-01 -1.631220687e+01 -1.631220687e+01 +3.6280e+00 +2.5435e+00 -1.5519e+00
174 +2.234900195e-01 +2.234900195e-01 -1.671650998e+01 -1.671650998e+01 +3.7284e+00 +2.6616e+00 -1.6048e+00
385 +1.283166921e-01 +1.283166921e-01 -1.681168331e+01 -1.681168331e+01 +3.6371e+00 +2.5243e+00 -1.5183e+00
392 +8.127685222e-02 +8.127685222e-02 -1.685872315e+01 -1.685872315e+01 +3.6406e+00 +2.5306e+00 -1.5163e+00
432 +4.331171741e-02 +4.331171741e-02 -1.689668828e+01 -1.689668828e+01 +3.6898e+00 +2.5925e+00 -1.5622e+00
476 +3.545361199e-02 +3.545361199e-02 -1.690454639e+01 -1.690454639e+01 +3.6400e+00 +2.5281e+00 -1.5152e+00
478 +2.412520139e-02 +2.412520139e-02 -1.691587480e+01 -1.691587480e+01 +3.6382e+00 +2.5264e+00 -1.5126e+00
507 +1.202687849e-02 +1.202687849e-02 -1.692797312e+01 -1.692797312e+01 +3.6550e+00 +2.5493e+00 -1.5284e+00
518 +9.454351838e-03 +9.454351838e-03 -1.693054565e+01 -1.693054565e+01 +3.6598e+00 +2.5541e+00 -1.5329e+00
537 +5.031942310e-03 +5.031942310e-03 -1.693496806e+01 -1.693496806e+01 +3.6566e+00 +2.5501e+00 -1.5298e+00
567 +3.935943424e-03 +3.935943424e-03 -1.693606406e+01 -1.693606406e+01 +3.6565e+00 +2.5508e+00 -1.5302e+00
588 +1.125269499e-03 +1.125269499e-03 -1.693887473e+01 -1.693887473e+01 +3.6564e+00 +2.5499e+00 -1.5299e+00
643 +8.790438310e-04 +8.790438310e-04 -1.693912096e+01 -1.693912096e+01 +3.6555e+00 +2.5491e+00 -1.5292e+00
656 +3.297177616e-04 +3.297177616e-04 -1.693967028e+01 -1.693967028e+01 +3.6560e+00 +2.5496e+00 -1.5296e+00
706 +1.717160624e-04 +1.717160624e-04 -1.693982828e+01 -1.693982828e+01 +3.6558e+00 +2.5494e+00 -1.5295e+00
755 +1.212064781e-04 +1.212064781e-04 -1.693987879e+01 -1.693987879e+01 +3.6559e+00 +2.5494e+00 -1.5295e+00
2380 +2.883996874e-05 +2.883996874e-05 -1.693997116e+01 -1.693997116e+01 +3.6560e+00 +2.5496e+00 -1.5296e+00
2572 +2.279445698e-05 +2.279445698e-05 -1.693997721e+01 -1.693997721e+01 +3.6560e+00 +2.5496e+00 -1.5296e+00
2601 +1.322590841e-05 +1.322590841e-05 -1.693998677e+01 -1.693998677e+01 +3.6560e+00 +2.5496e+00 -1.5296e+00
2712 +9.601221695e-06 +9.601221695e-06 -1.693999040e+01 -1.693999040e+01 +3.6560e+00 +2.5496e+00 -1.5296e+00
2714 +2.867041239e-06 +2.867041239e-06 -1.693999713e+01 -1.693999713e+01 +3.6560e+00 +2.5496e+00 -1.5296e+00
2727 +2.505090965e-06 +2.505090965e-06 -1.693999749e+01 -1.693999749e+01 +3.6560e+00 +2.5496e+00 -1.5296e+00
2785 +9.582332012e-07 +9.582332012e-07 -1.693999904e+01 -1.693999904e+01 +3.6560e+00 +2.5496e+00 -1.5296e+00
2836 +4.928334612e-07 +4.928334612e-07 -1.693999951e+01 -1.693999951e+01 +3.6560e+00 +2.5496e+00 -1.5296e+00
2887 +3.222790781e-07 +3.222790781e-07 -1.693999968e+01 -1.693999968e+01 +3.6560e+00 +2.5496e+00 -1.5296e+00
2948 +2.475951781e-07 +2.475951781e-07 -1.693999975e+01 -1.693999975e+01 +3.6560e+00 +2.5496e+00 -1.5296e+00
2981 +1.482904111e-07 +1.482904111e-07 -1.693999985e+01 -1.693999985e+01 +3.6560e+00 +2.5496e+00 -1.5296e+00
3014 +7.148789649e-08 +7.148789649e-08 -1.693999993e+01 -1.693999993e+01 +3.6560e+00 +2.5496e+00 -1.5296e+00
3042 +2.154049383e-08 +2.154049383e-08 -1.693999998e+01 -1.693999998e+01 +3.6560e+00 +2.5496e+00 -1.5296e+00
3106 +9.369948373e-09 +9.369948373e-09 -1.693999999e+01 -1.693999999e+01 +3.6560e+00 +2.5496e+00 -1.5296e+00
3112 +5.152980265e-09 +5.152980265e-09 -1.693999999e+01 -1.693999999e+01 +3.6560e+00 +2.5496e+00 -1.5296e+00
% function evaluation | noise-free fitness - Fopt (-1.694000000000e+01) | best noise-free fitness - Fopt | measured fitness | best measured fitness | x1 | x2...
1 +1.188377192e+02 +1.188377192e+02 +1.018977192e+02 +1.018977192e+02 +1.4432e+00 -3.2868e+00 +1.3652e+00
4 +6.715378111e+01 +6.715378111e+01 +5.021378111e+01 +5.021378111e+01 +1.1498e+00 -3.4611e-01 -1.1474e+00
5 +6.054223025e+01 +6.054223025e+01 +4.360223025e+01 +4.360223025e+01 +5.1540e-01 -3.1319e+00 -6.1858e-01
11 +3.202647922e+01 +3.202647922e+01 +1.508647922e+01 +1.508647922e+01 +9.7346e-01 +7.2399e-01 -2.0234e+00
16 +8.975949864e+00 +8.975949864e+00 -7.964050136e+00 -7.964050136e+00 +2.3683e+00 +1.4122e+00 -2.4843e-01
80 +4.001884553e+00 +4.001884553e+00 -1.293811545e+01 -1.293811545e+01 +4.0374e+00 +2.0866e+00 -1.9334e+00
112 +3.709152633e+00 +3.709152633e+00 -1.323084737e+01 -1.323084737e+01 +3.2409e+00 +1.9899e+00 -1.2505e+00
143 +1.890889629e+00 +1.890889629e+00 -1.504911037e+01 -1.504911037e+01 +3.0462e+00 +2.1964e+00 -9.5159e-01
159 +8.465311903e-01 +8.465311903e-01 -1.609346881e+01 -1.609346881e+01 +3.1312e+00 +1.8926e+00 -1.0728e+00
253 +5.866252457e-01 +5.866252457e-01 -1.635337475e+01 -1.635337475e+01 +3.1906e+00 +2.1055e+00 -1.1088e+00
289 +3.371393186e-01 +3.371393186e-01 -1.660286068e+01 -1.660286068e+01 +3.1711e+00 +2.0579e+00 -1.1018e+00
318 +2.473996625e-01 +2.473996625e-01 -1.669260034e+01 -1.669260034e+01 +3.1693e+00 +2.0499e+00 -1.0991e+00
1684 +1.542689070e-01 +1.542689070e-01 -1.678573109e+01 -1.678573109e+01 +3.4920e+00 +2.3787e+00 -1.3826e+00
1812 +9.773227214e-02 +9.773227214e-02 -1.684226773e+01 -1.684226773e+01 +3.4848e+00 +2.3661e+00 -1.3759e+00
1827 +6.229364810e-02 +6.229364810e-02 -1.687770635e+01 -1.687770635e+01 +3.4860e+00 +2.3645e+00 -1.3762e+00
4254 +2.633540514e-02 +2.633540514e-02 -1.691366459e+01 -1.691366459e+01 +3.6452e+00 +2.5360e+00 -1.5208e+00
4330 +9.769104067e-03 +9.769104067e-03 -1.693023090e+01 -1.693023090e+01 +3.6605e+00 +2.5547e+00 -1.5337e+00
4537 +4.441849783e-03 +4.441849783e-03 -1.693555815e+01 -1.693555815e+01 +3.6545e+00 +2.5477e+00 -1.5281e+00
4546 +1.102877536e-03 +1.102877536e-03 -1.693889712e+01 -1.693889712e+01 +3.6560e+00 +2.5493e+00 -1.5296e+00
4722 +2.552988821e-04 +2.552988821e-04 -1.693974470e+01 -1.693974470e+01 +3.6560e+00 +2.5497e+00 -1.5296e+00
4886 +1.093672733e-04 +1.093672733e-04 -1.693989063e+01 -1.693989063e+01 +3.6559e+00 +2.5495e+00 -1.5295e+00
5043 +9.508724554e-05 +9.508724554e-05 -1.693990491e+01 -1.693990491e+01 +3.6560e+00 +2.5496e+00 -1.5296e+00
5073 +4.611446069e-05 +4.611446069e-05 -1.693995389e+01 -1.693995389e+01 +3.6560e+00 +2.5496e+00 -1.5296e+00
5161 +2.252224505e-05 +2.252224505e-05 -1.693997748e+01 -1.693997748e+01 +3.6560e+00 +2.5496e+00 -1.5296e+00
5368 +1.456955368e-05 +1.456955368e-05 -1.693998543e+01 -1.693998543e+01 +3.6560e+00 +2.5496e+00 -1.5296e+00
5427 +6.604542349e-06 +6.604542349e-06 -1.693999340e+01 -1.693999340e+01 +3.6560e+00 +2.5496e+00 -1.5296e+00
5450 +5.497058041e-06 +5.497058041e-06 -1.693999450e+01 -1.693999450e+01 +3.6560e+00 +2.5496e+00 -1.5296e+00
5498 +2.293062355e-06 +2.293062355e-06 -1.693999771e+01 -1.693999771e+01 +3.6560e+00 +2.5496e+00 -1.5296e+00
5500 +1.290699064e-06 +1.290699064e-06 -1.693999871e+01 -1.693999871e+01 +3.6560e+00 +2.5496e+00 -1.5296e+00
5554 +8.229475910e-07 +8.229475910e-07 -1.693999918e+01 -1.693999918e+01 +3.6560e+00 +2.5496e+00 -1.5296e+00
5644 +6.139169351e-07 +6.139169351e-07 -1.693999939e+01 -1.693999939e+01 +3.6560e+00 +2.5496e+00 -1.5296e+00
5724 +3.497022121e-07 +3.497022121e-07 -1.693999965e+01 -1.693999965e+01 +3.6560e+00 +2.5496e+00 -1.5296e+00
5749 +1.851182176e-07 +1.851182176e-07 -1.693999981e+01 -1.693999981e+01 +3.6560e+00 +2.5496e+00 -1.5296e+00
5765 +8.820410358e-08 +8.820410358e-08 -1.693999991e+01 -1.693999991e+01 +3.6560e+00 +2.5496e+00 -1.5296e+00
5868 +4.794007324e-08 +4.794007324e-08 -1.693999995e+01 -1.693999995e+01 +3.6560e+00 +2.5496e+00 -1.5296e+00
5950 +3.438080753e-08 +3.438080753e-08 -1.693999997e+01 -1.693999997e+01 +3.6560e+00 +2.5496e+00 -1.5296e+00
5966 +2.287080747e-08 +2.287080747e-08 -1.693999998e+01 -1.693999998e+01 +3.6560e+00 +2.5496e+00 -1.5296e+00
5975 +1.089010837e-08 +1.089010837e-08 -1.693999999e+01 -1.693999999e+01 +3.6560e+00 +2.5496e+00 -1.5296e+00
6033 +9.504038445e-09 +9.504038445e-09 -1.693999999e+01 -1.693999999e+01 +3.6560e+00 +2.5496e+00 -1.5296e+00
6054 +5.048505614e-09 +5.048505614e-09 -1.693999999e+01 -1.693999999e+01 +3.6560e+00 +2.5496e+00 -1.5296e+00
% function evaluation | noise-free fitness - Fopt (1.881000000000e+01) | best noise-free fitness - Fopt | measured fitness | best measured fitness | x1 | x2...
1 +9.580889680e+01 +9.580889680e+01 +1.146188968e+02 +1.146188968e+02 -4.2815e-01 -2.5017e+00 +1.6524e+00
11 +6.167356296e+01 +6.167356296e+01 +8.048356296e+01 +8.048356296e+01 -3.2513e+00 -2.1591e+00 +4.0778e-01
13 +2.007710441e+01 +2.007710441e+01 +3.888710441e+01 +3.888710441e+01 -3.3275e+00 -1.8111e+00 +3.9131e-01
30 +1.451676666e+01 +1.451676666e+01 +3.332676666e+01 +3.332676666e+01 -3.5707e+00 +3.0259e-01 +8.4033e-02
83 +5.831308317e+00 +5.831308317e+00 +2.464130832e+01 +2.464130832e+01 -2.5912e+00 +1.7428e-01 +1.0236e-01
125 +3.923139946e+00 +3.923139946e+00 +2.273313995e+01 +2.273313995e+01 -2.7222e+00 +2.7326e-01 +1.6429e-01
164 +2.183782428e+00 +2.183782428e+00 +2.099378243e+01 +2.099378243e+01 -2.9176e+00 +6.0700e-03 +1.1663e-01
216 +1.490702074e+00 +1.490702074e+00 +2.030070207e+01 +2.030070207e+01 -2.8822e+00 -2.9883e-02 +1.0788e-01
1896 +7.858092049e-01 +7.858092049e-01 +1.959580920e+01 +1.959580920e+01 -6.0010e-01 +1.4562e+00 -4.9662e-01
1897 +4.735157035e-01 +4.735157035e-01 +1.928351570e+01 +1.928351570e+01 -7.3647e-01 +1.4210e+00 -4.1632e-01
1986 +3.815322373e-01 +3.815322373e-01 +1.919153224e+01 +1.919153224e+01 -6.0275e-01 +1.5393e+00 -4.9441e-01
2091 +2.393382052e-01 +2.393382052e-01 +1.904933821e+01 +1.904933821e+01 -6.1385e-01 +1.5426e+00 -4.8672e-01
2209 +1.553431490e-01 +1.553431490e-01 +1.896534315e+01 +1.896534315e+01 -6.2847e-01 +1.5328e+00 -4.7590e-01
4661 +3.075643465e-02 +3.075643465e-02 +1.884075643e+01 +1.884075643e+01 -1.7435e-01 +1.7918e+00 -8.3219e-01
4909 +1.893060673e-02 +1.893060673e-02 +1.882893061e+01 +1.882893061e+01 -1.8854e-01 +1.7825e+00 -8.2354e-01
4966 +9.889708704e-03 +9.889708704e-03 +1.881988971e+01 +1.881988971e+01 -1.9868e-01 +1.7763e+00 -8.1681e-01
5087 +6.241398586e-03 +6.241398586e-03 +1.881624140e+01 +1.881624140e+01 -1.9010e-01 +1.7810e+00 -8.2340e-01
5093 +3.058805782e-03 +3.058805782e-03 +1.881305881e+01 +1.881305881e+01 -1.9090e-01 +1.7809e+00 -8.2253e-01
5222 +1.799604468e-03 +1.799604468e-03 +1.881179960e+01 +1.881179960e+01 -1.9023e-01 +1.7814e+00 -8.2303e-01
5288 +1.510627690e-03 +1.510627690e-03 +1.881151063e+01 +1.881151063e+01 -1.9098e-01 +1.7809e+00 -8.2244e-01
5324 +8.099973102e-04 +8.099973102e-04 +1.881081000e+01 +1.881081000e+01 -1.9103e-01 +1.7809e+00 -8.2252e-01
5358 +5.785720580e-04 +5.785720580e-04 +1.881057857e+01 +1.881057857e+01 -1.9106e-01 +1.7809e+00 -8.2253e-01
5382 +1.152427090e-04 +1.152427090e-04 +1.881011524e+01 +1.881011524e+01 -1.9103e-01 +1.7809e+00 -8.2251e-01
5558 +3.301054800e-05 +3.301054800e-05 +1.881003301e+01 +1.881003301e+01 -1.9121e-01 +1.7808e+00 -8.2240e-01
5812 +1.971863233e-05 +1.971863233e-05 +1.881001972e+01 +1.881001972e+01 -1.9120e-01 +1.7808e+00 -8.2240e-01
5814 +5.108173259e-06 +5.108173259e-06 +1.881000511e+01 +1.881000511e+01 -1.9120e-01 +1.7808e+00 -8.2240e-01
6094 +3.815444398e-06 +3.815444398e-06 +1.881000382e+01 +1.881000382e+01 -1.9120e-01 +1.7808e+00 -8.2240e-01
6187 +2.254862277e-06 +2.254862277e-06 +1.881000225e+01 +1.881000225e+01 -1.9120e-01 +1.7808e+00 -8.2240e-01
6200 +1.110340655e-06 +1.110340655e-06 +1.881000111e+01 +1.881000111e+01 -1.9120e-01 +1.7808e+00 -8.2240e-01
6243 +7.641895614e-07 +7.641895614e-07 +1.881000076e+01 +1.881000076e+01 -1.9120e-01 +1.7808e+00 -8.2240e-01
6256 +5.054363861e-07 +5.054363861e-07 +1.881000051e+01 +1.881000051e+01 -1.9120e-01 +1.7808e+00 -8.2240e-01
6307 +1.841453248e-07 +1.841453248e-07 +1.881000018e+01 +1.881000018e+01 -1.9120e-01 +1.7808e+00 -8.2240e-01
6447 +1.447287765e-07 +1.447287765e-07 +1.881000014e+01 +1.881000014e+01 -1.9120e-01 +1.7808e+00 -8.2240e-01
6504 +4.407448628e-08 +4.407448628e-08 +1.881000004e+01 +1.881000004e+01 -1.9120e-01 +1.7808e+00 -8.2240e-01
6622 +3.961135775e-08 +3.961135775e-08 +1.881000004e+01 +1.881000004e+01 -1.9120e-01 +1.7808e+00 -8.2240e-01
6635 +2.420698664e-08 +2.420698664e-08 +1.881000002e+01 +1.881000002e+01 -1.9120e-01 +1.7808e+00 -8.2240e-01
6678 +9.278107171e-09 +9.278107171e-09 +1.881000001e+01 +1.881000001e+01 -1.9120e-01 +1.7808e+00 -8.2240e-01
6698 +4.485592342e-09 +4.485592342e-09 +1.881000000e+01 +1.881000000e+01 -1.9120e-01 +1.7808e+00 -8.2240e-01
% function evaluation | noise-free fitness - Fopt (1.881000000000e+01) | best noise-free fitness - Fopt | measured fitness | best measured fitness | x1 | x2...
1 +2.923578500e+01 +2.923578500e+01 +4.804578500e+01 +4.804578500e+01 -6.7466e-02 +2.4274e+00 -3.1373e+00
7 +1.134922325e+01 +1.134922325e+01 +3.015922325e+01 +3.015922325e+01 +2.0568e+00 +4.0330e+00 -2.4940e+00
81 +6.449840154e+00 +6.449840154e+00 +2.525984015e+01 +2.525984015e+01 +3.7477e+00 +3.0363e+00 -3.3772e+00
100 +6.118638389e+00 +6.118638389e+00 +2.492863839e+01 +2.492863839e+01 +3.2657e+00 +3.1549e+00 -3.2905e+00
125 +3.040649878e+00 +3.040649878e+00 +2.185064988e+01 +2.185064988e+01 +3.3999e+00 +3.3004e+00 -3.3009e+00
227 +2.226319962e+00 +2.226319962e+00 +2.103631996e+01 +2.103631996e+01 +3.3480e+00 +3.4082e+00 -3.2643e+00
367 +1.557043575e+00 +1.557043575e+00 +2.036704358e+01 +2.036704358e+01 +3.3987e+00 +3.3927e+00 -3.2818e+00
2482 +3.848766241e-01 +3.848766241e-01 +1.919487662e+01 +1.919487662e+01 -1.6575e-01 +1.7534e+00 -8.4033e-01
2551 +1.576401013e-01 +1.576401013e-01 +1.896764010e+01 +1.896764010e+01 -2.1086e-01 +1.8014e+00 -8.0036e-01
2680 +6.427415215e-02 +6.427415215e-02 +1.887427415e+01 +1.887427415e+01 -1.4802e-01 +1.8097e+00 -8.4941e-01
2713 +3.236423687e-02 +3.236423687e-02 +1.884236424e+01 +1.884236424e+01 -2.0010e-01 +1.7701e+00 -8.1685e-01
2808 +1.949168457e-02 +1.949168457e-02 +1.882949168e+01 +1.882949168e+01 -1.7885e-01 +1.7874e+00 -8.2977e-01
2865 +6.919637410e-03 +6.919637410e-03 +1.881691964e+01 +1.881691964e+01 -1.7798e-01 +1.7897e+00 -8.3015e-01
2900 +5.324496824e-03 +5.324496824e-03 +1.881532450e+01 +1.881532450e+01 -1.8631e-01 +1.7847e+00 -8.2520e-01
2960 +3.775183552e-03 +3.775183552e-03 +1.881377518e+01 +1.881377518e+01 -1.9092e-01 +1.7815e+00 -8.2250e-01
3048 +2.103918550e-03 +2.103918550e-03 +1.881210392e+01 +1.881210392e+01 -1.9148e-01 +1.7804e+00 -8.2224e-01
3214 +1.524567735e-03 +1.524567735e-03 +1.881152457e+01 +1.881152457e+01 -1.9176e-01 +1.7806e+00 -8.2200e-01
3293 +8.556165802e-04 +8.556165802e-04 +1.881085562e+01 +1.881085562e+01 -1.9178e-01 +1.7804e+00 -8.2201e-01
3315 +3.926479362e-04 +3.926479362e-04 +1.881039265e+01 +1.881039265e+01 -1.9185e-01 +1.7804e+00 -8.2196e-01
3336 +2.222803619e-04 +2.222803619e-04 +1.881022228e+01 +1.881022228e+01 -1.9122e-01 +1.7808e+00 -8.2240e-01
3503 +7.386800554e-05 +7.386800554e-05 +1.881007387e+01 +1.881007387e+01 -1.9123e-01 +1.7808e+00 -8.2238e-01
3568 +5.270890460e-05 +5.270890460e-05 +1.881005271e+01 +1.881005271e+01 -1.9123e-01 +1.7808e+00 -8.2238e-01
3589 +3.456827013e-05 +3.456827013e-05 +1.881003457e+01 +1.881003457e+01 -1.9118e-01 +1.7808e+00 -8.2241e-01
3634 +1.803742067e-05 +1.803742067e-05 +1.881001804e+01 +1.881001804e+01 -1.9120e-01 +1.7808e+00 -8.2240e-01
3702 +1.353079588e-05 +1.353079588e-05 +1.881001353e+01 +1.881001353e+01 -1.9120e-01 +1.7808e+00 -8.2240e-01
3712 +5.466979459e-06 +5.466979459e-06 +1.881000547e+01 +1.881000547e+01 -1.9120e-01 +1.7808e+00 -8.2240e-01
3837 +3.144070384e-06 +3.144070384e-06 +1.881000314e+01 +1.881000314e+01 -1.9120e-01 +1.7808e+00 -8.2240e-01
3843 +9.405149299e-07 +9.405149299e-07 +1.881000094e+01 +1.881000094e+01 -1.9120e-01 +1.7808e+00 -8.2240e-01
3911 +5.077021576e-07 +5.077021576e-07 +1.881000051e+01 +1.881000051e+01 -1.9120e-01 +1.7808e+00 -8.2240e-01
3982 +2.193901878e-07 +2.193901878e-07 +1.881000022e+01 +1.881000022e+01 -1.9120e-01 +1.7808e+00 -8.2240e-01
4020 +1.174169704e-07 +1.174169704e-07 +1.881000012e+01 +1.881000012e+01 -1.9120e-01 +1.7808e+00 -8.2240e-01
4070 +9.359072806e-08 +9.359072806e-08 +1.881000009e+01 +1.881000009e+01 -1.9120e-01 +1.7808e+00 -8.2240e-01
4114 +5.011778725e-08 +5.011778725e-08 +1.881000005e+01 +1.881000005e+01 -1.9120e-01 +1.7808e+00 -8.2240e-01
4122 +3.365998680e-08 +3.365998680e-08 +1.881000003e+01 +1.881000003e+01 -1.9120e-01 +1.7808e+00 -8.2240e-01
4184 +1.393199511e-08 +1.393199511e-08 +1.881000001e+01 +1.881000001e+01 -1.9120e-01 +1.7808e+00 -8.2240e-01
4188 +4.042451707e-09 +4.042451707e-09 +1.881000000e+01 +1.881000000e+01 -1.9120e-01 +1.7808e+00 -8.2240e-01
% function evaluation | noise-free fitness - Fopt (1.881000000000e+01) | best noise-free fitness - Fopt | measured fitness | best measured fitness | x1 | x2...
1 +1.270297761e+02 +1.270297761e+02 +1.458397761e+02 +1.458397761e+02 -2.0301e+00 +1.2247e+00 +2.1314e+00
3 +3.073696164e+01 +3.073696164e+01 +4.954696164e+01 +4.954696164e+01 -2.1388e+00 -4.8788e-01 +8.2648e-01
17 +8.254897294e+00 +8.254897294e+00 +2.706489729e+01 +2.706489729e+01 -3.2168e+00 -5.3509e-01 -9.8747e-02
90 +2.966204655e+00 +2.966204655e+00 +2.177620466e+01 +2.177620466e+01 -1.8356e+00 +9.4723e-01 +2.4643e-02
141 +2.211983982e+00 +2.211983982e+00 +2.102198398e+01 +2.102198398e+01 -1.0226e+00 +1.5664e+00 -1.9502e-01
179 +1.563075551e+00 +1.563075551e+00 +2.037307555e+01 +2.037307555e+01 -6.9796e-01 +1.5382e+00 -4.2129e-01
195 +9.266804210e-01 +9.266804210e-01 +1.973668042e+01 +1.973668042e+01 -6.7815e-01 +1.4213e+00 -4.6892e-01
239 +5.166150272e-01 +5.166150272e-01 +1.932661503e+01 +1.932661503e+01 -7.6753e-01 +1.4209e+00 -3.9571e-01
570 +3.828378340e-01 +3.828378340e-01 +1.919283783e+01 +1.919283783e+01 -9.8314e-01 +1.3077e+00 -2.8164e-01
2512 +2.475383645e-01 +2.475383645e-01 +1.905753836e+01 +1.905753836e+01 -1.5438e-01 +1.8173e+00 -8.6188e-01
2647 +1.265606129e-01 +1.265606129e-01 +1.893656061e+01 +1.893656061e+01 -3.1388e-01 +1.7288e+00 -7.0961e-01
2746 +8.375434997e-02 +8.375434997e-02 +1.889375435e+01 +1.889375435e+01 -2.7551e-01 +1.7384e+00 -7.5052e-01
2814 +6.086452240e-02 +6.086452240e-02 +1.887086452e+01 +1.887086452e+01 -2.7038e-01 +1.7386e+00 -7.5232e-01
2882 +3.466573597e-02 +3.466573597e-02 +1.884466574e+01 +1.884466574e+01 -2.7413e-01 +1.7357e+00 -7.4963e-01
3557 +2.500186029e-02 +2.500186029e-02 +1.883500186e+01 +1.883500186e+01 -2.7443e-01 +1.7353e+00 -7.4954e-01
5629 +1.493300533e-02 +1.493300533e-02 +1.882493301e+01 +1.882493301e+01 -1.9043e-01 +1.7828e+00 -8.2243e-01
5747 +7.884968520e-03 +7.884968520e-03 +1.881788497e+01 +1.881788497e+01 -1.8524e-01 +1.7847e+00 -8.2622e-01
5896 +1.457976878e-03 +1.457976878e-03 +1.881145798e+01 +1.881145798e+01 -1.9379e-01 +1.7793e+00 -8.2054e-01
6182 +6.820196478e-04 +6.820196478e-04 +1.881068202e+01 +1.881068202e+01 -1.9123e-01 +1.7808e+00 -8.2233e-01
6229 +6.108466880e-04 +6.108466880e-04 +1.881061085e+01 +1.881061085e+01 -1.9114e-01 +1.7808e+00 -8.2247e-01
6270 +2.504617970e-04 +2.504617970e-04 +1.881025046e+01 +1.881025046e+01 -1.9125e-01 +1.7807e+00 -8.2237e-01
6393 +1.291919396e-04 +1.291919396e-04 +1.881012919e+01 +1.881012919e+01 -1.9118e-01 +1.7808e+00 -8.2242e-01
6468 +3.916558335e-05 +3.916558335e-05 +1.881003917e+01 +1.881003917e+01 -1.9118e-01 +1.7808e+00 -8.2241e-01
6483 +2.120845509e-05 +2.120845509e-05 +1.881002121e+01 +1.881002121e+01 -1.9120e-01 +1.7808e+00 -8.2240e-01
6655 +1.413732674e-05 +1.413732674e-05 +1.881001414e+01 +1.881001414e+01 -1.9119e-01 +1.7808e+00 -8.2241e-01
6914 +8.573441800e-06 +8.573441800e-06 +1.881000857e+01 +1.881000857e+01 -1.9120e-01 +1.7808e+00 -8.2240e-01
6977 +5.359394091e-06 +5.359394091e-06 +1.881000536e+01 +1.881000536e+01 -1.9120e-01 +1.7808e+00 -8.2240e-01
7004 +1.097147461e-06 +1.097147461e-06 +1.881000110e+01 +1.881000110e+01 -1.9120e-01 +1.7808e+00 -8.2240e-01
7093 +8.598888108e-07 +8.598888108e-07 +1.881000086e+01 +1.881000086e+01 -1.9120e-01 +1.7808e+00 -8.2240e-01
7215 +6.061301967e-07 +6.061301967e-07 +1.881000061e+01 +1.881000061e+01 -1.9120e-01 +1.7808e+00 -8.2240e-01
7310 +2.904963132e-07 +2.904963132e-07 +1.881000029e+01 +1.881000029e+01 -1.9120e-01 +1.7808e+00 -8.2240e-01
7355 +1.803378069e-07 +1.803378069e-07 +1.881000018e+01 +1.881000018e+01 -1.9120e-01 +1.7808e+00 -8.2240e-01
7400 +1.394937215e-07 +1.394937215e-07 +1.881000014e+01 +1.881000014e+01 -1.9120e-01 +1.7808e+00 -8.2240e-01
7470 +9.245329480e-08 +9.245329480e-08 +1.881000009e+01 +1.881000009e+01 -1.9120e-01 +1.7808e+00 -8.2240e-01
7497 +5.130717184e-08 +5.130717184e-08 +1.881000005e+01 +1.881000005e+01 -1.9120e-01 +1.7808e+00 -8.2240e-01
7517 +1.036130470e-08 +1.036130470e-08 +1.881000001e+01 +1.881000001e+01 -1.9120e-01 +1.7808e+00 -8.2240e-01
7663 +8.825256970e-09 +8.825256970e-09 +1.881000001e+01 +1.881000001e+01 -1.9120e-01 +1.7808e+00 -8.2240e-01
% function evaluation | noise-free fitness - Fopt (2.731500000000e+02) | best noise-free fitness - Fopt | measured fitness | best measured fitness | x1 | x2...
1 +4.149102532e+02 +4.149102532e+02 +6.880602532e+02 +6.880602532e+02 -9.3923e-01 -1.4970e+00 +3.1583e+00
4 +2.555927824e+02 +2.555927824e+02 +5.287427824e+02 +5.287427824e+02 +3.0061e+00 +3.1111e-03 +2.3056e+00
6 +1.337348786e+02 +1.337348786e+02 +4.068848786e+02 +4.068848786e+02 -1.4161e+00 +3.1109e+00 +3.2377e+00
13 +7.286478866e+01 +7.286478866e+01 +3.460147887e+02 +3.460147887e+02 +1.3886e+00 +4.2752e+00 +1.7902e+00
14 +6.294217739e+01 +6.294217739e+01 +3.360921774e+02 +3.360921774e+02 -2.9990e+00 +2.3021e+00 +1.7043e+00
26 +1.720549012e+01 +1.720549012e+01 +2.903554901e+02 +2.903554901e+02 -1.5368e+00 +4.2847e+00 +4.3542e-02
50 +1.526092911e+01 +1.526092911e+01 +2.884109291e+02 +2.884109291e+02 -3.5788e+00 +5.1100e+00 +7.1138e-01
65 +3.854578257e+00 +3.854578257e+00 +2.770045783e+02 +2.770045783e+02 -4.3218e+00 +2.8623e+00 -2.1495e-01
122 +2.030955630e+00 +2.030955630e+00 +2.751809556e+02 +2.751809556e+02 -3.3574e+00 +4.1565e+00 -4.6985e-01
142 +1.533127281e+00 +1.533127281e+00 +2.746831273e+02 +2.746831273e+02 -3.1070e+00 +4.5212e+00 -3.8456e-01
169 +7.374974379e-01 +7.374974379e-01 +2.738874974e+02 +2.738874974e+02 -3.0539e+00 +4.5674e+00 -4.2210e-01
292 +5.981360287e-01 +5.981360287e-01 +2.737481360e+02 +2.737481360e+02 -3.2249e+00 +4.2772e+00 -4.6453e-01
1348 +2.205626430e-01 +2.205626430e-01 +2.733705626e+02 +2.733705626e+02 -3.6311e+00 +3.6418e+00 -4.9449e-01
1521 +9.459670165e-02 +9.459670165e-02 +2.732445967e+02 +2.732445967e+02 -3.6191e+00 +3.6725e+00 -4.9239e-01
1665 +5.653193915e-02 +5.653193915e-02 +2.732065319e+02 +2.732065319e+02 -3.5876e+00 +3.7340e+00 -4.8309e-01
1684 +3.791495592e-02 +3.791495592e-02 +2.731879150e+02 +2.731879150e+02 -3.5742e+00 +3.7650e+00 -4.7588e-01
1692 +2.059892475e-02 +2.059892475e-02 +2.731705989e+02 +2.731705989e+02 -3.5755e+00 +3.7614e+00 -4.7706e-01
1751 +1.055995201e-02 +1.055995201e-02 +2.731605600e+02 +2.731605600e+02 -3.5820e+00 +3.7490e+00 -4.7824e-01
1858 +9.324543636e-03 +9.324543636e-03 +2.731593245e+02 +2.731593245e+02 -3.5880e+00 +3.7378e+00 -4.8004e-01
1907 +5.926560720e-03 +5.926560720e-03 +2.731559266e+02 +2.731559266e+02 -3.5826e+00 +3.7472e+00 -4.7922e-01
1934 +3.746101700e-03 +3.746101700e-03 +2.731537461e+02 +2.731537461e+02 -3.5785e+00 +3.7545e+00 -4.7840e-01
1935 +2.335548077e-03 +2.335548077e-03 +2.731523355e+02 +2.731523355e+02 -3.5797e+00 +3.7527e+00 -4.7842e-01
1942 +1.449519251e-03 +1.449519251e-03 +2.731514495e+02 +2.731514495e+02 -3.5788e+00 +3.7544e+00 -4.7823e-01
1996 +9.933578276e-04 +9.933578276e-04 +2.731509934e+02 +2.731509934e+02 -3.5797e+00 +3.7527e+00 -4.7849e-01
2005 +5.656012008e-04 +5.656012008e-04 +2.731505656e+02 +2.731505656e+02 -3.5790e+00 +3.7539e+00 -4.7839e-01
2116 +3.449362661e-04 +3.449362661e-04 +2.731503449e+02 +2.731503449e+02 -3.5791e+00 +3.7537e+00 -4.7841e-01
2177 +2.361709588e-04 +2.361709588e-04 +2.731502362e+02 +2.731502362e+02 -3.5791e+00 +3.7538e+00 -4.7836e-01
2230 +1.438652824e-04 +1.438652824e-04 +2.731501439e+02 +2.731501439e+02 -3.5792e+00 +3.7536e+00 -4.7841e-01
2266 +5.565331742e-05 +5.565331742e-05 +2.731500557e+02 +2.731500557e+02 -3.5792e+00 +3.7536e+00 -4.7840e-01
2280 +3.127627525e-05 +3.127627525e-05 +2.731500313e+02 +2.731500313e+02 -3.5792e+00 +3.7536e+00 -4.7840e-01
2385 +1.670028172e-05 +1.670028172e-05 +2.731500167e+02 +2.731500167e+02 -3.5792e+00 +3.7536e+00 -4.7840e-01
2415 +1.186915767e-05 +1.186915767e-05 +2.731500119e+02 +2.731500119e+02 -3.5792e+00 +3.7536e+00 -4.7840e-01
2463 +6.033644183e-06 +6.033644183e-06 +2.731500060e+02 +2.731500060e+02 -3.5792e+00 +3.7536e+00 -4.7840e-01
9151 +3.801498622e-06 +3.801498622e-06 +2.731500038e+02 +2.731500038e+02 -3.5792e+00 +3.7536e+00 -4.7840e-01
20206 +1.483645349e-06 +1.483645349e-06 +2.731500015e+02 +2.731500015e+02 -3.5792e+00 +3.7536e+00 -4.7840e-01
20226 +6.536853334e-07 +6.536853334e-07 +2.731500007e+02 +2.731500007e+02 -3.5792e+00 +3.7536e+00 -4.7840e-01
20253 +6.279416311e-07 +6.279416311e-07 +2.731500006e+02 +2.731500006e+02 -3.5792e+00 +3.7536e+00 -4.7840e-01
20281 +2.685566187e-07 +2.685566187e-07 +2.731500003e+02 +2.731500003e+02 -3.5792e+00 +3.7536e+00 -4.7840e-01
20296 +2.396057539e-07 +2.396057539e-07 +2.731500002e+02 +2.731500002e+02 -3.5792e+00 +3.7536e+00 -4.7840e-01
20355 +1.479751290e-07 +1.479751290e-07 +2.731500001e+02 +2.731500001e+02 -3.5792e+00 +3.7536e+00 -4.7840e-01
20405 +9.793916433e-08 +9.793916433e-08 +2.731500001e+02 +2.731500001e+02 -3.5792e+00 +3.7536e+00 -4.7840e-01
20447 +5.876518117e-08 +5.876518117e-08 +2.731500001e+02 +2.731500001e+02 -3.5792e+00 +3.7536e+00 -4.7840e-01
20455 +2.193070259e-08 +2.193070259e-08 +2.731500000e+02 +2.731500000e+02 -3.5792e+00 +3.7536e+00 -4.7840e-01
20481 +1.584612619e-08 +1.584612619e-08 +2.731500000e+02 +2.731500000e+02 -3.5792e+00 +3.7536e+00 -4.7840e-01
20517 +8.986717148e-09 +8.986717148e-09 +2.731500000e+02 +2.731500000e+02 -3.5792e+00 +3.7536e+00 -4.7840e-01
% function evaluation | noise-free fitness - Fopt (2.731500000000e+02) | best noise-free fitness - Fopt | measured fitness | best measured fitness | x1 | x2...
1 +1.213800245e+02 +1.213800245e+02 +3.945300245e+02 +3.945300245e+02 +1.3588e+00 +3.7535e+00 +1.2433e+00
5 +5.628525279e+01 +5.628525279e+01 +3.294352528e+02 +3.294352528e+02 -6.1093e-01 +4.9852e+00 +1.1906e+00
7 +5.960197518e+00 +5.960197518e+00 +2.791101975e+02 +2.791101975e+02 -3.0910e+00 +4.9532e+00 +3.4910e-01
121 +1.670592067e+00 +1.670592067e+00 +2.748205921e+02 +2.748205921e+02 -2.6475e+00 +5.1804e+00 -3.7540e-01
205 +5.550201456e-01 +5.550201456e-01 +2.737050201e+02 +2.737050201e+02 -3.2191e+00 +4.3599e+00 -4.0956e-01
299 +2.875827695e-01 +2.875827695e-01 +2.734375828e+02 +2.734375828e+02 -3.2935e+00 +4.2301e+00 -4.1509e-01
369 +2.279797332e-01 +2.279797332e-01 +2.733779797e+02 +2.733779797e+02 -3.3180e+00 +4.1882e+00 -4.2359e-01
495 +1.447816019e-01 +1.447816019e-01 +2.732947816e+02 +2.732947816e+02 -3.3138e+00 +4.1953e+00 -4.2143e-01
2731 +7.903245147e-02 +7.903245147e-02 +2.732290325e+02 +2.732290325e+02 -3.5308e+00 +3.8253e+00 -4.7423e-01
2760 +5.295901488e-02 +5.295901488e-02 +2.732029590e+02 +2.732029590e+02 -3.5309e+00 +3.8316e+00 -4.7081e-01
2860 +3.663918193e-02 +3.663918193e-02 +2.731866392e+02 +2.731866392e+02 -3.5281e+00 +3.8393e+00 -4.6694e-01
3461 +2.490372798e-02 +2.490372798e-02 +2.731749037e+02 +2.731749037e+02 -3.5298e+00 +3.8358e+00 -4.6780e-01
6009 +6.660417113e-03 +6.660417113e-03 +2.731566604e+02 +2.731566604e+02 -3.5817e+00 +3.7485e+00 -4.7951e-01
6123 +2.811681888e-03 +2.811681888e-03 +2.731528117e+02 +2.731528117e+02 -3.5795e+00 +3.7531e+00 -4.7829e-01
6276 +2.144647342e-03 +2.144647342e-03 +2.731521446e+02 +2.731521446e+02 -3.5791e+00 +3.7536e+00 -4.7842e-01
6330 +1.367760805e-03 +1.367760805e-03 +2.731513678e+02 +2.731513678e+02 -3.5798e+00 +3.7526e+00 -4.7858e-01
6400 +6.207742985e-04 +6.207742985e-04 +2.731506208e+02 +2.731506208e+02 -3.5792e+00 +3.7536e+00 -4.7836e-01
6458 +3.191391991e-04 +3.191391991e-04 +2.731503191e+02 +2.731503191e+02 -3.5791e+00 +3.7538e+00 -4.7836e-01
6492 +2.401375992e-04 +2.401375992e-04 +2.731502401e+02 +2.731502401e+02 -3.5791e+00 +3.7538e+00 -4.7837e-01
6664 +1.521999363e-04 +1.521999363e-04 +2.731501522e+02 +2.731501522e+02 -3.5792e+00 +3.7536e+00 -4.7839e-01
6711 +8.646122575e-05 +8.646122575e-05 +2.731500865e+02 +2.731500865e+02 -3.5792e+00 +3.7536e+00 -4.7839e-01
6742 +4.745786686e-05 +4.745786686e-05 +2.731500475e+02 +2.731500475e+02 -3.5792e+00 +3.7536e+00 -4.7840e-01
6759 +3.166571156e-05 +3.166571156e-05 +2.731500317e+02 +2.731500317e+02 -3.5792e+00 +3.7536e+00 -4.7840e-01
6885 +1.988580840e-05 +1.988580840e-05 +2.731500199e+02 +2.731500199e+02 -3.5792e+00 +3.7536e+00 -4.7840e-01
6909 +1.424940973e-05 +1.424940973e-05 +2.731500142e+02 +2.731500142e+02 -3.5792e+00 +3.7536e+00 -4.7840e-01
6952 +2.947120379e-06 +2.947120379e-06 +2.731500029e+02 +2.731500029e+02 -3.5792e+00 +3.7536e+00 -4.7840e-01
7015 +8.590137099e-07 +8.590137099e-07 +2.731500009e+02 +2.731500009e+02 -3.5792e+00 +3.7536e+00 -4.7840e-01
7251 +5.792672368e-07 +5.792672368e-07 +2.731500006e+02 +2.731500006e+02 -3.5792e+00 +3.7536e+00 -4.7840e-01
7313 +3.601526259e-07 +3.601526259e-07 +2.731500004e+02 +2.731500004e+02 -3.5792e+00 +3.7536e+00 -4.7840e-01
7477 +1.216745886e-07 +1.216745886e-07 +2.731500001e+02 +2.731500001e+02 -3.5792e+00 +3.7536e+00 -4.7840e-01
7633 +7.549539305e-08 +7.549539305e-08 +2.731500001e+02 +2.731500001e+02 -3.5792e+00 +3.7536e+00 -4.7840e-01
7653 +4.221158179e-08 +4.221158179e-08 +2.731500000e+02 +2.731500000e+02 -3.5792e+00 +3.7536e+00 -4.7840e-01
7679 +2.255035270e-08 +2.255035270e-08 +2.731500000e+02 +2.731500000e+02 -3.5792e+00 +3.7536e+00 -4.7840e-01
7710 +1.527291715e-08 +1.527291715e-08 +2.731500000e+02 +2.731500000e+02 -3.5792e+00 +3.7536e+00 -4.7840e-01
7717 +8.784127203e-09 +8.784127203e-09 +2.731500000e+02 +2.731500000e+02 -3.5792e+00 +3.7536e+00 -4.7840e-01
% function evaluation | noise-free fitness - Fopt (2.731500000000e+02) | best noise-free fitness - Fopt | measured fitness | best measured fitness | x1 | x2...
1 +7.491802784e+01 +7.491802784e+01 +3.480680278e+02 +3.480680278e+02 -1.6488e+00 +3.1496e+00 -5.1355e-01
2 +6.138368797e+01 +6.138368797e+01 +3.345336880e+02 +3.345336880e+02 -3.2794e-01 +5.9434e+00 -1.5907e+00
3 +3.499891331e+01 +3.499891331e+01 +3.081489133e+02 +3.081489133e+02 -3.2860e+00 +4.5321e+00 +2.2749e+00
4 +1.135396684e+01 +1.135396684e+01 +2.845039668e+02 +2.845039668e+02 -2.7386e+00 +5.4280e+00 +4.1988e-01
40 +4.406848112e+00 +4.406848112e+00 +2.775568481e+02 +2.775568481e+02 -3.0538e+00 +4.2731e+00 -5.9915e-01
44 +2.286603595e+00 +2.286603595e+00 +2.754366036e+02 +2.754366036e+02 -3.8483e+00 +3.2618e+00 -7.8523e-01
198 +1.220353731e+00 +1.220353731e+00 +2.743703537e+02 +2.743703537e+02 -3.1906e+00 +4.3030e+00 -4.7456e-01
239 +8.565428559e-01 +8.565428559e-01 +2.740065429e+02 +2.740065429e+02 -3.1216e+00 +4.5573e+00 -3.1096e-01
288 +4.808952389e-01 +4.808952389e-01 +2.736308952e+02 +2.736308952e+02 -3.2154e+00 +4.3490e+00 -4.0758e-01
311 +3.783655377e-01 +3.783655377e-01 +2.735283655e+02 +2.735283655e+02 -3.1925e+00 +4.3974e+00 -3.9753e-01
458 +2.463161239e-01 +2.463161239e-01 +2.733963161e+02 +2.733963161e+02 -3.1985e+00 +4.3896e+00 -3.9396e-01
4031 +1.584532679e-01 +1.584532679e-01 +2.733084533e+02 +2.733084533e+02 -3.8192e+00 +3.2752e+00 -5.3391e-01
6658 +8.282098692e-02 +8.282098692e-02 +2.732328210e+02 +2.732328210e+02 -3.6532e+00 +3.6098e+00 -4.9042e-01
6690 +5.273457816e-02 +5.273457816e-02 +2.732027346e+02 +2.732027346e+02 -3.5731e+00 +3.7713e+00 -4.7279e-01
6786 +2.385458897e-02 +2.385458897e-02 +2.731738546e+02 +2.731738546e+02 -3.5868e+00 +3.7440e+00 -4.7815e-01
6889 +1.350374787e-02 +1.350374787e-02 +2.731635037e+02 +2.731635037e+02 -3.5752e+00 +3.7605e+00 -4.7677e-01
6936 +8.415117796e-03 +8.415117796e-03 +2.731584151e+02 +2.731584151e+02 -3.5824e+00 +3.7483e+00 -4.7863e-01
6940 +5.141877941e-03 +5.141877941e-03 +2.731551419e+02 +2.731551419e+02 -3.5752e+00 +3.7599e+00 -4.7787e-01
7033 +2.908508873e-03 +2.908508873e-03 +2.731529085e+02 +2.731529085e+02 -3.5794e+00 +3.7533e+00 -4.7820e-01
7040 +2.409317875e-03 +2.409317875e-03 +2.731524093e+02 +2.731524093e+02 -3.5796e+00 +3.7529e+00 -4.7859e-01
7167 +1.366227807e-03 +1.366227807e-03 +2.731513662e+02 +2.731513662e+02 -3.5799e+00 +3.7524e+00 -4.7857e-01
7219 +9.211822990e-04 +9.211822990e-04 +2.731509212e+02 +2.731509212e+02 -3.5795e+00 +3.7532e+00 -4.7845e-01
7250 +2.230840352e-04 +2.230840352e-04 +2.731502231e+02 +2.731502231e+02 -3.5792e+00 +3.7536e+00 -4.7839e-01
7430 +1.148799423e-04 +1.148799423e-04 +2.731501149e+02 +2.731501149e+02 -3.5792e+00 +3.7536e+00 -4.7840e-01
7474 +8.529779507e-05 +8.529779507e-05 +2.731500853e+02 +2.731500853e+02 -3.5792e+00 +3.7536e+00 -4.7840e-01
7525 +3.311417908e-05 +3.311417908e-05 +2.731500331e+02 +2.731500331e+02 -3.5792e+00 +3.7536e+00 -4.7840e-01
7649 +1.025595225e-05 +1.025595225e-05 +2.731500103e+02 +2.731500103e+02 -3.5792e+00 +3.7536e+00 -4.7840e-01
7888 +8.656042723e-06 +8.656042723e-06 +2.731500087e+02 +2.731500087e+02 -3.5792e+00 +3.7536e+00 -4.7840e-01
7971 +4.858007060e-06 +4.858007060e-06 +2.731500049e+02 +2.731500049e+02 -3.5792e+00 +3.7536e+00 -4.7840e-01
8017 +1.300256599e-06 +1.300256599e-06 +2.731500013e+02 +2.731500013e+02 -3.5792e+00 +3.7536e+00 -4.7840e-01
8072 +7.593323517e-07 +7.593323517e-07 +2.731500008e+02 +2.731500008e+02 -3.5792e+00 +3.7536e+00 -4.7840e-01
8130 +5.278502613e-07 +5.278502613e-07 +2.731500005e+02 +2.731500005e+02 -3.5792e+00 +3.7536e+00 -4.7840e-01
8304 +2.607741862e-07 +2.607741862e-07 +2.731500003e+02 +2.731500003e+02 -3.5792e+00 +3.7536e+00 -4.7840e-01
8330 +2.023316483e-07 +2.023316483e-07 +2.731500002e+02 +2.731500002e+02 -3.5792e+00 +3.7536e+00 -4.7840e-01
8485 +1.486998258e-07 +1.486998258e-07 +2.731500001e+02 +2.731500001e+02 -3.5792e+00 +3.7536e+00 -4.7840e-01
8545 +9.647254728e-08 +9.647254728e-08 +2.731500001e+02 +2.731500001e+02 -3.5792e+00 +3.7536e+00 -4.7840e-01
8621 +4.940130793e-08 +4.940130793e-08 +2.731500000e+02 +2.731500000e+02 -3.5792e+00 +3.7536e+00 -4.7840e-01
8638 +2.756149797e-08 +2.756149797e-08 +2.731500000e+02 +2.731500000e+02 -3.5792e+00 +3.7536e+00 -4.7840e-01
8657 +2.149891998e-08 +2.149891998e-08 +2.731500000e+02 +2.731500000e+02 -3.5792e+00 +3.7536e+00 -4.7840e-01
8716 +1.300941221e-08 +1.300941221e-08 +2.731500000e+02 +2.731500000e+02 -3.5792e+00 +3.7536e+00 -4.7840e-01
8773 +7.969845228e-09 +7.969845228e-09 +2.731500000e+02 +2.731500000e+02 -3.5792e+00 +3.7536e+00 -4.7840e-01
8776 +6.034554190e-09 +6.034554190e-09 +2.731500000e+02 +2.731500000e+02 -3.5792e+00 +3.7536e+00 -4.7840e-01
8778 +3.702780305e-09 +3.702780305e-09 +2.731500000e+02 +2.731500000e+02 -3.5792e+00 +3.7536e+00 -4.7840e-01
8784 +1.869125299e-09 +1.869125299e-09 +2.731500000e+02 +2.731500000e+02 -3.5792e+00 +3.7536e+00 -4.7840e-01
% function evaluation | noise-free fitness - Fopt (3.718000000000e+01) | best noise-free fitness - Fopt | measured fitness | best measured fitness | x1 | x2...
1 +8.186635944e+01 +8.186635944e+01 +1.190463594e+02 +1.190463594e+02 -3.5773e+00 -3.2480e+00 -1.9384e-01
4 +5.081510539e+01 +5.081510539e+01 +8.799510539e+01 +8.799510539e+01 -4.4413e+00 -2.0598e+00 -1.7257e-01
23 +1.795970356e+01 +1.795970356e+01 +5.513970356e+01 +5.513970356e+01 -3.9338e+00 +2.7321e+00 +2.4197e+00
27 +1.206337947e+01 +1.206337947e+01 +4.924337947e+01 +4.924337947e+01 -4.2421e+00 +2.3777e+00 +2.3710e+00
68 +7.778662317e+00 +7.778662317e+00 +4.495866232e+01 +4.495866232e+01 -5.3997e+00 +2.0613e+00 +1.9119e+00
73 +4.843982080e+00 +4.843982080e+00 +4.202398208e+01 +4.202398208e+01 -5.0601e+00 +1.6585e+00 +1.6254e+00
81 +2.633499769e+00 +2.633499769e+00 +3.981349977e+01 +3.981349977e+01 -5.0803e+00 +1.7389e+00 +2.1727e+00
205 +2.323075573e+00 +2.323075573e+00 +3.950307557e+01 +3.950307557e+01 -5.0543e+00 +1.7912e+00 +2.0273e+00
218 +1.240589512e+00 +1.240589512e+00 +3.842058951e+01 +3.842058951e+01 -5.1212e+00 +1.8360e+00 +2.1037e+00
458 +9.946662236e-01 +9.946662236e-01 +3.817466622e+01 +3.817466622e+01 -5.2469e+00 +1.7736e+00 +2.0177e+00
2065 +5.372281807e-01 +5.372281807e-01 +3.771722818e+01 +3.771722818e+01 -3.8761e+00 +2.0252e+00 +2.0612e+00
2079 +2.579980201e-01 +2.579980201e-01 +3.743799802e+01 +3.743799802e+01 -3.3804e+00 +2.2411e+00 +2.0841e+00
2111 +2.488405084e-01 +2.488405084e-01 +3.742884051e+01 +3.742884051e+01 -3.9552e+00 +2.0501e+00 +2.0554e+00
2218 +1.338219484e-01 +1.338219484e-01 +3.731382195e+01 +3.731382195e+01 -3.9426e+00 +2.0498e+00 +2.0454e+00
2253 +6.220306290e-02 +6.220306290e-02 +3.724220306e+01 +3.724220306e+01 -3.9232e+00 +2.0553e+00 +2.0446e+00
2333 +2.966918718e-02 +2.966918718e-02 +3.720966919e+01 +3.720966919e+01 -3.8819e+00 +2.0652e+00 +2.0418e+00
2356 +2.180361362e-02 +2.180361362e-02 +3.720180361e+01 +3.720180361e+01 -3.8698e+00 +2.0704e+00 +2.0434e+00
2379 +1.171272268e-02 +1.171272268e-02 +3.719171272e+01 +3.719171272e+01 -3.8922e+00 +2.0627e+00 +2.0405e+00
2477 +7.865695368e-03 +7.865695368e-03 +3.718786570e+01 +3.718786570e+01 -3.8961e+00 +2.0613e+00 +2.0404e+00
2484 +2.943021103e-03 +2.943021103e-03 +3.718294302e+01 +3.718294302e+01 -3.8983e+00 +2.0602e+00 +2.0400e+00
2559 +2.431746435e-03 +2.431746435e-03 +3.718243175e+01 +3.718243175e+01 -3.9004e+00 +2.0597e+00 +2.0399e+00
2572 +1.332551630e-03 +1.332551630e-03 +3.718133255e+01 +3.718133255e+01 -3.8994e+00 +2.0599e+00 +2.0399e+00
2604 +9.957141062e-04 +9.957141062e-04 +3.718099571e+01 +3.718099571e+01 -3.8992e+00 +2.0600e+00 +2.0398e+00
2695 +5.436634120e-04 +5.436634120e-04 +3.718054366e+01 +3.718054366e+01 -3.8990e+00 +2.0600e+00 +2.0400e+00
2696 +3.463949232e-04 +3.463949232e-04 +3.718034639e+01 +3.718034639e+01 -3.8989e+00 +2.0601e+00 +2.0400e+00
2755 +2.499418155e-04 +2.499418155e-04 +3.718024994e+01 +3.718024994e+01 -3.8990e+00 +2.0600e+00 +2.0400e+00
2783 +1.052683546e-04 +1.052683546e-04 +3.718010527e+01 +3.718010527e+01 -3.8992e+00 +2.0600e+00 +2.0400e+00
2839 +3.877073951e-05 +3.877073951e-05 +3.718003877e+01 +3.718003877e+01 -3.8992e+00 +2.0600e+00 +2.0400e+00
3031 +1.207865220e-05 +1.207865220e-05 +3.718001208e+01 +3.718001208e+01 -3.8992e+00 +2.0600e+00 +2.0400e+00
14678 +8.654772323e-06 +8.654772323e-06 +3.718000865e+01 +3.718000865e+01 -3.8992e+00 +2.0600e+00 +2.0400e+00
14715 +5.136097947e-06 +5.136097947e-06 +3.718000514e+01 +3.718000514e+01 -3.8992e+00 +2.0600e+00 +2.0400e+00
14747 +3.400350288e-06 +3.400350288e-06 +3.718000340e+01 +3.718000340e+01 -3.8992e+00 +2.0600e+00 +2.0400e+00
14854 +1.857839457e-06 +1.857839457e-06 +3.718000186e+01 +3.718000186e+01 -3.8992e+00 +2.0600e+00 +2.0400e+00
14868 +7.483640942e-07 +7.483640942e-07 +3.718000075e+01 +3.718000075e+01 -3.8992e+00 +2.0600e+00 +2.0400e+00
15017 +5.355272563e-07 +5.355272563e-07 +3.718000054e+01 +3.718000054e+01 -3.8992e+00 +2.0600e+00 +2.0400e+00
15054 +3.084063920e-07 +3.084063920e-07 +3.718000031e+01 +3.718000031e+01 -3.8992e+00 +2.0600e+00 +2.0400e+00
15156 +2.270598856e-07 +2.270598856e-07 +3.718000023e+01 +3.718000023e+01 -3.8992e+00 +2.0600e+00 +2.0400e+00
15308 +1.362090600e-07 +1.362090600e-07 +3.718000014e+01 +3.718000014e+01 -3.8992e+00 +2.0600e+00 +2.0400e+00
15402 +6.220623305e-08 +6.220623305e-08 +3.718000006e+01 +3.718000006e+01 -3.8992e+00 +2.0600e+00 +2.0400e+00
15481 +3.285089178e-08 +3.285089178e-08 +3.718000003e+01 +3.718000003e+01 -3.8992e+00 +2.0600e+00 +2.0400e+00
15565 +2.286565604e-08 +2.286565604e-08 +3.718000002e+01 +3.718000002e+01 -3.8992e+00 +2.0600e+00 +2.0400e+00
15639 +1.338840860e-08 +1.338840860e-08 +3.718000001e+01 +3.718000001e+01 -3.8992e+00 +2.0600e+00 +2.0400e+00
15652 +9.471797568e-09 +9.471797568e-09 +3.718000001e+01 +3.718000001e+01 -3.8992e+00 +2.0600e+00 +2.0400e+00
% function evaluation | noise-free fitness - Fopt (3.718000000000e+01) | best noise-free fitness - Fopt | measured fitness | best measured fitness | x1 | x2...
1 +1.717591665e+02 +1.717591665e+02 +2.089391665e+02 +2.089391665e+02 +2.3105e+00 -3.1206e+00 +2.1637e+00
2 +1.336935019e+02 +1.336935019e+02 +1.708735019e+02 +1.708735019e+02 +3.5362e+00 -4.2263e+00 +2.5295e+00
5 +5.422655450e+01 +5.422655450e+01 +9.140655450e+01 +9.140655450e+01 -2.6485e+00 +2.2241e-01 +4.3395e+00
20 +2.394343446e+01 +2.394343446e+01 +6.112343446e+01 +6.112343446e+01 +1.4056e+00 +1.4565e+00 +2.1678e+00
47 +8.787740641e+00 +8.787740641e+00 +4.596774064e+01 +4.596774064e+01 -3.2074e+00 +2.7944e+00 +3.1740e+00
73 +3.959994180e+00 +3.959994180e+00 +4.113999418e+01 +4.113999418e+01 -2.4568e+00 +2.4636e+00 +2.2123e+00
105 +2.009755869e+00 +2.009755869e+00 +3.918975587e+01 +3.918975587e+01 -3.7309e+00 +2.2477e+00 +2.0280e+00
165 +1.172351103e+00 +1.172351103e+00 +3.835235110e+01 +3.835235110e+01 -4.3668e+00 +1.9972e+00 +2.1383e+00
182 +7.856388314e-01 +7.856388314e-01 +3.796563883e+01 +3.796563883e+01 -4.3873e+00 +1.9797e+00 +2.0551e+00
238 +5.481702187e-01 +5.481702187e-01 +3.772817022e+01 +3.772817022e+01 -4.0467e+00 +2.0191e+00 +1.9957e+00
274 +3.820958508e-01 +3.820958508e-01 +3.756209585e+01 +3.756209585e+01 -4.2332e+00 +1.9855e+00 +2.0380e+00
292 +2.353575088e-01 +2.353575088e-01 +3.741535751e+01 +3.741535751e+01 -4.2562e+00 +1.9838e+00 +2.0411e+00
416 +1.496893325e-01 +1.496893325e-01 +3.732968933e+01 +3.732968933e+01 -4.2475e+00 +1.9872e+00 +2.0373e+00
584 +9.676658916e-02 +9.676658916e-02 +3.727676659e+01 +3.727676659e+01 -4.2521e+00 +1.9851e+00 +2.0343e+00
2322 +6.083051922e-02 +6.083051922e-02 +3.724083052e+01 +3.724083052e+01 -3.8697e+00 +2.0675e+00 +2.0452e+00
2336 +3.889963345e-02 +3.889963345e-02 +3.721889963e+01 +3.721889963e+01 -3.8832e+00 +2.0664e+00 +2.0430e+00
2386 +1.833594540e-02 +1.833594540e-02 +3.719833595e+01 +3.719833595e+01 -3.9111e+00 +2.0574e+00 +2.0399e+00
2414 +1.126888333e-02 +1.126888333e-02 +3.719126888e+01 +3.719126888e+01 -3.9074e+00 +2.0581e+00 +2.0400e+00
2505 +8.453851461e-03 +8.453851461e-03 +3.718845385e+01 +3.718845385e+01 -3.8831e+00 +2.0646e+00 +2.0404e+00
2510 +4.123460321e-03 +4.123460321e-03 +3.718412346e+01 +3.718412346e+01 -3.8970e+00 +2.0603e+00 +2.0397e+00
2527 +3.057688948e-03 +3.057688948e-03 +3.718305769e+01 +3.718305769e+01 -3.8981e+00 +2.0602e+00 +2.0400e+00
2622 +1.616121543e-03 +1.616121543e-03 +3.718161612e+01 +3.718161612e+01 -3.8982e+00 +2.0602e+00 +2.0399e+00
2655 +9.370486087e-04 +9.370486087e-04 +3.718093705e+01 +3.718093705e+01 -3.8980e+00 +2.0603e+00 +2.0401e+00
2688 +2.999151695e-04 +2.999151695e-04 +3.718029992e+01 +3.718029992e+01 -3.8990e+00 +2.0601e+00 +2.0400e+00
2740 +2.446364566e-04 +2.446364566e-04 +3.718024464e+01 +3.718024464e+01 -3.8992e+00 +2.0600e+00 +2.0400e+00
2775 +7.448827733e-05 +7.448827733e-05 +3.718007449e+01 +3.718007449e+01 -3.8992e+00 +2.0600e+00 +2.0400e+00
2882 +5.607250162e-05 +5.607250162e-05 +3.718005607e+01 +3.718005607e+01 -3.8992e+00 +2.0600e+00 +2.0400e+00
2898 +2.201213696e-05 +2.201213696e-05 +3.718002201e+01 +3.718002201e+01 -3.8992e+00 +2.0600e+00 +2.0400e+00
2948 +1.363014493e-05 +1.363014493e-05 +3.718001363e+01 +3.718001363e+01 -3.8992e+00 +2.0600e+00 +2.0400e+00
3073 +9.435148783e-06 +9.435148783e-06 +3.718000944e+01 +3.718000944e+01 -3.8992e+00 +2.0600e+00 +2.0400e+00
3078 +5.018521342e-06 +5.018521342e-06 +3.718000502e+01 +3.718000502e+01 -3.8992e+00 +2.0600e+00 +2.0400e+00
3095 +9.327093338e-07 +9.327093338e-07 +3.718000093e+01 +3.718000093e+01 -3.8992e+00 +2.0600e+00 +2.0400e+00
3183 +5.842160604e-07 +5.842160604e-07 +3.718000058e+01 +3.718000058e+01 -3.8992e+00 +2.0600e+00 +2.0400e+00
3241 +3.678559040e-07 +3.678559040e-07 +3.718000037e+01 +3.718000037e+01 -3.8992e+00 +2.0600e+00 +2.0400e+00
3274 +2.449459160e-07 +2.449459160e-07 +3.718000024e+01 +3.718000024e+01 -3.8992e+00 +2.0600e+00 +2.0400e+00
3294 +1.088717738e-07 +1.088717738e-07 +3.718000011e+01 +3.718000011e+01 -3.8992e+00 +2.0600e+00 +2.0400e+00
3375 +8.586886224e-08 +8.586886224e-08 +3.718000009e+01 +3.718000009e+01 -3.8992e+00 +2.0600e+00 +2.0400e+00
3385 +5.761663147e-08 +5.761663147e-08 +3.718000006e+01 +3.718000006e+01 -3.8992e+00 +2.0600e+00 +2.0400e+00
3408 +3.283508931e-08 +3.283508931e-08 +3.718000003e+01 +3.718000003e+01 -3.8992e+00 +2.0600e+00 +2.0400e+00
3422 +1.856308529e-08 +1.856308529e-08 +3.718000002e+01 +3.718000002e+01 -3.8992e+00 +2.0600e+00 +2.0400e+00
3450 +1.199322242e-08 +1.199322242e-08 +3.718000001e+01 +3.718000001e+01 -3.8992e+00 +2.0600e+00 +2.0400e+00
3489 +9.809014045e-09 +9.809014045e-09 +3.718000001e+01 +3.718000001e+01 -3.8992e+00 +2.0600e+00 +2.0400e+00
3490 +6.305867828e-09 +6.305867828e-09 +3.718000001e+01 +3.718000001e+01 -3.8992e+00 +2.0600e+00 +2.0400e+00
% function evaluation | noise-free fitness - Fopt (3.718000000000e+01) | best noise-free fitness - Fopt | measured fitness | best measured fitness | x1 | x2...
1 +6.529220203e+01 +6.529220203e+01 +1.024722020e+02 +1.024722020e+02 -8.8447e-02 -1.9723e+00 -1.1366e+00
34 +5.578438553e+01 +5.578438553e+01 +9.296438553e+01 +9.296438553e+01 +1.5152e+00 -9.8292e-01 -1.2933e+00
92 +1.036863918e+01 +1.036863918e+01 +4.754863918e+01 +4.754863918e+01 -4.0003e-01 +2.7554e+00 +1.3601e+00
95 +8.906032558e+00 +8.906032558e+00 +4.608603256e+01 +4.608603256e+01 -4.7517e+00 +2.2348e+00 +1.4138e+00
164 +1.650296114e+00 +1.650296114e+00 +3.883029611e+01 +3.883029611e+01 -5.1704e+00 +1.8261e+00 +2.0950e+00
217 +1.189457185e+00 +1.189457185e+00 +3.836945718e+01 +3.836945718e+01 -3.5708e+00 +2.2700e+00 +2.1333e+00
264 +9.329545850e-01 +9.329545850e-01 +3.811295459e+01 +3.811295459e+01 -3.1007e+00 +2.3001e+00 +2.0608e+00
312 +5.753579841e-01 +5.753579841e-01 +3.775535798e+01 +3.775535798e+01 -3.3836e+00 +2.2425e+00 +2.0550e+00
328 +3.811595665e-01 +3.811595665e-01 +3.756115957e+01 +3.756115957e+01 -3.3772e+00 +2.2451e+00 +2.0645e+00
520 +2.402567146e-01 +2.402567146e-01 +3.742025671e+01 +3.742025671e+01 -3.1342e+00 +2.3104e+00 +2.0923e+00
2157 +3.886463640e-02 +3.886463640e-02 +3.721886464e+01 +3.721886464e+01 -3.8967e+00 +2.0586e+00 +2.0349e+00
2289 +1.852807381e-02 +1.852807381e-02 +3.719852807e+01 +3.719852807e+01 -3.8917e+00 +2.0612e+00 +2.0377e+00
2328 +5.964908162e-03 +5.964908162e-03 +3.718596491e+01 +3.718596491e+01 -3.9017e+00 +2.0597e+00 +2.0404e+00
2412 +3.546471946e-03 +3.546471946e-03 +3.718354647e+01 +3.718354647e+01 -3.8990e+00 +2.0601e+00 +2.0398e+00
2501 +1.452915509e-03 +1.452915509e-03 +3.718145292e+01 +3.718145292e+01 -3.8985e+00 +2.0601e+00 +2.0399e+00
2621 +3.138966664e-04 +3.138966664e-04 +3.718031390e+01 +3.718031390e+01 -3.8994e+00 +2.0600e+00 +2.0400e+00
2817 +2.473539639e-04 +2.473539639e-04 +3.718024735e+01 +3.718024735e+01 -3.8990e+00 +2.0600e+00 +2.0400e+00
2860 +1.503731702e-04 +1.503731702e-04 +3.718015037e+01 +3.718015037e+01 -3.8990e+00 +2.0600e+00 +2.0400e+00
2966 +3.263318904e-05 +3.263318904e-05 +3.718003263e+01 +3.718003263e+01 -3.8992e+00 +2.0600e+00 +2.0400e+00
3074 +2.380392919e-05 +2.380392919e-05 +3.718002380e+01 +3.718002380e+01 -3.8992e+00 +2.0600e+00 +2.0400e+00
6175 +1.098653470e-06 +1.098653470e-06 +3.718000110e+01 +3.718000110e+01 -3.8992e+00 +2.0600e+00 +2.0400e+00
6407 +8.627932004e-07 +8.627932004e-07 +3.718000086e+01 +3.718000086e+01 -3.8992e+00 +2.0600e+00 +2.0400e+00
6469 +2.897560520e-07 +2.897560520e-07 +3.718000029e+01 +3.718000029e+01 -3.8992e+00 +2.0600e+00 +2.0400e+00
6602 +1.494705799e-07 +1.494705799e-07 +3.718000015e+01 +3.718000015e+01 -3.8992e+00 +2.0600e+00 +2.0400e+00
6743 +7.619527764e-08 +7.619527764e-08 +3.718000008e+01 +3.718000008e+01 -3.8992e+00 +2.0600e+00 +2.0400e+00
6776 +4.315429436e-08 +4.315429436e-08 +3.718000004e+01 +3.718000004e+01 -3.8992e+00 +2.0600e+00 +2.0400e+00
6813 +9.435630943e-09 +9.435630943e-09 +3.718000001e+01 +3.718000001e+01 -3.8992e+00 +2.0600e+00 +2.0400e+00
% function evaluation | noise-free fitness - Fopt (-1.479000000000e+02) | best noise-free fitness - Fopt | measured fitness | best measured fitness | x1 | x2...
1 +6.450779784e+01 +6.450779784e+01 -8.339220216e+01 -8.339220216e+01 +1.9737e-01 -1.5235e+00 -3.6447e+00
2 +2.383480795e+01 +2.383480795e+01 -1.240651921e+02 -1.240651921e+02 +9.3830e-01 -7.3750e-01 -1.7354e+00
27 +1.499763407e+01 +1.499763407e+01 -1.329023659e+02 -1.329023659e+02 -2.5187e+00 -8.9359e-01 -1.7929e-01
69 +5.349710147e+00 +5.349710147e+00 -1.425502899e+02 -1.425502899e+02 -1.3258e+00 -5.1709e-01 -3.1058e-01
114 +3.394381614e+00 +3.394381614e+00 -1.445056184e+02 -1.445056184e+02 -1.5247e+00 +5.2432e-01 +1.5342e+00
119 +2.497913794e+00 +2.497913794e+00 -1.454020862e+02 -1.454020862e+02 -2.1575e+00 -1.7318e-01 +6.3369e-01
122 +1.500330880e+00 +1.500330880e+00 -1.463996691e+02 -1.463996691e+02 -1.7332e+00 +2.8783e-01 +1.4711e+00
223 +4.383625352e-01 +4.383625352e-01 -1.474616375e+02 -1.474616375e+02 -1.6979e+00 +3.6761e-01 +1.5366e+00
267 +3.012088051e-01 +3.012088051e-01 -1.475987912e+02 -1.475987912e+02 -1.6623e+00 +2.6900e-01 +1.3633e+00
300 +4.725157460e-02 +4.725157460e-02 -1.478527484e+02 -1.478527484e+02 -1.6810e+00 +1.7111e-01 +1.1948e+00
418 +3.126544307e-02 +3.126544307e-02 -1.478687346e+02 -1.478687346e+02 -1.6690e+00 +1.3473e-01 +1.1349e+00
466 +2.309423557e-02 +2.309423557e-02 -1.478769058e+02 -1.478769058e+02 -1.6700e+00 +1.4236e-01 +1.1480e+00
495 +7.667995745e-03 +7.667995745e-03 -1.478923320e+02 -1.478923320e+02 -1.6701e+00 +1.3523e-01 +1.1362e+00
564 +5.722580867e-03 +5.722580867e-03 -1.478942774e+02 -1.478942774e+02 -1.6710e+00 +1.3635e-01 +1.1389e+00
584 +3.464101521e-03 +3.464101521e-03 -1.478965359e+02 -1.478965359e+02 -1.6704e+00 +1.3623e-01 +1.1385e+00
601 +1.120748477e-03 +1.120748477e-03 -1.478988793e+02 -1.478988793e+02 -1.6703e+00 +1.3564e-01 +1.1376e+00
877 +9.024027089e-04 +9.024027089e-04 -1.478990976e+02 -1.478990976e+02 -1.6704e+00 +1.3678e-01 +1.1395e+00
2943 +4.884150654e-04 +4.884150654e-04 -1.478995116e+02 -1.478995116e+02 -1.6704e+00 +1.3536e-01 +1.1371e+00
3044 +3.816706659e-04 +3.816706659e-04 -1.478996183e+02 -1.478996183e+02 -1.6704e+00 +1.3538e-01 +1.1371e+00
3072 +2.231339917e-04 +2.231339917e-04 -1.478997769e+02 -1.478997769e+02 -1.6704e+00 +1.3521e-01 +1.1368e+00
3089 +1.052199557e-04 +1.052199557e-04 -1.478998948e+02 -1.478998948e+02 -1.6704e+00 +1.3520e-01 +1.1368e+00
3097 +8.708907040e-05 +8.708907040e-05 -1.478999129e+02 -1.478999129e+02 -1.6704e+00 +1.3521e-01 +1.1368e+00
3126 +4.462201028e-05 +4.462201028e-05 -1.478999554e+02 -1.478999554e+02 -1.6704e+00 +1.3522e-01 +1.1368e+00
3146 +3.133769687e-05 +3.133769687e-05 -1.478999687e+02 -1.478999687e+02 -1.6704e+00 +1.3519e-01 +1.1368e+00
3195 +8.820422380e-06 +8.820422380e-06 -1.478999912e+02 -1.478999912e+02 -1.6704e+00 +1.3520e-01 +1.1368e+00
6762 +4.286990958e-06 +4.286990958e-06 -1.478999957e+02 -1.478999957e+02 -1.6704e+00 +1.3520e-01 +1.1368e+00
6797 +2.427701276e-06 +2.427701276e-06 -1.478999976e+02 -1.478999976e+02 -1.6704e+00 +1.3520e-01 +1.1368e+00
6836 +1.009465251e-06 +1.009465251e-06 -1.478999990e+02 -1.478999990e+02 -1.6704e+00 +1.3520e-01 +1.1368e+00
6890 +9.856579766e-07 +9.856579766e-07 -1.478999990e+02 -1.478999990e+02 -1.6704e+00 +1.3520e-01 +1.1368e+00
6980 +4.193761356e-07 +4.193761356e-07 -1.478999996e+02 -1.478999996e+02 -1.6704e+00 +1.3520e-01 +1.1368e+00
7061 +3.963086215e-07 +3.963086215e-07 -1.478999996e+02 -1.478999996e+02 -1.6704e+00 +1.3520e-01 +1.1368e+00
7169 +1.898394544e-07 +1.898394544e-07 -1.478999998e+02 -1.478999998e+02 -1.6704e+00 +1.3520e-01 +1.1368e+00
7253 +1.426605252e-07 +1.426605252e-07 -1.478999999e+02 -1.478999999e+02 -1.6704e+00 +1.3520e-01 +1.1368e+00
7281 +7.896065313e-08 +7.896065313e-08 -1.478999999e+02 -1.478999999e+02 -1.6704e+00 +1.3520e-01 +1.1368e+00
7297 +5.064774200e-08 +5.064774200e-08 -1.478999999e+02 -1.478999999e+02 -1.6704e+00 +1.3520e-01 +1.1368e+00
7312 +2.425238677e-08 +2.425238677e-08 -1.479000000e+02 -1.479000000e+02 -1.6704e+00 +1.3520e-01 +1.1368e+00
7415 +1.100150371e-08 +1.100150371e-08 -1.479000000e+02 -1.479000000e+02 -1.6704e+00 +1.3520e-01 +1.1368e+00
7453 +9.535852996e-09 +9.535852996e-09 -1.479000000e+02 -1.479000000e+02 -1.6704e+00 +1.3520e-01 +1.1368e+00
7468 +1.490775503e-09 +1.490775503e-09 -1.479000000e+02 -1.479000000e+02 -1.6704e+00 +1.3520e-01 +1.1368e+00
% function evaluation | noise-free fitness - Fopt (-1.479000000000e+02) | best noise-free fitness - Fopt | measured fitness | best measured fitness | x1 | x2...
1 +9.972101864e+01 +9.972101864e+01 -4.817898136e+01 -4.817898136e+01 -1.4765e+00 -2.3050e+00 +2.1251e+00
3 +5.627924667e+01 +5.627924667e+01 -9.162075333e+01 -9.162075333e+01 -1.6184e+00 -1.4011e+00 +2.6340e+00
12 +3.447964307e+01 +3.447964307e+01 -1.134203569e+02 -1.134203569e+02 -4.8096e+00 -5.3159e-01 +2.8864e+00
22 +2.508199163e+01 +2.508199163e+01 -1.228180084e+02 -1.228180084e+02 -3.7482e+00 -5.9894e-01 +8.7190e-01
32 +8.122482905e+00 +8.122482905e+00 -1.397775171e+02 -1.397775171e+02 -1.7648e+00 +6.0591e-01 +1.1893e+00
94 +6.259018760e+00 +6.259018760e+00 -1.416409812e+02 -1.416409812e+02 -1.7409e+00 -1.7701e-01 +3.2130e-01
160 +3.819684426e+00 +3.819684426e+00 -1.440803156e+02 -1.440803156e+02 -1.8728e+00 -1.9264e+00 -2.1106e+00
271 +1.805375097e+00 +1.805375097e+00 -1.460946249e+02 -1.460946249e+02 -1.9132e+00 -6.6690e-01 -2.7283e-01
281 +1.138072686e+00 +1.138072686e+00 -1.467619273e+02 -1.467619273e+02 -1.8530e+00 -4.8236e-01 -1.8932e-02
325 +9.472956600e-01 +9.472956600e-01 -1.469527043e+02 -1.469527043e+02 -1.7771e+00 -3.8248e-01 +1.6193e-01
341 +5.948671952e-01 +5.948671952e-01 -1.473051328e+02 -1.473051328e+02 -1.7851e+00 -3.4942e-01 +2.2757e-01
444 +3.980679680e-01 +3.980679680e-01 -1.475019320e+02 -1.475019320e+02 -1.7614e+00 -3.4578e-01 +2.1339e-01
2208 +8.887727250e-02 +8.887727250e-02 -1.478111227e+02 -1.478111227e+02 -1.6780e+00 +8.8948e-02 +1.0419e+00
2338 +4.863248948e-02 +4.863248948e-02 -1.478513675e+02 -1.478513675e+02 -1.6796e+00 +1.7166e-01 +1.1971e+00
2352 +3.012685221e-02 +3.012685221e-02 -1.478698731e+02 -1.478698731e+02 -1.6704e+00 +1.4407e-01 +1.1528e+00
2482 +1.431099366e-02 +1.431099366e-02 -1.478856890e+02 -1.478856890e+02 -1.6709e+00 +1.4208e-01 +1.1481e+00
2512 +7.355778553e-03 +7.355778553e-03 -1.478926442e+02 -1.478926442e+02 -1.6710e+00 +1.3563e-01 +1.1372e+00
2612 +5.524964924e-03 +5.524964924e-03 -1.478944750e+02 -1.478944750e+02 -1.6709e+00 +1.3510e-01 +1.1372e+00
2675 +3.643935164e-03 +3.643935164e-03 -1.478963561e+02 -1.478963561e+02 -1.6708e+00 +1.3561e-01 +1.1378e+00
2688 +2.491639287e-03 +2.491639287e-03 -1.478975084e+02 -1.478975084e+02 -1.6704e+00 +1.3495e-01 +1.1365e+00
2727 +1.077166897e-03 +1.077166897e-03 -1.478989228e+02 -1.478989228e+02 -1.6704e+00 +1.3492e-01 +1.1363e+00
2781 +9.807481083e-04 +9.807481083e-04 -1.478990193e+02 -1.478990193e+02 -1.6704e+00 +1.3531e-01 +1.1370e+00
2877 +2.083532385e-04 +2.083532385e-04 -1.478997916e+02 -1.478997916e+02 -1.6704e+00 +1.3523e-01 +1.1369e+00
2998 +1.561915309e-04 +1.561915309e-04 -1.478998438e+02 -1.478998438e+02 -1.6704e+00 +1.3520e-01 +1.1368e+00
3003 +9.626737616e-05 +9.626737616e-05 -1.478999037e+02 -1.478999037e+02 -1.6704e+00 +1.3520e-01 +1.1368e+00
3023 +4.558100048e-05 +4.558100048e-05 -1.478999544e+02 -1.478999544e+02 -1.6704e+00 +1.3519e-01 +1.1368e+00
3098 +3.321759229e-05 +3.321759229e-05 -1.478999668e+02 -1.478999668e+02 -1.6704e+00 +1.3519e-01 +1.1368e+00
3140 +1.717067852e-05 +1.717067852e-05 -1.478999828e+02 -1.478999828e+02 -1.6704e+00 +1.3519e-01 +1.1368e+00
3167 +7.185129277e-06 +7.185129277e-06 -1.478999928e+02 -1.478999928e+02 -1.6704e+00 +1.3520e-01 +1.1368e+00
3226 +3.334581976e-06 +3.334581976e-06 -1.478999967e+02 -1.478999967e+02 -1.6704e+00 +1.3520e-01 +1.1368e+00
3302 +1.946666771e-06 +1.946666771e-06 -1.478999981e+02 -1.478999981e+02 -1.6704e+00 +1.3520e-01 +1.1368e+00
3317 +7.525219416e-07 +7.525219416e-07 -1.478999992e+02 -1.478999992e+02 -1.6704e+00 +1.3520e-01 +1.1368e+00
3386 +6.205530951e-07 +6.205530951e-07 -1.478999994e+02 -1.478999994e+02 -1.6704e+00 +1.3520e-01 +1.1368e+00
3411 +2.626314028e-07 +2.626314028e-07 -1.478999997e+02 -1.478999997e+02 -1.6704e+00 +1.3520e-01 +1.1368e+00
3446 +2.444779739e-07 +2.444779739e-07 -1.478999998e+02 -1.478999998e+02 -1.6704e+00 +1.3520e-01 +1.1368e+00
3468 +1.453607865e-07 +1.453607865e-07 -1.478999999e+02 -1.478999999e+02 -1.6704e+00 +1.3520e-01 +1.1368e+00
3507 +9.739181905e-08 +9.739181905e-08 -1.478999999e+02 -1.478999999e+02 -1.6704e+00 +1.3520e-01 +1.1368e+00
3513 +4.952732979e-08 +4.952732979e-08 -1.479000000e+02 -1.479000000e+02 -1.6704e+00 +1.3520e-01 +1.1368e+00
3556 +2.845635549e-08 +2.845635549e-08 -1.479000000e+02 -1.479000000e+02 -1.6704e+00 +1.3520e-01 +1.1368e+00
3599 +1.811440598e-08 +1.811440598e-08 -1.479000000e+02 -1.479000000e+02 -1.6704e+00 +1.3520e-01 +1.1368e+00
3616 +1.164480068e-08 +1.164480068e-08 -1.479000000e+02 -1.479000000e+02 -1.6704e+00 +1.3520e-01 +1.1368e+00
3624 +7.379469480e-09 +7.379469480e-09 -1.479000000e+02 -1.479000000e+02 -1.6704e+00 +1.3520e-01 +1.1368e+00
3637 +3.321758868e-09 +3.321758868e-09 -1.479000000e+02 -1.479000000e+02 -1.6704e+00 +1.3520e-01 +1.1368e+00
% function evaluation | noise-free fitness - Fopt (-1.479000000000e+02) | best noise-free fitness - Fopt | measured fitness | best measured fitness | x1 | x2...
1 +5.271192038e+01 +5.271192038e+01 -9.518807962e+01 -9.518807962e+01 +3.0539e+00 +5.5445e-01 +3.8016e+00
11 +3.928988056e+01 +3.928988056e+01 -1.086101194e+02 -1.086101194e+02 +2.3591e+00 +1.8387e+00 +5.9199e+00
14 +1.741774654e+01 +1.741774654e+01 -1.304822535e+02 -1.304822535e+02 +4.4118e-01 +1.5477e+00 +4.2916e+00
34 +1.281613360e+01 +1.281613360e+01 -1.350838664e+02 -1.350838664e+02 -1.0776e+00 -6.3393e-01 -2.9454e-01
45 +5.165256779e+00 +5.165256779e+00 -1.427347432e+02 -1.427347432e+02 -1.7247e+00 +5.4611e-01 +2.4500e+00
116 +1.760371895e+00 +1.760371895e+00 -1.461396281e+02 -1.461396281e+02 -1.5986e+00 -2.9015e-01 +1.8746e-01
127 +8.861234084e-01 +8.861234084e-01 -1.470138766e+02 -1.470138766e+02 -1.7019e+00 -2.8450e-01 +2.9874e-01
312 +6.125008540e-01 +6.125008540e-01 -1.472874991e+02 -1.472874991e+02 -1.7793e+00 -5.3296e-01 -1.0739e-01
444 +3.826041470e-01 +3.826041470e-01 -1.475173959e+02 -1.475173959e+02 -1.7876e+00 -5.2596e-01 -9.4966e-02
2318 +1.386325047e-01 +1.386325047e-01 -1.477613675e+02 -1.477613675e+02 -1.6741e+00 +1.2529e-01 +1.1306e+00
2393 +7.505310962e-02 +7.505310962e-02 -1.478249469e+02 -1.478249469e+02 -1.6714e+00 +1.6661e-01 +1.1880e+00
2411 +3.418963659e-02 +3.418963659e-02 -1.478658104e+02 -1.478658104e+02 -1.6705e+00 +1.5247e-01 +1.1650e+00
2492 +1.676357625e-02 +1.676357625e-02 -1.478832364e+02 -1.478832364e+02 -1.6706e+00 +1.3418e-01 +1.1371e+00
2564 +1.044349332e-02 +1.044349332e-02 -1.478895565e+02 -1.478895565e+02 -1.6717e+00 +1.4693e-01 +1.1559e+00
2611 +9.850723026e-03 +9.850723026e-03 -1.478901493e+02 -1.478901493e+02 -1.6720e+00 +1.3410e-01 +1.1351e+00
2701 +2.278510854e-03 +2.278510854e-03 -1.478977215e+02 -1.478977215e+02 -1.6705e+00 +1.3463e-01 +1.1360e+00
2856 +1.486099892e-03 +1.486099892e-03 -1.478985139e+02 -1.478985139e+02 -1.6704e+00 +1.3515e-01 +1.1365e+00
2950 +4.574129267e-04 +4.574129267e-04 -1.478995426e+02 -1.478995426e+02 -1.6705e+00 +1.3476e-01 +1.1360e+00
2993 +2.328303324e-04 +2.328303324e-04 -1.478997672e+02 -1.478997672e+02 -1.6704e+00 +1.3521e-01 +1.1368e+00
3167 +1.460682651e-04 +1.460682651e-04 -1.478998539e+02 -1.478998539e+02 -1.6704e+00 +1.3521e-01 +1.1368e+00
3206 +4.871237954e-05 +4.871237954e-05 -1.478999513e+02 -1.478999513e+02 -1.6704e+00 +1.3522e-01 +1.1368e+00
3288 +3.595353493e-05 +3.595353493e-05 -1.478999640e+02 -1.478999640e+02 -1.6704e+00 +1.3521e-01 +1.1368e+00
3316 +1.584306267e-05 +1.584306267e-05 -1.478999842e+02 -1.478999842e+02 -1.6704e+00 +1.3520e-01 +1.1368e+00
3465 +7.287060782e-06 +7.287060782e-06 -1.478999927e+02 -1.478999927e+02 -1.6704e+00 +1.3520e-01 +1.1368e+00
3486 +6.309099462e-06 +6.309099462e-06 -1.478999937e+02 -1.478999937e+02 -1.6704e+00 +1.3520e-01 +1.1368e+00
3500 +1.521779126e-06 +1.521779126e-06 -1.478999985e+02 -1.478999985e+02 -1.6704e+00 +1.3520e-01 +1.1368e+00
3542 +5.910826815e-07 +5.910826815e-07 -1.478999994e+02 -1.478999994e+02 -1.6704e+00 +1.3520e-01 +1.1368e+00
3630 +3.718686798e-07 +3.718686798e-07 -1.478999996e+02 -1.478999996e+02 -1.6704e+00 +1.3520e-01 +1.1368e+00
3716 +1.993321916e-07 +1.993321916e-07 -1.478999998e+02 -1.478999998e+02 -1.6704e+00 +1.3520e-01 +1.1368e+00
3745 +1.129199347e-07 +1.129199347e-07 -1.478999999e+02 -1.478999999e+02 -1.6704e+00 +1.3520e-01 +1.1368e+00
3791 +2.544709332e-08 +2.544709332e-08 -1.479000000e+02 -1.479000000e+02 -1.6704e+00 +1.3520e-01 +1.1368e+00
3855 +1.451792286e-08 +1.451792286e-08 -1.479000000e+02 -1.479000000e+02 -1.6704e+00 +1.3520e-01 +1.1368e+00
3955 +5.058950592e-09 +5.058950592e-09 -1.479000000e+02 -1.479000000e+02 -1.6704e+00 +1.3520e-01 +1.1368e+00
