% function evaluation | noise-free fitness - Fopt (6.870000000000e+00) | best noise-free fitness - Fopt | measured fitness | best measured fitness | x1 | x2...
1 +4.159950352e+01 +4.159950352e+01 +4.846950352e+01 +4.846950352e+01 +4.0241e-01 +3.0243e-01
2 +1.677177580e+01 +1.677177580e+01 +2.364177580e+01 +2.364177580e+01 +2.4514e+00 -8.6902e-01
18 +9.706621935e+00 +9.706621935e+00 +1.657662193e+01 +1.657662193e+01 +1.3731e+00 +4.0992e-01
25 +3.768206938e+00 +3.768206938e+00 +1.063820694e+01 +1.063820694e+01 +4.3391e-01 +6.3832e-01
434 +1.641216225e+00 +1.641216225e+00 +8.511216225e+00 +8.511216225e+00 +1.9935e+00 +1.5585e+00
484 +1.214491610e+00 +1.214491610e+00 +8.084491610e+00 +8.084491610e+00 +2.0056e+00 +1.5498e+00
638 +9.207815332e-01 +9.207815332e-01 +7.790781533e+00 +7.790781533e+00 +2.0034e+00 +1.5517e+00
755 +6.011790847e-01 +6.011790847e-01 +7.471179085e+00 +7.471179085e+00 +2.0043e+00 +1.5512e+00
1182 +3.902985345e-01 +3.902985345e-01 +7.260298535e+00 +7.260298535e+00 +2.0067e+00 +1.5495e+00
1214 +2.396919212e-01 +2.396919212e-01 +7.109691921e+00 +7.109691921e+00 +2.0084e+00 +1.5484e+00
1220 +1.572700499e-01 +1.572700499e-01 +7.027270050e+00 +7.027270050e+00 +2.0091e+00 +1.5479e+00
1226 +6.125858746e-02 +6.125858746e-02 +6.931258587e+00 +6.931258587e+00 +2.0099e+00 +1.5474e+00
1240 +3.414801089e-02 +3.414801089e-02 +6.904148011e+00 +6.904148011e+00 +2.0102e+00 +1.5471e+00
1258 +2.202277073e-02 +2.202277073e-02 +6.892022771e+00 +6.892022771e+00 +2.0103e+00 +1.5471e+00
1490 +1.582169128e-02 +1.582169128e-02 +6.885821691e+00 +6.885821691e+00 +2.0102e+00 +1.5471e+00
1491 +9.530451371e-03 +9.530451371e-03 +6.879530451e+00 +6.879530451e+00 +2.0102e+00 +1.5471e+00
1496 +4.784653150e-03 +4.784653150e-03 +6.874784653e+00 +6.874784653e+00 +2.0102e+00 +1.5472e+00
1527 +2.224765391e-03 +2.224765391e-03 +6.872224765e+00 +6.872224765e+00 +2.0102e+00 +1.5472e+00
1543 +1.256742292e-03 +1.256742292e-03 +6.871256742e+00 +6.871256742e+00 +2.0102e+00 +1.5472e+00
1553 +5.967734318e-04 +5.967734318e-04 +6.870596773e+00 +6.870596773e+00 +2.0102e+00 +1.5472e+00
1576 +3.880104849e-04 +3.880104849e-04 +6.870388010e+00 +6.870388010e+00 +2.0102e+00 +1.5472e+00
1578 +1.878171361e-04 +1.878171361e-04 +6.870187817e+00 +6.870187817e+00 +2.0102e+00 +1.5472e+00
1593 +4.422527958e-05 +4.422527958e-05 +6.870044225e+00 +6.870044225e+00 +2.0102e+00 +1.5472e+00
1596 +3.396933202e-05 +3.396933202e-05 +6.870033969e+00 +6.870033969e+00 +2.0102e+00 +1.5472e+00
1677 +1.858663785e-05 +1.858663785e-05 +6.870018587e+00 +6.870018587e+00 +2.0102e+00 +1.5472e+00
1689 +9.960228381e-06 +9.960228381e-06 +6.870009960e+00 +6.870009960e+00 +2.0102e+00 +1.5472e+00
1692 +1.820315201e-06 +1.820315201e-06 +6.870001820e+00 +6.870001820e+00 +2.0102e+00 +1.5472e+00
1737 +1.111505900e-06 +1.111505900e-06 +6.870001112e+00 +6.870001112e+00 +2.0102e+00 +1.5472e+00
1770 +9.704042077e-07 +9.704042077e-07 +6.870000970e+00 +6.870000970e+00 +2.0102e+00 +1.5472e+00
1772 +4.473578290e-07 +4.473578290e-07 +6.870000447e+00 +6.870000447e+00 +2.0102e+00 +1.5472e+00
1781 +5.537595893e-08 +5.537595893e-08 +6.870000055e+00 +6.870000055e+00 +2.0102e+00 +1.5472e+00
1801 +3.199642773e-08 +3.199642773e-08 +6.870000032e+00 +6.870000032e+00 +2.0102e+00 +1.5472e+00
1849 +3.004362092e-09 +3.004362092e-09 +6.870000003e+00 +6.870000003e+00 +2.0102e+00 +1.5472e+00
% function evaluation | noise-free fitness - Fopt (6.870000000000e+00) | best noise-free fitness - Fopt | measured fitness | best measured fitness | x1 | x2...
1 +2.161055537e+01 +2.161055537e+01 +2.848055537e+01 +2.848055537e+01 +6.9415e-01 +9.6039e-01
10 +2.173721706e+00 +2.173721706e+00 +9.043721706e+00 +9.043721706e+00 +4.0212e+00 -3.6245e-01
2377 +1.220718973e+00 +1.220718973e+00 +8.090718973e+00 +8.090718973e+00 -2.6006e-01 +5.4713e+00
3329 +8.402485670e-01 +8.402485670e-01 +7.710248567e+00 +7.710248567e+00 -4.0461e-02 +5.3907e+00
3356 +5.367489269e-01 +5.367489269e-01 +7.406748927e+00 +7.406748927e+00 -4.5355e-02 +5.3938e+00
3364 +2.351422011e-01 +2.351422011e-01 +7.105142201e+00 +7.105142201e+00 -4.5424e-02 +5.3941e+00
3614 +1.572550335e-01 +1.572550335e-01 +7.027255033e+00 +7.027255033e+00 -4.5779e-02 +5.3944e+00
6682 +9.962324759e-02 +9.962324759e-02 +6.969623248e+00 +6.969623248e+00 +2.6754e+00 -4.2205e+00
6683 +4.593701912e-02 +4.593701912e-02 +6.915937019e+00 +6.915937019e+00 +2.6749e+00 -4.2202e+00
6752 +2.024405181e-02 +2.024405181e-02 +6.890244052e+00 +6.890244052e+00 +2.6750e+00 -4.2203e+00
6775 +9.628496836e-03 +9.628496836e-03 +6.879628497e+00 +6.879628497e+00 +2.6750e+00 -4.2202e+00
6831 +4.681947684e-03 +4.681947684e-03 +6.874681948e+00 +6.874681948e+00 +2.6750e+00 -4.2202e+00
6889 +1.964658097e-03 +1.964658097e-03 +6.871964658e+00 +6.871964658e+00 +2.6750e+00 -4.2203e+00
6971 +1.394522856e-03 +1.394522856e-03 +6.871394523e+00 +6.871394523e+00 +2.6750e+00 -4.2203e+00
6988 +3.320172371e-04 +3.320172371e-04 +6.870332017e+00 +6.870332017e+00 +2.6750e+00 -4.2203e+00
7014 +1.908368260e-04 +1.908368260e-04 +6.870190837e+00 +6.870190837e+00 +2.6750e+00 -4.2203e+00
7091 +1.307254479e-04 +1.307254479e-04 +6.870130725e+00 +6.870130725e+00 +2.6750e+00 -4.2203e+00
7113 +7.458297632e-05 +7.458297632e-05 +6.870074583e+00 +6.870074583e+00 +2.6750e+00 -4.2203e+00
7137 +4.640639955e-05 +4.640639955e-05 +6.870046406e+00 +6.870046406e+00 +2.6750e+00 -4.2203e+00
7155 +3.240019082e-05 +3.240019082e-05 +6.870032400e+00 +6.870032400e+00 +2.6750e+00 -4.2203e+00
7189 +1.691958818e-05 +1.691958818e-05 +6.870016920e+00 +6.870016920e+00 +2.6750e+00 -4.2203e+00
7205 +9.948243838e-06 +9.948243838e-06 +6.870009948e+00 +6.870009948e+00 +2.6750e+00 -4.2203e+00
7248 +4.722926625e-06 +4.722926625e-06 +6.870004723e+00 +6.870004723e+00 +2.6750e+00 -4.2203e+00
7296 +2.095571255e-06 +2.095571255e-06 +6.870002096e+00 +6.870002096e+00 +2.6750e+00 -4.2203e+00
7369 +1.547954660e-06 +1.547954660e-06 +6.870001548e+00 +6.870001548e+00 +2.6750e+00 -4.2203e+00
7401 +9.831636545e-07 +9.831636545e-07 +6.870000983e+00 +6.870000983e+00 +2.6750e+00 -4.2203e+00
7428 +4.476982713e-07 +4.476982713e-07 +6.870000448e+00 +6.870000448e+00 +2.6750e+00 -4.2203e+00
7449 +3.746763886e-07 +3.746763886e-07 +6.870000375e+00 +6.870000375e+00 +2.6750e+00 -4.2203e+00
7472 +2.322478254e-07 +2.322478254e-07 +6.870000232e+00 +6.870000232e+00 +2.6750e+00 -4.2203e+00
7507 +1.438762220e-07 +1.438762220e-07 +6.870000144e+00 +6.870000144e+00 +2.6750e+00 -4.2203e+00
7551 +3.868742837e-08 +3.868742837e-08 +6.870000039e+00 +6.870000039e+00 +2.6750e+00 -4.2203e+00
7611 +2.382087594e-08 +2.382087594e-08 +6.870000024e+00 +6.870000024e+00 +2.6750e+00 -4.2203e+00
7659 +3.278386451e-09 +3.278386451e-09 +6.870000003e+00 +6.870000003e+00 +2.6750e+00 -4.2203e+00
% function evaluation | noise-free fitness - Fopt (6.870000000000e+00) | best noise-free fitness - Fopt | measured fitness | best measured fitness | x1 | x2...
1 +2.442887038e+01 +2.442887038e+01 +3.129887038e+01 +3.129887038e+01 -2.6925e+00 +1.7434e+00
2 +6.441103186e+00 +6.441103186e+00 +1.331110319e+01 +1.331110319e+01 -1.4497e+00 +2.3950e+00
10 +3.659292610e+00 +3.659292610e+00 +1.052929261e+01 +1.052929261e+01 +9.8729e-01 +4.5569e+00
247 +7.740106267e-01 +7.740106267e-01 +7.644010627e+00 +7.644010627e+00 -9.8480e-01 +3.9171e+00
355 +4.491193709e-01 +4.491193709e-01 +7.319119371e+00 +7.319119371e+00 -9.8535e-01 +3.9177e+00
356 +3.940848983e-01 +3.940848983e-01 +7.264084898e+00 +7.264084898e+00 -9.8270e-01 +3.9161e+00
380 +2.394273681e-01 +2.394273681e-01 +7.109427368e+00 +7.109427368e+00 -9.8344e-01 +3.9167e+00
392 +1.247005380e-01 +1.247005380e-01 +6.994700538e+00 +6.994700538e+00 -9.8502e-01 +3.9177e+00
394 +9.006170759e-02 +9.006170759e-02 +6.960061708e+00 +6.960061708e+00 -9.8501e-01 +3.9177e+00
406 +3.926277689e-02 +3.926277689e-02 +6.909262777e+00 +6.909262777e+00 -9.8546e-01 +3.9180e+00
423 +2.015875397e-02 +2.015875397e-02 +6.890158754e+00 +6.890158754e+00 -9.8524e-01 +3.9179e+00
435 +1.268518934e-02 +1.268518934e-02 +6.882685189e+00 +6.882685189e+00 -9.8532e-01 +3.9179e+00
450 +7.581783686e-03 +7.581783686e-03 +6.877581784e+00 +6.877581784e+00 -9.8526e-01 +3.9179e+00
465 +3.204434187e-03 +3.204434187e-03 +6.873204434e+00 +6.873204434e+00 -9.8528e-01 +3.9179e+00
498 +9.620044111e-04 +9.620044111e-04 +6.870962004e+00 +6.870962004e+00 -9.8527e-01 +3.9179e+00
590 +1.516863950e-04 +1.516863950e-04 +6.870151686e+00 +6.870151686e+00 -9.8527e-01 +3.9179e+00
646 +8.500066480e-05 +8.500066480e-05 +6.870085001e+00 +6.870085001e+00 -9.8527e-01 +3.9179e+00
647 +3.213480969e-05 +3.213480969e-05 +6.870032135e+00 +6.870032135e+00 -9.8527e-01 +3.9179e+00
674 +1.620761061e-05 +1.620761061e-05 +6.870016208e+00 +6.870016208e+00 -9.8527e-01 +3.9179e+00
681 +1.459560885e-05 +1.459560885e-05 +6.870014596e+00 +6.870014596e+00 -9.8527e-01 +3.9179e+00
694 +4.492363964e-06 +4.492363964e-06 +6.870004492e+00 +6.870004492e+00 -9.8527e-01 +3.9179e+00
715 +3.973972772e-06 +3.973972772e-06 +6.870003974e+00 +6.870003974e+00 -9.8527e-01 +3.9179e+00
722 +2.257025773e-06 +2.257025773e-06 +6.870002257e+00 +6.870002257e+00 -9.8527e-01 +3.9179e+00
749 +7.921815675e-07 +7.921815675e-07 +6.870000792e+00 +6.870000792e+00 -9.8527e-01 +3.9179e+00
758 +4.999886087e-07 +4.999886087e-07 +6.870000500e+00 +6.870000500e+00 -9.8527e-01 +3.9179e+00
790 +1.691337825e-08 +1.691337825e-08 +6.870000017e+00 +6.870000017e+00 -9.8527e-01 +3.9179e+00
872 +3.556430705e-09 +3.556430705e-09 +6.870000004e+00 +6.870000004e+00 -9.8527e-01 +3.9179e+00
% function evaluation | noise-free fitness - Fopt (1.000000000000e-02) | best noise-free fitness - Fopt | measured fitness | best measured fitness | x1 | x2...
1 +4.608154903e+01 +4.608154903e+01 +4.609154903e+01 +4.609154903e+01 -6.3371e-01 -8.3170e-01
3 +3.568466991e+01 +3.568466991e+01 +3.569466991e+01 +3.569466991e+01 -4.9409e+00 -4.7500e-01
4 +1.147733848e+01 +1.147733848e+01 +1.148733848e+01 +1.148733848e+01 -2.4476e+00 -7.0298e-01
12 +8.825853448e+00 +8.825853448e+00 +8.835853448e+00 +8.835853448e+00 -3.1588e+00 -1.5780e+00
14 +5.338117714e+00 +5.338117714e+00 +5.348117714e+00 +5.348117714e+00 -3.1030e+00 -1.1499e+00
243 +2.922166556e+00 +2.922166556e+00 +2.932166556e+00 +2.932166556e+00 -1.7875e+00 -6.0782e+00
584 +1.947140431e+00 +1.947140431e+00 +1.957140431e+00 +1.957140431e+00 -4.7715e+00 -5.1081e+00
1784 +1.182452210e+00 +1.182452210e+00 +1.192452210e+00 +1.192452210e+00 +7.7692e-01 -4.6044e+00
2408 +8.451360354e-01 +8.451360354e-01 +8.551360354e-01 +8.551360354e-01 +1.1131e-01 -3.7287e+00
5303 +5.278556115e-01 +5.278556115e-01 +5.378556115e-01 +5.378556115e-01 -3.4403e+00 +7.2259e-01
5342 +1.981353027e-01 +1.981353027e-01 +2.081353027e-01 +2.081353027e-01 -3.4380e+00 +7.2112e-01
5417 +1.559368719e-01 +1.559368719e-01 +1.659368719e-01 +1.659368719e-01 -3.4377e+00 +7.2120e-01
5418 +4.714283971e-02 +4.714283971e-02 +5.714283971e-02 +5.714283971e-02 -3.4384e+00 +7.2142e-01
5496 +2.587174650e-02 +2.587174650e-02 +3.587174650e-02 +3.587174650e-02 -3.4382e+00 +7.2134e-01
5548 +1.566613006e-02 +1.566613006e-02 +2.566613006e-02 +2.566613006e-02 -3.4382e+00 +7.2134e-01
5586 +7.795320405e-03 +7.795320405e-03 +1.779532041e-02 +1.779532041e-02 -3.4382e+00 +7.2136e-01
5622 +5.913955427e-03 +5.913955427e-03 +1.591395543e-02 +1.591395543e-02 -3.4382e+00 +7.2135e-01
5627 +2.363236671e-03 +2.363236671e-03 +1.236323667e-02 +1.236323667e-02 -3.4382e+00 +7.2136e-01
5689 +2.364148787e-04 +2.364148787e-04 +1.023641488e-02 +1.023641488e-02 -3.4382e+00 +7.2135e-01
5780 +8.876750168e-05 +8.876750168e-05 +1.008876750e-02 +1.008876750e-02 -3.4382e+00 +7.2135e-01
5818 +4.367410776e-05 +4.367410776e-05 +1.004367411e-02 +1.004367411e-02 -3.4382e+00 +7.2135e-01
5912 +1.904906139e-05 +1.904906139e-05 +1.001904906e-02 +1.001904906e-02 -3.4382e+00 +7.2135e-01
6015 +1.379599416e-05 +1.379599416e-05 +1.001379599e-02 +1.001379599e-02 -3.4382e+00 +7.2135e-01
6025 +4.228436788e-06 +4.228436788e-06 +1.000422844e-02 +1.000422844e-02 -3.4382e+00 +7.2135e-01
6097 +3.393827297e-06 +3.393827297e-06 +1.000339383e-02 +1.000339383e-02 -3.4382e+00 +7.2135e-01
6105 +1.688260674e-06 +1.688260674e-06 +1.000168826e-02 +1.000168826e-02 -3.4382e+00 +7.2135e-01
6155 +5.459847618e-07 +5.459847618e-07 +1.000054598e-02 +1.000054598e-02 -3.4382e+00 +7.2135e-01
6192 +2.749899415e-07 +2.749899415e-07 +1.000027499e-02 +1.000027499e-02 -3.4382e+00 +7.2135e-01
6273 +1.376934482e-07 +1.376934482e-07 +1.000013769e-02 +1.000013769e-02 -3.4382e+00 +7.2135e-01
6328 +6.106395878e-08 +6.106395878e-08 +1.000006106e-02 +1.000006106e-02 -3.4382e+00 +7.2135e-01
6358 +3.885876998e-08 +3.885876998e-08 +1.000003886e-02 +1.000003886e-02 -3.4382e+00 +7.2135e-01
6428 +1.812452588e-08 +1.812452588e-08 +1.000001812e-02 +1.000001812e-02 -3.4382e+00 +7.2135e-01
6451 +8.627103476e-09 +8.627103476e-09 +1.000000863e-02 +1.000000863e-02 -3.4382e+00 +7.2135e-01
6456 +9.290825886e-10 +9.290825886e-10 +1.000000093e-02 +1.000000093e-02 -3.4382e+00 +7.2135e-01
% function evaluation | noise-free fitness - Fopt (1.000000000000e-02) | best noise-free fitness - Fopt | measured fitness | best measured fitness | x1 | x2...
1 +4.366760725e+01 +4.366760725e+01 +4.367760725e+01 +4.367760725e+01 +3.0812e+00 -1.4348e+00
2 +1.117705150e+01 +1.117705150e+01 +1.118705150e+01 +1.118705150e+01 +3.7498e+00 -4.3595e+00
3 +1.078149409e+00 +1.078149409e+00 +1.088149409e+00 +1.088149409e+00 +1.4333e+00 -9.1407e-02
130 +7.718171260e-01 +7.718171260e-01 +7.818171260e-01 +7.818171260e-01 -3.6427e+00 -1.0808e+00
1814 +5.955933908e-01 +5.955933908e-01 +6.055933908e-01 +6.055933908e-01 -2.3367e-01 -2.1877e+00
2250 +3.798042045e-01 +3.798042045e-01 +3.898042045e-01 +3.898042045e-01 -2.3149e-01 -2.1889e+00
2298 +9.625945932e-02 +9.625945932e-02 +1.062594593e-01 +1.062594593e-01 -2.3109e-01 -2.1889e+00
2361 +5.373657139e-02 +5.373657139e-02 +6.373657139e-02 +6.373657139e-02 -2.3097e-01 -2.1889e+00
2376 +3.113769077e-02 +3.113769077e-02 +4.113769077e-02 +4.113769077e-02 -2.3128e-01 -2.1888e+00
2424 +1.766638912e-02 +1.766638912e-02 +2.766638912e-02 +2.766638912e-02 -2.3120e-01 -2.1888e+00
2447 +1.376406722e-02 +1.376406722e-02 +2.376406722e-02 +2.376406722e-02 -2.3118e-01 -2.1889e+00
2454 +3.195607722e-03 +3.195607722e-03 +1.319560772e-02 +1.319560772e-02 -2.3119e-01 -2.1889e+00
2498 +2.114450752e-03 +2.114450752e-03 +1.211445075e-02 +1.211445075e-02 -2.3119e-01 -2.1889e+00
2543 +8.172178981e-05 +8.172178981e-05 +1.008172179e-02 +1.008172179e-02 -2.3119e-01 -2.1889e+00
2669 +2.383558456e-05 +2.383558456e-05 +1.002383558e-02 +1.002383558e-02 -2.3119e-01 -2.1889e+00
2706 +1.233242679e-05 +1.233242679e-05 +1.001233243e-02 +1.001233243e-02 -2.3119e-01 -2.1889e+00
2769 +9.775212977e-06 +9.775212977e-06 +1.000977521e-02 +1.000977521e-02 -2.3119e-01 -2.1889e+00
2784 +3.728897040e-06 +3.728897040e-06 +1.000372890e-02 +1.000372890e-02 -2.3119e-01 -2.1889e+00
2842 +1.853157337e-06 +1.853157337e-06 +1.000185316e-02 +1.000185316e-02 -2.3119e-01 -2.1889e+00
2846 +5.753024288e-07 +5.753024288e-07 +1.000057530e-02 +1.000057530e-02 -2.3119e-01 -2.1889e+00
2899 +2.862156503e-07 +2.862156503e-07 +1.000028622e-02 +1.000028622e-02 -2.3119e-01 -2.1889e+00
2910 +1.879374594e-07 +1.879374594e-07 +1.000018794e-02 +1.000018794e-02 -2.3119e-01 -2.1889e+00
2950 +1.413916650e-07 +1.413916650e-07 +1.000014139e-02 +1.000014139e-02 -2.3119e-01 -2.1889e+00
2956 +4.319258018e-08 +4.319258018e-08 +1.000004319e-02 +1.000004319e-02 -2.3119e-01 -2.1889e+00
2971 +2.835061563e-08 +2.835061563e-08 +1.000002835e-02 +1.000002835e-02 -2.3119e-01 -2.1889e+00
2998 +2.389448461e-08 +2.389448461e-08 +1.000002389e-02 +1.000002389e-02 -2.3119e-01 -2.1889e+00
3019 +4.995517777e-09 +4.995517777e-09 +1.000000500e-02 +1.000000500e-02 -2.3119e-01 -2.1889e+00
3028 +3.818391825e-09 +3.818391825e-09 +1.000000382e-02 +1.000000382e-02 -2.3119e-01 -2.1889e+00
% function evaluation | noise-free fitness - Fopt (1.000000000000e-02) | best noise-free fitness - Fopt | measured fitness | best measured fitness | x1 | x2...
1 +5.769576225e+01 +5.769576225e+01 +5.770576225e+01 +5.770576225e+01 -3.3148e+00 -1.6706e+00
3 +3.228031690e+01 +3.228031690e+01 +3.229031690e+01 +3.229031690e+01 -6.4425e+00 -1.6880e+00
14 +1.736411964e+01 +1.736411964e+01 +1.737411964e+01 +1.737411964e+01 -3.0307e+00 -1.2576e+00
30 +7.839050884e+00 +7.839050884e+00 +7.849050884e+00 +7.849050884e+00 -3.3551e+00 -1.5026e+00
57 +5.812942727e+00 +5.812942727e+00 +5.822942727e+00 +5.822942727e+00 -5.5951e+00 -9.9584e-01
69 +3.921738744e+00 +3.921738744e+00 +3.931738744e+00 +3.931738744e+00 -5.1161e+00 -1.3721e+00
659 +1.608259098e+00 +1.608259098e+00 +1.618259098e+00 +1.618259098e+00 -2.3647e+00 -1.6033e+00
706 +1.377524152e+00 +1.377524152e+00 +1.387524152e+00 +1.387524152e+00 -2.3498e+00 -1.6105e+00
740 +6.494588235e-01 +6.494588235e-01 +6.594588235e-01 +6.594588235e-01 -2.3608e+00 -1.6062e+00
778 +5.426597035e-01 +5.426597035e-01 +5.526597035e-01 +5.526597035e-01 -2.3566e+00 -1.6078e+00
784 +3.389447347e-01 +3.389447347e-01 +3.489447347e-01 +3.489447347e-01 -2.3568e+00 -1.6082e+00
799 +7.007938645e-02 +7.007938645e-02 +8.007938645e-02 +8.007938645e-02 -2.3580e+00 -1.6075e+00
873 +6.148362643e-02 +6.148362643e-02 +7.148362643e-02 +7.148362643e-02 -2.3582e+00 -1.6074e+00
886 +3.904274315e-02 +3.904274315e-02 +4.904274315e-02 +4.904274315e-02 -2.3581e+00 -1.6074e+00
895 +1.706722582e-02 +1.706722582e-02 +2.706722582e-02 +2.706722582e-02 -2.3579e+00 -1.6075e+00
902 +1.536068864e-02 +1.536068864e-02 +2.536068864e-02 +2.536068864e-02 -2.3579e+00 -1.6075e+00
909 +9.400549693e-03 +9.400549693e-03 +1.940054969e-02 +1.940054969e-02 -2.3580e+00 -1.6075e+00
944 +3.213482460e-03 +3.213482460e-03 +1.321348246e-02 +1.321348246e-02 -2.3580e+00 -1.6075e+00
978 +1.248667441e-03 +1.248667441e-03 +1.124866744e-02 +1.124866744e-02 -2.3580e+00 -1.6075e+00
986 +8.606617335e-04 +8.606617335e-04 +1.086066173e-02 +1.086066173e-02 -2.3580e+00 -1.6075e+00
995 +4.505923810e-04 +4.505923810e-04 +1.045059238e-02 +1.045059238e-02 -2.3580e+00 -1.6075e+00
1010 +6.626146250e-05 +6.626146250e-05 +1.006626146e-02 +1.006626146e-02 -2.3580e+00 -1.6075e+00
1077 +1.531158646e-05 +1.531158646e-05 +1.001531159e-02 +1.001531159e-02 -2.3580e+00 -1.6075e+00
1116 +6.946375841e-06 +6.946375841e-06 +1.000694638e-02 +1.000694638e-02 -2.3580e+00 -1.6075e+00
1127 +1.668111232e-06 +1.668111232e-06 +1.000166811e-02 +1.000166811e-02 -2.3580e+00 -1.6075e+00
1172 +1.466544062e-06 +1.466544062e-06 +1.000146654e-02 +1.000146654e-02 -2.3580e+00 -1.6075e+00
1203 +2.121424258e-07 +2.121424258e-07 +1.000021214e-02 +1.000021214e-02 -2.3580e+00 -1.6075e+00
1219 +7.283537506e-08 +7.283537506e-08 +1.000007284e-02 +1.000007284e-02 -2.3580e+00 -1.6075e+00
1263 +4.642132634e-08 +4.642132634e-08 +1.000004642e-02 +1.000004642e-02 -2.3580e+00 -1.6075e+00
1274 +3.577832475e-08 +3.577832475e-08 +1.000003578e-02 +1.000003578e-02 -2.3580e+00 -1.6075e+00
1287 +4.712215507e-09 +4.712215507e-09 +1.000000471e-02 +1.000000471e-02 -2.3580e+00 -1.6075e+00
% function evaluation | noise-free fitness - Fopt (-1.306100000000e+02) | best noise-free fitness - Fopt | measured fitness | best measured fitness | x1 | x2...
1 +1.284970717e+01 +1.284970717e+01 -1.177602928e+02 -1.177602928e+02 +3.4112e+00 +1.3637e+00
10 +4.141992581e+00 +4.141992581e+00 -1.264680074e+02 -1.264680074e+02 +1.6859e+00 +1.9863e+00
169 +2.124913380e+00 +2.124913380e+00 -1.284850866e+02 -1.284850866e+02 +4.7198e+00 -5.8350e+00
538 +1.381828758e+00 +1.381828758e+00 -1.292281712e+02 -1.292281712e+02 -9.1890e-01 -4.9887e+00
686 +6.873783365e-01 +6.873783365e-01 -1.299226217e+02 -1.299226217e+02 -1.1417e+00 -4.6871e+00
724 +4.059240490e-01 +4.059240490e-01 -1.302040760e+02 -1.302040760e+02 -1.1416e+00 -4.6854e+00
737 +3.150353645e-01 +3.150353645e-01 -1.302949646e+02 -1.302949646e+02 -1.1426e+00 -4.6838e+00
759 +9.622698583e-02 +9.622698583e-02 -1.305137730e+02 -1.305137730e+02 -1.1422e+00 -4.6843e+00
778 +6.082482433e-02 +6.082482433e-02 -1.305491752e+02 -1.305491752e+02 -1.1423e+00 -4.6841e+00
807 +3.704833371e-02 +3.704833371e-02 -1.305729517e+02 -1.305729517e+02 -1.1422e+00 -4.6842e+00
820 +1.782267199e-02 +1.782267199e-02 -1.305921773e+02 -1.305921773e+02 -1.1422e+00 -4.6842e+00
838 +1.096588887e-02 +1.096588887e-02 -1.305990341e+02 -1.305990341e+02 -1.1422e+00 -4.6843e+00
868 +9.868950453e-03 +9.868950453e-03 -1.306001310e+02 -1.306001310e+02 -1.1422e+00 -4.6843e+00
872 +6.114719083e-03 +6.114719083e-03 -1.306038853e+02 -1.306038853e+02 -1.1422e+00 -4.6842e+00
902 +2.565266854e-03 +2.565266854e-03 -1.306074347e+02 -1.306074347e+02 -1.1422e+00 -4.6843e+00
917 +2.142741447e-03 +2.142741447e-03 -1.306078573e+02 -1.306078573e+02 -1.1422e+00 -4.6843e+00
927 +4.242854791e-04 +4.242854791e-04 -1.306095757e+02 -1.306095757e+02 -1.1422e+00 -4.6843e+00
938 +1.510603931e-04 +1.510603931e-04 -1.306098489e+02 -1.306098489e+02 -1.1422e+00 -4.6843e+00
991 +9.637547888e-05 +9.637547888e-05 -1.306099036e+02 -1.306099036e+02 -1.1422e+00 -4.6843e+00
1004 +4.750498150e-05 +4.750498150e-05 -1.306099525e+02 -1.306099525e+02 -1.1422e+00 -4.6843e+00
1030 +2.827014254e-05 +2.827014254e-05 -1.306099717e+02 -1.306099717e+02 -1.1422e+00 -4.6843e+00
1063 +1.681039851e-05 +1.681039851e-05 -1.306099832e+02 -1.306099832e+02 -1.1422e+00 -4.6843e+00
1078 +9.337325110e-06 +9.337325110e-06 -1.306099907e+02 -1.306099907e+02 -1.1422e+00 -4.6843e+00
1119 +6.096328661e-06 +6.096328661e-06 -1.306099939e+02 -1.306099939e+02 -1.1422e+00 -4.6843e+00
1129 +3.779383036e-06 +3.779383036e-06 -1.306099962e+02 -1.306099962e+02 -1.1422e+00 -4.6843e+00
1137 +1.138303446e-06 +1.138303446e-06 -1.306099989e+02 -1.306099989e+02 -1.1422e+00 -4.6843e+00
1170 +6.381968092e-07 +6.381968092e-07 -1.306099994e+02 -1.306099994e+02 -1.1422e+00 -4.6843e+00
1194 +3.251529677e-07 +3.251529677e-07 -1.306099997e+02 -1.306099997e+02 -1.1422e+00 -4.6843e+00
1205 +8.414659192e-08 +8.414659192e-08 -1.306099999e+02 -1.306099999e+02 -1.1422e+00 -4.6843e+00
1239 +5.851362062e-08 +5.851362062e-08 -1.306099999e+02 -1.306099999e+02 -1.1422e+00 -4.6843e+00
1258 +1.018651119e-08 +1.018651119e-08 -1.306100000e+02 -1.306100000e+02 -1.1422e+00 -4.6843e+00
1293 +8.610413715e-09 +8.610413715e-09 -1.306100000e+02 -1.306100000e+02 -1.1422e+00 -4.6843e+00
1298 +3.127468062e-09 +3.127468062e-09 -1.306100000e+02 -1.306100000e+02 -1.1422e+00 -4.6843e+00
% function evaluation | noise-free fitness - Fopt (-1.306100000000e+02) | best noise-free fitness - Fopt | measured fitness | best measured fitness | x1 | x2...
1 +8.201482923e+00 +8.201482923e+00 -1.224085171e+02 -1.224085171e+02 -3.0239e+00 -3.8296e+00
9 +7.663814658e-01 +7.663814658e-01 -1.298436185e+02 -1.298436185e+02 -2.5743e-01 -3.1721e+00
348 +5.254314944e-01 +5.254314944e-01 -1.300845685e+02 -1.300845685e+02 -1.9824e+00 +2.2121e+00
370 +2.214105944e-01 +2.214105944e-01 -1.303885894e+02 -1.303885894e+02 -1.9829e+00 +2.2142e+00
418 +8.420497959e-02 +8.420497959e-02 -1.305257950e+02 -1.305257950e+02 -1.9827e+00 +2.2137e+00
478 +4.550493684e-02 +4.550493684e-02 -1.305644951e+02 -1.305644951e+02 -1.9826e+00 +2.2135e+00
484 +1.632082914e-02 +1.632082914e-02 -1.305936792e+02 -1.305936792e+02 -1.9826e+00 +2.2136e+00
531 +1.538142389e-02 +1.538142389e-02 -1.305946186e+02 -1.305946186e+02 -1.9826e+00 +2.2136e+00
540 +9.382208714e-03 +9.382208714e-03 -1.306006178e+02 -1.306006178e+02 -1.9826e+00 +2.2136e+00
552 +4.052343972e-03 +4.052343972e-03 -1.306059477e+02 -1.306059477e+02 -1.9826e+00 +2.2136e+00
553 +3.560270736e-03 +3.560270736e-03 -1.306064397e+02 -1.306064397e+02 -1.9826e+00 +2.2136e+00
580 +9.083506766e-04 +9.083506766e-04 -1.306090916e+02 -1.306090916e+02 -1.9826e+00 +2.2136e+00
616 +4.256247893e-04 +4.256247893e-04 -1.306095744e+02 -1.306095744e+02 -1.9826e+00 +2.2136e+00
620 +3.470111403e-04 +3.470111403e-04 -1.306096530e+02 -1.306096530e+02 -1.9826e+00 +2.2136e+00
662 +1.563361317e-04 +1.563361317e-04 -1.306098437e+02 -1.306098437e+02 -1.9826e+00 +2.2136e+00
663 +8.976966308e-05 +8.976966308e-05 -1.306099102e+02 -1.306099102e+02 -1.9826e+00 +2.2136e+00
667 +3.166896195e-05 +3.166896195e-05 -1.306099683e+02 -1.306099683e+02 -1.9826e+00 +2.2136e+00
693 +1.358908054e-05 +1.358908054e-05 -1.306099864e+02 -1.306099864e+02 -1.9826e+00 +2.2136e+00
756 +4.680927816e-06 +4.680927816e-06 -1.306099953e+02 -1.306099953e+02 -1.9826e+00 +2.2136e+00
779 +3.451542625e-06 +3.451542625e-06 -1.306099965e+02 -1.306099965e+02 -1.9826e+00 +2.2136e+00
788 +2.373202904e-06 +2.373202904e-06 -1.306099976e+02 -1.306099976e+02 -1.9826e+00 +2.2136e+00
812 +1.255625619e-06 +1.255625619e-06 -1.306099987e+02 -1.306099987e+02 -1.9826e+00 +2.2136e+00
832 +6.899186928e-07 +6.899186928e-07 -1.306099993e+02 -1.306099993e+02 -1.9826e+00 +2.2136e+00
838 +5.502983811e-07 +5.502983811e-07 -1.306099994e+02 -1.306099994e+02 -1.9826e+00 +2.2136e+00
848 +1.489506758e-07 +1.489506758e-07 -1.306099999e+02 -1.306099999e+02 -1.9826e+00 +2.2136e+00
859 +6.572855682e-08 +6.572855682e-08 -1.306099999e+02 -1.306099999e+02 -1.9826e+00 +2.2136e+00
895 +4.449449875e-08 +4.449449875e-08 -1.306100000e+02 -1.306100000e+02 -1.9826e+00 +2.2136e+00
909 +2.861102644e-08 +2.861102644e-08 -1.306100000e+02 -1.306100000e+02 -1.9826e+00 +2.2136e+00
934 +1.456839982e-08 +1.456839982e-08 -1.306100000e+02 -1.306100000e+02 -1.9826e+00 +2.2136e+00
969 +9.815352087e-09 +9.815352087e-09 -1.306100000e+02 -1.306100000e+02 -1.9826e+00 +2.2136e+00
% function evaluation | noise-free fitness - Fopt (-1.306100000000e+02) | best noise-free fitness - Fopt | measured fitness | best measured fitness | x1 | x2...
1 +7.322602848e+01 +7.322602848e+01 -5.738397152e+01 -5.738397152e+01 +1.4780e+00 -3.6052e+00
2 +4.945249190e+01 +4.945249190e+01 -8.115750810e+01 -8.115750810e+01 +1.8657e+00 -4.4129e+00
5 +1.317072034e+01 +1.317072034e+01 -1.174392797e+02 -1.174392797e+02 -2.0868e+00 -3.4445e+00
30 +4.935007849e+00 +4.935007849e+00 -1.256749922e+02 -1.256749922e+02 -2.0129e+00 +8.8813e-01
502 +2.857858919e+00 +2.857858919e+00 -1.277521411e+02 -1.277521411e+02 -6.5182e+00 -1.1383e+00
669 +2.386781065e+00 +2.386781065e+00 -1.282232189e+02 -1.282232189e+02 -6.4444e+00 -1.2370e+00
1778 +1.008305565e+00 +1.008305565e+00 -1.296016944e+02 -1.296016944e+02 -2.6889e+00 -5.3023e+00
5271 +8.107955998e-01 +8.107955998e-01 -1.297992044e+02 -1.297992044e+02 -2.9319e+00 -2.9411e+00
5468 +4.329666044e-01 +4.329666044e-01 -1.301770334e+02 -1.301770334e+02 -2.9316e+00 -2.9397e+00
5479 +3.220239713e-01 +3.220239713e-01 -1.302879760e+02 -1.302879760e+02 -2.9317e+00 -2.9406e+00
5515 +1.562181674e-01 +1.562181674e-01 -1.304537818e+02 -1.304537818e+02 -2.9309e+00 -2.9418e+00
5550 +7.003105284e-02 +7.003105284e-02 -1.305399689e+02 -1.305399689e+02 -2.9310e+00 -2.9415e+00
5588 +5.727641876e-02 +5.727641876e-02 -1.305527236e+02 -1.305527236e+02 -2.9311e+00 -2.9416e+00
5596 +1.042341772e-02 +1.042341772e-02 -1.305995766e+02 -1.305995766e+02 -2.9311e+00 -2.9414e+00
5748 +8.396835586e-03 +8.396835586e-03 -1.306016032e+02 -1.306016032e+02 -2.9311e+00 -2.9414e+00
5762 +4.111928377e-03 +4.111928377e-03 -1.306058881e+02 -1.306058881e+02 -2.9311e+00 -2.9414e+00
5782 +2.183612273e-03 +2.183612273e-03 -1.306078164e+02 -1.306078164e+02 -2.9311e+00 -2.9414e+00
5849 +1.378107212e-03 +1.378107212e-03 -1.306086219e+02 -1.306086219e+02 -2.9311e+00 -2.9414e+00
5870 +4.389881599e-04 +4.389881599e-04 -1.306095610e+02 -1.306095610e+02 -2.9311e+00 -2.9414e+00
5900 +2.850817677e-04 +2.850817677e-04 -1.306097149e+02 -1.306097149e+02 -2.9311e+00 -2.9414e+00
5931 +1.286302535e-04 +1.286302535e-04 -1.306098714e+02 -1.306098714e+02 -2.9311e+00 -2.9414e+00
5972 +6.806373057e-05 +6.806373057e-05 -1.306099319e+02 -1.306099319e+02 -2.9311e+00 -2.9414e+00
6014 +2.885301197e-05 +2.885301197e-05 -1.306099711e+02 -1.306099711e+02 -2.9311e+00 -2.9414e+00
6066 +8.312126340e-06 +8.312126340e-06 -1.306099917e+02 -1.306099917e+02 -2.9311e+00 -2.9414e+00
6157 +3.304374928e-06 +3.304374928e-06 -1.306099967e+02 -1.306099967e+02 -2.9311e+00 -2.9414e+00
6166 +2.295723448e-06 +2.295723448e-06 -1.306099977e+02 -1.306099977e+02 -2.9311e+00 -2.9414e+00
6180 +8.784646752e-07 +8.784646752e-07 -1.306099991e+02 -1.306099991e+02 -2.9311e+00 -2.9414e+00
6278 +4.778173661e-07 +4.778173661e-07 -1.306099995e+02 -1.306099995e+02 -2.9311e+00 -2.9414e+00
6313 +3.749248947e-07 +3.749248947e-07 -1.306099996e+02 -1.306099996e+02 -2.9311e+00 -2.9414e+00
6384 +2.314272933e-07 +2.314272933e-07 -1.306099998e+02 -1.306099998e+02 -2.9311e+00 -2.9414e+00
6409 +1.742370159e-08 +1.742370159e-08 -1.306100000e+02 -1.306100000e+02 -2.9311e+00 -2.9414e+00
6506 +1.204219302e-08 +1.204219302e-08 -1.306100000e+02 -1.306100000e+02 -2.9311e+00 -2.9414e+00
6533 +7.407919611e-09 +7.407919611e-09 -1.306100000e+02 -1.306100000e+02 -2.9311e+00 -2.9414e+00
6546 +4.678810228e-09 +4.678810228e-09 -1.306100000e+02 -1.306100000e+02 -2.9311e+00 -2.9414e+00
% function evaluation | noise-free fitness - Fopt (-2.231200000000e+02) | best noise-free fitness - Fopt | measured fitness | best measured fitness | x1 | x2...
1 +7.351643740e+01 +7.351643740e+01 -1.496035626e+02 -1.496035626e+02 -5.4407e-01 -1.5394e-01
2 +6.022794591e+01 +6.022794591e+01 -1.628920541e+02 -1.628920541e+02 +1.9219e-01 -1.7221e-01
3 +6.562739699e+00 +6.562739699e+00 -2.165572603e+02 -2.165572603e+02 +5.4212e-01 -2.7124e+00
65 +5.288048082e+00 +5.288048082e+00 -2.178319519e+02 -2.178319519e+02 -9.1576e-01 -3.2535e+00
72 +3.001843000e+00 +3.001843000e+00 -2.201181570e+02 -2.201181570e+02 -2.8002e-01 -2.8510e+00
302 +2.015649328e+00 +2.015649328e+00 -2.211043507e+02 -2.211043507e+02 -4.6983e-01 -3.1906e+00
451 +1.038311633e+00 +1.038311633e+00 -2.220816884e+02 -2.220816884e+02 -3.6020e-01 -3.0125e+00
1995 +9.594003793e-01 +9.594003793e-01 -2.221605996e+02 -2.221605996e+02 +3.6808e+00 +9.3343e-01
2094 +6.212971490e-01 +6.212971490e-01 -2.224987029e+02 -2.224987029e+02 +3.6748e+00 +9.3049e-01
2147 +2.902665122e-01 +2.902665122e-01 -2.228297335e+02 -2.228297335e+02 +3.6713e+00 +9.2857e-01
2154 +1.624185445e-01 +1.624185445e-01 -2.229575815e+02 -2.229575815e+02 +3.6714e+00 +9.2846e-01
2168 +9.380680539e-02 +9.380680539e-02 -2.230261932e+02 -2.230261932e+02 +3.6717e+00 +9.2869e-01
2219 +2.700031439e-02 +2.700031439e-02 -2.230929997e+02 -2.230929997e+02 +3.6721e+00 +9.2886e-01
2265 +9.055127439e-03 +9.055127439e-03 -2.231109449e+02 -2.231109449e+02 +3.6720e+00 +9.2881e-01
2314 +5.591955562e-03 +5.591955562e-03 -2.231144080e+02 -2.231144080e+02 +3.6720e+00 +9.2881e-01
2351 +2.908477262e-03 +2.908477262e-03 -2.231170915e+02 -2.231170915e+02 +3.6720e+00 +9.2881e-01
2357 +2.086397272e-03 +2.086397272e-03 -2.231179136e+02 -2.231179136e+02 +3.6720e+00 +9.2881e-01
2399 +8.105233329e-04 +8.105233329e-04 -2.231191895e+02 -2.231191895e+02 +3.6720e+00 +9.2881e-01
2406 +3.163806378e-04 +3.163806378e-04 -2.231196836e+02 -2.231196836e+02 +3.6720e+00 +9.2881e-01
2435 +2.649088856e-05 +2.649088856e-05 -2.231199735e+02 -2.231199735e+02 +3.6720e+00 +9.2881e-01
2505 +1.808898600e-05 +1.808898600e-05 -2.231199819e+02 -2.231199819e+02 +3.6720e+00 +9.2881e-01
2551 +4.409080049e-06 +4.409080049e-06 -2.231199956e+02 -2.231199956e+02 +3.6720e+00 +9.2881e-01
2608 +1.115406377e-06 +1.115406377e-06 -2.231199989e+02 -2.231199989e+02 +3.6720e+00 +9.2881e-01
2631 +5.384600854e-07 +5.384600854e-07 -2.231199995e+02 -2.231199995e+02 +3.6720e+00 +9.2881e-01
2683 +3.969929594e-07 +3.969929594e-07 -2.231199996e+02 -2.231199996e+02 +3.6720e+00 +9.2881e-01
2725 +2.303790723e-07 +2.303790723e-07 -2.231199998e+02 -2.231199998e+02 +3.6720e+00 +9.2881e-01
2729 +9.933518186e-08 +9.933518186e-08 -2.231199999e+02 -2.231199999e+02 +3.6720e+00 +9.2881e-01
2753 +1.719976694e-08 +1.719976694e-08 -2.231200000e+02 -2.231200000e+02 +3.6720e+00 +9.2881e-01
2757 +1.034484853e-08 +1.034484853e-08 -2.231200000e+02 -2.231200000e+02 +3.6720e+00 +9.2881e-01
2821 +2.239204377e-09 +2.239204377e-09 -2.231200000e+02 -2.231200000e+02 +3.6720e+00 +9.2881e-01
% function evaluation | noise-free fitness - Fopt (-2.231200000000e+02) | best noise-free fitness - Fopt | measured fitness | best measured fitness | x1 | x2...
1 +2.664267767e+01 +2.664267767e+01 -1.964773223e+02 -1.964773223e+02 +2.3488e+00 +3.5483e+00
3 +1.161026676e+01 +1.161026676e+01 -2.115097332e+02 -2.115097332e+02 -2.0402e+00 +4.5439e+00
24 +6.563005542e+00 +6.563005542e+00 -2.165569945e+02 -2.165569945e+02 +2.3279e+00 +4.3180e+00
104 +6.020587786e+00 +6.020587786e+00 -2.170994122e+02 -2.170994122e+02 +9.8866e-01 +4.0840e+00
221 +3.272188748e+00 +3.272188748e+00 -2.198478113e+02 -2.198478113e+02 -2.7127e+00 +3.9522e+00
448 +1.725287066e+00 +1.725287066e+00 -2.213947129e+02 -2.213947129e+02 -3.6540e+00 +4.2831e+00
2281 +1.286765123e+00 +1.286765123e+00 -2.218332349e+02 -2.218332349e+02 +1.9559e+00 -1.5374e+00
3253 +6.567331560e-01 +6.567331560e-01 -2.224632668e+02 -2.224632668e+02 +1.1133e-01 -2.4633e+00
3284 +5.695126256e-01 +5.695126256e-01 -2.225504874e+02 -2.225504874e+02 +1.0866e-01 -2.4640e+00
3364 +1.368469237e-01 +1.368469237e-01 -2.229831531e+02 -2.229831531e+02 +1.1008e-01 -2.4636e+00
3468 +7.400959692e-02 +7.400959692e-02 -2.230459904e+02 -2.230459904e+02 +1.0997e-01 -2.4635e+00
3490 +4.889059920e-02 +4.889059920e-02 -2.230711094e+02 -2.230711094e+02 +1.1016e-01 -2.4635e+00
3501 +3.823578843e-02 +3.823578843e-02 -2.230817642e+02 -2.230817642e+02 +1.1019e-01 -2.4635e+00
3525 +1.802187605e-02 +1.802187605e-02 -2.231019781e+02 -2.231019781e+02 +1.1006e-01 -2.4635e+00
3586 +1.542647827e-02 +1.542647827e-02 -2.231045735e+02 -2.231045735e+02 +1.1005e-01 -2.4635e+00
3604 +7.954509680e-03 +7.954509680e-03 -2.231120455e+02 -2.231120455e+02 +1.1005e-01 -2.4635e+00
3627 +4.868220833e-03 +4.868220833e-03 -2.231151318e+02 -2.231151318e+02 +1.1006e-01 -2.4635e+00
3636 +3.778969696e-03 +3.778969696e-03 -2.231162210e+02 -2.231162210e+02 +1.1006e-01 -2.4635e+00
3670 +1.479176350e-03 +1.479176350e-03 -2.231185208e+02 -2.231185208e+02 +1.1005e-01 -2.4635e+00
3691 +8.976360147e-04 +8.976360147e-04 -2.231191024e+02 -2.231191024e+02 +1.1005e-01 -2.4635e+00
3713 +5.150461661e-04 +5.150461661e-04 -2.231194850e+02 -2.231194850e+02 +1.1005e-01 -2.4635e+00
3740 +2.931760818e-04 +2.931760818e-04 -2.231197068e+02 -2.231197068e+02 +1.1004e-01 -2.4635e+00
3774 +2.179893428e-04 +2.179893428e-04 -2.231197820e+02 -2.231197820e+02 +1.1004e-01 -2.4635e+00
3788 +2.869362450e-05 +2.869362450e-05 -2.231199713e+02 -2.231199713e+02 +1.1004e-01 -2.4635e+00
3860 +1.432084983e-05 +1.432084983e-05 -2.231199857e+02 -2.231199857e+02 +1.1004e-01 -2.4635e+00
3889 +4.211509690e-06 +4.211509690e-06 -2.231199958e+02 -2.231199958e+02 +1.1004e-01 -2.4635e+00
3956 +3.571125404e-06 +3.571125404e-06 -2.231199964e+02 -2.231199964e+02 +1.1004e-01 -2.4635e+00
3996 +6.300947746e-07 +6.300947746e-07 -2.231199994e+02 -2.231199994e+02 +1.1004e-01 -2.4635e+00
4048 +2.001078769e-07 +2.001078769e-07 -2.231199998e+02 -2.231199998e+02 +1.1004e-01 -2.4635e+00
4100 +1.533670968e-07 +1.533670968e-07 -2.231199998e+02 -2.231199998e+02 +1.1004e-01 -2.4635e+00
4126 +5.357725286e-08 +5.357725286e-08 -2.231199999e+02 -2.231199999e+02 +1.1004e-01 -2.4635e+00
4148 +3.709030238e-08 +3.709030238e-08 -2.231200000e+02 -2.231200000e+02 +1.1004e-01 -2.4635e+00
4171 +7.254499224e-09 +7.254499224e-09 -2.231200000e+02 -2.231200000e+02 +1.1004e-01 -2.4635e+00
% function evaluation | noise-free fitness - Fopt (-2.231200000000e+02) | best noise-free fitness - Fopt | measured fitness | best measured fitness | x1 | x2...
1 +7.268289356e+01 +7.268289356e+01 -1.504371064e+02 -1.504371064e+02 +5.4139e-01 -2.6098e+00
2 +4.043389208e+01 +4.043389208e+01 -1.826861079e+02 -1.826861079e+02 +1.3453e+00 -1.3781e+00
4 +1.698807953e+01 +1.698807953e+01 -2.061319205e+02 -2.061319205e+02 -2.3080e+00 -6.4928e+00
15 +1.545003335e+01 +1.545003335e+01 -2.076699666e+02 -2.076699666e+02 +2.0860e+00 -3.0141e+00
34 +9.000013657e+00 +9.000013657e+00 -2.141199863e+02 -2.141199863e+02 -2.1487e-01 -6.7434e+00
176 +3.528627626e+00 +3.528627626e+00 -2.195913724e+02 -2.195913724e+02 +1.8039e+00 -2.0371e+00
655 +1.710157383e+00 +1.710157383e+00 -2.214098426e+02 -2.214098426e+02 -2.9873e+00 +2.6727e+00
2192 +1.251442409e+00 +1.251442409e+00 -2.218685576e+02 -2.218685576e+02 +7.1398e-01 +2.8036e+00
2203 +8.469730920e-01 +8.469730920e-01 -2.222730269e+02 -2.222730269e+02 +7.0759e-01 +2.8000e+00
2247 +4.548897030e-01 +4.548897030e-01 -2.226651103e+02 -2.226651103e+02 +7.0840e-01 +2.8008e+00
2271 +1.756828118e-01 +1.756828118e-01 -2.229443172e+02 -2.229443172e+02 +7.0566e-01 +2.7996e+00
2335 +1.448049646e-01 +1.448049646e-01 -2.229751950e+02 -2.229751950e+02 +7.0545e-01 +2.7994e+00
2340 +9.867078307e-02 +9.867078307e-02 -2.230213292e+02 -2.230213292e+02 +7.0673e-01 +2.8000e+00
2345 +2.835830506e-02 +2.835830506e-02 -2.230916417e+02 -2.230916417e+02 +7.0628e-01 +2.7998e+00
2398 +2.503062310e-02 +2.503062310e-02 -2.230949694e+02 -2.230949694e+02 +7.0650e-01 +2.7999e+00
2425 +1.360141877e-02 +1.360141877e-02 -2.231063986e+02 -2.231063986e+02 +7.0643e-01 +2.7999e+00
2431 +8.956091359e-03 +8.956091359e-03 -2.231110439e+02 -2.231110439e+02 +7.0636e-01 +2.7999e+00
2450 +5.761558846e-03 +5.761558846e-03 -2.231142384e+02 -2.231142384e+02 +7.0634e-01 +2.7999e+00
2477 +3.703472884e-03 +3.703472884e-03 -2.231162965e+02 -2.231162965e+02 +7.0634e-01 +2.7999e+00
2485 +1.560078847e-03 +1.560078847e-03 -2.231184399e+02 -2.231184399e+02 +7.0635e-01 +2.7999e+00
2534 +5.217486218e-04 +5.217486218e-04 -2.231194783e+02 -2.231194783e+02 +7.0635e-01 +2.7999e+00
2559 +9.331989898e-05 +9.331989898e-05 -2.231199067e+02 -2.231199067e+02 +7.0635e-01 +2.7999e+00
2574 +5.007556371e-05 +5.007556371e-05 -2.231199499e+02 -2.231199499e+02 +7.0635e-01 +2.7999e+00
2689 +3.044673730e-05 +3.044673730e-05 -2.231199696e+02 -2.231199696e+02 +7.0635e-01 +2.7999e+00
2698 +2.273224268e-05 +2.273224268e-05 -2.231199773e+02 -2.231199773e+02 +7.0635e-01 +2.7999e+00
2726 +1.477992441e-05 +1.477992441e-05 -2.231199852e+02 -2.231199852e+02 +7.0635e-01 +2.7999e+00
2732 +6.532324818e-06 +6.532324818e-06 -2.231199935e+02 -2.231199935e+02 +7.0635e-01 +2.7999e+00
2739 +4.777477358e-06 +4.777477358e-06 -2.231199952e+02 -2.231199952e+02 +7.0635e-01 +2.7999e+00
2780 +2.806130624e-06 +2.806130624e-06 -2.231199972e+02 -2.231199972e+02 +7.0635e-01 +2.7999e+00
2803 +2.009513423e-06 +2.009513423e-06 -2.231199980e+02 -2.231199980e+02 +7.0635e-01 +2.7999e+00
2856 +1.385134993e-06 +1.385134993e-06 -2.231199986e+02 -2.231199986e+02 +7.0635e-01 +2.7999e+00
2869 +9.897013058e-07 +9.897013058e-07 -2.231199990e+02 -2.231199990e+02 +7.0635e-01 +2.7999e+00
2874 +2.515515121e-07 +2.515515121e-07 -2.231199997e+02 -2.231199997e+02 +7.0635e-01 +2.7999e+00
2925 +2.062080853e-07 +2.062080853e-07 -2.231199998e+02 -2.231199998e+02 +7.0635e-01 +2.7999e+00
2959 +8.966046039e-08 +8.966046039e-08 -2.231199999e+02 -2.231199999e+02 +7.0635e-01 +2.7999e+00
2983 +2.198405014e-08 +2.198405014e-08 -2.231200000e+02 -2.231200000e+02 +7.0635e-01 +2.7999e+00
3027 +1.011474637e-08 +1.011474637e-08 -2.231200000e+02 -2.231200000e+02 +7.0635e-01 +2.7999e+00
3057 +4.559439049e-09 +4.559439049e-09 -2.231200000e+02 -2.231200000e+02 +7.0635e-01 +2.7999e+00
3058 +2.258673248e-09 +2.258673248e-09 -2.231200000e+02 -2.231200000e+02 +7.0635e-01 +2.7999e+00
% function evaluation | noise-free fitness - Fopt (-4.443000000000e+01) | best noise-free fitness - Fopt | measured fitness | best measured fitness | x1 | x2...
1 +7.064921608e+01 +7.064921608e+01 +2.621921608e+01 +2.621921608e+01 -2.8191e-01 -3.7256e+00
4 +2.340842650e+01 +2.340842650e+01 -2.102157350e+01 -2.102157350e+01 +1.7732e+00 -1.9546e+00
21 +7.972512794e+00 +7.972512794e+00 -3.645748721e+01 -3.645748721e+01 -4.4082e+00 -2.1989e+00
33 +4.877644884e-01 +4.877644884e-01 -4.394223551e+01 -4.394223551e+01 +1.3966e+00 -5.1497e+00
4677 +3.427414281e-01 +3.427414281e-01 -4.408725857e+01 -4.408725857e+01 -1.0055e+00 -1.9873e-01
9629 +1.304443813e-01 +1.304443813e-01 -4.429955562e+01 -4.429955562e+01 +1.4366e+00 +5.0243e+00
9654 +8.934272862e-02 +8.934272862e-02 -4.434065727e+01 -4.434065727e+01 +1.4366e+00 +5.0244e+00
9720 +3.529468507e-02 +3.529468507e-02 -4.439470531e+01 -4.439470531e+01 +1.4364e+00 +5.0247e+00
9750 +1.388002141e-02 +1.388002141e-02 -4.441611998e+01 -4.441611998e+01 +1.4363e+00 +5.0247e+00
9831 +9.762128205e-03 +9.762128205e-03 -4.442023787e+01 -4.442023787e+01 +1.4363e+00 +5.0247e+00
9912 +3.054842511e-03 +3.054842511e-03 -4.442694516e+01 -4.442694516e+01 +1.4363e+00 +5.0247e+00
9995 +1.746818670e-03 +1.746818670e-03 -4.442825318e+01 -4.442825318e+01 +1.4363e+00 +5.0248e+00
10051 +1.019120872e-03 +1.019120872e-03 -4.442898088e+01 -4.442898088e+01 +1.4363e+00 +5.0248e+00
10116 +8.691461632e-04 +8.691461632e-04 -4.442913085e+01 -4.442913085e+01 +1.4363e+00 +5.0248e+00
10237 +6.260783395e-04 +6.260783395e-04 -4.442937392e+01 -4.442937392e+01 +1.4363e+00 +5.0248e+00
14004 +1.848626219e-04 +1.848626219e-04 -4.442981514e+01 -4.442981514e+01 -3.3454e+00 -3.1264e+00
14082 +4.245477326e-05 +4.245477326e-05 -4.442995755e+01 -4.442995755e+01 -3.3454e+00 -3.1264e+00
14126 +2.192521011e-05 +2.192521011e-05 -4.442997807e+01 -4.442997807e+01 -3.3454e+00 -3.1264e+00
14213 +1.207439205e-05 +1.207439205e-05 -4.442998793e+01 -4.442998793e+01 -3.3454e+00 -3.1264e+00
14243 +5.169517081e-07 +5.169517081e-07 -4.442999948e+01 -4.442999948e+01 -3.3454e+00 -3.1264e+00
14450 +3.256226080e-07 +3.256226080e-07 -4.442999967e+01 -4.442999967e+01 -3.3454e+00 -3.1264e+00
14463 +2.156547083e-07 +2.156547083e-07 -4.442999978e+01 -4.442999978e+01 -3.3454e+00 -3.1264e+00
14480 +7.790434609e-08 +7.790434609e-08 -4.442999992e+01 -4.442999992e+01 -3.3454e+00 -3.1264e+00
14547 +5.829836169e-08 +5.829836169e-08 -4.442999994e+01 -4.442999994e+01 -3.3454e+00 -3.1264e+00
14585 +3.291746964e-08 +3.291746964e-08 -4.442999997e+01 -4.442999997e+01 -3.3454e+00 -3.1264e+00
14596 +1.920020765e-08 +1.920020765e-08 -4.442999998e+01 -4.442999998e+01 -3.3454e+00 -3.1264e+00
14616 +2.644974018e-09 +2.644974018e-09 -4.443000000e+01 -4.443000000e+01 -3.3454e+00 -3.1264e+00
% function evaluation | noise-free fitness - Fopt (-4.443000000000e+01) | best noise-free fitness - Fopt | measured fitness | best measured fitness | x1 | x2...
1 +6.961784926e+01 +6.961784926e+01 +2.518784926e+01 +2.518784926e+01 +3.0005e+00 +3.1096e+00
2 +1.455159933e+01 +1.455159933e+01 -2.987840067e+01 -2.987840067e+01 +4.3859e+00 +2.7023e+00
6 +9.845448079e+00 +9.845448079e+00 -3.458455192e+01 -3.458455192e+01 -4.6375e+00 +2.2528e+00
52 +4.830919658e+00 +4.830919658e+00 -3.959908034e+01 -3.959908034e+01 +3.6717e-01 +1.9504e+00
166 +3.670032610e+00 +3.670032610e+00 -4.075996739e+01 -4.075996739e+01 +2.2019e+00 +2.0110e+00
788 +1.218442179e+00 +1.218442179e+00 -4.321155782e+01 -4.321155782e+01 +4.1202e+00 -2.4276e+00
2712 +7.583805800e-01 +7.583805800e-01 -4.367161942e+01 -4.367161942e+01 -2.4528e+00 -4.6677e-01
2814 +4.961381822e-01 +4.961381822e-01 -4.393386182e+01 -4.393386182e+01 -2.3817e+00 -4.4259e-01
6634 +3.356048643e-01 +3.356048643e-01 -4.409439514e+01 -4.409439514e+01 +2.4384e+00 -2.0475e+00
6757 +2.484986741e-01 +2.484986741e-01 -4.418150133e+01 -4.418150133e+01 +2.4396e+00 -2.0489e+00
6820 +1.481386813e-01 +1.481386813e-01 -4.428186132e+01 -4.428186132e+01 +2.4400e+00 -2.0492e+00
6869 +7.557561511e-02 +7.557561511e-02 -4.435442438e+01 -4.435442438e+01 +2.4394e+00 -2.0485e+00
6899 +5.085402563e-02 +5.085402563e-02 -4.437914597e+01 -4.437914597e+01 +2.4394e+00 -2.0484e+00
6920 +1.178765120e-02 +1.178765120e-02 -4.441821235e+01 -4.441821235e+01 +2.4395e+00 -2.0486e+00
6990 +7.056136271e-03 +7.056136271e-03 -4.442294386e+01 -4.442294386e+01 +2.4395e+00 -2.0486e+00
7056 +2.833770923e-03 +2.833770923e-03 -4.442716623e+01 -4.442716623e+01 +2.4395e+00 -2.0486e+00
7087 +2.212406176e-03 +2.212406176e-03 -4.442778759e+01 -4.442778759e+01 +2.4395e+00 -2.0486e+00
7101 +1.232045459e-03 +1.232045459e-03 -4.442876795e+01 -4.442876795e+01 +2.4395e+00 -2.0486e+00
7137 +8.793851870e-04 +8.793851870e-04 -4.442912061e+01 -4.442912061e+01 +2.4395e+00 -2.0486e+00
7214 +4.137940888e-04 +4.137940888e-04 -4.442958621e+01 -4.442958621e+01 +2.4395e+00 -2.0486e+00
7235 +3.910111399e-04 +3.910111399e-04 -4.442960899e+01 -4.442960899e+01 +2.4395e+00 -2.0486e+00
7260 +1.522361419e-04 +1.522361419e-04 -4.442984776e+01 -4.442984776e+01 +2.4395e+00 -2.0486e+00
7265 +8.845678632e-05 +8.845678632e-05 -4.442991154e+01 -4.442991154e+01 +2.4395e+00 -2.0486e+00
7329 +4.750776969e-05 +4.750776969e-05 -4.442995249e+01 -4.442995249e+01 +2.4395e+00 -2.0486e+00
7332 +1.834416003e-05 +1.834416003e-05 -4.442998166e+01 -4.442998166e+01 +2.4395e+00 -2.0486e+00
7387 +5.189052885e-07 +5.189052885e-07 -4.442999948e+01 -4.442999948e+01 +2.4395e+00 -2.0486e+00
7563 +3.274857576e-07 +3.274857576e-07 -4.442999967e+01 -4.442999967e+01 +2.4395e+00 -2.0486e+00
7619 +2.036928493e-07 +2.036928493e-07 -4.442999980e+01 -4.442999980e+01 +2.4395e+00 -2.0486e+00
7625 +1.565070704e-07 +1.565070704e-07 -4.442999984e+01 -4.442999984e+01 +2.4395e+00 -2.0486e+00
7708 +7.908889899e-08 +7.908889899e-08 -4.442999992e+01 -4.442999992e+01 +2.4395e+00 -2.0486e+00
7741 +3.744658983e-08 +3.744658983e-08 -4.442999996e+01 -4.442999996e+01 +2.4395e+00 -2.0486e+00
7783 +1.837411645e-08 +1.837411645e-08 -4.442999998e+01 -4.442999998e+01 +2.4395e+00 -2.0486e+00
7795 +2.171773872e-09 +2.171773872e-09 -4.443000000e+01 -4.443000000e+01 +2.4395e+00 -2.0486e+00
% function evaluation | noise-free fitness - Fopt (-4.443000000000e+01) | best noise-free fitness - Fopt | measured fitness | best measured fitness | x1 | x2...
1 +7.414785826e+00 +7.414785826e+00 -3.701521417e+01 -3.701521417e+01 -2.0234e+00 +2.3889e+00
11 +4.774553164e+00 +4.774553164e+00 -3.965544684e+01 -3.965544684e+01 -3.1402e-01 +4.9718e+00
15 +2.534006665e+00 +2.534006665e+00 -4.189599333e+01 -4.189599333e+01 -1.0724e+00 +1.6754e+00
224 +2.018506813e+00 +2.018506813e+00 -4.241149319e+01 -4.241149319e+01 +4.4409e-01 +6.5301e-02
364 +8.180325908e-01 +8.180325908e-01 -4.361196741e+01 -4.361196741e+01 +1.3954e+00 +8.6132e-01
3952 +5.617764194e-01 +5.617764194e-01 -4.386822358e+01 -4.386822358e+01 -5.1592e+00 +3.2039e+00
5912 +3.359684304e-01 +3.359684304e-01 -4.409403157e+01 -4.409403157e+01 -4.3308e+00 +2.8260e+00
5961 +2.287682729e-01 +2.287682729e-01 -4.420123173e+01 -4.420123173e+01 -4.3317e+00 +2.8272e+00
5988 +1.067663057e-01 +1.067663057e-01 -4.432323369e+01 -4.432323369e+01 -4.3313e+00 +2.8269e+00
6001 +9.646082666e-02 +9.646082666e-02 -4.433353917e+01 -4.433353917e+01 -4.3310e+00 +2.8264e+00
6022 +5.885069123e-02 +5.885069123e-02 -4.437114931e+01 -4.437114931e+01 -4.3309e+00 +2.8264e+00
6051 +2.510261670e-02 +2.510261670e-02 -4.440489738e+01 -4.440489738e+01 -4.3312e+00 +2.8267e+00
6093 +1.555796480e-02 +1.555796480e-02 -4.441444204e+01 -4.441444204e+01 -4.3311e+00 +2.8266e+00
6115 +8.610182172e-03 +8.610182172e-03 -4.442138982e+01 -4.442138982e+01 -4.3311e+00 +2.8266e+00
6156 +3.438674041e-03 +3.438674041e-03 -4.442656133e+01 -4.442656133e+01 -4.3311e+00 +2.8266e+00
6206 +7.256956571e-04 +7.256956571e-04 -4.442927430e+01 -4.442927430e+01 -4.3311e+00 +2.8266e+00
6319 +4.724769894e-04 +4.724769894e-04 -4.442952752e+01 -4.442952752e+01 -4.3311e+00 +2.8266e+00
6342 +3.299673074e-04 +3.299673074e-04 -4.442967003e+01 -4.442967003e+01 -4.3311e+00 +2.8266e+00
6350 +2.263599832e-04 +2.263599832e-04 -4.442977364e+01 -4.442977364e+01 -4.3311e+00 +2.8266e+00
6395 +3.817188335e-05 +3.817188335e-05 -4.442996183e+01 -4.442996183e+01 -4.3311e+00 +2.8266e+00
6453 +1.058814652e-05 +1.058814652e-05 -4.442998941e+01 -4.442998941e+01 -4.3311e+00 +2.8266e+00
6501 +5.963591235e-06 +5.963591235e-06 -4.442999404e+01 -4.442999404e+01 -4.3311e+00 +2.8266e+00
6626 +3.643969194e-06 +3.643969194e-06 -4.442999636e+01 -4.442999636e+01 -4.3311e+00 +2.8266e+00
6628 +2.036551734e-06 +2.036551734e-06 -4.442999796e+01 -4.442999796e+01 -4.3311e+00 +2.8266e+00
6635 +1.420489227e-06 +1.420489227e-06 -4.442999858e+01 -4.442999858e+01 -4.3311e+00 +2.8266e+00
6636 +6.699886512e-07 +6.699886512e-07 -4.442999933e+01 -4.442999933e+01 -4.3311e+00 +2.8266e+00
6717 +3.434809912e-07 +3.434809912e-07 -4.442999966e+01 -4.442999966e+01 -4.3311e+00 +2.8266e+00
6750 +1.292939729e-07 +1.292939729e-07 -4.442999987e+01 -4.442999987e+01 -4.3311e+00 +2.8266e+00
6791 +5.168963213e-08 +5.168963213e-08 -4.442999995e+01 -4.442999995e+01 -4.3311e+00 +2.8266e+00
6882 +2.955743383e-08 +2.955743383e-08 -4.442999997e+01 -4.442999997e+01 -4.3311e+00 +2.8266e+00
6912 +1.831318741e-08 +1.831318741e-08 -4.442999998e+01 -4.442999998e+01 -4.3311e+00 +2.8266e+00
6919 +1.393747340e-08 +1.393747340e-08 -4.442999999e+01 -4.442999999e+01 -4.3311e+00 +2.8266e+00
6958 +9.743608587e-09 +9.743608587e-09 -4.442999999e+01 -4.442999999e+01 -4.3311e+00 +2.8266e+00
6972 +2.550955003e-09 +2.550955003e-09 -4.443000000e+01 -4.443000000e+01 -4.3311e+00 +2.8266e+00
