% function evaluation | noise-free fitness - Fopt (6.870000000000e+00) | best noise-free fitness - Fopt | measured fitness | best measured fitness | x1 | x2...
1 +3.649150522e+01 +3.649150522e+01 +4.336150522e+01 +4.336150522e+01 -1.8502e+00 -2.4098e+00 -2.0978e-01
5 +8.208751356e+00 +8.208751356e+00 +1.507875136e+01 +1.507875136e+01 -4.9236e+00 -1.0004e+00 -2.4312e+00
35 +4.876037596e+00 +4.876037596e+00 +1.174603760e+01 +1.174603760e+01 -6.2314e+00 +1.0104e+00 -5.7421e-01
2101 +2.236167150e+00 +2.236167150e+00 +9.106167150e+00 +9.106167150e+00 +3.2555e-01 -1.7759e+00 +6.4726e-01
3242 +1.574488011e+00 +1.574488011e+00 +8.444488011e+00 +8.444488011e+00 +1.0094e-01 -1.5445e+00 -1.2169e+00
3621 +9.815484128e-01 +9.815484128e-01 +7.851548413e+00 +7.851548413e+00 +1.0122e-01 -1.5471e+00 -1.2169e+00
7430 +5.711327432e-01 +5.711327432e-01 +7.441132743e+00 +7.441132743e+00 +1.5987e+00 +6.5930e-01 +1.6161e+00
7943 +2.696321129e-01 +2.696321129e-01 +7.139632113e+00 +7.139632113e+00 +9.7764e-01 +6.3688e-02 +1.3026e+00
8183 +2.055479065e-01 +2.055479065e-01 +7.075547907e+00 +7.075547907e+00 +9.7788e-01 +6.4011e-02 +1.3028e+00
10503 +8.092586610e-02 +8.092586610e-02 +6.950925866e+00 +6.950925866e+00 +9.7869e-01 +6.1031e-02 +1.3014e+00
10548 +4.570354656e-02 +4.570354656e-02 +6.915703547e+00 +6.915703547e+00 +9.7923e-01 +5.9868e-02 +1.3008e+00
10654 +2.950715326e-02 +2.950715326e-02 +6.899507153e+00 +6.899507153e+00 +9.7902e-01 +6.0654e-02 +1.3012e+00
10727 +1.373397206e-02 +1.373397206e-02 +6.883733972e+00 +6.883733972e+00 +9.7903e-01 +6.0524e-02 +1.3011e+00
10735 +8.013916968e-03 +8.013916968e-03 +6.878013917e+00 +6.878013917e+00 +9.7907e-01 +6.0451e-02 +1.3011e+00
10849 +1.267760044e-03 +1.267760044e-03 +6.871267760e+00 +6.871267760e+00 +9.7905e-01 +6.0502e-02 +1.3011e+00
11048 +6.005382650e-04 +6.005382650e-04 +6.870600538e+00 +6.870600538e+00 +9.7905e-01 +6.0504e-02 +1.3011e+00
11151 +2.176280336e-04 +2.176280336e-04 +6.870217628e+00 +6.870217628e+00 +9.7905e-01 +6.0503e-02 +1.3011e+00
11205 +1.345270790e-04 +1.345270790e-04 +6.870134527e+00 +6.870134527e+00 +9.7905e-01 +6.0503e-02 +1.3011e+00
11239 +5.898149558e-05 +5.898149558e-05 +6.870058981e+00 +6.870058981e+00 +9.7905e-01 +6.0503e-02 +1.3011e+00
11378 +2.076176786e-05 +2.076176786e-05 +6.870020762e+00 +6.870020762e+00 +9.7905e-01 +6.0502e-02 +1.3011e+00
11440 +9.774660420e-06 +9.774660420e-06 +6.870009775e+00 +6.870009775e+00 +9.7905e-01 +6.0502e-02 +1.3011e+00
11525 +2.249067468e-06 +2.249067468e-06 +6.870002249e+00 +6.870002249e+00 +9.7905e-01 +6.0502e-02 +1.3011e+00
11648 +1.340901066e-06 +1.340901066e-06 +6.870001341e+00 +6.870001341e+00 +9.7905e-01 +6.0502e-02 +1.3011e+00
11715 +5.902024389e-07 +5.902024389e-07 +6.870000590e+00 +6.870000590e+00 +9.7905e-01 +6.0502e-02 +1.3011e+00
11803 +3.497261662e-07 +3.497261662e-07 +6.870000350e+00 +6.870000350e+00 +9.7905e-01 +6.0502e-02 +1.3011e+00
11819 +1.523108955e-07 +1.523108955e-07 +6.870000152e+00 +6.870000152e+00 +9.7905e-01 +6.0502e-02 +1.3011e+00
11871 +9.621722530e-08 +9.621722530e-08 +6.870000096e+00 +6.870000096e+00 +9.7905e-01 +6.0502e-02 +1.3011e+00
11901 +4.595902059e-08 +4.595902059e-08 +6.870000046e+00 +6.870000046e+00 +9.7905e-01 +6.0502e-02 +1.3011e+00
11933 +3.069839227e-08 +3.069839227e-08 +6.870000031e+00 +6.870000031e+00 +9.7905e-01 +6.0502e-02 +1.3011e+00
12026 +1.127751226e-08 +1.127751226e-08 +6.870000011e+00 +6.870000011e+00 +9.7905e-01 +6.0502e-02 +1.3011e+00
12083 +8.372534666e-09 +8.372534666e-09 +6.870000008e+00 +6.870000008e+00 +9.7905e-01 +6.0502e-02 +1.3011e+00
% function evaluation | noise-free fitness - Fopt (6.870000000000e+00) | best noise-free fitness - Fopt | measured fitness | best measured fitness | x1 | x2...
1 +8.931958622e+00 +8.931958622e+00 +1.580195862e+01 +1.580195862e+01 +9.1839e-01 +3.6551e+00 +2.9689e+00
45 +6.167166931e+00 +6.167166931e+00 +1.303716693e+01 +1.303716693e+01 +9.1726e-01 +4.6944e+00 +2.9971e+00
54 +2.028554722e+00 +2.028554722e+00 +8.898554722e+00 +8.898554722e+00 +2.0315e+00 +4.5938e+00 +3.7497e+00
936 +1.557620465e+00 +1.557620465e+00 +8.427620465e+00 +8.427620465e+00 +1.3407e+00 +4.3940e+00 +3.3780e+00
1059 +9.891141144e-01 +9.891141144e-01 +7.859114114e+00 +7.859114114e+00 +1.3431e+00 +4.3879e+00 +3.3727e+00
1067 +5.956555791e-01 +5.956555791e-01 +7.465655579e+00 +7.465655579e+00 +1.3440e+00 +4.3830e+00 +3.3690e+00
1090 +3.477340097e-01 +3.477340097e-01 +7.217734010e+00 +7.217734010e+00 +1.3467e+00 +4.3771e+00 +3.3643e+00
1179 +2.511563974e-01 +2.511563974e-01 +7.121156397e+00 +7.121156397e+00 +1.3467e+00 +4.3767e+00 +3.3652e+00
1199 +1.289869681e-01 +1.289869681e-01 +6.998986968e+00 +6.998986968e+00 +1.3473e+00 +4.3748e+00 +3.3649e+00
1240 +9.785972175e-02 +9.785972175e-02 +6.967859722e+00 +6.967859722e+00 +1.3472e+00 +4.3745e+00 +3.3649e+00
1319 +6.062242602e-02 +6.062242602e-02 +6.930622426e+00 +6.930622426e+00 +1.3473e+00 +4.3743e+00 +3.3648e+00
1361 +3.786077202e-02 +3.786077202e-02 +6.907860772e+00 +6.907860772e+00 +1.3474e+00 +4.3738e+00 +3.3647e+00
1378 +2.059918024e-02 +2.059918024e-02 +6.890599180e+00 +6.890599180e+00 +1.3476e+00 +4.3734e+00 +3.3645e+00
1400 +1.406290163e-02 +1.406290163e-02 +6.884062902e+00 +6.884062902e+00 +1.3476e+00 +4.3735e+00 +3.3645e+00
1434 +8.761642135e-03 +8.761642135e-03 +6.878761642e+00 +6.878761642e+00 +1.3476e+00 +4.3733e+00 +3.3645e+00
1443 +2.350313767e-03 +2.350313767e-03 +6.872350314e+00 +6.872350314e+00 +1.3476e+00 +4.3734e+00 +3.3645e+00
1514 +6.303820313e-04 +6.303820313e-04 +6.870630382e+00 +6.870630382e+00 +1.3476e+00 +4.3734e+00 +3.3645e+00
1542 +3.376632521e-04 +3.376632521e-04 +6.870337663e+00 +6.870337663e+00 +1.3476e+00 +4.3734e+00 +3.3645e+00
1591 +1.539098492e-04 +1.539098492e-04 +6.870153910e+00 +6.870153910e+00 +1.3476e+00 +4.3734e+00 +3.3645e+00
1624 +6.035200477e-05 +6.035200477e-05 +6.870060352e+00 +6.870060352e+00 +1.3476e+00 +4.3734e+00 +3.3645e+00
1637 +3.406299392e-05 +3.406299392e-05 +6.870034063e+00 +6.870034063e+00 +1.3476e+00 +4.3734e+00 +3.3645e+00
1695 +1.581296454e-05 +1.581296454e-05 +6.870015813e+00 +6.870015813e+00 +1.3476e+00 +4.3734e+00 +3.3645e+00
1725 +9.022401731e-06 +9.022401731e-06 +6.870009022e+00 +6.870009022e+00 +1.3476e+00 +4.3734e+00 +3.3645e+00
1749 +5.609776623e-06 +5.609776623e-06 +6.870005610e+00 +6.870005610e+00 +1.3476e+00 +4.3734e+00 +3.3645e+00
1775 +3.938517405e-06 +3.938517405e-06 +6.870003939e+00 +6.870003939e+00 +1.3476e+00 +4.3734e+00 +3.3645e+00
1815 +2.440662059e-06 +2.440662059e-06 +6.870002441e+00 +6.870002441e+00 +1.3476e+00 +4.3734e+00 +3.3645e+00
1860 +1.366706111e-06 +1.366706111e-06 +6.870001367e+00 +6.870001367e+00 +1.3476e+00 +4.3734e+00 +3.3645e+00
1874 +4.251705743e-07 +4.251705743e-07 +6.870000425e+00 +6.870000425e+00 +1.3476e+00 +4.3734e+00 +3.3645e+00
1881 +3.959474224e-07 +3.959474224e-07 +6.870000396e+00 +6.870000396e+00 +1.3476e+00 +4.3734e+00 +3.3645e+00
1911 +2.064295463e-07 +2.064295463e-07 +6.870000206e+00 +6.870000206e+00 +1.3476e+00 +4.3734e+00 +3.3645e+00
1939 +8.517303041e-08 +8.517303041e-08 +6.870000085e+00 +6.870000085e+00 +1.3476e+00 +4.3734e+00 +3.3645e+00
1980 +2.651611730e-08 +2.651611730e-08 +6.870000027e+00 +6.870000027e+00 +1.3476e+00 +4.3734e+00 +3.3645e+00
2018 +2.448232461e-08 +2.448232461e-08 +6.870000024e+00 +6.870000024e+00 +1.3476e+00 +4.3734e+00 +3.3645e+00
2032 +9.138114265e-09 +9.138114265e-09 +6.870000009e+00 +6.870000009e+00 +1.3476e+00 +4.3734e+00 +3.3645e+00
% function evaluation | noise-free fitness - Fopt (6.870000000000e+00) | best noise-free fitness - Fopt | measured fitness | best measured fitness | x1 | x2...
1 +4.269079097e+01 +4.269079097e+01 +4.956079097e+01 +4.956079097e+01 +3.4838e+00 -1.4905e+00 +3.0522e+00
2 +2.064418504e+01 +2.064418504e+01 +2.751418504e+01 +2.751418504e+01 +3.4952e+00 -2.6423e+00 +5.8927e+00
7 +7.155961592e+00 +7.155961592e+00 +1.402596159e+01 +1.402596159e+01 +1.2378e+00 -4.0385e+00 +8.3975e-01
23 +3.989926553e+00 +3.989926553e+00 +1.085992655e+01 +1.085992655e+01 -3.6761e+00 -4.6185e+00 +4.2229e+00
448 +3.727921221e+00 +3.727921221e+00 +1.059792122e+01 +1.059792122e+01 +5.4154e+00 -3.6631e+00 +3.1734e+00
538 +1.697256843e+00 +1.697256843e+00 +8.567256843e+00 +8.567256843e+00 -5.3308e+00 -1.1974e+00 -2.0603e+00
1193 +3.319133341e-01 +3.319133341e-01 +7.201913334e+00 +7.201913334e+00 +5.9501e-01 -3.0178e+00 +2.2682e+00
1253 +1.853194970e-01 +1.853194970e-01 +7.055319497e+00 +7.055319497e+00 +5.9517e-01 -3.0177e+00 +2.2670e+00
1357 +1.511402884e-01 +1.511402884e-01 +7.021140288e+00 +7.021140288e+00 +5.9502e-01 -3.0175e+00 +2.2675e+00
2337 +9.990263547e-02 +9.990263547e-02 +6.969902635e+00 +6.969902635e+00 +5.9528e-01 -3.0182e+00 +2.2672e+00
2375 +5.755983516e-02 +5.755983516e-02 +6.927559835e+00 +6.927559835e+00 +5.9560e-01 -3.0192e+00 +2.2667e+00
2396 +3.154197730e-02 +3.154197730e-02 +6.901541977e+00 +6.901541977e+00 +5.9576e-01 -3.0198e+00 +2.2664e+00
2411 +2.500375133e-02 +2.500375133e-02 +6.895003751e+00 +6.895003751e+00 +5.9580e-01 -3.0199e+00 +2.2664e+00
2415 +1.301280773e-02 +1.301280773e-02 +6.883012808e+00 +6.883012808e+00 +5.9589e-01 -3.0202e+00 +2.2662e+00
2428 +8.141199592e-03 +8.141199592e-03 +6.878141200e+00 +6.878141200e+00 +5.9587e-01 -3.0202e+00 +2.2663e+00
2453 +6.108222566e-03 +6.108222566e-03 +6.876108223e+00 +6.876108223e+00 +5.9590e-01 -3.0202e+00 +2.2663e+00
2487 +3.647786026e-03 +3.647786026e-03 +6.873647786e+00 +6.873647786e+00 +5.9590e-01 -3.0202e+00 +2.2663e+00
2554 +1.926612697e-03 +1.926612697e-03 +6.871926613e+00 +6.871926613e+00 +5.9589e-01 -3.0202e+00 +2.2663e+00
2616 +1.532830959e-03 +1.532830959e-03 +6.871532831e+00 +6.871532831e+00 +5.9589e-01 -3.0202e+00 +2.2663e+00
2663 +8.463190214e-04 +8.463190214e-04 +6.870846319e+00 +6.870846319e+00 +5.9589e-01 -3.0202e+00 +2.2663e+00
2666 +3.329490665e-04 +3.329490665e-04 +6.870332949e+00 +6.870332949e+00 +5.9589e-01 -3.0202e+00 +2.2663e+00
2732 +1.523861467e-04 +1.523861467e-04 +6.870152386e+00 +6.870152386e+00 +5.9589e-01 -3.0202e+00 +2.2663e+00
2746 +8.922993011e-05 +8.922993011e-05 +6.870089230e+00 +6.870089230e+00 +5.9589e-01 -3.0202e+00 +2.2663e+00
2798 +5.824374268e-05 +5.824374268e-05 +6.870058244e+00 +6.870058244e+00 +5.9589e-01 -3.0202e+00 +2.2663e+00
2839 +3.642171204e-05 +3.642171204e-05 +6.870036422e+00 +6.870036422e+00 +5.9589e-01 -3.0202e+00 +2.2663e+00
2875 +1.886210765e-05 +1.886210765e-05 +6.870018862e+00 +6.870018862e+00 +5.9589e-01 -3.0202e+00 +2.2663e+00
2876 +1.275254035e-05 +1.275254035e-05 +6.870012753e+00 +6.870012753e+00 +5.9589e-01 -3.0202e+00 +2.2663e+00
2893 +7.669691487e-06 +7.669691487e-06 +6.870007670e+00 +6.870007670e+00 +5.9589e-01 -3.0202e+00 +2.2663e+00
2917 +4.933913204e-06 +4.933913204e-06 +6.870004934e+00 +6.870004934e+00 +5.9589e-01 -3.0202e+00 +2.2663e+00
2931 +2.436355955e-06 +2.436355955e-06 +6.870002436e+00 +6.870002436e+00 +5.9589e-01 -3.0202e+00 +2.2663e+00
2977 +1.496238663e-06 +1.496238663e-06 +6.870001496e+00 +6.870001496e+00 +5.9589e-01 -3.0202e+00 +2.2663e+00
2990 +4.046044433e-07 +4.046044433e-07 +6.870000405e+00 +6.870000405e+00 +5.9589e-01 -3.0202e+00 +2.2663e+00
3025 +2.763215496e-07 +2.763215496e-07 +6.870000276e+00 +6.870000276e+00 +5.9589e-01 -3.0202e+00 +2.2663e+00
3028 +2.446730454e-07 +2.446730454e-07 +6.870000245e+00 +6.870000245e+00 +5.9589e-01 -3.0202e+00 +2.2663e+00
3069 +9.620784613e-08 +9.620784613e-08 +6.870000096e+00 +6.870000096e+00 +5.9589e-01 -3.0202e+00 +2.2663e+00
3113 +5.522839697e-08 +5.522839697e-08 +6.870000055e+00 +6.870000055e+00 +5.9589e-01 -3.0202e+00 +2.2663e+00
3122 +3.474385935e-08 +3.474385935e-08 +6.870000035e+00 +6.870000035e+00 +5.9589e-01 -3.0202e+00 +2.2663e+00
3138 +2.204125771e-08 +2.204125771e-08 +6.870000022e+00 +6.870000022e+00 +5.9589e-01 -3.0202e+00 +2.2663e+00
3145 +3.673767957e-09 +3.673767957e-09 +6.870000004e+00 +6.870000004e+00 +5.9589e-01 -3.0202e+00 +2.2663e+00
% function evaluation | noise-free fitness - Fopt (1.000000000000e-02) | best noise-free fitness - Fopt | measured fitness | best measured fitness | x1 | x2...
1 +2.190322470e+01 +2.190322470e+01 +2.191322470e+01 +2.191322470e+01 +2.0222e+00 +2.0972e+00 -2.0877e+00
2 +5.192974164e+00 +5.192974164e+00 +5.202974164e+00 +5.202974164e+00 +1.9912e+00 +3.1437e+00 -8.6903e-01
65 +2.301226588e+00 +2.301226588e+00 +2.311226588e+00 +2.311226588e+00 +1.8385e+00 +3.5787e+00 -2.9745e+00
3868 +1.525303718e+00 +1.525303718e+00 +1.535303718e+00 +1.535303718e+00 -4.6264e+00 +5.3277e+00 -5.6238e-01
3913 +9.118274870e-01 +9.118274870e-01 +9.218274870e-01 +9.218274870e-01 -4.6180e+00 +5.3415e+00 -5.5253e-01
3914 +4.432296988e-01 +4.432296988e-01 +4.532296988e-01 +4.532296988e-01 -4.6246e+00 +5.3409e+00 -5.5675e-01
4007 +3.329244615e-01 +3.329244615e-01 +3.429244615e-01 +3.429244615e-01 -4.6248e+00 +5.3440e+00 -5.5587e-01
4048 +2.321536609e-01 +2.321536609e-01 +2.421536609e-01 +2.421536609e-01 -4.6238e+00 +5.3451e+00 -5.5499e-01
4107 +1.558937594e-01 +1.558937594e-01 +1.658937594e-01 +1.658937594e-01 -4.6240e+00 +5.3445e+00 -5.5520e-01
26657 +6.200700352e-02 +6.200700352e-02 +7.200700352e-02 +7.200700352e-02 -4.6691e-01 +3.1664e+00 +2.7697e+00
26696 +3.556256419e-02 +3.556256419e-02 +4.556256419e-02 +4.556256419e-02 -4.6681e-01 +3.1658e+00 +2.7696e+00
26718 +2.468051389e-02 +2.468051389e-02 +3.468051389e-02 +3.468051389e-02 -4.6669e-01 +3.1660e+00 +2.7698e+00
26748 +1.482685478e-02 +1.482685478e-02 +2.482685478e-02 +2.482685478e-02 -4.6664e-01 +3.1657e+00 +2.7697e+00
26766 +9.521699991e-03 +9.521699991e-03 +1.952169999e-02 +1.952169999e-02 -4.6663e-01 +3.1658e+00 +2.7697e+00
26771 +5.276216918e-03 +5.276216918e-03 +1.527621692e-02 +1.527621692e-02 -4.6667e-01 +3.1659e+00 +2.7697e+00
26831 +3.913939147e-03 +3.913939147e-03 +1.391393915e-02 +1.391393915e-02 -4.6666e-01 +3.1658e+00 +2.7697e+00
26840 +2.481825129e-03 +2.481825129e-03 +1.248182513e-02 +1.248182513e-02 -4.6668e-01 +3.1658e+00 +2.7697e+00
26860 +1.362331117e-03 +1.362331117e-03 +1.136233112e-02 +1.136233112e-02 -4.6667e-01 +3.1658e+00 +2.7697e+00
26883 +5.202713613e-04 +5.202713613e-04 +1.052027136e-02 +1.052027136e-02 -4.6667e-01 +3.1658e+00 +2.7697e+00
26894 +2.035024617e-04 +2.035024617e-04 +1.020350246e-02 +1.020350246e-02 -4.6667e-01 +3.1658e+00 +2.7697e+00
26916 +1.409863445e-04 +1.409863445e-04 +1.014098634e-02 +1.014098634e-02 -4.6667e-01 +3.1658e+00 +2.7697e+00
26957 +6.449281465e-05 +6.449281465e-05 +1.006449281e-02 +1.006449281e-02 -4.6667e-01 +3.1658e+00 +2.7697e+00
26981 +5.777256977e-05 +5.777256977e-05 +1.005777257e-02 +1.005777257e-02 -4.6667e-01 +3.1658e+00 +2.7697e+00
26985 +3.446423346e-05 +3.446423346e-05 +1.003446423e-02 +1.003446423e-02 -4.6667e-01 +3.1658e+00 +2.7697e+00
27011 +2.011934970e-05 +2.011934970e-05 +1.002011935e-02 +1.002011935e-02 -4.6667e-01 +3.1658e+00 +2.7697e+00
27035 +1.446945886e-05 +1.446945886e-05 +1.001446946e-02 +1.001446946e-02 -4.6667e-01 +3.1658e+00 +2.7697e+00
27063 +8.925860035e-06 +8.925860035e-06 +1.000892586e-02 +1.000892586e-02 -4.6667e-01 +3.1658e+00 +2.7697e+00
27077 +4.016591329e-06 +4.016591329e-06 +1.000401659e-02 +1.000401659e-02 -4.6667e-01 +3.1658e+00 +2.7697e+00
27083 +2.672558585e-06 +2.672558585e-06 +1.000267256e-02 +1.000267256e-02 -4.6667e-01 +3.1658e+00 +2.7697e+00
27096 +2.367260427e-06 +2.367260427e-06 +1.000236726e-02 +1.000236726e-02 -4.6667e-01 +3.1658e+00 +2.7697e+00
27143 +1.405018516e-06 +1.405018516e-06 +1.000140502e-02 +1.000140502e-02 -4.6667e-01 +3.1658e+00 +2.7697e+00
27161 +9.255912607e-07 +9.255912607e-07 +1.000092559e-02 +1.000092559e-02 -4.6667e-01 +3.1658e+00 +2.7697e+00
27176 +5.997990207e-07 +5.997990207e-07 +1.000059980e-02 +1.000059980e-02 -4.6667e-01 +3.1658e+00 +2.7697e+00
27202 +1.782768513e-07 +1.782768513e-07 +1.000017828e-02 +1.000017828e-02 -4.6667e-01 +3.1658e+00 +2.7697e+00
27251 +1.504747620e-07 +1.504747620e-07 +1.000015047e-02 +1.000015047e-02 -4.6667e-01 +3.1658e+00 +2.7697e+00
27265 +9.783261001e-08 +9.783261001e-08 +1.000009783e-02 +1.000009783e-02 -4.6667e-01 +3.1658e+00 +2.7697e+00
27314 +5.390523672e-08 +5.390523672e-08 +1.000005391e-02 +1.000005391e-02 -4.6667e-01 +3.1658e+00 +2.7697e+00
27336 +3.196590792e-08 +3.196590792e-08 +1.000003197e-02 +1.000003197e-02 -4.6667e-01 +3.1658e+00 +2.7697e+00
27347 +2.486283268e-08 +2.486283268e-08 +1.000002486e-02 +1.000002486e-02 -4.6667e-01 +3.1658e+00 +2.7697e+00
27364 +1.106997760e-08 +1.106997760e-08 +1.000001107e-02 +1.000001107e-02 -4.6667e-01 +3.1658e+00 +2.7697e+00
27411 +4.070585424e-09 +4.070585424e-09 +1.000000407e-02 +1.000000407e-02 -4.6667e-01 +3.1658e+00 +2.7697e+00
% function evaluation | noise-free fitness - Fopt (1.000000000000e-02) | best noise-free fitness - Fopt | measured fitness | best measured fitness | x1 | x2...
1 +4.463621282e+01 +4.463621282e+01 +4.464621282e+01 +4.464621282e+01 +3.8609e+00 +3.8796e+00 -2.3622e+00
2 +3.657399862e+01 +3.657399862e+01 +3.658399862e+01 +3.658399862e+01 +3.9058e+00 +1.6831e+00 -1.1169e+00
3 +1.928590995e+01 +1.928590995e+01 +1.929590995e+01 +1.929590995e+01 +3.4852e+00 +7.9185e+00 -2.7804e+00
13 +7.856571083e+00 +7.856571083e+00 +7.866571083e+00 +7.866571083e+00 +2.1589e+00 +7.6099e+00 -1.9045e+00
59 +4.415800193e+00 +4.415800193e+00 +4.425800193e+00 +4.425800193e+00 -2.3401e+00 +3.6863e+00 +6.4354e+00
332 +3.589608617e+00 +3.589608617e+00 +3.599608617e+00 +3.599608617e+00 -3.7608e+00 -3.7426e+00 -2.4512e+00
883 +1.878503787e+00 +1.878503787e+00 +1.888503787e+00 +1.888503787e+00 -3.5311e+00 -2.9979e+00 -3.3971e+00
1368 +1.513236636e+00 +1.513236636e+00 +1.523236636e+00 +1.523236636e+00 +1.7864e+00 -3.0200e+00 -3.7878e+00
5829 +9.744780072e-01 +9.744780072e-01 +9.844780072e-01 +9.844780072e-01 +2.0453e+00 +3.8434e-01 -3.6068e+00
7170 +5.849929945e-01 +5.849929945e-01 +5.949929945e-01 +5.949929945e-01 +2.3732e+00 -2.8083e+00 -7.6377e-01
7182 +2.742755098e-01 +2.742755098e-01 +2.842755098e-01 +2.842755098e-01 +2.3719e+00 -2.8116e+00 -7.6458e-01
7190 +1.674898287e-01 +1.674898287e-01 +1.774898287e-01 +1.774898287e-01 +2.3709e+00 -2.8104e+00 -7.6434e-01
7230 +7.502902923e-02 +7.502902923e-02 +8.502902923e-02 +8.502902923e-02 +2.3706e+00 -2.8113e+00 -7.6486e-01
7262 +5.119216484e-02 +5.119216484e-02 +6.119216484e-02 +6.119216484e-02 +2.3707e+00 -2.8118e+00 -7.6505e-01
7311 +3.577827260e-02 +3.577827260e-02 +4.577827260e-02 +4.577827260e-02 +2.3704e+00 -2.8117e+00 -7.6518e-01
7315 +6.234026913e-03 +6.234026913e-03 +1.623402691e-02 +1.623402691e-02 +2.3705e+00 -2.8119e+00 -7.6517e-01
7390 +2.737120919e-03 +2.737120919e-03 +1.273712092e-02 +1.273712092e-02 +2.3705e+00 -2.8119e+00 -7.6519e-01
7455 +7.167256035e-04 +7.167256035e-04 +1.071672560e-02 +1.071672560e-02 +2.3705e+00 -2.8120e+00 -7.6518e-01
7530 +4.020169382e-04 +4.020169382e-04 +1.040201694e-02 +1.040201694e-02 +2.3705e+00 -2.8119e+00 -7.6518e-01
7557 +1.045857722e-04 +1.045857722e-04 +1.010458577e-02 +1.010458577e-02 +2.3705e+00 -2.8119e+00 -7.6518e-01
7589 +7.362318961e-05 +7.362318961e-05 +1.007362319e-02 +1.007362319e-02 +2.3705e+00 -2.8119e+00 -7.6518e-01
7630 +6.177404765e-05 +6.177404765e-05 +1.006177405e-02 +1.006177405e-02 +2.3705e+00 -2.8119e+00 -7.6518e-01
7671 +3.060507106e-05 +3.060507106e-05 +1.003060507e-02 +1.003060507e-02 +2.3705e+00 -2.8119e+00 -7.6518e-01
7675 +1.852113205e-05 +1.852113205e-05 +1.001852113e-02 +1.001852113e-02 +2.3705e+00 -2.8119e+00 -7.6518e-01
7689 +1.504848388e-05 +1.504848388e-05 +1.001504848e-02 +1.001504848e-02 +2.3705e+00 -2.8119e+00 -7.6518e-01
7704 +9.811367619e-06 +9.811367619e-06 +1.000981137e-02 +1.000981137e-02 +2.3705e+00 -2.8119e+00 -7.6518e-01
7731 +3.977812225e-06 +3.977812225e-06 +1.000397781e-02 +1.000397781e-02 +2.3705e+00 -2.8119e+00 -7.6518e-01
7775 +1.925462370e-06 +1.925462370e-06 +1.000192546e-02 +1.000192546e-02 +2.3705e+00 -2.8119e+00 -7.6518e-01
7827 +1.082179387e-06 +1.082179387e-06 +1.000108218e-02 +1.000108218e-02 +2.3705e+00 -2.8119e+00 -7.6518e-01
7831 +9.035906903e-07 +9.035906903e-07 +1.000090359e-02 +1.000090359e-02 +2.3705e+00 -2.8119e+00 -7.6518e-01
7851 +6.104314951e-07 +6.104314951e-07 +1.000061043e-02 +1.000061043e-02 +2.3705e+00 -2.8119e+00 -7.6518e-01
7865 +3.207731878e-07 +3.207731878e-07 +1.000032077e-02 +1.000032077e-02 +2.3705e+00 -2.8119e+00 -7.6518e-01
7869 +2.350435244e-07 +2.350435244e-07 +1.000023504e-02 +1.000023504e-02 +2.3705e+00 -2.8119e+00 -7.6518e-01
7898 +1.377233265e-07 +1.377233265e-07 +1.000013772e-02 +1.000013772e-02 +2.3705e+00 -2.8119e+00 -7.6518e-01
7928 +6.018706999e-08 +6.018706999e-08 +1.000006019e-02 +1.000006019e-02 +2.3705e+00 -2.8119e+00 -7.6518e-01
7969 +3.959206585e-08 +3.959206585e-08 +1.000003959e-02 +1.000003959e-02 +2.3705e+00 -2.8119e+00 -7.6518e-01
7982 +2.245603126e-08 +2.245603126e-08 +1.000002246e-02 +1.000002246e-02 +2.3705e+00 -2.8119e+00 -7.6518e-01
8001 +1.555725859e-08 +1.555725859e-08 +1.000001556e-02 +1.000001556e-02 +2.3705e+00 -2.8119e+00 -7.6518e-01
8028 +9.787251232e-09 +9.787251232e-09 +1.000000979e-02 +1.000000979e-02 +2.3705e+00 -2.8119e+00 -7.6518e-01
8029 +4.857290126e-09 +4.857290126e-09 +1.000000486e-02 +1.000000486e-02 +2.3705e+00 -2.8119e+00 -7.6518e-01
% function evaluation | noise-free fitness - Fopt (1.000000000000e-02) | best noise-free fitness - Fopt | measured fitness | best measured fitness | x1 | x2...
1 +1.853054652e+01 +1.853054652e+01 +1.854054652e+01 +1.854054652e+01 -1.5248e-01 -2.2257e+00 -7.3510e-01
5 +1.491576161e+01 +1.491576161e+01 +1.492576161e+01 +1.492576161e+01 +1.5514e+00 -3.4148e+00 -8.0358e-02
11 +7.890549974e+00 +7.890549974e+00 +7.900549974e+00 +7.900549974e+00 -5.9756e+00 -4.0832e+00 +1.8351e+00
19 +5.630095072e+00 +5.630095072e+00 +5.640095072e+00 +5.640095072e+00 -1.6831e+00 -1.6547e+00 -2.3175e+00
103 +3.229222489e+00 +3.229222489e+00 +3.239222489e+00 +3.239222489e+00 -5.2143e+00 +2.2344e+00 -4.5695e+00
885 +2.341104908e+00 +2.341104908e+00 +2.351104908e+00 +2.351104908e+00 -3.9612e+00 -5.4522e-01 +9.6170e-02
1009 +1.544297881e+00 +1.544297881e+00 +1.554297881e+00 +1.554297881e+00 -3.9553e+00 -5.5480e-01 +9.9046e-02
2853 +9.201066317e-01 +9.201066317e-01 +9.301066317e-01 +9.301066317e-01 +4.7533e-01 -2.9613e+00 +4.7702e+00
2859 +6.187518057e-01 +6.187518057e-01 +6.287518057e-01 +6.287518057e-01 +4.7784e-01 -2.9722e+00 +4.7713e+00
2903 +3.528588995e-01 +3.528588995e-01 +3.628588995e-01 +3.628588995e-01 +4.7735e-01 -2.9680e+00 +4.7716e+00
2956 +2.028593886e-01 +2.028593886e-01 +2.128593886e-01 +2.128593886e-01 +4.7982e-01 -2.9678e+00 +4.7725e+00
2969 +8.579112280e-02 +8.579112280e-02 +9.579112280e-02 +9.579112280e-02 +4.7887e-01 -2.9666e+00 +4.7721e+00
2988 +6.111486099e-02 +6.111486099e-02 +7.111486099e-02 +7.111486099e-02 +4.7861e-01 -2.9667e+00 +4.7721e+00
3056 +3.492297921e-02 +3.492297921e-02 +4.492297921e-02 +4.492297921e-02 +4.7853e-01 -2.9672e+00 +4.7719e+00
3105 +2.002031104e-02 +2.002031104e-02 +3.002031104e-02 +3.002031104e-02 +4.7862e-01 -2.9670e+00 +4.7720e+00
3139 +1.329320691e-02 +1.329320691e-02 +2.329320691e-02 +2.329320691e-02 +4.7858e-01 -2.9670e+00 +4.7720e+00
3202 +5.939109856e-03 +5.939109856e-03 +1.593910986e-02 +1.593910986e-02 +4.7865e-01 -2.9671e+00 +4.7720e+00
3239 +2.791494634e-03 +2.791494634e-03 +1.279149463e-02 +1.279149463e-02 +4.7864e-01 -2.9671e+00 +4.7720e+00
3263 +2.331272164e-03 +2.331272164e-03 +1.233127216e-02 +1.233127216e-02 +4.7863e-01 -2.9671e+00 +4.7720e+00
3293 +1.297899910e-03 +1.297899910e-03 +1.129789991e-02 +1.129789991e-02 +4.7864e-01 -2.9671e+00 +4.7720e+00
3325 +8.336651420e-04 +8.336651420e-04 +1.083366514e-02 +1.083366514e-02 +4.7864e-01 -2.9671e+00 +4.7720e+00
3343 +4.903283233e-04 +4.903283233e-04 +1.049032832e-02 +1.049032832e-02 +4.7864e-01 -2.9671e+00 +4.7720e+00
3352 +2.678733620e-04 +2.678733620e-04 +1.026787336e-02 +1.026787336e-02 +4.7864e-01 -2.9671e+00 +4.7720e+00
3422 +2.462444242e-04 +2.462444242e-04 +1.024624442e-02 +1.024624442e-02 +4.7863e-01 -2.9671e+00 +4.7720e+00
3424 +6.886581403e-05 +6.886581403e-05 +1.006886581e-02 +1.006886581e-02 +4.7863e-01 -2.9671e+00 +4.7720e+00
3488 +4.885849872e-05 +4.885849872e-05 +1.004885850e-02 +1.004885850e-02 +4.7863e-01 -2.9671e+00 +4.7720e+00
3500 +3.583125583e-05 +3.583125583e-05 +1.003583126e-02 +1.003583126e-02 +4.7863e-01 -2.9671e+00 +4.7720e+00
3546 +2.311632797e-05 +2.311632797e-05 +1.002311633e-02 +1.002311633e-02 +4.7863e-01 -2.9671e+00 +4.7720e+00
3563 +1.509463102e-05 +1.509463102e-05 +1.001509463e-02 +1.001509463e-02 +4.7863e-01 -2.9671e+00 +4.7720e+00
3579 +4.094105865e-06 +4.094105865e-06 +1.000409411e-02 +1.000409411e-02 +4.7863e-01 -2.9671e+00 +4.7720e+00
3651 +2.910585417e-06 +2.910585417e-06 +1.000291059e-02 +1.000291059e-02 +4.7863e-01 -2.9671e+00 +4.7720e+00
3699 +2.335728892e-06 +2.335728892e-06 +1.000233573e-02 +1.000233573e-02 +4.7863e-01 -2.9671e+00 +4.7720e+00
3722 +4.022081439e-07 +4.022081439e-07 +1.000040221e-02 +1.000040221e-02 +4.7863e-01 -2.9671e+00 +4.7720e+00
3794 +2.839195892e-07 +2.839195892e-07 +1.000028392e-02 +1.000028392e-02 +4.7863e-01 -2.9671e+00 +4.7720e+00
3828 +2.028555088e-07 +2.028555088e-07 +1.000020286e-02 +1.000020286e-02 +4.7863e-01 -2.9671e+00 +4.7720e+00
3835 +1.260067255e-07 +1.260067255e-07 +1.000012601e-02 +1.000012601e-02 +4.7863e-01 -2.9671e+00 +4.7720e+00
3859 +9.937572698e-08 +9.937572698e-08 +1.000009938e-02 +1.000009938e-02 +4.7863e-01 -2.9671e+00 +4.7720e+00
3904 +5.427661898e-08 +5.427661898e-08 +1.000005428e-02 +1.000005428e-02 +4.7863e-01 -2.9671e+00 +4.7720e+00
3926 +3.608457444e-08 +3.608457444e-08 +1.000003608e-02 +1.000003608e-02 +4.7863e-01 -2.9671e+00 +4.7720e+00
3935 +2.485243944e-08 +2.485243944e-08 +1.000002485e-02 +1.000002485e-02 +4.7863e-01 -2.9671e+00 +4.7720e+00
3976 +1.177944853e-08 +1.177944853e-08 +1.000001178e-02 +1.000001178e-02 +4.7863e-01 -2.9671e+00 +4.7720e+00
3982 +3.234700729e-09 +3.234700729e-09 +1.000000323e-02 +1.000000323e-02 +4.7863e-01 -2.9671e+00 +4.7720e+00
% function evaluation | noise-free fitness - Fopt (-1.306100000000e+02) | best noise-free fitness - Fopt | measured fitness | best measured fitness | x1 | x2...
1 +2.434231313e+01 +2.434231313e+01 -1.062676869e+02 -1.062676869e+02 +1.5236e+00 +2.5683e-01 -1.1389e+00
3 +1.282886246e+01 +1.282886246e+01 -1.177811375e+02 -1.177811375e+02 +8.2035e-01 -1.6851e+00 +4.8324e-01
10 +8.127664661e+00 +8.127664661e+00 -1.224823353e+02 -1.224823353e+02 +3.5423e-01 -4.9915e-01 -2.8149e-01
56 +5.720774236e+00 +5.720774236e+00 -1.248892258e+02 -1.248892258e+02 -1.6101e+00 -1.4901e+00 +2.8242e+00
128 +3.948098943e+00 +3.948098943e+00 -1.266619011e+02 -1.266619011e+02 -2.0002e+00 +1.5846e+00 +1.4575e+00
202 +1.610960856e+00 +1.610960856e+00 -1.289990391e+02 -1.289990391e+02 -1.7231e+00 +1.8488e+00 +5.2514e-01
530 +1.198293205e+00 +1.198293205e+00 -1.294117068e+02 -1.294117068e+02 -2.1657e+00 +1.3372e+00 +4.3670e-01
569 +4.622517353e-01 +4.622517353e-01 -1.301477483e+02 -1.301477483e+02 -2.1590e+00 +1.3441e+00 +4.2995e-01
655 +3.011287695e-01 +3.011287695e-01 -1.303088712e+02 -1.303088712e+02 -2.1605e+00 +1.3428e+00 +4.3123e-01
689 +1.942716806e-01 +1.942716806e-01 -1.304157283e+02 -1.304157283e+02 -2.1611e+00 +1.3435e+00 +4.2987e-01
695 +1.265134479e-01 +1.265134479e-01 -1.304834866e+02 -1.304834866e+02 -2.1624e+00 +1.3432e+00 +4.2963e-01
729 +9.158033439e-02 +9.158033439e-02 -1.305184197e+02 -1.305184197e+02 -2.1622e+00 +1.3431e+00 +4.3001e-01
732 +6.075615347e-02 +6.075615347e-02 -1.305492438e+02 -1.305492438e+02 -2.1620e+00 +1.3433e+00 +4.2958e-01
827 +3.690847804e-02 +3.690847804e-02 -1.305730915e+02 -1.305730915e+02 -2.1619e+00 +1.3430e+00 +4.3014e-01
837 +2.343446144e-02 +2.343446144e-02 -1.305865655e+02 -1.305865655e+02 -2.1620e+00 +1.3430e+00 +4.3019e-01
840 +1.029131921e-02 +1.029131921e-02 -1.305997087e+02 -1.305997087e+02 -2.1620e+00 +1.3429e+00 +4.3024e-01
902 +6.965592526e-03 +6.965592526e-03 -1.306030344e+02 -1.306030344e+02 -2.1620e+00 +1.3429e+00 +4.3031e-01
928 +1.174681708e-03 +1.174681708e-03 -1.306088253e+02 -1.306088253e+02 -2.1620e+00 +1.3429e+00 +4.3029e-01
991 +9.886858930e-04 +9.886858930e-04 -1.306090113e+02 -1.306090113e+02 -2.1620e+00 +1.3429e+00 +4.3030e-01
998 +6.212201146e-04 +6.212201146e-04 -1.306093788e+02 -1.306093788e+02 -2.1620e+00 +1.3429e+00 +4.3030e-01
1038 +2.670419860e-04 +2.670419860e-04 -1.306097330e+02 -1.306097330e+02 -2.1620e+00 +1.3429e+00 +4.3030e-01
1045 +2.154208939e-04 +2.154208939e-04 -1.306097846e+02 -1.306097846e+02 -2.1620e+00 +1.3429e+00 +4.3030e-01
1054 +1.097032453e-04 +1.097032453e-04 -1.306098903e+02 -1.306098903e+02 -2.1620e+00 +1.3429e+00 +4.3030e-01
1112 +9.962285310e-05 +9.962285310e-05 -1.306099004e+02 -1.306099004e+02 -2.1620e+00 +1.3429e+00 +4.3030e-01
1116 +6.128428774e-05 +6.128428774e-05 -1.306099387e+02 -1.306099387e+02 -2.1620e+00 +1.3429e+00 +4.3030e-01
1157 +1.911123707e-05 +1.911123707e-05 -1.306099809e+02 -1.306099809e+02 -2.1620e+00 +1.3429e+00 +4.3030e-01
1182 +1.352566372e-05 +1.352566372e-05 -1.306099865e+02 -1.306099865e+02 -2.1620e+00 +1.3429e+00 +4.3030e-01
1195 +4.890098324e-06 +4.890098324e-06 -1.306099951e+02 -1.306099951e+02 -2.1620e+00 +1.3429e+00 +4.3030e-01
1201 +3.070086166e-06 +3.070086166e-06 -1.306099969e+02 -1.306099969e+02 -2.1620e+00 +1.3429e+00 +4.3030e-01
1252 +1.118969095e-06 +1.118969095e-06 -1.306099989e+02 -1.306099989e+02 -2.1620e+00 +1.3429e+00 +4.3030e-01
1304 +7.393663850e-07 +7.393663850e-07 -1.306099993e+02 -1.306099993e+02 -2.1620e+00 +1.3429e+00 +4.3030e-01
1319 +5.125621385e-07 +5.125621385e-07 -1.306099995e+02 -1.306099995e+02 -2.1620e+00 +1.3429e+00 +4.3030e-01
1330 +3.418508925e-07 +3.418508925e-07 -1.306099997e+02 -1.306099997e+02 -2.1620e+00 +1.3429e+00 +4.3030e-01
1365 +7.998838214e-08 +7.998838214e-08 -1.306099999e+02 -1.306099999e+02 -2.1620e+00 +1.3429e+00 +4.3030e-01
1414 +2.629212759e-08 +2.629212759e-08 -1.306100000e+02 -1.306100000e+02 -2.1620e+00 +1.3429e+00 +4.3030e-01
1443 +1.931357474e-08 +1.931357474e-08 -1.306100000e+02 -1.306100000e+02 -2.1620e+00 +1.3429e+00 +4.3030e-01
1445 +8.261679341e-09 +8.261679341e-09 -1.306100000e+02 -1.306100000e+02 -2.1620e+00 +1.3429e+00 +4.3030e-01
% function evaluation | noise-free fitness - Fopt (-1.306100000000e+02) | best noise-free fitness - Fopt | measured fitness | best measured fitness | x1 | x2...
1 +2.931769464e+01 +2.931769464e+01 -1.012923054e+02 -1.012923054e+02 -3.0567e+00 +2.0897e+00 +1.2108e+00
3 +2.454343262e+01 +2.454343262e+01 -1.060665674e+02 -1.060665674e+02 -1.0024e+00 -1.6145e-01 -2.3145e-01
4 +5.717777276e+00 +5.717777276e+00 -1.248922227e+02 -1.248922227e+02 -1.4045e+00 +3.0616e+00 +3.4087e+00
11 +1.876527332e+00 +1.876527332e+00 -1.287334727e+02 -1.287334727e+02 -2.8392e+00 +2.5924e+00 +2.3528e+00
1209 +1.384192718e+00 +1.384192718e+00 -1.292258073e+02 -1.292258073e+02 -4.7387e+00 +4.9008e+00 -1.3410e+00
1234 +9.483404082e-01 +9.483404082e-01 -1.296616596e+02 -1.296616596e+02 -4.7294e+00 +4.9065e+00 -1.3506e+00
1239 +5.205925844e-01 +5.205925844e-01 -1.300894074e+02 -1.300894074e+02 -4.7351e+00 +4.8972e+00 -1.3374e+00
1251 +3.258543395e-01 +3.258543395e-01 -1.302841457e+02 -1.302841457e+02 -4.7337e+00 +4.9004e+00 -1.3417e+00
1271 +1.030567675e-01 +1.030567675e-01 -1.305069432e+02 -1.305069432e+02 -4.7325e+00 +4.9004e+00 -1.3416e+00
1360 +8.507719324e-02 +8.507719324e-02 -1.305249228e+02 -1.305249228e+02 -4.7324e+00 +4.9003e+00 -1.3412e+00
1370 +5.455351625e-02 +5.455351625e-02 -1.305554465e+02 -1.305554465e+02 -4.7321e+00 +4.9004e+00 -1.3414e+00
1395 +3.462138840e-02 +3.462138840e-02 -1.305753786e+02 -1.305753786e+02 -4.7321e+00 +4.9004e+00 -1.3414e+00
1418 +2.447037990e-02 +2.447037990e-02 -1.305855296e+02 -1.305855296e+02 -4.7322e+00 +4.9002e+00 -1.3412e+00
1429 +1.059861172e-02 +1.059861172e-02 -1.305994014e+02 -1.305994014e+02 -4.7321e+00 +4.9002e+00 -1.3411e+00
1451 +8.750596382e-03 +8.750596382e-03 -1.306012494e+02 -1.306012494e+02 -4.7321e+00 +4.9003e+00 -1.3412e+00
1471 +5.612632513e-03 +5.612632513e-03 -1.306043874e+02 -1.306043874e+02 -4.7321e+00 +4.9002e+00 -1.3411e+00
1505 +3.630643273e-03 +3.630643273e-03 -1.306063694e+02 -1.306063694e+02 -4.7321e+00 +4.9002e+00 -1.3412e+00
1551 +2.496541990e-03 +2.496541990e-03 -1.306075035e+02 -1.306075035e+02 -4.7321e+00 +4.9002e+00 -1.3412e+00
1578 +1.548391290e-03 +1.548391290e-03 -1.306084516e+02 -1.306084516e+02 -4.7321e+00 +4.9002e+00 -1.3411e+00
1613 +9.448612624e-04 +9.448612624e-04 -1.306090551e+02 -1.306090551e+02 -4.7321e+00 +4.9002e+00 -1.3411e+00
1617 +5.542661666e-04 +5.542661666e-04 -1.306094457e+02 -1.306094457e+02 -4.7321e+00 +4.9002e+00 -1.3412e+00
1664 +3.401401268e-04 +3.401401268e-04 -1.306096599e+02 -1.306096599e+02 -4.7321e+00 +4.9002e+00 -1.3412e+00
1682 +2.154600051e-04 +2.154600051e-04 -1.306097845e+02 -1.306097845e+02 -4.7321e+00 +4.9002e+00 -1.3412e+00
1723 +5.727978640e-05 +5.727978640e-05 -1.306099427e+02 -1.306099427e+02 -4.7321e+00 +4.9002e+00 -1.3412e+00
1781 +3.149257864e-05 +3.149257864e-05 -1.306099685e+02 -1.306099685e+02 -4.7321e+00 +4.9002e+00 -1.3412e+00
1798 +2.462385694e-05 +2.462385694e-05 -1.306099754e+02 -1.306099754e+02 -4.7321e+00 +4.9002e+00 -1.3412e+00
1810 +1.431289715e-05 +1.431289715e-05 -1.306099857e+02 -1.306099857e+02 -4.7321e+00 +4.9002e+00 -1.3412e+00
1841 +8.105920671e-06 +8.105920671e-06 -1.306099919e+02 -1.306099919e+02 -4.7321e+00 +4.9002e+00 -1.3412e+00
1868 +5.239033982e-06 +5.239033982e-06 -1.306099948e+02 -1.306099948e+02 -4.7321e+00 +4.9002e+00 -1.3412e+00
1877 +1.669813685e-06 +1.669813685e-06 -1.306099983e+02 -1.306099983e+02 -4.7321e+00 +4.9002e+00 -1.3412e+00
1904 +1.205388088e-06 +1.205388088e-06 -1.306099988e+02 -1.306099988e+02 -4.7321e+00 +4.9002e+00 -1.3412e+00
1921 +7.756369484e-07 +7.756369484e-07 -1.306099992e+02 -1.306099992e+02 -4.7321e+00 +4.9002e+00 -1.3412e+00
1929 +4.754711540e-07 +4.754711540e-07 -1.306099995e+02 -1.306099995e+02 -4.7321e+00 +4.9002e+00 -1.3412e+00
1976 +3.294231590e-07 +3.294231590e-07 -1.306099997e+02 -1.306099997e+02 -4.7321e+00 +4.9002e+00 -1.3412e+00
2001 +1.033511126e-07 +1.033511126e-07 -1.306099999e+02 -1.306099999e+02 -4.7321e+00 +4.9002e+00 -1.3412e+00
2031 +6.039107348e-08 +6.039107348e-08 -1.306099999e+02 -1.306099999e+02 -4.7321e+00 +4.9002e+00 -1.3412e+00
2096 +2.550598310e-08 +2.550598310e-08 -1.306100000e+02 -1.306100000e+02 -4.7321e+00 +4.9002e+00 -1.3412e+00
2116 +2.325882065e-08 +2.325882065e-08 -1.306100000e+02 -1.306100000e+02 -4.7321e+00 +4.9002e+00 -1.3412e+00
2123 +9.702404213e-09 +9.702404213e-09 -1.306100000e+02 -1.306100000e+02 -4.7321e+00 +4.9002e+00 -1.3412e+00
% function evaluation | noise-free fitness - Fopt (-1.306100000000e+02) | best noise-free fitness - Fopt | measured fitness | best measured fitness | x1 | x2...
1 +4.748313700e+01 +4.748313700e+01 -8.312686300e+01 -8.312686300e+01 +2.6213e+00 -2.1335e-01 +1.0749e+00
2 +2.647537722e+01 +2.647537722e+01 -1.041346228e+02 -1.041346228e+02 +4.1830e+00 +1.2989e+00 +8.1666e-01
6 +2.134145193e+01 +2.134145193e+01 -1.092685481e+02 -1.092685481e+02 -7.1080e-02 +1.8439e+00 -1.1870e+00
14 +7.010869979e+00 +7.010869979e+00 -1.235991300e+02 -1.235991300e+02 +1.4330e+00 +8.7197e-01 +2.2808e+00
38 +5.505147606e+00 +5.505147606e+00 -1.251048524e+02 -1.251048524e+02 +9.8368e-01 -1.6827e+00 +4.4500e+00
91 +3.385965930e+00 +3.385965930e+00 -1.272240341e+02 -1.272240341e+02 -9.8297e-01 -1.4511e+00 +1.1222e+00
473 +1.834412890e+00 +1.834412890e+00 -1.287755871e+02 -1.287755871e+02 -3.6858e-01 +2.0970e-01 +1.7899e+00
549 +1.050201737e+00 +1.050201737e+00 -1.295597983e+02 -1.295597983e+02 +1.8533e+00 +1.4166e+00 +2.3251e+00
3017 +8.952175599e-01 +8.952175599e-01 -1.297147824e+02 -1.297147824e+02 +4.5373e+00 -3.4890e+00 +3.1567e-01
4922 +2.473056949e-01 +2.473056949e-01 -1.303626943e+02 -1.303626943e+02 +4.3082e+00 +2.6773e+00 -1.9848e+00
4968 +1.561056015e-01 +1.561056015e-01 -1.304538944e+02 -1.304538944e+02 +4.3098e+00 +2.6784e+00 -1.9859e+00
5043 +6.735912668e-02 +6.735912668e-02 -1.305426409e+02 -1.305426409e+02 +4.3094e+00 +2.6770e+00 -1.9838e+00
5053 +6.219718061e-02 +6.219718061e-02 -1.305478028e+02 -1.305478028e+02 +4.3093e+00 +2.6771e+00 -1.9840e+00
5114 +2.215098785e-02 +2.215098785e-02 -1.305878490e+02 -1.305878490e+02 +4.3095e+00 +2.6774e+00 -1.9843e+00
5136 +8.207670272e-03 +8.207670272e-03 -1.306017923e+02 -1.306017923e+02 +4.3096e+00 +2.6774e+00 -1.9843e+00
5140 +5.506705688e-03 +5.506705688e-03 -1.306044933e+02 -1.306044933e+02 +4.3096e+00 +2.6774e+00 -1.9843e+00
5225 +2.198756343e-03 +2.198756343e-03 -1.306078012e+02 -1.306078012e+02 +4.3096e+00 +2.6774e+00 -1.9843e+00
14426 +1.435393985e-03 +1.435393985e-03 -1.306085646e+02 -1.306085646e+02 -1.3771e+00 +1.9691e+00 -4.3720e+00
14461 +8.759109616e-04 +8.759109616e-04 -1.306091241e+02 -1.306091241e+02 -1.3771e+00 +1.9691e+00 -4.3720e+00
14500 +2.399044918e-04 +2.399044918e-04 -1.306097601e+02 -1.306097601e+02 -1.3771e+00 +1.9691e+00 -4.3719e+00
14694 +7.694383604e-05 +7.694383604e-05 -1.306099231e+02 -1.306099231e+02 -1.3771e+00 +1.9691e+00 -4.3719e+00
14736 +6.019249133e-05 +6.019249133e-05 -1.306099398e+02 -1.306099398e+02 -1.3771e+00 +1.9691e+00 -4.3719e+00
14745 +2.054573974e-05 +2.054573974e-05 -1.306099795e+02 -1.306099795e+02 -1.3771e+00 +1.9691e+00 -4.3719e+00
14870 +1.206613018e-05 +1.206613018e-05 -1.306099879e+02 -1.306099879e+02 -1.3771e+00 +1.9691e+00 -4.3719e+00
14958 +7.651864934e-06 +7.651864934e-06 -1.306099923e+02 -1.306099923e+02 -1.3771e+00 +1.9691e+00 -4.3719e+00
14972 +5.117651995e-06 +5.117651995e-06 -1.306099949e+02 -1.306099949e+02 -1.3771e+00 +1.9691e+00 -4.3719e+00
15005 +2.902615762e-06 +2.902615762e-06 -1.306099971e+02 -1.306099971e+02 -1.3771e+00 +1.9691e+00 -4.3719e+00
15049 +2.463434356e-06 +2.463434356e-06 -1.306099975e+02 -1.306099975e+02 -1.3771e+00 +1.9691e+00 -4.3719e+00
15067 +1.438080915e-06 +1.438080915e-06 -1.306099986e+02 -1.306099986e+02 -1.3771e+00 +1.9691e+00 -4.3719e+00
15091 +8.056494494e-07 +8.056494494e-07 -1.306099992e+02 -1.306099992e+02 -1.3771e+00 +1.9691e+00 -4.3719e+00
15179 +2.710012552e-07 +2.710012552e-07 -1.306099997e+02 -1.306099997e+02 -1.3771e+00 +1.9691e+00 -4.3719e+00
15286 +1.933875069e-07 +1.933875069e-07 -1.306099998e+02 -1.306099998e+02 -1.3771e+00 +1.9691e+00 -4.3719e+00
15324 +1.044055296e-07 +1.044055296e-07 -1.306099999e+02 -1.306099999e+02 -1.3771e+00 +1.9691e+00 -4.3719e+00
15431 +9.931721934e-08 +9.931721934e-08 -1.306099999e+02 -1.306099999e+02 -1.3771e+00 +1.9691e+00 -4.3719e+00
15451 +3.438864837e-08 +3.438864837e-08 -1.306100000e+02 -1.306100000e+02 -1.3771e+00 +1.9691e+00 -4.3719e+00
15518 +2.460907922e-08 +2.460907922e-08 -1.306100000e+02 -1.306100000e+02 -1.3771e+00 +1.9691e+00 -4.3719e+00
15576 +1.170948849e-08 +1.170948849e-08 -1.306100000e+02 -1.306100000e+02 -1.3771e+00 +1.9691e+00 -4.3719e+00
15593 +9.707491699e-09 +9.707491699e-09 -1.306100000e+02 -1.306100000e+02 -1.3771e+00 +1.9691e+00 -4.3719e+00
15598 +2.952475597e-09 +2.952475597e-09 -1.306100000e+02 -1.306100000e+02 -1.3771e+00 +1.9691e+00 -4.3719e+00
% function evaluation | noise-free fitness - Fopt (-2.231200000000e+02) | best noise-free fitness - Fopt | measured fitness | best measured fitness | x1 | x2...
1 +1.492626948e+01 +1.492626948e+01 -2.081937305e+02 -2.081937305e+02 -1.9503e-01 -2.6956e+00 -1.0383e+00
52 +7.911923633e+00 +7.911923633e+00 -2.152080764e+02 -2.152080764e+02 -5.1516e+00 +3.4120e+00 -3.8787e+00
63 +4.876720112e+00 +4.876720112e+00 -2.182432799e+02 -2.182432799e+02 -2.5801e+00 -6.1820e-02 +5.7684e+00
92 +1.817431779e+00 +1.817431779e+00 -2.213025682e+02 -2.213025682e+02 +2.7450e+00 +2.3599e-01 -1.4591e+00
291 +7.940982226e-01 +7.940982226e-01 -2.223259018e+02 -2.223259018e+02 +3.3612e+00 +1.9895e+00 -5.1271e-01
10445 +5.151733362e-01 +5.151733362e-01 -2.226048267e+02 -2.226048267e+02 -2.3664e-01 -1.1825e+00 +6.1046e-01
10459 +2.362344360e-01 +2.362344360e-01 -2.228837656e+02 -2.228837656e+02 -2.3633e-01 -1.1818e+00 +6.1161e-01
10676 +1.380717741e-01 +1.380717741e-01 -2.229819282e+02 -2.229819282e+02 -2.3638e-01 -1.1816e+00 +6.1183e-01
23080 +6.965424519e-02 +6.965424519e-02 -2.230503458e+02 -2.230503458e+02 -3.4178e+00 -3.7891e+00 +2.0053e+00
23089 +5.688121676e-02 +5.688121676e-02 -2.230631188e+02 -2.230631188e+02 -3.4178e+00 -3.7893e+00 +2.0053e+00
23230 +2.965036959e-02 +2.965036959e-02 -2.230903496e+02 -2.230903496e+02 -3.4178e+00 -3.7892e+00 +2.0054e+00
23419 +2.300055003e-02 +2.300055003e-02 -2.230969994e+02 -2.230969994e+02 -3.4176e+00 -3.7899e+00 +2.0057e+00
23444 +1.012525741e-02 +1.012525741e-02 -2.231098747e+02 -2.231098747e+02 -3.4177e+00 -3.7897e+00 +2.0057e+00
23530 +9.744787875e-03 +9.744787875e-03 -2.231102552e+02 -2.231102552e+02 -3.4177e+00 -3.7894e+00 +2.0056e+00
23595 +4.412869035e-03 +4.412869035e-03 -2.231155871e+02 -2.231155871e+02 -3.4177e+00 -3.7895e+00 +2.0056e+00
23610 +3.979464457e-03 +3.979464457e-03 -2.231160205e+02 -2.231160205e+02 -3.4177e+00 -3.7895e+00 +2.0056e+00
23752 +1.821058951e-03 +1.821058951e-03 -2.231181789e+02 -2.231181789e+02 -3.4177e+00 -3.7895e+00 +2.0056e+00
23764 +5.910862985e-04 +5.910862985e-04 -2.231194089e+02 -2.231194089e+02 -3.4177e+00 -3.7895e+00 +2.0056e+00
23948 +2.169011341e-04 +2.169011341e-04 -2.231197831e+02 -2.231197831e+02 -3.4177e+00 -3.7895e+00 +2.0056e+00
24141 +1.260131241e-04 +1.260131241e-04 -2.231198740e+02 -2.231198740e+02 -3.4177e+00 -3.7895e+00 +2.0056e+00
24187 +8.090697034e-05 +8.090697034e-05 -2.231199191e+02 -2.231199191e+02 -3.4177e+00 -3.7895e+00 +2.0056e+00
24273 +6.277431604e-05 +6.277431604e-05 -2.231199372e+02 -2.231199372e+02 -3.4177e+00 -3.7895e+00 +2.0056e+00
24393 +1.618177097e-05 +1.618177097e-05 -2.231199838e+02 -2.231199838e+02 -3.4177e+00 -3.7895e+00 +2.0056e+00
24485 +7.575937474e-06 +7.575937474e-06 -2.231199924e+02 -2.231199924e+02 -3.4177e+00 -3.7895e+00 +2.0056e+00
24533 +6.188672870e-06 +6.188672870e-06 -2.231199938e+02 -2.231199938e+02 -3.4177e+00 -3.7895e+00 +2.0056e+00
24659 +3.154119128e-06 +3.154119128e-06 -2.231199968e+02 -2.231199968e+02 -3.4177e+00 -3.7895e+00 +2.0056e+00
24741 +1.742858501e-06 +1.742858501e-06 -2.231199983e+02 -2.231199983e+02 -3.4177e+00 -3.7895e+00 +2.0056e+00
24828 +1.151296175e-06 +1.151296175e-06 -2.231199988e+02 -2.231199988e+02 -3.4177e+00 -3.7895e+00 +2.0056e+00
24831 +8.145409822e-07 +8.145409822e-07 -2.231199992e+02 -2.231199992e+02 -3.4177e+00 -3.7895e+00 +2.0056e+00
24981 +5.152749907e-07 +5.152749907e-07 -2.231199995e+02 -2.231199995e+02 -3.4177e+00 -3.7895e+00 +2.0056e+00
24984 +3.586851847e-07 +3.586851847e-07 -2.231199996e+02 -2.231199996e+02 -3.4177e+00 -3.7895e+00 +2.0056e+00
24994 +2.293988643e-07 +2.293988643e-07 -2.231199998e+02 -2.231199998e+02 -3.4177e+00 -3.7895e+00 +2.0056e+00
25048 +1.489311217e-07 +1.489311217e-07 -2.231199999e+02 -2.231199999e+02 -3.4177e+00 -3.7895e+00 +2.0056e+00
25127 +5.215477472e-08 +5.215477472e-08 -2.231199999e+02 -2.231199999e+02 -3.4177e+00 -3.7895e+00 +2.0056e+00
25325 +2.336622629e-08 +2.336622629e-08 -2.231200000e+02 -2.231200000e+02 -3.4177e+00 -3.7895e+00 +2.0056e+00
25440 +8.448751032e-09 +8.448751032e-09 -2.231200000e+02 -2.231200000e+02 -3.4177e+00 -3.7895e+00 +2.0056e+00
25485 +3.960565209e-09 +3.960565209e-09 -2.231200000e+02 -2.231200000e+02 -3.4177e+00 -3.7895e+00 +2.0056e+00
% function evaluation | noise-free fitness - Fopt (-2.231200000000e+02) | best noise-free fitness - Fopt | measured fitness | best measured fitness | x1 | x2...
1 +2.012917084e+01 +2.012917084e+01 -2.029908292e+02 -2.029908292e+02 -1.9556e+00 -2.8691e+00 -2.6936e+00
16 +6.599034912e+00 +6.599034912e+00 -2.165209651e+02 -2.165209651e+02 -5.4054e+00 -7.6392e-01 -2.0564e+00
34 +3.106467618e+00 +3.106467618e+00 -2.200135324e+02 -2.200135324e+02 -4.1956e+00 -3.7561e+00 -5.5645e-01
2648 +1.354324457e+00 +1.354324457e+00 -2.217656755e+02 -2.217656755e+02 -1.0570e+00 -3.6965e+00 -4.9475e+00
9239 +9.259083106e-01 +9.259083106e-01 -2.221940917e+02 -2.221940917e+02 -2.7583e+00 -3.2318e+00 +1.7430e+00
9295 +3.955621730e-01 +3.955621730e-01 -2.227244378e+02 -2.227244378e+02 -2.7567e+00 -3.2406e+00 +1.7441e+00
9336 +2.415817861e-01 +2.415817861e-01 -2.228784182e+02 -2.228784182e+02 -2.7584e+00 -3.2326e+00 +1.7406e+00
9378 +1.337560479e-01 +1.337560479e-01 -2.229862440e+02 -2.229862440e+02 -2.7600e+00 -3.2234e+00 +1.7374e+00
9410 +8.789041409e-02 +8.789041409e-02 -2.230321096e+02 -2.230321096e+02 -2.7602e+00 -3.2237e+00 +1.7369e+00
9439 +5.637633209e-02 +5.637633209e-02 -2.230636237e+02 -2.230636237e+02 -2.7599e+00 -3.2247e+00 +1.7373e+00
9455 +2.247375824e-02 +2.247375824e-02 -2.230975262e+02 -2.230975262e+02 -2.7599e+00 -3.2244e+00 +1.7372e+00
9488 +7.987946223e-03 +7.987946223e-03 -2.231120121e+02 -2.231120121e+02 -2.7600e+00 -3.2244e+00 +1.7371e+00
9523 +5.395778229e-03 +5.395778229e-03 -2.231146042e+02 -2.231146042e+02 -2.7600e+00 -3.2243e+00 +1.7371e+00
9564 +2.112292377e-03 +2.112292377e-03 -2.231178877e+02 -2.231178877e+02 -2.7600e+00 -3.2243e+00 +1.7371e+00
9584 +1.035270290e-03 +1.035270290e-03 -2.231189647e+02 -2.231189647e+02 -2.7600e+00 -3.2243e+00 +1.7371e+00
9644 +8.307434527e-04 +8.307434527e-04 -2.231191693e+02 -2.231191693e+02 -2.7600e+00 -3.2243e+00 +1.7371e+00
9650 +5.612468181e-04 +5.612468181e-04 -2.231194388e+02 -2.231194388e+02 -2.7600e+00 -3.2243e+00 +1.7371e+00
9676 +3.881271456e-04 +3.881271456e-04 -2.231196119e+02 -2.231196119e+02 -2.7600e+00 -3.2243e+00 +1.7371e+00
9711 +2.193329527e-04 +2.193329527e-04 -2.231197807e+02 -2.231197807e+02 -2.7600e+00 -3.2243e+00 +1.7371e+00
9712 +1.434288445e-04 +1.434288445e-04 -2.231198566e+02 -2.231198566e+02 -2.7600e+00 -3.2243e+00 +1.7371e+00
9752 +7.227635103e-05 +7.227635103e-05 -2.231199277e+02 -2.231199277e+02 -2.7600e+00 -3.2243e+00 +1.7371e+00
9765 +5.858245498e-05 +5.858245498e-05 -2.231199414e+02 -2.231199414e+02 -2.7600e+00 -3.2243e+00 +1.7371e+00
9796 +2.104206538e-05 +2.104206538e-05 -2.231199790e+02 -2.231199790e+02 -2.7600e+00 -3.2243e+00 +1.7371e+00
9838 +1.080004998e-05 +1.080004998e-05 -2.231199892e+02 -2.231199892e+02 -2.7600e+00 -3.2243e+00 +1.7371e+00
9853 +6.910402618e-06 +6.910402618e-06 -2.231199931e+02 -2.231199931e+02 -2.7600e+00 -3.2243e+00 +1.7371e+00
9880 +5.022068336e-06 +5.022068336e-06 -2.231199950e+02 -2.231199950e+02 -2.7600e+00 -3.2243e+00 +1.7371e+00
9888 +3.285872793e-06 +3.285872793e-06 -2.231199967e+02 -2.231199967e+02 -2.7600e+00 -3.2243e+00 +1.7371e+00
9901 +1.770768534e-06 +1.770768534e-06 -2.231199982e+02 -2.231199982e+02 -2.7600e+00 -3.2243e+00 +1.7371e+00
9909 +1.567453637e-06 +1.567453637e-06 -2.231199984e+02 -2.231199984e+02 -2.7600e+00 -3.2243e+00 +1.7371e+00
9936 +4.445496984e-07 +4.445496984e-07 -2.231199996e+02 -2.231199996e+02 -2.7600e+00 -3.2243e+00 +1.7371e+00
10005 +2.785232027e-07 +2.785232027e-07 -2.231199997e+02 -2.231199997e+02 -2.7600e+00 -3.2243e+00 +1.7371e+00
10008 +1.956763356e-07 +1.956763356e-07 -2.231199998e+02 -2.231199998e+02 -2.7600e+00 -3.2243e+00 +1.7371e+00
10009 +1.451879541e-07 +1.451879541e-07 -2.231199999e+02 -2.231199999e+02 -2.7600e+00 -3.2243e+00 +1.7371e+00
10069 +9.132128298e-08 +9.132128298e-08 -2.231199999e+02 -2.231199999e+02 -2.7600e+00 -3.2243e+00 +1.7371e+00
10088 +4.435250389e-08 +4.435250389e-08 -2.231200000e+02 -2.231200000e+02 -2.7600e+00 -3.2243e+00 +1.7371e+00
10106 +3.528330694e-08 +3.528330694e-08 -2.231200000e+02 -2.231200000e+02 -2.7600e+00 -3.2243e+00 +1.7371e+00
10137 +2.496000207e-08 +2.496000207e-08 -2.231200000e+02 -2.231200000e+02 -2.7600e+00 -3.2243e+00 +1.7371e+00
10151 +1.460938392e-08 +1.460938392e-08 -2.231200000e+02 -2.231200000e+02 -2.7600e+00 -3.2243e+00 +1.7371e+00
10161 +9.383001043e-09 +9.383001043e-09 -2.231200000e+02 -2.231200000e+02 -2.7600e+00 -3.2243e+00 +1.7371e+00
% function evaluation | noise-free fitness - Fopt (-2.231200000000e+02) | best noise-free fitness - Fopt | measured fitness | best measured fitness | x1 | x2...
1 +4.341017082e+01 +4.341017082e+01 -1.797098292e+02 -1.797098292e+02 +2.1809e+00 +3.4352e+00 +9.1124e-01
2 +1.636814683e+01 +1.636814683e+01 -2.067518532e+02 -2.067518532e+02 +5.0930e+00 +3.0120e+00 +3.7259e-01
12 +8.107754297e+00 +8.107754297e+00 -2.150122457e+02 -2.150122457e+02 +5.1192e+00 +5.5794e+00 +9.6183e-01
48 +4.895962436e+00 +4.895962436e+00 -2.182240376e+02 -2.182240376e+02 +3.7153e+00 +2.2781e+00 +1.6829e+00
107 +2.192498894e+00 +2.192498894e+00 -2.209275011e+02 -2.209275011e+02 +5.1122e+00 +3.0885e+00 +1.8044e+00
836 +1.320460147e+00 +1.320460147e+00 -2.217995399e+02 -2.217995399e+02 +4.4304e+00 +2.1111e+00 +2.4038e+00
918 +9.857351973e-01 +9.857351973e-01 -2.221342648e+02 -2.221342648e+02 +4.4303e+00 +2.1077e+00 +2.4041e+00
4213 +2.554688426e-01 +2.554688426e-01 -2.228645312e+02 -2.228645312e+02 +3.2785e-01 -3.9328e-01 -4.7864e+00
4347 +1.714605470e-01 +1.714605470e-01 -2.229485395e+02 -2.229485395e+02 +3.2821e-01 -3.9318e-01 -4.7859e+00
4374 +1.013481586e-01 +1.013481586e-01 -2.230186518e+02 -2.230186518e+02 +3.2826e-01 -3.9372e-01 -4.7861e+00
4404 +8.436797571e-02 +8.436797571e-02 -2.230356320e+02 -2.230356320e+02 +3.2813e-01 -3.9344e-01 -4.7864e+00
4490 +6.079466231e-02 +6.079466231e-02 -2.230592053e+02 -2.230592053e+02 +3.2833e-01 -3.9439e-01 -4.7860e+00
4527 +1.922628031e-02 +1.922628031e-02 -2.231007737e+02 -2.231007737e+02 +3.2850e-01 -3.9531e-01 -4.7855e+00
4562 +1.044527015e-02 +1.044527015e-02 -2.231095547e+02 -2.231095547e+02 +3.2851e-01 -3.9528e-01 -4.7855e+00
4637 +7.962832263e-03 +7.962832263e-03 -2.231120372e+02 -2.231120372e+02 +3.2855e-01 -3.9547e-01 -4.7855e+00
4683 +3.698218378e-03 +3.698218378e-03 -2.231163018e+02 -2.231163018e+02 +3.2853e-01 -3.9538e-01 -4.7855e+00
4741 +1.866208283e-03 +1.866208283e-03 -2.231181338e+02 -2.231181338e+02 +3.2852e-01 -3.9535e-01 -4.7855e+00
4761 +1.503706710e-03 +1.503706710e-03 -2.231184963e+02 -2.231184963e+02 +3.2853e-01 -3.9537e-01 -4.7855e+00
4775 +5.908133004e-04 +5.908133004e-04 -2.231194092e+02 -2.231194092e+02 +3.2853e-01 -3.9538e-01 -4.7855e+00
4821 +3.709283841e-04 +3.709283841e-04 -2.231196291e+02 -2.231196291e+02 +3.2853e-01 -3.9537e-01 -4.7855e+00
4899 +2.313283868e-04 +2.313283868e-04 -2.231197687e+02 -2.231197687e+02 +3.2853e-01 -3.9538e-01 -4.7855e+00
4912 +8.042228436e-05 +8.042228436e-05 -2.231199196e+02 -2.231199196e+02 +3.2853e-01 -3.9538e-01 -4.7855e+00
4941 +5.949918045e-05 +5.949918045e-05 -2.231199405e+02 -2.231199405e+02 +3.2853e-01 -3.9538e-01 -4.7855e+00
4988 +2.714408691e-05 +2.714408691e-05 -2.231199729e+02 -2.231199729e+02 +3.2853e-01 -3.9538e-01 -4.7855e+00
4995 +2.216295545e-05 +2.216295545e-05 -2.231199778e+02 -2.231199778e+02 +3.2853e-01 -3.9538e-01 -4.7855e+00
5040 +8.082142671e-06 +8.082142671e-06 -2.231199919e+02 -2.231199919e+02 +3.2853e-01 -3.9538e-01 -4.7855e+00
5066 +5.330377491e-06 +5.330377491e-06 -2.231199947e+02 -2.231199947e+02 +3.2853e-01 -3.9538e-01 -4.7855e+00
5128 +3.901484547e-06 +3.901484547e-06 -2.231199961e+02 -2.231199961e+02 +3.2853e-01 -3.9538e-01 -4.7855e+00
5181 +1.792911405e-06 +1.792911405e-06 -2.231199982e+02 -2.231199982e+02 +3.2853e-01 -3.9538e-01 -4.7855e+00
5199 +1.508189655e-06 +1.508189655e-06 -2.231199985e+02 -2.231199985e+02 +3.2853e-01 -3.9538e-01 -4.7855e+00
5216 +8.761455206e-07 +8.761455206e-07 -2.231199991e+02 -2.231199991e+02 +3.2853e-01 -3.9538e-01 -4.7855e+00
5250 +3.224650129e-07 +3.224650129e-07 -2.231199997e+02 -2.231199997e+02 +3.2853e-01 -3.9538e-01 -4.7855e+00
5346 +1.147928117e-07 +1.147928117e-07 -2.231199999e+02 -2.231199999e+02 +3.2853e-01 -3.9538e-01 -4.7855e+00
5387 +9.448166338e-08 +9.448166338e-08 -2.231199999e+02 -2.231199999e+02 +3.2853e-01 -3.9538e-01 -4.7855e+00
5416 +5.950380455e-08 +5.950380455e-08 -2.231199999e+02 -2.231199999e+02 +3.2853e-01 -3.9538e-01 -4.7855e+00
5421 +2.707818680e-08 +2.707818680e-08 -2.231200000e+02 -2.231200000e+02 +3.2853e-01 -3.9538e-01 -4.7855e+00
5455 +2.493720785e-08 +2.493720785e-08 -2.231200000e+02 -2.231200000e+02 +3.2853e-01 -3.9538e-01 -4.7855e+00
5479 +9.387406408e-09 +9.387406408e-09 -2.231200000e+02 -2.231200000e+02 +3.2853e-01 -3.9538e-01 -4.7855e+00
% function evaluation | noise-free fitness - Fopt (-4.443000000000e+01) | best noise-free fitness - Fopt | measured fitness | best measured fitness | x1 | x2...
1 +4.350946331e+01 +4.350946331e+01 -9.205366906e-01 -9.205366906e-01 +7.2540e-01 +2.5015e+00 +3.6235e+00
3 +2.866363410e+01 +2.866363410e+01 -1.576636590e+01 -1.576636590e+01 +6.8386e-01 -4.6238e-01 +6.5508e+00
4 +1.108877702e+01 +1.108877702e+01 -3.334122298e+01 -3.334122298e+01 -2.2696e-01 +1.7085e-01 +4.1224e+00
15 +7.387737138e+00 +7.387737138e+00 -3.704226286e+01 -3.704226286e+01 +1.3690e+00 -6.1314e-01 +4.3541e+00
45 +3.450071384e+00 +3.450071384e+00 -4.097992862e+01 -4.097992862e+01 +4.4069e+00 +2.9092e+00 +5.1176e+00
62 +2.401902530e+00 +2.401902530e+00 -4.202809747e+01 -4.202809747e+01 +4.6179e+00 +2.1915e+00 +5.1865e+00
347 +1.317873789e+00 +1.317873789e+00 -4.311212621e+01 -4.311212621e+01 -1.6186e+00 +3.9084e+00 +5.2957e+00
3681 +9.613009599e-01 +9.613009599e-01 -4.346869904e+01 -4.346869904e+01 -1.0465e+00 -5.7298e+00 -1.6567e+00
4624 +5.856925438e-01 +5.856925438e-01 -4.384430746e+01 -4.384430746e+01 -1.0522e+00 -5.7388e+00 -1.6598e+00
6377 +2.678643610e-01 +2.678643610e-01 -4.416213564e+01 -4.416213564e+01 -3.3580e+00 -9.1928e-01 +3.7851e+00
6396 +9.046849651e-02 +9.046849651e-02 -4.433953150e+01 -4.433953150e+01 -3.3604e+00 -9.2264e-01 +3.7838e+00
6525 +4.155034373e-02 +4.155034373e-02 -4.438844966e+01 -4.438844966e+01 -3.3610e+00 -9.2278e-01 +3.7840e+00
6534 +3.210266067e-02 +3.210266067e-02 -4.439789734e+01 -4.439789734e+01 -3.3608e+00 -9.2267e-01 +3.7840e+00
6697 +1.737798809e-02 +1.737798809e-02 -4.441262201e+01 -4.441262201e+01 -3.3612e+00 -9.2318e-01 +3.7838e+00
6699 +1.061655465e-02 +1.061655465e-02 -4.441938345e+01 -4.441938345e+01 -3.3611e+00 -9.2311e-01 +3.7838e+00
6706 +9.760929902e-03 +9.760929902e-03 -4.442023907e+01 -4.442023907e+01 -3.3611e+00 -9.2309e-01 +3.7838e+00
6739 +3.701938901e-03 +3.701938901e-03 -4.442629806e+01 -4.442629806e+01 -3.3611e+00 -9.2316e-01 +3.7838e+00
6825 +2.468605112e-03 +2.468605112e-03 -4.442753139e+01 -4.442753139e+01 -3.3611e+00 -9.2310e-01 +3.7839e+00
6905 +1.381062660e-03 +1.381062660e-03 -4.442861894e+01 -4.442861894e+01 -3.3611e+00 -9.2312e-01 +3.7838e+00
6951 +7.453780827e-04 +7.453780827e-04 -4.442925462e+01 -4.442925462e+01 -3.3611e+00 -9.2313e-01 +3.7838e+00
6977 +5.734455256e-04 +5.734455256e-04 -4.442942655e+01 -4.442942655e+01 -3.3611e+00 -9.2314e-01 +3.7838e+00
7014 +1.498065225e-04 +1.498065225e-04 -4.442985019e+01 -4.442985019e+01 -3.3611e+00 -9.2314e-01 +3.7838e+00
7065 +8.218588313e-05 +8.218588313e-05 -4.442991781e+01 -4.442991781e+01 -3.3611e+00 -9.2314e-01 +3.7838e+00
7090 +5.976713080e-05 +5.976713080e-05 -4.442994023e+01 -4.442994023e+01 -3.3611e+00 -9.2314e-01 +3.7838e+00
7112 +3.274969615e-05 +3.274969615e-05 -4.442996725e+01 -4.442996725e+01 -3.3611e+00 -9.2314e-01 +3.7838e+00
7127 +1.445130130e-05 +1.445130130e-05 -4.442998555e+01 -4.442998555e+01 -3.3611e+00 -9.2314e-01 +3.7838e+00
7155 +8.856044467e-06 +8.856044467e-06 -4.442999114e+01 -4.442999114e+01 -3.3611e+00 -9.2314e-01 +3.7838e+00
7212 +5.004956492e-06 +5.004956492e-06 -4.442999500e+01 -4.442999500e+01 -3.3611e+00 -9.2314e-01 +3.7838e+00
7219 +3.466540342e-06 +3.466540342e-06 -4.442999653e+01 -4.442999653e+01 -3.3611e+00 -9.2314e-01 +3.7838e+00
7240 +2.412674206e-06 +2.412674206e-06 -4.442999759e+01 -4.442999759e+01 -3.3611e+00 -9.2314e-01 +3.7838e+00
7242 +1.571422636e-06 +1.571422636e-06 -4.442999843e+01 -4.442999843e+01 -3.3611e+00 -9.2314e-01 +3.7838e+00
7259 +8.899391588e-07 +8.899391588e-07 -4.442999911e+01 -4.442999911e+01 -3.3611e+00 -9.2314e-01 +3.7838e+00
7303 +5.396683846e-07 +5.396683846e-07 -4.442999946e+01 -4.442999946e+01 -3.3611e+00 -9.2314e-01 +3.7838e+00
7340 +2.891252464e-07 +2.891252464e-07 -4.442999971e+01 -4.442999971e+01 -3.3611e+00 -9.2314e-01 +3.7838e+00
7346 +2.982531555e-08 +2.982531555e-08 -4.442999997e+01 -4.442999997e+01 -3.3611e+00 -9.2314e-01 +3.7838e+00
7487 +1.160150731e-08 +1.160150731e-08 -4.442999999e+01 -4.442999999e+01 -3.3611e+00 -9.2314e-01 +3.7838e+00
7528 +7.579473049e-09 +7.579473049e-09 -4.442999999e+01 -4.442999999e+01 -3.3611e+00 -9.2314e-01 +3.7838e+00
% function evaluation | noise-free fitness - Fopt (-4.443000000000e+01) | best noise-free fitness - Fopt | measured fitness | best measured fitness | x1 | x2...
1 +1.868752732e+01 +1.868752732e+01 -2.574247268e+01 -2.574247268e+01 -3.4942e+00 -2.8310e+00 -2.1148e+00
3 +1.560186178e+01 +1.560186178e+01 -2.882813822e+01 -2.882813822e+01 -5.1616e+00 -3.9611e+00 -2.6767e+00
5 +8.721829812e+00 +8.721829812e+00 -3.570817019e+01 -3.570817019e+01 -4.7658e+00 -5.7828e-01 -4.2649e-01
55 +6.172788709e+00 +6.172788709e+00 -3.825721129e+01 -3.825721129e+01 -5.0116e+00 -4.8677e+00 +1.4595e+00
191 +3.783408373e+00 +3.783408373e+00 -4.064659163e+01 -4.064659163e+01 -6.3352e+00 -3.4892e+00 -9.3965e-03
560 +2.183247450e+00 +2.183247450e+00 -4.224675255e+01 -4.224675255e+01 -5.8734e+00 -2.8805e+00 -1.4111e-01
566 +1.168454882e+00 +1.168454882e+00 -4.326154512e+01 -4.326154512e+01 -5.8754e+00 -2.8877e+00 -1.4356e-01
664 +8.995788313e-01 +8.995788313e-01 -4.353042117e+01 -4.353042117e+01 -5.8674e+00 -2.8756e+00 -1.3925e-01
9987 +5.700433080e-01 +5.700433080e-01 -4.385995669e+01 -4.385995669e+01 -2.7920e+00 +1.7047e+00 -1.2284e+00
10412 +3.523838568e-01 +3.523838568e-01 -4.407761614e+01 -4.407761614e+01 -2.7967e+00 +1.6982e+00 -1.2308e+00
10648 +2.346607046e-01 +2.346607046e-01 -4.419533930e+01 -4.419533930e+01 -2.8031e+00 +1.6893e+00 -1.2337e+00
10653 +1.147278244e-01 +1.147278244e-01 -4.431527218e+01 -4.431527218e+01 -2.8055e+00 +1.6851e+00 -1.2353e+00
10724 +7.563623531e-02 +7.563623531e-02 -4.435436376e+01 -4.435436376e+01 -2.8065e+00 +1.6835e+00 -1.2361e+00
10739 +5.779172204e-02 +5.779172204e-02 -4.437220828e+01 -4.437220828e+01 -2.8065e+00 +1.6836e+00 -1.2360e+00
10894 +2.962371263e-02 +2.962371263e-02 -4.440037629e+01 -4.440037629e+01 -2.8062e+00 +1.6843e+00 -1.2356e+00
10960 +4.232024407e-03 +4.232024407e-03 -4.442576798e+01 -4.442576798e+01 -2.8065e+00 +1.6838e+00 -1.2358e+00
10997 +3.820440092e-03 +3.820440092e-03 -4.442617956e+01 -4.442617956e+01 -2.8065e+00 +1.6838e+00 -1.2358e+00
11111 +2.195951945e-03 +2.195951945e-03 -4.442780405e+01 -4.442780405e+01 -2.8066e+00 +1.6838e+00 -1.2358e+00
11275 +1.159818494e-03 +1.159818494e-03 -4.442884018e+01 -4.442884018e+01 -2.8066e+00 +1.6838e+00 -1.2358e+00
11324 +9.873053163e-04 +9.873053163e-04 -4.442901269e+01 -4.442901269e+01 -2.8066e+00 +1.6838e+00 -1.2358e+00
11325 +4.719610891e-04 +4.719610891e-04 -4.442952804e+01 -4.442952804e+01 -2.8066e+00 +1.6838e+00 -1.2358e+00
11341 +2.232691773e-04 +2.232691773e-04 -4.442977673e+01 -4.442977673e+01 -2.8066e+00 +1.6838e+00 -1.2358e+00
11382 +8.883370096e-05 +8.883370096e-05 -4.442991117e+01 -4.442991117e+01 -2.8066e+00 +1.6838e+00 -1.2358e+00
11594 +4.245450145e-05 +4.245450145e-05 -4.442995755e+01 -4.442995755e+01 -2.8066e+00 +1.6838e+00 -1.2358e+00
11675 +3.364497704e-05 +3.364497704e-05 -4.442996636e+01 -4.442996636e+01 -2.8066e+00 +1.6838e+00 -1.2358e+00
11730 +1.244407937e-05 +1.244407937e-05 -4.442998756e+01 -4.442998756e+01 -2.8066e+00 +1.6838e+00 -1.2358e+00
11749 +9.672792167e-06 +9.672792167e-06 -4.442999033e+01 -4.442999033e+01 -2.8066e+00 +1.6838e+00 -1.2358e+00
11853 +3.323300412e-06 +3.323300412e-06 -4.442999668e+01 -4.442999668e+01 -2.8066e+00 +1.6838e+00 -1.2358e+00
11955 +2.254700213e-06 +2.254700213e-06 -4.442999775e+01 -4.442999775e+01 -2.8066e+00 +1.6838e+00 -1.2358e+00
11999 +1.571068594e-06 +1.571068594e-06 -4.442999843e+01 -4.442999843e+01 -2.8066e+00 +1.6838e+00 -1.2358e+00
12032 +2.820011460e-07 +2.820011460e-07 -4.442999972e+01 -4.442999972e+01 -2.8066e+00 +1.6838e+00 -1.2358e+00
12133 +1.972208636e-07 +1.972208636e-07 -4.442999980e+01 -4.442999980e+01 -2.8066e+00 +1.6838e+00 -1.2358e+00
12220 +7.792779400e-08 +7.792779400e-08 -4.442999992e+01 -4.442999992e+01 -2.8066e+00 +1.6838e+00 -1.2358e+00
12235 +2.677482058e-08 +2.677482058e-08 -4.442999997e+01 -4.442999997e+01 -2.8066e+00 +1.6838e+00 -1.2358e+00
12425 +2.259904619e-08 +2.259904619e-08 -4.442999998e+01 -4.442999998e+01 -2.8066e+00 +1.6838e+00 -1.2358e+00
12474 +1.295257590e-08 +1.295257590e-08 -4.442999999e+01 -4.442999999e+01 -2.8066e+00 +1.6838e+00 -1.2358e+00
12509 +5.604277931e-09 +5.604277931e-09 -4.442999999e+01 -4.442999999e+01 -2.8066e+00 +1.6838e+00 -1.2358e+00
12515 +3.135326665e-09 +3.135326665e-09 -4.443000000e+01 -4.443000000e+01 -2.8066e+00 +1.6838e+00 -1.2358e+00
% function evaluation | noise-free fitness - Fopt (-4.443000000000e+01) | best noise-free fitness - Fopt | measured fitness | best measured fitness | x1 | x2...
1 +3.990151724e+01 +3.990151724e+01 -4.528482762e+00 -4.528482762e+00 +2.5514e+00 -3.6890e-01 +1.7607e-01
2 +3.741260705e+01 +3.741260705e+01 -7.017392954e+00 -7.017392954e+00 +5.2639e+00 -2.7479e-02 +1.2962e+00
5 +1.600364286e+01 +1.600364286e+01 -2.842635714e+01 -2.842635714e+01 +4.6158e-01 -1.6913e-01 -6.4808e-01
6 +1.227596868e+01 +1.227596868e+01 -3.215403132e+01 -3.215403132e+01 +1.7890e+00 -2.8084e-01 -3.0480e-01
24 +9.609599927e+00 +9.609599927e+00 -3.482040007e+01 -3.482040007e+01 +1.7591e+00 +7.1124e-01 -2.4854e+00
95 +4.162872516e+00 +4.162872516e+00 -4.026712748e+01 -4.026712748e+01 +3.0734e+00 -1.5430e-01 -5.1630e+00
147 +2.444745892e+00 +2.444745892e+00 -4.198525411e+01 -4.198525411e+01 +6.0538e-01 -6.1102e-01 -3.8127e+00
793 +1.547815807e+00 +1.547815807e+00 -4.288218419e+01 -4.288218419e+01 +5.8962e+00 -2.5792e+00 -9.8932e-01
973 +9.704674143e-01 +9.704674143e-01 -4.345953259e+01 -4.345953259e+01 +5.8962e+00 -2.5821e+00 -9.9025e-01
9095 +5.429982202e-01 +5.429982202e-01 -4.388700178e+01 -4.388700178e+01 +2.7144e+00 -2.6884e+00 -3.7993e-01
9304 +3.742845132e-01 +3.742845132e-01 -4.405571549e+01 -4.405571549e+01 +2.7139e+00 -2.6864e+00 -3.7842e-01
9734 +2.508785939e-01 +2.508785939e-01 -4.417912141e+01 -4.417912141e+01 +2.7143e+00 -2.6867e+00 -3.7878e-01
14142 +1.118712055e-01 +1.118712055e-01 -4.431812879e+01 -4.431812879e+01 +8.6331e-01 +2.1880e+00 +1.2518e+00
14146 +9.033954359e-02 +9.033954359e-02 -4.433966046e+01 -4.433966046e+01 +8.6400e-01 +2.1883e+00 +1.2516e+00
14222 +1.151602550e-02 +1.151602550e-02 -4.441848397e+01 -4.441848397e+01 +8.6422e-01 +2.1891e+00 +1.2520e+00
14388 +9.673115040e-03 +9.673115040e-03 -4.442032688e+01 -4.442032688e+01 +8.6426e-01 +2.1891e+00 +1.2520e+00
14426 +5.693068046e-03 +5.693068046e-03 -4.442430693e+01 -4.442430693e+01 +8.6416e-01 +2.1890e+00 +1.2520e+00
14478 +3.592989745e-03 +3.592989745e-03 -4.442640701e+01 -4.442640701e+01 +8.6419e-01 +2.1890e+00 +1.2520e+00
14492 +2.129538739e-03 +2.129538739e-03 -4.442787046e+01 -4.442787046e+01 +8.6420e-01 +2.1890e+00 +1.2520e+00
14495 +1.263718180e-03 +1.263718180e-03 -4.442873628e+01 -4.442873628e+01 +8.6418e-01 +2.1890e+00 +1.2520e+00
14528 +8.812654285e-04 +8.812654285e-04 -4.442911873e+01 -4.442911873e+01 +8.6420e-01 +2.1890e+00 +1.2520e+00
14561 +6.053517062e-04 +6.053517062e-04 -4.442939465e+01 -4.442939465e+01 +8.6419e-01 +2.1890e+00 +1.2520e+00
14582 +1.835469595e-04 +1.835469595e-04 -4.442981645e+01 -4.442981645e+01 +8.6419e-01 +2.1890e+00 +1.2520e+00
14656 +1.566975395e-04 +1.566975395e-04 -4.442984330e+01 -4.442984330e+01 +8.6419e-01 +2.1890e+00 +1.2520e+00
14673 +2.010846929e-05 +2.010846929e-05 -4.442997989e+01 -4.442997989e+01 +8.6419e-01 +2.1890e+00 +1.2520e+00
14769 +1.555100594e-05 +1.555100594e-05 -4.442998445e+01 -4.442998445e+01 +8.6419e-01 +2.1890e+00 +1.2520e+00
14779 +8.238078649e-06 +8.238078649e-06 -4.442999176e+01 -4.442999176e+01 +8.6419e-01 +2.1890e+00 +1.2520e+00
14829 +5.880739067e-06 +5.880739067e-06 -4.442999412e+01 -4.442999412e+01 +8.6419e-01 +2.1890e+00 +1.2520e+00
14838 +2.992667511e-06 +2.992667511e-06 -4.442999701e+01 -4.442999701e+01 +8.6419e-01 +2.1890e+00 +1.2520e+00
14843 +2.500984756e-06 +2.500984756e-06 -4.442999750e+01 -4.442999750e+01 +8.6419e-01 +2.1890e+00 +1.2520e+00
14914 +1.225300359e-06 +1.225300359e-06 -4.442999877e+01 -4.442999877e+01 +8.6419e-01 +2.1890e+00 +1.2520e+00
14939 +6.769371126e-07 +6.769371126e-07 -4.442999932e+01 -4.442999932e+01 +8.6419e-01 +2.1890e+00 +1.2520e+00
14962 +5.469418056e-07 +5.469418056e-07 -4.442999945e+01 -4.442999945e+01 +8.6419e-01 +2.1890e+00 +1.2520e+00
15001 +3.565879680e-07 +3.565879680e-07 -4.442999964e+01 -4.442999964e+01 +8.6419e-01 +2.1890e+00 +1.2520e+00
15028 +1.388013473e-07 +1.388013473e-07 -4.442999986e+01 -4.442999986e+01 +8.6419e-01 +2.1890e+00 +1.2520e+00
15078 +8.279902630e-08 +8.279902630e-08 -4.442999992e+01 -4.442999992e+01 +8.6419e-01 +2.1890e+00 +1.2520e+00
15109 +5.454370466e-08 +5.454370466e-08 -4.442999995e+01 -4.442999995e+01 +8.6419e-01 +2.1890e+00 +1.2520e+00
15168 +1.889754486e-08 +1.889754486e-08 -4.442999998e+01 -4.442999998e+01 +8.6419e-01 +2.1890e+00 +1.2520e+00
15205 +1.381788906e-08 +1.381788906e-08 -4.442999999e+01 -4.442999999e+01 +8.6419e-01 +2.1890e+00 +1.2520e+00
15245 +4.128445141e-09 +4.128445141e-09 -4.443000000e+01 -4.443000000e+01 +8.6419e-01 +2.1890e+00 +1.2520e+00
15258 +2.086352424e-09 +2.086352424e-09 -4.443000000e+01 -4.443000000e+01 +8.6419e-01 +2.1890e+00 +1.2520e+00
