% function evaluation | noise-free fitness - Fopt (6.870000000000e+00) | best noise-free fitness - Fopt | measured fitness | best measured fitness | x1 | x2...
1 +2.035227160e+01 +2.035227160e+01 +2.722227160e+01 +2.722227160e+01 -3.9655e-02 +2.0266e+00 +1.0494e+00 -2.4877e-01 -2.9315e+00
2 +4.209660357e+00 +4.209660357e+00 +1.107966036e+01 +1.107966036e+01 -1.0455e+00 +1.4916e+00 +3.0795e+00 -3.1208e+00 -2.2609e+00
23 +2.515236396e+00 +2.515236396e+00 +9.385236396e+00 +9.385236396e+00 -1.1162e+00 +2.4874e+00 +3.8697e+00 +1.1416e-01 -2.8142e+00
494 +2.109915597e+00 +2.109915597e+00 +8.979915597e+00 +8.979915597e+00 -5.3382e+00 +4.5571e+00 +2.3041e+00 +1.2498e-01 -3.2862e+00
1592 +1.583522661e+00 +1.583522661e+00 +8.453522661e+00 +8.453522661e+00 -3.7302e+00 +4.5321e+00 +1.4381e+00 -7.5963e-02 -3.5445e+00
1665 +8.338399220e-01 +8.338399220e-01 +7.703839922e+00 +7.703839922e+00 -3.7350e+00 +4.5475e+00 +1.4557e+00 -6.9904e-02 -3.5553e+00
1826 +6.171756553e-01 +6.171756553e-01 +7.487175655e+00 +7.487175655e+00 -3.7371e+00 +4.5418e+00 +1.4492e+00 -6.7989e-02 -3.5543e+00
26280 +2.680127312e-01 +2.680127312e-01 +7.138012731e+00 +7.138012731e+00 +1.5656e+00 +3.3233e-02 -2.1710e+00 +2.4775e+00 -1.0228e+00
26427 +1.795635249e-01 +1.795635249e-01 +7.049563525e+00 +7.049563525e+00 +1.5657e+00 +3.3769e-02 -2.1684e+00 +2.4803e+00 -1.0282e+00
26485 +1.459422545e-01 +1.459422545e-01 +7.015942254e+00 +7.015942254e+00 +1.5667e+00 +3.7613e-02 -2.1653e+00 +2.4775e+00 -1.0229e+00
26603 +7.101643819e-02 +7.101643819e-02 +6.941016438e+00 +6.941016438e+00 +1.5686e+00 +3.4385e-02 -2.1682e+00 +2.4759e+00 -1.0213e+00
26706 +5.113382482e-02 +5.113382482e-02 +6.921133825e+00 +6.921133825e+00 +1.5681e+00 +3.5169e-02 -2.1676e+00 +2.4765e+00 -1.0221e+00
26765 +3.756892272e-02 +3.756892272e-02 +6.907568923e+00 +6.907568923e+00 +1.5676e+00 +3.4786e-02 -2.1684e+00 +2.4766e+00 -1.0216e+00
26804 +2.301689221e-02 +2.301689221e-02 +6.893016892e+00 +6.893016892e+00 +1.5676e+00 +3.4776e-02 -2.1681e+00 +2.4767e+00 -1.0220e+00
26832 +1.538545485e-02 +1.538545485e-02 +6.885385455e+00 +6.885385455e+00 +1.5677e+00 +3.4993e-02 -2.1681e+00 +2.4763e+00 -1.0212e+00
26921 +8.820851950e-03 +8.820851950e-03 +6.878820852e+00 +6.878820852e+00 +1.5677e+00 +3.4961e-02 -2.1680e+00 +2.4763e+00 -1.0212e+00
26981 +5.449792822e-03 +5.449792822e-03 +6.875449793e+00 +6.875449793e+00 +1.5676e+00 +3.4935e-02 -2.1680e+00 +2.4764e+00 -1.0213e+00
27064 +3.422657373e-03 +3.422657373e-03 +6.873422657e+00 +6.873422657e+00 +1.5677e+00 +3.4919e-02 -2.1680e+00 +2.4765e+00 -1.0214e+00
27086 +2.283786190e-03 +2.283786190e-03 +6.872283786e+00 +6.872283786e+00 +1.5676e+00 +3.4923e-02 -2.1681e+00 +2.4765e+00 -1.0213e+00
27167 +1.283505119e-03 +1.283505119e-03 +6.871283505e+00 +6.871283505e+00 +1.5676e+00 +3.4921e-02 -2.1680e+00 +2.4764e+00 -1.0213e+00
27226 +8.769967056e-04 +8.769967056e-04 +6.870876997e+00 +6.870876997e+00 +1.5676e+00 +3.4915e-02 -2.1681e+00 +2.4765e+00 -1.0213e+00
27291 +3.434061553e-04 +3.434061553e-04 +6.870343406e+00 +6.870343406e+00 +1.5676e+00 +3.4918e-02 -2.1680e+00 +2.4764e+00 -1.0213e+00
27358 +2.347933502e-04 +2.347933502e-04 +6.870234793e+00 +6.870234793e+00 +1.5676e+00 +3.4921e-02 -2.1680e+00 +2.4764e+00 -1.0213e+00
27374 +1.336273186e-04 +1.336273186e-04 +6.870133627e+00 +6.870133627e+00 +1.5676e+00 +3.4920e-02 -2.1680e+00 +2.4764e+00 -1.0213e+00
27473 +8.934132793e-05 +8.934132793e-05 +6.870089341e+00 +6.870089341e+00 +1.5676e+00 +3.4921e-02 -2.1680e+00 +2.4764e+00 -1.0213e+00
27551 +5.972235082e-05 +5.972235082e-05 +6.870059722e+00 +6.870059722e+00 +1.5676e+00 +3.4920e-02 -2.1680e+00 +2.4764e+00 -1.0213e+00
27589 +3.477831328e-05 +3.477831328e-05 +6.870034778e+00 +6.870034778e+00 +1.5676e+00 +3.4920e-02 -2.1680e+00 +2.4764e+00 -1.0213e+00
27641 +1.973892665e-05 +1.973892665e-05 +6.870019739e+00 +6.870019739e+00 +1.5676e+00 +3.4920e-02 -2.1680e+00 +2.4764e+00 -1.0213e+00
27727 +1.556149460e-05 +1.556149460e-05 +6.870015561e+00 +6.870015561e+00 +1.5676e+00 +3.4920e-02 -2.1680e+00 +2.4764e+00 -1.0213e+00
27779 +9.992886810e-06 +9.992886810e-06 +6.870009993e+00 +6.870009993e+00 +1.5676e+00 +3.4920e-02 -2.1680e+00 +2.4764e+00 -1.0213e+00
27828 +6.045164477e-06 +6.045164477e-06 +6.870006045e+00 +6.870006045e+00 +1.5676e+00 +3.4920e-02 -2.1680e+00 +2.4764e+00 -1.0213e+00
27918 +2.845973352e-06 +2.845973352e-06 +6.870002846e+00 +6.870002846e+00 +1.5676e+00 +3.4920e-02 -2.1680e+00 +2.4764e+00 -1.0213e+00
28027 +1.095969400e-06 +1.095969400e-06 +6.870001096e+00 +6.870001096e+00 +1.5676e+00 +3.4920e-02 -2.1680e+00 +2.4764e+00 -1.0213e+00
28046 +9.904464031e-07 +9.904464031e-07 +6.870000990e+00 +6.870000990e+00 +1.5676e+00 +3.4920e-02 -2.1680e+00 +2.4764e+00 -1.0213e+00
28129 +5.290914684e-07 +5.290914684e-07 +6.870000529e+00 +6.870000529e+00 +1.5676e+00 +3.4920e-02 -2.1680e+00 +2.4764e+00 -1.0213e+00
28203 +2.626755311e-07 +2.626755311e-07 +6.870000263e+00 +6.870000263e+00 +1.5676e+00 +3.4920e-02 -2.1680e+00 +2.4764e+00 -1.0213e+00
28241 +1.684556716e-07 +1.684556716e-07 +6.870000168e+00 +6.870000168e+00 +1.5676e+00 +3.4920e-02 -2.1680e+00 +2.4764e+00 -1.0213e+00
28300 +1.276508410e-07 +1.276508410e-07 +6.870000128e+00 +6.870000128e+00 +1.5676e+00 +3.4920e-02 -2.1680e+00 +2.4764e+00 -1.0213e+00
28361 +7.611863850e-08 +7.611863850e-08 +6.870000076e+00 +6.870000076e+00 +1.5676e+00 +3.4920e-02 -2.1680e+00 +2.4764e+00 -1.0213e+00
28460 +6.178952106e-08 +6.178952106e-08 +6.870000062e+00 +6.870000062e+00 +1.5676e+00 +3.4920e-02 -2.1680e+00 +2.4764e+00 -1.0213e+00
28495 +3.203744647e-08 +3.203744647e-08 +6.870000032e+00 +6.870000032e+00 +1.5676e+00 +3.4920e-02 -2.1680e+00 +2.4764e+00 -1.0213e+00
28604 +2.006741973e-08 +2.006741973e-08 +6.870000020e+00 +6.870000020e+00 +1.5676e+00 +3.4920e-02 -2.1680e+00 +2.4764e+00 -1.0213e+00
28637 +1.338048516e-08 +1.338048516e-08 +6.870000013e+00 +6.870000013e+00 +1.5676e+00 +3.4920e-02 -2.1680e+00 +2.4764e+00 -1.0213e+00
28674 +9.318758210e-09 +9.318758210e-09 +6.870000009e+00 +6.870000009e+00 +1.5676e+00 +3.4920e-02 -2.1680e+00 +2.4764e+00 -1.0213e+00
% function evaluation | noise-free fitness - Fopt (6.870000000000e+00) | best noise-free fitness - Fopt | measured fitness | best measured fitness | x1 | x2...
1 +5.714424084e+00 +5.714424084e+00 +1.258442408e+01 +1.258442408e+01 +3.8755e-01 +8.5731e-01 +3.2873e+00 -1.7418e+00 -3.2520e+00
314 +2.602859376e+00 +2.602859376e+00 +9.472859376e+00 +9.472859376e+00 -1.6752e+00 -4.4273e-01 +2.9262e+00 -5.3528e+00 +8.8963e-02
655 +2.441475169e+00 +2.441475169e+00 +9.311475169e+00 +9.311475169e+00 -3.4232e+00 -6.5825e-01 +4.2484e+00 -5.2376e+00 +8.5649e-01
9324 +1.181360001e+00 +1.181360001e+00 +8.051360001e+00 +8.051360001e+00 -2.6856e+00 +3.9457e+00 +4.3916e+00 -2.8905e+00 -4.7180e+00
11208 +8.795530792e-01 +8.795530792e-01 +7.749553079e+00 +7.749553079e+00 -1.2234e+00 +4.0199e+00 +2.4027e+00 +2.5426e+00 +2.7469e+00
11280 +6.147877643e-01 +6.147877643e-01 +7.484787764e+00 +7.484787764e+00 -1.2238e+00 +4.0220e+00 +2.4030e+00 +2.5411e+00 +2.7463e+00
11625 +3.938438804e-01 +3.938438804e-01 +7.263843880e+00 +7.263843880e+00 -1.2216e+00 +4.0205e+00 +2.4019e+00 +2.5391e+00 +2.7480e+00
26791 +2.162571534e-01 +2.162571534e-01 +7.086257153e+00 +7.086257153e+00 +2.9920e-01 -2.1306e+00 -1.5956e+00 +3.4296e+00 +1.5730e+00
28225 +1.576877422e-01 +1.576877422e-01 +7.027687742e+00 +7.027687742e+00 +2.9849e-01 -2.1314e+00 -1.5956e+00 +3.4318e+00 +1.5687e+00
142198 +7.283138948e-02 +7.283138948e-02 +6.942831389e+00 +6.942831389e+00 +1.4402e+00 +4.1423e-01 +2.6964e-01 +2.8164e+00 +1.3953e+00
142760 +5.815942062e-02 +5.815942062e-02 +6.928159421e+00 +6.928159421e+00 +1.4395e+00 +4.1400e-01 +2.6886e-01 +2.8164e+00 +1.3970e+00
142879 +3.958598290e-02 +3.958598290e-02 +6.909585983e+00 +6.909585983e+00 +1.4395e+00 +4.1390e-01 +2.6862e-01 +2.8169e+00 +1.3956e+00
143300 +1.698145621e-02 +1.698145621e-02 +6.886981456e+00 +6.886981456e+00 +1.4393e+00 +4.1417e-01 +2.6893e-01 +2.8169e+00 +1.3961e+00
143402 +1.142736075e-02 +1.142736075e-02 +6.881427361e+00 +6.881427361e+00 +1.4395e+00 +4.1428e-01 +2.6909e-01 +2.8167e+00 +1.3961e+00
143907 +9.230215725e-03 +9.230215725e-03 +6.879230216e+00 +6.879230216e+00 +1.4395e+00 +4.1426e-01 +2.6906e-01 +2.8167e+00 +1.3962e+00
144040 +4.816170233e-03 +4.816170233e-03 +6.874816170e+00 +6.874816170e+00 +1.4393e+00 +4.1426e-01 +2.6900e-01 +2.8167e+00 +1.3962e+00
144105 +3.967535522e-03 +3.967535522e-03 +6.873967536e+00 +6.873967536e+00 +1.4393e+00 +4.1417e-01 +2.6891e-01 +2.8167e+00 +1.3962e+00
144818 +1.877408837e-03 +1.877408837e-03 +6.871877409e+00 +6.871877409e+00 +1.4394e+00 +4.1419e-01 +2.6894e-01 +2.8167e+00 +1.3962e+00
145034 +1.343312756e-03 +1.343312756e-03 +6.871343313e+00 +6.871343313e+00 +1.4394e+00 +4.1418e-01 +2.6893e-01 +2.8167e+00 +1.3962e+00
145172 +8.441952109e-04 +8.441952109e-04 +6.870844195e+00 +6.870844195e+00 +1.4394e+00 +4.1419e-01 +2.6894e-01 +2.8167e+00 +1.3962e+00
145455 +5.152673800e-04 +5.152673800e-04 +6.870515267e+00 +6.870515267e+00 +1.4394e+00 +4.1419e-01 +2.6894e-01 +2.8167e+00 +1.3962e+00
145845 +3.590113701e-04 +3.590113701e-04 +6.870359011e+00 +6.870359011e+00 +1.4394e+00 +4.1419e-01 +2.6894e-01 +2.8167e+00 +1.3962e+00
146116 +2.494594840e-04 +2.494594840e-04 +6.870249459e+00 +6.870249459e+00 +1.4394e+00 +4.1419e-01 +2.6894e-01 +2.8167e+00 +1.3962e+00
146365 +1.388820933e-04 +1.388820933e-04 +6.870138882e+00 +6.870138882e+00 +1.4394e+00 +4.1419e-01 +2.6894e-01 +2.8167e+00 +1.3962e+00
146437 +5.752223086e-05 +5.752223086e-05 +6.870057522e+00 +6.870057522e+00 +1.4394e+00 +4.1419e-01 +2.6894e-01 +2.8167e+00 +1.3962e+00
146981 +3.210357169e-05 +3.210357169e-05 +6.870032104e+00 +6.870032104e+00 +1.4394e+00 +4.1419e-01 +2.6894e-01 +2.8167e+00 +1.3962e+00
147271 +1.726533633e-05 +1.726533633e-05 +6.870017265e+00 +6.870017265e+00 +1.4394e+00 +4.1419e-01 +2.6894e-01 +2.8167e+00 +1.3962e+00
147385 +1.209710606e-05 +1.209710606e-05 +6.870012097e+00 +6.870012097e+00 +1.4394e+00 +4.1419e-01 +2.6894e-01 +2.8167e+00 +1.3962e+00
147464 +8.762100703e-06 +8.762100703e-06 +6.870008762e+00 +6.870008762e+00 +1.4394e+00 +4.1419e-01 +2.6894e-01 +2.8167e+00 +1.3962e+00
147659 +5.914887401e-06 +5.914887401e-06 +6.870005915e+00 +6.870005915e+00 +1.4394e+00 +4.1419e-01 +2.6894e-01 +2.8167e+00 +1.3962e+00
148144 +2.334083323e-06 +2.334083323e-06 +6.870002334e+00 +6.870002334e+00 +1.4394e+00 +4.1419e-01 +2.6894e-01 +2.8167e+00 +1.3962e+00
148505 +1.298685564e-06 +1.298685564e-06 +6.870001299e+00 +6.870001299e+00 +1.4394e+00 +4.1419e-01 +2.6894e-01 +2.8167e+00 +1.3962e+00
148654 +9.346932819e-07 +9.346932819e-07 +6.870000935e+00 +6.870000935e+00 +1.4394e+00 +4.1419e-01 +2.6894e-01 +2.8167e+00 +1.3962e+00
148904 +5.856473519e-07 +5.856473519e-07 +6.870000586e+00 +6.870000586e+00 +1.4394e+00 +4.1419e-01 +2.6894e-01 +2.8167e+00 +1.3962e+00
149385 +3.843685104e-07 +3.843685104e-07 +6.870000384e+00 +6.870000384e+00 +1.4394e+00 +4.1419e-01 +2.6894e-01 +2.8167e+00 +1.3962e+00
149480 +1.542407650e-07 +1.542407650e-07 +6.870000154e+00 +6.870000154e+00 +1.4394e+00 +4.1419e-01 +2.6894e-01 +2.8167e+00 +1.3962e+00
149980 +7.725998685e-08 +7.725998685e-08 +6.870000077e+00 +6.870000077e+00 +1.4394e+00 +4.1419e-01 +2.6894e-01 +2.8167e+00 +1.3962e+00
150040 +5.270191838e-08 +5.270191838e-08 +6.870000053e+00 +6.870000053e+00 +1.4394e+00 +4.1419e-01 +2.6894e-01 +2.8167e+00 +1.3962e+00
150263 +3.801492099e-08 +3.801492099e-08 +6.870000038e+00 +6.870000038e+00 +1.4394e+00 +4.1419e-01 +2.6894e-01 +2.8167e+00 +1.3962e+00
150592 +2.494839002e-08 +2.494839002e-08 +6.870000025e+00 +6.870000025e+00 +1.4394e+00 +4.1419e-01 +2.6894e-01 +2.8167e+00 +1.3962e+00
150802 +1.565120922e-08 +1.565120922e-08 +6.870000016e+00 +6.870000016e+00 +1.4394e+00 +4.1419e-01 +2.6894e-01 +2.8167e+00 +1.3962e+00
151248 +9.724386629e-09 +9.724386629e-09 +6.870000010e+00 +6.870000010e+00 +1.4394e+00 +4.1419e-01 +2.6894e-01 +2.8167e+00 +1.3962e+00
151462 +1.463288157e-09 +1.463288157e-09 +6.870000001e+00 +6.870000001e+00 +1.4394e+00 +4.1419e-01 +2.6894e-01 +2.8167e+00 +1.3962e+00
% function evaluation | noise-free fitness - Fopt (6.870000000000e+00) | best noise-free fitness - Fopt | measured fitness | best measured fitness | x1 | x2...
1 +1.931905824e+01 +1.931905824e+01 +2.618905824e+01 +2.618905824e+01 -3.3800e+00 -3.3194e-01 +1.6130e+00 +2.3037e+00 -2.9574e+00
3 +2.499770425e+00 +2.499770425e+00 +9.369770425e+00 +9.369770425e+00 -1.1798e+00 -3.1660e+00 -1.8502e+00 +2.5128e+00 -3.4130e+00
860 +1.553954807e+00 +1.553954807e+00 +8.423954807e+00 +8.423954807e+00 -1.5560e-01 +2.3254e+00 -1.9537e+00 -2.8414e+00 -5.6060e-01
8787 +8.511443743e-01 +8.511443743e-01 +7.721144374e+00 +7.721144374e+00 +3.1822e-01 +1.0864e+00 -4.8254e-02 +3.9494e+00 +4.4245e-01
42957 +2.935060703e-01 +2.935060703e-01 +7.163506070e+00 +7.163506070e+00 -5.2414e-01 +1.0663e+00 +1.1786e+00 +1.3273e+00 -3.3560e-01
82639 +1.126077482e-01 +1.126077482e-01 +6.982607748e+00 +6.982607748e+00 -2.6098e+00 +5.8686e-01 +1.5178e+00 +2.1876e+00 +2.8267e+00
83078 +7.198527906e-02 +7.198527906e-02 +6.941985279e+00 +6.941985279e+00 -2.6077e+00 +5.8733e-01 +1.5185e+00 +2.1858e+00 +2.8281e+00
83429 +5.922902603e-02 +5.922902603e-02 +6.929229026e+00 +6.929229026e+00 -2.6077e+00 +5.8646e-01 +1.5171e+00 +2.1852e+00 +2.8286e+00
83508 +3.741911054e-02 +3.741911054e-02 +6.907419111e+00 +6.907419111e+00 -2.6078e+00 +5.8664e-01 +1.5173e+00 +2.1851e+00 +2.8295e+00
83700 +2.338788828e-02 +2.338788828e-02 +6.893387888e+00 +6.893387888e+00 -2.6082e+00 +5.8688e-01 +1.5175e+00 +2.1855e+00 +2.8290e+00
83704 +1.502796610e-02 +1.502796610e-02 +6.885027966e+00 +6.885027966e+00 -2.6083e+00 +5.8678e-01 +1.5174e+00 +2.1857e+00 +2.8291e+00
83968 +7.653919315e-03 +7.653919315e-03 +6.877653919e+00 +6.877653919e+00 -2.6080e+00 +5.8684e-01 +1.5176e+00 +2.1855e+00 +2.8289e+00
84243 +6.020636219e-03 +6.020636219e-03 +6.876020636e+00 +6.876020636e+00 -2.6081e+00 +5.8681e-01 +1.5175e+00 +2.1856e+00 +2.8290e+00
84378 +3.791095126e-03 +3.791095126e-03 +6.873791095e+00 +6.873791095e+00 -2.6081e+00 +5.8683e-01 +1.5175e+00 +2.1856e+00 +2.8289e+00
84508 +1.603568175e-03 +1.603568175e-03 +6.871603568e+00 +6.871603568e+00 -2.6081e+00 +5.8684e-01 +1.5175e+00 +2.1855e+00 +2.8290e+00
84699 +1.243581654e-03 +1.243581654e-03 +6.871243582e+00 +6.871243582e+00 -2.6081e+00 +5.8684e-01 +1.5175e+00 +2.1855e+00 +2.8290e+00
84829 +7.065937018e-04 +7.065937018e-04 +6.870706594e+00 +6.870706594e+00 -2.6081e+00 +5.8683e-01 +1.5175e+00 +2.1856e+00 +2.8290e+00
84917 +6.091763889e-04 +6.091763889e-04 +6.870609176e+00 +6.870609176e+00 -2.6081e+00 +5.8684e-01 +1.5175e+00 +2.1856e+00 +2.8290e+00
85055 +3.483757643e-04 +3.483757643e-04 +6.870348376e+00 +6.870348376e+00 -2.6081e+00 +5.8683e-01 +1.5175e+00 +2.1856e+00 +2.8290e+00
85337 +2.294603648e-04 +2.294603648e-04 +6.870229460e+00 +6.870229460e+00 -2.6081e+00 +5.8683e-01 +1.5175e+00 +2.1856e+00 +2.8290e+00
85376 +1.541793391e-04 +1.541793391e-04 +6.870154179e+00 +6.870154179e+00 -2.6081e+00 +5.8683e-01 +1.5175e+00 +2.1856e+00 +2.8290e+00
85544 +9.334783413e-05 +9.334783413e-05 +6.870093348e+00 +6.870093348e+00 -2.6081e+00 +5.8683e-01 +1.5175e+00 +2.1856e+00 +2.8290e+00
85704 +4.769940665e-05 +4.769940665e-05 +6.870047699e+00 +6.870047699e+00 -2.6081e+00 +5.8683e-01 +1.5175e+00 +2.1856e+00 +2.8290e+00
85902 +3.441763454e-05 +3.441763454e-05 +6.870034418e+00 +6.870034418e+00 -2.6081e+00 +5.8683e-01 +1.5175e+00 +2.1856e+00 +2.8290e+00
86001 +2.249331080e-05 +2.249331080e-05 +6.870022493e+00 +6.870022493e+00 -2.6081e+00 +5.8683e-01 +1.5175e+00 +2.1856e+00 +2.8290e+00
86208 +9.452472537e-06 +9.452472537e-06 +6.870009452e+00 +6.870009452e+00 -2.6081e+00 +5.8683e-01 +1.5175e+00 +2.1856e+00 +2.8290e+00
86446 +5.909804833e-06 +5.909804833e-06 +6.870005910e+00 +6.870005910e+00 -2.6081e+00 +5.8683e-01 +1.5175e+00 +2.1856e+00 +2.8290e+00
86653 +2.030389965e-06 +2.030389965e-06 +6.870002030e+00 +6.870002030e+00 -2.6081e+00 +5.8683e-01 +1.5175e+00 +2.1856e+00 +2.8290e+00
86821 +1.538681913e-06 +1.538681913e-06 +6.870001539e+00 +6.870001539e+00 -2.6081e+00 +5.8683e-01 +1.5175e+00 +2.1856e+00 +2.8290e+00
86924 +8.282767228e-07 +8.282767228e-07 +6.870000828e+00 +6.870000828e+00 -2.6081e+00 +5.8683e-01 +1.5175e+00 +2.1856e+00 +2.8290e+00
87176 +5.872738900e-07 +5.872738900e-07 +6.870000587e+00 +6.870000587e+00 -2.6081e+00 +5.8683e-01 +1.5175e+00 +2.1856e+00 +2.8290e+00
87236 +3.970028972e-07 +3.970028972e-07 +6.870000397e+00 +6.870000397e+00 -2.6081e+00 +5.8683e-01 +1.5175e+00 +2.1856e+00 +2.8290e+00
87317 +2.506090384e-07 +2.506090384e-07 +6.870000251e+00 +6.870000251e+00 -2.6081e+00 +5.8683e-01 +1.5175e+00 +2.1856e+00 +2.8290e+00
87463 +1.383009387e-07 +1.383009387e-07 +6.870000138e+00 +6.870000138e+00 -2.6081e+00 +5.8683e-01 +1.5175e+00 +2.1856e+00 +2.8290e+00
87583 +7.578063066e-08 +7.578063066e-08 +6.870000076e+00 +6.870000076e+00 -2.6081e+00 +5.8683e-01 +1.5175e+00 +2.1856e+00 +2.8290e+00
87781 +4.847013457e-08 +4.847013457e-08 +6.870000048e+00 +6.870000048e+00 -2.6081e+00 +5.8683e-01 +1.5175e+00 +2.1856e+00 +2.8290e+00
87986 +3.619059985e-08 +3.619059985e-08 +6.870000036e+00 +6.870000036e+00 -2.6081e+00 +5.8683e-01 +1.5175e+00 +2.1856e+00 +2.8290e+00
88058 +1.492357171e-08 +1.492357171e-08 +6.870000015e+00 +6.870000015e+00 -2.6081e+00 +5.8683e-01 +1.5175e+00 +2.1856e+00 +2.8290e+00
88254 +7.356781850e-09 +7.356781850e-09 +6.870000007e+00 +6.870000007e+00 -2.6081e+00 +5.8683e-01 +1.5175e+00 +2.1856e+00 +2.8290e+00
88291 +4.412036958e-09 +4.412036958e-09 +6.870000004e+00 +6.870000004e+00 -2.6081e+00 +5.8683e-01 +1.5175e+00 +2.1856e+00 +2.8290e+00
% function evaluation | noise-free fitness - Fopt (1.000000000000e-02) | best noise-free fitness - Fopt | measured fitness | best measured fitness | x1 | x2...
1 +1.358566749e+01 +1.358566749e+01 +1.359566749e+01 +1.359566749e+01 -3.0793e+00 -3.1957e+00 +7.5378e-01 +2.3495e-01 +6.9136e-01
6 +5.585221912e+00 +5.585221912e+00 +5.595221912e+00 +5.595221912e+00 -5.3549e+00 -3.0533e+00 -3.5642e+00 +3.2034e-01 +4.0601e+00
11 +3.109361700e+00 +3.109361700e+00 +3.119361700e+00 +3.119361700e+00 -3.9119e+00 -3.8931e+00 -5.3873e-01 +1.5012e+00 +2.0387e+00
1698 +2.439778923e+00 +2.439778923e+00 +2.449778923e+00 +2.449778923e+00 -2.0502e+00 -2.5930e+00 -3.0703e+00 +5.5000e+00 -2.8554e+00
1849 +1.411259432e+00 +1.411259432e+00 +1.421259432e+00 +1.421259432e+00 -1.4462e+00 -2.3579e+00 -4.0959e-01 +4.2713e+00 -3.8049e+00
16416 +5.563243393e-01 +5.563243393e-01 +5.663243393e-01 +5.663243393e-01 +1.2265e+00 +2.2078e+00 -7.9114e-01 -2.8321e+00 -3.0949e+00
16519 +3.967889858e-01 +3.967889858e-01 +4.067889858e-01 +4.067889858e-01 +1.2295e+00 +2.2062e+00 -7.9812e-01 -2.8272e+00 -3.0871e+00
16541 +2.192773896e-01 +2.192773896e-01 +2.292773896e-01 +2.292773896e-01 +1.2279e+00 +2.2031e+00 -7.9799e-01 -2.8276e+00 -3.0898e+00
16576 +1.356155223e-01 +1.356155223e-01 +1.456155223e-01 +1.456155223e-01 +1.2285e+00 +2.2018e+00 -7.9820e-01 -2.8279e+00 -3.0910e+00
16693 +7.974746948e-02 +7.974746948e-02 +8.974746948e-02 +8.974746948e-02 +1.2278e+00 +2.2010e+00 -7.9800e-01 -2.8269e+00 -3.0905e+00
16785 +5.056292702e-02 +5.056292702e-02 +6.056292702e-02 +6.056292702e-02 +1.2269e+00 +2.1994e+00 -7.9931e-01 -2.8257e+00 -3.0901e+00
16822 +3.586553219e-02 +3.586553219e-02 +4.586553219e-02 +4.586553219e-02 +1.2276e+00 +2.1994e+00 -7.9898e-01 -2.8263e+00 -3.0906e+00
16905 +2.078808574e-02 +2.078808574e-02 +3.078808574e-02 +3.078808574e-02 +1.2271e+00 +2.1999e+00 -7.9838e-01 -2.8262e+00 -3.0905e+00
16942 +1.571533409e-02 +1.571533409e-02 +2.571533409e-02 +2.571533409e-02 +1.2272e+00 +2.1997e+00 -7.9856e-01 -2.8262e+00 -3.0905e+00
17007 +9.862899756e-03 +9.862899756e-03 +1.986289976e-02 +1.986289976e-02 +1.2272e+00 +2.1996e+00 -7.9856e-01 -2.8262e+00 -3.0905e+00
17013 +5.925239736e-03 +5.925239736e-03 +1.592523974e-02 +1.592523974e-02 +1.2272e+00 +2.1996e+00 -7.9858e-01 -2.8262e+00 -3.0906e+00
17085 +3.884441748e-03 +3.884441748e-03 +1.388444175e-02 +1.388444175e-02 +1.2271e+00 +2.1995e+00 -7.9862e-01 -2.8261e+00 -3.0906e+00
17117 +2.488472256e-03 +2.488472256e-03 +1.248847226e-02 +1.248847226e-02 +1.2271e+00 +2.1995e+00 -7.9861e-01 -2.8261e+00 -3.0906e+00
17159 +1.448224037e-03 +1.448224037e-03 +1.144822404e-02 +1.144822404e-02 +1.2271e+00 +2.1995e+00 -7.9861e-01 -2.8261e+00 -3.0906e+00
17168 +7.628955314e-04 +7.628955314e-04 +1.076289553e-02 +1.076289553e-02 +1.2271e+00 +2.1995e+00 -7.9862e-01 -2.8261e+00 -3.0906e+00
17261 +5.291936161e-04 +5.291936161e-04 +1.052919362e-02 +1.052919362e-02 +1.2271e+00 +2.1995e+00 -7.9862e-01 -2.8261e+00 -3.0906e+00
17330 +3.614497516e-04 +3.614497516e-04 +1.036144975e-02 +1.036144975e-02 +1.2271e+00 +2.1995e+00 -7.9862e-01 -2.8261e+00 -3.0906e+00
17362 +1.172700647e-04 +1.172700647e-04 +1.011727006e-02 +1.011727006e-02 +1.2271e+00 +2.1995e+00 -7.9863e-01 -2.8261e+00 -3.0906e+00
17463 +6.784118847e-05 +6.784118847e-05 +1.006784119e-02 +1.006784119e-02 +1.2271e+00 +2.1995e+00 -7.9862e-01 -2.8261e+00 -3.0906e+00
17480 +5.838094149e-05 +5.838094149e-05 +1.005838094e-02 +1.005838094e-02 +1.2271e+00 +2.1995e+00 -7.9862e-01 -2.8261e+00 -3.0906e+00
17610 +3.887667615e-05 +3.887667615e-05 +1.003887668e-02 +1.003887668e-02 +1.2271e+00 +2.1995e+00 -7.9862e-01 -2.8261e+00 -3.0906e+00
17613 +2.338076995e-05 +2.338076995e-05 +1.002338077e-02 +1.002338077e-02 +1.2271e+00 +2.1995e+00 -7.9862e-01 -2.8261e+00 -3.0906e+00
17632 +1.488383378e-05 +1.488383378e-05 +1.001488383e-02 +1.001488383e-02 +1.2271e+00 +2.1995e+00 -7.9862e-01 -2.8261e+00 -3.0906e+00
17727 +5.918440944e-06 +5.918440944e-06 +1.000591844e-02 +1.000591844e-02 +1.2271e+00 +2.1995e+00 -7.9862e-01 -2.8261e+00 -3.0906e+00
17780 +3.182472257e-06 +3.182472257e-06 +1.000318247e-02 +1.000318247e-02 +1.2271e+00 +2.1995e+00 -7.9862e-01 -2.8261e+00 -3.0906e+00
17863 +2.034030577e-06 +2.034030577e-06 +1.000203403e-02 +1.000203403e-02 +1.2271e+00 +2.1995e+00 -7.9862e-01 -2.8261e+00 -3.0906e+00
17878 +1.381504512e-06 +1.381504512e-06 +1.000138150e-02 +1.000138150e-02 +1.2271e+00 +2.1995e+00 -7.9862e-01 -2.8261e+00 -3.0906e+00
17889 +9.016411625e-07 +9.016411625e-07 +1.000090164e-02 +1.000090164e-02 +1.2271e+00 +2.1995e+00 -7.9862e-01 -2.8261e+00 -3.0906e+00
17934 +6.193600368e-07 +6.193600368e-07 +1.000061936e-02 +1.000061936e-02 +1.2271e+00 +2.1995e+00 -7.9862e-01 -2.8261e+00 -3.0906e+00
17993 +2.951798311e-07 +2.951798311e-07 +1.000029518e-02 +1.000029518e-02 +1.2271e+00 +2.1995e+00 -7.9862e-01 -2.8261e+00 -3.0906e+00
18027 +1.222650896e-07 +1.222650896e-07 +1.000012227e-02 +1.000012227e-02 +1.2271e+00 +2.1995e+00 -7.9862e-01 -2.8261e+00 -3.0906e+00
18137 +9.610350454e-08 +9.610350454e-08 +1.000009610e-02 +1.000009610e-02 +1.2271e+00 +2.1995e+00 -7.9862e-01 -2.8261e+00 -3.0906e+00
18239 +5.707269979e-08 +5.707269979e-08 +1.000005707e-02 +1.000005707e-02 +1.2271e+00 +2.1995e+00 -7.9862e-01 -2.8261e+00 -3.0906e+00
18267 +3.243494884e-08 +3.243494884e-08 +1.000003243e-02 +1.000003243e-02 +1.2271e+00 +2.1995e+00 -7.9862e-01 -2.8261e+00 -3.0906e+00
18334 +2.302164015e-08 +2.302164015e-08 +1.000002302e-02 +1.000002302e-02 +1.2271e+00 +2.1995e+00 -7.9862e-01 -2.8261e+00 -3.0906e+00
18345 +1.408621919e-08 +1.408621919e-08 +1.000001409e-02 +1.000001409e-02 +1.2271e+00 +2.1995e+00 -7.9862e-01 -2.8261e+00 -3.0906e+00
18379 +8.395250994e-09 +8.395250994e-09 +1.000000840e-02 +1.000000840e-02 +1.2271e+00 +2.1995e+00 -7.9862e-01 -2.8261e+00 -3.0906e+00
18390 +5.863731833e-09 +5.863731833e-09 +1.000000586e-02 +1.000000586e-02 +1.2271e+00 +2.1995e+00 -7.9862e-01 -2.8261e+00 -3.0906e+00
% function evaluation | noise-free fitness - Fopt (1.000000000000e-02) | best noise-free fitness - Fopt | measured fitness | best measured fitness | x1 | x2...
1 +2.492274216e+01 +2.492274216e+01 +2.493274216e+01 +2.493274216e+01 +3.7050e+00 +2.6810e+00 -2.0524e+00 -3.2549e+00 +6.5447e-01
3 +1.134473070e+01 +1.134473070e+01 +1.135473070e+01 +1.135473070e+01 +4.4338e+00 +9.3401e-01 +1.2267e-01 -4.4912e+00 -1.7686e+00
12 +4.418357497e+00 +4.418357497e+00 +4.428357497e+00 +4.428357497e+00 +4.7219e+00 +3.4260e+00 -8.3970e-01 +9.3192e-01 -1.1029e+00
368 +3.421360116e+00 +3.421360116e+00 +3.431360116e+00 +3.431360116e+00 +2.6149e+00 +9.9545e-03 -9.6203e-01 +3.5752e+00 +4.3061e+00
438 +2.084489661e+00 +2.084489661e+00 +2.094489661e+00 +2.094489661e+00 +1.2952e+00 +1.3451e+00 -3.3299e+00 +1.9770e+00 +3.2852e+00
1018 +1.451849372e+00 +1.451849372e+00 +1.461849372e+00 +1.461849372e+00 -2.4780e+00 +2.3808e+00 -4.2162e+00 +3.3323e+00 +3.1273e+00
25171 +9.951323148e-01 +9.951323148e-01 +1.005132315e+00 +1.005132315e+00 +3.6575e+00 +3.4635e+00 -2.1003e+00 -2.5181e+00 +6.0009e-01
25374 +4.714184183e-01 +4.714184183e-01 +4.814184183e-01 +4.814184183e-01 +3.6495e+00 +3.4623e+00 -2.0982e+00 -2.5147e+00 +5.9718e-01
25620 +3.783463681e-01 +3.783463681e-01 +3.883463681e-01 +3.883463681e-01 +3.6502e+00 +3.4583e+00 -2.0998e+00 -2.5169e+00 +5.9146e-01
25862 +2.479626048e-01 +2.479626048e-01 +2.579626048e-01 +2.579626048e-01 +3.6491e+00 +3.4547e+00 -2.1026e+00 -2.5146e+00 +5.9216e-01
26236 +1.213454177e-01 +1.213454177e-01 +1.313454177e-01 +1.313454177e-01 +3.6294e+00 +3.4456e+00 -2.1114e+00 -2.4944e+00 +6.0692e-01
26563 +9.393517906e-02 +9.393517906e-02 +1.039351791e-01 +1.039351791e-01 +3.6300e+00 +3.4441e+00 -2.1114e+00 -2.4944e+00 +6.0567e-01
26607 +5.557746245e-02 +5.557746245e-02 +6.557746245e-02 +6.557746245e-02 +3.6272e+00 +3.4431e+00 -2.1116e+00 -2.4922e+00 +6.0736e-01
26978 +3.930181570e-02 +3.930181570e-02 +4.930181570e-02 +4.930181570e-02 +3.6288e+00 +3.4435e+00 -2.1114e+00 -2.4935e+00 +6.0637e-01
27141 +2.396088995e-02 +2.396088995e-02 +3.396088995e-02 +3.396088995e-02 +3.6286e+00 +3.4437e+00 -2.1113e+00 -2.4935e+00 +6.0640e-01
27152 +1.359715510e-02 +1.359715510e-02 +2.359715510e-02 +2.359715510e-02 +3.6283e+00 +3.4436e+00 -2.1111e+00 -2.4934e+00 +6.0617e-01
27356 +9.339731743e-03 +9.339731743e-03 +1.933973174e-02 +1.933973174e-02 +3.6282e+00 +3.4436e+00 -2.1113e+00 -2.4932e+00 +6.0642e-01
27427 +5.098974862e-03 +5.098974862e-03 +1.509897486e-02 +1.509897486e-02 +3.6283e+00 +3.4437e+00 -2.1112e+00 -2.4934e+00 +6.0633e-01
27567 +2.084162336e-03 +2.084162336e-03 +1.208416234e-02 +1.208416234e-02 +3.6283e+00 +3.4436e+00 -2.1112e+00 -2.4933e+00 +6.0633e-01
27827 +1.407185588e-03 +1.407185588e-03 +1.140718559e-02 +1.140718559e-02 +3.6282e+00 +3.4436e+00 -2.1112e+00 -2.4933e+00 +6.0633e-01
28027 +7.174850202e-04 +7.174850202e-04 +1.071748502e-02 +1.071748502e-02 +3.6283e+00 +3.4436e+00 -2.1112e+00 -2.4933e+00 +6.0632e-01
28078 +5.044235463e-04 +5.044235463e-04 +1.050442355e-02 +1.050442355e-02 +3.6283e+00 +3.4436e+00 -2.1112e+00 -2.4933e+00 +6.0633e-01
28261 +3.124576755e-04 +3.124576755e-04 +1.031245768e-02 +1.031245768e-02 +3.6283e+00 +3.4436e+00 -2.1112e+00 -2.4933e+00 +6.0633e-01
28355 +2.210824287e-04 +2.210824287e-04 +1.022108243e-02 +1.022108243e-02 +3.6283e+00 +3.4436e+00 -2.1112e+00 -2.4933e+00 +6.0633e-01
28513 +1.339861844e-04 +1.339861844e-04 +1.013398618e-02 +1.013398618e-02 +3.6283e+00 +3.4436e+00 -2.1112e+00 -2.4933e+00 +6.0633e-01
28636 +8.563426629e-05 +8.563426629e-05 +1.008563427e-02 +1.008563427e-02 +3.6283e+00 +3.4436e+00 -2.1112e+00 -2.4933e+00 +6.0633e-01
28725 +5.762164030e-05 +5.762164030e-05 +1.005762164e-02 +1.005762164e-02 +3.6283e+00 +3.4436e+00 -2.1112e+00 -2.4933e+00 +6.0633e-01
28760 +3.722247906e-05 +3.722247906e-05 +1.003722248e-02 +1.003722248e-02 +3.6283e+00 +3.4436e+00 -2.1112e+00 -2.4933e+00 +6.0633e-01
28971 +1.669322484e-05 +1.669322484e-05 +1.001669322e-02 +1.001669322e-02 +3.6283e+00 +3.4436e+00 -2.1112e+00 -2.4933e+00 +6.0633e-01
29070 +1.575652515e-05 +1.575652515e-05 +1.001575653e-02 +1.001575653e-02 +3.6283e+00 +3.4436e+00 -2.1112e+00 -2.4933e+00 +6.0633e-01
29205 +9.194260064e-06 +9.194260064e-06 +1.000919426e-02 +1.000919426e-02 +3.6283e+00 +3.4436e+00 -2.1112e+00 -2.4933e+00 +6.0633e-01
29303 +6.163073041e-06 +6.163073041e-06 +1.000616307e-02 +1.000616307e-02 +3.6283e+00 +3.4436e+00 -2.1112e+00 -2.4933e+00 +6.0633e-01
29357 +3.956170967e-06 +3.956170967e-06 +1.000395617e-02 +1.000395617e-02 +3.6283e+00 +3.4436e+00 -2.1112e+00 -2.4933e+00 +6.0633e-01
29468 +2.022005448e-06 +2.022005448e-06 +1.000202201e-02 +1.000202201e-02 +3.6283e+00 +3.4436e+00 -2.1112e+00 -2.4933e+00 +6.0633e-01
29607 +1.187159799e-06 +1.187159799e-06 +1.000118716e-02 +1.000118716e-02 +3.6283e+00 +3.4436e+00 -2.1112e+00 -2.4933e+00 +6.0633e-01
29694 +9.867942457e-07 +9.867942457e-07 +1.000098679e-02 +1.000098679e-02 +3.6283e+00 +3.4436e+00 -2.1112e+00 -2.4933e+00 +6.0633e-01
29809 +6.164370173e-07 +6.164370173e-07 +1.000061644e-02 +1.000061644e-02 +3.6283e+00 +3.4436e+00 -2.1112e+00 -2.4933e+00 +6.0633e-01
29981 +2.851067675e-07 +2.851067675e-07 +1.000028511e-02 +1.000028511e-02 +3.6283e+00 +3.4436e+00 -2.1112e+00 -2.4933e+00 +6.0633e-01
30006 +2.237083653e-07 +2.237083653e-07 +1.000022371e-02 +1.000022371e-02 +3.6283e+00 +3.4436e+00 -2.1112e+00 -2.4933e+00 +6.0633e-01
30102 +1.333207335e-07 +1.333207335e-07 +1.000013332e-02 +1.000013332e-02 +3.6283e+00 +3.4436e+00 -2.1112e+00 -2.4933e+00 +6.0633e-01
30262 +8.762406889e-08 +8.762406889e-08 +1.000008762e-02 +1.000008762e-02 +3.6283e+00 +3.4436e+00 -2.1112e+00 -2.4933e+00 +6.0633e-01
30374 +5.250162199e-08 +5.250162199e-08 +1.000005250e-02 +1.000005250e-02 +3.6283e+00 +3.4436e+00 -2.1112e+00 -2.4933e+00 +6.0633e-01
30545 +3.934105780e-08 +3.934105780e-08 +1.000003934e-02 +1.000003934e-02 +3.6283e+00 +3.4436e+00 -2.1112e+00 -2.4933e+00 +6.0633e-01
30556 +2.499295981e-08 +2.499295981e-08 +1.000002499e-02 +1.000002499e-02 +3.6283e+00 +3.4436e+00 -2.1112e+00 -2.4933e+00 +6.0633e-01
30847 +1.260747939e-08 +1.260747939e-08 +1.000001261e-02 +1.000001261e-02 +3.6283e+00 +3.4436e+00 -2.1112e+00 -2.4933e+00 +6.0633e-01
30913 +5.615780008e-09 +5.615780008e-09 +1.000000562e-02 +1.000000562e-02 +3.6283e+00 +3.4436e+00 -2.1112e+00 -2.4933e+00 +6.0633e-01
30936 +3.769226375e-09 +3.769226375e-09 +1.000000377e-02 +1.000000377e-02 +3.6283e+00 +3.4436e+00 -2.1112e+00 -2.4933e+00 +6.0633e-01
% function evaluation | noise-free fitness - Fopt (1.000000000000e-02) | best noise-free fitness - Fopt | measured fitness | best measured fitness | x1 | x2...
1 +3.104946626e+01 +3.104946626e+01 +3.105946626e+01 +3.105946626e+01 +1.1738e+00 +2.5301e+00 +1.2143e+00 +1.7676e+00 -1.6936e+00
2 +2.496406501e+01 +2.496406501e+01 +2.497406501e+01 +2.497406501e+01 +7.9614e-01 +3.5458e-01 +2.2192e+00 +4.7399e+00 -2.0370e+00
9 +1.038341614e+01 +1.038341614e+01 +1.039341614e+01 +1.039341614e+01 +1.7241e+00 -5.6543e-01 -6.9688e-01 +3.8203e+00 -1.7302e+00
11 +9.469535470e+00 +9.469535470e+00 +9.479535470e+00 +9.479535470e+00 -6.2650e-01 -1.8316e+00 -7.0249e-01 +5.3044e+00 +2.4112e+00
27 +5.457315515e+00 +5.457315515e+00 +5.467315515e+00 +5.467315515e+00 +3.0802e+00 -2.2187e+00 +1.0852e+00 +2.8710e+00 +1.9196e-01
117 +3.033608801e+00 +3.033608801e+00 +3.043608801e+00 +3.043608801e+00 +4.4475e+00 +2.7270e+00 -4.4896e-01 +3.2989e+00 -1.3171e+00
1101 +1.518172068e+00 +1.518172068e+00 +1.528172068e+00 +1.528172068e+00 +3.6046e+00 +1.9254e+00 +5.0094e+00 +1.1136e+00 -5.1886e+00
1589 +9.946404403e-01 +9.946404403e-01 +1.004640440e+00 +1.004640440e+00 +3.5548e+00 +1.9528e+00 +5.0503e+00 +1.1076e+00 -5.2245e+00
7784 +5.877853447e-01 +5.877853447e-01 +5.977853447e-01 +5.977853447e-01 -1.6988e+00 +1.1600e+00 -5.3544e+00 +1.8259e-01 +4.8025e-01
7963 +3.733337922e-01 +3.733337922e-01 +3.833337922e-01 +3.833337922e-01 -1.6882e+00 +1.1736e+00 -5.3461e+00 +1.6871e-01 +4.7405e-01
8078 +2.424057057e-01 +2.424057057e-01 +2.524057057e-01 +2.524057057e-01 -1.6866e+00 +1.1712e+00 -5.3468e+00 +1.6751e-01 +4.6972e-01
8300 +1.369074446e-01 +1.369074446e-01 +1.469074446e-01 +1.469074446e-01 -1.6882e+00 +1.1712e+00 -5.3468e+00 +1.6939e-01 +4.7175e-01
72267 +9.569159669e-02 +9.569159669e-02 +1.056915967e-01 +1.056915967e-01 -7.8506e-01 -1.9699e-01 -6.1916e-01 -7.4607e-01 -8.0922e-01
72303 +6.220333984e-02 +6.220333984e-02 +7.220333984e-02 +7.220333984e-02 -7.8626e-01 -1.9662e-01 -6.1839e-01 -7.4576e-01 -8.0946e-01
72317 +2.611409844e-02 +2.611409844e-02 +3.611409844e-02 +3.611409844e-02 -7.8728e-01 -1.9546e-01 -6.1706e-01 -7.4598e-01 -8.0998e-01
72335 +2.323752548e-02 +2.323752548e-02 +3.323752548e-02 +3.323752548e-02 -7.8778e-01 -1.9608e-01 -6.1734e-01 -7.4541e-01 -8.0979e-01
72848 +1.556667827e-02 +1.556667827e-02 +2.556667827e-02 +2.556667827e-02 -7.8770e-01 -1.9597e-01 -6.1736e-01 -7.4554e-01 -8.0985e-01
73197 +9.568054297e-03 +9.568054297e-03 +1.956805430e-02 +1.956805430e-02 -7.8796e-01 -1.9590e-01 -6.1726e-01 -7.4536e-01 -8.0964e-01
73397 +3.278725746e-03 +3.278725746e-03 +1.327872575e-02 +1.327872575e-02 -7.8796e-01 -1.9600e-01 -6.1734e-01 -7.4531e-01 -8.0967e-01
73741 +2.295769192e-03 +2.295769192e-03 +1.229576919e-02 +1.229576919e-02 -7.8802e-01 -1.9602e-01 -6.1734e-01 -7.4527e-01 -8.0965e-01
73878 +1.511755374e-03 +1.511755374e-03 +1.151175537e-02 +1.151175537e-02 -7.8799e-01 -1.9603e-01 -6.1735e-01 -7.4529e-01 -8.0967e-01
74103 +8.673869063e-04 +8.673869063e-04 +1.086738691e-02 +1.086738691e-02 -7.8800e-01 -1.9602e-01 -6.1735e-01 -7.4529e-01 -8.0966e-01
74223 +5.690292399e-04 +5.690292399e-04 +1.056902924e-02 +1.056902924e-02 -7.8802e-01 -1.9603e-01 -6.1735e-01 -7.4527e-01 -8.0966e-01
74321 +3.911836820e-04 +3.911836820e-04 +1.039118368e-02 +1.039118368e-02 -7.8801e-01 -1.9603e-01 -6.1735e-01 -7.4528e-01 -8.0966e-01
74492 +1.972887199e-04 +1.972887199e-04 +1.019728872e-02 +1.019728872e-02 -7.8801e-01 -1.9603e-01 -6.1735e-01 -7.4528e-01 -8.0967e-01
74766 +1.472875039e-04 +1.472875039e-04 +1.014728750e-02 +1.014728750e-02 -7.8801e-01 -1.9603e-01 -6.1735e-01 -7.4528e-01 -8.0967e-01
74781 +9.646551808e-05 +9.646551808e-05 +1.009646552e-02 +1.009646552e-02 -7.8801e-01 -1.9603e-01 -6.1735e-01 -7.4528e-01 -8.0967e-01
74927 +5.548049909e-05 +5.548049909e-05 +1.005548050e-02 +1.005548050e-02 -7.8801e-01 -1.9603e-01 -6.1735e-01 -7.4528e-01 -8.0967e-01
75067 +3.566323859e-05 +3.566323859e-05 +1.003566324e-02 +1.003566324e-02 -7.8801e-01 -1.9603e-01 -6.1735e-01 -7.4528e-01 -8.0967e-01
75303 +1.792274227e-05 +1.792274227e-05 +1.001792274e-02 +1.001792274e-02 -7.8801e-01 -1.9603e-01 -6.1735e-01 -7.4528e-01 -8.0967e-01
75439 +1.490469881e-05 +1.490469881e-05 +1.001490470e-02 +1.001490470e-02 -7.8801e-01 -1.9603e-01 -6.1735e-01 -7.4528e-01 -8.0967e-01
75590 +8.945663916e-06 +8.945663916e-06 +1.000894566e-02 +1.000894566e-02 -7.8801e-01 -1.9603e-01 -6.1735e-01 -7.4528e-01 -8.0967e-01
75726 +5.527422022e-06 +5.527422022e-06 +1.000552742e-02 +1.000552742e-02 -7.8801e-01 -1.9603e-01 -6.1735e-01 -7.4528e-01 -8.0967e-01
75888 +3.747737529e-06 +3.747737529e-06 +1.000374774e-02 +1.000374774e-02 -7.8801e-01 -1.9603e-01 -6.1735e-01 -7.4528e-01 -8.0967e-01
76113 +1.890618639e-06 +1.890618639e-06 +1.000189062e-02 +1.000189062e-02 -7.8801e-01 -1.9603e-01 -6.1735e-01 -7.4528e-01 -8.0967e-01
76195 +1.561339027e-06 +1.561339027e-06 +1.000156134e-02 +1.000156134e-02 -7.8801e-01 -1.9603e-01 -6.1735e-01 -7.4528e-01 -8.0967e-01
76478 +8.864475359e-07 +8.864475359e-07 +1.000088645e-02 +1.000088645e-02 -7.8801e-01 -1.9603e-01 -6.1735e-01 -7.4528e-01 -8.0967e-01
76529 +3.382823312e-07 +3.382823312e-07 +1.000033828e-02 +1.000033828e-02 -7.8801e-01 -1.9603e-01 -6.1735e-01 -7.4528e-01 -8.0967e-01
76789 +2.213273068e-07 +2.213273068e-07 +1.000022133e-02 +1.000022133e-02 -7.8801e-01 -1.9603e-01 -6.1735e-01 -7.4528e-01 -8.0967e-01
77019 +1.068799527e-07 +1.068799527e-07 +1.000010688e-02 +1.000010688e-02 -7.8801e-01 -1.9603e-01 -6.1735e-01 -7.4528e-01 -8.0967e-01
77206 +7.280793535e-08 +7.280793535e-08 +1.000007281e-02 +1.000007281e-02 -7.8801e-01 -1.9603e-01 -6.1735e-01 -7.4528e-01 -8.0967e-01
77325 +5.766156458e-08 +5.766156458e-08 +1.000005766e-02 +1.000005766e-02 -7.8801e-01 -1.9603e-01 -6.1735e-01 -7.4528e-01 -8.0967e-01
77554 +3.358343231e-08 +3.358343231e-08 +1.000003358e-02 +1.000003358e-02 -7.8801e-01 -1.9603e-01 -6.1735e-01 -7.4528e-01 -8.0967e-01
77609 +1.653353188e-08 +1.653353188e-08 +1.000001653e-02 +1.000001653e-02 -7.8801e-01 -1.9603e-01 -6.1735e-01 -7.4528e-01 -8.0967e-01
77817 +1.555251961e-08 +1.555251961e-08 +1.000001555e-02 +1.000001555e-02 -7.8801e-01 -1.9603e-01 -6.1735e-01 -7.4528e-01 -8.0967e-01
77930 +9.986404481e-09 +9.986404481e-09 +1.000000999e-02 +1.000000999e-02 -7.8801e-01 -1.9603e-01 -6.1735e-01 -7.4528e-01 -8.0967e-01
77994 +5.126641500e-09 +5.126641500e-09 +1.000000513e-02 +1.000000513e-02 -7.8801e-01 -1.9603e-01 -6.1735e-01 -7.4528e-01 -8.0967e-01
78054 +7.411691816e-10 +7.411691816e-10 +1.000000074e-02 +1.000000074e-02 -7.8801e-01 -1.9603e-01 -6.1735e-01 -7.4528e-01 -8.0967e-01
% function evaluation | noise-free fitness - Fopt (-1.306100000000e+02) | best noise-free fitness - Fopt | measured fitness | best measured fitness | x1 | x2...
1 +2.270372064e+01 +2.270372064e+01 -1.079062794e+02 -1.079062794e+02 -3.9782e+00 -1.9794e+00 +1.3635e+00 +3.8833e+00 +1.6203e+00
2 +1.518631431e+01 +1.518631431e+01 -1.154236857e+02 -1.154236857e+02 -5.7472e+00 -1.4509e+00 +1.5893e+00 +5.4254e-01 +5.8273e-01
4 +3.018521047e+00 +3.018521047e+00 -1.275914790e+02 -1.275914790e+02 +3.0931e-01 -3.0084e+00 -1.2587e+00 +4.4196e+00 -3.2217e-01
148 +1.304535761e+00 +1.304535761e+00 -1.293054642e+02 -1.293054642e+02 -2.8008e+00 +2.3515e+00 -2.3741e+00 +1.1015e-01 -3.0880e+00
1244 +9.296094076e-01 +9.296094076e-01 -1.296803906e+02 -1.296803906e+02 -6.4887e-01 +8.9175e-01 -7.8533e-02 -2.1203e+00 -3.7174e+00
1248 +5.447744023e-01 +5.447744023e-01 -1.300652256e+02 -1.300652256e+02 -6.5640e-01 +8.9954e-01 -7.7259e-02 -2.1240e+00 -3.7201e+00
1379 +3.351309148e-01 +3.351309148e-01 -1.302748691e+02 -1.302748691e+02 -6.5528e-01 +8.8975e-01 -7.4160e-02 -2.1135e+00 -3.7146e+00
1443 +2.169279582e-01 +2.169279582e-01 -1.303930720e+02 -1.303930720e+02 -6.5744e-01 +8.8812e-01 -7.3285e-02 -2.1131e+00 -3.7133e+00
1613 +1.563591792e-01 +1.563591792e-01 -1.304536408e+02 -1.304536408e+02 -6.5699e-01 +8.8892e-01 -7.3751e-02 -2.1137e+00 -3.7140e+00
43557 +9.901449478e-02 +9.901449478e-02 -1.305109855e+02 -1.305109855e+02 +1.3868e-01 +1.0840e+00 -9.1929e-01 +5.3877e-01 +2.8363e+00
43594 +2.692202094e-02 +2.692202094e-02 -1.305830780e+02 -1.305830780e+02 +1.3989e-01 +1.0838e+00 -9.1942e-01 +5.3840e-01 +2.8363e+00
43800 +2.338891620e-02 +2.338891620e-02 -1.305866111e+02 -1.305866111e+02 +1.3999e-01 +1.0832e+00 -9.1913e-01 +5.3880e-01 +2.8366e+00
43971 +1.544254285e-02 +1.544254285e-02 -1.305945575e+02 -1.305945575e+02 +1.3997e-01 +1.0835e+00 -9.1925e-01 +5.3857e-01 +2.8365e+00
44177 +9.343698576e-03 +9.343698576e-03 -1.306006563e+02 -1.306006563e+02 +1.4000e-01 +1.0845e+00 -9.1963e-01 +5.3787e-01 +2.8362e+00
44204 +5.684097452e-03 +5.684097452e-03 -1.306043159e+02 -1.306043159e+02 +1.3998e-01 +1.0848e+00 -9.1973e-01 +5.3772e-01 +2.8361e+00
44214 +3.264014890e-03 +3.264014890e-03 -1.306067360e+02 -1.306067360e+02 +1.3997e-01 +1.0847e+00 -9.1971e-01 +5.3772e-01 +2.8362e+00
44363 +1.739985066e-03 +1.739985066e-03 -1.306082600e+02 -1.306082600e+02 +1.3997e-01 +1.0847e+00 -9.1968e-01 +5.3776e-01 +2.8362e+00
44407 +1.555642252e-03 +1.555642252e-03 -1.306084444e+02 -1.306084444e+02 +1.3996e-01 +1.0847e+00 -9.1969e-01 +5.3773e-01 +2.8362e+00
44468 +8.833947905e-04 +8.833947905e-04 -1.306091166e+02 -1.306091166e+02 +1.3996e-01 +1.0846e+00 -9.1967e-01 +5.3777e-01 +2.8362e+00
44492 +5.236002024e-04 +5.236002024e-04 -1.306094764e+02 -1.306094764e+02 +1.3996e-01 +1.0846e+00 -9.1967e-01 +5.3776e-01 +2.8362e+00
44556 +3.027044933e-04 +3.027044933e-04 -1.306096973e+02 -1.306096973e+02 +1.3996e-01 +1.0847e+00 -9.1967e-01 +5.3777e-01 +2.8362e+00
44605 +2.280078571e-04 +2.280078571e-04 -1.306097720e+02 -1.306097720e+02 +1.3996e-01 +1.0846e+00 -9.1967e-01 +5.3777e-01 +2.8362e+00
44667 +1.124242004e-04 +1.124242004e-04 -1.306098876e+02 -1.306098876e+02 +1.3996e-01 +1.0846e+00 -9.1967e-01 +5.3777e-01 +2.8362e+00
44704 +7.829627589e-05 +7.829627589e-05 -1.306099217e+02 -1.306099217e+02 +1.3996e-01 +1.0846e+00 -9.1967e-01 +5.3777e-01 +2.8362e+00
44723 +5.233794943e-05 +5.233794943e-05 -1.306099477e+02 -1.306099477e+02 +1.3996e-01 +1.0846e+00 -9.1967e-01 +5.3777e-01 +2.8362e+00
44775 +3.779819298e-05 +3.779819298e-05 -1.306099622e+02 -1.306099622e+02 +1.3996e-01 +1.0846e+00 -9.1967e-01 +5.3777e-01 +2.8362e+00
44846 +2.163108962e-05 +2.163108962e-05 -1.306099784e+02 -1.306099784e+02 +1.3996e-01 +1.0846e+00 -9.1967e-01 +5.3777e-01 +2.8362e+00
44853 +1.086966370e-05 +1.086966370e-05 -1.306099891e+02 -1.306099891e+02 +1.3996e-01 +1.0846e+00 -9.1967e-01 +5.3777e-01 +2.8362e+00
44936 +9.900604567e-06 +9.900604567e-06 -1.306099901e+02 -1.306099901e+02 +1.3996e-01 +1.0846e+00 -9.1967e-01 +5.3777e-01 +2.8362e+00
44966 +6.032099293e-06 +6.032099293e-06 -1.306099940e+02 -1.306099940e+02 +1.3996e-01 +1.0846e+00 -9.1967e-01 +5.3777e-01 +2.8362e+00
44992 +3.248434155e-06 +3.248434155e-06 -1.306099968e+02 -1.306099968e+02 +1.3996e-01 +1.0846e+00 -9.1967e-01 +5.3777e-01 +2.8362e+00
45039 +1.396488130e-06 +1.396488130e-06 -1.306099986e+02 -1.306099986e+02 +1.3996e-01 +1.0846e+00 -9.1967e-01 +5.3777e-01 +2.8362e+00
45212 +9.520232993e-07 +9.520232993e-07 -1.306099990e+02 -1.306099990e+02 +1.3996e-01 +1.0846e+00 -9.1967e-01 +5.3777e-01 +2.8362e+00
45295 +5.795493792e-07 +5.795493792e-07 -1.306099994e+02 -1.306099994e+02 +1.3996e-01 +1.0846e+00 -9.1967e-01 +5.3777e-01 +2.8362e+00
45321 +1.772133658e-07 +1.772133658e-07 -1.306099998e+02 -1.306099998e+02 +1.3996e-01 +1.0846e+00 -9.1967e-01 +5.3777e-01 +2.8362e+00
45414 +1.568228356e-07 +1.568228356e-07 -1.306099998e+02 -1.306099998e+02 +1.3996e-01 +1.0846e+00 -9.1967e-01 +5.3777e-01 +2.8362e+00
45487 +6.283619314e-08 +6.283619314e-08 -1.306099999e+02 -1.306099999e+02 +1.3996e-01 +1.0846e+00 -9.1967e-01 +5.3777e-01 +2.8362e+00
45509 +3.360767664e-08 +3.360767664e-08 -1.306100000e+02 -1.306100000e+02 +1.3996e-01 +1.0846e+00 -9.1967e-01 +5.3777e-01 +2.8362e+00
45588 +2.481081651e-08 +2.481081651e-08 -1.306100000e+02 -1.306100000e+02 +1.3996e-01 +1.0846e+00 -9.1967e-01 +5.3777e-01 +2.8362e+00
45628 +7.345988706e-09 +7.345988706e-09 -1.306100000e+02 -1.306100000e+02 +1.3996e-01 +1.0846e+00 -9.1967e-01 +5.3777e-01 +2.8362e+00
% function evaluation | noise-free fitness - Fopt (-1.306100000000e+02) | best noise-free fitness - Fopt | measured fitness | best measured fitness | x1 | x2...
1 +9.985520916e+00 +9.985520916e+00 -1.206244791e+02 -1.206244791e+02 +8.7965e-01 -1.4868e+00 +9.5909e-01 +1.3153e+00 -1.2896e-01
18 +4.260369167e+00 +4.260369167e+00 -1.263496308e+02 -1.263496308e+02 +2.0742e+00 +7.5681e-01 -2.2227e+00 +5.3020e-02 -1.7422e+00
202 +3.885768554e+00 +3.885768554e+00 -1.267242314e+02 -1.267242314e+02 +1.4092e-01 +1.8795e+00 -1.5101e+00 +5.3424e+00 -5.2694e+00
1085 +1.978859364e+00 +1.978859364e+00 -1.286311406e+02 -1.286311406e+02 +1.4470e+00 +1.1981e+00 -7.8854e-01 +3.6551e+00 -4.9965e+00
1348 +1.516434416e+00 +1.516434416e+00 -1.290935656e+02 -1.290935656e+02 +1.4135e+00 +1.1836e+00 -7.8262e-01 +3.6819e+00 -4.9474e+00
1630 +9.766160370e-01 +9.766160370e-01 -1.296333840e+02 -1.296333840e+02 +1.4100e+00 +1.1906e+00 -7.8245e-01 +3.6794e+00 -4.9463e+00
6674 +5.842469984e-01 +5.842469984e-01 -1.300257530e+02 -1.300257530e+02 +3.6702e+00 -2.1827e+00 -7.7296e-01 +5.3771e-01 +1.5039e+00
18319 +3.634944198e-01 +3.634944198e-01 -1.302465056e+02 -1.302465056e+02 -7.1887e-01 +3.6860e+00 -2.5517e+00 +1.9406e+00 +2.8023e+00
18443 +2.423104729e-01 +2.423104729e-01 -1.303676895e+02 -1.303676895e+02 -7.1967e-01 +3.6845e+00 -2.5513e+00 +1.9417e+00 +2.8037e+00
35590 +1.546480830e-01 +1.546480830e-01 -1.304553519e+02 -1.304553519e+02 +3.0614e+00 -8.6087e-01 +3.3751e+00 -2.3710e+00 +2.7006e+00
35702 +9.038828471e-02 +9.038828471e-02 -1.305196117e+02 -1.305196117e+02 +3.0609e+00 -8.5539e-01 +3.3740e+00 -2.3744e+00 +2.6995e+00
35848 +5.233349136e-02 +5.233349136e-02 -1.305576665e+02 -1.305576665e+02 +3.0598e+00 -8.5457e-01 +3.3740e+00 -2.3742e+00 +2.7007e+00
35884 +3.666765411e-02 +3.666765411e-02 -1.305733323e+02 -1.305733323e+02 +3.0603e+00 -8.5427e-01 +3.3737e+00 -2.3743e+00 +2.7001e+00
35900 +1.995972657e-02 +1.995972657e-02 -1.305900403e+02 -1.305900403e+02 +3.0602e+00 -8.5578e-01 +3.3743e+00 -2.3736e+00 +2.7005e+00
36037 +1.363123019e-02 +1.363123019e-02 -1.305963688e+02 -1.305963688e+02 +3.0601e+00 -8.5494e-01 +3.3740e+00 -2.3742e+00 +2.7003e+00
36111 +9.851009056e-03 +9.851009056e-03 -1.306001490e+02 -1.306001490e+02 +3.0601e+00 -8.5478e-01 +3.3740e+00 -2.3742e+00 +2.7003e+00
36174 +6.015303411e-03 +6.015303411e-03 -1.306039847e+02 -1.306039847e+02 +3.0601e+00 -8.5525e-01 +3.3742e+00 -2.3739e+00 +2.7004e+00
36252 +3.837512669e-03 +3.837512669e-03 -1.306061625e+02 -1.306061625e+02 +3.0601e+00 -8.5503e-01 +3.3741e+00 -2.3740e+00 +2.7004e+00
36309 +2.114874839e-03 +2.114874839e-03 -1.306078851e+02 -1.306078851e+02 +3.0601e+00 -8.5508e-01 +3.3741e+00 -2.3740e+00 +2.7004e+00
36366 +1.576707561e-03 +1.576707561e-03 -1.306084233e+02 -1.306084233e+02 +3.0601e+00 -8.5503e-01 +3.3741e+00 -2.3740e+00 +2.7004e+00
36398 +9.423164987e-04 +9.423164987e-04 -1.306090577e+02 -1.306090577e+02 +3.0601e+00 -8.5506e-01 +3.3741e+00 -2.3740e+00 +2.7004e+00
36507 +5.628723341e-04 +5.628723341e-04 -1.306094371e+02 -1.306094371e+02 +3.0601e+00 -8.5505e-01 +3.3741e+00 -2.3740e+00 +2.7004e+00
36595 +3.363013023e-04 +3.363013023e-04 -1.306096637e+02 -1.306096637e+02 +3.0601e+00 -8.5504e-01 +3.3741e+00 -2.3740e+00 +2.7004e+00
36658 +1.963146201e-04 +1.963146201e-04 -1.306098037e+02 -1.306098037e+02 +3.0601e+00 -8.5505e-01 +3.3741e+00 -2.3740e+00 +2.7004e+00
36680 +9.486550209e-05 +9.486550209e-05 -1.306099051e+02 -1.306099051e+02 +3.0601e+00 -8.5505e-01 +3.3741e+00 -2.3740e+00 +2.7004e+00
36752 +5.817149966e-05 +5.817149966e-05 -1.306099418e+02 -1.306099418e+02 +3.0601e+00 -8.5505e-01 +3.3741e+00 -2.3740e+00 +2.7004e+00
36829 +2.251581216e-05 +2.251581216e-05 -1.306099775e+02 -1.306099775e+02 +3.0601e+00 -8.5505e-01 +3.3741e+00 -2.3740e+00 +2.7004e+00
36938 +1.524169457e-05 +1.524169457e-05 -1.306099848e+02 -1.306099848e+02 +3.0601e+00 -8.5505e-01 +3.3741e+00 -2.3740e+00 +2.7004e+00
36999 +6.345708044e-06 +6.345708044e-06 -1.306099937e+02 -1.306099937e+02 +3.0601e+00 -8.5505e-01 +3.3741e+00 -2.3740e+00 +2.7004e+00
37100 +6.201345400e-06 +6.201345400e-06 -1.306099938e+02 -1.306099938e+02 +3.0601e+00 -8.5505e-01 +3.3741e+00 -2.3740e+00 +2.7004e+00
37141 +2.801142443e-06 +2.801142443e-06 -1.306099972e+02 -1.306099972e+02 +3.0601e+00 -8.5505e-01 +3.3741e+00 -2.3740e+00 +2.7004e+00
37217 +1.944195503e-06 +1.944195503e-06 -1.306099981e+02 -1.306099981e+02 +3.0601e+00 -8.5505e-01 +3.3741e+00 -2.3740e+00 +2.7004e+00
37297 +1.523101844e-06 +1.523101844e-06 -1.306099985e+02 -1.306099985e+02 +3.0601e+00 -8.5505e-01 +3.3741e+00 -2.3740e+00 +2.7004e+00
37303 +9.927930193e-07 +9.927930193e-07 -1.306099990e+02 -1.306099990e+02 +3.0601e+00 -8.5505e-01 +3.3741e+00 -2.3740e+00 +2.7004e+00
37416 +5.990142142e-07 +5.990142142e-07 -1.306099994e+02 -1.306099994e+02 +3.0601e+00 -8.5505e-01 +3.3741e+00 -2.3740e+00 +2.7004e+00
37445 +3.654169234e-07 +3.654169234e-07 -1.306099996e+02 -1.306099996e+02 +3.0601e+00 -8.5505e-01 +3.3741e+00 -2.3740e+00 +2.7004e+00
37555 +2.169944935e-07 +2.169944935e-07 -1.306099998e+02 -1.306099998e+02 +3.0601e+00 -8.5505e-01 +3.3741e+00 -2.3740e+00 +2.7004e+00
37596 +1.467278423e-07 +1.467278423e-07 -1.306099999e+02 -1.306099999e+02 +3.0601e+00 -8.5505e-01 +3.3741e+00 -2.3740e+00 +2.7004e+00
37686 +8.732160950e-08 +8.732160950e-08 -1.306099999e+02 -1.306099999e+02 +3.0601e+00 -8.5505e-01 +3.3741e+00 -2.3740e+00 +2.7004e+00
37713 +6.170373013e-08 +6.170373013e-08 -1.306099999e+02 -1.306099999e+02 +3.0601e+00 -8.5505e-01 +3.3741e+00 -2.3740e+00 +2.7004e+00
37741 +3.210556088e-08 +3.210556088e-08 -1.306100000e+02 -1.306100000e+02 +3.0601e+00 -8.5505e-01 +3.3741e+00 -2.3740e+00 +2.7004e+00
37865 +2.437434432e-08 +2.437434432e-08 -1.306100000e+02 -1.306100000e+02 +3.0601e+00 -8.5505e-01 +3.3741e+00 -2.3740e+00 +2.7004e+00
37866 +1.492429647e-08 +1.492429647e-08 -1.306100000e+02 -1.306100000e+02 +3.0601e+00 -8.5505e-01 +3.3741e+00 -2.3740e+00 +2.7004e+00
38023 +2.524217280e-09 +2.524217280e-09 -1.306100000e+02 -1.306100000e+02 +3.0601e+00 -8.5505e-01 +3.3741e+00 -2.3740e+00 +2.7004e+00
% function evaluation | noise-free fitness - Fopt (-1.306100000000e+02) | best noise-free fitness - Fopt | measured fitness | best measured fitness | x1 | x2...
1 +6.255731349e+00 +6.255731349e+00 -1.243542687e+02 -1.243542687e+02 +2.1535e+00 +3.1020e+00 +3.4351e+00 +2.6082e+00 +2.5781e+00
203 +3.852316107e+00 +3.852316107e+00 -1.267576839e+02 -1.267576839e+02 -1.6729e+00 +3.7611e+00 +1.9008e+00 -2.2168e+00 +4.1616e+00
338 +1.693178987e+00 +1.693178987e+00 -1.289168210e+02 -1.289168210e+02 +4.1497e+00 +5.2193e+00 +2.3352e+00 -3.4694e-01 +4.3857e+00
3563 +1.234087844e+00 +1.234087844e+00 -1.293759122e+02 -1.293759122e+02 +3.2418e-01 +2.4915e+00 -2.0726e+00 +4.0750e+00 -4.5808e+00
10252 +9.973341839e-01 +9.973341839e-01 -1.296126658e+02 -1.296126658e+02 -2.9368e+00 -2.0938e+00 -2.1154e+00 +3.1024e+00 -2.6015e+00
10279 +5.904893895e-01 +5.904893895e-01 -1.300195106e+02 -1.300195106e+02 -2.9290e+00 -2.0933e+00 -2.1187e+00 +3.0979e+00 -2.6027e+00
10492 +3.560309522e-01 +3.560309522e-01 -1.302539690e+02 -1.302539690e+02 -2.9313e+00 -2.0957e+00 -2.1191e+00 +3.0979e+00 -2.6048e+00
10568 +2.487801118e-01 +2.487801118e-01 -1.303612199e+02 -1.303612199e+02 -2.9307e+00 -2.0976e+00 -2.1183e+00 +3.1003e+00 -2.6041e+00
13438 +1.581579666e-01 +1.581579666e-01 -1.304518420e+02 -1.304518420e+02 -3.4854e+00 +1.2026e+00 +3.2907e+00 +2.1825e+00 +4.0775e-01
58604 +8.695798081e-02 +8.695798081e-02 -1.305230420e+02 -1.305230420e+02 +7.2905e-01 +1.5136e+00 -1.4020e+00 -1.8570e+00 -1.1003e+00
58750 +5.433388072e-02 +5.433388072e-02 -1.305556661e+02 -1.305556661e+02 +7.2854e-01 +1.5121e+00 -1.4012e+00 -1.8564e+00 -1.0992e+00
58785 +3.916432111e-02 +3.916432111e-02 -1.305708357e+02 -1.305708357e+02 +7.2870e-01 +1.5110e+00 -1.4010e+00 -1.8560e+00 -1.0994e+00
58963 +2.257360488e-02 +2.257360488e-02 -1.305874264e+02 -1.305874264e+02 +7.2871e-01 +1.5115e+00 -1.4011e+00 -1.8565e+00 -1.0993e+00
59100 +1.290491984e-02 +1.290491984e-02 -1.305970951e+02 -1.305970951e+02 +7.2878e-01 +1.5114e+00 -1.4010e+00 -1.8565e+00 -1.0994e+00
59179 +5.879780235e-03 +5.879780235e-03 -1.306041202e+02 -1.306041202e+02 +7.2874e-01 +1.5108e+00 -1.4008e+00 -1.8561e+00 -1.0991e+00
59239 +3.490325262e-03 +3.490325262e-03 -1.306065097e+02 -1.306065097e+02 +7.2874e-01 +1.5108e+00 -1.4008e+00 -1.8562e+00 -1.0992e+00
59259 +2.308006200e-03 +2.308006200e-03 -1.306076920e+02 -1.306076920e+02 +7.2877e-01 +1.5108e+00 -1.4008e+00 -1.8562e+00 -1.0992e+00
59386 +1.576000429e-03 +1.576000429e-03 -1.306084240e+02 -1.306084240e+02 +7.2877e-01 +1.5107e+00 -1.4008e+00 -1.8561e+00 -1.0992e+00
59412 +8.908127081e-04 +8.908127081e-04 -1.306091092e+02 -1.306091092e+02 +7.2875e-01 +1.5107e+00 -1.4008e+00 -1.8561e+00 -1.0992e+00
59507 +3.721512457e-04 +3.721512457e-04 -1.306096278e+02 -1.306096278e+02 +7.2876e-01 +1.5107e+00 -1.4008e+00 -1.8561e+00 -1.0992e+00
59599 +2.320853100e-04 +2.320853100e-04 -1.306097679e+02 -1.306097679e+02 +7.2876e-01 +1.5107e+00 -1.4008e+00 -1.8561e+00 -1.0992e+00
59607 +1.209951903e-04 +1.209951903e-04 -1.306098790e+02 -1.306098790e+02 +7.2876e-01 +1.5107e+00 -1.4008e+00 -1.8561e+00 -1.0992e+00
59690 +7.519503953e-05 +7.519503953e-05 -1.306099248e+02 -1.306099248e+02 +7.2876e-01 +1.5107e+00 -1.4008e+00 -1.8561e+00 -1.0992e+00
59740 +3.769352645e-05 +3.769352645e-05 -1.306099623e+02 -1.306099623e+02 +7.2876e-01 +1.5107e+00 -1.4008e+00 -1.8561e+00 -1.0992e+00
59839 +2.397902549e-05 +2.397902549e-05 -1.306099760e+02 -1.306099760e+02 +7.2876e-01 +1.5107e+00 -1.4008e+00 -1.8561e+00 -1.0992e+00
59905 +1.529109460e-05 +1.529109460e-05 -1.306099847e+02 -1.306099847e+02 +7.2876e-01 +1.5107e+00 -1.4008e+00 -1.8561e+00 -1.0992e+00
59948 +8.687078463e-06 +8.687078463e-06 -1.306099913e+02 -1.306099913e+02 +7.2876e-01 +1.5107e+00 -1.4008e+00 -1.8561e+00 -1.0992e+00
60007 +5.894368485e-06 +5.894368485e-06 -1.306099941e+02 -1.306099941e+02 +7.2876e-01 +1.5107e+00 -1.4008e+00 -1.8561e+00 -1.0992e+00
60059 +3.811618797e-06 +3.811618797e-06 -1.306099962e+02 -1.306099962e+02 +7.2876e-01 +1.5107e+00 -1.4008e+00 -1.8561e+00 -1.0992e+00
60159 +2.052346701e-06 +2.052346701e-06 -1.306099979e+02 -1.306099979e+02 +7.2876e-01 +1.5107e+00 -1.4008e+00 -1.8561e+00 -1.0992e+00
60234 +8.087843639e-07 +8.087843639e-07 -1.306099992e+02 -1.306099992e+02 +7.2876e-01 +1.5107e+00 -1.4008e+00 -1.8561e+00 -1.0992e+00
60273 +5.616956003e-07 +5.616956003e-07 -1.306099994e+02 -1.306099994e+02 +7.2876e-01 +1.5107e+00 -1.4008e+00 -1.8561e+00 -1.0992e+00
60414 +3.899873207e-07 +3.899873207e-07 -1.306099996e+02 -1.306099996e+02 +7.2876e-01 +1.5107e+00 -1.4008e+00 -1.8561e+00 -1.0992e+00
60456 +2.430236918e-07 +2.430236918e-07 -1.306099998e+02 -1.306099998e+02 +7.2876e-01 +1.5107e+00 -1.4008e+00 -1.8561e+00 -1.0992e+00
60495 +1.094468871e-07 +1.094468871e-07 -1.306099999e+02 -1.306099999e+02 +7.2876e-01 +1.5107e+00 -1.4008e+00 -1.8561e+00 -1.0992e+00
60583 +7.847557981e-08 +7.847557981e-08 -1.306099999e+02 -1.306099999e+02 +7.2876e-01 +1.5107e+00 -1.4008e+00 -1.8561e+00 -1.0992e+00
60591 +6.268979291e-08 +6.268979291e-08 -1.306099999e+02 -1.306099999e+02 +7.2876e-01 +1.5107e+00 -1.4008e+00 -1.8561e+00 -1.0992e+00
60670 +3.692611017e-08 +3.692611017e-08 -1.306100000e+02 -1.306100000e+02 +7.2876e-01 +1.5107e+00 -1.4008e+00 -1.8561e+00 -1.0992e+00
60727 +2.249655040e-08 +2.249655040e-08 -1.306100000e+02 -1.306100000e+02 +7.2876e-01 +1.5107e+00 -1.4008e+00 -1.8561e+00 -1.0992e+00
60762 +1.377105718e-08 +1.377105718e-08 -1.306100000e+02 -1.306100000e+02 +7.2876e-01 +1.5107e+00 -1.4008e+00 -1.8561e+00 -1.0992e+00
60838 +4.871480996e-09 +4.871480996e-09 -1.306100000e+02 -1.306100000e+02 +7.2876e-01 +1.5107e+00 -1.4008e+00 -1.8561e+00 -1.0992e+00
% function evaluation | noise-free fitness - Fopt (-2.231200000000e+02) | best noise-free fitness - Fopt | measured fitness | best measured fitness | x1 | x2...
1 +3.471777222e+01 +3.471777222e+01 -1.884022278e+02 -1.884022278e+02 +1.5991e+00 -3.9376e+00 -2.3043e+00 -3.4311e+00 -3.7736e+00
2 +1.634774950e+01 +1.634774950e+01 -2.067722505e+02 -2.067722505e+02 +2.1387e+00 -5.1527e+00 -4.4687e+00 -2.0987e+00 -3.5523e+00
6 +1.172514295e+01 +1.172514295e+01 -2.113948571e+02 -2.113948571e+02 -2.4083e+00 -3.7550e+00 -1.9864e+00 -3.9707e+00 -2.4118e+00
9 +4.749376666e+00 +4.749376666e+00 -2.183706233e+02 -2.183706233e+02 +1.1197e+00 -5.0800e+00 -1.3667e+00 -2.5938e+00 -2.6273e+00
206 +3.606161011e+00 +3.606161011e+00 -2.195138390e+02 -2.195138390e+02 +4.8596e+00 -1.6667e+00 -1.3837e+00 -5.2660e+00 -4.0843e+00
284 +2.511764594e+00 +2.511764594e+00 -2.206082354e+02 -2.206082354e+02 +4.2720e+00 -7.8655e-01 +5.5314e-01 -4.2506e+00 -5.1655e+00
1713 +1.403860431e+00 +1.403860431e+00 -2.217161396e+02 -2.217161396e+02 -2.7693e-01 -4.2488e+00 -3.6463e+00 -1.9632e+00 -4.3906e-01
3785 +5.311305280e-01 +5.311305280e-01 -2.225888695e+02 -2.225888695e+02 -3.3938e+00 -3.0324e+00 -1.6868e+00 -4.1878e+00 -1.3940e+00
4017 +1.861782553e-01 +1.861782553e-01 -2.229338217e+02 -2.229338217e+02 -3.3597e+00 -3.0276e+00 -1.6895e+00 -4.1964e+00 -1.4216e+00
4175 +1.491231041e-01 +1.491231041e-01 -2.229708769e+02 -2.229708769e+02 -3.3634e+00 -3.0272e+00 -1.6908e+00 -4.1976e+00 -1.4174e+00
4229 +9.934476021e-02 +9.934476021e-02 -2.230206552e+02 -2.230206552e+02 -3.3632e+00 -3.0273e+00 -1.6910e+00 -4.1982e+00 -1.4185e+00
4318 +6.111809224e-02 +6.111809224e-02 -2.230588819e+02 -2.230588819e+02 -3.3630e+00 -3.0270e+00 -1.6910e+00 -4.1985e+00 -1.4183e+00
4683 +3.977526641e-02 +3.977526641e-02 -2.230802247e+02 -2.230802247e+02 -3.3627e+00 -3.0270e+00 -1.6909e+00 -4.1984e+00 -1.4185e+00
4940 +2.185466107e-02 +2.185466107e-02 -2.230981453e+02 -2.230981453e+02 -3.3586e+00 -3.0266e+00 -1.6912e+00 -4.1993e+00 -1.4222e+00
4958 +1.526554356e-02 +1.526554356e-02 -2.231047345e+02 -2.231047345e+02 -3.3577e+00 -3.0264e+00 -1.6913e+00 -4.1997e+00 -1.4229e+00
5006 +8.908511382e-03 +8.908511382e-03 -2.231110915e+02 -2.231110915e+02 -3.3571e+00 -3.0264e+00 -1.6913e+00 -4.1997e+00 -1.4235e+00
5084 +4.625921038e-03 +4.625921038e-03 -2.231153741e+02 -2.231153741e+02 -3.3573e+00 -3.0264e+00 -1.6913e+00 -4.1998e+00 -1.4234e+00
5151 +3.075155293e-03 +3.075155293e-03 -2.231169248e+02 -2.231169248e+02 -3.3570e+00 -3.0264e+00 -1.6913e+00 -4.1998e+00 -1.4236e+00
5215 +1.993764607e-03 +1.993764607e-03 -2.231180062e+02 -2.231180062e+02 -3.3571e+00 -3.0264e+00 -1.6913e+00 -4.1998e+00 -1.4235e+00
5237 +1.162588998e-03 +1.162588998e-03 -2.231188374e+02 -2.231188374e+02 -3.3571e+00 -3.0264e+00 -1.6913e+00 -4.1998e+00 -1.4235e+00
5312 +8.915269277e-04 +8.915269277e-04 -2.231191085e+02 -2.231191085e+02 -3.3571e+00 -3.0264e+00 -1.6913e+00 -4.1998e+00 -1.4235e+00
5314 +4.968767466e-04 +4.968767466e-04 -2.231195031e+02 -2.231195031e+02 -3.3571e+00 -3.0264e+00 -1.6913e+00 -4.1998e+00 -1.4235e+00
5397 +3.767780779e-04 +3.767780779e-04 -2.231196232e+02 -2.231196232e+02 -3.3571e+00 -3.0264e+00 -1.6913e+00 -4.1998e+00 -1.4235e+00
5481 +2.361472251e-04 +2.361472251e-04 -2.231197639e+02 -2.231197639e+02 -3.3571e+00 -3.0264e+00 -1.6913e+00 -4.1998e+00 -1.4235e+00
5522 +1.370935488e-04 +1.370935488e-04 -2.231198629e+02 -2.231198629e+02 -3.3571e+00 -3.0264e+00 -1.6913e+00 -4.1998e+00 -1.4235e+00
5551 +9.400637126e-05 +9.400637126e-05 -2.231199060e+02 -2.231199060e+02 -3.3571e+00 -3.0264e+00 -1.6913e+00 -4.1998e+00 -1.4235e+00
5605 +5.067968786e-05 +5.067968786e-05 -2.231199493e+02 -2.231199493e+02 -3.3571e+00 -3.0264e+00 -1.6913e+00 -4.1998e+00 -1.4235e+00
5670 +2.550364897e-05 +2.550364897e-05 -2.231199745e+02 -2.231199745e+02 -3.3571e+00 -3.0264e+00 -1.6913e+00 -4.1998e+00 -1.4235e+00
5690 +2.380626501e-05 +2.380626501e-05 -2.231199762e+02 -2.231199762e+02 -3.3571e+00 -3.0264e+00 -1.6913e+00 -4.1998e+00 -1.4235e+00
5726 +5.605255552e-06 +5.605255552e-06 -2.231199944e+02 -2.231199944e+02 -3.3571e+00 -3.0264e+00 -1.6913e+00 -4.1998e+00 -1.4235e+00
5821 +3.149690571e-06 +3.149690571e-06 -2.231199969e+02 -2.231199969e+02 -3.3571e+00 -3.0264e+00 -1.6913e+00 -4.1998e+00 -1.4235e+00
5840 +1.885890384e-06 +1.885890384e-06 -2.231199981e+02 -2.231199981e+02 -3.3571e+00 -3.0264e+00 -1.6913e+00 -4.1998e+00 -1.4235e+00
5929 +9.915885926e-07 +9.915885926e-07 -2.231199990e+02 -2.231199990e+02 -3.3571e+00 -3.0264e+00 -1.6913e+00 -4.1998e+00 -1.4235e+00
6089 +5.374646435e-07 +5.374646435e-07 -2.231199995e+02 -2.231199995e+02 -3.3571e+00 -3.0264e+00 -1.6913e+00 -4.1998e+00 -1.4235e+00
6128 +3.671828495e-07 +3.671828495e-07 -2.231199996e+02 -2.231199996e+02 -3.3571e+00 -3.0264e+00 -1.6913e+00 -4.1998e+00 -1.4235e+00
6205 +1.410527375e-07 +1.410527375e-07 -2.231199999e+02 -2.231199999e+02 -3.3571e+00 -3.0264e+00 -1.6913e+00 -4.1998e+00 -1.4235e+00
6307 +9.957480529e-08 +9.957480529e-08 -2.231199999e+02 -2.231199999e+02 -3.3571e+00 -3.0264e+00 -1.6913e+00 -4.1998e+00 -1.4235e+00
6339 +2.869265359e-08 +2.869265359e-08 -2.231200000e+02 -2.231200000e+02 -3.3571e+00 -3.0264e+00 -1.6913e+00 -4.1998e+00 -1.4235e+00
6397 +2.202966698e-08 +2.202966698e-08 -2.231200000e+02 -2.231200000e+02 -3.3571e+00 -3.0264e+00 -1.6913e+00 -4.1998e+00 -1.4235e+00
6424 +1.506577973e-08 +1.506577973e-08 -2.231200000e+02 -2.231200000e+02 -3.3571e+00 -3.0264e+00 -1.6913e+00 -4.1998e+00 -1.4235e+00
6498 +6.907299621e-09 +6.907299621e-09 -2.231200000e+02 -2.231200000e+02 -3.3571e+00 -3.0264e+00 -1.6913e+00 -4.1998e+00 -1.4235e+00
6508 +6.130903785e-09 +6.130903785e-09 -2.231200000e+02 -2.231200000e+02 -3.3571e+00 -3.0264e+00 -1.6913e+00 -4.1998e+00 -1.4235e+00
% function evaluation | noise-free fitness - Fopt (-2.231200000000e+02) | best noise-free fitness - Fopt | measured fitness | best measured fitness | x1 | x2...
1 +8.353262752e+00 +8.353262752e+00 -2.147667372e+02 -2.147667372e+02 +3.1131e+00 +1.9214e+00 -2.4937e+00 -2.5214e+00 -1.5964e+00
9 +4.952850399e+00 +4.952850399e+00 -2.181671496e+02 -2.181671496e+02 +4.1075e+00 +2.2303e+00 -2.8924e-01 -5.7635e-01 -2.3339e+00
161 +3.380151524e+00 +3.380151524e+00 -2.197398485e+02 -2.197398485e+02 +3.5184e+00 -2.2773e-01 +2.8868e-03 +1.9327e+00 -4.9376e+00
2004 +1.637728429e+00 +1.637728429e+00 -2.214822716e+02 -2.214822716e+02 +3.5120e+00 -1.5409e+00 +4.0640e-01 +1.9827e+00 -3.9777e+00
4720 +1.504222242e+00 +1.504222242e+00 -2.216157778e+02 -2.216157778e+02 +2.0139e+00 -2.5841e-02 -1.9511e+00 +2.9137e+00 -2.6646e+00
4893 +9.044235312e-01 +9.044235312e-01 -2.222155765e+02 -2.222155765e+02 +2.0314e+00 -2.5491e-02 -1.9430e+00 +2.9192e+00 -2.6704e+00
5089 +6.183220094e-01 +6.183220094e-01 -2.225016780e+02 -2.225016780e+02 +2.0340e+00 -2.5592e-02 -1.9417e+00 +2.9200e+00 -2.6710e+00
20908 +3.748466124e-01 +3.748466124e-01 -2.227451534e+02 -2.227451534e+02 -3.4535e+00 -2.0915e+00 +1.6821e+00 -1.2651e+00 -2.9528e+00
21083 +2.448589670e-01 +2.448589670e-01 -2.228751410e+02 -2.228751410e+02 -3.4524e+00 -2.0910e+00 +1.6819e+00 -1.2659e+00 -2.9524e+00
80732 +1.535477302e-01 +1.535477302e-01 -2.229664523e+02 -2.229664523e+02 -4.0639e+00 -5.3636e-01 -2.3854e+00 -2.9760e+00 -7.0657e-01
82407 +9.967125877e-02 +9.967125877e-02 -2.230203287e+02 -2.230203287e+02 -4.0666e+00 -5.3698e-01 -2.3853e+00 -2.9752e+00 -7.0409e-01
82760 +5.862669890e-02 +5.862669890e-02 -2.230613733e+02 -2.230613733e+02 -4.0806e+00 -5.3858e-01 -2.3842e+00 -2.9716e+00 -6.9145e-01
82831 +2.746642583e-02 +2.746642583e-02 -2.230925336e+02 -2.230925336e+02 -4.0886e+00 -5.3948e-01 -2.3836e+00 -2.9695e+00 -6.8422e-01
82835 +1.447980292e-02 +1.447980292e-02 -2.231055202e+02 -2.231055202e+02 -4.0876e+00 -5.3939e-01 -2.3837e+00 -2.9698e+00 -6.8521e-01
83162 +9.338041722e-03 +9.338041722e-03 -2.231106620e+02 -2.231106620e+02 -4.0880e+00 -5.3947e-01 -2.3837e+00 -2.9697e+00 -6.8481e-01
83380 +4.802492579e-03 +4.802492579e-03 -2.231151975e+02 -2.231151975e+02 -4.0879e+00 -5.3947e-01 -2.3837e+00 -2.9697e+00 -6.8495e-01
83784 +3.060217009e-03 +3.060217009e-03 -2.231169398e+02 -2.231169398e+02 -4.0879e+00 -5.3947e-01 -2.3837e+00 -2.9697e+00 -6.8496e-01
83838 +2.197310410e-03 +2.197310410e-03 -2.231178027e+02 -2.231178027e+02 -4.0879e+00 -5.3949e-01 -2.3837e+00 -2.9697e+00 -6.8497e-01
83946 +1.580613959e-03 +1.580613959e-03 -2.231184194e+02 -2.231184194e+02 -4.0878e+00 -5.3948e-01 -2.3837e+00 -2.9697e+00 -6.8501e-01
84090 +6.204630876e-04 +6.204630876e-04 -2.231193795e+02 -2.231193795e+02 -4.0878e+00 -5.3949e-01 -2.3837e+00 -2.9697e+00 -6.8500e-01
84438 +3.195418963e-04 +3.195418963e-04 -2.231196805e+02 -2.231196805e+02 -4.0879e+00 -5.3949e-01 -2.3837e+00 -2.9697e+00 -6.8499e-01
84528 +2.307234874e-04 +2.307234874e-04 -2.231197693e+02 -2.231197693e+02 -4.0878e+00 -5.3949e-01 -2.3837e+00 -2.9697e+00 -6.8500e-01
84759 +1.483437527e-04 +1.483437527e-04 -2.231198517e+02 -2.231198517e+02 -4.0878e+00 -5.3949e-01 -2.3837e+00 -2.9697e+00 -6.8500e-01
84970 +9.033997594e-05 +9.033997594e-05 -2.231199097e+02 -2.231199097e+02 -4.0878e+00 -5.3949e-01 -2.3837e+00 -2.9697e+00 -6.8500e-01
85105 +4.780055002e-05 +4.780055002e-05 -2.231199522e+02 -2.231199522e+02 -4.0878e+00 -5.3949e-01 -2.3837e+00 -2.9697e+00 -6.8500e-01
85207 +3.512386272e-05 +3.512386272e-05 -2.231199649e+02 -2.231199649e+02 -4.0878e+00 -5.3949e-01 -2.3837e+00 -2.9697e+00 -6.8500e-01
85382 +2.460745407e-05 +2.460745407e-05 -2.231199754e+02 -2.231199754e+02 -4.0878e+00 -5.3949e-01 -2.3837e+00 -2.9697e+00 -6.8500e-01
85550 +1.270729487e-05 +1.270729487e-05 -2.231199873e+02 -2.231199873e+02 -4.0878e+00 -5.3949e-01 -2.3837e+00 -2.9697e+00 -6.8500e-01
85717 +7.722875750e-06 +7.722875750e-06 -2.231199923e+02 -2.231199923e+02 -4.0878e+00 -5.3949e-01 -2.3837e+00 -2.9697e+00 -6.8500e-01
85759 +3.608269338e-06 +3.608269338e-06 -2.231199964e+02 -2.231199964e+02 -4.0878e+00 -5.3949e-01 -2.3837e+00 -2.9697e+00 -6.8500e-01
86053 +2.367186028e-06 +2.367186028e-06 -2.231199976e+02 -2.231199976e+02 -4.0878e+00 -5.3949e-01 -2.3837e+00 -2.9697e+00 -6.8500e-01
86192 +1.334572971e-06 +1.334572971e-06 -2.231199987e+02 -2.231199987e+02 -4.0878e+00 -5.3949e-01 -2.3837e+00 -2.9697e+00 -6.8500e-01
86366 +8.634734456e-07 +8.634734456e-07 -2.231199991e+02 -2.231199991e+02 -4.0878e+00 -5.3949e-01 -2.3837e+00 -2.9697e+00 -6.8500e-01
86498 +6.259436987e-07 +6.259436987e-07 -2.231199994e+02 -2.231199994e+02 -4.0878e+00 -5.3949e-01 -2.3837e+00 -2.9697e+00 -6.8500e-01
86534 +3.496715237e-07 +3.496715237e-07 -2.231199997e+02 -2.231199997e+02 -4.0878e+00 -5.3949e-01 -2.3837e+00 -2.9697e+00 -6.8500e-01
86644 +2.176032297e-07 +2.176032297e-07 -2.231199998e+02 -2.231199998e+02 -4.0878e+00 -5.3949e-01 -2.3837e+00 -2.9697e+00 -6.8500e-01
86751 +1.487219947e-07 +1.487219947e-07 -2.231199999e+02 -2.231199999e+02 -4.0878e+00 -5.3949e-01 -2.3837e+00 -2.9697e+00 -6.8500e-01
86952 +8.902082982e-08 +8.902082982e-08 -2.231199999e+02 -2.231199999e+02 -4.0878e+00 -5.3949e-01 -2.3837e+00 -2.9697e+00 -6.8500e-01
87011 +2.427134405e-08 +2.427134405e-08 -2.231200000e+02 -2.231200000e+02 -4.0878e+00 -5.3949e-01 -2.3837e+00 -2.9697e+00 -6.8500e-01
87484 +1.566257879e-08 +1.566257879e-08 -2.231200000e+02 -2.231200000e+02 -4.0878e+00 -5.3949e-01 -2.3837e+00 -2.9697e+00 -6.8500e-01
87701 +8.197559964e-09 +8.197559964e-09 -2.231200000e+02 -2.231200000e+02 -4.0878e+00 -5.3949e-01 -2.3837e+00 -2.9697e+00 -6.8500e-01
87737 +4.353637451e-09 +4.353637451e-09 -2.231200000e+02 -2.231200000e+02 -4.0878e+00 -5.3949e-01 -2.3837e+00 -2.9697e+00 -6.8500e-01
% function evaluation | noise-free fitness - Fopt (-2.231200000000e+02) | best noise-free fitness - Fopt | measured fitness | best measured fitness | x1 | x2...
1 +1.767219073e+01 +1.767219073e+01 -2.054478093e+02 -2.054478093e+02 -3.3319e-01 +2.5025e+00 +4.4780e-01 -3.9986e-01 +1.5163e+00
2 +1.175043784e+01 +1.175043784e+01 -2.113695622e+02 -2.113695622e+02 -9.0847e-01 +4.2489e+00 +2.3451e+00 +2.3248e+00 +6.5373e-01
14 +7.299877697e+00 +7.299877697e+00 -2.158201223e+02 -2.158201223e+02 +2.2267e+00 +4.8482e+00 -9.3835e-01 -1.2025e+00 +2.4642e+00
34 +3.686676971e+00 +3.686676971e+00 -2.194333230e+02 -2.194333230e+02 +2.3960e+00 +2.6730e+00 -5.5928e+00 -2.6807e+00 -8.5527e-01
504 +1.687916477e+00 +1.687916477e+00 -2.214320835e+02 -2.214320835e+02 +4.8925e+00 +2.4412e+00 -3.9194e+00 -1.7079e+00 -8.1373e-01
1171 +1.474943414e+00 +1.474943414e+00 -2.216450566e+02 -2.216450566e+02 +4.9682e+00 +1.9886e+00 -4.6976e+00 -2.0264e+00 -3.6678e-01
1207 +6.734699586e-01 +6.734699586e-01 -2.224465300e+02 -2.224465300e+02 +4.8869e+00 +2.0332e+00 -4.6001e+00 -2.0090e+00 -3.5466e-01
1326 +5.788306508e-01 +5.788306508e-01 -2.225411693e+02 -2.225411693e+02 +4.9706e+00 +1.9836e+00 -4.6916e+00 -2.0129e+00 -3.6409e-01
1454 +3.906918692e-01 +3.906918692e-01 -2.227293081e+02 -2.227293081e+02 +4.9732e+00 +1.9850e+00 -4.6958e+00 -2.0183e+00 -3.6477e-01
1543 +2.510639254e-01 +2.510639254e-01 -2.228689361e+02 -2.228689361e+02 +4.9747e+00 +1.9840e+00 -4.6964e+00 -2.0180e+00 -3.6758e-01
12776 +1.379381214e-01 +1.379381214e-01 -2.229820619e+02 -2.229820619e+02 +3.2740e+00 +1.5757e-01 -2.4046e+00 +4.1541e+00 +1.3513e+00
43303 +8.789315804e-02 +8.789315804e-02 -2.230321068e+02 -2.230321068e+02 +3.6477e+00 +1.1860e+00 +5.1843e+00 -3.5774e-02 +3.6361e+00
43815 +6.305950725e-02 +6.305950725e-02 -2.230569405e+02 -2.230569405e+02 +3.6478e+00 +1.1858e+00 +5.1845e+00 -3.5494e-02 +3.6361e+00
72543 +3.776502333e-02 +3.776502333e-02 -2.230822350e+02 -2.230822350e+02 -3.8719e+00 -8.7508e-01 -2.6342e+00 -2.5301e-01 -3.7070e-01
72641 +1.609835790e-02 +1.609835790e-02 -2.231039016e+02 -2.231039016e+02 -3.8716e+00 -8.7489e-01 -2.6341e+00 -2.5311e-01 -3.7114e-01
72807 +1.557446350e-02 +1.557446350e-02 -2.231044255e+02 -2.231044255e+02 -3.8719e+00 -8.7485e-01 -2.6343e+00 -2.5326e-01 -3.7084e-01
73224 +5.169871445e-03 +5.169871445e-03 -2.231148301e+02 -2.231148301e+02 -3.8716e+00 -8.7485e-01 -2.6342e+00 -2.5315e-01 -3.7105e-01
73406 +3.827261306e-03 +3.827261306e-03 -2.231161727e+02 -2.231161727e+02 -3.8715e+00 -8.7484e-01 -2.6342e+00 -2.5321e-01 -3.7115e-01
73641 +1.889851855e-03 +1.889851855e-03 -2.231181101e+02 -2.231181101e+02 -3.8715e+00 -8.7482e-01 -2.6342e+00 -2.5325e-01 -3.7117e-01
73890 +1.143871678e-03 +1.143871678e-03 -2.231188561e+02 -2.231188561e+02 -3.8715e+00 -8.7483e-01 -2.6342e+00 -2.5322e-01 -3.7118e-01
74029 +8.261343026e-04 +8.261343026e-04 -2.231191739e+02 -2.231191739e+02 -3.8715e+00 -8.7483e-01 -2.6342e+00 -2.5322e-01 -3.7118e-01
74215 +6.264401750e-04 +6.264401750e-04 -2.231193736e+02 -2.231193736e+02 -3.8715e+00 -8.7483e-01 -2.6342e+00 -2.5322e-01 -3.7117e-01
74354 +3.938824558e-04 +3.938824558e-04 -2.231196061e+02 -2.231196061e+02 -3.8715e+00 -8.7483e-01 -2.6342e+00 -2.5322e-01 -3.7117e-01
74535 +2.434240402e-04 +2.434240402e-04 -2.231197566e+02 -2.231197566e+02 -3.8715e+00 -8.7483e-01 -2.6342e+00 -2.5322e-01 -3.7117e-01
74572 +1.572068363e-04 +1.572068363e-04 -2.231198428e+02 -2.231198428e+02 -3.8715e+00 -8.7483e-01 -2.6342e+00 -2.5323e-01 -3.7117e-01
74858 +9.636734254e-05 +9.636734254e-05 -2.231199036e+02 -2.231199036e+02 -3.8715e+00 -8.7483e-01 -2.6342e+00 -2.5322e-01 -3.7117e-01
75063 +6.014008721e-05 +6.014008721e-05 -2.231199399e+02 -2.231199399e+02 -3.8715e+00 -8.7483e-01 -2.6342e+00 -2.5322e-01 -3.7117e-01
75266 +3.118747981e-05 +3.118747981e-05 -2.231199688e+02 -2.231199688e+02 -3.8715e+00 -8.7483e-01 -2.6342e+00 -2.5322e-01 -3.7117e-01
75433 +2.144345632e-05 +2.144345632e-05 -2.231199786e+02 -2.231199786e+02 -3.8715e+00 -8.7483e-01 -2.6342e+00 -2.5322e-01 -3.7117e-01
75615 +1.236335092e-05 +1.236335092e-05 -2.231199876e+02 -2.231199876e+02 -3.8715e+00 -8.7483e-01 -2.6342e+00 -2.5322e-01 -3.7117e-01
75760 +9.707332367e-06 +9.707332367e-06 -2.231199903e+02 -2.231199903e+02 -3.8715e+00 -8.7483e-01 -2.6342e+00 -2.5322e-01 -3.7117e-01
75840 +5.329331458e-06 +5.329331458e-06 -2.231199947e+02 -2.231199947e+02 -3.8715e+00 -8.7483e-01 -2.6342e+00 -2.5322e-01 -3.7117e-01
76110 +3.455788629e-06 +3.455788629e-06 -2.231199965e+02 -2.231199965e+02 -3.8715e+00 -8.7483e-01 -2.6342e+00 -2.5322e-01 -3.7117e-01
76260 +2.161025236e-06 +2.161025236e-06 -2.231199978e+02 -2.231199978e+02 -3.8715e+00 -8.7483e-01 -2.6342e+00 -2.5322e-01 -3.7117e-01
76403 +6.531457473e-07 +6.531457473e-07 -2.231199993e+02 -2.231199993e+02 -3.8715e+00 -8.7483e-01 -2.6342e+00 -2.5322e-01 -3.7117e-01
76650 +5.765936351e-07 +5.765936351e-07 -2.231199994e+02 -2.231199994e+02 -3.8715e+00 -8.7483e-01 -2.6342e+00 -2.5322e-01 -3.7117e-01
76843 +3.134514657e-07 +3.134514657e-07 -2.231199997e+02 -2.231199997e+02 -3.8715e+00 -8.7483e-01 -2.6342e+00 -2.5322e-01 -3.7117e-01
77220 +2.383784761e-07 +2.383784761e-07 -2.231199998e+02 -2.231199998e+02 -3.8715e+00 -8.7483e-01 -2.6342e+00 -2.5322e-01 -3.7117e-01
77251 +1.371778637e-07 +1.371778637e-07 -2.231199999e+02 -2.231199999e+02 -3.8715e+00 -8.7483e-01 -2.6342e+00 -2.5322e-01 -3.7117e-01
77491 +9.498165809e-08 +9.498165809e-08 -2.231199999e+02 -2.231199999e+02 -3.8715e+00 -8.7483e-01 -2.6342e+00 -2.5322e-01 -3.7117e-01
77707 +5.495454047e-08 +5.495454047e-08 -2.231199999e+02 -2.231199999e+02 -3.8715e+00 -8.7483e-01 -2.6342e+00 -2.5322e-01 -3.7117e-01
77791 +2.366675744e-08 +2.366675744e-08 -2.231200000e+02 -2.231200000e+02 -3.8715e+00 -8.7483e-01 -2.6342e+00 -2.5322e-01 -3.7117e-01
78139 +1.458263910e-08 +1.458263910e-08 -2.231200000e+02 -2.231200000e+02 -3.8715e+00 -8.7483e-01 -2.6342e+00 -2.5322e-01 -3.7117e-01
78286 +8.944141427e-09 +8.944141427e-09 -2.231200000e+02 -2.231200000e+02 -3.8715e+00 -8.7483e-01 -2.6342e+00 -2.5322e-01 -3.7117e-01
78370 +3.845912033e-09 +3.845912033e-09 -2.231200000e+02 -2.231200000e+02 -3.8715e+00 -8.7483e-01 -2.6342e+00 -2.5322e-01 -3.7117e-01
% function evaluation | noise-free fitness - Fopt (-4.443000000000e+01) | best noise-free fitness - Fopt | measured fitness | best measured fitness | x1 | x2...
1 +2.214441556e+01 +2.214441556e+01 -2.228558444e+01 -2.228558444e+01 -1.1723e+00 -5.3482e-01 +2.7642e+00 +3.5211e+00 +3.7852e+00
3 +1.265946011e+01 +1.265946011e+01 -3.177053989e+01 -3.177053989e+01 +1.0091e+00 -1.0880e+00 +3.1470e-01 +4.5216e+00 +3.5947e+00
5 +9.518452340e+00 +9.518452340e+00 -3.491154766e+01 -3.491154766e+01 +2.8043e+00 -1.3929e+00 +1.4675e+00 -6.3245e-01 +3.8932e+00
78 +6.171019382e+00 +6.171019382e+00 -3.825898062e+01 -3.825898062e+01 +2.3742e+00 -3.3924e-01 +5.8393e-01 +2.9080e+00 +7.0213e-01
141 +3.798274620e+00 +3.798274620e+00 -4.063172538e+01 -4.063172538e+01 +2.4947e+00 -1.0521e+00 +2.0373e+00 -2.3081e+00 +2.5506e+00
430 +1.776046849e+00 +1.776046849e+00 -4.265395315e+01 -4.265395315e+01 +4.9858e+00 -3.7151e+00 -5.8187e-02 -3.3113e+00 -9.4788e-01
5136 +1.040943227e+00 +1.040943227e+00 -4.338905677e+01 -4.338905677e+01 -1.0981e+00 +1.6008e+00 -2.5319e-01 +1.1186e+00 +3.4400e+00
11509 +8.877701401e-01 +8.877701401e-01 -4.354222986e+01 -4.354222986e+01 -2.5208e+00 +2.5787e+00 -4.2871e+00 -7.3058e-01 +1.8390e+00
11582 +5.955028629e-01 +5.955028629e-01 -4.383449714e+01 -4.383449714e+01 -2.5243e+00 +2.5763e+00 -4.2894e+00 -7.2815e-01 +1.8392e+00
11728 +3.881878372e-01 +3.881878372e-01 -4.404181216e+01 -4.404181216e+01 -2.5252e+00 +2.5736e+00 -4.2917e+00 -7.2360e-01 +1.8397e+00
11867 +1.835169303e-01 +1.835169303e-01 -4.424648307e+01 -4.424648307e+01 -2.5235e+00 +2.5772e+00 -4.2901e+00 -7.2573e-01 +1.8408e+00
12028 +8.303588787e-02 +8.303588787e-02 -4.434696411e+01 -4.434696411e+01 -2.5263e+00 +2.5677e+00 -4.2890e+00 -7.2265e-01 +1.8438e+00
12315 +4.918169239e-02 +4.918169239e-02 -4.438081831e+01 -4.438081831e+01 -2.5295e+00 +2.5569e+00 -4.2877e+00 -7.1944e-01 +1.8476e+00
12378 +3.951967731e-02 +3.951967731e-02 -4.439048032e+01 -4.439048032e+01 -2.5295e+00 +2.5570e+00 -4.2879e+00 -7.1950e-01 +1.8476e+00
12465 +2.467983424e-02 +2.467983424e-02 -4.440532017e+01 -4.440532017e+01 -2.5297e+00 +2.5567e+00 -4.2882e+00 -7.1942e-01 +1.8477e+00
12592 +8.443473802e-03 +8.443473802e-03 -4.442155653e+01 -4.442155653e+01 -2.5300e+00 +2.5557e+00 -4.2882e+00 -7.1913e-01 +1.8481e+00
12648 +6.258586613e-03 +6.258586613e-03 -4.442374141e+01 -4.442374141e+01 -2.5298e+00 +2.5561e+00 -4.2881e+00 -7.1928e-01 +1.8480e+00
12754 +3.506832285e-03 +3.506832285e-03 -4.442649317e+01 -4.442649317e+01 -2.5300e+00 +2.5554e+00 -4.2881e+00 -7.1905e-01 +1.8483e+00
12901 +2.146571785e-03 +2.146571785e-03 -4.442785343e+01 -4.442785343e+01 -2.5300e+00 +2.5555e+00 -4.2880e+00 -7.1911e-01 +1.8482e+00
12977 +1.552832119e-03 +1.552832119e-03 -4.442844717e+01 -4.442844717e+01 -2.5300e+00 +2.5555e+00 -4.2880e+00 -7.1910e-01 +1.8482e+00
13102 +8.645991126e-04 +8.645991126e-04 -4.442913540e+01 -4.442913540e+01 -2.5300e+00 +2.5555e+00 -4.2881e+00 -7.1911e-01 +1.8482e+00
13128 +5.511404116e-04 +5.511404116e-04 -4.442944886e+01 -4.442944886e+01 -2.5300e+00 +2.5556e+00 -4.2881e+00 -7.1911e-01 +1.8482e+00
13211 +3.035684083e-04 +3.035684083e-04 -4.442969643e+01 -4.442969643e+01 -2.5300e+00 +2.5556e+00 -4.2880e+00 -7.1911e-01 +1.8482e+00
13314 +2.363169367e-04 +2.363169367e-04 -4.442976368e+01 -4.442976368e+01 -2.5300e+00 +2.5556e+00 -4.2880e+00 -7.1911e-01 +1.8482e+00
13409 +8.811219340e-05 +8.811219340e-05 -4.442991189e+01 -4.442991189e+01 -2.5300e+00 +2.5556e+00 -4.2880e+00 -7.1911e-01 +1.8482e+00
13475 +4.556012743e-05 +4.556012743e-05 -4.442995444e+01 -4.442995444e+01 -2.5300e+00 +2.5556e+00 -4.2880e+00 -7.1911e-01 +1.8482e+00
13582 +3.415482405e-05 +3.415482405e-05 -4.442996585e+01 -4.442996585e+01 -2.5300e+00 +2.5556e+00 -4.2880e+00 -7.1911e-01 +1.8482e+00
13617 +1.830468000e-05 +1.830468000e-05 -4.442998170e+01 -4.442998170e+01 -2.5300e+00 +2.5556e+00 -4.2880e+00 -7.1911e-01 +1.8482e+00
13629 +1.202992976e-05 +1.202992976e-05 -4.442998797e+01 -4.442998797e+01 -2.5300e+00 +2.5556e+00 -4.2880e+00 -7.1911e-01 +1.8482e+00
13794 +9.578433662e-06 +9.578433662e-06 -4.442999042e+01 -4.442999042e+01 -2.5300e+00 +2.5556e+00 -4.2880e+00 -7.1911e-01 +1.8482e+00
13874 +6.221144517e-06 +6.221144517e-06 -4.442999378e+01 -4.442999378e+01 -2.5300e+00 +2.5556e+00 -4.2880e+00 -7.1911e-01 +1.8482e+00
13879 +2.449942961e-06 +2.449942961e-06 -4.442999755e+01 -4.442999755e+01 -2.5300e+00 +2.5556e+00 -4.2880e+00 -7.1911e-01 +1.8482e+00
14062 +1.563781062e-06 +1.563781062e-06 -4.442999844e+01 -4.442999844e+01 -2.5300e+00 +2.5556e+00 -4.2880e+00 -7.1911e-01 +1.8482e+00
14080 +9.888369163e-07 +9.888369163e-07 -4.442999901e+01 -4.442999901e+01 -2.5300e+00 +2.5556e+00 -4.2880e+00 -7.1911e-01 +1.8482e+00
14200 +5.084649359e-07 +5.084649359e-07 -4.442999949e+01 -4.442999949e+01 -2.5300e+00 +2.5556e+00 -4.2880e+00 -7.1911e-01 +1.8482e+00
14260 +1.789914279e-07 +1.789914279e-07 -4.442999982e+01 -4.442999982e+01 -2.5300e+00 +2.5556e+00 -4.2880e+00 -7.1911e-01 +1.8482e+00
14411 +9.332251949e-08 +9.332251949e-08 -4.442999991e+01 -4.442999991e+01 -2.5300e+00 +2.5556e+00 -4.2880e+00 -7.1911e-01 +1.8482e+00
14551 +5.126794633e-08 +5.126794633e-08 -4.442999995e+01 -4.442999995e+01 -2.5300e+00 +2.5556e+00 -4.2880e+00 -7.1911e-01 +1.8482e+00
14618 +3.430426432e-08 +3.430426432e-08 -4.442999997e+01 -4.442999997e+01 -2.5300e+00 +2.5556e+00 -4.2880e+00 -7.1911e-01 +1.8482e+00
14731 +2.366482477e-08 +2.366482477e-08 -4.442999998e+01 -4.442999998e+01 -2.5300e+00 +2.5556e+00 -4.2880e+00 -7.1911e-01 +1.8482e+00
14772 +1.472216837e-08 +1.472216837e-08 -4.442999999e+01 -4.442999999e+01 -2.5300e+00 +2.5556e+00 -4.2880e+00 -7.1911e-01 +1.8482e+00
14853 +7.504766586e-09 +7.504766586e-09 -4.442999999e+01 -4.442999999e+01 -2.5300e+00 +2.5556e+00 -4.2880e+00 -7.1911e-01 +1.8482e+00
14864 +4.209475435e-09 +4.209475435e-09 -4.443000000e+01 -4.443000000e+01 -2.5300e+00 +2.5556e+00 -4.2880e+00 -7.1911e-01 +1.8482e+00
% function evaluation | noise-free fitness - Fopt (-4.443000000000e+01) | best noise-free fitness - Fopt | measured fitness | best measured fitness | x1 | x2...
1 +2.307855771e+01 +2.307855771e+01 -2.135144229e+01 -2.135144229e+01 -8.6160e-01 -8.0855e-01 -3.9202e+00 +3.3703e+00 +1.4661e+00
3 +9.357138376e+00 +9.357138376e+00 -3.507286162e+01 -3.507286162e+01 -1.4557e+00 -1.6092e+00 -3.3910e+00 +5.0929e+00 +5.1178e+00
42 +5.139243178e+00 +5.139243178e+00 -3.929075682e+01 -3.929075682e+01 -9.7112e-01 +1.8587e+00 -3.0080e+00 +1.3948e+00 +8.3239e-01
291 +1.861552544e+00 +1.861552544e+00 -4.256844746e+01 -4.256844746e+01 -1.6556e+00 +5.5034e-01 -1.3029e+00 +6.1497e-01 +1.8367e+00
1520 +1.322305976e+00 +1.322305976e+00 -4.310769402e+01 -4.310769402e+01 -3.3283e+00 +5.1667e-01 -1.1502e+00 -7.2139e-01 +1.3335e+00
1695 +9.854902110e-01 +9.854902110e-01 -4.344450979e+01 -4.344450979e+01 -3.3299e+00 +5.1823e-01 -1.1541e+00 -7.1981e-01 +1.3295e+00
15802 +2.842196655e-01 +2.842196655e-01 -4.414578033e+01 -4.414578033e+01 -2.4038e+00 -3.9961e+00 -3.6787e+00 -6.5853e-01 -1.5725e+00
16015 +2.416576803e-01 +2.416576803e-01 -4.418834232e+01 -4.418834232e+01 -2.4055e+00 -3.9972e+00 -3.6801e+00 -6.5894e-01 -1.5747e+00
16030 +1.471210939e-01 +1.471210939e-01 -4.428287891e+01 -4.428287891e+01 -2.4068e+00 -3.9965e+00 -3.6814e+00 -6.5875e-01 -1.5758e+00
16105 +9.658496876e-02 +9.658496876e-02 -4.433341503e+01 -4.433341503e+01 -2.4085e+00 -3.9990e+00 -3.6827e+00 -6.5787e-01 -1.5763e+00
16273 +5.901046593e-02 +5.901046593e-02 -4.437098953e+01 -4.437098953e+01 -2.4083e+00 -3.9979e+00 -3.6828e+00 -6.5825e-01 -1.5769e+00
38030 +3.788975350e-02 +3.788975350e-02 -4.439211025e+01 -4.439211025e+01 -2.0383e+00 +2.8076e+00 -8.2133e-01 +2.1113e+00 +2.2485e+00
38044 +4.733272957e-03 +4.733272957e-03 -4.442526673e+01 -4.442526673e+01 -2.0361e+00 +2.8142e+00 -8.2157e-01 +2.1093e+00 +2.2462e+00
38233 +3.443066993e-03 +3.443066993e-03 -4.442655693e+01 -4.442655693e+01 -2.0361e+00 +2.8141e+00 -8.2153e-01 +2.1094e+00 +2.2463e+00
38385 +1.984578097e-03 +1.984578097e-03 -4.442801542e+01 -4.442801542e+01 -2.0362e+00 +2.8140e+00 -8.2155e-01 +2.1094e+00 +2.2463e+00
38410 +1.450499793e-03 +1.450499793e-03 -4.442854950e+01 -4.442854950e+01 -2.0361e+00 +2.8142e+00 -8.2155e-01 +2.1093e+00 +2.2462e+00
38613 +9.000181873e-04 +9.000181873e-04 -4.442909998e+01 -4.442909998e+01 -2.0361e+00 +2.8142e+00 -8.2155e-01 +2.1093e+00 +2.2463e+00
38666 +6.056989666e-04 +6.056989666e-04 -4.442939430e+01 -4.442939430e+01 -2.0362e+00 +2.8141e+00 -8.2155e-01 +2.1094e+00 +2.2463e+00
38725 +3.331503986e-04 +3.331503986e-04 -4.442966685e+01 -4.442966685e+01 -2.0362e+00 +2.8141e+00 -8.2155e-01 +2.1094e+00 +2.2463e+00
38820 +1.904348994e-04 +1.904348994e-04 -4.442980957e+01 -4.442980957e+01 -2.0362e+00 +2.8141e+00 -8.2155e-01 +2.1094e+00 +2.2463e+00
38871 +1.421896303e-04 +1.421896303e-04 -4.442985781e+01 -4.442985781e+01 -2.0362e+00 +2.8141e+00 -8.2155e-01 +2.1094e+00 +2.2463e+00
39009 +9.564534390e-05 +9.564534390e-05 -4.442990435e+01 -4.442990435e+01 -2.0362e+00 +2.8141e+00 -8.2155e-01 +2.1094e+00 +2.2463e+00
39055 +6.169182426e-05 +6.169182426e-05 -4.442993831e+01 -4.442993831e+01 -2.0362e+00 +2.8141e+00 -8.2155e-01 +2.1094e+00 +2.2463e+00
39120 +3.167595256e-05 +3.167595256e-05 -4.442996832e+01 -4.442996832e+01 -2.0362e+00 +2.8141e+00 -8.2155e-01 +2.1094e+00 +2.2463e+00
39141 +2.259552425e-05 +2.259552425e-05 -4.442997740e+01 -4.442997740e+01 -2.0362e+00 +2.8141e+00 -8.2155e-01 +2.1094e+00 +2.2463e+00
39207 +1.053113903e-05 +1.053113903e-05 -4.442998947e+01 -4.442998947e+01 -2.0362e+00 +2.8141e+00 -8.2155e-01 +2.1094e+00 +2.2463e+00
39266 +9.333736031e-06 +9.333736031e-06 -4.442999067e+01 -4.442999067e+01 -2.0362e+00 +2.8141e+00 -8.2155e-01 +2.1094e+00 +2.2463e+00
39346 +5.771046204e-06 +5.771046204e-06 -4.442999423e+01 -4.442999423e+01 -2.0362e+00 +2.8141e+00 -8.2155e-01 +2.1094e+00 +2.2463e+00
39447 +3.321640470e-06 +3.321640470e-06 -4.442999668e+01 -4.442999668e+01 -2.0362e+00 +2.8141e+00 -8.2155e-01 +2.1094e+00 +2.2463e+00
39474 +1.527976288e-06 +1.527976288e-06 -4.442999847e+01 -4.442999847e+01 -2.0362e+00 +2.8141e+00 -8.2155e-01 +2.1094e+00 +2.2463e+00
39585 +6.773228165e-07 +6.773228165e-07 -4.442999932e+01 -4.442999932e+01 -2.0362e+00 +2.8141e+00 -8.2155e-01 +2.1094e+00 +2.2463e+00
39613 +5.213825176e-07 +5.213825176e-07 -4.442999948e+01 -4.442999948e+01 -2.0362e+00 +2.8141e+00 -8.2155e-01 +2.1094e+00 +2.2463e+00
39655 +3.848531520e-07 +3.848531520e-07 -4.442999962e+01 -4.442999962e+01 -2.0362e+00 +2.8141e+00 -8.2155e-01 +2.1094e+00 +2.2463e+00
39710 +2.253478968e-07 +2.253478968e-07 -4.442999977e+01 -4.442999977e+01 -2.0362e+00 +2.8141e+00 -8.2155e-01 +2.1094e+00 +2.2463e+00
39738 +1.307711841e-07 +1.307711841e-07 -4.442999987e+01 -4.442999987e+01 -2.0362e+00 +2.8141e+00 -8.2155e-01 +2.1094e+00 +2.2463e+00
39770 +8.701547216e-08 +8.701547216e-08 -4.442999991e+01 -4.442999991e+01 -2.0362e+00 +2.8141e+00 -8.2155e-01 +2.1094e+00 +2.2463e+00
39817 +5.750617049e-08 +5.750617049e-08 -4.442999994e+01 -4.442999994e+01 -2.0362e+00 +2.8141e+00 -8.2155e-01 +2.1094e+00 +2.2463e+00
39869 +3.789072167e-08 +3.789072167e-08 -4.442999996e+01 -4.442999996e+01 -2.0362e+00 +2.8141e+00 -8.2155e-01 +2.1094e+00 +2.2463e+00
39890 +2.091653784e-08 +2.091653784e-08 -4.442999998e+01 -4.442999998e+01 -2.0362e+00 +2.8141e+00 -8.2155e-01 +2.1094e+00 +2.2463e+00
39940 +1.175997255e-08 +1.175997255e-08 -4.442999999e+01 -4.442999999e+01 -2.0362e+00 +2.8141e+00 -8.2155e-01 +2.1094e+00 +2.2463e+00
40023 +8.863608514e-09 +8.863608514e-09 -4.442999999e+01 -4.442999999e+01 -2.0362e+00 +2.8141e+00 -8.2155e-01 +2.1094e+00 +2.2463e+00
40036 +4.904521234e-09 +4.904521234e-09 -4.443000000e+01 -4.443000000e+01 -2.0362e+00 +2.8141e+00 -8.2155e-01 +2.1094e+00 +2.2463e+00
% function evaluation | noise-free fitness - Fopt (-4.443000000000e+01) | best noise-free fitness - Fopt | measured fitness | best measured fitness | x1 | x2...
1 +3.596559459e+01 +3.596559459e+01 -8.464405411e+00 -8.464405411e+00 +6.8593e-01 +3.8102e+00 +1.2763e+00 +9.9412e-01 +2.0481e+00
2 +1.318198167e+01 +1.318198167e+01 -3.124801833e+01 -3.124801833e+01 +3.6099e+00 +2.8554e+00 -1.9839e+00 +1.8327e+00 -1.3967e+00
4 +9.439204848e+00 +9.439204848e+00 -3.499079515e+01 -3.499079515e+01 +2.6132e+00 +4.2830e+00 +7.0211e+00 +3.0673e-01 +2.9609e+00
75 +3.480879799e+00 +3.480879799e+00 -4.094912020e+01 -4.094912020e+01 +2.7045e+00 +2.3934e+00 -4.8062e+00 +2.7388e+00 +9.2641e-02
125 +2.263385278e+00 +2.263385278e+00 -4.216661472e+01 -4.216661472e+01 +3.0712e+00 +3.1803e+00 -9.1054e-01 -5.3173e-01 -1.2691e+00
1407 +1.545781681e+00 +1.545781681e+00 -4.288421832e+01 -4.288421832e+01 +1.9591e+00 +2.5096e+00 -3.3685e+00 -1.0092e+00 -1.9436e+00
1435 +9.851710335e-01 +9.851710335e-01 -4.344482897e+01 -4.344482897e+01 +1.9504e+00 +2.4962e+00 -3.3690e+00 -1.0000e+00 -1.9471e+00
1646 +6.122750822e-01 +6.122750822e-01 -4.381772492e+01 -4.381772492e+01 +1.9613e+00 +2.4989e+00 -3.3566e+00 -1.0022e+00 -1.9375e+00
38090 +3.921694158e-01 +3.921694158e-01 -4.403783058e+01 -4.403783058e+01 -1.1257e+00 +1.8782e+00 +3.6818e+00 -5.6068e-01 -3.0885e+00
80586 +2.372081139e-01 +2.372081139e-01 -4.419279189e+01 -4.419279189e+01 -3.5081e+00 -2.6480e+00 +5.0858e-01 +2.9087e-01 -1.7017e+00
131763 +1.583592552e-01 +1.583592552e-01 -4.427164074e+01 -4.427164074e+01 +1.4554e+00 +2.8897e+00 -2.8500e+00 -2.9577e+00 +3.7267e-01
132223 +9.542123634e-02 +9.542123634e-02 -4.433457876e+01 -4.433457876e+01 +1.4581e+00 +2.8982e+00 -2.8501e+00 -2.9602e+00 +3.6957e-01
132798 +5.594528922e-02 +5.594528922e-02 -4.437405471e+01 -4.437405471e+01 +1.4616e+00 +2.9057e+00 -2.8488e+00 -2.9626e+00 +3.6811e-01
132976 +3.724785826e-02 +3.724785826e-02 -4.439275214e+01 -4.439275214e+01 +1.4620e+00 +2.9071e+00 -2.8490e+00 -2.9629e+00 +3.6755e-01
133405 +2.510458111e-02 +2.510458111e-02 -4.440489542e+01 -4.440489542e+01 +1.4622e+00 +2.9091e+00 -2.8497e+00 -2.9636e+00 +3.6649e-01
133957 +1.506034955e-02 +1.506034955e-02 -4.441493965e+01 -4.441493965e+01 +1.4620e+00 +2.9078e+00 -2.8495e+00 -2.9632e+00 +3.6706e-01
134086 +7.750846322e-03 +7.750846322e-03 -4.442224915e+01 -4.442224915e+01 +1.4621e+00 +2.9084e+00 -2.8496e+00 -2.9634e+00 +3.6673e-01
134255 +5.952293993e-03 +5.952293993e-03 -4.442404771e+01 -4.442404771e+01 +1.4620e+00 +2.9082e+00 -2.8496e+00 -2.9633e+00 +3.6681e-01
134789 +3.816851705e-03 +3.816851705e-03 -4.442618315e+01 -4.442618315e+01 +1.4620e+00 +2.9081e+00 -2.8496e+00 -2.9633e+00 +3.6689e-01
134937 +2.250685998e-03 +2.250685998e-03 -4.442774931e+01 -4.442774931e+01 +1.4621e+00 +2.9082e+00 -2.8496e+00 -2.9633e+00 +3.6685e-01
135131 +1.417160116e-03 +1.417160116e-03 -4.442858284e+01 -4.442858284e+01 +1.4621e+00 +2.9082e+00 -2.8496e+00 -2.9633e+00 +3.6684e-01
135553 +7.197989695e-04 +7.197989695e-04 -4.442928020e+01 -4.442928020e+01 +1.4621e+00 +2.9082e+00 -2.8496e+00 -2.9633e+00 +3.6685e-01
135836 +6.126882896e-04 +6.126882896e-04 -4.442938731e+01 -4.442938731e+01 +1.4620e+00 +2.9082e+00 -2.8496e+00 -2.9633e+00 +3.6686e-01
135917 +3.674924510e-04 +3.674924510e-04 -4.442963251e+01 -4.442963251e+01 +1.4621e+00 +2.9082e+00 -2.8496e+00 -2.9633e+00 +3.6684e-01
136317 +2.382412171e-04 +2.382412171e-04 -4.442976176e+01 -4.442976176e+01 +1.4621e+00 +2.9082e+00 -2.8496e+00 -2.9633e+00 +3.6684e-01
136460 +1.559759840e-04 +1.559759840e-04 -4.442984402e+01 -4.442984402e+01 +1.4621e+00 +2.9082e+00 -2.8496e+00 -2.9633e+00 +3.6684e-01
136833 +7.610244820e-05 +7.610244820e-05 -4.442992390e+01 -4.442992390e+01 +1.4621e+00 +2.9082e+00 -2.8496e+00 -2.9633e+00 +3.6684e-01
136864 +5.291271015e-05 +5.291271015e-05 -4.442994709e+01 -4.442994709e+01 +1.4621e+00 +2.9082e+00 -2.8496e+00 -2.9633e+00 +3.6684e-01
137205 +3.658860530e-05 +3.658860530e-05 -4.442996341e+01 -4.442996341e+01 +1.4621e+00 +2.9082e+00 -2.8496e+00 -2.9633e+00 +3.6684e-01
137621 +2.406995665e-05 +2.406995665e-05 -4.442997593e+01 -4.442997593e+01 +1.4621e+00 +2.9082e+00 -2.8496e+00 -2.9633e+00 +3.6684e-01
137844 +1.128806255e-05 +1.128806255e-05 -4.442998871e+01 -4.442998871e+01 +1.4621e+00 +2.9082e+00 -2.8496e+00 -2.9633e+00 +3.6684e-01
137941 +7.848796649e-06 +7.848796649e-06 -4.442999215e+01 -4.442999215e+01 +1.4621e+00 +2.9082e+00 -2.8496e+00 -2.9633e+00 +3.6684e-01
138366 +4.660143901e-06 +4.660143901e-06 -4.442999534e+01 -4.442999534e+01 +1.4621e+00 +2.9082e+00 -2.8496e+00 -2.9633e+00 +3.6684e-01
138632 +3.619615377e-06 +3.619615377e-06 -4.442999638e+01 -4.442999638e+01 +1.4621e+00 +2.9082e+00 -2.8496e+00 -2.9633e+00 +3.6684e-01
138912 +2.457750604e-06 +2.457750604e-06 -4.442999754e+01 -4.442999754e+01 +1.4621e+00 +2.9082e+00 -2.8496e+00 -2.9633e+00 +3.6684e-01
139127 +7.738840893e-07 +7.738840893e-07 -4.442999923e+01 -4.442999923e+01 +1.4621e+00 +2.9082e+00 -2.8496e+00 -2.9633e+00 +3.6684e-01
139631 +5.477089928e-07 +5.477089928e-07 -4.442999945e+01 -4.442999945e+01 +1.4621e+00 +2.9082e+00 -2.8496e+00 -2.9633e+00 +3.6684e-01
139812 +3.662021442e-07 +3.662021442e-07 -4.442999963e+01 -4.442999963e+01 +1.4621e+00 +2.9082e+00 -2.8496e+00 -2.9633e+00 +3.6684e-01
139930 +1.625347110e-07 +1.625347110e-07 -4.442999984e+01 -4.442999984e+01 +1.4621e+00 +2.9082e+00 -2.8496e+00 -2.9633e+00 +3.6684e-01
140249 +1.379382937e-07 +1.379382937e-07 -4.442999986e+01 -4.442999986e+01 +1.4621e+00 +2.9082e+00 -2.8496e+00 -2.9633e+00 +3.6684e-01
140351 +9.527323641e-08 +9.527323641e-08 -4.442999990e+01 -4.442999990e+01 +1.4621e+00 +2.9082e+00 -2.8496e+00 -2.9633e+00 +3.6684e-01
140673 +6.012653131e-08 +6.012653131e-08 -4.442999994e+01 -4.442999994e+01 +1.4621e+00 +2.9082e+00 -2.8496e+00 -2.9633e+00 +3.6684e-01
141168 +3.322827524e-08 +3.322827524e-08 -4.442999997e+01 -4.442999997e+01 +1.4621e+00 +2.9082e+00 -2.8496e+00 -2.9633e+00 +3.6684e-01
141235 +2.180608050e-08 +2.180608050e-08 -4.442999998e+01 -4.442999998e+01 +1.4621e+00 +2.9082e+00 -2.8496e+00 -2.9633e+00 +3.6684e-01
141465 +1.344484701e-08 +1.344484701e-08 -4.442999999e+01 -4.442999999e+01 +1.4621e+00 +2.9082e+00 -2.8496e+00 -2.9633e+00 +3.6684e-01
141476 +7.067583851e-09 +7.067583851e-09 -4.442999999e+01 -4.442999999e+01 +1.4621e+00 +2.9082e+00 -2.8496e+00 -2.9633e+00 +3.6684e-01
141504 +3.607247834e-09 +3.607247834e-09 -4.443000000e+01 -4.443000000e+01 +1.4621e+00 +2.9082e+00 -2.8496e+00 -2.9633e+00 +3.6684e-01
141679 +1.985839049e-09 +1.985839049e-09 -4.443000000e+01 -4.443000000e+01 +1.4621e+00 +2.9082e+00 -2.8496e+00 -2.9633e+00 +3.6684e-01
