% function evaluation | noise-free fitness - Fopt (2.997000000000e+01) | best noise-free fitness - Fopt | measured fitness | best measured fitness | x1 | x2...
1 +1.685712696e+01 +1.685712696e+01 +4.682712696e+01 +4.682712696e+01 +1.3388e+00 -3.6125e-02
15 +1.105416290e+01 +1.105416290e+01 +4.102416290e+01 +4.102416290e+01 +1.4178e+00 -2.3968e-02
64 +6.667747844e+00 +6.667747844e+00 +3.663774784e+01 +3.663774784e+01 +1.3919e+00 -5.3378e-02
89 +5.748431556e+00 +5.748431556e+00 +3.571843156e+01 +3.571843156e+01 +1.4223e+00 +8.8499e-02
144 +3.835952128e+00 +3.835952128e+00 +3.380595213e+01 +3.380595213e+01 +1.3582e+00 -1.3117e-01
209 +2.449674020e+00 +2.449674020e+00 +3.241967402e+01 +3.241967402e+01 +1.2519e+00 -4.7822e-01
234 +1.573924663e+00 +1.573924663e+00 +3.154392466e+01 +3.154392466e+01 +1.0750e+00 -1.0403e+00
240 +8.699956142e-01 +8.699956142e-01 +3.083999561e+01 +3.083999561e+01 +1.0711e+00 -1.0674e+00
267 +4.166724058e-01 +4.166724058e-01 +3.038667241e+01 +3.038667241e+01 +7.5852e-01 -2.0783e+00
270 +3.068693503e-01 +3.068693503e-01 +3.027686935e+01 +3.027686935e+01 +9.4799e-01 -1.4619e+00
286 +8.290804467e-02 +8.290804467e-02 +3.005290804e+01 +3.005290804e+01 +8.3200e-01 -1.8412e+00
292 +5.214560656e-02 +5.214560656e-02 +3.002214561e+01 +3.002214561e+01 +8.4772e-01 -1.7903e+00
312 +3.392683291e-02 +3.392683291e-02 +3.000392683e+01 +3.000392683e+01 +8.4236e-01 -1.8080e+00
332 +2.060031342e-02 +2.060031342e-02 +2.999060031e+01 +2.999060031e+01 +8.4580e-01 -1.7969e+00
366 +1.499073745e-02 +1.499073745e-02 +2.998499074e+01 +2.998499074e+01 +8.4550e-01 -1.7980e+00
456 +9.913471612e-03 +9.913471612e-03 +2.997991347e+01 +2.997991347e+01 +8.4967e-01 -1.7844e+00
519 +6.215455191e-03 +6.215455191e-03 +2.997621546e+01 +2.997621546e+01 +8.5569e-01 -1.7648e+00
534 +3.799331942e-03 +3.799331942e-03 +2.997379933e+01 +2.997379933e+01 +8.5940e-01 -1.7528e+00
536 +1.211816827e-03 +1.211816827e-03 +2.997121182e+01 +2.997121182e+01 +8.6731e-01 -1.7271e+00
553 +3.047736492e-04 +3.047736492e-04 +2.997030477e+01 +2.997030477e+01 +8.7456e-01 -1.7035e+00
566 +1.022074982e-04 +1.022074982e-04 +2.997010221e+01 +2.997010221e+01 +8.7461e-01 -1.7033e+00
594 +5.604169503e-05 +5.604169503e-05 +2.997005604e+01 +2.997005604e+01 +8.7324e-01 -1.7078e+00
643 +2.826552757e-05 +2.826552757e-05 +2.997002827e+01 +2.997002827e+01 +8.7416e-01 -1.7048e+00
651 +1.128082043e-05 +1.128082043e-05 +2.997001128e+01 +2.997001128e+01 +8.7502e-01 -1.7020e+00
698 +6.697102766e-06 +6.697102766e-06 +2.997000670e+01 +2.997000670e+01 +8.7379e-01 -1.7060e+00
704 +3.784939103e-06 +3.784939103e-06 +2.997000378e+01 +2.997000378e+01 +8.7445e-01 -1.7039e+00
706 +2.339340732e-06 +2.339340732e-06 +2.997000234e+01 +2.997000234e+01 +8.7430e-01 -1.7043e+00
724 +1.323621071e-06 +1.323621071e-06 +2.997000132e+01 +2.997000132e+01 +8.7455e-01 -1.7035e+00
749 +2.958669931e-07 +2.958669931e-07 +2.997000030e+01 +2.997000030e+01 +8.7453e-01 -1.7036e+00
923 +2.168160549e-07 +2.168160549e-07 +2.997000022e+01 +2.997000022e+01 +8.7451e-01 -1.7037e+00
931 +1.413768409e-07 +1.413768409e-07 +2.997000014e+01 +2.997000014e+01 +8.7448e-01 -1.7038e+00
939 +8.212917280e-08 +8.212917280e-08 +2.997000008e+01 +2.997000008e+01 +8.7444e-01 -1.7039e+00
946 +1.696443874e-08 +1.696443874e-08 +2.997000002e+01 +2.997000002e+01 +8.7438e-01 -1.7041e+00
955 +8.732772727e-09 +8.732772727e-09 +2.997000001e+01 +2.997000001e+01 +8.7438e-01 -1.7041e+00
% function evaluation | noise-free fitness - Fopt (2.997000000000e+01) | best noise-free fitness - Fopt | measured fitness | best measured fitness | x1 | x2...
1 +7.419589875e+02 +7.419589875e+02 +7.719289875e+02 +7.719289875e+02 -1.7104e+00 -9.0718e-01
2 +1.855489000e+02 +1.855489000e+02 +2.155189000e+02 +2.155189000e+02 -4.2268e-01 -3.5934e+00
3 +9.609519774e+01 +9.609519774e+01 +1.260651977e+02 +1.260651977e+02 +7.0780e-01 -1.0439e+00
12 +3.744803993e+01 +3.744803993e+01 +6.741803993e+01 +6.741803993e+01 +3.7856e-01 -3.7060e+00
44 +7.489622531e+00 +7.489622531e+00 +3.745962253e+01 +3.745962253e+01 +1.2351e+00 -6.0352e-01
73 +1.435408225e+00 +1.435408225e+00 +3.140540822e+01 +3.140540822e+01 +1.1689e+00 -7.4677e-01
196 +9.614383078e-01 +9.614383078e-01 +3.093143831e+01 +3.093143831e+01 +9.6040e-01 -1.4137e+00
254 +6.022882365e-02 +6.022882365e-02 +3.003022882e+01 +3.003022882e+01 +8.5876e-01 -1.7542e+00
298 +2.833925528e-02 +2.833925528e-02 +2.999833926e+01 +2.999833926e+01 +8.4581e-01 -1.7968e+00
301 +2.105276542e-02 +2.105276542e-02 +2.999105277e+01 +2.999105277e+01 +8.4546e-01 -1.7982e+00
380 +1.580551016e-02 +1.580551016e-02 +2.998580551e+01 +2.998580551e+01 +8.4458e-01 -1.8010e+00
436 +8.309316156e-03 +8.309316156e-03 +2.997830932e+01 +2.997830932e+01 +8.5222e-01 -1.7761e+00
471 +4.993558981e-03 +4.993558981e-03 +2.997499356e+01 +2.997499356e+01 +8.6059e-01 -1.7489e+00
476 +3.830368188e-03 +3.830368188e-03 +2.997383037e+01 +2.997383037e+01 +8.6238e-01 -1.7431e+00
490 +2.418598602e-03 +2.418598602e-03 +2.997241860e+01 +2.997241860e+01 +8.6726e-01 -1.7272e+00
491 +1.581876385e-03 +1.581876385e-03 +2.997158188e+01 +2.997158188e+01 +8.6796e-01 -1.7249e+00
497 +7.586196628e-05 +7.586196628e-05 +2.997007586e+01 +2.997007586e+01 +8.7280e-01 -1.7092e+00
585 +2.759826983e-05 +2.759826983e-05 +2.997002760e+01 +2.997002760e+01 +8.7367e-01 -1.7064e+00
625 +9.648628616e-06 +9.648628616e-06 +2.997000965e+01 +2.997000965e+01 +8.7505e-01 -1.7019e+00
662 +3.097697860e-06 +3.097697860e-06 +2.997000310e+01 +2.997000310e+01 +8.7441e-01 -1.7040e+00
664 +1.906070690e-06 +1.906070690e-06 +2.997000191e+01 +2.997000191e+01 +8.7432e-01 -1.7042e+00
700 +2.195282640e-07 +2.195282640e-07 +2.997000022e+01 +2.997000022e+01 +8.7437e-01 -1.7041e+00
751 +1.370086977e-07 +1.370086977e-07 +2.997000014e+01 +2.997000014e+01 +8.7437e-01 -1.7041e+00
798 +9.720502092e-08 +9.720502092e-08 +2.997000010e+01 +2.997000010e+01 +8.7435e-01 -1.7042e+00
825 +4.810751975e-08 +4.810751975e-08 +2.997000005e+01 +2.997000005e+01 +8.7435e-01 -1.7042e+00
839 +3.538710658e-08 +3.538710658e-08 +2.997000004e+01 +2.997000004e+01 +8.7435e-01 -1.7042e+00
893 +1.753713974e-08 +1.753713974e-08 +2.997000002e+01 +2.997000002e+01 +8.7437e-01 -1.7041e+00
935 +1.546675321e-08 +1.546675321e-08 +2.997000002e+01 +2.997000002e+01 +8.7437e-01 -1.7041e+00
940 +7.764249688e-09 +7.764249688e-09 +2.997000001e+01 +2.997000001e+01 +8.7438e-01 -1.7041e+00
% function evaluation | noise-free fitness - Fopt (2.997000000000e+01) | best noise-free fitness - Fopt | measured fitness | best measured fitness | x1 | x2...
1 +5.616559633e+02 +5.616559633e+02 +5.916259633e+02 +5.916259633e+02 -3.9509e-01 +9.0736e-01
2 +1.569466033e+02 +1.569466033e+02 +1.869166033e+02 +1.869166033e+02 +1.3843e+00 -2.0253e+00
6 +9.424150022e+00 +9.424150022e+00 +3.939415002e+01 +3.939415002e+01 +8.1265e-01 -2.0222e+00
115 +2.220244766e+00 +2.220244766e+00 +3.219024477e+01 +3.219024477e+01 +1.0471e+00 -1.1209e+00
194 +1.199610492e+00 +1.199610492e+00 +3.116961049e+01 +3.116961049e+01 +8.1685e-01 -1.9056e+00
212 +2.517130948e-01 +2.517130948e-01 +3.022171309e+01 +3.022171309e+01 +9.8193e-01 -1.3535e+00
256 +1.490638274e-01 +1.490638274e-01 +3.011906383e+01 +3.011906383e+01 +8.7801e-01 -1.6942e+00
270 +3.993874973e-02 +3.993874973e-02 +3.000993875e+01 +3.000993875e+01 +8.6236e-01 -1.7436e+00
294 +3.693864645e-02 +3.693864645e-02 +3.000693865e+01 +3.000693865e+01 +9.0388e-01 -1.6078e+00
315 +2.015856312e-02 +2.015856312e-02 +2.999015856e+01 +2.999015856e+01 +8.9140e-01 -1.6489e+00
323 +7.469664582e-03 +7.469664582e-03 +2.997746966e+01 +2.997746966e+01 +8.9037e-01 -1.6520e+00
330 +9.008767554e-04 +9.008767554e-04 +2.997090088e+01 +2.997090088e+01 +8.8169e-01 -1.6803e+00
390 +1.964323894e-04 +1.964323894e-04 +2.997019643e+01 +2.997019643e+01 +8.7529e-01 -1.7011e+00
419 +1.327184161e-04 +1.327184161e-04 +2.997013272e+01 +2.997013272e+01 +8.7232e-01 -1.7108e+00
447 +9.889981022e-05 +9.889981022e-05 +2.997009890e+01 +2.997009890e+01 +8.7428e-01 -1.7044e+00
487 +4.326109387e-05 +4.326109387e-05 +2.997004326e+01 +2.997004326e+01 +8.7315e-01 -1.7081e+00
504 +4.625245889e-06 +4.625245889e-06 +2.997000463e+01 +2.997000463e+01 +8.7435e-01 -1.7042e+00
578 +4.449619020e-07 +4.449619020e-07 +2.997000044e+01 +2.997000044e+01 +8.7433e-01 -1.7042e+00
674 +2.676155759e-07 +2.676155759e-07 +2.997000027e+01 +2.997000027e+01 +8.7453e-01 -1.7036e+00
701 +2.442196987e-07 +2.442196987e-07 +2.997000024e+01 +2.997000024e+01 +8.7452e-01 -1.7036e+00
723 +1.396087939e-07 +1.396087939e-07 +2.997000014e+01 +2.997000014e+01 +8.7448e-01 -1.7038e+00
728 +5.760145783e-08 +5.760145783e-08 +2.997000006e+01 +2.997000006e+01 +8.7446e-01 -1.7038e+00
800 +3.341967059e-08 +3.341967059e-08 +2.997000003e+01 +2.997000003e+01 +8.7439e-01 -1.7040e+00
813 +3.920035851e-09 +3.920035851e-09 +2.997000000e+01 +2.997000000e+01 +8.7439e-01 -1.7040e+00
% function evaluation | noise-free fitness - Fopt (-5.171000000000e+01) | best noise-free fitness - Fopt | measured fitness | best measured fitness | x1 | x2...
1 +5.047112703e+02 +5.047112703e+02 +4.530012703e+02 +4.530012703e+02 +2.7692e+00 -4.1046e-01
7 +1.340318627e+02 +1.340318627e+02 +8.232186275e+01 +8.232186275e+01 +1.0866e+00 +6.0102e-01
9 +4.929341600e+01 +4.929341600e+01 -2.416584000e+00 -2.416584000e+00 +1.9630e+00 +2.8650e+00
18 +3.792388790e+01 +3.792388790e+01 -1.378611210e+01 -1.378611210e+01 +3.6202e+00 +4.5109e+00
39 +5.337702129e+00 +5.337702129e+00 -4.637229787e+01 -4.637229787e+01 +2.7013e+00 +3.2910e+00
77 +3.176738617e+00 +3.176738617e+00 -4.853326138e+01 -4.853326138e+01 +2.4748e+00 +2.9590e+00
96 +7.701502578e-01 +7.701502578e-01 -5.093984974e+01 -5.093984974e+01 +2.3173e+00 +2.8081e+00
115 +4.228711558e-01 +4.228711558e-01 -5.128712884e+01 -5.128712884e+01 +2.4842e+00 +3.0002e+00
120 +1.779078514e-01 +1.779078514e-01 -5.153209215e+01 -5.153209215e+01 +2.4729e+00 +2.9849e+00
196 +1.480044692e-01 +1.480044692e-01 -5.156199553e+01 -5.156199553e+01 +2.4779e+00 +2.9901e+00
344 +9.546406114e-02 +9.546406114e-02 -5.161453594e+01 -5.161453594e+01 +2.5007e+00 +3.0160e+00
410 +6.178415703e-02 +6.178415703e-02 -5.164821584e+01 -5.164821584e+01 +2.5337e+00 +3.0531e+00
426 +2.436509766e-02 +2.436509766e-02 -5.168563490e+01 -5.168563490e+01 +2.5619e+00 +3.0851e+00
433 +1.567707011e-02 +1.567707011e-02 -5.169432293e+01 -5.169432293e+01 +2.5865e+00 +3.1128e+00
453 +4.845418501e-03 +4.845418501e-03 -5.170515458e+01 -5.170515458e+01 +2.5812e+00 +3.1070e+00
462 +3.740184840e-04 +3.740184840e-04 -5.170962598e+01 -5.170962598e+01 +2.6023e+00 +3.1309e+00
526 +1.345994691e-04 +1.345994691e-04 -5.170986540e+01 -5.170986540e+01 +2.6060e+00 +3.1350e+00
540 +9.880690880e-05 +9.880690880e-05 -5.170990119e+01 -5.170990119e+01 +2.6065e+00 +3.1356e+00
552 +2.131329034e-05 +2.131329034e-05 -5.170997869e+01 -5.170997869e+01 +2.6055e+00 +3.1345e+00
578 +6.510139961e-06 +6.510139961e-06 -5.170999349e+01 -5.170999349e+01 +2.6044e+00 +3.1333e+00
634 +3.884057534e-06 +3.884057534e-06 -5.170999612e+01 -5.170999612e+01 +2.6045e+00 +3.1333e+00
657 +1.727056279e-06 +1.727056279e-06 -5.170999827e+01 -5.170999827e+01 +2.6044e+00 +3.1332e+00
667 +1.248091827e-06 +1.248091827e-06 -5.170999875e+01 -5.170999875e+01 +2.6043e+00 +3.1332e+00
669 +9.287482925e-07 +9.287482925e-07 -5.170999907e+01 -5.170999907e+01 +2.6043e+00 +3.1332e+00
682 +6.225668656e-07 +6.225668656e-07 -5.170999938e+01 -5.170999938e+01 +2.6043e+00 +3.1331e+00
816 +3.916547087e-07 +3.916547087e-07 -5.170999961e+01 -5.170999961e+01 +2.6042e+00 +3.1330e+00
940 +2.442121456e-07 +2.442121456e-07 -5.170999976e+01 -5.170999976e+01 +2.6042e+00 +3.1330e+00
944 +1.314462494e-07 +1.314462494e-07 -5.170999987e+01 -5.170999987e+01 +2.6041e+00 +3.1329e+00
951 +4.960697453e-08 +4.960697453e-08 -5.170999995e+01 -5.170999995e+01 +2.6040e+00 +3.1329e+00
953 +3.234114843e-08 +3.234114843e-08 -5.170999997e+01 -5.170999997e+01 +2.6041e+00 +3.1329e+00
956 +2.143489297e-08 +2.143489297e-08 -5.170999998e+01 -5.170999998e+01 +2.6040e+00 +3.1327e+00
1016 +4.155715772e-09 +4.155715772e-09 -5.171000000e+01 -5.171000000e+01 +2.6040e+00 +3.1328e+00
% function evaluation | noise-free fitness - Fopt (-5.171000000000e+01) | best noise-free fitness - Fopt | measured fitness | best measured fitness | x1 | x2...
1 +2.788754224e+02 +2.788754224e+02 +2.271654224e+02 +2.271654224e+02 +8.8311e-02 -1.0982e+00
14 +1.193276950e+02 +1.193276950e+02 +6.761769498e+01 +6.761769498e+01 +3.3508e+00 +2.8723e+00
16 +7.657960606e+01 +7.657960606e+01 +2.486960606e+01 +2.486960606e+01 +2.8196e+00 +2.6793e+00
24 +1.697533827e+01 +1.697533827e+01 -3.473466173e+01 -3.473466173e+01 +1.4483e+00 +1.8865e+00
30 +7.583719692e-01 +7.583719692e-01 -5.095162803e+01 -5.095162803e+01 +2.7881e+00 +3.3452e+00
140 +4.582572489e-01 +4.582572489e-01 -5.125174275e+01 -5.125174275e+01 +2.6257e+00 +3.1615e+00
159 +5.987535413e-02 +5.987535413e-02 -5.165012465e+01 -5.165012465e+01 +2.6529e+00 +3.1884e+00
224 +3.552960119e-02 +3.552960119e-02 -5.167447040e+01 -5.167447040e+01 +2.6525e+00 +3.1875e+00
252 +1.035179858e-02 +1.035179858e-02 -5.169964820e+01 -5.169964820e+01 +2.6365e+00 +3.1695e+00
318 +9.572663197e-03 +9.572663197e-03 -5.170042734e+01 -5.170042734e+01 +2.6352e+00 +3.1681e+00
341 +5.454941316e-03 +5.454941316e-03 -5.170454506e+01 -5.170454506e+01 +2.6271e+00 +3.1589e+00
370 +2.970268656e-03 +2.970268656e-03 -5.170702973e+01 -5.170702973e+01 +2.6209e+00 +3.1520e+00
420 +2.447027231e-03 +2.447027231e-03 -5.170755297e+01 -5.170755297e+01 +2.6206e+00 +3.1516e+00
446 +5.366875597e-04 +5.366875597e-04 -5.170946331e+01 -5.170946331e+01 +2.6116e+00 +3.1414e+00
478 +3.759900526e-05 +3.759900526e-05 -5.170996240e+01 -5.170996240e+01 +2.6021e+00 +3.1307e+00
582 +1.273577169e-06 +1.273577169e-06 -5.170999873e+01 -5.170999873e+01 +2.6040e+00 +3.1328e+00
653 +7.087442526e-07 +7.087442526e-07 -5.170999929e+01 -5.170999929e+01 +2.6043e+00 +3.1331e+00
675 +5.873601268e-07 +5.873601268e-07 -5.170999941e+01 -5.170999941e+01 +2.6040e+00 +3.1329e+00
728 +2.072468490e-07 +2.072468490e-07 -5.170999979e+01 -5.170999979e+01 +2.6041e+00 +3.1330e+00
740 +8.955297659e-08 +8.955297659e-08 -5.170999991e+01 -5.170999991e+01 +2.6040e+00 +3.1328e+00
771 +4.040074941e-09 +4.040074941e-09 -5.171000000e+01 -5.171000000e+01 +2.6040e+00 +3.1328e+00
% function evaluation | noise-free fitness - Fopt (-5.171000000000e+01) | best noise-free fitness - Fopt | measured fitness | best measured fitness | x1 | x2...
1 +1.937538860e+02 +1.937538860e+02 +1.420438860e+02 +1.420438860e+02 +4.5234e-01 -3.0910e-01
3 +9.570740305e+01 +9.570740305e+01 +4.399740305e+01 +4.399740305e+01 +4.4016e-01 +1.4055e+00
8 +1.333652279e+01 +1.333652279e+01 -3.837347721e+01 -3.837347721e+01 +1.7315e+00 +2.2184e+00
56 +2.407447688e+00 +2.407447688e+00 -4.930255231e+01 -4.930255231e+01 +3.0835e+00 +3.6710e+00
135 +9.843998747e-01 +9.843998747e-01 -5.072560013e+01 -5.072560013e+01 +2.5201e+00 +3.0294e+00
144 +2.312366102e-01 +2.312366102e-01 -5.147876339e+01 -5.147876339e+01 +2.5988e+00 +3.1248e+00
149 +1.175447160e-01 +1.175447160e-01 -5.159245528e+01 -5.159245528e+01 +2.4916e+00 +3.0056e+00
186 +8.394892824e-02 +8.394892824e-02 -5.162605107e+01 -5.162605107e+01 +2.5835e+00 +3.1103e+00
233 +4.733114564e-02 +4.733114564e-02 -5.166266885e+01 -5.166266885e+01 +2.5987e+00 +3.1263e+00
234 +2.097756826e-02 +2.097756826e-02 -5.168902243e+01 -5.168902243e+01 +2.6358e+00 +3.1686e+00
281 +2.182682269e-03 +2.182682269e-03 -5.170781732e+01 -5.170781732e+01 +2.6160e+00 +3.1464e+00
355 +1.547949170e-03 +1.547949170e-03 -5.170845205e+01 -5.170845205e+01 +2.6124e+00 +3.1423e+00
369 +8.841452630e-04 +8.841452630e-04 -5.170911585e+01 -5.170911585e+01 +2.6092e+00 +3.1387e+00
370 +3.480140923e-04 +3.480140923e-04 -5.170965199e+01 -5.170965199e+01 +2.5991e+00 +3.1272e+00
384 +9.457967686e-05 +9.457967686e-05 -5.170990542e+01 -5.170990542e+01 +2.6033e+00 +3.1320e+00
443 +6.099130836e-05 +6.099130836e-05 -5.170993901e+01 -5.170993901e+01 +2.6015e+00 +3.1300e+00
466 +1.202072460e-05 +1.202072460e-05 -5.170998798e+01 -5.170998798e+01 +2.6031e+00 +3.1317e+00
564 +9.814271039e-06 +9.814271039e-06 -5.170999019e+01 -5.170999019e+01 +2.6037e+00 +3.1325e+00
599 +5.878255124e-06 +5.878255124e-06 -5.170999412e+01 -5.170999412e+01 +2.6032e+00 +3.1319e+00
625 +2.102300662e-06 +2.102300662e-06 -5.170999790e+01 -5.170999790e+01 +2.6036e+00 +3.1323e+00
648 +1.280251368e-06 +1.280251368e-06 -5.170999872e+01 -5.170999872e+01 +2.6037e+00 +3.1325e+00
655 +7.748198954e-07 +7.748198954e-07 -5.170999923e+01 -5.170999923e+01 +2.6042e+00 +3.1330e+00
669 +6.227680984e-07 +6.227680984e-07 -5.170999938e+01 -5.170999938e+01 +2.6041e+00 +3.1329e+00
685 +3.925246617e-07 +3.925246617e-07 -5.170999961e+01 -5.170999961e+01 +2.6041e+00 +3.1329e+00
688 +2.038158300e-07 +2.038158300e-07 -5.170999980e+01 -5.170999980e+01 +2.6040e+00 +3.1328e+00
716 +3.575047458e-08 +3.575047458e-08 -5.170999996e+01 -5.170999996e+01 +2.6040e+00 +3.1328e+00
765 +4.799794340e-09 +4.799794340e-09 -5.171000000e+01 -5.171000000e+01 +2.6040e+00 +3.1328e+00
% function evaluation | noise-free fitness - Fopt (-2.799500000000e+02) | best noise-free fitness - Fopt | measured fitness | best measured fitness | x1 | x2...
1 +6.524712125e+02 +6.524712125e+02 +3.725212125e+02 +3.725212125e+02 +2.7446e+00 +1.3999e+00
2 +5.601594542e+02 +5.601594542e+02 +2.802094542e+02 +2.802094542e+02 +5.9676e+00 +1.4974e+00
6 +2.332052060e+02 +2.332052060e+02 -4.674479405e+01 -4.674479405e+01 +3.5975e-01 -1.4987e+00
10 +1.382919990e+02 +1.382919990e+02 -1.416580010e+02 -1.416580010e+02 -2.4545e+00 -2.8607e+00
28 +9.530053341e+01 +9.530053341e+01 -1.846494666e+02 -1.846494666e+02 -4.1238e+00 -3.6743e+00
55 +5.612853686e+01 +5.612853686e+01 -2.238214631e+02 -2.238214631e+02 -5.2563e+00 -4.7965e+00
58 +2.952383640e+01 +2.952383640e+01 -2.504261636e+02 -2.504261636e+02 -2.0976e+00 -3.5359e+00
66 +1.786080792e+01 +1.786080792e+01 -2.620891921e+02 -2.620891921e+02 -1.3026e+00 -3.1609e+00
75 +8.090260243e+00 +8.090260243e+00 -2.718597398e+02 -2.718597398e+02 -2.5039e+00 -3.5896e+00
133 +3.997310677e+00 +3.997310677e+00 -2.759526893e+02 -2.759526893e+02 -2.4013e+00 -3.5274e+00
144 +3.310622386e+00 +3.310622386e+00 -2.766393776e+02 -2.766393776e+02 -3.2797e+00 -3.8250e+00
185 +1.032776635e+00 +1.032776635e+00 -2.789172234e+02 -2.789172234e+02 -3.6345e+00 -3.9608e+00
213 +6.294433232e-01 +6.294433232e-01 -2.793205567e+02 -2.793205567e+02 -3.8665e+00 -4.0506e+00
245 +2.460090057e-01 +2.460090057e-01 -2.797039910e+02 -2.797039910e+02 -3.7389e+00 -4.0020e+00
264 +8.116357696e-02 +8.116357696e-02 -2.798688364e+02 -2.798688364e+02 -3.7533e+00 -4.0079e+00
296 +2.456030214e-02 +2.456030214e-02 -2.799254397e+02 -2.799254397e+02 -3.5992e+00 -3.9533e+00
317 +2.472402144e-03 +2.472402144e-03 -2.799475276e+02 -2.799475276e+02 -3.6112e+00 -3.9577e+00
417 +1.466242749e-03 +1.466242749e-03 -2.799485338e+02 -2.799485338e+02 -3.5975e+00 -3.9529e+00
429 +8.613928620e-04 +8.613928620e-04 -2.799491386e+02 -2.799491386e+02 -3.6118e+00 -3.9579e+00
465 +3.927817323e-04 +3.927817323e-04 -2.799496072e+02 -2.799496072e+02 -3.6085e+00 -3.9568e+00
492 +1.469467970e-04 +1.469467970e-04 -2.799498531e+02 -2.799498531e+02 -3.6119e+00 -3.9580e+00
509 +6.458576036e-05 +6.458576036e-05 -2.799499354e+02 -2.799499354e+02 -3.6126e+00 -3.9582e+00
534 +4.011719625e-05 +4.011719625e-05 -2.799499599e+02 -2.799499599e+02 -3.6141e+00 -3.9588e+00
633 +3.609674536e-05 +3.609674536e-05 -2.799499639e+02 -2.799499639e+02 -3.6139e+00 -3.9587e+00
688 +1.797183432e-05 +1.797183432e-05 -2.799499820e+02 -2.799499820e+02 -3.6158e+00 -3.9594e+00
695 +1.431907043e-05 +1.431907043e-05 -2.799499857e+02 -2.799499857e+02 -3.6158e+00 -3.9594e+00
699 +6.390830947e-06 +6.390830947e-06 -2.799499936e+02 -2.799499936e+02 -3.6163e+00 -3.9596e+00
703 +5.801879411e-06 +5.801879411e-06 -2.799499942e+02 -2.799499942e+02 -3.6168e+00 -3.9597e+00
709 +2.235602381e-06 +2.235602381e-06 -2.799499978e+02 -2.799499978e+02 -3.6173e+00 -3.9599e+00
715 +6.030029454e-07 +6.030029454e-07 -2.799499994e+02 -2.799499994e+02 -3.6173e+00 -3.9599e+00
784 +1.495737934e-07 +1.495737934e-07 -2.799499999e+02 -2.799499999e+02 -3.6175e+00 -3.9599e+00
852 +8.905607274e-08 +8.905607274e-08 -2.799499999e+02 -2.799499999e+02 -3.6174e+00 -3.9599e+00
890 +3.686818673e-08 +3.686818673e-08 -2.799500000e+02 -2.799500000e+02 -3.6175e+00 -3.9600e+00
903 +1.975456598e-08 +1.975456598e-08 -2.799500000e+02 -2.799500000e+02 -3.6175e+00 -3.9600e+00
944 +1.216585588e-08 +1.216585588e-08 -2.799500000e+02 -2.799500000e+02 -3.6176e+00 -3.9600e+00
970 +9.465566109e-09 +9.465566109e-09 -2.799500000e+02 -2.799500000e+02 -3.6175e+00 -3.9600e+00
% function evaluation | noise-free fitness - Fopt (-2.799500000000e+02) | best noise-free fitness - Fopt | measured fitness | best measured fitness | x1 | x2...
1 +3.737060737e+02 +3.737060737e+02 +9.375607372e+01 +9.375607372e+01 +3.9216e+00 +8.7701e-02
39 +2.182364453e+02 +2.182364453e+02 -6.171355470e+01 -6.171355470e+01 +4.3720e+00 -1.3772e+00
62 +1.391567529e+02 +1.391567529e+02 -1.407932471e+02 -1.407932471e+02 +3.4622e+00 -1.3667e+00
80 +7.725737521e+01 +7.725737521e+01 -2.026926248e+02 -2.026926248e+02 +1.2899e+00 -2.2979e+00
117 +5.663002861e+01 +5.663002861e+01 -2.233199714e+02 -2.233199714e+02 +9.7796e-01 -2.3093e+00
123 +3.002968764e+01 +3.002968764e+01 -2.499203124e+02 -2.499203124e+02 -6.6760e-01 -2.9534e+00
142 +2.483968208e+01 +2.483968208e+01 -2.551103179e+02 -2.551103179e+02 -1.5689e+00 -3.3025e+00
143 +9.192735363e+00 +9.192735363e+00 -2.707572646e+02 -2.707572646e+02 -2.4615e+00 -3.5202e+00
181 +1.318497572e+00 +1.318497572e+00 -2.786315024e+02 -2.786315024e+02 -4.2028e+00 -4.1697e+00
220 +9.174569348e-01 +9.174569348e-01 -2.790325431e+02 -2.790325431e+02 -3.6466e+00 -3.9748e+00
226 +5.515803628e-01 +5.515803628e-01 -2.793984196e+02 -2.793984196e+02 -3.8221e+00 -4.0302e+00
250 +3.013626083e-01 +3.013626083e-01 -2.796486374e+02 -2.796486374e+02 -3.7177e+00 -3.9941e+00
260 +9.038932453e-02 +9.038932453e-02 -2.798596107e+02 -2.798596107e+02 -3.6542e+00 -3.9725e+00
293 +4.016543223e-02 +4.016543223e-02 -2.799098346e+02 -2.799098346e+02 -3.5746e+00 -3.9446e+00
294 +2.242218623e-02 +2.242218623e-02 -2.799275778e+02 -2.799275778e+02 -3.6244e+00 -3.9625e+00
322 +6.355136810e-03 +6.355136810e-03 -2.799436449e+02 -2.799436449e+02 -3.6442e+00 -3.9694e+00
343 +2.632917455e-03 +2.632917455e-03 -2.799473671e+02 -2.799473671e+02 -3.6449e+00 -3.9697e+00
398 +2.172703517e-03 +2.172703517e-03 -2.799478273e+02 -2.799478273e+02 -3.6460e+00 -3.9701e+00
689 +1.575957242e-03 +1.575957242e-03 -2.799484240e+02 -2.799484240e+02 -3.6426e+00 -3.9689e+00
729 +9.920101248e-04 +9.920101248e-04 -2.799490080e+02 -2.799490080e+02 -3.6370e+00 -3.9669e+00
749 +6.229170604e-04 +6.229170604e-04 -2.799493771e+02 -2.799493771e+02 -3.6321e+00 -3.9651e+00
753 +3.668808658e-04 +3.668808658e-04 -2.799496331e+02 -2.799496331e+02 -3.6269e+00 -3.9633e+00
771 +1.767698782e-04 +1.767698782e-04 -2.799498232e+02 -2.799498232e+02 -3.6199e+00 -3.9608e+00
775 +7.278256442e-05 +7.278256442e-05 -2.799499272e+02 -2.799499272e+02 -3.6167e+00 -3.9597e+00
791 +6.278734423e-05 +6.278734423e-05 -2.799499372e+02 -2.799499372e+02 -3.6203e+00 -3.9609e+00
797 +2.252240620e-06 +2.252240620e-06 -2.799499977e+02 -2.799499977e+02 -3.6172e+00 -3.9599e+00
866 +5.183795793e-07 +5.183795793e-07 -2.799499995e+02 -2.799499995e+02 -3.6178e+00 -3.9601e+00
928 +1.897767561e-07 +1.897767561e-07 -2.799499998e+02 -2.799499998e+02 -3.6176e+00 -3.9600e+00
945 +1.447887144e-08 +1.447887144e-08 -2.799500000e+02 -2.799500000e+02 -3.6176e+00 -3.9600e+00
965 +9.306859283e-09 +9.306859283e-09 -2.799500000e+02 -2.799500000e+02 -3.6176e+00 -3.9600e+00
% function evaluation | noise-free fitness - Fopt (-2.799500000000e+02) | best noise-free fitness - Fopt | measured fitness | best measured fitness | x1 | x2...
1 +8.652401023e+02 +8.652401023e+02 +5.852901023e+02 +5.852901023e+02 +1.5512e+00 +2.1745e+00
4 +6.193790427e+02 +6.193790427e+02 +3.394290427e+02 +3.394290427e+02 +3.9489e-01 +5.3775e-01
5 +2.729189102e+02 +2.729189102e+02 -7.031089811e+00 -7.031089811e+00 +2.8829e+00 -6.8502e-01
47 +1.999053706e+02 +1.999053706e+02 -8.004462942e+01 -8.004462942e+01 +3.6110e+00 -9.8398e-01
68 +1.482379183e+02 +1.482379183e+02 -1.317120817e+02 -1.317120817e+02 +3.8729e+00 -1.2554e+00
92 +5.096012945e+01 +5.096012945e+01 -2.289898706e+02 -2.289898706e+02 +6.1149e-01 -2.4261e+00
140 +3.241435898e+01 +3.241435898e+01 -2.475356410e+02 -2.475356410e+02 -8.5745e-01 -2.9104e+00
153 +1.374312997e+01 +1.374312997e+01 -2.662068700e+02 -2.662068700e+02 -1.8579e+00 -3.3653e+00
160 +9.740474718e+00 +9.740474718e+00 -2.702095253e+02 -2.702095253e+02 -3.5644e+00 -3.9897e+00
172 +6.379217840e-01 +6.379217840e-01 -2.793120782e+02 -2.793120782e+02 -3.4791e+00 -3.9139e+00
272 +1.982734135e-01 +1.982734135e-01 -2.797517266e+02 -2.797517266e+02 -3.3571e+00 -3.8678e+00
300 +2.096987268e-02 +2.096987268e-02 -2.799290301e+02 -2.799290301e+02 -3.6284e+00 -3.9639e+00
357 +7.117104256e-03 +7.117104256e-03 -2.799428829e+02 -2.799428829e+02 -3.5940e+00 -3.9516e+00
366 +5.272993918e-03 +5.272993918e-03 -2.799447270e+02 -2.799447270e+02 -3.5960e+00 -3.9524e+00
419 +1.909226765e-03 +1.909226765e-03 -2.799480908e+02 -2.799480908e+02 -3.6175e+00 -3.9600e+00
423 +1.328690714e-03 +1.328690714e-03 -2.799486713e+02 -2.799486713e+02 -3.6126e+00 -3.9582e+00
426 +6.192879673e-04 +6.192879673e-04 -2.799493807e+02 -2.799493807e+02 -3.6332e+00 -3.9655e+00
433 +2.576119894e-04 +2.576119894e-04 -2.799497424e+02 -2.799497424e+02 -3.6264e+00 -3.9631e+00
462 +2.185060193e-04 +2.185060193e-04 -2.799497815e+02 -2.799497815e+02 -3.6165e+00 -3.9596e+00
472 +6.578074516e-05 +6.578074516e-05 -2.799499342e+02 -2.799499342e+02 -3.6225e+00 -3.9617e+00
491 +2.225805338e-05 +2.225805338e-05 -2.799499777e+02 -2.799499777e+02 -3.6164e+00 -3.9596e+00
493 +1.881666606e-06 +1.881666606e-06 -2.799499981e+02 -2.799499981e+02 -3.6170e+00 -3.9598e+00
699 +1.520022010e-06 +1.520022010e-06 -2.799499985e+02 -2.799499985e+02 -3.6169e+00 -3.9597e+00
741 +8.185646720e-07 +8.185646720e-07 -2.799499992e+02 -2.799499992e+02 -3.6173e+00 -3.9599e+00
771 +5.862021908e-07 +5.862021908e-07 -2.799499994e+02 -2.799499994e+02 -3.6175e+00 -3.9600e+00
788 +7.850258044e-08 +7.850258044e-08 -2.799499999e+02 -2.799499999e+02 -3.6176e+00 -3.9600e+00
833 +1.964514240e-08 +1.964514240e-08 -2.799500000e+02 -2.799500000e+02 -3.6176e+00 -3.9600e+00
875 +1.130115379e-08 +1.130115379e-08 -2.799500000e+02 -2.799500000e+02 -3.6176e+00 -3.9600e+00
891 +8.279243957e-09 +8.279243957e-09 -2.799500000e+02 -2.799500000e+02 -3.6176e+00 -3.9600e+00
% function evaluation | noise-free fitness - Fopt (9.319900000000e+02) | best noise-free fitness - Fopt | measured fitness | best measured fitness | x1 | x2...
1 +3.705995984e+02 +3.705995984e+02 +1.302589598e+03 +1.302589598e+03 +4.2228e-01 -1.4729e+00
7 +1.360181225e+02 +1.360181225e+02 +1.068008123e+03 +1.068008123e+03 +1.2126e+00 -1.2383e-01
13 +9.867164033e+01 +9.867164033e+01 +1.030661640e+03 +1.030661640e+03 +3.1550e+00 -5.4273e-01
15 +3.770825650e+01 +3.770825650e+01 +9.696982565e+02 +9.696982565e+02 -2.7332e-01 +1.4057e+00
51 +6.374379876e+00 +6.374379876e+00 +9.383643799e+02 +9.383643799e+02 +1.2433e+00 +9.7351e-01
57 +5.801821460e+00 +5.801821460e+00 +9.377918215e+02 +9.377918215e+02 +2.1734e+00 +5.4056e-01
66 +2.614936428e+00 +2.614936428e+00 +9.346049364e+02 +9.346049364e+02 +1.6856e+00 +7.5059e-01
69 +2.059086973e+00 +2.059086973e+00 +9.340490870e+02 +9.340490870e+02 +1.5044e+00 +8.2766e-01
73 +1.246689494e+00 +1.246689494e+00 +9.332366895e+02 +9.332366895e+02 +1.5909e+00 +7.8285e-01
157 +7.048815825e-01 +7.048815825e-01 +9.326948816e+02 +9.326948816e+02 +1.1316e+00 +9.6739e-01
158 +3.484238794e-01 +3.484238794e-01 +9.323384239e+02 +9.323384239e+02 +1.1474e+00 +9.6509e-01
204 +2.500750847e-01 +2.500750847e-01 +9.322400751e+02 +9.322400751e+02 +1.1477e+00 +9.6422e-01
220 +1.082680535e-01 +1.082680535e-01 +9.320982681e+02 +9.320982681e+02 +1.2404e+00 +9.2433e-01
226 +8.021115987e-02 +8.021115987e-02 +9.320702112e+02 +9.320702112e+02 +1.2853e+00 +9.0618e-01
248 +6.152563393e-02 +6.152563393e-02 +9.320515256e+02 +9.320515256e+02 +1.2443e+00 +9.2312e-01
273 +3.891208958e-02 +3.891208958e-02 +9.320289121e+02 +9.320289121e+02 +1.2668e+00 +9.1358e-01
279 +1.133190376e-02 +1.133190376e-02 +9.320013319e+02 +9.320013319e+02 +1.2961e+00 +9.0111e-01
300 +8.611417271e-03 +8.611417271e-03 +9.319986114e+02 +9.319986114e+02 +1.3546e+00 +8.7630e-01
301 +1.481658138e-03 +1.481658138e-03 +9.319914817e+02 +9.319914817e+02 +1.3312e+00 +8.8625e-01
357 +9.230835954e-04 +9.230835954e-04 +9.319909231e+02 +9.319909231e+02 +1.3414e+00 +8.8193e-01
371 +5.070797544e-04 +5.070797544e-04 +9.319905071e+02 +9.319905071e+02 +1.3387e+00 +8.8306e-01
386 +3.950967674e-04 +3.950967674e-04 +9.319903951e+02 +9.319903951e+02 +1.3339e+00 +8.8512e-01
391 +2.118560483e-04 +2.118560483e-04 +9.319902119e+02 +9.319902119e+02 +1.3359e+00 +8.8426e-01
393 +8.013421393e-05 +8.013421393e-05 +9.319900801e+02 +9.319900801e+02 +1.3352e+00 +8.8456e-01
426 +5.631839485e-05 +5.631839485e-05 +9.319900563e+02 +9.319900563e+02 +1.3358e+00 +8.8431e-01
528 +3.586192065e-05 +3.586192065e-05 +9.319900359e+02 +9.319900359e+02 +1.3360e+00 +8.8421e-01
584 +2.421647480e-05 +2.421647480e-05 +9.319900242e+02 +9.319900242e+02 +1.3370e+00 +8.8381e-01
596 +1.503761962e-05 +1.503761962e-05 +9.319900150e+02 +9.319900150e+02 +1.3375e+00 +8.8358e-01
598 +4.886512784e-06 +4.886512784e-06 +9.319900049e+02 +9.319900049e+02 +1.3376e+00 +8.8353e-01
655 +3.746329412e-06 +3.746329412e-06 +9.319900037e+02 +9.319900037e+02 +1.3378e+00 +8.8346e-01
662 +1.583042717e-06 +1.583042717e-06 +9.319900016e+02 +9.319900016e+02 +1.3380e+00 +8.8336e-01
688 +4.898624866e-07 +4.898624866e-07 +9.319900005e+02 +9.319900005e+02 +1.3384e+00 +8.8321e-01
721 +2.869928721e-07 +2.869928721e-07 +9.319900003e+02 +9.319900003e+02 +1.3382e+00 +8.8327e-01
723 +1.395405889e-07 +1.395405889e-07 +9.319900001e+02 +9.319900001e+02 +1.3383e+00 +8.8323e-01
754 +3.221441602e-08 +3.221441602e-08 +9.319900000e+02 +9.319900000e+02 +1.3384e+00 +8.8322e-01
807 +1.663727289e-08 +1.663727289e-08 +9.319900000e+02 +9.319900000e+02 +1.3384e+00 +8.8322e-01
829 +3.224840839e-09 +3.224840839e-09 +9.319900000e+02 +9.319900000e+02 +1.3384e+00 +8.8321e-01
% function evaluation | noise-free fitness - Fopt (9.319900000000e+02) | best noise-free fitness - Fopt | measured fitness | best measured fitness | x1 | x2...
1 +1.980430909e+02 +1.980430909e+02 +1.130033091e+03 +1.130033091e+03 +2.4360e+00 -1.1303e+00
4 +1.390793130e+02 +1.390793130e+02 +1.071069313e+03 +1.071069313e+03 +1.5251e+00 -2.9100e-01
7 +2.780177248e+01 +2.780177248e+01 +9.597917725e+02 +9.597917725e+02 +2.0953e+00 +3.6620e-01
24 +7.179719667e+00 +7.179719667e+00 +9.391697197e+02 +9.391697197e+02 +1.1909e+00 +8.9045e-01
38 +5.672229354e+00 +5.672229354e+00 +9.376622294e+02 +9.376622294e+02 +5.2179e-01 +1.2176e+00
57 +1.807522757e+00 +1.807522757e+00 +9.337975228e+02 +9.337975228e+02 +1.4796e+00 +8.3657e-01
70 +7.206527781e-02 +7.206527781e-02 +9.320620653e+02 +9.320620653e+02 +1.3232e+00 +8.9019e-01
251 +5.467128050e-02 +5.467128050e-02 +9.320446713e+02 +9.320446713e+02 +1.4159e+00 +8.5023e-01
276 +3.951810156e-02 +3.951810156e-02 +9.320295181e+02 +9.320295181e+02 +1.4050e+00 +8.5488e-01
281 +2.268487319e-02 +2.268487319e-02 +9.320126849e+02 +9.320126849e+02 +1.3954e+00 +8.5901e-01
314 +1.264410779e-02 +1.264410779e-02 +9.320026441e+02 +9.320026441e+02 +1.3812e+00 +8.6505e-01
326 +8.807194875e-03 +8.807194875e-03 +9.319988072e+02 +9.319988072e+02 +1.3759e+00 +8.6731e-01
341 +5.042793193e-03 +5.042793193e-03 +9.319950428e+02 +9.319950428e+02 +1.3562e+00 +8.7568e-01
346 +2.263018030e-03 +2.263018030e-03 +9.319922630e+02 +9.319922630e+02 +1.3486e+00 +8.7887e-01
378 +6.295348363e-04 +6.295348363e-04 +9.319906295e+02 +9.319906295e+02 +1.3300e+00 +8.8677e-01
404 +2.601954183e-04 +2.601954183e-04 +9.319902602e+02 +9.319902602e+02 +1.3326e+00 +8.8566e-01
487 +2.506681669e-04 +2.506681669e-04 +9.319902507e+02 +9.319902507e+02 +1.3326e+00 +8.8564e-01
490 +1.549754354e-04 +1.549754354e-04 +9.319901550e+02 +9.319901550e+02 +1.3334e+00 +8.8530e-01
513 +8.131023424e-05 +8.131023424e-05 +9.319900813e+02 +9.319900813e+02 +1.3357e+00 +8.8436e-01
525 +4.927056568e-05 +4.927056568e-05 +9.319900493e+02 +9.319900493e+02 +1.3361e+00 +8.8419e-01
528 +2.901215873e-05 +2.901215873e-05 +9.319900290e+02 +9.319900290e+02 +1.3369e+00 +8.8383e-01
546 +1.493146567e-05 +1.493146567e-05 +9.319900149e+02 +9.319900149e+02 +1.3384e+00 +8.8320e-01
575 +5.432237117e-06 +5.432237117e-06 +9.319900054e+02 +9.319900054e+02 +1.3391e+00 +8.8291e-01
578 +3.960671165e-06 +3.960671165e-06 +9.319900040e+02 +9.319900040e+02 +1.3388e+00 +8.8305e-01
627 +7.033983138e-07 +7.033983138e-07 +9.319900007e+02 +9.319900007e+02 +1.3386e+00 +8.8311e-01
650 +3.390996426e-07 +3.390996426e-07 +9.319900003e+02 +9.319900003e+02 +1.3386e+00 +8.8310e-01
678 +1.695838137e-07 +1.695838137e-07 +9.319900002e+02 +9.319900002e+02 +1.3385e+00 +8.8315e-01
689 +1.547897455e-07 +1.547897455e-07 +9.319900002e+02 +9.319900002e+02 +1.3384e+00 +8.8322e-01
720 +4.110461305e-09 +4.110461305e-09 +9.319900000e+02 +9.319900000e+02 +1.3384e+00 +8.8319e-01
% function evaluation | noise-free fitness - Fopt (9.319900000000e+02) | best noise-free fitness - Fopt | measured fitness | best measured fitness | x1 | x2...
1 +4.686231350e+01 +4.686231350e+01 +9.788523135e+02 +9.788523135e+02 +1.1035e+00 +6.1964e-01
3 +1.395569383e+01 +1.395569383e+01 +9.459456938e+02 +9.459456938e+02 +1.0816e+00 +8.8620e-01
22 +5.903401938e+00 +5.903401938e+00 +9.378934019e+02 +9.378934019e+02 +9.7787e-01 +1.0767e+00
80 +3.387342779e+00 +3.387342779e+00 +9.353773428e+02 +9.353773428e+02 +1.0670e+00 +1.0215e+00
86 +2.293413803e+00 +2.293413803e+00 +9.342834138e+02 +9.342834138e+02 +9.0680e-01 +1.0573e+00
165 +2.806789301e-01 +2.806789301e-01 +9.322706789e+02 +9.322706789e+02 +1.2161e+00 +9.3649e-01
194 +5.787487971e-02 +5.787487971e-02 +9.320478749e+02 +9.320478749e+02 +1.3146e+00 +8.9284e-01
238 +5.693734400e-03 +5.693734400e-03 +9.319956937e+02 +9.319956937e+02 +1.3320e+00 +8.8596e-01
315 +2.411243873e-03 +2.411243873e-03 +9.319924112e+02 +9.319924112e+02 +1.3407e+00 +8.8223e-01
316 +1.025839665e-03 +1.025839665e-03 +9.319910258e+02 +9.319910258e+02 +1.3379e+00 +8.8340e-01
324 +7.718437870e-04 +7.718437870e-04 +9.319907718e+02 +9.319907718e+02 +1.3361e+00 +8.8416e-01
328 +3.385744446e-05 +3.385744446e-05 +9.319900339e+02 +9.319900339e+02 +1.3393e+00 +8.8282e-01
360 +1.610334607e-05 +1.610334607e-05 +9.319900161e+02 +9.319900161e+02 +1.3380e+00 +8.8336e-01
402 +1.497681205e-05 +1.497681205e-05 +9.319900150e+02 +9.319900150e+02 +1.3381e+00 +8.8332e-01
450 +7.647516668e-06 +7.647516668e-06 +9.319900076e+02 +9.319900076e+02 +1.3380e+00 +8.8336e-01
452 +4.116290825e-06 +4.116290825e-06 +9.319900041e+02 +9.319900041e+02 +1.3381e+00 +8.8334e-01
457 +3.955615057e-06 +3.955615057e-06 +9.319900040e+02 +9.319900040e+02 +1.3380e+00 +8.8336e-01
480 +1.036402296e-06 +1.036402296e-06 +9.319900010e+02 +9.319900010e+02 +1.3380e+00 +8.8337e-01
544 +9.330128705e-07 +9.330128705e-07 +9.319900009e+02 +9.319900009e+02 +1.3380e+00 +8.8336e-01
1023 +5.739882454e-07 +5.739882454e-07 +9.319900006e+02 +9.319900006e+02 +1.3381e+00 +8.8332e-01
1034 +3.702994036e-07 +3.702994036e-07 +9.319900004e+02 +9.319900004e+02 +1.3382e+00 +8.8327e-01
1044 +2.191308113e-07 +2.191308113e-07 +9.319900002e+02 +9.319900002e+02 +1.3383e+00 +8.8324e-01
1049 +4.680089205e-08 +4.680089205e-08 +9.319900000e+02 +9.319900000e+02 +1.3383e+00 +8.8322e-01
1085 +1.366845481e-08 +1.366845481e-08 +9.319900000e+02 +9.319900000e+02 +1.3384e+00 +8.8322e-01
1086 +7.673293112e-09 +7.673293112e-09 +9.319900000e+02 +9.319900000e+02 +1.3384e+00 +8.8319e-01
1088 +3.637978807e-10 +3.637978807e-10 +9.319900000e+02 +9.319900000e+02 +1.3384e+00 +8.8320e-01
% function evaluation | noise-free fitness - Fopt (1.133100000000e+02) | best noise-free fitness - Fopt | measured fitness | best measured fitness | x1 | x2...
1 +1.290693225e+03 +1.290693225e+03 +1.404003225e+03 +1.404003225e+03 -6.4792e-01 -2.9023e+00
6 +8.325617716e+02 +8.325617716e+02 +9.458717716e+02 +9.458717716e+02 +2.0761e+00 -1.5010e-01
7 +5.361881441e+02 +5.361881441e+02 +6.494981441e+02 +6.494981441e+02 -3.1653e+00 -6.2193e-01
9 +3.681849681e+01 +3.681849681e+01 +1.501284968e+02 +1.501284968e+02 -2.2265e+00 +1.7442e+00
90 +2.205095545e+01 +2.205095545e+01 +1.353609555e+02 +1.353609555e+02 -8.1487e-01 +2.2518e+00
111 +1.212655262e+01 +1.212655262e+01 +1.254365526e+02 +1.254365526e+02 -5.3984e-01 +2.3072e+00
140 +9.949511444e+00 +9.949511444e+00 +1.232595114e+02 +1.232595114e+02 -7.5026e-02 +2.4658e+00
157 +5.589977948e+00 +5.589977948e+00 +1.188999779e+02 +1.188999779e+02 +3.8068e-01 +2.6015e+00
212 +3.899702375e+00 +3.899702375e+00 +1.172097024e+02 +1.172097024e+02 +7.0461e-01 +2.7053e+00
434 +2.510143452e+00 +2.510143452e+00 +1.158201435e+02 +1.158201435e+02 +8.9756e-01 +2.7694e+00
460 +1.469079670e+00 +1.469079670e+00 +1.147790797e+02 +1.147790797e+02 +1.3418e+00 +2.9134e+00
467 +5.580983290e-01 +5.580983290e-01 +1.138680983e+02 +1.138680983e+02 +1.8176e+00 +3.0655e+00
473 +3.508235622e-01 +3.508235622e-01 +1.136608236e+02 +1.136608236e+02 +2.1162e+00 +3.1581e+00
485 +1.561639854e-01 +1.561639854e-01 +1.134661640e+02 +1.134661640e+02 +2.1537e+00 +3.1722e+00
520 +6.260642719e-02 +6.260642719e-02 +1.133726064e+02 +1.133726064e+02 +1.9441e+00 +3.1044e+00
540 +7.914519714e-03 +7.914519714e-03 +1.133179145e+02 +1.133179145e+02 +2.1396e+00 +3.1670e+00
581 +1.443018056e-03 +1.443018056e-03 +1.133114430e+02 +1.133114430e+02 +2.1150e+00 +3.1591e+00
666 +9.924371387e-04 +9.924371387e-04 +1.133109924e+02 +1.133109924e+02 +2.1240e+00 +3.1620e+00
684 +1.945542739e-04 +1.945542739e-04 +1.133101946e+02 +1.133101946e+02 +2.1414e+00 +3.1676e+00
692 +8.779780349e-05 +8.779780349e-05 +1.133100878e+02 +1.133100878e+02 +2.1321e+00 +3.1646e+00
704 +1.557256641e-05 +1.557256641e-05 +1.133100156e+02 +1.133100156e+02 +2.1329e+00 +3.1649e+00
782 +5.015591981e-06 +5.015591981e-06 +1.133100050e+02 +1.133100050e+02 +2.1358e+00 +3.1658e+00
804 +3.869386816e-06 +3.869386816e-06 +1.133100039e+02 +1.133100039e+02 +2.1358e+00 +3.1658e+00
807 +2.112137452e-06 +2.112137452e-06 +1.133100021e+02 +1.133100021e+02 +2.1349e+00 +3.1655e+00
820 +1.052540981e-06 +1.052540981e-06 +1.133100011e+02 +1.133100011e+02 +2.1351e+00 +3.1656e+00
1162 +9.742767446e-07 +9.742767446e-07 +1.133100010e+02 +1.133100010e+02 +2.1360e+00 +3.1658e+00
1191 +4.678163776e-07 +4.678163776e-07 +1.133100005e+02 +1.133100005e+02 +2.1357e+00 +3.1658e+00
1202 +3.404930311e-07 +3.404930311e-07 +1.133100003e+02 +1.133100003e+02 +2.1356e+00 +3.1657e+00
1207 +1.462601631e-07 +1.462601631e-07 +1.133100001e+02 +1.133100001e+02 +2.1352e+00 +3.1656e+00
1240 +3.904912660e-08 +3.904912660e-08 +1.133100000e+02 +1.133100000e+02 +2.1354e+00 +3.1656e+00
1272 +2.339814387e-08 +2.339814387e-08 +1.133100000e+02 +1.133100000e+02 +2.1353e+00 +3.1656e+00
1273 +1.294445440e-08 +1.294445440e-08 +1.133100000e+02 +1.133100000e+02 +2.1352e+00 +3.1656e+00
1300 +3.886626132e-09 +3.886626132e-09 +1.133100000e+02 +1.133100000e+02 +2.1352e+00 +3.1656e+00
1304 +1.577390663e-09 +1.577390663e-09 +1.133100000e+02 +1.133100000e+02 +2.1352e+00 +3.1656e+00
% function evaluation | noise-free fitness - Fopt (1.133100000000e+02) | best noise-free fitness - Fopt | measured fitness | best measured fitness | x1 | x2...
1 +2.937359686e+02 +2.937359686e+02 +4.070459686e+02 +4.070459686e+02 -1.1422e+00 +9.6277e-01
6 +1.779004524e+02 +1.779004524e+02 +2.912104524e+02 +2.912104524e+02 -2.0210e+00 +2.4077e+00
8 +7.478277595e+01 +7.478277595e+01 +1.880927760e+02 +1.880927760e+02 -1.3617e+00 +1.8149e+00
24 +5.837369267e+01 +5.837369267e+01 +1.716836927e+02 +1.716836927e+02 -2.0118e+00 +1.9544e+00
35 +3.840169638e+01 +3.840169638e+01 +1.517116964e+02 +1.517116964e+02 -2.4075e+00 +1.7296e+00
106 +2.439624744e+01 +2.439624744e+01 +1.377062474e+02 +1.377062474e+02 -1.5359e+00 +1.9998e+00
173 +1.120956744e+01 +1.120956744e+01 +1.245195674e+02 +1.245195674e+02 -3.2557e-01 +2.3831e+00
178 +7.980670402e+00 +7.980670402e+00 +1.212906704e+02 +1.212906704e+02 +2.6157e-03 +2.4851e+00
192 +3.645322975e+00 +3.645322975e+00 +1.169553230e+02 +1.169553230e+02 +8.7575e-01 +2.7666e+00
206 +1.969275953e+00 +1.969275953e+00 +1.152792760e+02 +1.152792760e+02 +1.6738e+00 +3.0113e+00
208 +1.101491171e+00 +1.101491171e+00 +1.144114912e+02 +1.144114912e+02 +2.5168e+00 +3.2843e+00
218 +7.713260208e-01 +7.713260208e-01 +1.140813260e+02 +1.140813260e+02 +1.9044e+00 +3.0890e+00
256 +2.050284011e-01 +2.050284011e-01 +1.135150284e+02 +1.135150284e+02 +2.2081e+00 +3.1882e+00
285 +7.049689239e-02 +7.049689239e-02 +1.133804969e+02 +1.133804969e+02 +2.2855e+00 +3.2138e+00
307 +3.998881186e-02 +3.998881186e-02 +1.133499888e+02 +1.133499888e+02 +2.2433e+00 +3.2003e+00
313 +3.109472864e-02 +3.109472864e-02 +1.133410947e+02 +1.133410947e+02 +2.1804e+00 +3.1800e+00
335 +1.518166618e-02 +1.518166618e-02 +1.133251817e+02 +1.133251817e+02 +2.1792e+00 +3.1796e+00
340 +5.194918155e-03 +5.194918155e-03 +1.133151949e+02 +1.133151949e+02 +2.1339e+00 +3.1652e+00
383 +3.500642771e-03 +3.500642771e-03 +1.133135006e+02 +1.133135006e+02 +2.1582e+00 +3.1730e+00
392 +2.348184598e-03 +2.348184598e-03 +1.133123482e+02 +1.133123482e+02 +2.1580e+00 +3.1729e+00
413 +1.002902035e-03 +1.002902035e-03 +1.133110029e+02 +1.133110029e+02 +2.1525e+00 +3.1711e+00
426 +6.138422099e-04 +6.138422099e-04 +1.133106138e+02 +1.133106138e+02 +2.1454e+00 +3.1689e+00
473 +3.434036579e-04 +3.434036579e-04 +1.133103434e+02 +1.133103434e+02 +2.1465e+00 +3.1692e+00
487 +1.344655178e-04 +1.344655178e-04 +1.133101345e+02 +1.133101345e+02 +2.1434e+00 +3.1682e+00
539 +6.323119555e-05 +6.323119555e-05 +1.133100632e+02 +1.133100632e+02 +2.1406e+00 +3.1673e+00
546 +3.771774041e-05 +3.771774041e-05 +1.133100377e+02 +1.133100377e+02 +2.1393e+00 +3.1669e+00
553 +2.465137061e-05 +2.465137061e-05 +1.133100247e+02 +1.133100247e+02 +2.1353e+00 +3.1656e+00
609 +1.209096929e-05 +1.209096929e-05 +1.133100121e+02 +1.133100121e+02 +2.1378e+00 +3.1664e+00
616 +7.435518143e-06 +7.435518143e-06 +1.133100074e+02 +1.133100074e+02 +2.1365e+00 +3.1660e+00
648 +6.267276120e-06 +6.267276120e-06 +1.133100063e+02 +1.133100063e+02 +2.1368e+00 +3.1661e+00
651 +1.843480050e-06 +1.843480050e-06 +1.133100018e+02 +1.133100018e+02 +2.1354e+00 +3.1657e+00
660 +1.119545900e-06 +1.119545900e-06 +1.133100011e+02 +1.133100011e+02 +2.1359e+00 +3.1658e+00
703 +1.350834822e-07 +1.350834822e-07 +1.133100001e+02 +1.133100001e+02 +2.1350e+00 +3.1655e+00
715 +1.948703243e-08 +1.948703243e-08 +1.133100000e+02 +1.133100000e+02 +2.1353e+00 +3.1656e+00
743 +1.308352182e-08 +1.308352182e-08 +1.133100000e+02 +1.133100000e+02 +2.1353e+00 +3.1656e+00
861 +6.890658710e-09 +6.890658710e-09 +1.133100000e+02 +1.133100000e+02 +2.1353e+00 +3.1656e+00
% function evaluation | noise-free fitness - Fopt (1.133100000000e+02) | best noise-free fitness - Fopt | measured fitness | best measured fitness | x1 | x2...
1 +4.279113765e+02 +4.279113765e+02 +5.412213765e+02 +5.412213765e+02 +2.0722e+00 +1.4352e+00
8 +1.597933270e+02 +1.597933270e+02 +2.731033270e+02 +2.731033270e+02 +2.3945e+00 +3.8924e+00
14 +1.454477254e+02 +1.454477254e+02 +2.587577254e+02 +2.587577254e+02 +1.4446e+00 +2.3579e+00
20 +3.198188387e+01 +3.198188387e+01 +1.452918839e+02 +1.452918839e+02 +4.9950e+00 +4.0084e+00
45 +2.467836554e+01 +2.467836554e+01 +1.379883655e+02 +1.379883655e+02 +5.7973e+00 +4.3501e+00
56 +1.046661898e+01 +1.046661898e+01 +1.237766190e+02 +1.237766190e+02 +4.4368e+00 +3.9101e+00
65 +9.044846815e+00 +9.044846815e+00 +1.223548468e+02 +1.223548468e+02 +4.0577e+00 +3.7936e+00
113 +5.734110015e+00 +5.734110015e+00 +1.190441100e+02 +1.190441100e+02 +3.2759e+00 +3.5456e+00
118 +3.713801391e+00 +3.713801391e+00 +1.170238014e+02 +1.170238014e+02 +3.1900e+00 +3.4957e+00
143 +2.008879614e+00 +2.008879614e+00 +1.153188796e+02 +1.153188796e+02 +3.2117e+00 +3.5107e+00
199 +1.494070953e+00 +1.494070953e+00 +1.148040710e+02 +1.148040710e+02 +2.9940e+00 +3.4418e+00
245 +9.143591670e-01 +9.143591670e-01 +1.142243592e+02 +1.142243592e+02 +2.8632e+00 +3.3989e+00
265 +5.714089955e-01 +5.714089955e-01 +1.138814090e+02 +1.138814090e+02 +2.6106e+00 +3.3186e+00
281 +3.646120441e-01 +3.646120441e-01 +1.136746120e+02 +1.136746120e+02 +2.1020e+00 +3.1535e+00
286 +1.277630104e-01 +1.277630104e-01 +1.134377630e+02 +1.134377630e+02 +1.9274e+00 +3.0993e+00
313 +5.421255256e-02 +5.421255256e-02 +1.133642126e+02 +1.133642126e+02 +2.2250e+00 +3.1942e+00
329 +3.330598682e-02 +3.330598682e-02 +1.133433060e+02 +1.133433060e+02 +2.0243e+00 +3.1301e+00
332 +8.488067279e-03 +8.488067279e-03 +1.133184881e+02 +1.133184881e+02 +2.1120e+00 +3.1581e+00
374 +4.328275357e-04 +4.328275357e-04 +1.133104328e+02 +1.133104328e+02 +2.1464e+00 +3.1692e+00
469 +1.222914700e-04 +1.222914700e-04 +1.133101223e+02 +1.133101223e+02 +2.1404e+00 +3.1673e+00
475 +6.355924926e-05 +6.355924926e-05 +1.133100636e+02 +1.133100636e+02 +2.1401e+00 +3.1672e+00
490 +5.120456474e-05 +5.120456474e-05 +1.133100512e+02 +1.133100512e+02 +2.1383e+00 +3.1666e+00
494 +3.825659350e-05 +3.825659350e-05 +1.133100383e+02 +1.133100383e+02 +2.1370e+00 +3.1662e+00
836 +2.504904847e-05 +2.504904847e-05 +1.133100250e+02 +1.133100250e+02 +2.1391e+00 +3.1669e+00
884 +1.469549835e-05 +1.469549835e-05 +1.133100147e+02 +1.133100147e+02 +2.1379e+00 +3.1665e+00
897 +9.098894552e-06 +9.098894552e-06 +1.133100091e+02 +1.133100091e+02 +2.1359e+00 +3.1658e+00
902 +2.786458353e-06 +2.786458353e-06 +1.133100028e+02 +1.133100028e+02 +2.1365e+00 +3.1660e+00
908 +8.943503360e-07 +8.943503360e-07 +1.133100009e+02 +1.133100009e+02 +2.1354e+00 +3.1657e+00
954 +3.658067982e-07 +3.658067982e-07 +1.133100004e+02 +1.133100004e+02 +2.1348e+00 +3.1655e+00
957 +4.936504183e-08 +4.936504183e-08 +1.133100000e+02 +1.133100000e+02 +2.1351e+00 +3.1656e+00
1029 +1.463079968e-08 +1.463079968e-08 +1.133100000e+02 +1.133100000e+02 +2.1351e+00 +3.1656e+00
1039 +7.011109915e-09 +7.011109915e-09 +1.133100000e+02 +1.133100000e+02 +2.1352e+00 +3.1656e+00
