% function evaluation | noise-free fitness - Fopt (2.997000000000e+01) | best noise-free fitness - Fopt | measured fitness | best measured fitness | x1 | x2...
1 +1.227425321e+03 +1.227425321e+03 +1.257395321e+03 +1.257395321e+03 +1.9833e+00 +1.9761e+00 +1.6745e+00
6 +9.153819075e+02 +9.153819075e+02 +9.453519075e+02 +9.453519075e+02 -8.6779e-01 +1.2361e+00 +4.0150e-01
13 +5.664991985e+02 +5.664991985e+02 +5.964691985e+02 +5.964691985e+02 -1.5774e+00 -3.1188e+00 -1.9275e+00
20 +3.846281396e+02 +3.846281396e+02 +4.145981396e+02 +4.145981396e+02 -9.4761e-01 -2.8072e+00 -3.0351e+00
21 +1.828706631e+02 +1.828706631e+02 +2.128406631e+02 +2.128406631e+02 -1.1446e+00 +4.6611e-01 -4.9769e+00
51 +1.584286158e+02 +1.584286158e+02 +1.883986158e+02 +1.883986158e+02 +2.3883e+00 -2.7310e+00 -2.0133e+00
56 +7.611524879e+01 +7.611524879e+01 +1.060852488e+02 +1.060852488e+02 +7.9384e-01 -2.4054e+00 -3.3870e+00
104 +5.041296229e+01 +5.041296229e+01 +8.038296229e+01 +8.038296229e+01 +1.5015e+00 -2.5455e+00 -2.5984e+00
124 +2.979549360e+01 +2.979549360e+01 +5.976549360e+01 +5.976549360e+01 +1.8111e+00 -3.1240e+00 -2.3474e+00
192 +1.522872794e+01 +1.522872794e+01 +4.519872794e+01 +4.519872794e+01 +1.3967e+00 -2.4173e+00 -3.0727e+00
207 +6.892173230e+00 +6.892173230e+00 +3.686217323e+01 +3.686217323e+01 +1.0115e+00 -1.8361e+00 -3.5196e+00
211 +5.805118610e+00 +5.805118610e+00 +3.577511861e+01 +3.577511861e+01 +1.0282e+00 -1.9353e+00 -3.4184e+00
271 +3.050604690e+00 +3.050604690e+00 +3.302060469e+01 +3.302060469e+01 +1.0508e+00 -1.9817e+00 -3.4356e+00
292 +8.314317477e-01 +8.314317477e-01 +3.080143175e+01 +3.080143175e+01 +1.0307e+00 -1.9331e+00 -3.4586e+00
731 +5.690815909e-01 +5.690815909e-01 +3.053908159e+01 +3.053908159e+01 +1.0156e+00 -1.9116e+00 -3.4762e+00
744 +3.010160761e-01 +3.010160761e-01 +3.027101608e+01 +3.027101608e+01 +9.8516e-01 -1.8683e+00 -3.5157e+00
763 +1.496541010e-01 +1.496541010e-01 +3.011965410e+01 +3.011965410e+01 +8.7110e-01 -1.6979e+00 -3.6665e+00
833 +9.779059904e-02 +9.779059904e-02 +3.006779060e+01 +3.006779060e+01 +8.9121e-01 -1.7279e+00 -3.6391e+00
843 +6.007201938e-02 +6.007201938e-02 +3.003007202e+01 +3.003007202e+01 +8.7922e-01 -1.7105e+00 -3.6547e+00
848 +1.579083499e-02 +1.579083499e-02 +2.998579083e+01 +2.998579083e+01 +8.9269e-01 -1.7312e+00 -3.6367e+00
891 +9.895371396e-03 +9.895371396e-03 +2.997989537e+01 +2.997989537e+01 +8.8495e-01 -1.7196e+00 -3.6469e+00
909 +2.635470918e-03 +2.635470918e-03 +2.997263547e+01 +2.997263547e+01 +8.7563e-01 -1.7058e+00 -3.6592e+00
954 +1.837520767e-03 +1.837520767e-03 +2.997183752e+01 +2.997183752e+01 +8.7178e-01 -1.7001e+00 -3.6642e+00
957 +3.930804163e-04 +3.930804163e-04 +2.997039308e+01 +2.997039308e+01 +8.7207e-01 -1.7006e+00 -3.6639e+00
1024 +1.035072021e-04 +1.035072021e-04 +2.997010351e+01 +2.997010351e+01 +8.7415e-01 -1.7036e+00 -3.6611e+00
1037 +2.999295542e-05 +2.999295542e-05 +2.997002999e+01 +2.997002999e+01 +8.7423e-01 -1.7037e+00 -3.6610e+00
1132 +1.731779009e-05 +1.731779009e-05 +2.997001732e+01 +2.997001732e+01 +8.7375e-01 -1.7030e+00 -3.6616e+00
1154 +1.384672117e-05 +1.384672117e-05 +2.997001385e+01 +2.997001385e+01 +8.7385e-01 -1.7032e+00 -3.6615e+00
1193 +9.066232089e-06 +9.066232089e-06 +2.997000907e+01 +2.997000907e+01 +8.7387e-01 -1.7032e+00 -3.6615e+00
1272 +6.042512954e-06 +6.042512954e-06 +2.997000604e+01 +2.997000604e+01 +8.7398e-01 -1.7034e+00 -3.6614e+00
1353 +3.863594497e-06 +3.863594497e-06 +2.997000386e+01 +2.997000386e+01 +8.7399e-01 -1.7034e+00 -3.6613e+00
1477 +1.835564007e-06 +1.835564007e-06 +2.997000184e+01 +2.997000184e+01 +8.7413e-01 -1.7036e+00 -3.6612e+00
1507 +1.462190987e-06 +1.462190987e-06 +2.997000146e+01 +2.997000146e+01 +8.7423e-01 -1.7038e+00 -3.6610e+00
1534 +8.248044558e-07 +8.248044558e-07 +2.997000082e+01 +2.997000082e+01 +8.7426e-01 -1.7038e+00 -3.6610e+00
1578 +4.484632719e-07 +4.484632719e-07 +2.997000045e+01 +2.997000045e+01 +8.7432e-01 -1.7039e+00 -3.6609e+00
1622 +3.235681909e-07 +3.235681909e-07 +2.997000032e+01 +2.997000032e+01 +8.7431e-01 -1.7039e+00 -3.6609e+00
1654 +2.170955327e-07 +2.170955327e-07 +2.997000022e+01 +2.997000022e+01 +8.7432e-01 -1.7039e+00 -3.6609e+00
1676 +1.432678403e-07 +1.432678403e-07 +2.997000014e+01 +2.997000014e+01 +8.7434e-01 -1.7039e+00 -3.6609e+00
1704 +4.437151446e-08 +4.437151446e-08 +2.997000004e+01 +2.997000004e+01 +8.7436e-01 -1.7039e+00 -3.6609e+00
1746 +2.918041631e-08 +2.918041631e-08 +2.997000003e+01 +2.997000003e+01 +8.7438e-01 -1.7040e+00 -3.6608e+00
1798 +1.121170001e-08 +1.121170001e-08 +2.997000001e+01 +2.997000001e+01 +8.7440e-01 -1.7040e+00 -3.6608e+00
1847 +5.562075245e-09 +5.562075245e-09 +2.997000001e+01 +2.997000001e+01 +8.7441e-01 -1.7040e+00 -3.6608e+00
% function evaluation | noise-free fitness - Fopt (2.997000000000e+01) | best noise-free fitness - Fopt | measured fitness | best measured fitness | x1 | x2...
1 +6.332559833e+02 +6.332559833e+02 +6.632259833e+02 +6.632259833e+02 -9.5943e-01 +3.3198e+00 -2.7137e+00
2 +2.842017266e+02 +2.842017266e+02 +3.141717266e+02 +3.141717266e+02 +1.3836e+00 +6.0577e-01 -4.5921e+00
10 +1.710758159e+02 +1.710758159e+02 +2.010458159e+02 +2.010458159e+02 +1.2272e+00 -3.8597e-01 -3.9815e+00
53 +1.534702083e+02 +1.534702083e+02 +1.834402083e+02 +1.834402083e+02 +1.4837e+00 -1.1811e+00 -3.0800e+00
67 +8.922712538e+01 +8.922712538e+01 +1.191971254e+02 +1.191971254e+02 +1.2686e+00 -2.0955e+00 -2.6497e+00
83 +2.198464296e+01 +2.198464296e+01 +5.195464296e+01 +5.195464296e+01 +1.1419e+00 -2.1554e+00 -3.1412e+00
106 +1.579353139e+01 +1.579353139e+01 +4.576353139e+01 +4.576353139e+01 +1.1395e+00 -2.1814e+00 -3.3641e+00
128 +8.898561042e+00 +8.898561042e+00 +3.886856104e+01 +3.886856104e+01 +9.9514e-01 -1.9391e+00 -3.4247e+00
160 +3.417265439e+00 +3.417265439e+00 +3.338726544e+01 +3.338726544e+01 +9.1832e-01 -1.7453e+00 -3.5958e+00
226 +2.141767649e+00 +2.141767649e+00 +3.211176765e+01 +3.211176765e+01 +9.2737e-01 -1.7963e+00 -3.5722e+00
245 +1.465197130e+00 +1.465197130e+00 +3.143519713e+01 +3.143519713e+01 +9.1830e-01 -1.7828e+00 -3.6012e+00
250 +2.923416819e-01 +2.923416819e-01 +3.026234168e+01 +3.026234168e+01 +9.2127e-01 -1.7760e+00 -3.5975e+00
285 +1.244162260e-01 +1.244162260e-01 +3.009441623e+01 +3.009441623e+01 +9.3353e-01 -1.7912e+00 -3.5832e+00
420 +7.294590717e-02 +7.294590717e-02 +3.004294591e+01 +3.004294591e+01 +9.1026e-01 -1.7576e+00 -3.6134e+00
482 +3.445642508e-02 +3.445642508e-02 +3.000445643e+01 +3.000445643e+01 +9.1129e-01 -1.7587e+00 -3.6124e+00
1283 +2.360170879e-02 +2.360170879e-02 +2.999360171e+01 +2.999360171e+01 +9.0731e-01 -1.7528e+00 -3.6176e+00
1307 +1.509357024e-02 +1.509357024e-02 +2.998509357e+01 +2.998509357e+01 +9.0061e-01 -1.7429e+00 -3.6264e+00
1316 +7.987360310e-03 +7.987360310e-03 +2.997798736e+01 +2.997798736e+01 +8.9102e-01 -1.7286e+00 -3.6390e+00
1325 +5.177959307e-03 +5.177959307e-03 +2.997517796e+01 +2.997517796e+01 +8.8353e-01 -1.7176e+00 -3.6488e+00
1329 +1.621868144e-04 +1.621868144e-04 +2.997016219e+01 +2.997016219e+01 +8.7536e-01 -1.7054e+00 -3.6595e+00
1515 +1.535336951e-04 +1.535336951e-04 +2.997015353e+01 +2.997015353e+01 +8.7346e-01 -1.7026e+00 -3.6620e+00
1517 +9.287501739e-05 +9.287501739e-05 +2.997009288e+01 +2.997009288e+01 +8.7330e-01 -1.7024e+00 -3.6622e+00
1581 +5.417103450e-05 +5.417103450e-05 +2.997005417e+01 +2.997005417e+01 +8.7290e-01 -1.7018e+00 -3.6628e+00
1610 +3.709505115e-05 +3.709505115e-05 +2.997003710e+01 +2.997003710e+01 +8.7333e-01 -1.7024e+00 -3.6622e+00
1636 +2.327585593e-05 +2.327585593e-05 +2.997002328e+01 +2.997002328e+01 +8.7344e-01 -1.7026e+00 -3.6621e+00
1806 +1.424727690e-05 +1.424727690e-05 +2.997001425e+01 +2.997001425e+01 +8.7367e-01 -1.7029e+00 -3.6618e+00
1846 +8.764523198e-06 +8.764523198e-06 +2.997000876e+01 +2.997000876e+01 +8.7396e-01 -1.7033e+00 -3.6614e+00
1860 +9.254013840e-07 +9.254013840e-07 +2.997000093e+01 +2.997000093e+01 +8.7429e-01 -1.7038e+00 -3.6609e+00
2025 +5.864002013e-07 +5.864002013e-07 +2.997000059e+01 +2.997000059e+01 +8.7429e-01 -1.7038e+00 -3.6609e+00
2036 +3.145652521e-07 +3.145652521e-07 +2.997000031e+01 +2.997000031e+01 +8.7432e-01 -1.7039e+00 -3.6609e+00
2048 +2.485709807e-07 +2.485709807e-07 +2.997000025e+01 +2.997000025e+01 +8.7433e-01 -1.7039e+00 -3.6609e+00
2158 +1.568159611e-07 +1.568159611e-07 +2.997000016e+01 +2.997000016e+01 +8.7432e-01 -1.7039e+00 -3.6609e+00
2289 +9.912506371e-08 +9.912506371e-08 +2.997000010e+01 +2.997000010e+01 +8.7433e-01 -1.7039e+00 -3.6609e+00
2314 +4.963917277e-08 +4.963917277e-08 +2.997000005e+01 +2.997000005e+01 +8.7435e-01 -1.7039e+00 -3.6609e+00
2337 +3.570295348e-08 +3.570295348e-08 +2.997000004e+01 +2.997000004e+01 +8.7437e-01 -1.7040e+00 -3.6608e+00
2367 +2.292549794e-08 +2.292549794e-08 +2.997000002e+01 +2.997000002e+01 +8.7439e-01 -1.7040e+00 -3.6608e+00
2373 +1.540933781e-08 +1.540933781e-08 +2.997000002e+01 +2.997000002e+01 +8.7440e-01 -1.7040e+00 -3.6608e+00
2380 +7.268617708e-09 +7.268617708e-09 +2.997000001e+01 +2.997000001e+01 +8.7440e-01 -1.7040e+00 -3.6608e+00
% function evaluation | noise-free fitness - Fopt (2.997000000000e+01) | best noise-free fitness - Fopt | measured fitness | best measured fitness | x1 | x2...
1 +9.492070910e+02 +9.492070910e+02 +9.791770910e+02 +9.791770910e+02 +1.2526e-01 +2.0491e+00 +3.4912e-01
4 +2.939164543e+02 +2.939164543e+02 +3.238864543e+02 +3.238864543e+02 +8.5093e-01 +1.4121e+00 -5.1060e+00
9 +6.064178234e+01 +6.064178234e+01 +9.061178234e+01 +9.061178234e+01 -2.6147e-01 -3.4815e-01 -4.7735e+00
36 +3.121153841e+01 +3.121153841e+01 +6.118153841e+01 +6.118153841e+01 +5.3194e-01 -1.4944e+00 -3.8693e+00
138 +1.708506853e+01 +1.708506853e+01 +4.705506853e+01 +4.705506853e+01 +9.3944e-03 -4.0978e-01 -4.8033e+00
209 +1.197273886e+01 +1.197273886e+01 +4.194273886e+01 +4.194273886e+01 +3.5713e-01 -9.5664e-01 -4.2790e+00
246 +8.141852440e+00 +8.141852440e+00 +3.811185244e+01 +3.811185244e+01 +6.8907e-01 -1.3800e+00 -3.8836e+00
262 +5.221519819e+00 +5.221519819e+00 +3.519151982e+01 +3.519151982e+01 +6.7434e-01 -1.4320e+00 -3.9387e+00
310 +3.003261053e+00 +3.003261053e+00 +3.297326105e+01 +3.297326105e+01 +1.1914e+00 -2.1678e+00 -3.2429e+00
343 +2.279950682e+00 +2.279950682e+00 +3.224995068e+01 +3.224995068e+01 +1.1290e+00 -2.0908e+00 -3.3237e+00
362 +1.114814349e+00 +1.114814349e+00 +3.108481435e+01 +3.108481435e+01 +1.0287e+00 -1.9298e+00 -3.4557e+00
420 +9.103183337e-01 +9.103183337e-01 +3.088031833e+01 +3.088031833e+01 +1.0682e+00 -1.9917e+00 -3.4071e+00
469 +6.208271473e-01 +6.208271473e-01 +3.059082715e+01 +3.059082715e+01 +1.0307e+00 -1.9346e+00 -3.4564e+00
526 +3.515069858e-01 +3.515069858e-01 +3.032150699e+01 +3.032150699e+01 +9.6892e-01 -1.8436e+00 -3.5358e+00
538 +2.097569298e-01 +2.097569298e-01 +3.017975693e+01 +3.017975693e+01 +8.9717e-01 -1.7365e+00 -3.6328e+00
543 +1.389741424e-01 +1.389741424e-01 +3.010897414e+01 +3.010897414e+01 +9.2402e-01 -1.7769e+00 -3.5965e+00
577 +7.712549552e-02 +7.712549552e-02 +3.004712550e+01 +3.004712550e+01 +9.0289e-01 -1.7456e+00 -3.6238e+00
578 +7.782330825e-03 +7.782330825e-03 +2.997778233e+01 +2.997778233e+01 +8.7034e-01 -1.6979e+00 -3.6662e+00
710 +6.132663333e-03 +6.132663333e-03 +2.997613266e+01 +2.997613266e+01 +8.6552e-01 -1.6909e+00 -3.6724e+00
733 +1.784334322e-03 +1.784334322e-03 +2.997178433e+01 +2.997178433e+01 +8.6567e-01 -1.6911e+00 -3.6723e+00
783 +1.213089514e-03 +1.213089514e-03 +2.997121309e+01 +2.997121309e+01 +8.6858e-01 -1.6954e+00 -3.6684e+00
813 +7.965990349e-04 +7.965990349e-04 +2.997079660e+01 +2.997079660e+01 +8.6871e-01 -1.6956e+00 -3.6683e+00
882 +5.805257570e-04 +5.805257570e-04 +2.997058053e+01 +2.997058053e+01 +8.6946e-01 -1.6967e+00 -3.6673e+00
1126 +3.794163706e-04 +3.794163706e-04 +2.997037942e+01 +2.997037942e+01 +8.7020e-01 -1.6978e+00 -3.6663e+00
1176 +2.113849005e-04 +2.113849005e-04 +2.997021138e+01 +2.997021138e+01 +8.7174e-01 -1.7001e+00 -3.6643e+00
1190 +1.464424531e-04 +1.464424531e-04 +2.997014644e+01 +2.997014644e+01 +8.7277e-01 -1.7016e+00 -3.6629e+00
1199 +7.173078467e-05 +7.173078467e-05 +2.997007173e+01 +2.997007173e+01 +8.7450e-01 -1.7042e+00 -3.6607e+00
1219 +3.479334177e-05 +3.479334177e-05 +2.997003479e+01 +2.997003479e+01 +8.7392e-01 -1.7033e+00 -3.6614e+00
1231 +7.903356202e-06 +7.903356202e-06 +2.997000790e+01 +2.997000790e+01 +8.7428e-01 -1.7038e+00 -3.6610e+00
1329 +4.740216468e-06 +4.740216468e-06 +2.997000474e+01 +2.997000474e+01 +8.7451e-01 -1.7042e+00 -3.6607e+00
1346 +2.731798329e-06 +2.731798329e-06 +2.997000273e+01 +2.997000273e+01 +8.7460e-01 -1.7043e+00 -3.6605e+00
1370 +1.717968804e-06 +1.717968804e-06 +2.997000172e+01 +2.997000172e+01 +8.7448e-01 -1.7041e+00 -3.6607e+00
1407 +5.128265848e-07 +5.128265848e-07 +2.997000051e+01 +2.997000051e+01 +8.7451e-01 -1.7042e+00 -3.6607e+00
1469 +7.887733489e-08 +7.887733489e-08 +2.997000008e+01 +2.997000008e+01 +8.7445e-01 -1.7041e+00 -3.6607e+00
1532 +5.698560201e-08 +5.698560201e-08 +2.997000006e+01 +2.997000006e+01 +8.7444e-01 -1.7041e+00 -3.6607e+00
1577 +3.804260018e-08 +3.804260018e-08 +2.997000004e+01 +2.997000004e+01 +8.7444e-01 -1.7041e+00 -3.6608e+00
1948 +2.487611539e-08 +2.487611539e-08 +2.997000002e+01 +2.997000002e+01 +8.7443e-01 -1.7041e+00 -3.6608e+00
1984 +1.426585072e-08 +1.426585072e-08 +2.997000001e+01 +2.997000001e+01 +8.7442e-01 -1.7040e+00 -3.6608e+00
1997 +7.882707820e-09 +7.882707820e-09 +2.997000001e+01 +2.997000001e+01 +8.7442e-01 -1.7040e+00 -3.6608e+00
% function evaluation | noise-free fitness - Fopt (-5.171000000000e+01) | best noise-free fitness - Fopt | measured fitness | best measured fitness | x1 | x2...
1 +1.019498105e+03 +1.019498105e+03 +9.677881051e+02 +9.677881051e+02 -4.3870e-01 +5.7970e-01 +1.5164e+00
3 +5.943588432e+02 +5.943588432e+02 +5.426488432e+02 +5.426488432e+02 +1.0113e-01 +4.2354e+00 -8.9709e-01
31 +3.827426658e+02 +3.827426658e+02 +3.310326658e+02 +3.310326658e+02 +2.9207e-01 +3.1753e+00 -1.5137e+00
58 +2.407961216e+02 +2.407961216e+02 +1.890861216e+02 +1.890861216e+02 +3.8273e-01 +3.8942e+00 -4.5725e+00
63 +5.952024203e+01 +5.952024203e+01 +7.810242033e+00 +7.810242033e+00 +5.8902e-01 +4.2496e+00 -3.5787e+00
87 +3.389437073e+01 +3.389437073e+01 -1.781562927e+01 -1.781562927e+01 +4.3852e-01 +4.0171e+00 -3.4671e+00
103 +2.179358424e+01 +2.179358424e+01 -2.991641576e+01 -2.991641576e+01 +9.1742e-01 +3.8946e+00 -3.6333e+00
129 +5.236411501e+00 +5.236411501e+00 -4.647358850e+01 -4.647358850e+01 +1.3722e+00 +3.6868e+00 -3.4853e+00
139 +3.666505654e+00 +3.666505654e+00 -4.804349435e+01 -4.804349435e+01 +1.4612e+00 +3.6587e+00 -3.4965e+00
220 +2.122234049e+00 +2.122234049e+00 -4.958776595e+01 -4.958776595e+01 +1.8553e+00 +3.4682e+00 -3.4397e+00
242 +1.384879781e+00 +1.384879781e+00 -5.032512022e+01 -5.032512022e+01 +2.0637e+00 +3.3809e+00 -3.4211e+00
275 +9.264858077e-01 +9.264858077e-01 -5.078351419e+01 -5.078351419e+01 +2.0870e+00 +3.3673e+00 -3.4220e+00
322 +6.019635355e-01 +6.019635355e-01 -5.110803646e+01 -5.110803646e+01 +2.1215e+00 +3.3528e+00 -3.4172e+00
541 +3.887269069e-01 +3.887269069e-01 -5.132127309e+01 -5.132127309e+01 +2.1362e+00 +3.3452e+00 -3.4145e+00
588 +1.917919609e-01 +1.917919609e-01 -5.151820804e+01 -5.151820804e+01 +2.3114e+00 +3.2657e+00 -3.3944e+00
591 +1.388381941e-01 +1.388381941e-01 -5.157116181e+01 -5.157116181e+01 +2.3754e+00 +3.2364e+00 -3.3873e+00
607 +9.706609953e-02 +9.706609953e-02 -5.161293390e+01 -5.161293390e+01 +2.5686e+00 +3.1485e+00 -3.3651e+00
611 +5.645093669e-02 +5.645093669e-02 -5.165354906e+01 -5.165354906e+01 +2.5011e+00 +3.1795e+00 -3.3730e+00
638 +2.462955675e-02 +2.462955675e-02 -5.168537044e+01 -5.168537044e+01 +2.6341e+00 +3.1192e+00 -3.3583e+00
667 +7.533008954e-03 +7.533008954e-03 -5.170246699e+01 -5.170246699e+01 +2.6524e+00 +3.1108e+00 -3.3562e+00
896 +4.387582420e-03 +4.387582420e-03 -5.170561242e+01 -5.170561242e+01 +2.6381e+00 +3.1173e+00 -3.3578e+00
901 +3.589754381e-03 +3.589754381e-03 -5.170641025e+01 -5.170641025e+01 +2.6476e+00 +3.1130e+00 -3.3567e+00
906 +2.356881527e-03 +2.356881527e-03 -5.170764312e+01 -5.170764312e+01 +2.6271e+00 +3.1223e+00 -3.3590e+00
934 +1.201233915e-03 +1.201233915e-03 -5.170879877e+01 -5.170879877e+01 +2.6015e+00 +3.1339e+00 -3.3619e+00
947 +8.721267265e-04 +8.721267265e-04 -5.170912787e+01 -5.170912787e+01 +2.6127e+00 +3.1289e+00 -3.3606e+00
1007 +5.832859258e-04 +5.832859258e-04 -5.170941671e+01 -5.170941671e+01 +2.6192e+00 +3.1259e+00 -3.3599e+00
1018 +3.788943105e-04 +3.788943105e-04 -5.170962111e+01 -5.170962111e+01 +2.6165e+00 +3.1271e+00 -3.3602e+00
1037 +2.417857826e-04 +2.417857826e-04 -5.170975821e+01 -5.170975821e+01 +2.6095e+00 +3.1303e+00 -3.3610e+00
1068 +1.291772982e-04 +1.291772982e-04 -5.170987082e+01 -5.170987082e+01 +2.6089e+00 +3.1306e+00 -3.3610e+00
1094 +8.202056642e-05 +8.202056642e-05 -5.170991798e+01 -5.170991798e+01 +2.6091e+00 +3.1305e+00 -3.3610e+00
1099 +4.252674723e-05 +4.252674723e-05 -5.170995747e+01 -5.170995747e+01 +2.6084e+00 +3.1308e+00 -3.3611e+00
1116 +3.890330404e-05 +3.890330404e-05 -5.170996110e+01 -5.170996110e+01 +2.6048e+00 +3.1324e+00 -3.3615e+00
1133 +2.459798321e-05 +2.459798321e-05 -5.170997540e+01 -5.170997540e+01 +2.6029e+00 +3.1333e+00 -3.3617e+00
1193 +1.378572856e-05 +1.378572856e-05 -5.170998621e+01 -5.170998621e+01 +2.6027e+00 +3.1334e+00 -3.3618e+00
1209 +9.911259262e-06 +9.911259262e-06 -5.170999009e+01 -5.170999009e+01 +2.6028e+00 +3.1333e+00 -3.3617e+00
1220 +4.411330842e-06 +4.411330842e-06 -5.170999559e+01 -5.170999559e+01 +2.6028e+00 +3.1333e+00 -3.3617e+00
1231 +3.197402826e-06 +3.197402826e-06 -5.170999680e+01 -5.170999680e+01 +2.6027e+00 +3.1334e+00 -3.3617e+00
1291 +2.080016685e-06 +2.080016685e-06 -5.170999792e+01 -5.170999792e+01 +2.6031e+00 +3.1332e+00 -3.3617e+00
1325 +1.496189938e-06 +1.496189938e-06 -5.170999850e+01 -5.170999850e+01 +2.6032e+00 +3.1332e+00 -3.3617e+00
1374 +9.893198012e-07 +9.893198012e-07 -5.170999901e+01 -5.170999901e+01 +2.6032e+00 +3.1331e+00 -3.3617e+00
1538 +5.960857905e-07 +5.960857905e-07 -5.170999940e+01 -5.170999940e+01 +2.6034e+00 +3.1331e+00 -3.3617e+00
1606 +3.844320275e-07 +3.844320275e-07 -5.170999962e+01 -5.170999962e+01 +2.6035e+00 +3.1330e+00 -3.3617e+00
1621 +1.733875479e-07 +1.733875479e-07 -5.170999983e+01 -5.170999983e+01 +2.6038e+00 +3.1329e+00 -3.3616e+00
1626 +1.281918145e-07 +1.281918145e-07 -5.170999987e+01 -5.170999987e+01 +2.6039e+00 +3.1329e+00 -3.3616e+00
1647 +7.099831834e-08 +7.099831834e-08 -5.170999993e+01 -5.170999993e+01 +2.6039e+00 +3.1328e+00 -3.3616e+00
1670 +1.965548790e-08 +1.965548790e-08 -5.170999998e+01 -5.170999998e+01 +2.6039e+00 +3.1328e+00 -3.3616e+00
1743 +1.490402468e-08 +1.490402468e-08 -5.170999999e+01 -5.170999999e+01 +2.6040e+00 +3.1328e+00 -3.3616e+00
1746 +8.731682044e-09 +8.731682044e-09 -5.170999999e+01 -5.170999999e+01 +2.6040e+00 +3.1328e+00 -3.3616e+00
% function evaluation | noise-free fitness - Fopt (-5.171000000000e+01) | best noise-free fitness - Fopt | measured fitness | best measured fitness | x1 | x2...
1 +4.598782855e+02 +4.598782855e+02 +4.081682855e+02 +4.081682855e+02 +1.2661e+00 +2.0867e+00 -3.8795e+00
6 +3.339682068e+02 +3.339682068e+02 +2.822582068e+02 +2.822582068e+02 +1.9901e+00 +1.8808e+00 -2.8365e+00
10 +2.123335786e+02 +2.123335786e+02 +1.606235786e+02 +1.606235786e+02 +3.2793e+00 +3.2644e+00 -4.4849e+00
12 +6.369562469e+01 +6.369562469e+01 +1.198562469e+01 +1.198562469e+01 +2.7553e+00 +3.2649e+00 -3.2459e+00
74 +6.239273956e+01 +6.239273956e+01 +1.068273956e+01 +1.068273956e+01 +2.5078e+00 +2.9456e+00 -3.4098e+00
79 +3.883069908e+01 +3.883069908e+01 -1.287930092e+01 -1.287930092e+01 +1.7140e+00 +3.4028e+00 -3.2562e+00
82 +1.938339088e+01 +1.938339088e+01 -3.232660912e+01 -3.232660912e+01 +2.6224e+00 +3.1376e+00 -3.2753e+00
93 +9.932926587e+00 +9.932926587e+00 -4.177707341e+01 -4.177707341e+01 +3.0223e+00 +2.9882e+00 -3.3498e+00
103 +3.437584824e+00 +3.437584824e+00 -4.827241518e+01 -4.827241518e+01 +2.6195e+00 +3.1162e+00 -3.3671e+00
172 +1.484181922e+00 +1.484181922e+00 -5.022581808e+01 -5.022581808e+01 +2.6659e+00 +3.0986e+00 -3.3471e+00
228 +2.239498186e-01 +2.239498186e-01 -5.148605018e+01 -5.148605018e+01 +2.5065e+00 +3.1777e+00 -3.3723e+00
265 +1.500332341e-01 +1.500332341e-01 -5.155996677e+01 -5.155996677e+01 +2.5130e+00 +3.1735e+00 -3.3717e+00
297 +3.463210594e-02 +3.463210594e-02 -5.167536789e+01 -5.167536789e+01 +2.5178e+00 +3.1718e+00 -3.3712e+00
359 +1.693136479e-02 +1.693136479e-02 -5.169306864e+01 -5.169306864e+01 +2.5223e+00 +3.1699e+00 -3.3708e+00
447 +1.518455748e-02 +1.518455748e-02 -5.169481544e+01 -5.169481544e+01 +2.5179e+00 +3.1719e+00 -3.3713e+00
1035 +9.995391489e-03 +9.995391489e-03 -5.170000461e+01 -5.170000461e+01 +2.5280e+00 +3.1673e+00 -3.3702e+00
1082 +6.003028735e-03 +6.003028735e-03 -5.170399697e+01 -5.170399697e+01 +2.5526e+00 +3.1561e+00 -3.3674e+00
1105 +2.692507148e-03 +2.692507148e-03 -5.170730749e+01 -5.170730749e+01 +2.5716e+00 +3.1475e+00 -3.3653e+00
1110 +1.584308464e-03 +1.584308464e-03 -5.170841569e+01 -5.170841569e+01 +2.5886e+00 +3.1398e+00 -3.3633e+00
1143 +9.022423232e-04 +9.022423232e-04 -5.170909776e+01 -5.170909776e+01 +2.6133e+00 +3.1286e+00 -3.3606e+00
1145 +6.111280698e-04 +6.111280698e-04 -5.170938887e+01 -5.170938887e+01 +2.6102e+00 +3.1300e+00 -3.3609e+00
1178 +3.628886147e-04 +3.628886147e-04 -5.170963711e+01 -5.170963711e+01 +2.5970e+00 +3.1360e+00 -3.3624e+00
1187 +1.186979330e-04 +1.186979330e-04 -5.170988130e+01 -5.170988130e+01 +2.6081e+00 +3.1309e+00 -3.3611e+00
1259 +4.349515245e-05 +4.349515245e-05 -5.170995650e+01 -5.170995650e+01 +2.6033e+00 +3.1331e+00 -3.3617e+00
1272 +3.433947472e-05 +3.433947472e-05 -5.170996566e+01 -5.170996566e+01 +2.6052e+00 +3.1322e+00 -3.3615e+00
1289 +1.233705832e-05 +1.233705832e-05 -5.170998766e+01 -5.170998766e+01 +2.6045e+00 +3.1326e+00 -3.3615e+00
1307 +1.377804303e-06 +1.377804303e-06 -5.170999862e+01 -5.170999862e+01 +2.6040e+00 +3.1328e+00 -3.3616e+00
1418 +8.432758705e-07 +8.432758705e-07 -5.170999916e+01 -5.170999916e+01 +2.6039e+00 +3.1329e+00 -3.3616e+00
1448 +1.014708531e-07 +1.014708531e-07 -5.170999990e+01 -5.170999990e+01 +2.6039e+00 +3.1329e+00 -3.3616e+00
1505 +6.334726521e-08 +6.334726521e-08 -5.170999994e+01 -5.170999994e+01 +2.6040e+00 +3.1328e+00 -3.3616e+00
1529 +2.943899347e-08 +2.943899347e-08 -5.170999997e+01 -5.170999997e+01 +2.6040e+00 +3.1328e+00 -3.3616e+00
1548 +2.114251174e-08 +2.114251174e-08 -5.170999998e+01 -5.170999998e+01 +2.6040e+00 +3.1328e+00 -3.3616e+00
1586 +5.595083508e-09 +5.595083508e-09 -5.170999999e+01 -5.170999999e+01 +2.6040e+00 +3.1328e+00 -3.3616e+00
% function evaluation | noise-free fitness - Fopt (-5.171000000000e+01) | best noise-free fitness - Fopt | measured fitness | best measured fitness | x1 | x2...
1 +9.665981317e+02 +9.665981317e+02 +9.148881317e+02 +9.148881317e+02 +3.0071e+00 +3.6416e+00 +7.8961e-01
5 +3.460111212e+02 +3.460111212e+02 +2.943011212e+02 +2.943011212e+02 +3.1293e+00 +1.6545e+00 -1.3953e+00
20 +8.297280409e+01 +8.297280409e+01 +3.126280409e+01 +3.126280409e+01 +4.9298e+00 +2.1671e+00 -2.8027e+00
219 +4.784132048e+01 +4.784132048e+01 -3.868679518e+00 -3.868679518e+00 +7.0233e+00 +1.0956e+00 -2.7724e+00
228 +3.864018647e+01 +3.864018647e+01 -1.306981353e+01 -1.306981353e+01 +5.6394e+00 +1.8020e+00 -3.1491e+00
261 +1.930935783e+01 +1.930935783e+01 -3.240064217e+01 -3.240064217e+01 +2.8882e+00 +2.9146e+00 -3.2882e+00
294 +1.446565550e+01 +1.446565550e+01 -3.724434450e+01 -3.724434450e+01 +3.9776e+00 +2.4559e+00 -3.1652e+00
308 +5.041369324e+00 +5.041369324e+00 -4.666863068e+01 -4.666863068e+01 +2.8711e+00 +2.9891e+00 -3.3102e+00
355 +1.995863899e+00 +1.995863899e+00 -4.971413610e+01 -4.971413610e+01 +2.4910e+00 +3.1926e+00 -3.3839e+00
384 +1.125323417e+00 +1.125323417e+00 -5.058467658e+01 -5.058467658e+01 +2.6411e+00 +3.1198e+00 -3.3562e+00
386 +3.270699097e-01 +3.270699097e-01 -5.138293009e+01 -5.138293009e+01 +2.6688e+00 +3.1035e+00 -3.3528e+00
440 +8.763931281e-02 +8.763931281e-02 -5.162236069e+01 -5.162236069e+01 +2.7055e+00 +3.0870e+00 -3.3505e+00
495 +5.116775212e-02 +5.116775212e-02 -5.165883225e+01 -5.165883225e+01 +2.7067e+00 +3.0863e+00 -3.3502e+00
505 +3.421803845e-02 +3.421803845e-02 -5.167578196e+01 -5.167578196e+01 +2.7081e+00 +3.0854e+00 -3.3498e+00
522 +2.181965317e-02 +2.181965317e-02 -5.168818035e+01 -5.168818035e+01 +2.7043e+00 +3.0873e+00 -3.3503e+00
1136 +1.533205045e-02 +1.533205045e-02 -5.169466795e+01 -5.169466795e+01 +2.6995e+00 +3.0894e+00 -3.3508e+00
1176 +9.557536131e-03 +9.557536131e-03 -5.170044246e+01 -5.170044246e+01 +2.6678e+00 +3.1038e+00 -3.3544e+00
1197 +5.411753758e-03 +5.411753758e-03 -5.170458825e+01 -5.170458825e+01 +2.6222e+00 +3.1245e+00 -3.3596e+00
1211 +2.901547821e-03 +2.901547821e-03 -5.170709845e+01 -5.170709845e+01 +2.6146e+00 +3.1280e+00 -3.3604e+00
1235 +2.380408687e-03 +2.380408687e-03 -5.170761959e+01 -5.170761959e+01 +2.6330e+00 +3.1196e+00 -3.3583e+00
1242 +1.477721876e-03 +1.477721876e-03 -5.170852228e+01 -5.170852228e+01 +2.6267e+00 +3.1225e+00 -3.3590e+00
1276 +7.189490146e-04 +7.189490146e-04 -5.170928105e+01 -5.170928105e+01 +2.6208e+00 +3.1252e+00 -3.3597e+00
1282 +3.884584271e-04 +3.884584271e-04 -5.170961154e+01 -5.170961154e+01 +2.6143e+00 +3.1281e+00 -3.3604e+00
1316 +1.786662463e-04 +1.786662463e-04 -5.170982133e+01 -5.170982133e+01 +2.6042e+00 +3.1327e+00 -3.3616e+00
1346 +1.155552974e-04 +1.155552974e-04 -5.170988444e+01 -5.170988444e+01 +2.6044e+00 +3.1326e+00 -3.3616e+00
1357 +4.823080634e-05 +4.823080634e-05 -5.170995177e+01 -5.170995177e+01 +2.6055e+00 +3.1321e+00 -3.3614e+00
1393 +2.179235760e-05 +2.179235760e-05 -5.170997821e+01 -5.170997821e+01 +2.6024e+00 +3.1335e+00 -3.3618e+00
1455 +1.391846091e-05 +1.391846091e-05 -5.170998608e+01 -5.170998608e+01 +2.6022e+00 +3.1336e+00 -3.3618e+00
1487 +6.232459995e-06 +6.232459995e-06 -5.170999377e+01 -5.170999377e+01 +2.6029e+00 +3.1333e+00 -3.3617e+00
1532 +3.534183101e-06 +3.534183101e-06 -5.170999647e+01 -5.170999647e+01 +2.6043e+00 +3.1327e+00 -3.3616e+00
1575 +2.344968877e-06 +2.344968877e-06 -5.170999766e+01 -5.170999766e+01 +2.6036e+00 +3.1330e+00 -3.3616e+00
1601 +8.915263408e-07 +8.915263408e-07 -5.170999911e+01 -5.170999911e+01 +2.6037e+00 +3.1329e+00 -3.3616e+00
1627 +2.774535588e-07 +2.774535588e-07 -5.170999972e+01 -5.170999972e+01 +2.6039e+00 +3.1329e+00 -3.3616e+00
1676 +2.021216474e-07 +2.021216474e-07 -5.170999980e+01 -5.170999980e+01 +2.6038e+00 +3.1329e+00 -3.3616e+00
1694 +1.164825107e-07 +1.164825107e-07 -5.170999988e+01 -5.170999988e+01 +2.6038e+00 +3.1329e+00 -3.3616e+00
1740 +9.259936462e-08 +9.259936462e-08 -5.170999991e+01 -5.170999991e+01 +2.6038e+00 +3.1329e+00 -3.3616e+00
1926 +6.192189517e-08 +6.192189517e-08 -5.170999994e+01 -5.170999994e+01 +2.6038e+00 +3.1329e+00 -3.3616e+00
2013 +3.486326960e-08 +3.486326960e-08 -5.170999997e+01 -5.170999997e+01 +2.6039e+00 +3.1328e+00 -3.3616e+00
2027 +2.459526627e-08 +2.459526627e-08 -5.170999998e+01 -5.170999998e+01 +2.6039e+00 +3.1328e+00 -3.3616e+00
2043 +1.459490306e-08 +1.459490306e-08 -5.170999999e+01 -5.170999999e+01 +2.6040e+00 +3.1328e+00 -3.3616e+00
2044 +5.915069323e-09 +5.915069323e-09 -5.170999999e+01 -5.170999999e+01 +2.6040e+00 +3.1328e+00 -3.3616e+00
2046 +3.197797582e-09 +3.197797582e-09 -5.171000000e+01 -5.171000000e+01 +2.6040e+00 +3.1328e+00 -3.3616e+00
% function evaluation | noise-free fitness - Fopt (-2.799500000000e+02) | best noise-free fitness - Fopt | measured fitness | best measured fitness | x1 | x2...
1 +7.847594047e+02 +7.847594047e+02 +5.048094047e+02 +5.048094047e+02 -4.2657e-01 -2.4504e+00 +1.7045e+00
3 +3.769653760e+02 +3.769653760e+02 +9.701537596e+01 +9.701537596e+01 -5.2334e+00 -5.6771e+00 +2.1961e+00
10 +2.347204974e+02 +2.347204974e+02 -4.522950257e+01 -4.522950257e+01 +3.6226e-02 -6.1075e+00 +1.4969e+00
25 +1.458533329e+02 +1.458533329e+02 -1.340966671e+02 -1.340966671e+02 -7.4524e-01 -5.3526e+00 +1.7228e+00
29 +2.096818132e+01 +2.096818132e+01 -2.589818187e+02 -2.589818187e+02 -3.1933e+00 -4.3211e+00 +2.7424e+00
226 +1.341171514e+01 +1.341171514e+01 -2.665382849e+02 -2.665382849e+02 -2.5868e+00 -4.8679e+00 +2.1676e+00
252 +8.609149899e+00 +8.609149899e+00 -2.713408501e+02 -2.713408501e+02 -2.7343e+00 -4.7495e+00 +2.3389e+00
320 +5.295371267e+00 +5.295371267e+00 -2.746546287e+02 -2.746546287e+02 -3.0341e+00 -4.4574e+00 +2.6734e+00
328 +3.964773268e+00 +3.964773268e+00 -2.759852267e+02 -2.759852267e+02 -3.0667e+00 -4.4425e+00 +2.6921e+00
383 +2.509129069e+00 +2.509129069e+00 -2.774408709e+02 -2.774408709e+02 -3.1319e+00 -4.3910e+00 +2.7621e+00
463 +1.581448056e+00 +1.581448056e+00 -2.783685519e+02 -2.783685519e+02 -3.2675e+00 -4.2754e+00 +2.8989e+00
481 +8.909795264e-01 +8.909795264e-01 -2.790590205e+02 -2.790590205e+02 -3.5124e+00 -4.0570e+00 +3.1635e+00
493 +3.692917654e-01 +3.692917654e-01 -2.795807082e+02 -2.795807082e+02 -3.5644e+00 -4.0039e+00 +3.2240e+00
511 +2.028731247e-01 +2.028731247e-01 -2.797471269e+02 -2.797471269e+02 -3.5947e+00 -3.9794e+00 +3.2537e+00
576 +1.146919365e-01 +1.146919365e-01 -2.798353081e+02 -2.798353081e+02 -3.5844e+00 -3.9898e+00 +3.2398e+00
582 +3.531451746e-02 +3.531451746e-02 -2.799146855e+02 -2.799146855e+02 -3.6369e+00 -3.9427e+00 +3.2969e+00
614 +2.199629806e-02 +2.199629806e-02 -2.799280037e+02 -2.799280037e+02 -3.6037e+00 -3.9722e+00 +3.2613e+00
629 +1.324043650e-02 +1.324043650e-02 -2.799367596e+02 -2.799367596e+02 -3.6168e+00 -3.9607e+00 +3.2752e+00
646 +4.955842727e-03 +4.955842727e-03 -2.799450442e+02 -2.799450442e+02 -3.6193e+00 -3.9585e+00 +3.2778e+00
677 +2.440999950e-03 +2.440999950e-03 -2.799475590e+02 -2.799475590e+02 -3.6154e+00 -3.9619e+00 +3.2737e+00
719 +1.220655538e-03 +1.220655538e-03 -2.799487793e+02 -2.799487793e+02 -3.6173e+00 -3.9603e+00 +3.2756e+00
724 +4.104595675e-04 +4.104595675e-04 -2.799495895e+02 -2.799495895e+02 -3.6187e+00 -3.9590e+00 +3.2772e+00
759 +3.050981431e-04 +3.050981431e-04 -2.799496949e+02 -2.799496949e+02 -3.6165e+00 -3.9610e+00 +3.2748e+00
782 +2.117430893e-04 +2.117430893e-04 -2.799497883e+02 -2.799497883e+02 -3.6173e+00 -3.9603e+00 +3.2757e+00
834 +1.024549661e-04 +1.024549661e-04 -2.799498975e+02 -2.799498975e+02 -3.6148e+00 -3.9625e+00 +3.2730e+00
888 +8.060829930e-05 +8.060829930e-05 -2.799499194e+02 -2.799499194e+02 -3.6161e+00 -3.9614e+00 +3.2744e+00
899 +6.059449180e-05 +6.059449180e-05 -2.799499394e+02 -2.799499394e+02 -3.6163e+00 -3.9611e+00 +3.2746e+00
934 +3.094428536e-05 +3.094428536e-05 -2.799499691e+02 -2.799499691e+02 -3.6162e+00 -3.9612e+00 +3.2745e+00
961 +2.345901964e-05 +2.345901964e-05 -2.799499765e+02 -2.799499765e+02 -3.6164e+00 -3.9611e+00 +3.2747e+00
1006 +1.540366861e-05 +1.540366861e-05 -2.799499846e+02 -2.799499846e+02 -3.6165e+00 -3.9610e+00 +3.2748e+00
1320 +9.874866578e-06 +9.874866578e-06 -2.799499901e+02 -2.799499901e+02 -3.6165e+00 -3.9609e+00 +3.2749e+00
1411 +5.401727492e-06 +5.401727492e-06 -2.799499946e+02 -2.799499946e+02 -3.6169e+00 -3.9606e+00 +3.2752e+00
1422 +3.514909679e-06 +3.514909679e-06 -2.799499965e+02 -2.799499965e+02 -3.6170e+00 -3.9605e+00 +3.2754e+00
1430 +2.241964580e-06 +2.241964580e-06 -2.799499978e+02 -2.799499978e+02 -3.6174e+00 -3.9602e+00 +3.2758e+00
1456 +1.414433882e-06 +1.414433882e-06 -2.799499986e+02 -2.799499986e+02 -3.6172e+00 -3.9604e+00 +3.2756e+00
1492 +8.907515507e-07 +8.907515507e-07 -2.799499991e+02 -2.799499991e+02 -3.6174e+00 -3.9601e+00 +3.2758e+00
1493 +2.280686431e-07 +2.280686431e-07 -2.799499998e+02 -2.799499998e+02 -3.6175e+00 -3.9601e+00 +3.2759e+00
1565 +1.213207952e-07 +1.213207952e-07 -2.799499999e+02 -2.799499999e+02 -3.6176e+00 -3.9600e+00 +3.2760e+00
1574 +6.864280522e-08 +6.864280522e-08 -2.799499999e+02 -2.799499999e+02 -3.6175e+00 -3.9600e+00 +3.2759e+00
1591 +4.552748578e-08 +4.552748578e-08 -2.799500000e+02 -2.799500000e+02 -3.6176e+00 -3.9600e+00 +3.2760e+00
1612 +2.362645546e-08 +2.362645546e-08 -2.799500000e+02 -2.799500000e+02 -3.6176e+00 -3.9600e+00 +3.2760e+00
1673 +1.513751613e-08 +1.513751613e-08 -2.799500000e+02 -2.799500000e+02 -3.6176e+00 -3.9600e+00 +3.2760e+00
1838 +9.612335816e-09 +9.612335816e-09 -2.799500000e+02 -2.799500000e+02 -3.6176e+00 -3.9600e+00 +3.2760e+00
% function evaluation | noise-free fitness - Fopt (-2.799500000000e+02) | best noise-free fitness - Fopt | measured fitness | best measured fitness | x1 | x2...
1 +7.300793852e+02 +7.300793852e+02 +4.501293852e+02 +4.501293852e+02 +1.3088e+00 -2.3702e+00 +3.0528e+00
4 +3.987115142e+02 +3.987115142e+02 +1.187615142e+02 +1.187615142e+02 +1.8270e+00 -5.2585e+00 +1.8047e+00
14 +3.789740357e+02 +3.789740357e+02 +9.902403567e+01 +9.902403567e+01 +3.3223e-01 -4.0530e+00 +4.0382e+00
52 +1.946387597e+02 +1.946387597e+02 -8.531124030e+01 -8.531124030e+01 -2.5218e+00 -3.1796e+00 +4.6377e+00
66 +1.576391500e+02 +1.576391500e+02 -1.223108500e+02 -1.223108500e+02 -2.5532e+00 -3.4903e+00 +4.2131e+00
74 +4.443798284e+01 +4.443798284e+01 -2.355120172e+02 -2.355120172e+02 -4.0892e+00 -3.8850e+00 +3.2132e+00
89 +1.597892946e+01 +1.597892946e+01 -2.639710705e+02 -2.639710705e+02 -3.3940e+00 -4.2893e+00 +2.8424e+00
213 +1.351210873e+01 +1.351210873e+01 -2.664378913e+02 -2.664378913e+02 -4.1563e+00 -3.4642e+00 +3.8128e+00
220 +9.639871578e+00 +9.639871578e+00 -2.703101284e+02 -2.703101284e+02 -4.2053e+00 -3.3794e+00 +3.9652e+00
229 +5.215799886e+00 +5.215799886e+00 -2.747342001e+02 -2.747342001e+02 -4.1408e+00 -3.5147e+00 +3.8208e+00
280 +1.262347126e+00 +1.262347126e+00 -2.786876529e+02 -2.786876529e+02 -3.8759e+00 -3.7347e+00 +3.5428e+00
352 +9.447904015e-01 +9.447904015e-01 -2.790052096e+02 -2.790052096e+02 -3.9014e+00 -3.7101e+00 +3.5746e+00
477 +6.288845454e-01 +6.288845454e-01 -2.793211155e+02 -2.793211155e+02 -3.8827e+00 -3.7247e+00 +3.5578e+00
670 +3.905889126e-01 +3.905889126e-01 -2.795594111e+02 -2.795594111e+02 -3.8271e+00 -3.7741e+00 +3.4987e+00
706 +2.097596123e-01 +2.097596123e-01 -2.797402404e+02 -2.797402404e+02 -3.7573e+00 -3.8363e+00 +3.4240e+00
711 +1.242519524e-01 +1.242519524e-01 -2.798257480e+02 -2.798257480e+02 -3.6873e+00 -3.8985e+00 +3.3500e+00
713 +7.330794320e-02 +7.330794320e-02 -2.798766921e+02 -2.798766921e+02 -3.7013e+00 -3.8858e+00 +3.3648e+00
746 +5.331606501e-02 +5.331606501e-02 -2.798966839e+02 -2.798966839e+02 -3.6100e+00 -3.9667e+00 +3.2677e+00
766 +2.869000445e-02 +2.869000445e-02 -2.799213100e+02 -2.799213100e+02 -3.6322e+00 -3.9472e+00 +3.2914e+00
770 +2.179481812e-02 +2.179481812e-02 -2.799282052e+02 -2.799282052e+02 -3.6181e+00 -3.9597e+00 +3.2765e+00
778 +1.392878968e-02 +1.392878968e-02 -2.799360712e+02 -2.799360712e+02 -3.6253e+00 -3.9531e+00 +3.2843e+00
800 +7.395886121e-03 +7.395886121e-03 -2.799426041e+02 -2.799426041e+02 -3.6329e+00 -3.9464e+00 +3.2923e+00
801 +2.671274584e-03 +2.671274584e-03 -2.799473287e+02 -2.799473287e+02 -3.6156e+00 -3.9617e+00 +3.2739e+00
849 +1.661909315e-03 +1.661909315e-03 -2.799483381e+02 -2.799483381e+02 -3.6239e+00 -3.9544e+00 +3.2827e+00
862 +1.445903485e-03 +1.445903485e-03 -2.799485541e+02 -2.799485541e+02 -3.6245e+00 -3.9539e+00 +3.2834e+00
875 +8.298856954e-04 +8.298856954e-04 -2.799491701e+02 -2.799491701e+02 -3.6215e+00 -3.9565e+00 +3.2802e+00
909 +5.760323145e-04 +5.760323145e-04 -2.799494240e+02 -2.799494240e+02 -3.6218e+00 -3.9563e+00 +3.2805e+00
928 +3.686618150e-04 +3.686618150e-04 -2.799496313e+02 -2.799496313e+02 -3.6217e+00 -3.9564e+00 +3.2803e+00
932 +2.396636945e-04 +2.396636945e-04 -2.799497603e+02 -2.799497603e+02 -3.6218e+00 -3.9563e+00 +3.2804e+00
971 +1.579826525e-04 +1.579826525e-04 -2.799498420e+02 -2.799498420e+02 -3.6202e+00 -3.9577e+00 +3.2788e+00
1037 +8.022005738e-05 +8.022005738e-05 -2.799499198e+02 -2.799499198e+02 -3.6200e+00 -3.9579e+00 +3.2786e+00
1061 +6.127766500e-05 +6.127766500e-05 -2.799499387e+02 -2.799499387e+02 -3.6199e+00 -3.9579e+00 +3.2785e+00
1112 +3.632673713e-05 +3.632673713e-05 -2.799499637e+02 -2.799499637e+02 -3.6196e+00 -3.9582e+00 +3.2781e+00
1226 +2.242368492e-05 +2.242368492e-05 -2.799499776e+02 -2.799499776e+02 -3.6192e+00 -3.9586e+00 +3.2777e+00
1340 +1.545989045e-05 +1.545989045e-05 -2.799499845e+02 -2.799499845e+02 -3.6189e+00 -3.9588e+00 +3.2774e+00
1374 +8.802180218e-06 +8.802180218e-06 -2.799499912e+02 -2.799499912e+02 -3.6185e+00 -3.9592e+00 +3.2770e+00
1379 +5.407515800e-06 +5.407515800e-06 -2.799499946e+02 -2.799499946e+02 -3.6183e+00 -3.9594e+00 +3.2767e+00
1392 +3.566252531e-06 +3.566252531e-06 -2.799499964e+02 -2.799499964e+02 -3.6180e+00 -3.9596e+00 +3.2764e+00
1399 +2.456250343e-06 +2.456250343e-06 -2.799499975e+02 -2.799499975e+02 -3.6175e+00 -3.9601e+00 +3.2759e+00
1410 +1.163753439e-06 +1.163753439e-06 -2.799499988e+02 -2.799499988e+02 -3.6175e+00 -3.9601e+00 +3.2759e+00
1472 +8.821726283e-07 +8.821726283e-07 -2.799499991e+02 -2.799499991e+02 -3.6178e+00 -3.9598e+00 +3.2762e+00
1491 +4.500533919e-07 +4.500533919e-07 -2.799499995e+02 -2.799499995e+02 -3.6176e+00 -3.9600e+00 +3.2760e+00
1500 +3.711775776e-07 +3.711775776e-07 -2.799499996e+02 -2.799499996e+02 -3.6176e+00 -3.9600e+00 +3.2760e+00
1557 +3.595272347e-08 +3.595272347e-08 -2.799500000e+02 -2.799500000e+02 -3.6176e+00 -3.9600e+00 +3.2760e+00
1599 +1.260593763e-08 +1.260593763e-08 -2.799500000e+02 -2.799500000e+02 -3.6176e+00 -3.9600e+00 +3.2760e+00
1706 +9.327777661e-09 +9.327777661e-09 -2.799500000e+02 -2.799500000e+02 -3.6176e+00 -3.9600e+00 +3.2760e+00
% function evaluation | noise-free fitness - Fopt (-2.799500000000e+02) | best noise-free fitness - Fopt | measured fitness | best measured fitness | x1 | x2...
1 +6.976704888e+02 +6.976704888e+02 +4.177204888e+02 +4.177204888e+02 +2.9233e+00 -3.7404e+00 +2.0402e+00
7 +3.671000536e+02 +3.671000536e+02 +8.715005363e+01 +8.715005363e+01 -5.3208e-01 -3.8473e+00 +2.2941e+00
18 +1.446119284e+02 +1.446119284e+02 -1.353380716e+02 -1.353380716e+02 -1.2597e+00 -4.7820e+00 +2.5140e+00
47 +3.799320627e+01 +3.799320627e+01 -2.419567937e+02 -2.419567937e+02 -3.8545e+00 -4.1245e+00 +3.1021e+00
76 +1.108214629e+01 +1.108214629e+01 -2.688678537e+02 -2.688678537e+02 -3.8017e+00 -3.6937e+00 +3.6038e+00
147 +5.031080208e+00 +5.031080208e+00 -2.749189198e+02 -2.749189198e+02 -3.7769e+00 -3.8640e+00 +3.3805e+00
184 +2.462283144e+00 +2.462283144e+00 -2.774877169e+02 -2.774877169e+02 -3.7373e+00 -3.8513e+00 +3.4185e+00
255 +1.208640857e+00 +1.208640857e+00 -2.787413591e+02 -2.787413591e+02 -3.7417e+00 -3.8401e+00 +3.4176e+00
261 +6.283887228e-01 +6.283887228e-01 -2.793216113e+02 -2.793216113e+02 -3.7500e+00 -3.8416e+00 +3.4153e+00
313 +3.362929860e-01 +3.362929860e-01 -2.796137070e+02 -2.796137070e+02 -3.7502e+00 -3.8406e+00 +3.4188e+00
331 +2.335173856e-01 +2.335173856e-01 -2.797164826e+02 -2.797164826e+02 -3.7521e+00 -3.8407e+00 +3.4185e+00
472 +1.584133233e-01 +1.584133233e-01 -2.797915867e+02 -2.797915867e+02 -3.7516e+00 -3.8411e+00 +3.4184e+00
1022 +9.995443216e-02 +9.995443216e-02 -2.798500456e+02 -2.798500456e+02 -3.7192e+00 -3.8699e+00 +3.3839e+00
1044 +6.180781866e-02 +6.180781866e-02 -2.798881922e+02 -2.798881922e+02 -3.6814e+00 -3.9036e+00 +3.3435e+00
1072 +2.898954064e-02 +2.898954064e-02 -2.799210105e+02 -2.799210105e+02 -3.6483e+00 -3.9330e+00 +3.3084e+00
1075 +1.932829151e-02 +1.932829151e-02 -2.799306717e+02 -2.799306717e+02 -3.6163e+00 -3.9613e+00 +3.2745e+00
1079 +1.045363426e-02 +1.045363426e-02 -2.799395464e+02 -2.799395464e+02 -3.6347e+00 -3.9449e+00 +3.2941e+00
1097 +9.380290929e-03 +9.380290929e-03 -2.799406197e+02 -2.799406197e+02 -3.6214e+00 -3.9567e+00 +3.2799e+00
1118 +4.306249230e-03 +4.306249230e-03 -2.799456938e+02 -2.799456938e+02 -3.6170e+00 -3.9605e+00 +3.2753e+00
1162 +3.902009616e-03 +3.902009616e-03 -2.799460980e+02 -2.799460980e+02 -3.6215e+00 -3.9566e+00 +3.2801e+00
1202 +1.526157818e-03 +1.526157818e-03 -2.799484738e+02 -2.799484738e+02 -3.6135e+00 -3.9637e+00 +3.2716e+00
1228 +5.826520365e-04 +5.826520365e-04 -2.799494173e+02 -2.799494173e+02 -3.6181e+00 -3.9596e+00 +3.2765e+00
1293 +2.797947883e-04 +2.797947883e-04 -2.799497202e+02 -2.799497202e+02 -3.6225e+00 -3.9556e+00 +3.2813e+00
1311 +2.357026456e-04 +2.357026456e-04 -2.799497643e+02 -2.799497643e+02 -3.6222e+00 -3.9559e+00 +3.2809e+00
1381 +1.491845863e-04 +1.491845863e-04 -2.799498508e+02 -2.799498508e+02 -3.6210e+00 -3.9570e+00 +3.2796e+00
1423 +9.161493739e-05 +9.161493739e-05 -2.799499084e+02 -2.799499084e+02 -3.6195e+00 -3.9583e+00 +3.2780e+00
1430 +5.513460235e-05 +5.513460235e-05 -2.799499449e+02 -2.799499449e+02 -3.6184e+00 -3.9593e+00 +3.2769e+00
1462 +2.004175417e-05 +2.004175417e-05 -2.799499800e+02 -2.799499800e+02 -3.6183e+00 -3.9594e+00 +3.2768e+00
1486 +1.561187679e-05 +1.561187679e-05 -2.799499844e+02 -2.799499844e+02 -3.6182e+00 -3.9595e+00 +3.2766e+00
1528 +9.483963311e-06 +9.483963311e-06 -2.799499905e+02 -2.799499905e+02 -3.6181e+00 -3.9596e+00 +3.2765e+00
1542 +2.730661151e-06 +2.730661151e-06 -2.799499973e+02 -2.799499973e+02 -3.6181e+00 -3.9595e+00 +3.2766e+00
1661 +2.404125951e-06 +2.404125951e-06 -2.799499976e+02 -2.799499976e+02 -3.6181e+00 -3.9595e+00 +3.2765e+00
1910 +1.567268953e-06 +1.567268953e-06 -2.799499984e+02 -2.799499984e+02 -3.6180e+00 -3.9596e+00 +3.2764e+00
1923 +6.785593882e-07 +6.785593882e-07 -2.799499993e+02 -2.799499993e+02 -3.6179e+00 -3.9598e+00 +3.2763e+00
1936 +5.471892450e-07 +5.471892450e-07 -2.799499995e+02 -2.799499995e+02 -3.6176e+00 -3.9600e+00 +3.2759e+00
1954 +2.272713004e-07 +2.272713004e-07 -2.799499998e+02 -2.799499998e+02 -3.6175e+00 -3.9601e+00 +3.2758e+00
2007 +1.536638479e-07 +1.536638479e-07 -2.799499998e+02 -2.799499998e+02 -3.6175e+00 -3.9601e+00 +3.2759e+00
2042 +9.455857253e-08 +9.455857253e-08 -2.799499999e+02 -2.799499999e+02 -3.6176e+00 -3.9600e+00 +3.2760e+00
2058 +2.469812443e-08 +2.469812443e-08 -2.799500000e+02 -2.799500000e+02 -3.6176e+00 -3.9600e+00 +3.2760e+00
2130 +5.244601198e-09 +5.244601198e-09 -2.799500000e+02 -2.799500000e+02 -3.6176e+00 -3.9600e+00 +3.2760e+00
% function evaluation | noise-free fitness - Fopt (9.319900000000e+02) | best noise-free fitness - Fopt | measured fitness | best measured fitness | x1 | x2...
1 +2.255127614e+02 +2.255127614e+02 +1.157502761e+03 +1.157502761e+03 +2.3686e+00 +2.8205e+00 +5.0330e-01
7 +4.348999463e+01 +4.348999463e+01 +9.754799946e+02 +9.754799946e+02 +1.5710e+00 +9.9131e-01 +2.6832e+00
89 +3.698732338e+01 +3.698732338e+01 +9.689773234e+02 +9.689773234e+02 +1.6041e+00 +1.8345e+00 +2.7164e+00
99 +1.817214774e+01 +1.817214774e+01 +9.501621477e+02 +9.501621477e+02 +1.9640e+00 +2.3111e+00 +2.5245e+00
110 +7.197485124e+00 +7.197485124e+00 +9.391874851e+02 +9.391874851e+02 +1.4458e+00 +1.1497e+00 +2.7880e+00
145 +2.768684501e+00 +2.768684501e+00 +9.347586845e+02 +9.347586845e+02 +1.4107e+00 +1.0271e+00 +2.8731e+00
169 +2.441189498e+00 +2.441189498e+00 +9.344311895e+02 +9.344311895e+02 +1.2544e+00 +6.8797e-01 +3.0080e+00
188 +8.698880777e-01 +8.698880777e-01 +9.328598881e+02 +9.328598881e+02 +1.3154e+00 +8.2042e-01 +2.9482e+00
199 +2.829262247e-01 +2.829262247e-01 +9.322729262e+02 +9.322729262e+02 +1.3547e+00 +9.1954e-01 +2.9167e+00
288 +2.042416005e-01 +2.042416005e-01 +9.321942416e+02 +9.321942416e+02 +1.3950e+00 +1.0161e+00 +2.8920e+00
321 +1.509468708e-01 +1.509468708e-01 +9.321409469e+02 +9.321409469e+02 +1.3792e+00 +9.7798e-01 +2.9027e+00
346 +9.922230265e-02 +9.922230265e-02 +9.320892223e+02 +9.320892223e+02 +1.3758e+00 +9.7071e-01 +2.9049e+00
411 +6.052556364e-02 +6.052556364e-02 +9.320505256e+02 +9.320505256e+02 +1.3700e+00 +9.5735e-01 +2.9082e+00
471 +3.868938961e-02 +3.868938961e-02 +9.320286894e+02 +9.320286894e+02 +1.3651e+00 +9.4552e-01 +2.9117e+00
499 +2.217225393e-02 +2.217225393e-02 +9.320121723e+02 +9.320121723e+02 +1.3548e+00 +9.2159e-01 +2.9184e+00
542 +1.571345697e-02 +1.571345697e-02 +9.320057135e+02 +9.320057135e+02 +1.3417e+00 +8.9083e-01 +2.9276e+00
570 +9.178217992e-03 +9.178217992e-03 +9.319991782e+02 +9.319991782e+02 +1.3472e+00 +9.0381e-01 +2.9237e+00
578 +1.738551112e-03 +1.738551112e-03 +9.319917386e+02 +9.319917386e+02 +1.3437e+00 +8.9562e-01 +2.9260e+00
649 +1.173852334e-03 +1.173852334e-03 +9.319911739e+02 +9.319911739e+02 +1.3379e+00 +8.8211e-01 +2.9299e+00
697 +4.913175002e-04 +4.913175002e-04 +9.319904913e+02 +9.319904913e+02 +1.3369e+00 +8.7978e-01 +2.9306e+00
714 +2.062046983e-04 +2.062046983e-04 +9.319902062e+02 +9.319902062e+02 +1.3397e+00 +8.8635e-01 +2.9287e+00
781 +1.577528374e-04 +1.577528374e-04 +9.319901578e+02 +9.319901578e+02 +1.3388e+00 +8.8414e-01 +2.9293e+00
804 +9.515732063e-05 +9.515732063e-05 +9.319900952e+02 +9.319900952e+02 +1.3397e+00 +8.8616e-01 +2.9287e+00
823 +4.422908148e-05 +4.422908148e-05 +9.319900442e+02 +9.319900442e+02 +1.3381e+00 +8.8239e-01 +2.9298e+00
829 +3.829739092e-05 +3.829739092e-05 +9.319900383e+02 +9.319900383e+02 +1.3387e+00 +8.8396e-01 +2.9294e+00
880 +2.213947391e-05 +2.213947391e-05 +9.319900221e+02 +9.319900221e+02 +1.3389e+00 +8.8432e-01 +2.9293e+00
913 +1.299041332e-05 +1.299041332e-05 +9.319900130e+02 +9.319900130e+02 +1.3388e+00 +8.8413e-01 +2.9293e+00
938 +9.052626410e-06 +9.052626410e-06 +9.319900091e+02 +9.319900091e+02 +1.3388e+00 +8.8405e-01 +2.9294e+00
950 +3.524996373e-06 +3.524996373e-06 +9.319900035e+02 +9.319900035e+02 +1.3387e+00 +8.8381e-01 +2.9294e+00
1032 +1.843224027e-07 +1.843224027e-07 +9.319900002e+02 +9.319900002e+02 +1.3384e+00 +8.8315e-01 +2.9296e+00
1106 +6.523760021e-08 +6.523760021e-08 +9.319900001e+02 +9.319900001e+02 +1.3384e+00 +8.8313e-01 +2.9296e+00
1173 +6.125833352e-08 +6.125833352e-08 +9.319900001e+02 +9.319900001e+02 +1.3384e+00 +8.8312e-01 +2.9296e+00
1345 +3.866693987e-08 +3.866693987e-08 +9.319900000e+02 +9.319900000e+02 +1.3384e+00 +8.8314e-01 +2.9296e+00
1384 +2.290357770e-08 +2.290357770e-08 +9.319900000e+02 +9.319900000e+02 +1.3384e+00 +8.8315e-01 +2.9296e+00
1410 +1.190380772e-08 +1.190380772e-08 +9.319900000e+02 +9.319900000e+02 +1.3384e+00 +8.8317e-01 +2.9296e+00
1422 +6.014033715e-09 +6.014033715e-09 +9.319900000e+02 +9.319900000e+02 +1.3384e+00 +8.8317e-01 +2.9296e+00
% function evaluation | noise-free fitness - Fopt (9.319900000000e+02) | best noise-free fitness - Fopt | measured fitness | best measured fitness | x1 | x2...
1 +4.964956099e+02 +4.964956099e+02 +1.428485610e+03 +1.428485610e+03 -1.0708e-01 +1.4405e+00 -4.5728e-02
2 +1.525064771e+02 +1.525064771e+02 +1.084496477e+03 +1.084496477e+03 +1.9333e+00 +6.5880e-01 +2.4783e+00
69 +7.366748833e+01 +7.366748833e+01 +1.005657488e+03 +1.005657488e+03 +7.5162e-01 -2.7774e-01 +3.8797e+00
107 +6.142618371e+01 +6.142618371e+01 +9.934161837e+02 +9.934161837e+02 +4.2500e-01 -9.8621e-01 +3.7410e+00
140 +3.399462880e+01 +3.399462880e+01 +9.659846288e+02 +9.659846288e+02 +9.0054e-01 -1.7842e-01 +3.4827e+00
150 +2.467019791e+01 +2.467019791e+01 +9.566601979e+02 +9.566601979e+02 +1.0853e+00 +2.0174e-01 +2.9081e+00
153 +1.276340965e+01 +1.276340965e+01 +9.447534097e+02 +9.447534097e+02 +8.3199e-01 -2.8282e-01 +3.2418e+00
233 +6.596799050e+00 +6.596799050e+00 +9.385867990e+02 +9.385867990e+02 +1.1081e+00 +3.0022e-01 +3.0844e+00
235 +5.184363158e+00 +5.184363158e+00 +9.371743632e+02 +9.371743632e+02 +1.1334e+00 +3.8081e-01 +3.0982e+00
263 +3.867317829e+00 +3.867317829e+00 +9.358573178e+02 +9.358573178e+02 +1.1370e+00 +3.9284e-01 +3.0805e+00
325 +2.196511372e+00 +2.196511372e+00 +9.341865114e+02 +9.341865114e+02 +1.1134e+00 +3.5638e-01 +3.0793e+00
537 +1.581049872e+00 +1.581049872e+00 +9.335710499e+02 +9.335710499e+02 +1.1442e+00 +4.2863e-01 +3.0596e+00
570 +9.852721155e-01 +9.852721155e-01 +9.329752721e+02 +9.329752721e+02 +1.1912e+00 +5.3771e-01 +3.0294e+00
578 +5.013240350e-01 +5.013240350e-01 +9.324913240e+02 +9.324913240e+02 +1.2613e+00 +7.0515e-01 +2.9795e+00
604 +3.933640588e-01 +3.933640588e-01 +9.323833641e+02 +9.323833641e+02 +1.3014e+00 +8.0028e-01 +2.9528e+00
621 +2.256343306e-01 +2.256343306e-01 +9.322156343e+02 +9.322156343e+02 +1.2853e+00 +7.5932e-01 +2.9664e+00
632 +1.523567096e-01 +1.523567096e-01 +9.321423567e+02 +9.321423567e+02 +1.3064e+00 +8.0929e-01 +2.9501e+00
658 +7.186005515e-02 +7.186005515e-02 +9.320618601e+02 +9.320618601e+02 +1.3149e+00 +8.2842e-01 +2.9459e+00
684 +3.375282992e-02 +3.375282992e-02 +9.320237528e+02 +9.320237528e+02 +1.3254e+00 +8.5247e-01 +2.9383e+00
699 +2.378407745e-02 +2.378407745e-02 +9.320137841e+02 +9.320137841e+02 +1.3220e+00 +8.4500e-01 +2.9407e+00
734 +6.489752423e-03 +6.489752423e-03 +9.319964898e+02 +9.319964898e+02 +1.3299e+00 +8.6329e-01 +2.9353e+00
1029 +6.307986388e-03 +6.307986388e-03 +9.319963080e+02 +9.319963080e+02 +1.3259e+00 +8.5392e-01 +2.9380e+00
1103 +3.480126276e-03 +3.480126276e-03 +9.319934801e+02 +9.319934801e+02 +1.3330e+00 +8.7051e-01 +2.9333e+00
1122 +1.172400413e-03 +1.172400413e-03 +9.319911724e+02 +9.319911724e+02 +1.3360e+00 +8.7755e-01 +2.9312e+00
1137 +8.266655747e-04 +8.266655747e-04 +9.319908267e+02 +9.319908267e+02 +1.3387e+00 +8.8394e-01 +2.9294e+00
1153 +3.633295159e-04 +3.633295159e-04 +9.319903633e+02 +9.319903633e+02 +1.3369e+00 +8.7971e-01 +2.9306e+00
1181 +1.861829302e-04 +1.861829302e-04 +9.319901862e+02 +9.319901862e+02 +1.3372e+00 +8.8041e-01 +2.9304e+00
1203 +1.516784002e-04 +1.516784002e-04 +9.319901517e+02 +9.319901517e+02 +1.3380e+00 +8.8232e-01 +2.9299e+00
1226 +7.084180857e-05 +7.084180857e-05 +9.319900708e+02 +9.319900708e+02 +1.3382e+00 +8.8276e-01 +2.9297e+00
1234 +4.615797673e-05 +4.615797673e-05 +9.319900462e+02 +9.319900462e+02 +1.3379e+00 +8.8195e-01 +2.9300e+00
1297 +3.265044415e-05 +3.265044415e-05 +9.319900327e+02 +9.319900327e+02 +1.3378e+00 +8.8172e-01 +2.9300e+00
1312 +1.860841951e-05 +1.860841951e-05 +9.319900186e+02 +9.319900186e+02 +1.3379e+00 +8.8199e-01 +2.9299e+00
1368 +1.441970289e-05 +1.441970289e-05 +9.319900144e+02 +9.319900144e+02 +1.3381e+00 +8.8253e-01 +2.9298e+00
1390 +8.525521253e-06 +8.525521253e-06 +9.319900085e+02 +9.319900085e+02 +1.3380e+00 +8.8218e-01 +2.9299e+00
1396 +5.698989412e-06 +5.698989412e-06 +9.319900057e+02 +9.319900057e+02 +1.3381e+00 +8.8239e-01 +2.9298e+00
1759 +3.557923264e-06 +3.557923264e-06 +9.319900036e+02 +9.319900036e+02 +1.3381e+00 +8.8252e-01 +2.9298e+00
1780 +2.245716701e-06 +2.245716701e-06 +9.319900022e+02 +9.319900022e+02 +1.3382e+00 +8.8268e-01 +2.9298e+00
1797 +5.430242709e-07 +5.430242709e-07 +9.319900005e+02 +9.319900005e+02 +1.3383e+00 +8.8299e-01 +2.9297e+00
1835 +3.187243465e-07 +3.187243465e-07 +9.319900003e+02 +9.319900003e+02 +1.3385e+00 +8.8334e-01 +2.9296e+00
1873 +2.315116490e-07 +2.315116490e-07 +9.319900002e+02 +9.319900002e+02 +1.3384e+00 +8.8328e-01 +2.9296e+00
1881 +1.242261760e-07 +1.242261760e-07 +9.319900001e+02 +9.319900001e+02 +1.3384e+00 +8.8325e-01 +2.9296e+00
1915 +8.172639809e-08 +8.172639809e-08 +9.319900001e+02 +9.319900001e+02 +1.3384e+00 +8.8329e-01 +2.9296e+00
1929 +2.079843853e-08 +2.079843853e-08 +9.319900000e+02 +9.319900000e+02 +1.3384e+00 +8.8322e-01 +2.9296e+00
1985 +1.016644546e-08 +1.016644546e-08 +9.319900000e+02 +9.319900000e+02 +1.3384e+00 +8.8323e-01 +2.9296e+00
2020 +8.618599168e-09 +8.618599168e-09 +9.319900000e+02 +9.319900000e+02 +1.3384e+00 +8.8319e-01 +2.9296e+00
2025 +6.119307727e-09 +6.119307727e-09 +9.319900000e+02 +9.319900000e+02 +1.3384e+00 +8.8320e-01 +2.9296e+00
% function evaluation | noise-free fitness - Fopt (9.319900000000e+02) | best noise-free fitness - Fopt | measured fitness | best measured fitness | x1 | x2...
1 +1.008074727e+03 +1.008074727e+03 +1.940064727e+03 +1.940064727e+03 +2.6490e+00 -3.6656e+00 -3.1286e+00
2 +9.756839161e+02 +9.756839161e+02 +1.907673916e+03 +1.907673916e+03 +3.2595e+00 -3.3547e+00 -8.5281e-01
7 +5.232468113e+02 +5.232468113e+02 +1.455236811e+03 +1.455236811e+03 +3.6643e+00 +8.6669e-01 +8.4982e-01
13 +1.232850588e+02 +1.232850588e+02 +1.055275059e+03 +1.055275059e+03 +1.7691e+00 +1.2527e+00 +3.8755e+00
45 +4.686748250e+01 +4.686748250e+01 +9.788574825e+02 +9.788574825e+02 +2.0945e+00 +2.3971e+00 +2.6883e+00
119 +3.679013898e+01 +3.679013898e+01 +9.687801390e+02 +9.687801390e+02 +2.0975e+00 +2.6239e+00 +2.5858e+00
165 +1.985901138e+01 +1.985901138e+01 +9.518490114e+02 +9.518490114e+02 +1.8720e+00 +2.2083e+00 +2.5685e+00
172 +1.407823036e+01 +1.407823036e+01 +9.460682304e+02 +9.460682304e+02 +1.7829e+00 +1.9792e+00 +2.6082e+00
207 +9.553505323e+00 +9.553505323e+00 +9.415435053e+02 +9.415435053e+02 +1.6534e+00 +1.6264e+00 +2.7749e+00
242 +5.984608055e+00 +5.984608055e+00 +9.379746081e+02 +9.379746081e+02 +1.6181e+00 +1.5036e+00 +2.7419e+00
263 +3.337268552e+00 +3.337268552e+00 +9.353272686e+02 +9.353272686e+02 +1.4652e+00 +1.1737e+00 +2.8183e+00
281 +1.566486837e+00 +1.566486837e+00 +9.335564868e+02 +9.335564868e+02 +1.4479e+00 +1.1277e+00 +2.8617e+00
316 +6.070577894e-01 +6.070577894e-01 +9.325970578e+02 +9.325970578e+02 +1.4278e+00 +1.0908e+00 +2.8724e+00
344 +2.452984761e-01 +2.452984761e-01 +9.322352985e+02 +9.322352985e+02 +1.3147e+00 +8.2942e-01 +2.9437e+00
413 +1.256373011e-01 +1.256373011e-01 +9.321156373e+02 +9.321156373e+02 +1.3122e+00 +8.2247e-01 +2.9480e+00
417 +7.587412062e-02 +7.587412062e-02 +9.320658741e+02 +9.320658741e+02 +1.3293e+00 +8.6183e-01 +2.9350e+00
466 +5.876680806e-02 +5.876680806e-02 +9.320487668e+02 +9.320487668e+02 +1.3199e+00 +8.3986e-01 +2.9425e+00
470 +2.399005815e-02 +2.399005815e-02 +9.320139901e+02 +9.320139901e+02 +1.3229e+00 +8.4693e-01 +2.9402e+00
541 +1.232634338e-02 +1.232634338e-02 +9.320023263e+02 +9.320023263e+02 +1.3324e+00 +8.6938e-01 +2.9336e+00
578 +8.466945210e-03 +8.466945210e-03 +9.319984669e+02 +9.319984669e+02 +1.3371e+00 +8.8015e-01 +2.9304e+00
584 +5.121906364e-03 +5.121906364e-03 +9.319951219e+02 +9.319951219e+02 +1.3376e+00 +8.8128e-01 +2.9302e+00
602 +3.382951968e-03 +3.382951968e-03 +9.319933830e+02 +9.319933830e+02 +1.3393e+00 +8.8528e-01 +2.9290e+00
616 +2.473244866e-03 +2.473244866e-03 +9.319924732e+02 +9.319924732e+02 +1.3373e+00 +8.8074e-01 +2.9303e+00
631 +1.088488707e-03 +1.088488707e-03 +9.319910885e+02 +9.319910885e+02 +1.3370e+00 +8.8000e-01 +2.9305e+00
642 +8.262019832e-04 +8.262019832e-04 +9.319908262e+02 +9.319908262e+02 +1.3369e+00 +8.7971e-01 +2.9306e+00
667 +4.709290403e-04 +4.709290403e-04 +9.319904709e+02 +9.319904709e+02 +1.3372e+00 +8.8036e-01 +2.9304e+00
686 +3.548153555e-04 +3.548153555e-04 +9.319903548e+02 +9.319903548e+02 +1.3367e+00 +8.7930e-01 +2.9307e+00
720 +1.711498371e-04 +1.711498371e-04 +9.319901711e+02 +9.319901711e+02 +1.3370e+00 +8.8000e-01 +2.9305e+00
751 +1.413769087e-04 +1.413769087e-04 +9.319901414e+02 +9.319901414e+02 +1.3371e+00 +8.8014e-01 +2.9305e+00
794 +9.943949681e-05 +9.943949681e-05 +9.319900994e+02 +9.319900994e+02 +1.3370e+00 +8.7996e-01 +2.9305e+00
1308 +6.058522638e-05 +6.058522638e-05 +9.319900606e+02 +9.319900606e+02 +1.3372e+00 +8.8032e-01 +2.9304e+00
1328 +3.602546485e-05 +3.602546485e-05 +9.319900360e+02 +9.319900360e+02 +1.3375e+00 +8.8101e-01 +2.9302e+00
1335 +1.589468525e-05 +1.589468525e-05 +9.319900159e+02 +9.319900159e+02 +1.3379e+00 +8.8201e-01 +2.9299e+00
1339 +1.519827924e-05 +1.519827924e-05 +9.319900152e+02 +9.319900152e+02 +1.3380e+00 +8.8220e-01 +2.9299e+00
1344 +7.238213357e-06 +7.238213357e-06 +9.319900072e+02 +9.319900072e+02 +1.3382e+00 +8.8278e-01 +2.9297e+00
1349 +6.088180953e-06 +6.088180953e-06 +9.319900061e+02 +9.319900061e+02 +1.3386e+00 +8.8373e-01 +2.9294e+00
1381 +1.778623528e-06 +1.778623528e-06 +9.319900018e+02 +9.319900018e+02 +1.3383e+00 +8.8299e-01 +2.9297e+00
1398 +1.324357640e-06 +1.324357640e-06 +9.319900013e+02 +9.319900013e+02 +1.3383e+00 +8.8298e-01 +2.9297e+00
1450 +9.280029190e-07 +9.280029190e-07 +9.319900009e+02 +9.319900009e+02 +1.3384e+00 +8.8323e-01 +2.9296e+00
1469 +1.776315912e-07 +1.776315912e-07 +9.319900002e+02 +9.319900002e+02 +1.3384e+00 +8.8322e-01 +2.9296e+00
1489 +1.575638180e-07 +1.575638180e-07 +9.319900002e+02 +9.319900002e+02 +1.3384e+00 +8.8319e-01 +2.9296e+00
1494 +6.903917438e-08 +6.903917438e-08 +9.319900001e+02 +9.319900001e+02 +1.3384e+00 +8.8322e-01 +2.9296e+00
1513 +2.350452633e-08 +2.350452633e-08 +9.319900000e+02 +9.319900000e+02 +1.3384e+00 +8.8320e-01 +2.9296e+00
1578 +5.045080798e-09 +5.045080798e-09 +9.319900000e+02 +9.319900000e+02 +1.3384e+00 +8.8321e-01 +2.9296e+00
% function evaluation | noise-free fitness - Fopt (1.133100000000e+02) | best noise-free fitness - Fopt | measured fitness | best measured fitness | x1 | x2...
1 +1.193706631e+03 +1.193706631e+03 +1.307016631e+03 +1.307016631e+03 -1.2966e+00 -1.8229e+00 -7.9402e-01
3 +9.126142295e+02 +9.126142295e+02 +1.025924230e+03 +1.025924230e+03 -1.2853e-02 -2.3810e+00 +8.3918e-01
6 +6.158644243e+02 +6.158644243e+02 +7.291744243e+02 +7.291744243e+02 -7.9168e-01 +4.9082e+00 -8.1055e-01
13 +2.772117172e+02 +2.772117172e+02 +3.905217172e+02 +3.905217172e+02 +1.4912e+00 +2.2776e+00 -2.3611e-01
18 +2.258340028e+02 +2.258340028e+02 +3.391440028e+02 +3.391440028e+02 +2.5098e+00 +4.7552e-01 +1.2790e+00
20 +1.203419327e+02 +1.203419327e+02 +2.336519327e+02 +2.336519327e+02 +1.7932e+00 +2.8124e+00 +2.8089e-01
34 +3.268285338e+01 +3.268285338e+01 +1.459928534e+02 +1.459928534e+02 +2.2999e+00 +2.9062e+00 +4.6596e-01
129 +2.438439159e+01 +2.438439159e+01 +1.376943916e+02 +1.376943916e+02 +2.3074e+00 +3.6997e+00 -1.5359e-01
145 +1.507784138e+01 +1.507784138e+01 +1.283878414e+02 +1.283878414e+02 +2.1026e+00 +3.2437e+00 +3.9862e-01
154 +9.168013757e+00 +9.168013757e+00 +1.224780138e+02 +1.224780138e+02 +2.1558e+00 +3.1367e+00 +4.9642e-01
162 +4.783661304e+00 +4.783661304e+00 +1.180936613e+02 +1.180936613e+02 +2.1460e+00 +3.3152e+00 +4.4768e-01
182 +2.885267724e+00 +2.885267724e+00 +1.161952677e+02 +1.161952677e+02 +2.1393e+00 +3.2527e+00 +4.5111e-01
198 +1.057404897e+00 +1.057404897e+00 +1.143674049e+02 +1.143674049e+02 +2.1295e+00 +3.1319e+00 +5.9988e-01
237 +4.457967644e-01 +4.457967644e-01 +1.137557968e+02 +1.137557968e+02 +2.1387e+00 +3.2188e+00 +5.1454e-01
261 +3.194890675e-01 +3.194890675e-01 +1.136294891e+02 +1.136294891e+02 +2.1307e+00 +3.1186e+00 +6.2098e-01
265 +1.403360547e-01 +1.403360547e-01 +1.134503361e+02 +1.134503361e+02 +2.1399e+00 +3.2447e+00 +4.8311e-01
321 +5.838239581e-02 +5.838239581e-02 +1.133683824e+02 +1.133683824e+02 +2.1342e+00 +3.1438e+00 +5.9130e-01
337 +3.615144908e-02 +3.615144908e-02 +1.133461514e+02 +1.133461514e+02 +2.1361e+00 +3.1776e+00 +5.5523e-01
364 +5.227471412e-03 +5.227471412e-03 +1.133152275e+02 +1.133152275e+02 +2.1355e+00 +3.1707e+00 +5.6259e-01
494 +3.244143561e-03 +3.244143561e-03 +1.133132441e+02 +1.133132441e+02 +2.1354e+00 +3.1680e+00 +5.6546e-01
520 +1.184734109e-03 +1.184734109e-03 +1.133111847e+02 +1.133111847e+02 +2.1353e+00 +3.1672e+00 +5.6633e-01
550 +6.461563231e-04 +6.461563231e-04 +1.133106462e+02 +1.133106462e+02 +2.1353e+00 +3.1682e+00 +5.6529e-01
564 +1.637903024e-04 +1.637903024e-04 +1.133101638e+02 +1.133101638e+02 +2.1353e+00 +3.1678e+00 +5.6562e-01
618 +1.435159710e-04 +1.435159710e-04 +1.133101435e+02 +1.133101435e+02 +2.1353e+00 +3.1679e+00 +5.6555e-01
673 +8.122007227e-05 +8.122007227e-05 +1.133100812e+02 +1.133100812e+02 +2.1353e+00 +3.1679e+00 +5.6553e-01
1465 +6.263954407e-05 +6.263954407e-05 +1.133100626e+02 +1.133100626e+02 +2.1353e+00 +3.1678e+00 +5.6568e-01
1509 +3.963733127e-05 +3.963733127e-05 +1.133100396e+02 +1.133100396e+02 +2.1353e+00 +3.1672e+00 +5.6634e-01
1533 +1.954326255e-05 +1.954326255e-05 +1.133100195e+02 +1.133100195e+02 +2.1352e+00 +3.1665e+00 +5.6705e-01
1537 +1.305275104e-05 +1.305275104e-05 +1.133100131e+02 +1.133100131e+02 +2.1353e+00 +3.1666e+00 +5.6697e-01
1543 +5.796458581e-06 +5.796458581e-06 +1.133100058e+02 +1.133100058e+02 +2.1352e+00 +3.1656e+00 +5.6805e-01
1601 +2.693002116e-06 +2.693002116e-06 +1.133100027e+02 +1.133100027e+02 +2.1352e+00 +3.1656e+00 +5.6800e-01
1620 +2.127546338e-06 +2.127546338e-06 +1.133100021e+02 +1.133100021e+02 +2.1352e+00 +3.1658e+00 +5.6777e-01
1630 +1.301908313e-06 +1.301908313e-06 +1.133100013e+02 +1.133100013e+02 +2.1352e+00 +3.1657e+00 +5.6794e-01
1640 +7.810599811e-07 +7.810599811e-07 +1.133100008e+02 +1.133100008e+02 +2.1352e+00 +3.1657e+00 +5.6788e-01
1678 +2.889905488e-07 +2.889905488e-07 +1.133100003e+02 +1.133100003e+02 +2.1352e+00 +3.1657e+00 +5.6789e-01
1699 +1.261965963e-07 +1.261965963e-07 +1.133100001e+02 +1.133100001e+02 +2.1352e+00 +3.1657e+00 +5.6794e-01
1737 +1.433710395e-08 +1.433710395e-08 +1.133100000e+02 +1.133100000e+02 +2.1352e+00 +3.1656e+00 +5.6801e-01
1843 +9.866042205e-09 +9.866042205e-09 +1.133100000e+02 +1.133100000e+02 +2.1352e+00 +3.1656e+00 +5.6801e-01
1850 +5.563322247e-09 +5.563322247e-09 +1.133100000e+02 +1.133100000e+02 +2.1352e+00 +3.1656e+00 +5.6801e-01
% function evaluation | noise-free fitness - Fopt (1.133100000000e+02) | best noise-free fitness - Fopt | measured fitness | best measured fitness | x1 | x2...
1 +1.893475558e+03 +1.893475558e+03 +2.006785558e+03 +2.006785558e+03 -3.0607e+00 -3.9126e+00 -2.7084e+00
7 +1.398388191e+03 +1.398388191e+03 +1.511698191e+03 +1.511698191e+03 -2.0566e+00 -2.2994e+00 -1.1119e+00
15 +8.610837124e+02 +8.610837124e+02 +9.743937124e+02 +9.743937124e+02 +2.4254e+00 -2.8895e+00 -1.1203e+00
22 +3.063144151e+02 +3.063144151e+02 +4.196244151e+02 +4.196244151e+02 +1.1180e+00 +7.6861e-01 +1.7454e+00
32 +2.414898713e+02 +2.414898713e+02 +3.547998713e+02 +3.547998713e+02 +3.2019e+00 +4.8541e-01 +1.8957e+00
52 +1.399021020e+02 +1.399021020e+02 +2.532121020e+02 +2.532121020e+02 +1.1601e+00 +3.1156e+00 +1.7827e+00
58 +6.928018608e+01 +6.928018608e+01 +1.825901861e+02 +1.825901861e+02 +2.5314e+00 +2.7204e+00 +2.7405e-01
63 +5.209314888e+01 +5.209314888e+01 +1.654031489e+02 +1.654031489e+02 +2.0526e+00 +1.5952e+00 +2.3838e+00
121 +3.196872401e+01 +3.196872401e+01 +1.452787240e+02 +1.452787240e+02 +2.2188e+00 +2.9139e+00 +4.6907e-01
145 +1.306253571e+01 +1.306253571e+01 +1.263725357e+02 +1.263725357e+02 +2.2233e+00 +3.1683e+00 +4.3539e-01
158 +5.708938141e+00 +5.708938141e+00 +1.190189381e+02 +1.190189381e+02 +2.1115e+00 +2.6562e+00 +1.0833e+00
237 +3.095941443e+00 +3.095941443e+00 +1.164059414e+02 +1.164059414e+02 +2.1272e+00 +2.8743e+00 +8.8334e-01
250 +1.969554092e+00 +1.969554092e+00 +1.152795541e+02 +1.152795541e+02 +2.1451e+00 +3.1234e+00 +6.0764e-01
306 +1.537789491e+00 +1.537789491e+00 +1.148477895e+02 +1.148477895e+02 +2.1304e+00 +2.9846e+00 +7.4723e-01
345 +7.248530567e-01 +7.248530567e-01 +1.140348531e+02 +1.140348531e+02 +2.1268e+00 +2.9904e+00 +7.5055e-01
362 +5.449186568e-01 +5.449186568e-01 +1.138549187e+02 +1.138549187e+02 +2.1277e+00 +3.0093e+00 +7.3161e-01
402 +2.158706852e-01 +2.158706852e-01 +1.135258707e+02 +1.135258707e+02 +2.1312e+00 +3.0834e+00 +6.5400e-01
474 +1.554213790e-01 +1.554213790e-01 +1.134654214e+02 +1.134654214e+02 +2.1299e+00 +3.0772e+00 +6.6260e-01
495 +8.981138031e-02 +8.981138031e-02 +1.133998114e+02 +1.133998114e+02 +2.1308e+00 +3.0857e+00 +6.5294e-01
856 +5.471839739e-02 +5.471839739e-02 +1.133647184e+02 +1.133647184e+02 +2.1319e+00 +3.1061e+00 +6.3140e-01
874 +3.144327729e-02 +3.144327729e-02 +1.133414433e+02 +1.133414433e+02 +2.1328e+00 +3.1218e+00 +6.1455e-01
884 +2.225240665e-02 +2.225240665e-02 +1.133322524e+02 +1.133322524e+02 +2.1344e+00 +3.1533e+00 +5.8121e-01
913 +1.281616857e-02 +1.281616857e-02 +1.133228162e+02 +1.133228162e+02 +2.1368e+00 +3.1932e+00 +5.3860e-01
931 +6.014006272e-03 +6.014006272e-03 +1.133160140e+02 +1.133160140e+02 +2.1356e+00 +3.1733e+00 +5.5987e-01
984 +1.576067442e-03 +1.576067442e-03 +1.133115761e+02 +1.133115761e+02 +2.1346e+00 +3.1555e+00 +5.7871e-01
1007 +8.535814679e-04 +8.535814679e-04 +1.133108536e+02 +1.133108536e+02 +2.1352e+00 +3.1662e+00 +5.6738e-01
1091 +5.108912145e-04 +5.108912145e-04 +1.133105109e+02 +1.133105109e+02 +2.1355e+00 +3.1705e+00 +5.6280e-01
1098 +1.802271139e-04 +1.802271139e-04 +1.133101802e+02 +1.133101802e+02 +2.1353e+00 +3.1682e+00 +5.6519e-01
1221 +1.556323507e-04 +1.556323507e-04 +1.133101556e+02 +1.133101556e+02 +2.1354e+00 +3.1689e+00 +5.6448e-01
1259 +9.332357200e-05 +9.332357200e-05 +1.133100933e+02 +1.133100933e+02 +2.1353e+00 +3.1682e+00 +5.6526e-01
1301 +5.691376911e-05 +5.691376911e-05 +1.133100569e+02 +1.133100569e+02 +2.1353e+00 +3.1673e+00 +5.6622e-01
1323 +1.650424500e-05 +1.650424500e-05 +1.133100165e+02 +1.133100165e+02 +2.1353e+00 +3.1666e+00 +5.6696e-01
1341 +8.913665923e-06 +8.913665923e-06 +1.133100089e+02 +1.133100089e+02 +2.1352e+00 +3.1657e+00 +5.6789e-01
1370 +8.026629388e-07 +8.026629388e-07 +1.133100008e+02 +1.133100008e+02 +2.1352e+00 +3.1656e+00 +5.6795e-01
1431 +2.761219946e-07 +2.761219946e-07 +1.133100003e+02 +1.133100003e+02 +2.1352e+00 +3.1655e+00 +5.6810e-01
1491 +2.057401076e-07 +2.057401076e-07 +1.133100002e+02 +1.133100002e+02 +2.1352e+00 +3.1656e+00 +5.6799e-01
1536 +1.292545164e-07 +1.292545164e-07 +1.133100001e+02 +1.133100001e+02 +2.1352e+00 +3.1656e+00 +5.6799e-01
1560 +6.286805387e-08 +6.286805387e-08 +1.133100001e+02 +1.133100001e+02 +2.1352e+00 +3.1656e+00 +5.6799e-01
1580 +2.986780601e-08 +2.986780601e-08 +1.133100000e+02 +1.133100000e+02 +2.1352e+00 +3.1656e+00 +5.6801e-01
1626 +2.246352437e-08 +2.246352437e-08 +1.133100000e+02 +1.133100000e+02 +2.1352e+00 +3.1656e+00 +5.6801e-01
1635 +1.519282478e-08 +1.519282478e-08 +1.133100000e+02 +1.133100000e+02 +2.1352e+00 +3.1656e+00 +5.6800e-01
1666 +7.771888022e-09 +7.771888022e-09 +1.133100000e+02 +1.133100000e+02 +2.1352e+00 +3.1656e+00 +5.6800e-01
1668 +5.594017694e-09 +5.594017694e-09 +1.133100000e+02 +1.133100000e+02 +2.1352e+00 +3.1656e+00 +5.6801e-01
% function evaluation | noise-free fitness - Fopt (1.133100000000e+02) | best noise-free fitness - Fopt | measured fitness | best measured fitness | x1 | x2...
1 +7.937012965e+02 +7.937012965e+02 +9.070112965e+02 +9.070112965e+02 +2.3184e+00 +5.5303e-01 -3.9818e+00
14 +3.507932568e+02 +3.507932568e+02 +4.641032568e+02 +4.641032568e+02 +1.9561e+00 +2.0984e+00 -1.3018e+00
29 +2.262571040e+02 +2.262571040e+02 +3.395671040e+02 +3.395671040e+02 +3.6338e+00 +2.9530e+00 -1.8959e-01
33 +1.437753432e+02 +1.437753432e+02 +2.570853432e+02 +2.570853432e+02 +2.3926e+00 +2.4979e+00 +2.0319e+00
61 +9.651778231e+01 +9.651778231e+01 +2.098277823e+02 +2.098277823e+02 +1.4791e+00 +3.3112e+00 +1.3156e+00
69 +4.059732388e+01 +4.059732388e+01 +1.539073239e+02 +1.539073239e+02 +2.4016e+00 +3.8418e+00 -2.8262e-01
102 +3.475789430e+01 +3.475789430e+01 +1.480678943e+02 +1.480678943e+02 +2.0030e+00 +2.8645e+00 +1.2623e+00
119 +2.039775002e+01 +2.039775002e+01 +1.337077500e+02 +1.337077500e+02 +2.2097e+00 +2.9631e+00 +8.2999e-01
129 +1.202228678e+01 +1.202228678e+01 +1.253322868e+02 +1.253322868e+02 +2.0591e+00 +3.0848e+00 +6.7368e-01
173 +9.682912627e+00 +9.682912627e+00 +1.229929126e+02 +1.229929126e+02 +2.1701e+00 +3.2379e+00 +3.8112e-01
178 +1.477052660e+00 +1.477052660e+00 +1.147870527e+02 +1.147870527e+02 +2.1452e+00 +3.1945e+00 +5.3596e-01
248 +9.518074900e-01 +9.518074900e-01 +1.142618075e+02 +1.142618075e+02 +2.1402e+00 +3.1622e+00 +5.7162e-01
260 +4.590517348e-01 +4.590517348e-01 +1.137690517e+02 +1.137690517e+02 +2.1320e+00 +3.1663e+00 +5.7009e-01
309 +2.735587368e-01 +2.735587368e-01 +1.135835587e+02 +1.135835587e+02 +2.1332e+00 +3.1641e+00 +5.7193e-01
323 +2.150606863e-01 +2.150606863e-01 +1.135250607e+02 +1.135250607e+02 +2.1364e+00 +3.1610e+00 +5.7206e-01
363 +1.335592222e-01 +1.335592222e-01 +1.134435592e+02 +1.134435592e+02 +2.1320e+00 +3.1201e+00 +6.1763e-01
371 +7.565323988e-02 +7.565323988e-02 +1.133856532e+02 +1.133856532e+02 +2.1325e+00 +3.1163e+00 +6.2005e-01
381 +5.128324928e-02 +5.128324928e-02 +1.133612832e+02 +1.133612832e+02 +2.1326e+00 +3.1168e+00 +6.1974e-01
416 +3.736071516e-02 +3.736071516e-02 +1.133473607e+02 +1.133473607e+02 +2.1324e+00 +3.1158e+00 +6.2105e-01
1016 +2.498768959e-02 +2.498768959e-02 +1.133349877e+02 +1.133349877e+02 +2.1328e+00 +3.1221e+00 +6.1430e-01
1064 +1.565851056e-02 +1.565851056e-02 +1.133256585e+02 +1.133256585e+02 +2.1334e+00 +3.1331e+00 +6.0257e-01
1077 +9.275051264e-03 +9.275051264e-03 +1.133192751e+02 +1.133192751e+02 +2.1338e+00 +3.1412e+00 +5.9401e-01
1088 +2.093665057e-03 +2.093665057e-03 +1.133120937e+02 +1.133120937e+02 +2.1347e+00 +3.1562e+00 +5.7804e-01
1121 +1.333870203e-03 +1.333870203e-03 +1.133113339e+02 +1.133113339e+02 +2.1349e+00 +3.1596e+00 +5.7433e-01
1155 +4.723569000e-04 +4.723569000e-04 +1.133104724e+02 +1.133104724e+02 +2.1351e+00 +3.1639e+00 +5.6983e-01
1181 +3.930609424e-04 +3.930609424e-04 +1.133103931e+02 +1.133103931e+02 +2.1353e+00 +3.1677e+00 +5.6575e-01
1205 +2.398761829e-04 +2.398761829e-04 +1.133102399e+02 +1.133102399e+02 +2.1352e+00 +3.1658e+00 +5.6777e-01
1225 +7.260443300e-05 +7.260443300e-05 +1.133100726e+02 +1.133100726e+02 +2.1353e+00 +3.1666e+00 +5.6691e-01
1264 +4.405892197e-05 +4.405892197e-05 +1.133100441e+02 +1.133100441e+02 +2.1353e+00 +3.1670e+00 +5.6647e-01
1278 +3.432690889e-05 +3.432690889e-05 +1.133100343e+02 +1.133100343e+02 +2.1352e+00 +3.1662e+00 +5.6741e-01
1293 +1.254030038e-05 +1.254030038e-05 +1.133100125e+02 +1.133100125e+02 +2.1352e+00 +3.1661e+00 +5.6746e-01
1347 +9.225721911e-06 +9.225721911e-06 +1.133100092e+02 +1.133100092e+02 +2.1352e+00 +3.1663e+00 +5.6730e-01
1428 +6.247589837e-06 +6.247589837e-06 +1.133100062e+02 +1.133100062e+02 +2.1352e+00 +3.1663e+00 +5.6730e-01
1622 +3.315973913e-06 +3.315973913e-06 +1.133100033e+02 +1.133100033e+02 +2.1352e+00 +3.1661e+00 +5.6748e-01
1630 +2.255565647e-06 +2.255565647e-06 +1.133100023e+02 +1.133100023e+02 +2.1352e+00 +3.1660e+00 +5.6758e-01
1641 +9.306763928e-07 +9.306763928e-07 +1.133100009e+02 +1.133100009e+02 +2.1352e+00 +3.1658e+00 +5.6774e-01
1726 +6.137331923e-07 +6.137331923e-07 +1.133100006e+02 +1.133100006e+02 +2.1352e+00 +3.1656e+00 +5.6799e-01
1729 +2.481844348e-07 +2.481844348e-07 +1.133100002e+02 +1.133100002e+02 +2.1352e+00 +3.1655e+00 +5.6809e-01
1752 +1.033242114e-07 +1.033242114e-07 +1.133100001e+02 +1.133100001e+02 +2.1352e+00 +3.1655e+00 +5.6807e-01
1790 +6.077964088e-08 +6.077964088e-08 +1.133100001e+02 +1.133100001e+02 +2.1352e+00 +3.1656e+00 +5.6804e-01
1848 +2.878817895e-08 +2.878817895e-08 +1.133100000e+02 +1.133100000e+02 +2.1352e+00 +3.1656e+00 +5.6802e-01
1856 +1.916487236e-08 +1.916487236e-08 +1.133100000e+02 +1.133100000e+02 +2.1352e+00 +3.1656e+00 +5.6804e-01
1886 +1.351595813e-08 +1.351595813e-08 +1.133100000e+02 +1.133100000e+02 +2.1352e+00 +3.1656e+00 +5.6802e-01
1921 +9.751644825e-09 +9.751644825e-09 +1.133100000e+02 +1.133100000e+02 +2.1352e+00 +3.1656e+00 +5.6801e-01
