% function evaluation | noise-free fitness - Fopt (-5.494000000000e+01) | best noise-free fitness - Fopt | measured fitness | best measured fitness | x1 | x2...
1 +2.022315209e+06 +2.022315209e+06 +2.022260269e+06 +2.022260269e+06 +2.6773e+00 -9.9977e-01
3 +4.078328561e+03 +4.078328561e+03 +4.023388561e+03 +4.023388561e+03 +2.4682e+00 -2.4878e+00
20 +3.527426276e+03 +3.527426276e+03 +3.472486276e+03 +3.472486276e+03 +3.4722e+00 -2.5777e+00
62 +4.793297036e+02 +4.793297036e+02 +4.243897036e+02 +4.243897036e+02 +2.9422e+00 -2.4976e+00
91 +5.855343360e+01 +5.855343360e+01 +3.613433601e+00 +3.613433601e+00 +2.2219e+00 -2.3703e+00
142 +1.241222587e+01 +1.241222587e+01 -4.252777413e+01 -4.252777413e+01 +1.1686e+00 -2.1332e+00
227 +8.828696470e+00 +8.828696470e+00 -4.611130353e+01 -4.611130353e+01 +9.9691e-01 -2.0970e+00
344 +5.484807770e+00 +5.484807770e+00 -4.945519223e+01 -4.945519223e+01 +4.4811e-01 -1.9789e+00
352 +2.760959123e+00 +2.760959123e+00 -5.217904088e+01 -5.217904088e+01 +1.7672e-02 -1.8858e+00
371 +2.336778790e+00 +2.336778790e+00 -5.260322121e+01 -5.260322121e+01 -1.1360e-01 -1.8572e+00
391 +9.492337887e-01 +9.492337887e-01 -5.399076621e+01 -5.399076621e+01 -7.6588e-01 -1.7159e+00
404 +5.594869056e-01 +5.594869056e-01 -5.438051309e+01 -5.438051309e+01 -9.8330e-01 -1.6688e+00
445 +2.724157563e-01 +2.724157563e-01 -5.466758424e+01 -5.466758424e+01 -1.2908e+00 -1.6027e+00
494 +1.533756475e-01 +1.533756475e-01 -5.478662435e+01 -5.478662435e+01 -1.3814e+00 -1.5829e+00
519 +1.863949916e-02 +1.863949916e-02 -5.492136050e+01 -5.492136050e+01 -1.6146e+00 -1.5323e+00
536 +9.557466561e-03 +9.557466561e-03 -5.493044253e+01 -5.493044253e+01 -1.6531e+00 -1.5240e+00
554 +1.382423633e-03 +1.382423633e-03 -5.493861758e+01 -5.493861758e+01 -1.7538e+00 -1.5021e+00
582 +1.885279992e-04 +1.885279992e-04 -5.493981147e+01 -5.493981147e+01 -1.7201e+00 -1.5094e+00
606 +9.577053488e-05 +9.577053488e-05 -5.493990423e+01 -5.493990423e+01 -1.7304e+00 -1.5071e+00
615 +3.725177095e-05 +3.725177095e-05 -5.493996275e+01 -5.493996275e+01 -1.7241e+00 -1.5085e+00
642 +2.344348815e-06 +2.344348815e-06 -5.493999766e+01 -5.493999766e+01 -1.7270e+00 -1.5079e+00
649 +1.392279579e-06 +1.392279579e-06 -5.493999861e+01 -5.493999861e+01 -1.7255e+00 -1.5082e+00
676 +8.156139373e-07 +8.156139373e-07 -5.493999918e+01 -5.493999918e+01 -1.7273e+00 -1.5078e+00
685 +5.647044645e-07 +5.647044645e-07 -5.493999944e+01 -5.493999944e+01 -1.7266e+00 -1.5080e+00
690 +2.438405247e-07 +2.438405247e-07 -5.493999976e+01 -5.493999976e+01 -1.7262e+00 -1.5080e+00
712 +1.483283540e-07 +1.483283540e-07 -5.493999985e+01 -5.493999985e+01 -1.7267e+00 -1.5079e+00
730 +1.955296369e-08 +1.955296369e-08 -5.493999998e+01 -5.493999998e+01 -1.7265e+00 -1.5080e+00
733 +6.116820828e-09 +6.116820828e-09 -5.493999999e+01 -5.493999999e+01 -1.7264e+00 -1.5080e+00
734 +1.981085518e-09 +1.981085518e-09 -5.494000000e+01 -5.494000000e+01 -1.7264e+00 -1.5080e+00
% function evaluation | noise-free fitness - Fopt (-5.494000000000e+01) | best noise-free fitness - Fopt | measured fitness | best measured fitness | x1 | x2...
1 +1.452967382e+06 +1.452967382e+06 +1.452912442e+06 +1.452912442e+06 -2.0109e+00 -3.0749e-01
6 +6.062409309e+05 +6.062409309e+05 +6.061859909e+05 +6.061859909e+05 +1.8952e+00 -1.4164e+00
15 +1.353809818e+05 +1.353809818e+05 +1.353260418e+05 +1.353260418e+05 +5.0108e+00 -2.5765e+00
31 +1.043864184e+03 +1.043864184e+03 +9.889241840e+02 +9.889241840e+02 +1.4865e+01 -5.0757e+00
314 +8.579906533e+02 +8.579906533e+02 +8.030506533e+02 +8.030506533e+02 +2.3829e+01 -7.0359e+00
326 +3.156741381e+02 +3.156741381e+02 +2.607341381e+02 +2.607341381e+02 +1.7356e+01 -5.6402e+00
332 +1.708518739e+01 +1.708518739e+01 -3.785481261e+01 -3.785481261e+01 +2.2902e+00 -2.3777e+00
417 +7.554055364e+00 +7.554055364e+00 -4.738594464e+01 -4.738594464e+01 -7.9442e-01 -1.7126e+00
418 +3.566315335e-01 +3.566315335e-01 -5.458336847e+01 -5.458336847e+01 -2.3423e+00 -1.3747e+00
456 +2.253440512e-01 +2.253440512e-01 -5.471465595e+01 -5.471465595e+01 -2.0111e+00 -1.4460e+00
459 +9.494589103e-02 +9.494589103e-02 -5.484505411e+01 -5.484505411e+01 -1.5631e+00 -1.5437e+00
469 +6.280136123e-02 +6.280136123e-02 -5.487719864e+01 -5.487719864e+01 -1.9430e+00 -1.4612e+00
486 +3.993942992e-03 +3.993942992e-03 -5.493600606e+01 -5.493600606e+01 -1.7002e+00 -1.5136e+00
499 +1.052465611e-03 +1.052465611e-03 -5.493894753e+01 -5.493894753e+01 -1.7461e+00 -1.5038e+00
532 +6.263033212e-05 +6.263033212e-05 -5.493993737e+01 -5.493993737e+01 -1.7337e+00 -1.5064e+00
558 +3.594308115e-05 +3.594308115e-05 -5.493996406e+01 -5.493996406e+01 -1.7281e+00 -1.5076e+00
576 +5.759792280e-06 +5.759792280e-06 -5.493999424e+01 -5.493999424e+01 -1.7272e+00 -1.5078e+00
577 +3.942766831e-06 +3.942766831e-06 -5.493999606e+01 -5.493999606e+01 -1.7267e+00 -1.5079e+00
599 +2.279948994e-06 +2.279948994e-06 -5.493999772e+01 -5.493999772e+01 -1.7252e+00 -1.5083e+00
603 +6.379040371e-07 +6.379040371e-07 -5.493999936e+01 -5.493999936e+01 -1.7259e+00 -1.5081e+00
606 +5.425411160e-07 +5.425411160e-07 -5.493999946e+01 -5.493999946e+01 -1.7265e+00 -1.5080e+00
617 +2.564669757e-07 +2.564669757e-07 -5.493999974e+01 -5.493999974e+01 -1.7260e+00 -1.5081e+00
618 +2.024163734e-07 +2.024163734e-07 -5.493999980e+01 -5.493999980e+01 -1.7263e+00 -1.5080e+00
647 +1.240724146e-08 +1.240724146e-08 -5.493999999e+01 -5.493999999e+01 -1.7265e+00 -1.5080e+00
668 +5.415692783e-09 +5.415692783e-09 -5.493999999e+01 -5.493999999e+01 -1.7264e+00 -1.5080e+00
% function evaluation | noise-free fitness - Fopt (-5.494000000000e+01) | best noise-free fitness - Fopt | measured fitness | best measured fitness | x1 | x2...
1 +1.980152356e+07 +1.980152356e+07 +1.980146862e+07 +1.980146862e+07 -6.0934e-01 +2.8020e+00
3 +1.153364566e+07 +1.153364566e+07 +1.153359072e+07 +1.153359072e+07 -1.5694e-02 +1.6840e+00
8 +3.904073652e+06 +3.904073652e+06 +3.904018712e+06 +3.904018712e+06 -7.4720e-01 -3.7010e+00
14 +2.308651386e+02 +2.308651386e+02 +1.759251386e+02 +1.759251386e+02 -2.3147e+00 -1.3649e+00
129 +1.504790591e+02 +1.504790591e+02 +9.553905912e+01 +9.553905912e+01 -1.1306e+01 +5.5954e-01
147 +7.424240021e+01 +7.424240021e+01 +1.930240021e+01 +1.930240021e+01 -1.0231e+01 +3.3445e-01
268 +6.026562013e+01 +6.026562013e+01 +5.325620135e+00 +5.325620135e+00 -9.5479e+00 +1.8720e-01
352 +3.551671144e+01 +3.551671144e+01 -1.942328856e+01 -1.942328856e+01 -7.6857e+00 -2.1861e-01
370 +2.286581109e+01 +2.286581109e+01 -3.207418891e+01 -3.207418891e+01 -6.4665e+00 -4.8142e-01
385 +1.575772622e+01 +1.575772622e+01 -3.918227378e+01 -3.918227378e+01 -5.3667e+00 -7.1791e-01
389 +7.286064271e+00 +7.286064271e+00 -4.765393573e+01 -4.765393573e+01 -4.3836e+00 -9.3178e-01
396 +5.197138020e+00 +5.197138020e+00 -4.974286198e+01 -4.974286198e+01 -3.3887e+00 -1.1464e+00
410 +2.791856853e-01 +2.791856853e-01 -5.466081431e+01 -5.466081431e+01 -1.6845e+00 -1.5176e+00
474 +2.064500779e-01 +2.064500779e-01 -5.473354992e+01 -5.473354992e+01 -1.5602e+00 -1.5444e+00
494 +8.019596804e-02 +8.019596804e-02 -5.485980403e+01 -5.485980403e+01 -1.6724e+00 -1.5200e+00
500 +6.333065471e-03 +6.333065471e-03 -5.493366693e+01 -5.493366693e+01 -1.7765e+00 -1.4972e+00
513 +6.106602943e-03 +6.106602943e-03 -5.493389340e+01 -5.493389340e+01 -1.7854e+00 -1.4952e+00
518 +3.949211812e-04 +3.949211812e-04 -5.493960508e+01 -5.493960508e+01 -1.7438e+00 -1.5042e+00
552 +5.769308187e-05 +5.769308187e-05 -5.493994231e+01 -5.493994231e+01 -1.7335e+00 -1.5065e+00
585 +3.088686690e-06 +3.088686690e-06 -5.493999691e+01 -5.493999691e+01 -1.7254e+00 -1.5082e+00
590 +2.402059899e-06 +2.402059899e-06 -5.493999760e+01 -5.493999760e+01 -1.7262e+00 -1.5080e+00
648 +5.025386258e-07 +5.025386258e-07 -5.493999950e+01 -5.493999950e+01 -1.7257e+00 -1.5081e+00
650 +7.177408889e-08 +7.177408889e-08 -5.493999993e+01 -5.493999993e+01 -1.7266e+00 -1.5080e+00
674 +7.622475096e-09 +7.622475096e-09 -5.493999999e+01 -5.493999999e+01 -1.7263e+00 -1.5080e+00
680 +9.753335917e-10 +9.753335917e-10 -5.494000000e+01 -5.494000000e+01 -1.7264e+00 -1.5080e+00
% function evaluation | noise-free fitness - Fopt (5.913000000000e+01) | best noise-free fitness - Fopt | measured fitness | best measured fitness | x1 | x2...
1 +4.424095284e+06 +4.424095284e+06 +4.424154414e+06 +4.424154414e+06 +3.6953e+00 -4.9347e-01
4 +1.860406587e+06 +1.860406587e+06 +1.860465717e+06 +1.860465717e+06 +2.8675e+00 -8.9044e-01
7 +9.581041864e+05 +9.581041864e+05 +9.581633164e+05 +9.581633164e+05 +4.4193e+00 -2.6938e+00
13 +8.984398185e+04 +8.984398185e+04 +8.990311185e+04 +8.990311185e+04 +2.5209e+00 -2.6811e+00
37 +6.104972095e+04 +6.104972095e+04 +6.110885095e+04 +6.110885095e+04 +5.8815e-02 +3.1977e-01
43 +3.216651797e+04 +3.216651797e+04 +3.222564797e+04 +3.222564797e+04 -1.0784e+00 +1.2622e+00
49 +3.389712141e+03 +3.389712141e+03 +3.448842141e+03 +3.448842141e+03 -1.8384e+00 +1.6577e+00
65 +9.857696632e+01 +9.857696632e+01 +1.577069663e+02 +1.577069663e+02 -7.8026e-01 +7.6961e-01
71 +5.175681180e+00 +5.175681180e+00 +6.430568118e+01 +6.430568118e+01 -6.6261e-01 +6.4705e-01
451 +3.674712356e+00 +3.674712356e+00 +6.280471236e+01 +6.280471236e+01 -8.3475e-01 +8.0543e-01
470 +2.440399954e+00 +2.440399954e+00 +6.157039995e+01 +6.157039995e+01 -1.1446e+00 +1.0904e+00
494 +1.581107666e+00 +1.581107666e+00 +6.071110767e+01 +6.071110767e+01 -1.4302e+00 +1.3546e+00
500 +6.217042497e-01 +6.217042497e-01 +5.975170425e+01 +5.975170425e+01 -1.7651e+00 +1.6622e+00
521 +3.609082201e-01 +3.609082201e-01 +5.949090822e+01 +5.949090822e+01 -1.8604e+00 +1.7507e+00
524 +5.732713277e-02 +5.732713277e-02 +5.918732713e+01 +5.918732713e+01 -2.3221e+00 +2.1754e+00
544 +3.591018498e-02 +3.591018498e-02 +5.916591018e+01 +5.916591018e+01 -2.3681e+00 +2.2179e+00
548 +4.952199212e-04 +4.952199212e-04 +5.913049522e+01 +5.913049522e+01 -2.2457e+00 +2.1053e+00
595 +2.261123033e-04 +2.261123033e-04 +5.913022611e+01 +5.913022611e+01 -2.2716e+00 +2.1292e+00
628 +9.891417422e-05 +9.891417422e-05 +5.913009891e+01 +5.913009891e+01 -2.2607e+00 +2.1191e+00
641 +3.125948136e-05 +3.125948136e-05 +5.913003126e+01 +5.913003126e+01 -2.2565e+00 +2.1152e+00
667 +6.200994562e-07 +6.200994562e-07 +5.913000062e+01 +5.913000062e+01 -2.2610e+00 +2.1194e+00
706 +2.873303728e-07 +2.873303728e-07 +5.913000029e+01 +5.913000029e+01 -2.2606e+00 +2.1190e+00
710 +2.010557409e-07 +2.010557409e-07 +5.913000020e+01 +5.913000020e+01 -2.2605e+00 +2.1189e+00
735 +5.459629193e-08 +5.459629193e-08 +5.913000005e+01 +5.913000005e+01 -2.2609e+00 +2.1193e+00
741 +2.439986702e-08 +2.439986702e-08 +5.913000002e+01 +5.913000002e+01 -2.2607e+00 +2.1192e+00
752 +7.737753549e-09 +7.737753549e-09 +5.913000001e+01 +5.913000001e+01 -2.2608e+00 +2.1192e+00
753 +2.121723242e-09 +2.121723242e-09 +5.913000000e+01 +5.913000000e+01 -2.2608e+00 +2.1192e+00
% function evaluation | noise-free fitness - Fopt (5.913000000000e+01) | best noise-free fitness - Fopt | measured fitness | best measured fitness | x1 | x2...
1 +7.052317738e+06 +7.052317738e+06 +7.052376868e+06 +7.052376868e+06 -2.0658e+00 -1.4950e+00
7 +1.958059727e+06 +1.958059727e+06 +1.958118857e+06 +1.958118857e+06 -2.2015e+00 +2.6411e-01
11 +1.208378991e+06 +1.208378991e+06 +1.208438121e+06 +1.208438121e+06 -1.1667e+00 -3.1942e-01
13 +1.086686871e+05 +1.086686871e+05 +1.087278171e+05 +1.087278171e+05 +1.1750e-01 +3.6788e-01
21 +3.906901779e+00 +3.906901779e+00 +6.303690178e+01 +6.303690178e+01 -1.9394e+00 +1.8260e+00
200 +1.279544548e+00 +1.279544548e+00 +6.040954455e+01 +6.040954455e+01 -3.0514e+00 +2.8476e+00
207 +6.131010044e-01 +6.131010044e-01 +5.974310100e+01 +5.974310100e+01 -2.7925e+00 +2.6084e+00
263 +3.300049806e-01 +3.300049806e-01 +5.946000498e+01 +5.946000498e+01 -2.5314e+00 +2.3679e+00
272 +1.984431407e-01 +1.984431407e-01 +5.932844314e+01 +5.932844314e+01 -2.4507e+00 +2.2936e+00
282 +1.512982686e-01 +1.512982686e-01 +5.928129827e+01 +5.928129827e+01 -2.4927e+00 +2.3331e+00
304 +9.681881553e-02 +9.681881553e-02 +5.922681882e+01 +5.922681882e+01 -2.4743e+00 +2.3156e+00
330 +6.276551214e-02 +6.276551214e-02 +5.919276551e+01 +5.919276551e+01 -2.4441e+00 +2.2880e+00
342 +4.065855469e-03 +4.065855469e-03 +5.913406586e+01 +5.913406586e+01 -2.3109e+00 +2.1654e+00
396 +1.028798622e-03 +1.028798622e-03 +5.913102880e+01 +5.913102880e+01 -2.2353e+00 +2.0957e+00
413 +3.956928387e-04 +3.956928387e-04 +5.913039569e+01 +5.913039569e+01 -2.2572e+00 +2.1159e+00
429 +2.485588007e-04 +2.485588007e-04 +5.913024856e+01 +5.913024856e+01 -2.2553e+00 +2.1141e+00
454 +9.783320309e-06 +9.783320309e-06 +5.913000978e+01 +5.913000978e+01 -2.2630e+00 +2.1213e+00
468 +5.386258707e-06 +5.386258707e-06 +5.913000539e+01 +5.913000539e+01 -2.2613e+00 +2.1196e+00
471 +1.146363935e-06 +1.146363935e-06 +5.913000115e+01 +5.913000115e+01 -2.2615e+00 +2.1199e+00
506 +4.323066278e-07 +4.323066278e-07 +5.913000043e+01 +5.913000043e+01 -2.2604e+00 +2.1188e+00
525 +3.417875050e-07 +3.417875050e-07 +5.913000034e+01 +5.913000034e+01 -2.2606e+00 +2.1190e+00
534 +1.385864223e-07 +1.385864223e-07 +5.913000014e+01 +5.913000014e+01 -2.2605e+00 +2.1190e+00
559 +3.412610283e-08 +3.412610283e-08 +5.913000003e+01 +5.913000003e+01 -2.2609e+00 +2.1193e+00
564 +1.321653542e-08 +1.321653542e-08 +5.913000001e+01 +5.913000001e+01 -2.2607e+00 +2.1191e+00
591 +1.628855273e-09 +1.628855273e-09 +5.913000000e+01 +5.913000000e+01 -2.2608e+00 +2.1192e+00
% function evaluation | noise-free fitness - Fopt (5.913000000000e+01) | best noise-free fitness - Fopt | measured fitness | best measured fitness | x1 | x2...
1 +2.101904685e+06 +2.101904685e+06 +2.101963815e+06 +2.101963815e+06 +7.5130e-01 -2.7382e+00
5 +9.446106515e+04 +9.446106515e+04 +9.452019515e+04 +9.452019515e+04 +1.9471e+00 -2.1620e+00
7 +1.138375662e+04 +1.138375662e+04 +1.144288662e+04 +1.144288662e+04 +3.7879e+00 -3.3048e+00
43 +2.140603281e+03 +2.140603281e+03 +2.199733281e+03 +2.199733281e+03 -1.5355e+01 +1.4232e+01
101 +2.737126032e+02 +2.737126032e+02 +3.328426032e+02 +3.328426032e+02 -1.3398e+01 +1.2372e+01
297 +2.448405572e+02 +2.448405572e+02 +3.039705572e+02 +3.039705572e+02 -1.2124e+01 +1.1196e+01
312 +1.473104291e+02 +1.473104291e+02 +2.064404291e+02 +2.064404291e+02 -9.3315e+00 +8.6413e+00
316 +8.904634820e+01 +8.904634820e+01 +1.481763482e+02 +1.481763482e+02 -7.6755e+00 +7.1149e+00
318 +2.840828452e+01 +2.840828452e+01 +8.753828452e+01 +8.753828452e+01 -6.2031e+00 +5.7516e+00
362 +4.410350685e+00 +4.410350685e+00 +6.354035069e+01 +6.354035069e+01 -3.6685e+00 +3.4146e+00
374 +7.924437721e-01 +7.924437721e-01 +5.992244377e+01 +5.992244377e+01 -2.7210e+00 +2.5439e+00
420 +1.336168138e-01 +1.336168138e-01 +5.926361681e+01 +5.926361681e+01 -2.4365e+00 +2.2814e+00
431 +3.739998815e-02 +3.739998815e-02 +5.916739999e+01 +5.916739999e+01 -2.3948e+00 +2.2426e+00
464 +1.908703241e-02 +1.908703241e-02 +5.914908703e+01 +5.914908703e+01 -2.3294e+00 +2.1825e+00
466 +1.341671112e-02 +1.341671112e-02 +5.914341671e+01 +5.914341671e+01 -2.2253e+00 +2.0866e+00
487 +4.484162269e-03 +4.484162269e-03 +5.913448416e+01 +5.913448416e+01 -2.2532e+00 +2.1123e+00
499 +2.815731160e-03 +2.815731160e-03 +5.913281573e+01 +5.913281573e+01 -2.2252e+00 +2.0864e+00
501 +1.562138855e-04 +1.562138855e-04 +5.913015621e+01 +5.913015621e+01 -2.2696e+00 +2.1273e+00
559 +2.177413011e-05 +2.177413011e-05 +5.913002177e+01 +5.913002177e+01 -2.2639e+00 +2.1221e+00
572 +8.566021592e-06 +8.566021592e-06 +5.913000857e+01 +5.913000857e+01 -2.2603e+00 +2.1187e+00
580 +4.905037670e-06 +4.905037670e-06 +5.913000491e+01 +5.913000491e+01 -2.2615e+00 +2.1198e+00
589 +1.920626303e-06 +1.920626303e-06 +5.913000192e+01 +5.913000192e+01 -2.2608e+00 +2.1192e+00
610 +4.383918082e-07 +4.383918082e-07 +5.913000044e+01 +5.913000044e+01 -2.2611e+00 +2.1195e+00
616 +3.311578425e-07 +3.311578425e-07 +5.913000033e+01 +5.913000033e+01 -2.2607e+00 +2.1191e+00
623 +2.059962796e-07 +2.059962796e-07 +5.913000021e+01 +5.913000021e+01 -2.2608e+00 +2.1192e+00
627 +6.345621273e-08 +6.345621273e-08 +5.913000006e+01 +5.913000006e+01 -2.2607e+00 +2.1191e+00
648 +2.763169960e-08 +2.763169960e-08 +5.913000003e+01 +5.913000003e+01 -2.2607e+00 +2.1191e+00
656 +1.770812474e-08 +1.770812474e-08 +5.913000002e+01 +5.913000002e+01 -2.2607e+00 +2.1191e+00
675 +1.494385060e-08 +1.494385060e-08 +5.913000001e+01 +5.913000001e+01 -2.2607e+00 +2.1191e+00
681 +3.237531132e-09 +3.237531132e-09 +5.913000000e+01 +5.913000000e+01 -2.2608e+00 +2.1192e+00
686 +3.445990160e-10 +3.445990160e-10 +5.913000000e+01 +5.913000000e+01 -2.2608e+00 +2.1192e+00
% function evaluation | noise-free fitness - Fopt (-4.915300000000e+02) | best noise-free fitness - Fopt | measured fitness | best measured fitness | x1 | x2...
1 +1.592507879e+07 +1.592507879e+07 +1.592458726e+07 +1.592458726e+07 +2.9687e+00 +1.9872e+00
3 +8.361605279e+06 +8.361605279e+06 +8.361113749e+06 +8.361113749e+06 +1.4079e+00 +1.9077e+00
4 +3.545984591e+05 +3.545984591e+05 +3.541069291e+05 +3.541069291e+05 +7.9075e-01 -5.4384e-01
9 +1.392602902e+04 +1.392602902e+04 +1.343449902e+04 +1.343449902e+04 +1.3859e+00 -1.9564e+00
19 +8.197696297e+02 +8.197696297e+02 +3.282396297e+02 +3.282396297e+02 +1.3150e+00 -1.7232e+00
36 +4.969617571e+02 +4.969617571e+02 +5.431757080e+00 +5.431757080e+00 +9.3667e-01 -1.4406e+00
45 +1.914632186e+01 +1.914632186e+01 -4.723836781e+02 -4.723836781e+02 +2.2707e+00 -2.4953e+00
142 +9.383204274e+00 +9.383204274e+00 -4.821467957e+02 -4.821467957e+02 -1.3790e+00 +3.0249e-01
179 +5.863872031e+00 +5.863872031e+00 -4.856661280e+02 -4.856661280e+02 -1.8793e+00 +6.8908e-01
345 +3.876184985e+00 +3.876184985e+00 -4.876538150e+02 -4.876538150e+02 -1.2516e+00 +2.0880e-01
405 +2.376616210e+00 +2.376616210e+00 -4.891533838e+02 -4.891533838e+02 -9.7389e-01 -5.8107e-03
415 +1.070463751e+00 +1.070463751e+00 -4.904595362e+02 -4.904595362e+02 -6.9356e-01 -2.2038e-01
416 +2.085825058e-01 +2.085825058e-01 -4.913214175e+02 -4.913214175e+02 -2.1822e-01 -5.8440e-01
450 +7.144462071e-02 +7.144462071e-02 -4.914585554e+02 -4.914585554e+02 +1.5012e-01 -8.6659e-01
460 +1.450872073e-02 +1.450872073e-02 -4.915154913e+02 -4.915154913e+02 +1.1633e-01 -8.4048e-01
472 +1.792128652e-03 +1.792128652e-03 -4.915282079e+02 -4.915282079e+02 +8.8473e-02 -8.1897e-01
513 +1.092994474e-04 +1.092994474e-04 -4.915298907e+02 -4.915298907e+02 +8.0262e-02 -8.1273e-01
527 +6.811695476e-05 +6.811695476e-05 -4.915299319e+02 -4.915299319e+02 +7.5641e-02 -8.0918e-01
543 +2.753926100e-05 +2.753926100e-05 -4.915299725e+02 -4.915299725e+02 +6.8550e-02 -8.0375e-01
583 +7.463291581e-06 +7.463291581e-06 -4.915299925e+02 -4.915299925e+02 +7.4027e-02 -8.0795e-01
600 +3.975749223e-07 +3.975749223e-07 -4.915299996e+02 -4.915299996e+02 +7.2071e-02 -8.0646e-01
621 +1.277385309e-07 +1.277385309e-07 -4.915299999e+02 -4.915299999e+02 +7.2176e-02 -8.0654e-01
645 +1.354089818e-08 +1.354089818e-08 -4.915300000e+02 -4.915300000e+02 +7.1911e-02 -8.0633e-01
666 +3.637978807e-10 +3.637978807e-10 -4.915300000e+02 -4.915300000e+02 +7.2007e-02 -8.0641e-01
% function evaluation | noise-free fitness - Fopt (-4.915300000000e+02) | best noise-free fitness - Fopt | measured fitness | best measured fitness | x1 | x2...
1 +4.884316922e+05 +4.884316922e+05 +4.879401622e+05 +4.879401622e+05 -3.6716e+00 +1.2055e+00
2 +6.860512976e+04 +6.860512976e+04 +6.811359976e+04 +6.811359976e+04 -1.9864e+00 +1.1011e+00
11 +1.692671635e+04 +1.692671635e+04 +1.643518635e+04 +1.643518635e+04 -1.9056e+00 +8.6660e-01
20 +1.214785691e+04 +1.214785691e+04 +1.165632691e+04 +1.165632691e+04 -3.0023e+00 +1.4198e+00
26 +5.741878856e+03 +5.741878856e+03 +5.250348856e+03 +5.250348856e+03 -1.2537e+00 +3.1394e-01
41 +8.443701323e+02 +8.443701323e+02 +3.528401323e+02 +3.528401323e+02 -2.5180e+00 +1.1435e+00
61 +3.324850783e+01 +3.324850783e+01 -4.582814922e+02 -4.582814922e+02 -2.0727e+00 +8.3033e-01
117 +8.904985192e+00 +8.904985192e+00 -4.826250148e+02 -4.826250148e+02 -1.5027e+00 +4.0297e-01
137 +5.483490273e+00 +5.483490273e+00 -4.860465097e+02 -4.860465097e+02 -1.8300e+00 +6.5050e-01
345 +3.738962308e+00 +3.738962308e+00 -4.877910377e+02 -4.877910377e+02 -1.4104e+00 +3.2954e-01
379 +2.324801192e+00 +2.324801192e+00 -4.892051988e+02 -4.892051988e+02 -1.0348e+00 +4.1516e-02
384 +8.938785872e-01 +8.938785872e-01 -4.906361214e+02 -4.906361214e+02 -6.8677e-01 -2.2524e-01
397 +2.265936579e-01 +2.265936579e-01 -4.913034063e+02 -4.913034063e+02 -2.3980e-01 -5.6718e-01
433 +1.174172580e-01 +1.174172580e-01 -4.914125827e+02 -4.914125827e+02 -1.8994e-01 -6.0565e-01
435 +7.730110314e-02 +7.730110314e-02 -4.914526989e+02 -4.914526989e+02 -1.3203e-01 -6.5021e-01
437 +5.507035973e-02 +5.507035973e-02 -4.914749296e+02 -4.914749296e+02 +1.7228e-01 -8.8296e-01
441 +2.628267451e-02 +2.628267451e-02 -4.915037173e+02 -4.915037173e+02 +2.0796e-02 -7.6698e-01
453 +1.300582276e-02 +1.300582276e-02 -4.915169942e+02 -4.915169942e+02 +1.0056e-01 -8.2842e-01
458 +1.302414232e-03 +1.302414232e-03 -4.915286976e+02 -4.915286976e+02 +8.3562e-02 -8.1530e-01
482 +9.096549081e-04 +9.096549081e-04 -4.915290903e+02 -4.915290903e+02 +5.1130e-02 -7.9039e-01
506 +2.235260849e-04 +2.235260849e-04 -4.915297765e+02 -4.915297765e+02 +6.7091e-02 -8.0266e-01
525 +1.122194600e-04 +1.122194600e-04 -4.915298878e+02 -4.915298878e+02 +6.8253e-02 -8.0354e-01
531 +1.500323879e-05 +1.500323879e-05 -4.915299850e+02 -4.915299850e+02 +7.4881e-02 -8.0861e-01
568 +3.974969900e-07 +3.974969900e-07 -4.915299996e+02 -4.915299996e+02 +7.2461e-02 -8.0675e-01
597 +2.211627361e-07 +2.211627361e-07 -4.915299998e+02 -4.915299998e+02 +7.2163e-02 -8.0653e-01
616 +1.323485321e-08 +1.323485321e-08 -4.915300000e+02 -4.915300000e+02 +7.2021e-02 -8.0642e-01
638 +2.199158189e-09 +2.199158189e-09 -4.915300000e+02 -4.915300000e+02 +7.1988e-02 -8.0639e-01
643 +4.760636330e-10 +4.760636330e-10 -4.915300000e+02 -4.915300000e+02 +7.1982e-02 -8.0639e-01
% function evaluation | noise-free fitness - Fopt (-4.915300000000e+02) | best noise-free fitness - Fopt | measured fitness | best measured fitness | x1 | x2...
1 +6.247877976e+06 +6.247877976e+06 +6.247386446e+06 +6.247386446e+06 +3.0621e+00 +1.5765e-01
3 +3.271900254e+06 +3.271900254e+06 +3.271408724e+06 +3.271408724e+06 +3.3728e+00 -1.1867e+00
10 +1.055630649e+04 +1.055630649e+04 +1.006477649e+04 +1.006477649e+04 -7.0768e-01 -3.3028e-01
35 +8.459214724e+02 +8.459214724e+02 +3.543914724e+02 +3.543914724e+02 +1.9812e+00 -2.2332e+00
44 +2.935611875e+02 +2.935611875e+02 -1.979688125e+02 -1.979688125e+02 +2.0782e+00 -2.3657e+00
61 +1.098067004e+02 +1.098067004e+02 -3.817232996e+02 -3.817232996e+02 +1.6990e+00 -2.0658e+00
104 +3.409228855e+01 +3.409228855e+01 -4.574377114e+02 -4.574377114e+02 +1.4932e+00 -1.8885e+00
131 +2.471190116e+00 +2.471190116e+00 -4.890588099e+02 -4.890588099e+02 +1.3317e+00 -1.7709e+00
516 +1.526336588e+00 +1.526336588e+00 -4.900036634e+02 -4.900036634e+02 +9.7078e-01 -1.4950e+00
525 +7.292005607e-01 +7.292005607e-01 -4.908007994e+02 -4.908007994e+02 +7.1416e-01 -1.2979e+00
528 +5.471784203e-01 +5.471784203e-01 -4.909828216e+02 -4.909828216e+02 +6.3850e-01 -1.2401e+00
539 +8.303111922e-03 +8.303111922e-03 -4.915216969e+02 -4.915216969e+02 +1.3571e-01 -8.5515e-01
556 +4.580423412e-03 +4.580423412e-03 -4.915254196e+02 -4.915254196e+02 +4.0593e-02 -7.8228e-01
622 +3.405487296e-03 +3.405487296e-03 -4.915265945e+02 -4.915265945e+02 +5.5721e-02 -7.9386e-01
629 +4.337650950e-05 +4.337650950e-05 -4.915299566e+02 -4.915299566e+02 +7.0485e-02 -8.0523e-01
671 +2.118367394e-05 +2.118367394e-05 -4.915299788e+02 -4.915299788e+02 +7.2591e-02 -8.0686e-01
694 +3.196145087e-06 +3.196145087e-06 -4.915299968e+02 -4.915299968e+02 +7.1031e-02 -8.0566e-01
718 +1.920370607e-06 +1.920370607e-06 -4.915299981e+02 -4.915299981e+02 +7.1504e-02 -8.0602e-01
719 +5.167449899e-07 +5.167449899e-07 -4.915299995e+02 -4.915299995e+02 +7.1560e-02 -8.0606e-01
724 +3.764325811e-07 +3.764325811e-07 -4.915299996e+02 -4.915299996e+02 +7.2257e-02 -8.0660e-01
734 +4.866205927e-08 +4.866205927e-08 -4.915300000e+02 -4.915300000e+02 +7.2105e-02 -8.0648e-01
735 +2.850356395e-09 +2.850356395e-09 -4.915300000e+02 -4.915300000e+02 +7.2037e-02 -8.0643e-01
% function evaluation | noise-free fitness - Fopt (-1.702000000000e+02) | best noise-free fitness - Fopt | measured fitness | best measured fitness | x1 | x2...
1 +8.763521137e+06 +8.763521137e+06 +8.763350937e+06 +8.763350937e+06 +3.7998e+00 -2.7345e+00
8 +3.612984566e+06 +3.612984566e+06 +3.612814366e+06 +3.612814366e+06 +3.9141e+00 -4.1808e+00
10 +1.869645542e+06 +1.869645542e+06 +1.869475342e+06 +1.869475342e+06 +6.4094e+00 -7.0335e+00
12 +2.805933572e+04 +2.805933572e+04 +2.788913572e+04 +2.788913572e+04 +5.5377e+00 -7.7309e+00
40 +6.192693392e+03 +6.192693392e+03 +6.022493392e+03 +6.022493392e+03 +3.7862e+00 -6.4572e+00
68 +3.023683071e+03 +3.023683071e+03 +2.853483071e+03 +2.853483071e+03 +3.7472e+00 -6.4671e+00
77 +1.483135136e+02 +1.483135136e+02 -2.188648636e+01 -2.188648636e+01 +5.8223e+00 -8.1703e+00
275 +9.953859513e+01 +9.953859513e+01 -7.066140487e+01 -7.066140487e+01 +4.7310e+00 -7.3086e+00
291 +6.240036267e+01 +6.240036267e+01 -1.077996373e+02 -1.077996373e+02 +2.4439e+00 -5.5001e+00
327 +2.525917414e+01 +2.525917414e+01 -1.449408259e+02 -1.449408259e+02 +1.8550e-01 -3.7123e+00
331 +2.163393967e+01 +2.163393967e+01 -1.485660603e+02 -1.485660603e+02 +1.0441e-01 -3.6506e+00
342 +9.111191562e+00 +9.111191562e+00 -1.610888084e+02 -1.610888084e+02 -2.8372e+00 -1.3288e+00
350 +2.839960075e+00 +2.839960075e+00 -1.673600399e+02 -1.673600399e+02 -2.3763e+00 -1.6907e+00
359 +3.607547792e-01 +3.607547792e-01 -1.698392452e+02 -1.698392452e+02 -3.7541e+00 -5.9966e-01
391 +4.356189158e-02 +4.356189158e-02 -1.701564381e+02 -1.701564381e+02 -3.6205e+00 -7.0623e-01
395 +2.976180277e-02 +2.976180277e-02 -1.701702382e+02 -1.701702382e+02 -3.4779e+00 -8.1852e-01
450 +4.165040139e-03 +4.165040139e-03 -1.701958350e+02 -1.701958350e+02 -3.5719e+00 -7.4447e-01
458 +5.990479998e-04 +5.990479998e-04 -1.701994010e+02 -1.701994010e+02 -3.5475e+00 -7.6359e-01
488 +2.273150075e-04 +2.273150075e-04 -1.701997727e+02 -1.701997727e+02 -3.5651e+00 -7.4973e-01
504 +4.056854789e-05 +4.056854789e-05 -1.701999594e+02 -1.701999594e+02 -3.5560e+00 -7.5694e-01
514 +2.978740770e-05 +2.978740770e-05 -1.701999702e+02 -1.701999702e+02 -3.5600e+00 -7.5379e-01
515 +2.106991133e-05 +2.106991133e-05 -1.701999789e+02 -1.701999789e+02 -3.5584e+00 -7.5501e-01
520 +7.041045279e-06 +7.041045279e-06 -1.701999930e+02 -1.701999930e+02 -3.5602e+00 -7.5362e-01
528 +2.810596357e-06 +2.810596357e-06 -1.701999972e+02 -1.701999972e+02 -3.5599e+00 -7.5386e-01
536 +5.071734677e-07 +5.071734677e-07 -1.701999995e+02 -1.701999995e+02 -3.5596e+00 -7.5405e-01
558 +1.626889343e-07 +1.626889343e-07 -1.701999998e+02 -1.701999998e+02 -3.5591e+00 -7.5445e-01
577 +8.460457934e-08 +8.460457934e-08 -1.701999999e+02 -1.701999999e+02 -3.5590e+00 -7.5457e-01
593 +8.674504670e-09 +8.674504670e-09 -1.702000000e+02 -1.702000000e+02 -3.5591e+00 -7.5445e-01
% function evaluation | noise-free fitness - Fopt (-1.702000000000e+02) | best noise-free fitness - Fopt | measured fitness | best measured fitness | x1 | x2...
1 +1.688786732e+07 +1.688786732e+07 +1.688769712e+07 +1.688769712e+07 +1.8363e+00 +2.1542e-01
5 +7.283181641e+06 +7.283181641e+06 +7.283011441e+06 +7.283011441e+06 +2.1398e+00 -1.9613e+00
18 +1.793566932e+06 +1.793566932e+06 +1.793396732e+06 +1.793396732e+06 -2.3541e+00 -1.5295e-01
22 +4.480456335e+05 +4.480456335e+05 +4.478754335e+05 +4.478754335e+05 -2.3616e+00 -2.6336e+00
26 +8.307082086e+04 +8.307082086e+04 +8.290062086e+04 +8.290062086e+04 +1.5783e+00 -5.1808e+00
33 +1.369314934e+04 +1.369314934e+04 +1.352294934e+04 +1.352294934e+04 +7.5643e-01 -4.0235e+00
36 +4.462517381e+03 +4.462517381e+03 +4.292317381e+03 +4.292317381e+03 -9.9205e-01 -2.8773e+00
38 +2.481156620e+02 +2.481156620e+02 +7.791566200e+01 +7.791566200e+01 -3.4847e+00 -8.3292e-01
73 +4.097956323e+01 +4.097956323e+01 -1.292204368e+02 -1.292204368e+02 -1.5382e+00 -2.3592e+00
86 +1.175944185e+01 +1.175944185e+01 -1.584405581e+02 -1.584405581e+02 -1.8223e+00 -2.1243e+00
127 +4.656212940e+00 +4.656212940e+00 -1.655437871e+02 -1.655437871e+02 -1.9101e+00 -2.0579e+00
387 +3.676882294e+00 +3.676882294e+00 -1.665231177e+02 -1.665231177e+02 -2.0241e+00 -1.9679e+00
418 +2.382144583e+00 +2.382144583e+00 -1.678178554e+02 -1.678178554e+02 -2.2720e+00 -1.7715e+00
517 +1.348283592e+00 +1.348283592e+00 -1.688517164e+02 -1.688517164e+02 -2.7087e+00 -1.4269e+00
522 +9.510320937e-01 +9.510320937e-01 -1.692489679e+02 -1.692489679e+02 -2.8938e+00 -1.2811e+00
524 +3.281717600e-01 +3.281717600e-01 -1.698718282e+02 -1.698718282e+02 -3.1343e+00 -1.0903e+00
530 +2.051702275e-01 +2.051702275e-01 -1.699948298e+02 -1.699948298e+02 -3.1944e+00 -1.0429e+00
535 +8.711693637e-02 +8.711693637e-02 -1.701128831e+02 -1.701128831e+02 -3.3384e+00 -9.2904e-01
549 +3.448680260e-02 +3.448680260e-02 -1.701655132e+02 -1.701655132e+02 -3.6932e+00 -6.4842e-01
560 +4.698986008e-03 +4.698986008e-03 -1.701953010e+02 -1.701953010e+02 -3.5146e+00 -7.8967e-01
593 +3.480565020e-03 +3.480565020e-03 -1.701965194e+02 -1.701965194e+02 -3.5196e+00 -7.8565e-01
594 +1.231271678e-03 +1.231271678e-03 -1.701987687e+02 -1.701987687e+02 -3.5843e+00 -7.3455e-01
625 +7.453567771e-04 +7.453567771e-04 -1.701992546e+02 -1.701992546e+02 -3.5693e+00 -7.4649e-01
628 +5.491476892e-04 +5.491476892e-04 -1.701994509e+02 -1.701994509e+02 -3.5701e+00 -7.4581e-01
630 +6.889459081e-05 +6.889459081e-05 -1.701999311e+02 -1.701999311e+02 -3.5650e+00 -7.4978e-01
661 +4.090276636e-05 +4.090276636e-05 -1.701999591e+02 -1.701999591e+02 -3.5631e+00 -7.5129e-01
687 +2.414891827e-05 +2.414891827e-05 -1.701999759e+02 -1.701999759e+02 -3.5580e+00 -7.5535e-01
709 +6.358610733e-06 +6.358610733e-06 -1.701999936e+02 -1.701999936e+02 -3.5574e+00 -7.5585e-01
711 +6.614691017e-07 +6.614691017e-07 -1.701999993e+02 -1.701999993e+02 -3.5590e+00 -7.5457e-01
735 +1.605313287e-07 +1.605313287e-07 -1.701999998e+02 -1.701999998e+02 -3.5592e+00 -7.5441e-01
773 +3.268394266e-08 +3.268394266e-08 -1.702000000e+02 -1.702000000e+02 -3.5593e+00 -7.5434e-01
819 +1.895969604e-08 +1.895969604e-08 -1.702000000e+02 -1.702000000e+02 -3.5593e+00 -7.5433e-01
831 +5.931212854e-09 +5.931212854e-09 -1.702000000e+02 -1.702000000e+02 -3.5592e+00 -7.5440e-01
836 +2.083339723e-09 +2.083339723e-09 -1.702000000e+02 -1.702000000e+02 -3.5592e+00 -7.5438e-01
% function evaluation | noise-free fitness - Fopt (-1.702000000000e+02) | best noise-free fitness - Fopt | measured fitness | best measured fitness | x1 | x2...
1 +7.605269238e+06 +7.605269238e+06 +7.605099038e+06 +7.605099038e+06 +1.7717e+00 -1.5506e+00
3 +1.807858097e+06 +1.807858097e+06 +1.807687897e+06 +1.807687897e+06 +5.2782e-02 -2.0477e+00
4 +9.461860527e+05 +9.461860527e+05 +9.460158527e+05 +9.460158527e+05 +1.9531e-01 -2.4663e+00
5 +5.385021949e+05 +5.385021949e+05 +5.383319949e+05 +5.383319949e+05 +2.9109e+00 -6.8811e+00
11 +2.445985862e+04 +2.445985862e+04 +2.428965862e+04 +2.428965862e+04 +3.2140e+00 -5.9050e+00
44 +6.849688522e+02 +6.849688522e+02 +5.147688522e+02 +5.147688522e+02 +2.7813e+00 -5.7983e+00
96 +5.230206888e+02 +5.230206888e+02 +3.528206888e+02 +3.528206888e+02 +3.9309e+00 -6.7022e+00
97 +5.697938649e+01 +5.697938649e+01 -1.132206135e+02 -1.132206135e+02 +2.0867e+00 -5.2165e+00
404 +3.945991116e+01 +3.945991116e+01 -1.307400888e+02 -1.307400888e+02 +1.1430e+00 -4.4736e+00
429 +2.364744125e+01 +2.364744125e+01 -1.465525587e+02 -1.465525587e+02 +2.4696e-01 -3.7641e+00
466 +1.095726239e+01 +1.095726239e+01 -1.592427376e+02 -1.592427376e+02 -9.2021e-01 -2.8398e+00
483 +9.621611234e+00 +9.621611234e+00 -1.605783888e+02 -1.605783888e+02 -1.5455e+00 -2.3441e+00
489 +5.177317072e+00 +5.177317072e+00 -1.650226829e+02 -1.650226829e+02 -1.8775e+00 -2.0831e+00
500 +3.336173799e+00 +3.336173799e+00 -1.668638262e+02 -1.668638262e+02 -2.0815e+00 -1.9221e+00
510 +2.192947511e+00 +2.192947511e+00 -1.680070525e+02 -1.680070525e+02 -2.3455e+00 -1.7135e+00
517 +5.543116471e-01 +5.543116471e-01 -1.696456884e+02 -1.696456884e+02 -2.9814e+00 -1.2108e+00
522 +1.348351614e-01 +1.348351614e-01 -1.700651648e+02 -1.700651648e+02 -3.3663e+00 -9.0727e-01
535 +4.889663757e-02 +4.889663757e-02 -1.701511034e+02 -1.701511034e+02 -3.6238e+00 -7.0363e-01
552 +2.570727093e-02 +2.570727093e-02 -1.701742927e+02 -1.701742927e+02 -3.4338e+00 -8.5344e-01
570 +4.431226802e-03 +4.431226802e-03 -1.701955688e+02 -1.701955688e+02 -3.6164e+00 -7.0917e-01
598 +8.702243258e-04 +8.702243258e-04 -1.701991298e+02 -1.701991298e+02 -3.5623e+00 -7.5196e-01
614 +1.373243950e-05 +1.373243950e-05 -1.701999863e+02 -1.701999863e+02 -3.5578e+00 -7.5554e-01
691 +7.792246208e-06 +7.792246208e-06 -1.701999922e+02 -1.701999922e+02 -3.5568e+00 -7.5629e-01
704 +2.343461148e-06 +2.343461148e-06 -1.701999977e+02 -1.701999977e+02 -3.5587e+00 -7.5479e-01
712 +1.125075357e-07 +1.125075357e-07 -1.701999999e+02 -1.701999999e+02 -3.5590e+00 -7.5453e-01
750 +6.205615932e-08 +6.205615932e-08 -1.701999999e+02 -1.701999999e+02 -3.5594e+00 -7.5424e-01
766 +2.255822551e-08 +2.255822551e-08 -1.702000000e+02 -1.702000000e+02 -3.5593e+00 -7.5431e-01
780 +6.921226259e-09 +6.921226259e-09 -1.702000000e+02 -1.702000000e+02 -3.5592e+00 -7.5437e-01
782 +5.371020961e-09 +5.371020961e-09 -1.702000000e+02 -1.702000000e+02 -3.5592e+00 -7.5439e-01
% function evaluation | noise-free fitness - Fopt (-4.697500000000e+02) | best noise-free fitness - Fopt | measured fitness | best measured fitness | x1 | x2...
1 +3.077807732e+07 +3.077807732e+07 +3.077760757e+07 +3.077760757e+07 -1.3157e+00 +2.5308e+00
7 +7.199419313e+06 +7.199419313e+06 +7.198949563e+06 +7.198949563e+06 +1.2566e+00 -2.9732e-01
10 +5.281072967e+06 +5.281072967e+06 +5.280603217e+06 +5.280603217e+06 +3.1827e+00 -5.1510e-01
13 +6.653624189e+05 +6.653624189e+05 +6.648926689e+05 +6.648926689e+05 +4.9836e-01 -2.0391e+00
14 +3.905630613e+05 +3.905630613e+05 +3.900933113e+05 +3.900933113e+05 +3.6644e+00 -3.3638e+00
25 +9.908158486e+04 +9.908158486e+04 +9.861183486e+04 +9.861183486e+04 +3.8886e+00 -2.9728e+00
34 +3.074785902e+04 +3.074785902e+04 +3.027810902e+04 +3.027810902e+04 +1.2677e+00 -3.0358e+00
53 +1.009897633e+02 +1.009897633e+02 -3.687602367e+02 -3.687602367e+02 +2.1399e+00 -2.8104e+00
116 +9.404526706e+01 +9.404526706e+01 -3.757047329e+02 -3.757047329e+02 +1.8601e+00 -2.8128e+00
152 +2.953187397e+01 +2.953187397e+01 -4.402181260e+02 -4.402181260e+02 +1.7560e+00 -2.8352e+00
153 +7.654540069e+00 +7.654540069e+00 -4.620954599e+02 -4.620954599e+02 +1.7475e+00 -2.8335e+00
175 +5.987866171e+00 +5.987866171e+00 -4.637621338e+02 -4.637621338e+02 +1.7913e+00 -2.8295e+00
183 +3.086037745e+00 +3.086037745e+00 -4.666639623e+02 -4.666639623e+02 +1.7574e+00 -2.8311e+00
218 +2.485191250e+00 +2.485191250e+00 -4.672648088e+02 -4.672648088e+02 +1.7245e+00 -2.8331e+00
434 +1.388006371e+00 +1.388006371e+00 -4.683619936e+02 -4.683619936e+02 +1.0412e+00 -2.8864e+00
450 +7.790771882e-01 +7.790771882e-01 -4.689709228e+02 -4.689709228e+02 +8.8047e-01 -2.8993e+00
458 +4.673742047e-01 +4.673742047e-01 -4.692826258e+02 -4.692826258e+02 +4.3038e-01 -2.9358e+00
466 +1.758641725e-01 +1.758641725e-01 -4.695741358e+02 -4.695741358e+02 +1.2605e-01 -2.9597e+00
467 +4.087975963e-02 +4.087975963e-02 -4.697091202e+02 -4.697091202e+02 +2.1863e-01 -2.9520e+00
474 +2.965940687e-02 +2.965940687e-02 -4.697203406e+02 -4.697203406e+02 +1.3736e-02 -2.9684e+00
482 +1.695923814e-02 +1.695923814e-02 -4.697330408e+02 -4.697330408e+02 +8.1755e-02 -2.9627e+00
491 +6.660366550e-03 +6.660366550e-03 -4.697433396e+02 -4.697433396e+02 +1.5459e-03 -2.9691e+00
509 +3.492823135e-03 +3.492823135e-03 -4.697465072e+02 -4.697465072e+02 -2.8772e-02 -2.9716e+00
518 +7.225480335e-04 +7.225480335e-04 -4.697492775e+02 -4.697492775e+02 +3.1428e-02 -2.9668e+00
534 +5.399186180e-04 +5.399186180e-04 -4.697494601e+02 -4.697494601e+02 +4.0555e-02 -2.9661e+00
536 +3.466686387e-04 +3.466686387e-04 -4.697496533e+02 -4.697496533e+02 +3.2531e-02 -2.9667e+00
581 +2.481755921e-04 +2.481755921e-04 -4.697497518e+02 -4.697497518e+02 +1.1741e-02 -2.9684e+00
588 +4.958284336e-05 +4.958284336e-05 -4.697499504e+02 -4.697499504e+02 +1.8983e-02 -2.9678e+00
594 +1.943373928e-05 +1.943373928e-05 -4.697499806e+02 -4.697499806e+02 +3.0275e-02 -2.9669e+00
596 +7.663550718e-07 +7.663550718e-07 -4.697499992e+02 -4.697499992e+02 +2.6655e-02 -2.9672e+00
663 +2.149284910e-07 +2.149284910e-07 -4.697499998e+02 -4.697499998e+02 +2.6823e-02 -2.9672e+00
687 +9.433932746e-08 +9.433932746e-08 -4.697499999e+02 -4.697499999e+02 +2.6695e-02 -2.9672e+00
688 +2.131503152e-08 +2.131503152e-08 -4.697500000e+02 -4.697500000e+02 +2.6496e-02 -2.9672e+00
710 +1.579599029e-08 +1.579599029e-08 -4.697500000e+02 -4.697500000e+02 +2.6343e-02 -2.9672e+00
738 +4.540027021e-09 +4.540027021e-09 -4.697500000e+02 -4.697500000e+02 +2.6337e-02 -2.9672e+00
739 +8.993197298e-10 +8.993197298e-10 -4.697500000e+02 -4.697500000e+02 +2.6396e-02 -2.9672e+00
% function evaluation | noise-free fitness - Fopt (-4.697500000000e+02) | best noise-free fitness - Fopt | measured fitness | best measured fitness | x1 | x2...
1 +1.521204612e+07 +1.521204612e+07 +1.521157637e+07 +1.521157637e+07 +2.8808e+00 +1.1887e+00
6 +5.932449278e+04 +5.932449278e+04 +5.885474278e+04 +5.885474278e+04 +3.2552e+00 -2.9568e+00
22 +2.241389138e+04 +2.241389138e+04 +2.194414138e+04 +2.194414138e+04 +3.5913e+00 -2.8270e+00
50 +5.377647832e+01 +5.377647832e+01 -4.159735217e+02 -4.159735217e+02 +3.9660e-01 -2.9459e+00
73 +1.033859436e+01 +1.033859436e+01 -4.594114056e+02 -4.594114056e+02 +8.0604e-01 -2.9022e+00
123 +6.407966617e+00 +6.407966617e+00 -4.633420334e+02 -4.633420334e+02 +4.9426e-02 -2.9630e+00
206 +1.868247696e-01 +1.868247696e-01 -4.695631752e+02 -4.695631752e+02 +2.6870e-01 -2.9484e+00
227 +1.004095451e-01 +1.004095451e-01 -4.696495905e+02 -4.696495905e+02 +2.1519e-01 -2.9520e+00
245 +5.185343439e-02 +5.185343439e-02 -4.696981466e+02 -4.696981466e+02 +1.4327e-01 -2.9578e+00
255 +2.337886279e-02 +2.337886279e-02 -4.697266211e+02 -4.697266211e+02 +1.8268e-01 -2.9549e+00
256 +9.182475964e-03 +9.182475964e-03 -4.697408175e+02 -4.697408175e+02 +1.1326e-01 -2.9603e+00
380 +3.661762035e-03 +3.661762035e-03 -4.697463382e+02 -4.697463382e+02 +7.7462e-02 -2.9631e+00
399 +4.690150000e-04 +4.690150000e-04 -4.697495310e+02 -4.697495310e+02 +2.0544e-02 -2.9677e+00
415 +2.664129585e-05 +2.664129585e-05 -4.697499734e+02 -4.697499734e+02 +2.6466e-02 -2.9672e+00
467 +8.041820706e-06 +8.041820706e-06 -4.697499920e+02 -4.697499920e+02 +2.9235e-02 -2.9670e+00
477 +4.673183525e-06 +4.673183525e-06 -4.697499953e+02 -4.697499953e+02 +2.6948e-02 -2.9672e+00
490 +3.613383683e-06 +3.613383683e-06 -4.697499964e+02 -4.697499964e+02 +2.4715e-02 -2.9673e+00
495 +1.729791336e-06 +1.729791336e-06 -4.697499983e+02 -4.697499983e+02 +2.5234e-02 -2.9673e+00
512 +3.387960987e-07 +3.387960987e-07 -4.697499997e+02 -4.697499997e+02 +2.6970e-02 -2.9672e+00
534 +1.100198688e-07 +1.100198688e-07 -4.697499999e+02 -4.697499999e+02 +2.6293e-02 -2.9672e+00
555 +5.670420933e-08 +5.670420933e-08 -4.697499999e+02 -4.697499999e+02 +2.6489e-02 -2.9672e+00
576 +1.375718739e-08 +1.375718739e-08 -4.697500000e+02 -4.697500000e+02 +2.6528e-02 -2.9672e+00
581 +3.796230885e-09 +3.796230885e-09 -4.697500000e+02 -4.697500000e+02 +2.6366e-02 -2.9672e+00
584 +1.531759608e-09 +1.531759608e-09 -4.697500000e+02 -4.697500000e+02 +2.6424e-02 -2.9672e+00
% function evaluation | noise-free fitness - Fopt (-4.697500000000e+02) | best noise-free fitness - Fopt | measured fitness | best measured fitness | x1 | x2...
1 +3.587172299e+07 +3.587172299e+07 +3.587125324e+07 +3.587125324e+07 -1.3073e+00 +2.8926e+00
7 +2.411090991e+07 +2.411090991e+07 +2.411044016e+07 +2.411044016e+07 +7.0271e-01 +2.0647e+00
12 +1.029190186e+07 +1.029190186e+07 +1.029143211e+07 +1.029143211e+07 +2.5237e+00 +5.4339e-01
14 +9.930765013e+06 +9.930765013e+06 +9.930295263e+06 +9.930295263e+06 +7.7766e+00 +8.9921e-01
16 +1.708883824e+05 +1.708883824e+05 +1.704186324e+05 +1.704186324e+05 +3.9804e+00 -3.0562e+00
21 +1.577708591e+04 +1.577708591e+04 +1.530733591e+04 +1.530733591e+04 +4.6628e+00 -2.4713e+00
69 +8.442532542e+03 +8.442532542e+03 +7.972782542e+03 +7.972782542e+03 +9.9562e+00 -2.0928e+00
80 +1.081618914e+03 +1.081618914e+03 +6.118689145e+02 +6.118689145e+02 +9.5751e+00 -2.1775e+00
132 +9.866494710e+02 +9.866494710e+02 +5.168994710e+02 +5.168994710e+02 +1.1642e+01 -2.0209e+00
138 +1.383476322e+02 +1.383476322e+02 -3.314023678e+02 -3.314023678e+02 +1.1687e+01 -2.0463e+00
256 +9.931612254e+01 +9.931612254e+01 -3.704338775e+02 -3.704338775e+02 +1.0563e+01 -2.1344e+00
404 +6.235565909e+01 +6.235565909e+01 -4.073943409e+02 -4.073943409e+02 +7.5836e+00 -2.3706e+00
423 +3.213502139e+01 +3.213502139e+01 -4.376149786e+02 -4.376149786e+02 +4.0012e+00 -2.6490e+00
425 +9.159829010e+00 +9.159829010e+00 -4.605901710e+02 -4.605901710e+02 +2.3572e+00 -2.7811e+00
462 +5.787923442e+00 +5.787923442e+00 -4.639620766e+02 -4.639620766e+02 +1.9984e+00 -2.8127e+00
485 +3.234385460e+00 +3.234385460e+00 -4.665156145e+02 -4.665156145e+02 +1.8915e+00 -2.8195e+00
494 +2.020294159e+00 +2.020294159e+00 -4.677297058e+02 -4.677297058e+02 +1.3607e+00 -2.8615e+00
500 +1.157023730e+00 +1.157023730e+00 -4.685929763e+02 -4.685929763e+02 -3.3756e-01 -2.9970e+00
501 +8.372678933e-01 +8.372678933e-01 -4.689127321e+02 -4.689127321e+02 +9.4211e-01 -2.8951e+00
505 +2.268418868e-01 +2.268418868e-01 -4.695231581e+02 -4.695231581e+02 -2.1523e-01 -2.9859e+00
534 +4.484937044e-02 +4.484937044e-02 -4.697051506e+02 -4.697051506e+02 +8.5331e-02 -2.9624e+00
549 +2.138096899e-02 +2.138096899e-02 -4.697286190e+02 -4.697286190e+02 +1.6995e-01 -2.9558e+00
552 +4.704268448e-03 +4.704268448e-03 -4.697452957e+02 -4.697452957e+02 -4.8650e-02 -2.9731e+00
555 +2.121703209e-03 +2.121703209e-03 -4.697478783e+02 -4.697478783e+02 -4.6567e-03 -2.9696e+00
572 +1.386318208e-03 +1.386318208e-03 -4.697486137e+02 -4.697486137e+02 +2.4233e-03 -2.9691e+00
590 +3.698153811e-04 +3.698153811e-04 -4.697496302e+02 -4.697496302e+02 +3.6931e-02 -2.9664e+00
603 +8.000727649e-05 +8.000727649e-05 -4.697499200e+02 -4.697499200e+02 +3.5089e-02 -2.9665e+00
613 +3.495769704e-06 +3.495769704e-06 -4.697499965e+02 -4.697499965e+02 +2.6945e-02 -2.9672e+00
645 +1.465322953e-06 +1.465322953e-06 -4.697499985e+02 -4.697499985e+02 +2.7257e-02 -2.9671e+00
649 +9.929329394e-07 +9.929329394e-07 -4.697499990e+02 -4.697499990e+02 +2.5388e-02 -2.9673e+00
683 +4.120124686e-08 +4.120124686e-08 -4.697500000e+02 -4.697500000e+02 +2.6240e-02 -2.9672e+00
711 +2.307473324e-08 +2.307473324e-08 -4.697500000e+02 -4.697500000e+02 +2.6507e-02 -2.9672e+00
722 +1.333069122e-08 +1.333069122e-08 -4.697500000e+02 -4.697500000e+02 +2.6517e-02 -2.9672e+00
740 +1.527382665e-09 +1.527382665e-09 -4.697500000e+02 -4.697500000e+02 +2.6426e-02 -2.9672e+00
741 +2.989963832e-11 +2.989963832e-11 -4.697500000e+02 -4.697500000e+02 +2.6403e-02 -2.9672e+00
