% function evaluation | noise-free fitness - Fopt (-5.494000000000e+01) | best noise-free fitness - Fopt | measured fitness | best measured fitness | x1 | x2...
1 +8.005764001e+06 +8.005764001e+06 +8.005709061e+06 +8.005709061e+06 +1.3329e+00 +3.5255e-01 -3.9877e+00
5 +2.289222893e+06 +2.289222893e+06 +2.289167953e+06 +2.289167953e+06 +1.9189e+00 -1.1674e+00 -3.4548e+00
8 +3.843769597e+05 +3.843769597e+05 +3.843220197e+05 +3.843220197e+05 +3.7576e+00 -1.5330e+00 -1.4191e+00
10 +2.008901946e+05 +2.008901946e+05 +2.008352546e+05 +2.008352546e+05 +1.6410e+00 -2.4500e+00 -4.4334e+00
19 +5.099355450e+04 +5.099355450e+04 +5.093861450e+04 +5.093861450e+04 +1.9444e+00 -3.3936e+00 -5.2594e+00
45 +1.962455610e+04 +1.962455610e+04 +1.956961610e+04 +1.956961610e+04 +1.1410e+00 -3.3874e+00 -5.8683e+00
53 +1.262458643e+04 +1.262458643e+04 +1.256964643e+04 +1.256964643e+04 +1.6412e+00 -3.0385e+00 -4.9465e+00
100 +9.476786101e+03 +9.476786101e+03 +9.421846101e+03 +9.421846101e+03 +1.0119e+00 -4.0363e+00 -8.2134e+00
136 +4.338929015e+03 +4.338929015e+03 +4.283989015e+03 +4.283989015e+03 +6.0321e-03 -3.6362e+00 -7.3763e+00
168 +3.203859538e+03 +3.203859538e+03 +3.148919538e+03 +3.148919538e+03 -3.0612e-01 -3.7229e+00 -7.8251e+00
227 +1.333526620e+03 +1.333526620e+03 +1.278586620e+03 +1.278586620e+03 -9.7965e-01 -4.0502e+00 -9.2011e+00
245 +6.578509427e+02 +6.578509427e+02 +6.029109427e+02 +6.029109427e+02 -1.2760e+00 -4.2089e+00 -9.7402e+00
260 +4.776442225e+02 +4.776442225e+02 +4.227042225e+02 +4.227042225e+02 -1.3105e+00 -4.0869e+00 -9.4102e+00
270 +9.452272584e+01 +9.452272584e+01 +3.958272584e+01 +3.958272584e+01 -1.9742e+00 -4.0060e+00 -9.3979e+00
373 +6.217608946e+01 +6.217608946e+01 +7.236089459e+00 +7.236089459e+00 -2.0111e+00 -3.7182e+00 -8.5151e+00
551 +3.812094319e+01 +3.812094319e+01 -1.681905681e+01 -1.681905681e+01 -1.9484e+00 -3.2945e+00 -7.1418e+00
574 +1.549485763e+01 +1.549485763e+01 -3.944514237e+01 -3.944514237e+01 -1.8567e+00 -2.6616e+00 -5.0952e+00
591 +3.770455524e+00 +3.770455524e+00 -5.116954448e+01 -5.116954448e+01 -1.8080e+00 -1.9626e+00 -2.8486e+00
601 +9.148488595e-01 +9.148488595e-01 -5.402515114e+01 -5.402515114e+01 -1.7266e+00 -1.6711e+00 -1.8903e+00
663 +4.483378988e-01 +4.483378988e-01 -5.449166210e+01 -5.449166210e+01 -1.7333e+00 -1.4742e+00 -1.2706e+00
677 +3.290734750e-01 +3.290734750e-01 -5.461092652e+01 -5.461092652e+01 -1.7396e+00 -1.5203e+00 -1.4192e+00
691 +2.158151126e-01 +2.158151126e-01 -5.472418489e+01 -5.472418489e+01 -1.7448e+00 -1.6390e+00 -1.7978e+00
693 +8.370044707e-02 +8.370044707e-02 -5.485629955e+01 -5.485629955e+01 -1.7179e+00 -1.4852e+00 -1.2971e+00
696 +3.815289906e-02 +3.815289906e-02 -5.490184710e+01 -5.490184710e+01 -1.7247e+00 -1.5143e+00 -1.3936e+00
720 +2.198649654e-02 +2.198649654e-02 -5.491801350e+01 -5.491801350e+01 -1.7329e+00 -1.5451e+00 -1.4942e+00
731 +1.516756751e-02 +1.516756751e-02 -5.492483243e+01 -5.492483243e+01 -1.7246e+00 -1.4833e+00 -1.2941e+00
761 +7.574203581e-04 +7.574203581e-04 -5.493924258e+01 -5.493924258e+01 -1.7257e+00 -1.5091e+00 -1.3767e+00
765 +3.419163519e-04 +3.419163519e-04 -5.493965808e+01 -5.493965808e+01 -1.7271e+00 -1.5125e+00 -1.3881e+00
821 +1.020345229e-04 +1.020345229e-04 -5.493989797e+01 -5.493989797e+01 -1.7264e+00 -1.5073e+00 -1.3715e+00
844 +9.446804676e-05 +9.446804676e-05 -5.493990553e+01 -5.493990553e+01 -1.7261e+00 -1.5077e+00 -1.3727e+00
851 +1.078122988e-05 +1.078122988e-05 -5.493998922e+01 -5.493998922e+01 -1.7263e+00 -1.5077e+00 -1.3727e+00
880 +5.192673285e-06 +5.192673285e-06 -5.493999481e+01 -5.493999481e+01 -1.7263e+00 -1.5073e+00 -1.3715e+00
909 +2.074029155e-06 +2.074029155e-06 -5.493999793e+01 -5.493999793e+01 -1.7264e+00 -1.5079e+00 -1.3731e+00
920 +1.292393101e-06 +1.292393101e-06 -5.493999871e+01 -5.493999871e+01 -1.7264e+00 -1.5079e+00 -1.3731e+00
964 +6.872967475e-07 +6.872967475e-07 -5.493999931e+01 -5.493999931e+01 -1.7264e+00 -1.5078e+00 -1.3729e+00
977 +4.866338372e-07 +4.866338372e-07 -5.493999951e+01 -5.493999951e+01 -1.7264e+00 -1.5080e+00 -1.3738e+00
978 +3.481894382e-07 +3.481894382e-07 -5.493999965e+01 -5.493999965e+01 -1.7264e+00 -1.5079e+00 -1.3734e+00
1010 +2.453029211e-07 +2.453029211e-07 -5.493999975e+01 -5.493999975e+01 -1.7264e+00 -1.5081e+00 -1.3740e+00
1025 +1.075981686e-07 +1.075981686e-07 -5.493999989e+01 -5.493999989e+01 -1.7264e+00 -1.5081e+00 -1.3738e+00
1032 +9.621946617e-08 +9.621946617e-08 -5.493999990e+01 -5.493999990e+01 -1.7264e+00 -1.5081e+00 -1.3739e+00
1033 +5.215122201e-08 +5.215122201e-08 -5.493999995e+01 -5.493999995e+01 -1.7264e+00 -1.5081e+00 -1.3738e+00
1049 +3.136488402e-08 +3.136488402e-08 -5.493999997e+01 -5.493999997e+01 -1.7264e+00 -1.5080e+00 -1.3737e+00
1067 +1.754938239e-08 +1.754938239e-08 -5.493999998e+01 -5.493999998e+01 -1.7264e+00 -1.5080e+00 -1.3736e+00
1074 +9.934773004e-09 +9.934773004e-09 -5.493999999e+01 -5.493999999e+01 -1.7264e+00 -1.5080e+00 -1.3736e+00
% function evaluation | noise-free fitness - Fopt (-5.494000000000e+01) | best noise-free fitness - Fopt | measured fitness | best measured fitness | x1 | x2...
1 +3.009836833e+05 +3.009836833e+05 +3.009287433e+05 +3.009287433e+05 +4.1038e-01 -8.8803e-01 -4.7022e-01
5 +1.166987817e+04 +1.166987817e+04 +1.161493817e+04 +1.161493817e+04 +2.7968e-01 -2.9315e+00 -4.8056e+00
71 +7.591024464e+03 +7.591024464e+03 +7.536084464e+03 +7.536084464e+03 +9.1303e-01 -2.0657e+00 -1.9912e+00
119 +5.871505184e+03 +5.871505184e+03 +5.816565184e+03 +5.816565184e+03 +7.3955e-01 -1.5604e+00 -5.9299e-01
210 +3.745934107e+03 +3.745934107e+03 +3.690994107e+03 +3.690994107e+03 +1.5232e-01 -1.3585e+00 -1.1371e-01
254 +2.350294912e+03 +2.350294912e+03 +2.295354912e+03 +2.295354912e+03 -2.9895e-01 -1.1181e+00 +4.0795e-01
275 +1.480767565e+03 +1.480767565e+03 +1.425827565e+03 +1.425827565e+03 -6.1210e-01 -1.0172e+00 +6.9759e-01
281 +8.467790249e+02 +8.467790249e+02 +7.918390249e+02 +7.918390249e+02 -7.4051e-01 -9.8545e-01 +7.0749e-01
284 +3.332127648e+02 +3.332127648e+02 +2.782727648e+02 +2.782727648e+02 -1.1208e+00 -8.3152e-01 +9.9163e-01
291 +5.202339483e+01 +5.202339483e+01 -2.916605172e+00 -2.916605172e+00 -1.4403e+00 -7.9225e-01 +1.0116e+00
337 +1.121979444e+01 +1.121979444e+01 -4.372020556e+01 -4.372020556e+01 -1.5671e+00 -7.0301e-01 +1.2490e+00
381 +9.492312491e+00 +9.492312491e+00 -4.544768751e+01 -4.544768751e+01 -1.5847e+00 -7.4110e-01 +1.1212e+00
640 +6.187951516e+00 +6.187951516e+00 -4.875204848e+01 -4.875204848e+01 -1.6366e+00 -7.5219e-01 +1.0643e+00
736 +3.508888724e+00 +3.508888724e+00 -5.143111128e+01 -5.143111128e+01 -1.6635e+00 -1.0187e+00 +2.0539e-01
766 +2.314087972e+00 +2.314087972e+00 -5.262591203e+01 -5.262591203e+01 -1.6903e+00 -1.1185e+00 -1.2238e-01
777 +1.315052574e+00 +1.315052574e+00 -5.362494743e+01 -5.362494743e+01 -1.6852e+00 -1.1865e+00 -3.3536e-01
788 +8.339186616e-01 +8.339186616e-01 -5.410608134e+01 -5.410608134e+01 -1.6882e+00 -1.2468e+00 -5.2731e-01
793 +2.898463009e-01 +2.898463009e-01 -5.465015370e+01 -5.465015370e+01 -1.7140e+00 -1.3515e+00 -8.7140e-01
828 +2.421785497e-01 +2.421785497e-01 -5.469782145e+01 -5.469782145e+01 -1.7171e+00 -1.3723e+00 -9.3864e-01
865 +1.501973267e-01 +1.501973267e-01 -5.478980267e+01 -5.478980267e+01 -1.7121e+00 -1.4051e+00 -1.0403e+00
866 +9.712326278e-02 +9.712326278e-02 -5.484287674e+01 -5.484287674e+01 -1.7153e+00 -1.4178e+00 -1.0823e+00
870 +4.216264048e-02 +4.216264048e-02 -5.489783736e+01 -5.489783736e+01 -1.7183e+00 -1.4638e+00 -1.2301e+00
877 +1.478652585e-02 +1.478652585e-02 -5.492521347e+01 -5.492521347e+01 -1.7220e+00 -1.4751e+00 -1.2672e+00
888 +8.664876576e-03 +8.664876576e-03 -5.493133512e+01 -5.493133512e+01 -1.7259e+00 -1.5240e+00 -1.4241e+00
929 +6.068379168e-03 +6.068379168e-03 -5.493393162e+01 -5.493393162e+01 -1.7283e+00 -1.5194e+00 -1.4103e+00
933 +3.253152475e-03 +3.253152475e-03 -5.493674685e+01 -5.493674685e+01 -1.7278e+00 -1.5133e+00 -1.3913e+00
940 +1.379222438e-03 +1.379222438e-03 -5.493862078e+01 -5.493862078e+01 -1.7268e+00 -1.5069e+00 -1.3703e+00
943 +2.384253189e-04 +2.384253189e-04 -5.493976157e+01 -5.493976157e+01 -1.7262e+00 -1.5068e+00 -1.3697e+00
982 +3.749097854e-05 +3.749097854e-05 -5.493996251e+01 -5.493996251e+01 -1.7264e+00 -1.5089e+00 -1.3765e+00
1019 +1.411847477e-05 +1.411847477e-05 -5.493998588e+01 -5.493998588e+01 -1.7264e+00 -1.5089e+00 -1.3764e+00
1031 +9.151214449e-06 +9.151214449e-06 -5.493999085e+01 -5.493999085e+01 -1.7263e+00 -1.5072e+00 -1.3711e+00
1057 +4.219815345e-06 +4.219815345e-06 -5.493999578e+01 -5.493999578e+01 -1.7264e+00 -1.5077e+00 -1.3726e+00
1085 +3.590816974e-06 +3.590816974e-06 -5.493999641e+01 -5.493999641e+01 -1.7264e+00 -1.5084e+00 -1.3748e+00
1090 +2.131097737e-06 +2.131097737e-06 -5.493999787e+01 -5.493999787e+01 -1.7263e+00 -1.5077e+00 -1.3726e+00
1096 +1.011076030e-06 +1.011076030e-06 -5.493999899e+01 -5.493999899e+01 -1.7264e+00 -1.5078e+00 -1.3730e+00
1105 +7.516711094e-07 +7.516711094e-07 -5.493999925e+01 -5.493999925e+01 -1.7264e+00 -1.5078e+00 -1.3729e+00
1109 +4.061046894e-07 +4.061046894e-07 -5.493999959e+01 -5.493999959e+01 -1.7264e+00 -1.5081e+00 -1.3738e+00
1124 +5.567181915e-08 +5.567181915e-08 -5.493999994e+01 -5.493999994e+01 -1.7264e+00 -1.5079e+00 -1.3734e+00
1159 +3.288469230e-08 +3.288469230e-08 -5.493999997e+01 -5.493999997e+01 -1.7264e+00 -1.5080e+00 -1.3735e+00
1181 +1.023809659e-08 +1.023809659e-08 -5.493999999e+01 -5.493999999e+01 -1.7264e+00 -1.5080e+00 -1.3736e+00
1204 +3.589548214e-09 +3.589548214e-09 -5.494000000e+01 -5.494000000e+01 -1.7264e+00 -1.5080e+00 -1.3736e+00
% function evaluation | noise-free fitness - Fopt (-5.494000000000e+01) | best noise-free fitness - Fopt | measured fitness | best measured fitness | x1 | x2...
1 +1.126237965e+07 +1.126237965e+07 +1.126232471e+07 +1.126232471e+07 +1.5036e-01 +2.1470e+00 -3.6509e-01
5 +4.239877491e+06 +4.239877491e+06 +4.239822551e+06 +4.239822551e+06 +3.4106e+00 -6.5515e-01 -3.4564e+00
11 +1.815462605e+06 +1.815462605e+06 +1.815407665e+06 +1.815407665e+06 -3.6707e+00 -1.6060e+00 +1.6509e+00
14 +4.162241537e+05 +4.162241537e+05 +4.161692137e+05 +4.161692137e+05 +6.0437e+00 -2.2675e+00 +1.2184e+00
18 +3.417241673e+05 +3.417241673e+05 +3.416692273e+05 +3.416692273e+05 -6.9178e+00 +1.0779e+00 +2.7566e+00
36 +1.626140389e+04 +1.626140389e+04 +1.620646389e+04 +1.620646389e+04 +1.8910e+00 -9.6988e-01 +1.5684e+00
181 +1.550639307e+04 +1.550639307e+04 +1.545145307e+04 +1.545145307e+04 +2.0908e+00 -2.1690e+00 -1.8648e+00
238 +9.403665602e+03 +9.403665602e+03 +9.348725602e+03 +9.348725602e+03 +1.3385e+00 -2.1071e+00 -2.0112e+00
251 +5.398777553e+03 +5.398777553e+03 +5.343837553e+03 +5.343837553e+03 +5.6769e-01 -1.8331e+00 -1.5385e+00
259 +7.212274038e+02 +7.212274038e+02 +6.662874038e+02 +6.662874038e+02 -8.4618e-01 -1.5282e+00 -1.0995e+00
282 +4.994943164e+01 +4.994943164e+01 -4.990568356e+00 -4.990568356e+00 -1.7957e+00 -1.2833e+00 -7.0919e-01
324 +7.543803064e+00 +7.543803064e+00 -4.739619694e+01 -4.739619694e+01 -1.7655e+00 -1.4620e+00 -1.2513e+00
405 +3.009757235e+00 +3.009757235e+00 -5.193024277e+01 -5.193024277e+01 -1.6640e+00 -1.4254e+00 -1.0848e+00
408 +5.751595960e-01 +5.751595960e-01 -5.436484040e+01 -5.436484040e+01 -1.7079e+00 -1.4078e+00 -1.0497e+00
479 +1.872936491e-01 +1.872936491e-01 -5.475270635e+01 -5.475270635e+01 -1.7112e+00 -1.4161e+00 -1.0746e+00
504 +1.543628036e-01 +1.543628036e-01 -5.478563720e+01 -5.478563720e+01 -1.7140e+00 -1.4145e+00 -1.0707e+00
549 +9.642195573e-02 +9.642195573e-02 -5.484357804e+01 -5.484357804e+01 -1.7167e+00 -1.4173e+00 -1.0815e+00
800 +6.254669308e-02 +6.254669308e-02 -5.487745331e+01 -5.487745331e+01 -1.7177e+00 -1.4342e+00 -1.1357e+00
865 +3.320491744e-02 +3.320491744e-02 -5.490679508e+01 -5.490679508e+01 -1.7215e+00 -1.4571e+00 -1.2100e+00
909 +1.981743342e-02 +1.981743342e-02 -5.492018257e+01 -5.492018257e+01 -1.7244e+00 -1.4738e+00 -1.2637e+00
949 +1.568030365e-02 +1.568030365e-02 -5.492431970e+01 -5.492431970e+01 -1.7241e+00 -1.4989e+00 -1.3441e+00
955 +7.208338742e-03 +7.208338742e-03 -5.493279166e+01 -5.493279166e+01 -1.7243e+00 -1.4850e+00 -1.2996e+00
974 +5.780524426e-03 +5.780524426e-03 -5.493421948e+01 -5.493421948e+01 -1.7242e+00 -1.4838e+00 -1.2959e+00
979 +3.618999582e-03 +3.618999582e-03 -5.493638100e+01 -5.493638100e+01 -1.7266e+00 -1.4969e+00 -1.3384e+00
992 +1.985066279e-03 +1.985066279e-03 -5.493801493e+01 -5.493801493e+01 -1.7248e+00 -1.4966e+00 -1.3365e+00
997 +1.210579134e-03 +1.210579134e-03 -5.493878942e+01 -5.493878942e+01 -1.7251e+00 -1.4993e+00 -1.3455e+00
1004 +6.489059330e-04 +6.489059330e-04 -5.493935109e+01 -5.493935109e+01 -1.7261e+00 -1.5075e+00 -1.3720e+00
1013 +4.483325515e-04 +4.483325515e-04 -5.493955167e+01 -5.493955167e+01 -1.7271e+00 -1.5090e+00 -1.3771e+00
1040 +1.134837415e-04 +1.134837415e-04 -5.493988652e+01 -5.493988652e+01 -1.7267e+00 -1.5089e+00 -1.3766e+00
1046 +3.517901008e-05 +3.517901008e-05 -5.493996482e+01 -5.493996482e+01 -1.7262e+00 -1.5078e+00 -1.3728e+00
1090 +1.626927101e-05 +1.626927101e-05 -5.493998373e+01 -5.493998373e+01 -1.7263e+00 -1.5076e+00 -1.3724e+00
1117 +1.249103035e-05 +1.249103035e-05 -5.493998751e+01 -5.493998751e+01 -1.7263e+00 -1.5082e+00 -1.3741e+00
1132 +3.328595362e-06 +3.328595362e-06 -5.493999667e+01 -5.493999667e+01 -1.7263e+00 -1.5078e+00 -1.3729e+00
1140 +1.927505068e-06 +1.927505068e-06 -5.493999807e+01 -5.493999807e+01 -1.7264e+00 -1.5079e+00 -1.3733e+00
1164 +9.239042384e-07 +9.239042384e-07 -5.493999908e+01 -5.493999908e+01 -1.7264e+00 -1.5079e+00 -1.3731e+00
1179 +3.357972247e-07 +3.357972247e-07 -5.493999966e+01 -5.493999966e+01 -1.7264e+00 -1.5079e+00 -1.3731e+00
1199 +1.685491853e-07 +1.685491853e-07 -5.493999983e+01 -5.493999983e+01 -1.7264e+00 -1.5081e+00 -1.3738e+00
1206 +4.639804985e-08 +4.639804985e-08 -5.493999995e+01 -5.493999995e+01 -1.7264e+00 -1.5081e+00 -1.3738e+00
1245 +3.668252901e-08 +3.668252901e-08 -5.493999996e+01 -5.493999996e+01 -1.7264e+00 -1.5080e+00 -1.3736e+00
1247 +1.618024470e-08 +1.618024470e-08 -5.493999998e+01 -5.493999998e+01 -1.7264e+00 -1.5080e+00 -1.3737e+00
1249 +4.590432923e-09 +4.590432923e-09 -5.494000000e+01 -5.494000000e+01 -1.7264e+00 -1.5080e+00 -1.3736e+00
% function evaluation | noise-free fitness - Fopt (5.913000000000e+01) | best noise-free fitness - Fopt | measured fitness | best measured fitness | x1 | x2...
1 +7.880852885e+06 +7.880852885e+06 +7.880912015e+06 +7.880912015e+06 +1.0918e-01 +3.8004e+00 -7.1432e-01
3 +2.703976319e+06 +2.703976319e+06 +2.704035449e+06 +2.704035449e+06 +1.0235e+00 +2.7076e+00 -3.0242e+00
9 +7.439863246e+05 +7.439863246e+05 +7.440454546e+05 +7.440454546e+05 +2.2378e+00 +9.7330e-01 -2.8961e+00
14 +1.965798405e+04 +1.965798405e+04 +1.971711405e+04 +1.971711405e+04 +9.4808e-01 -2.5703e-01 +1.1760e-01
19 +1.280559642e+04 +1.280559642e+04 +1.286472642e+04 +1.286472642e+04 +1.2651e+00 -2.1744e-01 -3.5551e-01
45 +3.492191613e+03 +3.492191613e+03 +3.551321613e+03 +3.551321613e+03 +2.6933e+00 +5.6617e-01 -6.7142e+00
123 +2.337730362e+03 +2.337730362e+03 +2.396860362e+03 +2.396860362e+03 +6.0080e-01 +1.4637e+00 -5.1876e+00
129 +3.619701080e+02 +3.619701080e+02 +4.211001080e+02 +4.211001080e+02 -7.3648e-02 +1.5191e+00 -4.0977e+00
181 +2.368120590e+02 +2.368120590e+02 +2.959420590e+02 +2.959420590e+02 -3.8011e-02 +1.4613e+00 -3.9105e+00
229 +5.069689782e+01 +5.069689782e+01 +1.098268978e+02 +1.098268978e+02 +1.1119e-01 +1.2737e+00 -3.5765e+00
283 +3.550655646e+01 +3.550655646e+01 +9.463655646e+01 +9.463655646e+01 -1.4880e-02 +1.3487e+00 -3.5729e+00
292 +1.386578780e+01 +1.386578780e+01 +7.299578780e+01 +7.299578780e+01 +2.1834e-02 +1.3252e+00 -3.5512e+00
337 +9.685302352e+00 +9.685302352e+00 +6.881530235e+01 +6.881530235e+01 +8.9884e-02 +1.2761e+00 -3.5108e+00
709 +6.248878688e+00 +6.248878688e+00 +6.537887869e+01 +6.537887869e+01 -7.4908e-01 +1.5710e+00 -2.7978e+00
716 +3.391317293e+00 +3.391317293e+00 +6.252131729e+01 +6.252131729e+01 -8.9193e-01 +1.6360e+00 -2.7392e+00
734 +1.170074015e+00 +1.170074015e+00 +6.030007401e+01 +6.030007401e+01 -1.5962e+00 +1.8863e+00 -2.1578e+00
745 +4.673377305e-01 +4.673377305e-01 +5.959733773e+01 +5.959733773e+01 -2.3945e+00 +2.1717e+00 -1.5037e+00
754 +6.087602449e-02 +6.087602449e-02 +5.919087602e+01 +5.919087602e+01 -2.4381e+00 +2.1831e+00 -1.4504e+00
826 +3.089862844e-02 +3.089862844e-02 +5.916089863e+01 +5.916089863e+01 -2.2434e+00 +2.1125e+00 -1.6068e+00
834 +9.452115823e-03 +9.452115823e-03 +5.913945212e+01 +5.913945212e+01 -2.3236e+00 +2.1410e+00 -1.5400e+00
866 +5.257566686e-03 +5.257566686e-03 +5.913525757e+01 +5.913525757e+01 -2.2194e+00 +2.1048e+00 -1.6291e+00
875 +2.631239251e-03 +2.631239251e-03 +5.913263124e+01 +5.913263124e+01 -2.2398e+00 +2.1113e+00 -1.6092e+00
886 +1.493037902e-03 +1.493037902e-03 +5.913149304e+01 +5.913149304e+01 -2.2618e+00 +2.1197e+00 -1.5933e+00
895 +4.972400030e-04 +4.972400030e-04 +5.913049724e+01 +5.913049724e+01 -2.2483e+00 +2.1148e+00 -1.6043e+00
924 +3.056367333e-04 +3.056367333e-04 +5.913030564e+01 +5.913030564e+01 -2.2714e+00 +2.1230e+00 -1.5847e+00
946 +4.213081960e-05 +4.213081960e-05 +5.913004213e+01 +5.913004213e+01 -2.2609e+00 +2.1192e+00 -1.5933e+00
976 +1.230905171e-05 +1.230905171e-05 +5.913001231e+01 +5.913001231e+01 -2.2599e+00 +2.1189e+00 -1.5944e+00
1002 +6.805720524e-06 +6.805720524e-06 +5.913000681e+01 +5.913000681e+01 -2.2619e+00 +2.1196e+00 -1.5927e+00
1006 +4.543008330e-06 +4.543008330e-06 +5.913000454e+01 +5.913000454e+01 -2.2625e+00 +2.1198e+00 -1.5922e+00
1007 +3.381645847e-06 +3.381645847e-06 +5.913000338e+01 +5.913000338e+01 -2.2600e+00 +2.1189e+00 -1.5943e+00
1029 +2.145962611e-06 +2.145962611e-06 +5.913000215e+01 +5.913000215e+01 -2.2601e+00 +2.1189e+00 -1.5942e+00
1050 +1.474559539e-06 +1.474559539e-06 +5.913000147e+01 +5.913000147e+01 -2.2615e+00 +2.1194e+00 -1.5930e+00
1051 +8.499404913e-08 +8.499404913e-08 +5.913000008e+01 +5.913000008e+01 -2.2606e+00 +2.1191e+00 -1.5937e+00
1107 +1.884786371e-08 +1.884786371e-08 +5.913000002e+01 +5.913000002e+01 -2.2608e+00 +2.1192e+00 -1.5936e+00
1120 +6.775792372e-09 +6.775792372e-09 +5.913000001e+01 +5.913000001e+01 -2.2608e+00 +2.1192e+00 -1.5936e+00
1122 +1.680767525e-09 +1.680767525e-09 +5.913000000e+01 +5.913000000e+01 -2.2608e+00 +2.1192e+00 -1.5936e+00
% function evaluation | noise-free fitness - Fopt (5.913000000000e+01) | best noise-free fitness - Fopt | measured fitness | best measured fitness | x1 | x2...
1 +1.779591791e+06 +1.779591791e+06 +1.779650921e+06 +1.779650921e+06 -2.7616e+00 +9.1012e-01 -1.4654e+00
2 +4.192911412e+03 +4.192911412e+03 +4.252041412e+03 +4.252041412e+03 -1.0853e+00 +1.3967e+00 -1.6964e+00
54 +1.457613188e+03 +1.457613188e+03 +1.516743188e+03 +1.516743188e+03 -1.9822e+00 +1.9073e+00 -1.2241e+00
131 +6.741384319e+02 +6.741384319e+02 +7.332684319e+02 +7.332684319e+02 -1.4317e+00 +1.5771e+00 -1.3908e+00
159 +6.213909003e+02 +6.213909003e+02 +6.805209003e+02 +6.805209003e+02 -1.3735e+00 +1.5488e+00 -1.3931e+00
247 +3.230833904e+02 +3.230833904e+02 +3.822133904e+02 +3.822133904e+02 -1.3595e+00 +1.6459e+00 -1.7348e+00
263 +1.236431059e+02 +1.236431059e+02 +1.827731059e+02 +1.827731059e+02 -1.4851e+00 +1.7379e+00 -1.8411e+00
276 +5.638327581e+01 +5.638327581e+01 +1.155132758e+02 +1.155132758e+02 -1.6502e+00 +1.8373e+00 -1.8411e+00
307 +3.980360984e+00 +3.980360984e+00 +6.311036098e+01 +6.311036098e+01 -1.8104e+00 +1.9441e+00 -1.9059e+00
367 +2.086876466e+00 +2.086876466e+00 +6.121687647e+01 +6.121687647e+01 -1.7048e+00 +1.9095e+00 -2.0111e+00
376 +1.478951225e+00 +1.478951225e+00 +6.060895123e+01 +6.060895123e+01 -1.7170e+00 +1.9159e+00 -2.0041e+00
399 +8.176348412e-01 +8.176348412e-01 +5.994763484e+01 +5.994763484e+01 -1.7330e+00 +1.9298e+00 -2.0212e+00
412 +5.929964452e-01 +5.929964452e-01 +5.972299645e+01 +5.972299645e+01 -1.7304e+00 +1.9297e+00 -2.0273e+00
863 +3.207897391e-01 +3.207897391e-01 +5.945078974e+01 +5.945078974e+01 -1.8635e+00 +1.9775e+00 -1.9207e+00
872 +2.016394929e-01 +2.016394929e-01 +5.933163949e+01 +5.933163949e+01 -1.9153e+00 +1.9960e+00 -1.8781e+00
885 +1.465379199e-01 +1.465379199e-01 +5.927653792e+01 +5.927653792e+01 -2.0415e+00 +2.0404e+00 -1.7729e+00
904 +7.482522170e-02 +7.482522170e-02 +5.920482522e+01 +5.920482522e+01 -2.1186e+00 +2.0673e+00 -1.7070e+00
907 +3.702670756e-02 +3.702670756e-02 +5.916702671e+01 +5.916702671e+01 -2.1588e+00 +2.0816e+00 -1.6728e+00
915 +5.956273343e-03 +5.956273343e-03 +5.913595627e+01 +5.913595627e+01 -2.2609e+00 +2.1189e+00 -1.5926e+00
1000 +3.343936067e-03 +3.343936067e-03 +5.913334394e+01 +5.913334394e+01 -2.2223e+00 +2.1054e+00 -1.6248e+00
1001 +2.035052282e-03 +2.035052282e-03 +5.913203505e+01 +5.913203505e+01 -2.2392e+00 +2.1116e+00 -1.6115e+00
1013 +1.229680849e-03 +1.229680849e-03 +5.913122968e+01 +5.913122968e+01 -2.2346e+00 +2.1097e+00 -1.6146e+00
1019 +7.339917395e-04 +7.339917395e-04 +5.913073399e+01 +5.913073399e+01 -2.2698e+00 +2.1222e+00 -1.5853e+00
1033 +4.710086597e-04 +4.710086597e-04 +5.913047101e+01 +5.913047101e+01 -2.2611e+00 +2.1191e+00 -1.5926e+00
1040 +4.184975048e-05 +4.184975048e-05 +5.913004185e+01 +5.913004185e+01 -2.2656e+00 +2.1209e+00 -1.5896e+00
1097 +2.844426476e-05 +2.844426476e-05 +5.913002844e+01 +5.913002844e+01 -2.2597e+00 +2.1188e+00 -1.5945e+00
1099 +1.818060672e-05 +1.818060672e-05 +5.913001818e+01 +5.913001818e+01 -2.2612e+00 +2.1193e+00 -1.5932e+00
1119 +1.545680547e-05 +1.545680547e-05 +5.913001546e+01 +5.913001546e+01 -2.2610e+00 +2.1192e+00 -1.5933e+00
1124 +9.407777249e-06 +9.407777249e-06 +5.913000941e+01 +5.913000941e+01 -2.2614e+00 +2.1194e+00 -1.5930e+00
1153 +5.583307335e-06 +5.583307335e-06 +5.913000558e+01 +5.913000558e+01 -2.2621e+00 +2.1197e+00 -1.5925e+00
1154 +1.821077340e-06 +1.821077340e-06 +5.913000182e+01 +5.913000182e+01 -2.2597e+00 +2.1188e+00 -1.5945e+00
1158 +1.079046847e-06 +1.079046847e-06 +5.913000108e+01 +5.913000108e+01 -2.2602e+00 +2.1190e+00 -1.5941e+00
1164 +4.907535427e-07 +4.907535427e-07 +5.913000049e+01 +5.913000049e+01 -2.2612e+00 +2.1194e+00 -1.5933e+00
1195 +2.648036599e-07 +2.648036599e-07 +5.913000026e+01 +5.913000026e+01 -2.2610e+00 +2.1193e+00 -1.5934e+00
1204 +1.503818581e-07 +1.503818581e-07 +5.913000015e+01 +5.913000015e+01 -2.2608e+00 +2.1192e+00 -1.5936e+00
1223 +5.014792492e-08 +5.014792492e-08 +5.913000005e+01 +5.913000005e+01 -2.2608e+00 +2.1192e+00 -1.5936e+00
1227 +2.383008990e-08 +2.383008990e-08 +5.913000002e+01 +5.913000002e+01 -2.2608e+00 +2.1192e+00 -1.5936e+00
1232 +5.972125905e-09 +5.972125905e-09 +5.913000001e+01 +5.913000001e+01 -2.2608e+00 +2.1192e+00 -1.5936e+00
1234 +1.947377370e-09 +1.947377370e-09 +5.913000000e+01 +5.913000000e+01 -2.2608e+00 +2.1192e+00 -1.5936e+00
% function evaluation | noise-free fitness - Fopt (5.913000000000e+01) | best noise-free fitness - Fopt | measured fitness | best measured fitness | x1 | x2...
1 +6.407513009e+06 +6.407513009e+06 +6.407572139e+06 +6.407572139e+06 +6.0479e-01 -3.0774e+00 +2.0025e-01
2 +5.488581116e+05 +5.488581116e+05 +5.489172416e+05 +5.489172416e+05 +1.6424e+00 -1.4593e+00 +6.4322e+00
25 +2.154456643e+05 +2.154456643e+05 +2.155047943e+05 +2.155047943e+05 -7.5243e-01 -1.7279e+00 +8.2056e+00
38 +1.119425735e+05 +1.119425735e+05 +1.120017035e+05 +1.120017035e+05 +2.3132e+00 -2.8135e+00 +7.1143e+00
49 +8.392701282e+04 +8.392701282e+04 +8.398614282e+04 +8.398614282e+04 +1.8039e+00 -2.1043e+00 +5.9666e+00
235 +6.143003984e+04 +6.143003984e+04 +6.148916984e+04 +6.148916984e+04 -1.4725e+00 -3.8942e-01 +6.3406e+00
253 +3.260107210e+04 +3.260107210e+04 +3.266020210e+04 +3.266020210e+04 -2.6585e+00 +6.9111e-01 +4.9651e+00
261 +2.040590562e+04 +2.040590562e+04 +2.046503562e+04 +2.046503562e+04 -4.2695e+00 +1.6055e+00 +4.3731e+00
273 +1.139502779e+04 +1.139502779e+04 +1.145415779e+04 +1.145415779e+04 -4.1897e+00 +1.8437e+00 +3.7990e+00
283 +9.431424821e+03 +9.431424821e+03 +9.490554821e+03 +9.490554821e+03 -6.1438e+00 +2.9552e+00 +3.2811e+00
294 +6.248015649e+03 +6.248015649e+03 +6.307145649e+03 +6.307145649e+03 -6.4193e+00 +3.2087e+00 +2.9777e+00
304 +3.582739035e+03 +3.582739035e+03 +3.641869035e+03 +3.641869035e+03 -6.4115e+00 +3.4046e+00 +2.7881e+00
307 +8.356299210e+02 +8.356299210e+02 +8.947599210e+02 +8.947599210e+02 -6.5854e+00 +3.5705e+00 +2.4203e+00
362 +4.605889138e+02 +4.605889138e+02 +5.197189138e+02 +5.197189138e+02 -6.5751e+00 +3.4794e+00 +2.6364e+00
375 +2.306459485e+02 +2.306459485e+02 +2.897759485e+02 +2.897759485e+02 -7.6286e+00 +4.1574e+00 +2.3682e+00
377 +1.051968696e+02 +1.051968696e+02 +1.643268696e+02 +1.643268696e+02 -7.1526e+00 +3.8197e+00 +2.5645e+00
380 +4.235311859e+01 +4.235311859e+01 +1.014831186e+02 +1.014831186e+02 -7.1663e+00 +3.8628e+00 +2.4558e+00
513 +3.927984381e+01 +3.927984381e+01 +9.840984381e+01 +9.840984381e+01 -7.2173e+00 +3.8895e+00 +2.4750e+00
796 +2.480136502e+01 +2.480136502e+01 +8.393136502e+01 +8.393136502e+01 -5.8789e+00 +3.3999e+00 +1.4233e+00
816 +1.516208380e+01 +1.516208380e+01 +7.429208380e+01 +7.429208380e+01 -4.4230e+00 +2.8740e+00 +2.3800e-01
824 +9.674218118e+00 +9.674218118e+00 +6.880421812e+01 +6.880421812e+01 -3.6587e+00 +2.6070e+00 -3.9410e-01
828 +5.024871526e+00 +5.024871526e+00 +6.415487153e+01 +6.415487153e+01 -3.4278e+00 +2.5273e+00 -6.0785e-01
887 +1.822289660e+00 +1.822289660e+00 +6.095228966e+01 +6.095228966e+01 -1.5169e+00 +1.8619e+00 -2.2352e+00
897 +8.548929402e-01 +8.548929402e-01 +5.998489294e+01 +5.998489294e+01 -2.1152e+00 +2.0741e+00 -1.7366e+00
936 +3.547361569e-01 +3.547361569e-01 +5.948473616e+01 +5.948473616e+01 -2.5968e+00 +2.2381e+00 -1.3120e+00
977 +1.014726025e-01 +1.014726025e-01 +5.923147260e+01 +5.923147260e+01 -2.3860e+00 +2.1665e+00 -1.5009e+00
983 +7.300425141e-02 +7.300425141e-02 +5.920300425e+01 +5.920300425e+01 -2.3255e+00 +2.1448e+00 -1.5497e+00
992 +7.319293382e-04 +7.319293382e-04 +5.913073193e+01 +5.913073193e+01 -2.2460e+00 +2.1138e+00 -1.6055e+00
1109 +4.868742111e-04 +4.868742111e-04 +5.913048687e+01 +5.913048687e+01 -2.2471e+00 +2.1144e+00 -1.6053e+00
1115 +2.518494006e-04 +2.518494006e-04 +5.913025185e+01 +5.913025185e+01 -2.2507e+00 +2.1156e+00 -1.6020e+00
1126 +1.549452202e-04 +1.549452202e-04 +5.913015495e+01 +5.913015495e+01 -2.2552e+00 +2.1172e+00 -1.5983e+00
1138 +9.779473267e-05 +9.779473267e-05 +5.913009779e+01 +5.913009779e+01 -2.2564e+00 +2.1177e+00 -1.5975e+00
1153 +5.284816321e-05 +5.284816321e-05 +5.913005285e+01 +5.913005285e+01 -2.2561e+00 +2.1175e+00 -1.5976e+00
1175 +2.135611808e-05 +2.135611808e-05 +5.913002136e+01 +5.913002136e+01 -2.2587e+00 +2.1185e+00 -1.5954e+00
1177 +8.555800697e-06 +8.555800697e-06 +5.913000856e+01 +5.913000856e+01 -2.2595e+00 +2.1187e+00 -1.5947e+00
1184 +1.605021211e-06 +1.605021211e-06 +5.913000161e+01 +5.913000161e+01 -2.2610e+00 +2.1193e+00 -1.5934e+00
1222 +1.245369397e-06 +1.245369397e-06 +5.913000125e+01 +5.913000125e+01 -2.2609e+00 +2.1192e+00 -1.5935e+00
1225 +7.845509344e-07 +7.845509344e-07 +5.913000078e+01 +5.913000078e+01 -2.2614e+00 +2.1194e+00 -1.5931e+00
1255 +4.757387728e-07 +4.757387728e-07 +5.913000048e+01 +5.913000048e+01 -2.2612e+00 +2.1193e+00 -1.5933e+00
1258 +2.165471358e-08 +2.165471358e-08 +5.913000002e+01 +5.913000002e+01 -2.2609e+00 +2.1192e+00 -1.5935e+00
1326 +1.555874718e-08 +1.555874718e-08 +5.913000002e+01 +5.913000002e+01 -2.2608e+00 +2.1192e+00 -1.5936e+00
1327 +4.272159515e-09 +4.272159515e-09 +5.913000000e+01 +5.913000000e+01 -2.2608e+00 +2.1192e+00 -1.5936e+00
% function evaluation | noise-free fitness - Fopt (-4.915300000000e+02) | best noise-free fitness - Fopt | measured fitness | best measured fitness | x1 | x2...
1 +1.021172140e+06 +1.021172140e+06 +1.020680610e+06 +1.020680610e+06 -4.7699e-01 -3.7802e+00 +1.2579e-01
3 +9.508956110e+03 +9.508956110e+03 +9.017426110e+03 +9.017426110e+03 -1.6843e+00 -4.5805e+00 +1.2436e-01
16 +5.578267250e+03 +5.578267250e+03 +5.086737250e+03 +5.086737250e+03 -2.5217e+00 -4.2015e+00 +4.4255e-01
25 +3.512737316e+03 +3.512737316e+03 +3.021207316e+03 +3.021207316e+03 -2.1321e+00 -2.8399e+00 -6.9904e-01
31 +2.018306081e+03 +2.018306081e+03 +1.526776081e+03 +1.526776081e+03 -9.6078e-01 -3.2318e+00 -1.1625e+00
63 +4.219870494e+02 +4.219870494e+02 -6.954295056e+01 -6.954295056e+01 -1.0345e+00 -1.3061e+00 -2.1770e+00
67 +2.317311783e+02 +2.317311783e+02 -2.597988217e+02 -2.597988217e+02 +1.8929e-01 -1.2048e+00 -3.0114e+00
182 +1.563652800e+02 +1.563652800e+02 -3.351647200e+02 -3.351647200e+02 -6.2575e-01 -1.6965e+00 -2.1983e+00
191 +3.082173001e+01 +3.082173001e+01 -4.607082700e+02 -4.607082700e+02 -5.7406e-01 -1.4703e+00 -2.3606e+00
212 +7.138836639e+00 +7.138836639e+00 -4.843911634e+02 -4.843911634e+02 -6.6399e-01 -1.3387e+00 -2.3717e+00
355 +5.954549401e+00 +5.954549401e+00 -4.855754506e+02 -4.855754506e+02 -4.9110e-01 -1.1974e+00 -2.5651e+00
368 +3.977254141e+00 +3.977254141e+00 -4.875527459e+02 -4.875527459e+02 -4.9307e-01 -1.1369e+00 -2.5926e+00
399 +8.913450194e-01 +8.913450194e-01 -4.906386550e+02 -4.906386550e+02 -4.5837e-01 -1.1928e+00 -2.5862e+00
454 +5.296902061e-01 +5.296902061e-01 -4.910003098e+02 -4.910003098e+02 -3.7065e-01 -1.1253e+00 -2.6790e+00
583 +3.929107004e-01 +3.929107004e-01 -4.911370893e+02 -4.911370893e+02 -3.5319e-01 -1.1090e+00 -2.6987e+00
715 +2.493294752e-01 +2.493294752e-01 -4.912806705e+02 -4.912806705e+02 -2.1041e-01 -1.0123e+00 -2.8428e+00
739 +1.495441624e-01 +1.495441624e-01 -4.913804558e+02 -4.913804558e+02 -1.5876e-01 -9.7055e-01 -2.8986e+00
755 +8.276719312e-02 +8.276719312e-02 -4.914472328e+02 -4.914472328e+02 -7.5682e-02 -9.1488e-01 -2.9821e+00
765 +6.058839830e-02 +6.058839830e-02 -4.914694116e+02 -4.914694116e+02 -6.9263e-02 -9.0602e-01 -2.9911e+00
807 +3.712096787e-02 +3.712096787e-02 -4.914928790e+02 -4.914928790e+02 -4.3838e-02 -8.8771e-01 -3.0175e+00
823 +2.348714603e-02 +2.348714603e-02 -4.915065129e+02 -4.915065129e+02 -1.6810e-02 -8.6836e-01 -3.0453e+00
835 +1.412950674e-02 +1.412950674e-02 -4.915158705e+02 -4.915158705e+02 +2.5024e-02 -8.3595e-01 -3.0898e+00
837 +7.107616071e-03 +7.107616071e-03 -4.915228924e+02 -4.915228924e+02 +1.9094e-02 -8.4479e-01 -3.0812e+00
843 +3.182162918e-03 +3.182162918e-03 -4.915268178e+02 -4.915268178e+02 +3.6750e-02 -8.3139e-01 -3.0998e+00
884 +1.748925106e-03 +1.748925106e-03 -4.915282511e+02 -4.915282511e+02 +5.8981e-02 -8.1623e-01 -3.1224e+00
892 +1.353281984e-03 +1.353281984e-03 -4.915286467e+02 -4.915286467e+02 +6.8193e-02 -8.0853e-01 -3.1324e+00
900 +9.130440047e-04 +9.130440047e-04 -4.915290870e+02 -4.915290870e+02 +5.8707e-02 -8.1625e-01 -3.1221e+00
933 +5.914946685e-04 +5.914946685e-04 -4.915294085e+02 -4.915294085e+02 +7.2296e-02 -8.0653e-01 -3.1362e+00
935 +2.610577495e-04 +2.610577495e-04 -4.915297389e+02 -4.915297389e+02 +8.2315e-02 -7.9915e-01 -3.1466e+00
941 +1.012621616e-04 +1.012621616e-04 -4.915298987e+02 -4.915298987e+02 +7.0560e-02 -8.0725e-01 -3.1346e+00
949 +2.971561275e-05 +2.971561275e-05 -4.915299703e+02 -4.915299703e+02 +7.4914e-02 -8.0433e-01 -3.1390e+00
992 +1.798253237e-05 +1.798253237e-05 -4.915299820e+02 -4.915299820e+02 +7.0798e-02 -8.0733e-01 -3.1347e+00
1006 +1.407596284e-05 +1.407596284e-05 -4.915299859e+02 -4.915299859e+02 +7.0438e-02 -8.0739e-01 -3.1345e+00
1010 +4.284727822e-06 +4.284727822e-06 -4.915299957e+02 -4.915299957e+02 +7.2742e-02 -8.0594e-01 -3.1367e+00
1013 +2.679529814e-06 +2.679529814e-06 -4.915299973e+02 -4.915299973e+02 +7.1662e-02 -8.0670e-01 -3.1356e+00
1032 +8.461723837e-07 +8.461723837e-07 -4.915299992e+02 -4.915299992e+02 +7.2045e-02 -8.0635e-01 -3.1361e+00
1051 +4.836965104e-07 +4.836965104e-07 -4.915299995e+02 -4.915299995e+02 +7.1829e-02 -8.0653e-01 -3.1358e+00
1056 +1.391148317e-07 +1.391148317e-07 -4.915299999e+02 -4.915299999e+02 +7.2053e-02 -8.0635e-01 -3.1361e+00
1099 +7.369817467e-08 +7.369817467e-08 -4.915299999e+02 -4.915299999e+02 +7.2023e-02 -8.0639e-01 -3.1360e+00
1116 +4.495103667e-08 +4.495103667e-08 -4.915300000e+02 -4.915300000e+02 +7.1887e-02 -8.0647e-01 -3.1359e+00
1118 +2.159936230e-08 +2.159936230e-08 -4.915300000e+02 -4.915300000e+02 +7.2073e-02 -8.0635e-01 -3.1361e+00
1122 +4.178900781e-09 +4.178900781e-09 -4.915300000e+02 -4.915300000e+02 +7.1973e-02 -8.0642e-01 -3.1360e+00
% function evaluation | noise-free fitness - Fopt (-4.915300000000e+02) | best noise-free fitness - Fopt | measured fitness | best measured fitness | x1 | x2...
1 +3.337978644e+07 +3.337978644e+07 +3.337929491e+07 +3.337929491e+07 +3.7128e+00 -1.4825e+00 +2.4186e+00
3 +1.623897674e+07 +1.623897674e+07 +1.623848521e+07 +1.623848521e+07 +1.8185e+00 -2.1538e+00 +1.7242e+00
12 +9.726750834e+06 +9.726750834e+06 +9.726259304e+06 +9.726259304e+06 +2.7929e+00 -2.9319e+00 +4.3113e-01
14 +2.068544798e+06 +2.068544798e+06 +2.068053268e+06 +2.068053268e+06 +3.0683e+00 -4.5914e+00 -1.1274e+00
20 +5.633357836e+04 +5.633357836e+04 +5.584204836e+04 +5.584204836e+04 +5.9548e-01 -4.6127e+00 -1.7083e+00
31 +6.123164300e+03 +6.123164300e+03 +5.631634300e+03 +5.631634300e+03 +7.3921e-01 -2.2815e+00 -2.6876e+00
177 +2.161479037e+03 +2.161479037e+03 +1.669949037e+03 +1.669949037e+03 -6.3006e-01 -2.9773e+00 -1.5343e+00
202 +1.604084564e+02 +1.604084564e+02 -3.311215436e+02 -3.311215436e+02 -7.6429e-02 -1.4078e+00 -2.7127e+00
327 +1.366304278e+02 +1.366304278e+02 -3.548995722e+02 -3.548995722e+02 +1.9380e-02 -1.2438e+00 -2.8612e+00
331 +8.784206146e+01 +8.784206146e+01 -4.036879385e+02 -4.036879385e+02 -1.6263e-02 -1.2198e+00 -2.8588e+00
341 +4.987260918e+01 +4.987260918e+01 -4.416573908e+02 -4.416573908e+02 -2.2763e-02 -1.0474e+00 -2.9377e+00
352 +9.880733338e+00 +9.880733338e+00 -4.816492667e+02 -4.816492667e+02 -3.1572e-02 -8.1724e-01 -3.0594e+00
389 +4.774518021e+00 +4.774518021e+00 -4.867554820e+02 -4.867554820e+02 +2.3770e-03 -8.0350e-01 -3.0903e+00
391 +1.381552949e+00 +1.381552949e+00 -4.901484471e+02 -4.901484471e+02 +1.3189e-02 -8.9615e-01 -3.0498e+00
420 +3.608011171e-01 +3.608011171e-01 -4.911691989e+02 -4.911691989e+02 -2.8297e-02 -8.9339e-01 -3.0240e+00
444 +9.081694931e-02 +9.081694931e-02 -4.914391831e+02 -4.914391831e+02 +7.2574e-04 -8.6643e-01 -3.0575e+00
540 +4.302797052e-02 +4.302797052e-02 -4.914869720e+02 -4.914869720e+02 -4.9516e-02 -8.9090e-01 -3.0121e+00
704 +3.575724346e-02 +3.575724346e-02 -4.914942428e+02 -4.914942428e+02 -3.7731e-02 -8.8307e-01 -3.0239e+00
751 +1.875467336e-02 +1.875467336e-02 -4.915112453e+02 -4.915112453e+02 -6.0457e-03 -8.6045e-01 -3.0565e+00
785 +1.531295233e-02 +1.531295233e-02 -4.915146870e+02 -4.915146870e+02 -2.2900e-03 -8.5799e-01 -3.0603e+00
802 +8.169922103e-03 +8.169922103e-03 -4.915218301e+02 -4.915218301e+02 +1.2976e-02 -8.4879e-01 -3.0751e+00
825 +5.109924231e-03 +5.109924231e-03 -4.915248901e+02 -4.915248901e+02 +2.2855e-02 -8.4131e-01 -3.0855e+00
856 +3.146965978e-03 +3.146965978e-03 -4.915268530e+02 -4.915268530e+02 +4.1093e-02 -8.2760e-01 -3.1047e+00
879 +8.640269610e-04 +8.640269610e-04 -4.915291360e+02 -4.915291360e+02 +6.1689e-02 -8.1303e-01 -3.1258e+00
898 +3.714626699e-04 +3.714626699e-04 -4.915296285e+02 -4.915296285e+02 +6.2317e-02 -8.1286e-01 -3.1263e+00
918 +1.243878831e-04 +1.243878831e-04 -4.915298756e+02 -4.915298756e+02 +7.8039e-02 -8.0219e-01 -3.1422e+00
956 +5.636145391e-05 +5.636145391e-05 -4.915299436e+02 -4.915299436e+02 +6.9280e-02 -8.0811e-01 -3.1333e+00
988 +1.714213272e-05 +1.714213272e-05 -4.915299829e+02 -4.915299829e+02 +7.2773e-02 -8.0590e-01 -3.1368e+00
994 +1.572482989e-05 +1.572482989e-05 -4.915299843e+02 -4.915299843e+02 +7.4355e-02 -8.0476e-01 -3.1384e+00
1011 +9.827157214e-06 +9.827157214e-06 -4.915299902e+02 -4.915299902e+02 +7.3748e-02 -8.0523e-01 -3.1378e+00
1017 +4.503941057e-06 +4.503941057e-06 -4.915299955e+02 -4.915299955e+02 +7.1571e-02 -8.0664e-01 -3.1356e+00
1018 +3.399056197e-06 +3.399056197e-06 -4.915299966e+02 -4.915299966e+02 +7.2769e-02 -8.0590e-01 -3.1368e+00
1023 +2.350596048e-06 +2.350596048e-06 -4.915299976e+02 -4.915299976e+02 +7.1648e-02 -8.0670e-01 -3.1356e+00
1044 +9.950710478e-07 +9.950710478e-07 -4.915299990e+02 -4.915299990e+02 +7.2127e-02 -8.0628e-01 -3.1361e+00
1057 +4.921886898e-07 +4.921886898e-07 -4.915299995e+02 -4.915299995e+02 +7.1916e-02 -8.0648e-01 -3.1359e+00
1073 +2.554540401e-07 +2.554540401e-07 -4.915299997e+02 -4.915299997e+02 +7.1797e-02 -8.0654e-01 -3.1358e+00
1081 +1.765745878e-07 +1.765745878e-07 -4.915299998e+02 -4.915299998e+02 +7.1834e-02 -8.0653e-01 -3.1358e+00
1086 +7.598197271e-08 +7.598197271e-08 -4.915299999e+02 -4.915299999e+02 +7.2102e-02 -8.0632e-01 -3.1361e+00
1102 +1.561016916e-08 +1.561016916e-08 -4.915300000e+02 -4.915300000e+02 +7.2023e-02 -8.0638e-01 -3.1360e+00
1115 +9.354039321e-09 +9.354039321e-09 -4.915300000e+02 -4.915300000e+02 +7.2036e-02 -8.0638e-01 -3.1360e+00
1122 +5.617152965e-09 +5.617152965e-09 -4.915300000e+02 -4.915300000e+02 +7.2032e-02 -8.0638e-01 -3.1360e+00
% function evaluation | noise-free fitness - Fopt (-4.915300000000e+02) | best noise-free fitness - Fopt | measured fitness | best measured fitness | x1 | x2...
1 +7.302005235e+06 +7.302005235e+06 +7.301513705e+06 +7.301513705e+06 +8.8375e-01 -2.5261e+00 +6.4615e-01
6 +1.623839334e+06 +1.623839334e+06 +1.623347804e+06 +1.623347804e+06 -4.5711e-01 -2.9007e+00 -1.5616e-01
10 +1.315271760e+06 +1.315271760e+06 +1.314780230e+06 +1.314780230e+06 +1.7614e+00 -8.1201e+00 +1.0854e+00
11 +2.500010843e+05 +2.500010843e+05 +2.495095543e+05 +2.495095543e+05 -8.4408e-01 -4.7539e+00 -1.0750e+00
13 +6.238060517e+04 +6.238060517e+04 +6.188907517e+04 +6.188907517e+04 +7.0853e-01 -3.2941e+00 -2.5230e+00
14 +1.259009482e+04 +1.259009482e+04 +1.209856482e+04 +1.209856482e+04 -2.1777e+00 -4.4239e+00 +3.8371e-01
64 +2.423438765e+03 +2.423438765e+03 +1.931908765e+03 +1.931908765e+03 -3.7973e-01 -2.8890e+00 -1.7005e+00
240 +1.500088929e+03 +1.500088929e+03 +1.008558929e+03 +1.008558929e+03 +1.6100e+00 -1.0880e+00 -3.9750e+00
254 +9.545448381e+02 +9.545448381e+02 +4.630148381e+02 +4.630148381e+02 +1.4323e+00 -1.0379e+00 -3.9000e+00
261 +5.246985049e+02 +5.246985049e+02 +3.316850492e+01 +3.316850492e+01 +9.9074e-01 -1.0853e+00 -3.5762e+00
285 +2.155120901e+02 +2.155120901e+02 -2.760179099e+02 -2.760179099e+02 +4.8314e-01 -1.0686e+00 -3.2681e+00
298 +1.574726173e+02 +1.574726173e+02 -3.340573827e+02 -3.340573827e+02 +4.0601e-01 -1.0239e+00 -3.2287e+00
314 +8.827984266e+01 +8.827984266e+01 -4.032501573e+02 -4.032501573e+02 +3.5240e-01 -9.5486e-01 -3.2405e+00
323 +2.019281954e+01 +2.019281954e+01 -4.713371805e+02 -4.713371805e+02 +1.4687e-01 -8.8960e-01 -3.1365e+00
334 +1.086529626e+01 +1.086529626e+01 -4.806647037e+02 -4.806647037e+02 -2.9515e-01 -9.5243e-01 -2.8225e+00
340 +5.135917302e+00 +5.135917302e+00 -4.863940827e+02 -4.863940827e+02 -8.2534e-02 -9.2524e-01 -2.9753e+00
363 +7.371427678e-01 +7.371427678e-01 -4.907928572e+02 -4.907928572e+02 -2.1255e-02 -8.9099e-01 -3.0312e+00
399 +3.461622946e-01 +3.461622946e-01 -4.911838377e+02 -4.911838377e+02 -2.4824e-02 -8.8624e-01 -3.0299e+00
401 +2.153213178e-01 +2.153213178e-01 -4.913146787e+02 -4.913146787e+02 -3.6794e-02 -8.7315e-01 -3.0303e+00
422 +1.546952640e-01 +1.546952640e-01 -4.913753047e+02 -4.913753047e+02 -2.5023e-02 -8.7430e-01 -3.0373e+00
431 +5.126983115e-02 +5.126983115e-02 -4.914787302e+02 -4.914787302e+02 -2.0924e-02 -8.7694e-01 -3.0379e+00
460 +3.095516275e-02 +3.095516275e-02 -4.914990448e+02 -4.914990448e+02 -1.2405e-02 -8.6789e-01 -3.0483e+00
513 +2.446999359e-02 +2.446999359e-02 -4.915055300e+02 -4.915055300e+02 -1.7952e-02 -8.7129e-01 -3.0430e+00
720 +1.548862284e-02 +1.548862284e-02 -4.915145114e+02 -4.915145114e+02 -1.9855e-03 -8.5980e-01 -3.0595e+00
810 +8.572599258e-03 +8.572599258e-03 -4.915214274e+02 -4.915214274e+02 +1.7135e-02 -8.4645e-01 -3.0790e+00
825 +6.231951927e-03 +6.231951927e-03 -4.915237680e+02 -4.915237680e+02 +2.2705e-02 -8.4242e-01 -3.0848e+00
856 +2.934604236e-03 +2.934604236e-03 -4.915270654e+02 -4.915270654e+02 +4.0323e-02 -8.2939e-01 -3.1032e+00
994 +2.441449955e-03 +2.441449955e-03 -4.915275586e+02 -4.915275586e+02 +4.4030e-02 -8.2668e-01 -3.1070e+00
1022 +1.554093758e-03 +1.554093758e-03 -4.915284459e+02 -4.915284459e+02 +6.0175e-02 -8.1595e-01 -3.1232e+00
1044 +8.234702956e-04 +8.234702956e-04 -4.915291765e+02 -4.915291765e+02 +5.5157e-02 -8.1866e-01 -3.1185e+00
1052 +6.256670067e-04 +6.256670067e-04 -4.915293743e+02 -4.915293743e+02 +5.8233e-02 -8.1658e-01 -3.1216e+00
1079 +3.263999348e-04 +3.263999348e-04 -4.915296736e+02 -4.915296736e+02 +6.6335e-02 -8.1103e-01 -3.1299e+00
1084 +1.916254904e-04 +1.916254904e-04 -4.915298084e+02 -4.915298084e+02 +6.5713e-02 -8.1098e-01 -3.1295e+00
1091 +8.295585718e-05 +8.295585718e-05 -4.915299170e+02 -4.915299170e+02 +6.6280e-02 -8.1051e-01 -3.1301e+00
1103 +8.888580965e-07 +8.888580965e-07 -4.915299991e+02 -4.915299991e+02 +7.2311e-02 -8.0621e-01 -3.1363e+00
1169 +4.021436553e-07 +4.021436553e-07 -4.915299996e+02 -4.915299996e+02 +7.2230e-02 -8.0624e-01 -3.1362e+00
1183 +1.164352170e-07 +1.164352170e-07 -4.915299999e+02 -4.915299999e+02 +7.2001e-02 -8.0639e-01 -3.1360e+00
1245 +9.458631212e-08 +9.458631212e-08 -4.915299999e+02 -4.915299999e+02 +7.1853e-02 -8.0651e-01 -3.1358e+00
1263 +2.794843112e-08 +2.794843112e-08 -4.915300000e+02 -4.915300000e+02 +7.2075e-02 -8.0634e-01 -3.1361e+00
1285 +1.789663884e-08 +1.789663884e-08 -4.915300000e+02 -4.915300000e+02 +7.2012e-02 -8.0639e-01 -3.1360e+00
1293 +1.353913603e-08 +1.353913603e-08 -4.915300000e+02 -4.915300000e+02 +7.2042e-02 -8.0637e-01 -3.1360e+00
1302 +3.353079592e-09 +3.353079592e-09 -4.915300000e+02 -4.915300000e+02 +7.2035e-02 -8.0637e-01 -3.1360e+00
1304 +2.507249519e-09 +2.507249519e-09 -4.915300000e+02 -4.915300000e+02 +7.2014e-02 -8.0639e-01 -3.1360e+00
% function evaluation | noise-free fitness - Fopt (-1.702000000000e+02) | best noise-free fitness - Fopt | measured fitness | best measured fitness | x1 | x2...
1 +1.853996192e+07 +1.853996192e+07 +1.853979172e+07 +1.853979172e+07 +3.9241e+00 -2.5004e+00 +4.0269e-01
3 +1.168484774e+06 +1.168484774e+06 +1.168314574e+06 +1.168314574e+06 +2.6250e+00 -6.0423e+00 -1.4333e-03
5 +2.190355036e+05 +2.190355036e+05 +2.188653036e+05 +2.188653036e+05 +3.2844e+00 -5.5108e+00 -2.8060e+00
16 +6.011798235e+04 +6.011798235e+04 +5.994778235e+04 +5.994778235e+04 +5.1568e+00 -6.2767e+00 -5.3466e+00
41 +2.043976963e+04 +2.043976963e+04 +2.026956963e+04 +2.026956963e+04 +2.5887e+00 -4.6317e+00 -4.0760e+00
107 +1.317551510e+04 +1.317551510e+04 +1.300531510e+04 +1.300531510e+04 +3.8345e+00 -6.8533e+00 -2.5483e+00
208 +8.743399345e+03 +8.743399345e+03 +8.573199345e+03 +8.573199345e+03 +1.9029e+00 -5.1757e+00 -2.3773e+00
222 +5.890722159e+03 +5.890722159e+03 +5.720522159e+03 +5.720522159e+03 +1.2632e+00 -4.6430e+00 -2.3424e+00
232 +3.547694066e+02 +3.547694066e+02 +1.845694066e+02 +1.845694066e+02 -9.6378e-01 -3.5124e+00 -1.1647e+00
289 +6.994392485e+01 +6.994392485e+01 -1.002560752e+02 -1.002560752e+02 -1.9560e+00 -2.5026e+00 -1.2722e+00
342 +2.009163712e+01 +2.009163712e+01 -1.501083629e+02 -1.501083629e+02 -1.8700e+00 -2.7163e+00 -1.0911e+00
343 +5.714601141e+00 +5.714601141e+00 -1.644853989e+02 -1.644853989e+02 -2.0323e+00 -2.5708e+00 -1.0786e+00
692 +3.768434997e+00 +3.768434997e+00 -1.664315650e+02 -1.664315650e+02 -2.4331e+00 -2.1009e+00 -1.2116e+00
721 +9.994250572e-01 +9.994250572e-01 -1.692005749e+02 -1.692005749e+02 -2.9350e+00 -1.4949e+00 -1.4005e+00
731 +5.034833073e-01 +5.034833073e-01 -1.696965167e+02 -1.696965167e+02 -3.1125e+00 -1.2854e+00 -1.4619e+00
792 +3.745608771e-01 +3.745608771e-01 -1.698254391e+02 -1.698254391e+02 -3.3891e+00 -9.6963e-01 -1.5412e+00
798 +2.288444441e-01 +2.288444441e-01 -1.699711556e+02 -1.699711556e+02 -3.6158e+00 -6.9742e-01 -1.6250e+00
818 +1.534436244e-01 +1.534436244e-01 -1.700465564e+02 -1.700465564e+02 -3.7041e+00 -5.8848e-01 -1.6623e+00
831 +3.979403755e-02 +3.979403755e-02 -1.701602060e+02 -1.701602060e+02 -3.6095e+00 -6.9554e-01 -1.6354e+00
871 +1.983042059e-02 +1.983042059e-02 -1.701801696e+02 -1.701801696e+02 -3.5420e+00 -7.7603e-01 -1.6113e+00
896 +1.453778899e-03 +1.453778899e-03 -1.701985462e+02 -1.701985462e+02 -3.5510e+00 -7.6347e-01 -1.6173e+00
924 +1.110128099e-05 +1.110128099e-05 -1.701999889e+02 -1.701999889e+02 -3.5579e+00 -7.5596e-01 -1.6188e+00
1018 +8.490511846e-06 +8.490511846e-06 -1.701999915e+02 -1.701999915e+02 -3.5604e+00 -7.5294e-01 -1.6197e+00
1047 +5.336461072e-06 +5.336461072e-06 -1.701999947e+02 -1.701999947e+02 -3.5582e+00 -7.5562e-01 -1.6188e+00
1057 +1.624553647e-08 +1.624553647e-08 -1.702000000e+02 -1.702000000e+02 -3.5592e+00 -7.5443e-01 -1.6192e+00
1109 +4.467239023e-09 +4.467239023e-09 -1.702000000e+02 -1.702000000e+02 -3.5592e+00 -7.5436e-01 -1.6192e+00
% function evaluation | noise-free fitness - Fopt (-1.702000000000e+02) | best noise-free fitness - Fopt | measured fitness | best measured fitness | x1 | x2...
1 +4.990015552e+07 +4.990015552e+07 +4.989998532e+07 +4.989998532e+07 +2.3008e+00 +3.1239e+00 +1.4057e+00
4 +1.256905826e+07 +1.256905826e+07 +1.256888806e+07 +1.256888806e+07 -2.5227e+00 +2.2353e+00 +4.9517e-01
10 +5.448995684e+06 +5.448995684e+06 +5.448825484e+06 +5.448825484e+06 -8.2060e-01 +1.3656e+00 -2.8629e+00
13 +3.685409101e+06 +3.685409101e+06 +3.685238901e+06 +3.685238901e+06 -3.9661e+00 -3.2359e-01 +2.1685e+00
14 +1.257983018e+06 +1.257983018e+06 +1.257812818e+06 +1.257812818e+06 -5.6877e+00 +1.0532e+00 +8.5302e-01
18 +1.145492299e+04 +1.145492299e+04 +1.128472299e+04 +1.128472299e+04 -6.2703e+00 +1.0054e+00 -4.2682e-01
145 +4.056793207e+03 +4.056793207e+03 +3.886593207e+03 +3.886593207e+03 -3.3007e+00 -1.7327e+00 -5.0779e-01
168 +1.551156749e+03 +1.551156749e+03 +1.380956749e+03 +1.380956749e+03 -1.4735e+00 -2.4344e+00 -1.9067e+00
205 +2.476852566e+02 +2.476852566e+02 +7.748525658e+01 +7.748525658e+01 -2.3965e+00 -2.4703e+00 -7.7985e-01
301 +4.748428592e+01 +4.748428592e+01 -1.227157141e+02 -1.227157141e+02 -2.0366e+00 -2.7125e+00 -8.7857e-01
305 +1.952261959e+01 +1.952261959e+01 -1.506773804e+02 -1.506773804e+02 -1.9961e+00 -2.6977e+00 -9.5170e-01
325 +1.002809543e+01 +1.002809543e+01 -1.601719046e+02 -1.601719046e+02 -1.8573e+00 -2.7348e+00 -1.0746e+00
402 +6.933047922e+00 +6.933047922e+00 -1.632669521e+02 -1.632669521e+02 -1.8701e+00 -2.7730e+00 -1.0078e+00
790 +6.288035172e+00 +6.288035172e+00 -1.639119648e+02 -1.639119648e+02 -1.9371e+00 -2.6840e+00 -1.0445e+00
890 +3.812601959e+00 +3.812601959e+00 -1.663873980e+02 -1.663873980e+02 -2.4403e+00 -2.0781e+00 -1.2313e+00
899 +1.645175755e+00 +1.645175755e+00 -1.685548242e+02 -1.685548242e+02 -2.8519e+00 -1.5881e+00 -1.3780e+00
927 +1.046113605e+00 +1.046113605e+00 -1.691538864e+02 -1.691538864e+02 -3.0087e+00 -1.4237e+00 -1.4051e+00
936 +8.343381573e-01 +8.343381573e-01 -1.693656618e+02 -1.693656618e+02 -3.2950e+00 -1.0767e+00 -1.5132e+00
940 +5.142353665e-01 +5.142353665e-01 -1.696857646e+02 -1.696857646e+02 -3.4858e+00 -8.3703e-01 -1.6008e+00
953 +3.190678985e-01 +3.190678985e-01 -1.698809321e+02 -1.698809321e+02 -3.3668e+00 -9.9312e-01 -1.5373e+00
1008 +2.089663419e-01 +2.089663419e-01 -1.699910337e+02 -1.699910337e+02 -3.4040e+00 -9.3912e-01 -1.5648e+00
1023 +1.329722505e-02 +1.329722505e-02 -1.701867028e+02 -1.701867028e+02 -3.5758e+00 -7.3217e-01 -1.6285e+00
1042 +5.041245543e-03 +5.041245543e-03 -1.701949588e+02 -1.701949588e+02 -3.5194e+00 -8.0087e-01 -1.6062e+00
1051 +1.298421198e-03 +1.298421198e-03 -1.701987016e+02 -1.701987016e+02 -3.5398e+00 -7.7706e-01 -1.6128e+00
1121 +7.433814926e-04 +7.433814926e-04 -1.701992566e+02 -1.701992566e+02 -3.5443e+00 -7.7188e-01 -1.6143e+00
1190 +1.684809294e-04 +1.684809294e-04 -1.701998315e+02 -1.701998315e+02 -3.5512e+00 -7.6399e-01 -1.6163e+00
1227 +9.230270234e-05 +9.230270234e-05 -1.701999077e+02 -1.701999077e+02 -3.5549e+00 -7.5937e-01 -1.6179e+00
1236 +1.665509458e-05 +1.665509458e-05 -1.701999833e+02 -1.701999833e+02 -3.5578e+00 -7.5611e-01 -1.6187e+00
1273 +1.219944673e-05 +1.219944673e-05 -1.701999878e+02 -1.701999878e+02 -3.5583e+00 -7.5556e-01 -1.6188e+00
1278 +6.327223275e-06 +6.327223275e-06 -1.701999937e+02 -1.701999937e+02 -3.5602e+00 -7.5320e-01 -1.6196e+00
1288 +1.625644558e-06 +1.625644558e-06 -1.701999984e+02 -1.701999984e+02 -3.5592e+00 -7.5441e-01 -1.6192e+00
1306 +1.553427353e-06 +1.553427353e-06 -1.701999984e+02 -1.701999984e+02 -3.5590e+00 -7.5461e-01 -1.6191e+00
1320 +8.298542298e-08 +8.298542298e-08 -1.701999999e+02 -1.701999999e+02 -3.5592e+00 -7.5445e-01 -1.6192e+00
1375 +1.941810979e-08 +1.941810979e-08 -1.702000000e+02 -1.702000000e+02 -3.5593e+00 -7.5431e-01 -1.6192e+00
1395 +1.077822276e-08 +1.077822276e-08 -1.702000000e+02 -1.702000000e+02 -3.5591e+00 -7.5446e-01 -1.6192e+00
1412 +5.016744353e-09 +5.016744353e-09 -1.702000000e+02 -1.702000000e+02 -3.5592e+00 -7.5440e-01 -1.6192e+00
1416 +1.572516339e-09 +1.572516339e-09 -1.702000000e+02 -1.702000000e+02 -3.5592e+00 -7.5440e-01 -1.6192e+00
% function evaluation | noise-free fitness - Fopt (-1.702000000000e+02) | best noise-free fitness - Fopt | measured fitness | best measured fitness | x1 | x2...
1 +3.020030146e+07 +3.020030146e+07 +3.020013126e+07 +3.020013126e+07 +3.7843e+00 +6.6243e-01 -6.3828e-01
8 +1.178376798e+07 +1.178376798e+07 +1.178359778e+07 +1.178359778e+07 +2.0718e+00 -1.3582e-01 -2.2434e+00
12 +6.855100814e+06 +6.855100814e+06 +6.854930614e+06 +6.854930614e+06 -5.8489e-02 +2.9883e-02 -1.3821e+00
16 +5.684224647e+06 +5.684224647e+06 +5.684054447e+06 +5.684054447e+06 +1.4963e+00 +2.6977e-01 -4.1583e+00
22 +2.573712498e+05 +2.573712498e+05 +2.572010498e+05 +2.572010498e+05 -2.0760e+00 +3.9896e-01 -3.9525e+00
30 +3.547475907e+04 +3.547475907e+04 +3.530455907e+04 +3.530455907e+04 -2.0410e+00 +1.7075e+00 -6.6070e+00
68 +2.480189556e+04 +2.480189556e+04 +2.463169556e+04 +2.463169556e+04 -1.7979e+00 -7.5205e-01 -4.0853e+00
79 +5.215290493e+03 +5.215290493e+03 +5.045090493e+03 +5.045090493e+03 -2.0224e+00 -8.5220e-01 -3.3529e+00
86 +1.944678573e+03 +1.944678573e+03 +1.774478573e+03 +1.774478573e+03 -3.1369e+00 -5.9623e-01 -2.4323e+00
110 +1.465684009e+03 +1.465684009e+03 +1.295484009e+03 +1.295484009e+03 -4.9352e+00 +1.4853e+00 -2.9737e+00
150 +2.239048767e+02 +2.239048767e+02 +5.370487666e+01 +5.370487666e+01 -4.3143e+00 +9.7395e-02 -1.8556e+00
181 +1.111258624e+02 +1.111258624e+02 -5.907413760e+01 -5.907413760e+01 -4.0869e+00 +1.2009e-01 -2.1322e+00
198 +2.972046918e+01 +2.972046918e+01 -1.404795308e+02 -1.404795308e+02 -4.2660e+00 +1.7042e-01 -1.9903e+00
315 +2.143291293e+01 +2.143291293e+01 -1.487670871e+02 -1.487670871e+02 -3.9519e+00 -2.8003e-01 -1.7594e+00
331 +9.713785050e+00 +9.713785050e+00 -1.604862149e+02 -1.604862149e+02 -4.0009e+00 -1.8216e-01 -1.8430e+00
345 +1.191752079e+00 +1.191752079e+00 -1.690082479e+02 -1.690082479e+02 -4.0201e+00 -2.2374e-01 -1.7586e+00
358 +8.954708839e-01 +8.954708839e-01 -1.693045291e+02 -1.693045291e+02 -4.0369e+00 -1.8885e-01 -1.7862e+00
424 +4.950143473e-01 +4.950143473e-01 -1.697049857e+02 -1.697049857e+02 -3.9918e+00 -2.3875e-01 -1.7739e+00
759 +3.820348136e-01 +3.820348136e-01 -1.698179652e+02 -1.698179652e+02 -3.9138e+00 -3.3149e-01 -1.7462e+00
787 +2.059606540e-01 +2.059606540e-01 -1.699940393e+02 -1.699940393e+02 -3.8039e+00 -4.5634e-01 -1.7153e+00
797 +1.512314360e-01 +1.512314360e-01 -1.700487686e+02 -1.700487686e+02 -3.8027e+00 -4.6264e-01 -1.7082e+00
817 +7.261489082e-02 +7.261489082e-02 -1.701273851e+02 -1.701273851e+02 -3.6778e+00 -6.0901e-01 -1.6669e+00
824 +5.158381742e-02 +5.158381742e-02 -1.701484162e+02 -1.701484162e+02 -3.6593e+00 -6.3171e-01 -1.6596e+00
829 +2.395067248e-02 +2.395067248e-02 -1.701760493e+02 -1.701760493e+02 -3.6078e+00 -6.9402e-01 -1.6400e+00
838 +8.077797844e-03 +8.077797844e-03 -1.701919222e+02 -1.701919222e+02 -3.6052e+00 -7.0090e-01 -1.6340e+00
863 +3.311532013e-03 +3.311532013e-03 -1.701966885e+02 -1.701966885e+02 -3.5320e+00 -7.8649e-01 -1.6100e+00
867 +2.233655151e-03 +2.233655151e-03 -1.701977663e+02 -1.701977663e+02 -3.5637e+00 -7.4985e-01 -1.6197e+00
886 +7.648372307e-04 +7.648372307e-04 -1.701992352e+02 -1.701992352e+02 -3.5644e+00 -7.4877e-01 -1.6203e+00
897 +5.740183981e-04 +5.740183981e-04 -1.701994260e+02 -1.701994260e+02 -3.5524e+00 -7.6248e-01 -1.6169e+00
931 +8.124894970e-05 +8.124894970e-05 -1.701999188e+02 -1.701999188e+02 -3.5534e+00 -7.6132e-01 -1.6172e+00
975 +2.589535899e-05 +2.589535899e-05 -1.701999741e+02 -1.701999741e+02 -3.5597e+00 -7.5389e-01 -1.6192e+00
1007 +2.238976788e-05 +2.238976788e-05 -1.701999776e+02 -1.701999776e+02 -3.5569e+00 -7.5710e-01 -1.6185e+00
1035 +5.428495228e-06 +5.428495228e-06 -1.701999946e+02 -1.701999946e+02 -3.5592e+00 -7.5448e-01 -1.6191e+00
1051 +3.693262130e-06 +3.693262130e-06 -1.701999963e+02 -1.701999963e+02 -3.5589e+00 -7.5478e-01 -1.6190e+00
1066 +2.220893521e-06 +2.220893521e-06 -1.701999978e+02 -1.701999978e+02 -3.5583e+00 -7.5548e-01 -1.6189e+00
1079 +4.117823380e-07 +4.117823380e-07 -1.701999996e+02 -1.701999996e+02 -3.5589e+00 -7.5476e-01 -1.6191e+00
1083 +3.756063904e-07 +3.756063904e-07 -1.701999996e+02 -1.701999996e+02 -3.5594e+00 -7.5410e-01 -1.6193e+00
1102 +2.300604649e-07 +2.300604649e-07 -1.701999998e+02 -1.701999998e+02 -3.5591e+00 -7.5456e-01 -1.6192e+00
1116 +5.899678968e-08 +5.899678968e-08 -1.701999999e+02 -1.701999999e+02 -3.5593e+00 -7.5423e-01 -1.6193e+00
1138 +6.716390999e-09 +6.716390999e-09 -1.702000000e+02 -1.702000000e+02 -3.5592e+00 -7.5445e-01 -1.6192e+00
1143 +2.666098453e-09 +2.666098453e-09 -1.702000000e+02 -1.702000000e+02 -3.5592e+00 -7.5439e-01 -1.6192e+00
% function evaluation | noise-free fitness - Fopt (-4.697500000000e+02) | best noise-free fitness - Fopt | measured fitness | best measured fitness | x1 | x2...
1 +9.125349609e+06 +9.125349609e+06 +9.124879859e+06 +9.124879859e+06 +3.7607e+00 +1.4279e+00 -3.2415e+00
2 +6.135360234e+06 +6.135360234e+06 +6.134890484e+06 +6.134890484e+06 +5.5644e+00 +1.2624e+00 -4.2473e+00
3 +2.684108021e+06 +2.684108021e+06 +2.683638271e+06 +2.683638271e+06 +3.2091e+00 +2.7998e-01 -1.0151e+00
4 +8.248961204e+05 +8.248961204e+05 +8.244263704e+05 +8.244263704e+05 +8.6348e+00 +3.9419e+00 -4.0621e+00
17 +2.651536100e+05 +2.651536100e+05 +2.646838600e+05 +2.646838600e+05 +7.6378e+00 +6.7830e-02 -2.8326e+00
37 +1.851739060e+05 +1.851739060e+05 +1.847041560e+05 +1.847041560e+05 +8.3252e+00 +2.9501e+00 -2.4332e+00
62 +1.363072748e+05 +1.363072748e+05 +1.358375248e+05 +1.358375248e+05 +6.8433e+00 +2.7194e+00 -1.4350e+00
115 +9.647332704e+04 +9.647332704e+04 +9.600357704e+04 +9.600357704e+04 +7.1625e+00 +2.1802e+00 -1.7682e+00
155 +5.802710608e+04 +5.802710608e+04 +5.755735608e+04 +5.755735608e+04 +5.8286e+00 +1.3469e+00 -7.0761e-01
175 +2.301719613e+04 +2.301719613e+04 +2.254744613e+04 +2.254744613e+04 +4.0481e+00 -8.9587e-01 +2.3119e-01
216 +2.878979213e+03 +2.878979213e+03 +2.409229213e+03 +2.409229213e+03 +1.7190e+00 -3.1066e+00 +1.7927e+00
254 +2.285970683e+02 +2.285970683e+02 -2.411529317e+02 -2.411529317e+02 +2.5613e+00 -5.8205e+00 -6.8736e-01
277 +8.339721248e+01 +8.339721248e+01 -3.863527875e+02 -3.863527875e+02 +3.6747e+00 -7.8758e+00 -3.1776e+00
749 +5.801684556e+01 +5.801684556e+01 -4.117331544e+02 -4.117331544e+02 +2.8158e+00 -6.7849e+00 -1.5340e+00
758 +3.943724376e+01 +3.943724376e+01 -4.303127562e+02 -4.303127562e+02 +2.3227e+00 -6.1969e+00 -6.1543e-01
777 +1.864338435e+01 +1.864338435e+01 -4.511066157e+02 -4.511066157e+02 +1.2997e+00 -4.7882e+00 +1.3980e+00
804 +1.433436113e+01 +1.433436113e+01 -4.554156389e+02 -4.554156389e+02 +5.7586e-01 -3.8450e+00 +2.7938e+00
811 +2.573976525e+00 +2.573976525e+00 -4.671760235e+02 -4.671760235e+02 +6.5617e-02 -3.0769e+00 +3.8426e+00
834 +5.854368033e-01 +5.854368033e-01 -4.691645632e+02 -4.691645632e+02 +1.8316e-01 -3.1508e+00 +3.6575e+00
876 +1.616181751e-01 +1.616181751e-01 -4.695883818e+02 -4.695883818e+02 -3.7590e-02 -2.8904e+00 +4.0681e+00
884 +2.580601989e-02 +2.580601989e-02 -4.697241940e+02 -4.697241940e+02 +5.6452e-02 -3.0094e+00 +3.8894e+00
922 +7.929362793e-03 +7.929362793e-03 -4.697420706e+02 -4.697420706e+02 -7.9041e-03 -2.9202e+00 +4.0162e+00
944 +5.365285832e-03 +5.365285832e-03 -4.697446347e+02 -4.697446347e+02 +8.6670e-03 -2.9418e+00 +3.9844e+00
963 +1.717053873e-04 +1.717053873e-04 -4.697498283e+02 -4.697498283e+02 +2.1674e-02 -2.9605e+00 +3.9582e+00
1043 +1.315412675e-04 +1.315412675e-04 -4.697498685e+02 -4.697498685e+02 +2.3287e-02 -2.9625e+00 +3.9552e+00
1062 +9.158051819e-05 +9.158051819e-05 -4.697499084e+02 -4.697499084e+02 +2.2761e-02 -2.9621e+00 +3.9560e+00
1073 +5.590551780e-05 +5.590551780e-05 -4.697499441e+02 -4.697499441e+02 +2.4782e-02 -2.9651e+00 +3.9520e+00
1079 +3.950808241e-05 +3.950808241e-05 -4.697499605e+02 -4.697499605e+02 +2.4593e-02 -2.9648e+00 +3.9523e+00
1097 +1.384985768e-05 +1.384985768e-05 -4.697499862e+02 -4.697499862e+02 +2.5083e-02 -2.9654e+00 +3.9514e+00
1107 +5.826887957e-06 +5.826887957e-06 -4.697499942e+02 -4.697499942e+02 +2.5606e-02 -2.9661e+00 +3.9503e+00
1131 +1.972448274e-06 +1.972448274e-06 -4.697499980e+02 -4.697499980e+02 +2.5963e-02 -2.9666e+00 +3.9497e+00
1143 +5.192043204e-07 +5.192043204e-07 -4.697499995e+02 -4.697499995e+02 +2.6176e-02 -2.9669e+00 +3.9492e+00
1179 +3.524746717e-08 +3.524746717e-08 -4.697500000e+02 -4.697500000e+02 +2.6433e-02 -2.9672e+00 +3.9487e+00
1220 +1.449609499e-08 +1.449609499e-08 -4.697500000e+02 -4.697500000e+02 +2.6420e-02 -2.9672e+00 +3.9488e+00
1242 +6.181551271e-09 +6.181551271e-09 -4.697500000e+02 -4.697500000e+02 +2.6422e-02 -2.9672e+00 +3.9488e+00
% function evaluation | noise-free fitness - Fopt (-4.697500000000e+02) | best noise-free fitness - Fopt | measured fitness | best measured fitness | x1 | x2...
1 +3.990591357e+07 +3.990591357e+07 +3.990544382e+07 +3.990544382e+07 -2.5032e+00 +3.5649e+00 +3.2406e-01
3 +2.729608916e+07 +2.729608916e+07 +2.729561941e+07 +2.729561941e+07 -4.2068e-01 +2.2357e+00 -1.4163e+00
5 +2.178955728e+07 +2.178955728e+07 +2.178908753e+07 +2.178908753e+07 -2.5071e+00 +1.5283e+00 +1.7028e+00
9 +4.649498884e+06 +4.649498884e+06 +4.649029134e+06 +4.649029134e+06 +9.1059e-01 -4.9402e+00 +5.4160e+00
11 +2.642809528e+06 +2.642809528e+06 +2.642339778e+06 +2.642339778e+06 -4.4048e-01 -1.9609e+00 +2.1516e+00
13 +8.155192665e+05 +8.155192665e+05 +8.150495165e+05 +8.150495165e+05 +1.9298e-01 +1.8024e+00 +4.8278e+00
24 +1.950321869e+04 +1.950321869e+04 +1.903346869e+04 +1.903346869e+04 -2.5543e+00 -2.2615e+00 +7.2303e+00
66 +1.271274766e+04 +1.271274766e+04 +1.224299766e+04 +1.224299766e+04 -5.5808e-01 +2.7665e+00 +7.7518e+00
70 +6.181251877e+03 +6.181251877e+03 +5.711501877e+03 +5.711501877e+03 -2.3492e+00 -2.1606e+00 +7.1475e+00
304 +3.614511051e+03 +3.614511051e+03 +3.144761051e+03 +3.144761051e+03 +3.8545e-01 -6.4956e+00 +1.5428e+00
535 +2.446057447e+03 +2.446057447e+03 +1.976307447e+03 +1.976307447e+03 +1.6175e+01 -2.4497e+01 -2.7523e+01
544 +1.305520154e+03 +1.305520154e+03 +8.357701539e+02 +8.357701539e+02 +7.8938e+00 -1.3341e+01 -1.1347e+01
556 +9.730365467e+02 +9.730365467e+02 +5.032865467e+02 +5.032865467e+02 +2.9932e+00 -6.8257e+00 -1.8203e+00
558 +5.426802121e+02 +5.426802121e+02 +7.293021213e+01 +7.293021213e+01 +8.4821e+00 -1.4983e+01 -1.2931e+01
574 +3.308708353e+02 +3.308708353e+02 -1.388791647e+02 -1.388791647e+02 -9.0825e-01 -1.6766e+00 +5.8223e+00
593 +9.534760605e+01 +9.534760605e+01 -3.744023940e+02 -3.744023940e+02 -3.4880e+00 +1.7359e+00 +1.0802e+01
625 +4.317879078e+01 +4.317879078e+01 -4.265712092e+02 -4.265712092e+02 -4.5970e-01 -2.5101e+00 +4.7810e+00
636 +8.998267780e+00 +8.998267780e+00 -4.607517322e+02 -4.607517322e+02 -1.0266e+00 -1.4895e+00 +6.0372e+00
654 +1.229935827e+00 +1.229935827e+00 -4.685200642e+02 -4.685200642e+02 +1.0609e-01 -3.1306e+00 +3.7613e+00
695 +1.512448348e-01 +1.512448348e-01 -4.695987552e+02 -4.695987552e+02 -8.5814e-02 -2.8184e+00 +4.1671e+00
733 +8.410494776e-02 +8.410494776e-02 -4.696658951e+02 -4.696658951e+02 +2.8478e-02 -2.9748e+00 +3.9416e+00
744 +5.266869952e-02 +5.266869952e-02 -4.696973313e+02 -4.696973313e+02 +5.2278e-02 -2.9923e+00 +3.9038e+00
774 +3.111623787e-02 +3.111623787e-02 -4.697188838e+02 -4.697188838e+02 +3.7526e-02 -2.9900e+00 +3.9226e+00
783 +1.646205319e-02 +1.646205319e-02 -4.697335379e+02 -4.697335379e+02 +4.2293e-03 -2.9388e+00 +3.9911e+00
785 +9.421449665e-03 +9.421449665e-03 -4.697405786e+02 -4.697405786e+02 -1.1402e-02 -2.9165e+00 +4.0226e+00
795 +4.219438868e-03 +4.219438868e-03 -4.697457806e+02 -4.697457806e+02 +3.1370e-02 -2.9768e+00 +3.9375e+00
803 +2.568264442e-03 +2.568264442e-03 -4.697474317e+02 -4.697474317e+02 +4.1308e-02 -2.9892e+00 +3.9186e+00
823 +2.278217943e-03 +2.278217943e-03 -4.697477218e+02 -4.697477218e+02 +3.5956e-02 -2.9816e+00 +3.9292e+00
846 +1.224470315e-04 +1.224470315e-04 -4.697498776e+02 -4.697498776e+02 +2.5936e-02 -2.9664e+00 +3.9498e+00
874 +3.666263456e-05 +3.666263456e-05 -4.697499633e+02 -4.697499633e+02 +2.4105e-02 -2.9640e+00 +3.9533e+00
933 +1.679093003e-05 +1.679093003e-05 -4.697499832e+02 -4.697499832e+02 +2.5912e-02 -2.9666e+00 +3.9497e+00
944 +1.492305711e-05 +1.492305711e-05 -4.697499851e+02 -4.697499851e+02 +2.5830e-02 -2.9663e+00 +3.9500e+00
956 +6.200283451e-06 +6.200283451e-06 -4.697499938e+02 -4.697499938e+02 +2.7049e-02 -2.9680e+00 +3.9475e+00
963 +3.541924514e-06 +3.541924514e-06 -4.697499965e+02 -4.697499965e+02 +2.6608e-02 -2.9674e+00 +3.9484e+00
983 +2.130155735e-06 +2.130155735e-06 -4.697499979e+02 -4.697499979e+02 +2.6128e-02 -2.9668e+00 +3.9493e+00
994 +1.479678986e-06 +1.479678986e-06 -4.697499985e+02 -4.697499985e+02 +2.5976e-02 -2.9666e+00 +3.9496e+00
998 +6.926807714e-07 +6.926807714e-07 -4.697499993e+02 -4.697499993e+02 +2.6319e-02 -2.9671e+00 +3.9490e+00
1019 +5.000277952e-07 +5.000277952e-07 -4.697499995e+02 -4.697499995e+02 +2.6380e-02 -2.9671e+00 +3.9489e+00
1025 +3.418148822e-07 +3.418148822e-07 -4.697499997e+02 -4.697499997e+02 +2.6457e-02 -2.9673e+00 +3.9487e+00
1030 +1.981975402e-07 +1.981975402e-07 -4.697499998e+02 -4.697499998e+02 +2.6343e-02 -2.9671e+00 +3.9489e+00
1031 +8.161492815e-08 +8.161492815e-08 -4.697499999e+02 -4.697499999e+02 +2.6409e-02 -2.9672e+00 +3.9488e+00
1033 +6.092096783e-08 +6.092096783e-08 -4.697499999e+02 -4.697499999e+02 +2.6411e-02 -2.9672e+00 +3.9488e+00
1044 +3.383149760e-09 +3.383149760e-09 -4.697500000e+02 -4.697500000e+02 +2.6385e-02 -2.9672e+00 +3.9488e+00
% function evaluation | noise-free fitness - Fopt (-4.697500000000e+02) | best noise-free fitness - Fopt | measured fitness | best measured fitness | x1 | x2...
1 +9.665487536e+06 +9.665487536e+06 +9.665017786e+06 +9.665017786e+06 +3.1184e+00 -7.5096e-01 -3.8594e+00
2 +5.485698474e+05 +5.485698474e+05 +5.481000974e+05 +5.481000974e+05 +5.3187e+00 -8.2438e-01 -2.5120e+00
13 +3.186615826e+05 +3.186615826e+05 +3.181918326e+05 +3.181918326e+05 +4.8144e+00 -1.4976e+00 -1.8817e+00
22 +1.165863176e+05 +1.165863176e+05 +1.161165676e+05 +1.161165676e+05 +5.8046e+00 -2.5099e+00 -3.2523e+00
38 +8.646815913e+04 +8.646815913e+04 +8.599840913e+04 +8.599840913e+04 +6.4725e+00 +7.0406e-01 -1.5317e+00
49 +3.233132005e+04 +3.233132005e+04 +3.186157005e+04 +3.186157005e+04 +5.4872e+00 -2.3514e+00 -2.4366e+00
171 +2.333679051e+04 +2.333679051e+04 +2.286704051e+04 +2.286704051e+04 +5.5105e+00 -2.8515e+00 -2.6153e+00
186 +1.382778867e+04 +1.382778867e+04 +1.335803867e+04 +1.335803867e+04 +4.8069e+00 -4.0116e+00 -2.4618e+00
247 +7.756903384e+03 +7.756903384e+03 +7.287153384e+03 +7.287153384e+03 +3.9253e+00 -5.4536e+00 -2.2492e+00
260 +5.032985401e+03 +5.032985401e+03 +4.563235401e+03 +4.563235401e+03 +4.0811e+00 -5.0796e+00 -2.1376e+00
267 +3.615785050e+03 +3.615785050e+03 +3.146035050e+03 +3.146035050e+03 +2.8644e+00 -6.2681e+00 -1.3956e+00
268 +1.904809233e+03 +1.904809233e+03 +1.435059233e+03 +1.435059233e+03 +2.5989e+00 -5.2852e+00 -3.8348e-01
271 +7.120945888e+02 +7.120945888e+02 +2.423445888e+02 +2.423445888e+02 +3.3270e+00 -6.2843e+00 -1.8552e+00
347 +2.480919959e+02 +2.480919959e+02 -2.216580041e+02 -2.216580041e+02 +2.1836e+00 -6.6805e+00 -7.1609e-01
354 +9.695230271e+01 +9.695230271e+01 -3.727976973e+02 -3.727976973e+02 +2.4267e+00 -6.1222e+00 -6.8532e-01
388 +4.691023945e+01 +4.691023945e+01 -4.228397605e+02 -4.228397605e+02 +2.2650e+00 -6.2085e+00 -5.5025e-01
691 +3.904083395e+01 +3.904083395e+01 -4.307091660e+02 -4.307091660e+02 +2.3824e+00 -6.1898e+00 -6.8140e-01
746 +2.109716679e+01 +2.109716679e+01 -4.486528332e+02 -4.486528332e+02 +1.6440e+00 -5.2137e+00 +7.5346e-01
768 +1.433854873e+01 +1.433854873e+01 -4.554114513e+02 -4.554114513e+02 +1.0315e+00 -4.2260e+00 +2.0353e+00
776 +9.708566189e+00 +9.708566189e+00 -4.600414338e+02 -4.600414338e+02 +9.6786e-01 -4.2244e+00 +2.1179e+00
799 +5.888731454e+00 +5.888731454e+00 -4.638612685e+02 -4.638612685e+02 +5.9650e-01 -3.7858e+00 +2.8099e+00
815 +3.895485860e+00 +3.895485860e+00 -4.658545141e+02 -4.658545141e+02 +4.5884e-01 -3.6336e+00 +3.0577e+00
839 +7.233997235e-01 +7.233997235e-01 -4.690266003e+02 -4.690266003e+02 +1.4148e-01 -3.1570e+00 +3.7054e+00
846 +3.546821118e-01 +3.546821118e-01 -4.693953179e+02 -4.693953179e+02 +1.5958e-01 -3.1719e+00 +3.6742e+00
861 +1.522395642e-01 +1.522395642e-01 -4.695977604e+02 -4.695977604e+02 -4.8438e-02 -2.8751e+00 +4.0897e+00
872 +3.870678030e-02 +3.870678030e-02 -4.697112932e+02 -4.697112932e+02 -4.0530e-02 -2.8717e+00 +4.0825e+00
887 +1.699294113e-02 +1.699294113e-02 -4.697330071e+02 -4.697330071e+02 +6.4129e-02 -3.0225e+00 +3.8726e+00
945 +1.770638593e-03 +1.770638593e-03 -4.697482294e+02 -4.697482294e+02 +3.6645e-02 -2.9808e+00 +3.9289e+00
989 +7.848415646e-04 +7.848415646e-04 -4.697492152e+02 -4.697492152e+02 +2.3495e-02 -2.9622e+00 +3.9551e+00
998 +4.383989888e-04 +4.383989888e-04 -4.697495616e+02 -4.697495616e+02 +3.2675e-02 -2.9762e+00 +3.9362e+00
1053 +1.760091291e-04 +1.760091291e-04 -4.697498240e+02 -4.697498240e+02 +2.3613e-02 -2.9635e+00 +3.9542e+00
1091 +1.267672420e-04 +1.267672420e-04 -4.697498732e+02 -4.697498732e+02 +2.9499e-02 -2.9712e+00 +3.9428e+00
1096 +9.022233951e-05 +9.022233951e-05 -4.697499098e+02 -4.697499098e+02 +2.7068e-02 -2.9677e+00 +3.9477e+00
1107 +5.408955212e-05 +5.408955212e-05 -4.697499459e+02 -4.697499459e+02 +2.4969e-02 -2.9649e+00 +3.9518e+00
1109 +3.820064785e-05 +3.820064785e-05 -4.697499618e+02 -4.697499618e+02 +2.7021e-02 -2.9678e+00 +3.9477e+00
1118 +1.961225109e-05 +1.961225109e-05 -4.697499804e+02 -4.697499804e+02 +2.7088e-02 -2.9679e+00 +3.9476e+00
1130 +1.384619770e-05 +1.384619770e-05 -4.697499862e+02 -4.697499862e+02 +2.5710e-02 -2.9661e+00 +3.9502e+00
1144 +8.077241034e-06 +8.077241034e-06 -4.697499919e+02 -4.697499919e+02 +2.6858e-02 -2.9677e+00 +3.9479e+00
1152 +3.855570185e-06 +3.855570185e-06 -4.697499961e+02 -4.697499961e+02 +2.6828e-02 -2.9677e+00 +3.9480e+00
1175 +2.134823887e-06 +2.134823887e-06 -4.697499979e+02 -4.697499979e+02 +2.6830e-02 -2.9678e+00 +3.9480e+00
1186 +1.408262563e-06 +1.408262563e-06 -4.697499986e+02 -4.697499986e+02 +2.6202e-02 -2.9669e+00 +3.9492e+00
1196 +9.304420701e-07 +9.304420701e-07 -4.697499991e+02 -4.697499991e+02 +2.6255e-02 -2.9670e+00 +3.9491e+00
1206 +5.247325703e-07 +5.247325703e-07 -4.697499995e+02 -4.697499995e+02 +2.6685e-02 -2.9676e+00 +3.9482e+00
1222 +2.145760050e-07 +2.145760050e-07 -4.697499998e+02 -4.697499998e+02 +2.6317e-02 -2.9671e+00 +3.9490e+00
1224 +1.262080787e-07 +1.262080787e-07 -4.697499999e+02 -4.697499999e+02 +2.6512e-02 -2.9674e+00 +3.9486e+00
1256 +8.951337804e-08 +8.951337804e-08 -4.697499999e+02 -4.697499999e+02 +2.6470e-02 -2.9673e+00 +3.9487e+00
1264 +5.942541748e-08 +5.942541748e-08 -4.697499999e+02 -4.697499999e+02 +2.6426e-02 -2.9672e+00 +3.9487e+00
1272 +3.074984534e-08 +3.074984534e-08 -4.697500000e+02 -4.697500000e+02 +2.6433e-02 -2.9673e+00 +3.9487e+00
1281 +8.844779131e-09 +8.844779131e-09 -4.697500000e+02 -4.697500000e+02 +2.6379e-02 -2.9672e+00 +3.9488e+00
1283 +1.510954917e-09 +1.510954917e-09 -4.697500000e+02 -4.697500000e+02 +2.6386e-02 -2.9672e+00 +3.9488e+00
