% function evaluation | noise-free fitness - Fopt (1.026100000000e+02) | best noise-free fitness - Fopt | measured fitness | best measured fitness | x1 | x2...
1 +5.007458907e+01 +5.007458907e+01 +1.526845891e+02 +1.526845891e+02 -1.4382e+00 +3.6913e+00 +1.7418e+00
6 +3.939913253e+01 +3.939913253e+01 +1.420091325e+02 +1.420091325e+02 -2.6116e+00 +4.8725e+00 +9.8221e-01
21 +1.765389184e+01 +1.765389184e+01 +1.202638918e+02 +1.202638918e+02 -9.0506e-01 +1.4650e+00 -2.2229e+00
127 +8.475865763e+00 +8.475865763e+00 +1.110858658e+02 +1.110858658e+02 -1.4751e+00 +3.1119e+00 -2.7126e+00
312 +5.448299806e+00 +5.448299806e+00 +1.080582998e+02 +1.080582998e+02 -2.9525e+00 +3.1363e+00 -2.6096e+00
1502 +3.483217137e+00 +3.483217137e+00 +1.060932171e+02 +1.060932171e+02 +8.6049e-01 -1.2070e+00 +1.2500e+00
1545 +4.065569584e-01 +4.065569584e-01 +1.030165570e+02 +1.030165570e+02 +1.2036e+00 -1.3908e+00 +1.4094e+00
134709 +3.275976865e-01 +3.275976865e-01 +1.029375977e+02 +1.029375977e+02 +1.2594e+00 -1.1733e+00 +1.0858e+00
135346 +1.716394446e-01 +1.716394446e-01 +1.027816394e+02 +1.027816394e+02 +1.2627e+00 -1.1714e+00 +1.0827e+00
135405 +1.547027533e-01 +1.547027533e-01 +1.027647028e+02 +1.027647028e+02 +1.2659e+00 -1.1710e+00 +1.0823e+00
246115 +7.503254438e-02 +7.503254438e-02 +1.026850325e+02 +1.026850325e+02 +1.2443e+00 -1.2523e+00 +1.2498e+00
247784 +5.861197740e-02 +5.861197740e-02 +1.026686120e+02 +1.026686120e+02 +1.2547e+00 -1.2492e+00 +1.2538e+00
248437 +2.351575242e-02 +2.351575242e-02 +1.026335158e+02 +1.026335158e+02 +1.2154e+00 -1.3133e+00 +1.2470e+00
248839 +2.006206287e-03 +2.006206287e-03 +1.026120062e+02 +1.026120062e+02 +1.2493e+00 -1.2502e+00 +1.2502e+00
919550 +1.279146606e-03 +1.279146606e-03 +1.026112791e+02 +1.026112791e+02 +1.2496e+00 -1.2500e+00 +1.2497e+00
919757 +8.967813705e-04 +8.967813705e-04 +1.026108968e+02 +1.026108968e+02 +1.2510e+00 -1.2497e+00 +1.2504e+00
919901 +5.712943957e-04 +5.712943957e-04 +1.026105713e+02 +1.026105713e+02 +1.2507e+00 -1.2498e+00 +1.2502e+00
919981 +1.646130806e-04 +1.646130806e-04 +1.026101646e+02 +1.026101646e+02 +1.2499e+00 -1.2501e+00 +1.2499e+00
919983 +4.339299038e-05 +4.339299038e-05 +1.026100434e+02 +1.026100434e+02 +1.2500e+00 -1.2500e+00 +1.2500e+00
920456 +2.812715381e-05 +2.812715381e-05 +1.026100281e+02 +1.026100281e+02 +1.2500e+00 -1.2500e+00 +1.2500e+00
920458 +1.912803050e-05 +1.912803050e-05 +1.026100191e+02 +1.026100191e+02 +1.2501e+00 -1.2500e+00 +1.2501e+00
920617 +2.070606016e-06 +2.070606016e-06 +1.026100021e+02 +1.026100021e+02 +1.2500e+00 -1.2500e+00 +1.2500e+00
920790 +6.113452713e-07 +6.113452713e-07 +1.026100006e+02 +1.026100006e+02 +1.2500e+00 -1.2500e+00 +1.2500e+00
920798 +2.262024452e-07 +2.262024452e-07 +1.026100002e+02 +1.026100002e+02 +1.2500e+00 -1.2500e+00 +1.2500e+00
920894 +4.776499907e-08 +4.776499907e-08 +1.026100000e+02 +1.026100000e+02 +1.2500e+00 -1.2500e+00 +1.2500e+00
921305 +2.879983185e-08 +2.879983185e-08 +1.026100000e+02 +1.026100000e+02 +1.2500e+00 -1.2500e+00 +1.2500e+00
921438 +1.759337920e-08 +1.759337920e-08 +1.026100000e+02 +1.026100000e+02 +1.2500e+00 -1.2500e+00 +1.2500e+00
921480 +5.287290605e-09 +5.287290605e-09 +1.026100000e+02 +1.026100000e+02 +1.2500e+00 -1.2500e+00 +1.2500e+00
921568 +3.060108611e-09 +3.060108611e-09 +1.026100000e+02 +1.026100000e+02 +1.2500e+00 -1.2500e+00 +1.2500e+00
921624 +1.021476237e-10 +1.021476237e-10 +1.026100000e+02 +1.026100000e+02 +1.2500e+00 -1.2500e+00 +1.2500e+00
% function evaluation | noise-free fitness - Fopt (1.026100000000e+02) | best noise-free fitness - Fopt | measured fitness | best measured fitness | x1 | x2...
1 +5.170016136e+01 +5.170016136e+01 +1.543101614e+02 +1.543101614e+02 -7.3374e-01 -2.4393e+00 +1.4737e+00
9 +3.852744255e+01 +3.852744255e+01 +1.411374426e+02 +1.411374426e+02 +2.4202e+00 -2.3433e+00 +1.2713e+00
17 +2.081507550e+01 +2.081507550e+01 +1.234250755e+02 +1.234250755e+02 +1.6834e+00 -2.8147e+00 -1.1935e-01
71 +1.498166496e+01 +1.498166496e+01 +1.175916650e+02 +1.175916650e+02 +1.3415e+00 -1.4503e+00 +1.9055e-01
103 +8.332575260e+00 +8.332575260e+00 +1.109425753e+02 +1.109425753e+02 +6.4505e-01 -1.5360e+00 +7.7301e-01
1684 +4.042678680e+00 +4.042678680e+00 +1.066526787e+02 +1.066526787e+02 -1.6618e+00 +2.6250e+00 -2.2084e+00
2341 +3.550867258e+00 +3.550867258e+00 +1.061608673e+02 +1.061608673e+02 -1.7270e+00 +1.7887e+00 -2.0994e+00
40328 +1.263032851e+00 +1.263032851e+00 +1.038730329e+02 +1.038730329e+02 +1.5181e+00 -1.4535e+00 +1.3894e+00
40887 +9.414796469e-01 +9.414796469e-01 +1.035514796e+02 +1.035514796e+02 +1.1742e+00 -1.4558e+00 +1.4211e+00
41133 +5.258717038e-01 +5.258717038e-01 +1.031358717e+02 +1.031358717e+02 +1.1318e+00 -1.5200e+00 +1.4083e+00
1979314 +3.776818919e-01 +3.776818919e-01 +1.029876819e+02 +1.029876819e+02 +1.3226e+00 -1.1243e+00 +1.2606e+00
1987061 +6.296311679e-02 +6.296311679e-02 +1.026729631e+02 +1.026729631e+02 +1.2525e+00 -1.2484e+00 +1.2509e+00
1993794 +7.824012022e-03 +7.824012022e-03 +1.026178240e+02 +1.026178240e+02 +1.2522e+00 -1.2495e+00 +1.2503e+00
1994432 +5.374075870e-03 +5.374075870e-03 +1.026153741e+02 +1.026153741e+02 +1.2509e+00 -1.2498e+00 +1.2510e+00
1994637 +3.583780895e-03 +3.583780895e-03 +1.026135838e+02 +1.026135838e+02 +1.2512e+00 -1.2498e+00 +1.2503e+00
1994654 +2.398051267e-03 +2.398051267e-03 +1.026123981e+02 +1.026123981e+02 +1.2512e+00 -1.2498e+00 +1.2505e+00
1994725 +1.239322740e-03 +1.239322740e-03 +1.026112393e+02 +1.026112393e+02 +1.2511e+00 -1.2497e+00 +1.2503e+00
1994889 +6.867783509e-04 +6.867783509e-04 +1.026106868e+02 +1.026106868e+02 +1.2498e+00 -1.2501e+00 +1.2498e+00
1994962 +2.865021251e-04 +2.865021251e-04 +1.026102865e+02 +1.026102865e+02 +1.2496e+00 -1.2502e+00 +1.2499e+00
1995005 +2.465347302e-04 +2.465347302e-04 +1.026102465e+02 +1.026102465e+02 +1.2495e+00 -1.2501e+00 +1.2499e+00
1995185 +1.572576126e-04 +1.572576126e-04 +1.026101573e+02 +1.026101573e+02 +1.2501e+00 -1.2499e+00 +1.2499e+00
1995314 +2.127967400e-05 +2.127967400e-05 +1.026100213e+02 +1.026100213e+02 +1.2501e+00 -1.2500e+00 +1.2501e+00
1995335 +1.519409527e-05 +1.519409527e-05 +1.026100152e+02 +1.026100152e+02 +1.2500e+00 -1.2500e+00 +1.2500e+00
1995867 +2.325467307e-06 +2.325467307e-06 +1.026100023e+02 +1.026100023e+02 +1.2500e+00 -1.2500e+00 +1.2500e+00
1996161 +5.364135660e-07 +5.364135660e-07 +1.026100005e+02 +1.026100005e+02 +1.2500e+00 -1.2500e+00 +1.2500e+00
1996469 +1.832221841e-07 +1.832221841e-07 +1.026100002e+02 +1.026100002e+02 +1.2500e+00 -1.2500e+00 +1.2500e+00
1996791 +4.624418182e-08 +4.624418182e-08 +1.026100000e+02 +1.026100000e+02 +1.2500e+00 -1.2500e+00 +1.2500e+00
1997292 +3.408209182e-08 +3.408209182e-08 +1.026100000e+02 +1.026100000e+02 +1.2500e+00 -1.2500e+00 +1.2500e+00
1997299 +2.414013522e-08 +2.414013522e-08 +1.026100000e+02 +1.026100000e+02 +1.2500e+00 -1.2500e+00 +1.2500e+00
1997446 +1.122137405e-08 +1.122137405e-08 +1.026100000e+02 +1.026100000e+02 +1.2500e+00 -1.2500e+00 +1.2500e+00
1997484 +7.146979897e-09 +7.146979897e-09 +1.026100000e+02 +1.026100000e+02 +1.2500e+00 -1.2500e+00 +1.2500e+00
1997570 +1.433306807e-09 +1.433306807e-09 +1.026100000e+02 +1.026100000e+02 +1.2500e+00 -1.2500e+00 +1.2500e+00
% function evaluation | noise-free fitness - Fopt (1.026100000000e+02) | best noise-free fitness - Fopt | measured fitness | best measured fitness | x1 | x2...
1 +5.308502812e+01 +5.308502812e+01 +1.556950281e+02 +1.556950281e+02 -2.4076e+00 -6.1254e-02 +7.5601e-01
2 +3.905251792e+01 +3.905251792e+01 +1.416625179e+02 +1.416625179e+02 -1.6691e+00 +2.3506e+00 -8.0743e-01
21 +2.494896427e+01 +2.494896427e+01 +1.275589643e+02 +1.275589643e+02 -3.7522e+00 +2.2579e+00 -2.0798e-01
122 +1.251800185e+01 +1.251800185e+01 +1.151280018e+02 +1.151280018e+02 -1.8695e+00 +3.0204e-01 -3.3612e-01
179 +9.128309973e+00 +9.128309973e+00 +1.117383100e+02 +1.117383100e+02 -2.0074e+00 +1.0646e+00 -1.3031e+00
557 +5.752541085e+00 +5.752541085e+00 +1.083625411e+02 +1.083625411e+02 -1.6315e+00 +2.1189e+00 -2.7615e+00
2921 +3.826331995e+00 +3.826331995e+00 +1.064363320e+02 +1.064363320e+02 -2.3239e+00 +1.3408e+00 -2.0966e+00
12716 +2.483954334e+00 +2.483954334e+00 +1.050939543e+02 +1.050939543e+02 +7.9478e-01 -1.5181e+00 +1.4358e+00
13982 +1.532766009e+00 +1.532766009e+00 +1.041427660e+02 +1.041427660e+02 +7.7938e-01 -1.4254e+00 +1.0974e+00
192803 +4.101018544e-01 +4.101018544e-01 +1.030201019e+02 +1.030201019e+02 +1.3826e+00 -9.9895e-01 +1.2630e+00
193053 +2.514411840e-01 +2.514411840e-01 +1.028614412e+02 +1.028614412e+02 +1.3140e+00 -1.1230e+00 +1.2548e+00
193799 +2.385234168e-01 +2.385234168e-01 +1.028485234e+02 +1.028485234e+02 +1.2293e+00 -1.3292e+00 +1.4115e+00
194953 +1.419992096e-01 +1.419992096e-01 +1.027519992e+02 +1.027519992e+02 +1.2707e+00 -1.2652e+00 +1.4201e+00
213103 +6.118460447e-02 +6.118460447e-02 +1.026711846e+02 +1.026711846e+02 +1.2791e+00 -1.1876e+00 +1.2496e+00
215282 +2.085883036e-02 +2.085883036e-02 +1.026308588e+02 +1.026308588e+02 +1.2546e+00 -1.2487e+00 +1.2516e+00
215809 +1.556163663e-03 +1.556163663e-03 +1.026115562e+02 +1.026115562e+02 +1.2501e+00 -1.2498e+00 +1.2498e+00
% function evaluation | noise-free fitness - Fopt (9.330000000000e+01) | best noise-free fitness - Fopt | measured fitness | best measured fitness | x1 | x2...
1 +4.343959012e+01 +4.343959012e+01 +1.367395901e+02 +1.367395901e+02 +3.7776e+00 -1.6840e+00 -1.7967e+00
3 +3.974752337e+01 +3.974752337e+01 +1.330475234e+02 +1.330475234e+02 +2.5980e+00 +8.8659e-02 -2.8309e+00
28 +1.726416359e+01 +1.726416359e+01 +1.105641636e+02 +1.105641636e+02 +2.7102e+00 +1.2420e+00 +2.7574e-01
34 +8.471295035e+00 +8.471295035e+00 +1.017712950e+02 +1.017712950e+02 +2.9915e+00 +2.1073e+00 -1.6669e+00
306 +5.700947341e+00 +5.700947341e+00 +9.900094734e+01 +9.900094734e+01 +1.3718e+00 +2.0748e+00 -2.0152e+00
14467 +3.541264810e+00 +3.541264810e+00 +9.684126481e+01 +9.684126481e+01 -8.5989e-01 -1.2955e+00 +7.1759e-01
15218 +2.364184668e+00 +2.364184668e+00 +9.566418467e+01 +9.566418467e+01 -9.9519e-01 -1.2994e+00 +7.5735e-01
15275 +1.550511204e+00 +1.550511204e+00 +9.485051120e+01 +9.485051120e+01 -9.9037e-01 -1.3080e+00 +7.6367e-01
94685 +6.137222762e-01 +6.137222762e-01 +9.391372228e+01 +9.391372228e+01 -8.9213e-01 -1.2977e+00 +1.1915e+00
104409 +3.935890664e-01 +3.935890664e-01 +9.369358907e+01 +9.369358907e+01 -1.1144e+00 -1.3603e+00 +1.0272e+00
196638 +2.347190140e-01 +2.347190140e-01 +9.353471901e+01 +9.353471901e+01 -1.1335e+00 -1.0794e+00 +1.1655e+00
1141090 +8.370649322e-02 +8.370649322e-02 +9.338370649e+01 +9.338370649e+01 -1.2498e+00 -1.2504e+00 +1.2520e+00
1187523 +1.881526789e-02 +1.881526789e-02 +9.331881527e+01 +9.331881527e+01 -1.2518e+00 -1.2465e+00 +1.2507e+00
1200294 +8.557304505e-03 +8.557304505e-03 +9.330855730e+01 +9.330855730e+01 -1.2501e+00 -1.2488e+00 +1.2506e+00
1202341 +6.070351368e-03 +6.070351368e-03 +9.330607035e+01 +9.330607035e+01 -1.2502e+00 -1.2501e+00 +1.2502e+00
1203314 +3.105695341e-03 +3.105695341e-03 +9.330310570e+01 +9.330310570e+01 -1.2493e+00 -1.2517e+00 +1.2493e+00
1204055 +1.235845958e-03 +1.235845958e-03 +9.330123585e+01 +9.330123585e+01 -1.2497e+00 -1.2501e+00 +1.2502e+00
1204889 +7.117846714e-04 +7.117846714e-04 +9.330071178e+01 +9.330071178e+01 -1.2503e+00 -1.2494e+00 +1.2500e+00
1205037 +4.067785269e-04 +4.067785269e-04 +9.330040678e+01 +9.330040678e+01 -1.2499e+00 -1.2500e+00 +1.2502e+00
1206235 +2.881376795e-04 +2.881376795e-04 +9.330028814e+01 +9.330028814e+01 -1.2501e+00 -1.2499e+00 +1.2499e+00
1206558 +1.419038369e-04 +1.419038369e-04 +9.330014190e+01 +9.330014190e+01 -1.2499e+00 -1.2502e+00 +1.2500e+00
1207598 +3.915678974e-05 +3.915678974e-05 +9.330003916e+01 +9.330003916e+01 -1.2500e+00 -1.2500e+00 +1.2500e+00
1208278 +2.097160279e-05 +2.097160279e-05 +9.330002097e+01 +9.330002097e+01 -1.2499e+00 -1.2501e+00 +1.2500e+00
1209089 +1.002832099e-05 +1.002832099e-05 +9.330001003e+01 +9.330001003e+01 -1.2500e+00 -1.2500e+00 +1.2500e+00
1210342 +6.486738215e-06 +6.486738215e-06 +9.330000649e+01 +9.330000649e+01 -1.2500e+00 -1.2500e+00 +1.2500e+00
1210720 +3.795309652e-06 +3.795309652e-06 +9.330000380e+01 +9.330000380e+01 -1.2500e+00 -1.2501e+00 +1.2500e+00
1210922 +1.097664864e-06 +1.097664864e-06 +9.330000110e+01 +9.330000110e+01 -1.2500e+00 -1.2500e+00 +1.2500e+00
1212034 +2.683513998e-07 +2.683513998e-07 +9.330000027e+01 +9.330000027e+01 -1.2500e+00 -1.2500e+00 +1.2500e+00
1213225 +1.691936973e-07 +1.691936973e-07 +9.330000017e+01 +9.330000017e+01 -1.2500e+00 -1.2500e+00 +1.2500e+00
1213439 +9.619446928e-08 +9.619446928e-08 +9.330000010e+01 +9.330000010e+01 -1.2500e+00 -1.2500e+00 +1.2500e+00
1215149 +4.970635814e-08 +4.970635814e-08 +9.330000005e+01 +9.330000005e+01 -1.2500e+00 -1.2500e+00 +1.2500e+00
1215990 +3.595624776e-08 +3.595624776e-08 +9.330000004e+01 +9.330000004e+01 -1.2500e+00 -1.2500e+00 +1.2500e+00
1216029 +1.970340691e-08 +1.970340691e-08 +9.330000002e+01 +9.330000002e+01 -1.2500e+00 -1.2500e+00 +1.2500e+00
1216123 +1.116404746e-10 +1.116404746e-10 +9.330000000e+01 +9.330000000e+01 -1.2500e+00 -1.2500e+00 +1.2500e+00
% function evaluation | noise-free fitness - Fopt (9.330000000000e+01) | best noise-free fitness - Fopt | measured fitness | best measured fitness | x1 | x2...
1 +6.752290633e+01 +6.752290633e+01 +1.608229063e+02 +1.608229063e+02 +1.4429e+00 -3.4079e+00 -3.0994e-01
3 +5.611778763e+01 +5.611778763e+01 +1.494177876e+02 +1.494177876e+02 +1.5432e+00 -2.8804e+00 -3.7453e+00
12 +3.960778456e+01 +3.960778456e+01 +1.329077846e+02 +1.329077846e+02 +1.3460e-01 -2.9390e+00 -1.3015e+00
18 +2.017688276e+01 +2.017688276e+01 +1.134768828e+02 +1.134768828e+02 -8.3093e-01 -1.5291e+00 +4.0321e-01
98 +1.552441829e+01 +1.552441829e+01 +1.088244183e+02 +1.088244183e+02 -6.9690e-01 -3.0015e+00 +1.0021e+00
201 +8.466010136e+00 +8.466010136e+00 +1.017660101e+02 +1.017660101e+02 -3.6110e-01 -2.0604e+00 +8.5126e-01
1737 +2.833098410e+00 +2.833098410e+00 +9.613309841e+01 +9.613309841e+01 -1.2123e+00 -1.2540e+00 +7.8199e-01
2195 +2.010005281e+00 +2.010005281e+00 +9.531000528e+01 +9.531000528e+01 -1.2727e+00 -6.8283e-01 +1.2914e+00
2277 +1.302017663e+00 +1.302017663e+00 +9.460201766e+01 +9.460201766e+01 -1.4596e+00 -1.5866e+00 +9.4704e-01
3961 +6.939581078e-01 +6.939581078e-01 +9.399395811e+01 +9.399395811e+01 -1.4817e+00 -1.2920e+00 +1.0914e+00
3971 +5.257518625e-01 +5.257518625e-01 +9.382575186e+01 +9.382575186e+01 -1.4793e+00 -1.2943e+00 +1.0931e+00
4047 +3.775260465e-01 +3.775260465e-01 +9.367752605e+01 +9.367752605e+01 -1.4745e+00 -1.3098e+00 +1.0851e+00
118290 +2.465513001e-01 +2.465513001e-01 +9.354655130e+01 +9.354655130e+01 -1.2504e+00 -1.3899e+00 +1.2972e+00
118413 +1.267122785e-01 +1.267122785e-01 +9.342671228e+01 +9.342671228e+01 -1.2457e+00 -1.3949e+00 +1.2981e+00
118509 +9.198282914e-02 +9.198282914e-02 +9.339198283e+01 +9.339198283e+01 -1.2469e+00 -1.3938e+00 +1.2967e+00
492344 +1.827977543e-02 +1.827977543e-02 +9.331827978e+01 +9.331827978e+01 -1.2488e+00 -1.2514e+00 +1.2507e+00
515287 +2.854482978e-03 +2.854482978e-03 +9.330285448e+01 +9.330285448e+01 -1.2497e+00 -1.2511e+00 +1.2496e+00
544956 +2.040535815e-03 +2.040535815e-03 +9.330204054e+01 +9.330204054e+01 -1.2496e+00 -1.2507e+00 +1.2501e+00
546182 +1.173187783e-03 +1.173187783e-03 +9.330117319e+01 +9.330117319e+01 -1.2503e+00 -1.2498e+00 +1.2499e+00
546551 +7.762135362e-04 +7.762135362e-04 +9.330077621e+01 +9.330077621e+01 -1.2503e+00 -1.2492e+00 +1.2504e+00
546587 +6.216687176e-04 +6.216687176e-04 +9.330062167e+01 +9.330062167e+01 -1.2500e+00 -1.2499e+00 +1.2500e+00
546597 +2.777253309e-04 +2.777253309e-04 +9.330027773e+01 +9.330027773e+01 -1.2500e+00 -1.2499e+00 +1.2502e+00
547393 +1.752656882e-04 +1.752656882e-04 +9.330017527e+01 +9.330017527e+01 -1.2499e+00 -1.2502e+00 +1.2500e+00
547590 +9.823670185e-05 +9.823670185e-05 +9.330009824e+01 +9.330009824e+01 -1.2501e+00 -1.2498e+00 +1.2501e+00
548179 +1.284863824e-05 +1.284863824e-05 +9.330001285e+01 +9.330001285e+01 -1.2500e+00 -1.2500e+00 +1.2500e+00
549118 +4.032960078e-06 +4.032960078e-06 +9.330000403e+01 +9.330000403e+01 -1.2500e+00 -1.2500e+00 +1.2500e+00
549343 +3.447107630e-06 +3.447107630e-06 +9.330000345e+01 +9.330000345e+01 -1.2500e+00 -1.2500e+00 +1.2500e+00
549476 +2.432255911e-06 +2.432255911e-06 +9.330000243e+01 +9.330000243e+01 -1.2500e+00 -1.2500e+00 +1.2500e+00
550026 +6.597612412e-07 +6.597612412e-07 +9.330000066e+01 +9.330000066e+01 -1.2500e+00 -1.2500e+00 +1.2500e+00
550723 +3.116826974e-07 +3.116826974e-07 +9.330000031e+01 +9.330000031e+01 -1.2500e+00 -1.2500e+00 +1.2500e+00
551073 +2.661175813e-08 +2.661175813e-08 +9.330000003e+01 +9.330000003e+01 -1.2500e+00 -1.2500e+00 +1.2500e+00
553009 +2.203981353e-08 +2.203981353e-08 +9.330000002e+01 +9.330000002e+01 -1.2500e+00 -1.2500e+00 +1.2500e+00
553170 +1.043889597e-08 +1.043889597e-08 +9.330000001e+01 +9.330000001e+01 -1.2500e+00 -1.2500e+00 +1.2500e+00
553340 +5.438494100e-09 +5.438494100e-09 +9.330000001e+01 +9.330000001e+01 -1.2500e+00 -1.2500e+00 +1.2500e+00
554006 +2.313811365e-10 +2.313811365e-10 +9.330000000e+01 +9.330000000e+01 -1.2500e+00 -1.2500e+00 +1.2500e+00
% function evaluation | noise-free fitness - Fopt (9.330000000000e+01) | best noise-free fitness - Fopt | measured fitness | best measured fitness | x1 | x2...
1 +4.931523467e+01 +4.931523467e+01 +1.426152347e+02 +1.426152347e+02 +1.6794e+00 -1.3246e+00 -3.1233e+00
2 +1.162552371e+01 +1.162552371e+01 +1.049255237e+02 +1.049255237e+02 +1.7495e+00 +9.3063e-01 -4.0024e+00
195 +7.929112130e+00 +7.929112130e+00 +1.012291121e+02 +1.012291121e+02 +2.4948e+00 +1.1087e+00 -2.8756e+00
196 +5.209249838e+00 +5.209249838e+00 +9.850924984e+01 +9.850924984e+01 +3.3004e+00 +1.8634e+00 -2.8421e+00
6622 +3.929117686e+00 +3.929117686e+00 +9.722911769e+01 +9.722911769e+01 +2.4175e+00 +2.5112e+00 -2.1531e+00
225565 +2.224936196e+00 +2.224936196e+00 +9.552493620e+01 +9.552493620e+01 -1.3673e+00 -1.4378e+00 +1.5681e+00
228659 +1.477483303e+00 +1.477483303e+00 +9.477748330e+01 +9.477748330e+01 -1.4991e+00 -1.1446e+00 +1.2791e+00
232502 +8.237171101e-01 +8.237171101e-01 +9.412371711e+01 +9.412371711e+01 -1.3657e+00 -1.2862e+00 +1.2912e+00
237392 +4.899956818e-01 +4.899956818e-01 +9.378999568e+01 +9.378999568e+01 -1.3849e+00 -1.1343e+00 +1.4808e+00
241435 +1.569691498e-01 +1.569691498e-01 +9.345696915e+01 +9.345696915e+01 -1.2466e+00 -1.2544e+00 +1.2520e+00
254618 +6.908434012e-02 +6.908434012e-02 +9.336908434e+01 +9.336908434e+01 -1.2505e+00 -1.2528e+00 +1.2474e+00
256209 +2.537695633e-02 +2.537695633e-02 +9.332537696e+01 +9.332537696e+01 -1.2482e+00 -1.2545e+00 +1.2488e+00
523350 +4.889363875e-03 +4.889363875e-03 +9.330488936e+01 +9.330488936e+01 -1.2501e+00 -1.2488e+00 +1.2509e+00
524032 +3.366175531e-03 +3.366175531e-03 +9.330336618e+01 +9.330336618e+01 -1.2494e+00 -1.2507e+00 +1.2501e+00
524673 +2.462362292e-03 +2.462362292e-03 +9.330246236e+01 +9.330246236e+01 -1.2495e+00 -1.2506e+00 +1.2502e+00
525283 +1.049209499e-03 +1.049209499e-03 +9.330104921e+01 +9.330104921e+01 -1.2500e+00 -1.2504e+00 +1.2497e+00
525458 +9.994557506e-04 +9.994557506e-04 +9.330099946e+01 +9.330099946e+01 -1.2502e+00 -1.2498e+00 +1.2500e+00
525747 +3.437406321e-04 +3.437406321e-04 +9.330034374e+01 +9.330034374e+01 -1.2498e+00 -1.2505e+00 +1.2498e+00
525865 +2.352517553e-04 +2.352517553e-04 +9.330023525e+01 +9.330023525e+01 -1.2500e+00 -1.2499e+00 +1.2500e+00
526050 +1.286041866e-04 +1.286041866e-04 +9.330012860e+01 +9.330012860e+01 -1.2499e+00 -1.2503e+00 +1.2499e+00
526304 +1.796642535e-05 +1.796642535e-05 +9.330001797e+01 +9.330001797e+01 -1.2500e+00 -1.2501e+00 +1.2499e+00
526693 +1.001725232e-05 +1.001725232e-05 +9.330001002e+01 +9.330001002e+01 -1.2500e+00 -1.2500e+00 +1.2500e+00
526885 +4.056132909e-06 +4.056132909e-06 +9.330000406e+01 +9.330000406e+01 -1.2500e+00 -1.2500e+00 +1.2500e+00
527253 +2.641893076e-06 +2.641893076e-06 +9.330000264e+01 +9.330000264e+01 -1.2500e+00 -1.2500e+00 +1.2500e+00
527464 +2.087704914e-06 +2.087704914e-06 +9.330000209e+01 +9.330000209e+01 -1.2500e+00 -1.2500e+00 +1.2500e+00
527520 +6.723165313e-07 +6.723165313e-07 +9.330000067e+01 +9.330000067e+01 -1.2500e+00 -1.2500e+00 +1.2500e+00
527521 +2.313788627e-07 +2.313788627e-07 +9.330000023e+01 +9.330000023e+01 -1.2500e+00 -1.2500e+00 +1.2500e+00
527985 +4.197596581e-08 +4.197596581e-08 +9.330000004e+01 +9.330000004e+01 -1.2500e+00 -1.2500e+00 +1.2500e+00
528251 +1.069297184e-08 +1.069297184e-08 +9.330000001e+01 +9.330000001e+01 -1.2500e+00 -1.2500e+00 +1.2500e+00
528873 +3.078923783e-09 +3.078923783e-09 +9.330000000e+01 +9.330000000e+01 -1.2500e+00 -1.2500e+00 +1.2500e+00
528947 +3.170015361e-10 +3.170015361e-10 +9.330000000e+01 +9.330000000e+01 -1.2500e+00 -1.2500e+00 +1.2500e+00
% function evaluation | noise-free fitness - Fopt (1.364000000000e+01) | best noise-free fitness - Fopt | measured fitness | best measured fitness | x1 | x2...
1 +7.712398950e+01 +7.712398950e+01 +9.076398950e+01 +9.076398950e+01 +3.8795e+00 -3.7501e+00 -5.6707e-02
11 +4.416046574e+01 +4.416046574e+01 +5.780046574e+01 +5.780046574e+01 -2.3235e+00 -3.9717e+00 -6.1287e-01
14 +3.664235909e+01 +3.664235909e+01 +5.028235909e+01 +5.028235909e+01 +1.1104e-01 -4.9302e-01 +1.7496e-02
18 +2.010197706e+01 +2.010197706e+01 +3.374197706e+01 +3.374197706e+01 -1.8100e+00 -2.2013e+00 -1.9123e+00
38 +1.545447273e+01 +1.545447273e+01 +2.909447273e+01 +2.909447273e+01 -3.5403e+00 -1.0476e-01 -2.4115e+00
113 +3.789474482e+00 +3.789474482e+00 +1.742947448e+01 +1.742947448e+01 -1.8466e+00 -2.6101e+00 -2.1817e+00
7829 +1.850975516e+00 +1.850975516e+00 +1.549097552e+01 +1.549097552e+01 +1.4076e+00 +1.7036e+00 +1.0552e+00
8619 +1.556838401e+00 +1.556838401e+00 +1.519683840e+01 +1.519683840e+01 +1.4462e+00 +1.6916e+00 +1.6348e+00
45263 +7.693967972e-01 +7.693967972e-01 +1.440939680e+01 +1.440939680e+01 +1.5281e+00 +1.0316e+00 +1.2447e+00
45322 +5.197568044e-01 +5.197568044e-01 +1.415975680e+01 +1.415975680e+01 +1.5278e+00 +1.0355e+00 +1.2405e+00
128751 +3.554217499e-01 +3.554217499e-01 +1.399542175e+01 +1.399542175e+01 +1.1236e+00 +1.4941e+00 +1.3520e+00
251129 +1.308511136e-01 +1.308511136e-01 +1.377085111e+01 +1.377085111e+01 +1.1997e+00 +1.0996e+00 +1.3143e+00
% function evaluation | noise-free fitness - Fopt (1.364000000000e+01) | best noise-free fitness - Fopt | measured fitness | best measured fitness | x1 | x2...
1 +4.784474514e+01 +4.784474514e+01 +6.148474514e+01 +6.148474514e+01 -3.0724e+00 -2.2994e-02 +4.0113e-02
6 +3.968801702e+01 +3.968801702e+01 +5.332801702e+01 +5.332801702e+01 -2.7346e+00 +4.6196e-01 +2.0702e+00
21 +1.462206413e+01 +1.462206413e+01 +2.826206413e+01 +2.826206413e+01 -2.5966e+00 -6.8993e-02 -1.1934e+00
31 +5.225358085e+00 +5.225358085e+00 +1.886535809e+01 +1.886535809e+01 -3.1596e+00 -2.3489e+00 -2.0591e+00
10400 +3.705220009e+00 +3.705220009e+00 +1.734522001e+01 +1.734522001e+01 +1.6307e+00 +9.2937e-01 +1.3855e+00
11155 +1.452348790e+00 +1.452348790e+00 +1.509234879e+01 +1.509234879e+01 +1.1978e+00 +1.7879e+00 +1.3828e+00
12290 +7.076148398e-01 +7.076148398e-01 +1.434761484e+01 +1.434761484e+01 +1.0697e+00 +1.2150e+00 +1.3138e+00
15000 +6.241711222e-01 +6.241711222e-01 +1.426417112e+01 +1.426417112e+01 +1.1782e+00 +1.0910e+00 +1.4772e+00
15078 +3.869907995e-01 +3.869907995e-01 +1.402699080e+01 +1.402699080e+01 +1.1636e+00 +1.0858e+00 +1.4750e+00
975345 +2.078179658e-01 +2.078179658e-01 +1.384781797e+01 +1.384781797e+01 +1.2519e+00 +1.2485e+00 +1.2501e+00
1002431 +1.558851201e-01 +1.558851201e-01 +1.379588512e+01 +1.379588512e+01 +1.3907e+00 +1.1435e+00 +1.2462e+00
1080117 +9.853293275e-02 +9.853293275e-02 +1.373853293e+01 +1.373853293e+01 +1.2540e+00 +1.2539e+00 +1.2476e+00
1080864 +5.749356377e-02 +5.749356377e-02 +1.369749356e+01 +1.369749356e+01 +1.2478e+00 +1.2466e+00 +1.2518e+00
1082319 +2.170665086e-02 +2.170665086e-02 +1.366170665e+01 +1.366170665e+01 +1.2508e+00 +1.2490e+00 +1.2511e+00
1083248 +1.252043094e-02 +1.252043094e-02 +1.365252043e+01 +1.365252043e+01 +1.2495e+00 +1.2505e+00 +1.2499e+00
1083536 +4.621577775e-03 +4.621577775e-03 +1.364462158e+01 +1.364462158e+01 +1.2512e+00 +1.2512e+00 +1.2496e+00
1083569 +3.191826862e-03 +3.191826862e-03 +1.364319183e+01 +1.364319183e+01 +1.2494e+00 +1.2497e+00 +1.2502e+00
1083650 +1.853512068e-03 +1.853512068e-03 +1.364185351e+01 +1.364185351e+01 +1.2506e+00 +1.2501e+00 +1.2500e+00
1083847 +6.746745289e-04 +6.746745289e-04 +1.364067467e+01 +1.364067467e+01 +1.2506e+00 +1.2504e+00 +1.2499e+00
1084027 +2.193401777e-04 +2.193401777e-04 +1.364021934e+01 +1.364021934e+01 +1.2503e+00 +1.2502e+00 +1.2500e+00
1084108 +1.427277375e-04 +1.427277375e-04 +1.364014273e+01 +1.364014273e+01 +1.2499e+00 +1.2498e+00 +1.2501e+00
1084966 +3.687925853e-05 +3.687925853e-05 +1.364003688e+01 +1.364003688e+01 +1.2498e+00 +1.2499e+00 +1.2500e+00
1085044 +1.611237084e-05 +1.611237084e-05 +1.364001611e+01 +1.364001611e+01 +1.2501e+00 +1.2501e+00 +1.2500e+00
1085632 +1.404704226e-05 +1.404704226e-05 +1.364001405e+01 +1.364001405e+01 +1.2500e+00 +1.2500e+00 +1.2500e+00
1085842 +6.808661910e-06 +6.808661910e-06 +1.364000681e+01 +1.364000681e+01 +1.2500e+00 +1.2500e+00 +1.2500e+00
1086022 +5.691255502e-06 +5.691255502e-06 +1.364000569e+01 +1.364000569e+01 +1.2499e+00 +1.2500e+00 +1.2500e+00
1086286 +4.187728031e-07 +4.187728031e-07 +1.364000042e+01 +1.364000042e+01 +1.2500e+00 +1.2500e+00 +1.2500e+00
1086909 +9.192805628e-08 +9.192805628e-08 +1.364000009e+01 +1.364000009e+01 +1.2500e+00 +1.2500e+00 +1.2500e+00
1087432 +6.246585471e-08 +6.246585471e-08 +1.364000006e+01 +1.364000006e+01 +1.2500e+00 +1.2500e+00 +1.2500e+00
1087757 +3.816056271e-08 +3.816056271e-08 +1.364000004e+01 +1.364000004e+01 +1.2500e+00 +1.2500e+00 +1.2500e+00
1087831 +2.472507532e-08 +2.472507532e-08 +1.364000002e+01 +1.364000002e+01 +1.2500e+00 +1.2500e+00 +1.2500e+00
1087896 +4.612521920e-09 +4.612521920e-09 +1.364000000e+01 +1.364000000e+01 +1.2500e+00 +1.2500e+00 +1.2500e+00
1088039 +9.376943666e-10 +9.376943666e-10 +1.364000000e+01 +1.364000000e+01 +1.2500e+00 +1.2500e+00 +1.2500e+00
% function evaluation | noise-free fitness - Fopt (1.364000000000e+01) | best noise-free fitness - Fopt | measured fitness | best measured fitness | x1 | x2...
1 +5.299668208e+01 +5.299668208e+01 +6.663668208e+01 +6.663668208e+01 -2.7258e+00 +2.6911e+00 -4.6397e-01
3 +2.376320314e+01 +2.376320314e+01 +3.740320314e+01 +3.740320314e+01 +3.6346e-01 +1.5105e+00 +9.8030e-01
14 +1.371607626e+01 +1.371607626e+01 +2.735607626e+01 +2.735607626e+01 +1.1547e+00 +2.0903e+00 +9.8570e-01
60 +9.154894965e+00 +9.154894965e+00 +2.279489496e+01 +2.279489496e+01 +6.1128e-01 +1.1001e+00 +1.0633e+00
177 +5.619993496e+00 +5.619993496e+00 +1.925999350e+01 +1.925999350e+01 +1.8686e+00 +1.5266e+00 +8.2164e-01
416 +3.194527487e+00 +3.194527487e+00 +1.683452749e+01 +1.683452749e+01 +1.7767e+00 +1.2333e+00 +1.1016e+00
448 +1.635980255e+00 +1.635980255e+00 +1.527598026e+01 +1.527598026e+01 +1.7759e+00 +1.2408e+00 +1.1043e+00
459 +1.476099249e+00 +1.476099249e+00 +1.511609925e+01 +1.511609925e+01 +1.7712e+00 +1.2374e+00 +1.1022e+00
1951 +6.515601126e-01 +6.515601126e-01 +1.429156011e+01 +1.429156011e+01 +9.0676e-01 +1.3071e+00 +1.3231e+00
2175 +6.004684463e-01 +6.004684463e-01 +1.424046845e+01 +1.424046845e+01 +9.0659e-01 +1.3046e+00 +1.3244e+00
13060 +3.780543144e-01 +3.780543144e-01 +1.401805431e+01 +1.401805431e+01 +1.3757e+00 +1.2701e+00 +1.5054e+00
274373 +2.377654364e-01 +2.377654364e-01 +1.387776544e+01 +1.387776544e+01 +1.0988e+00 +1.2228e+00 +1.1572e+00
283670 +1.094703179e-01 +1.094703179e-01 +1.374947032e+01 +1.374947032e+01 +1.2460e+00 +1.2506e+00 +1.2477e+00
285072 +8.747924055e-02 +8.747924055e-02 +1.372747924e+01 +1.372747924e+01 +1.2493e+00 +1.2471e+00 +1.2512e+00
285073 +3.601130114e-02 +3.601130114e-02 +1.367601130e+01 +1.367601130e+01 +1.2498e+00 +1.2494e+00 +1.2513e+00
286894 +1.965513587e-02 +1.965513587e-02 +1.365965514e+01 +1.365965514e+01 +1.2532e+00 +1.2519e+00 +1.2503e+00
286898 +5.576730982e-03 +5.576730982e-03 +1.364557673e+01 +1.364557673e+01 +1.2501e+00 +1.2507e+00 +1.2494e+00
287429 +3.465868303e-03 +3.465868303e-03 +1.364346587e+01 +1.364346587e+01 +1.2495e+00 +1.2501e+00 +1.2495e+00
287497 +2.068370076e-03 +2.068370076e-03 +1.364206837e+01 +1.364206837e+01 +1.2498e+00 +1.2498e+00 +1.2503e+00
287647 +1.391007690e-03 +1.391007690e-03 +1.364139101e+01 +1.364139101e+01 +1.2504e+00 +1.2501e+00 +1.2502e+00
287668 +9.351067074e-04 +9.351067074e-04 +1.364093511e+01 +1.364093511e+01 +1.2495e+00 +1.2497e+00 +1.2501e+00
287672 +3.677195381e-04 +3.677195381e-04 +1.364036772e+01 +1.364036772e+01 +1.2496e+00 +1.2497e+00 +1.2500e+00
287971 +2.302008868e-04 +2.302008868e-04 +1.364023020e+01 +1.364023020e+01 +1.2496e+00 +1.2498e+00 +1.2500e+00
288005 +9.957526782e-05 +9.957526782e-05 +1.364009958e+01 +1.364009958e+01 +1.2501e+00 +1.2499e+00 +1.2501e+00
288082 +4.222692361e-05 +4.222692361e-05 +1.364004223e+01 +1.364004223e+01 +1.2500e+00 +1.2500e+00 +1.2500e+00
288246 +2.847831634e-05 +2.847831634e-05 +1.364002848e+01 +1.364002848e+01 +1.2500e+00 +1.2500e+00 +1.2500e+00
288282 +2.475701187e-06 +2.475701187e-06 +1.364000248e+01 +1.364000248e+01 +1.2500e+00 +1.2500e+00 +1.2500e+00
288752 +2.250389208e-07 +2.250389208e-07 +1.364000023e+01 +1.364000023e+01 +1.2500e+00 +1.2500e+00 +1.2500e+00
288880 +8.137306651e-08 +8.137306651e-08 +1.364000008e+01 +1.364000008e+01 +1.2500e+00 +1.2500e+00 +1.2500e+00
289348 +5.862216845e-08 +5.862216845e-08 +1.364000006e+01 +1.364000006e+01 +1.2500e+00 +1.2500e+00 +1.2500e+00
289363 +2.853227876e-08 +2.853227876e-08 +1.364000003e+01 +1.364000003e+01 +1.2500e+00 +1.2500e+00 +1.2500e+00
289599 +1.291541452e-08 +1.291541452e-08 +1.364000001e+01 +1.364000001e+01 +1.2500e+00 +1.2500e+00 +1.2500e+00
289659 +3.649111235e-09 +3.649111235e-09 +1.364000000e+01 +1.364000000e+01 +1.2500e+00 +1.2500e+00 +1.2500e+00
289790 +3.430358220e-10 +3.430358220e-10 +1.364000000e+01 +1.364000000e+01 +1.2500e+00 +1.2500e+00 +1.2500e+00
% function evaluation | noise-free fitness - Fopt (1.948000000000e+02) | best noise-free fitness - Fopt | measured fitness | best measured fitness | x1 | x2...
1 +1.648926703e+01 +1.648926703e+01 +2.112892670e+02 +2.112892670e+02 -3.5421e+00 +1.7430e+00 -3.8501e-01
33 +1.524865255e+01 +1.524865255e+01 +2.100486526e+02 +2.100486526e+02 -1.8333e+00 +1.3493e+00 +4.3928e+00
223 +9.730314317e+00 +9.730314317e+00 +2.045303143e+02 +2.045303143e+02 -1.7723e+00 +3.1826e+00 +2.1806e+00
236 +5.514114720e+00 +5.514114720e+00 +2.003141147e+02 +2.003141147e+02 -1.4149e+00 +2.4570e+00 +2.7209e+00
2692 +3.399979941e+00 +3.399979941e+00 +1.981999799e+02 +1.981999799e+02 -1.8449e+00 +2.1509e+00 +1.9974e+00
204330 +2.325854217e+00 +2.325854217e+00 +1.971258542e+02 +1.971258542e+02 +1.0669e+00 -1.7441e+00 -1.7205e+00
454975 +8.519886703e-01 +8.519886703e-01 +1.956519887e+02 +1.956519887e+02 +1.1629e+00 -1.3467e+00 -1.1169e+00
455179 +5.373576467e-01 +5.373576467e-01 +1.953373576e+02 +1.953373576e+02 +1.0611e+00 -1.3757e+00 -1.3029e+00
462402 +3.733139971e-01 +3.733139971e-01 +1.951733140e+02 +1.951733140e+02 +1.1402e+00 -1.3936e+00 -1.0535e+00
535453 +2.348766202e-01 +2.348766202e-01 +1.950348766e+02 +1.950348766e+02 +1.1256e+00 -1.0752e+00 -1.2568e+00
1847488 +8.493238113e-02 +8.493238113e-02 +1.948849324e+02 +1.948849324e+02 +1.2910e+00 -1.1976e+00 -1.3151e+00
1877649 +3.589059070e-02 +3.589059070e-02 +1.948358906e+02 +1.948358906e+02 +1.2134e+00 -1.2984e+00 -1.1844e+00
% function evaluation | noise-free fitness - Fopt (1.948000000000e+02) | best noise-free fitness - Fopt | measured fitness | best measured fitness | x1 | x2...
1 +5.312688074e+01 +5.312688074e+01 +2.479268807e+02 +2.479268807e+02 +1.8526e+00 +3.7966e+00 -9.4809e-01
10 +2.930191343e+01 +2.930191343e+01 +2.241019134e+02 +2.241019134e+02 +1.2849e+00 +3.4495e+00 -5.0079e-01
23 +2.141366411e+01 +2.141366411e+01 +2.162136641e+02 +2.162136641e+02 +1.5734e+00 +1.3849e+00 +1.6021e+00
72 +1.137779329e+01 +1.137779329e+01 +2.061777933e+02 +2.061777933e+02 -1.9080e+00 +3.7919e+00 +2.3567e+00
159 +6.121293549e+00 +6.121293549e+00 +2.009212935e+02 +2.009212935e+02 -1.7973e+00 +3.4840e+00 +2.0517e+00
1577 +3.752494313e+00 +3.752494313e+00 +1.985524943e+02 +1.985524943e+02 -2.0391e+00 +2.0280e+00 +1.9469e+00
12169 +1.930868534e+00 +1.930868534e+00 +1.967308685e+02 +1.967308685e+02 +1.4832e+00 -1.1953e+00 -8.8268e-01
12558 +1.391926427e+00 +1.391926427e+00 +1.961919264e+02 +1.961919264e+02 +1.4908e+00 -1.1996e+00 -8.8460e-01
12666 +9.980384536e-01 +9.980384536e-01 +1.957980385e+02 +1.957980385e+02 +1.5034e+00 -1.1935e+00 -8.8403e-01
1006247 +2.785593596e-01 +2.785593596e-01 +1.950785594e+02 +1.950785594e+02 +1.4404e+00 -1.3278e+00 -1.3733e+00
1021883 +2.488310390e-01 +2.488310390e-01 +1.950488310e+02 +1.950488310e+02 +1.3792e+00 -1.2200e+00 -1.0667e+00
1041034 +1.274216045e-01 +1.274216045e-01 +1.949274216e+02 +1.949274216e+02 +1.2457e+00 -1.2552e+00 -1.2504e+00
1047131 +3.553323313e-02 +3.553323313e-02 +1.948355332e+02 +1.948355332e+02 +1.2529e+00 -1.2505e+00 -1.2505e+00
1054693 +2.456191400e-02 +2.456191400e-02 +1.948245619e+02 +1.948245619e+02 +1.2464e+00 -1.2520e+00 -1.2505e+00
1067267 +7.664981265e-03 +7.664981265e-03 +1.948076650e+02 +1.948076650e+02 +1.2498e+00 -1.2509e+00 -1.2499e+00
1085704 +1.806172431e-03 +1.806172431e-03 +1.948018062e+02 +1.948018062e+02 +1.2508e+00 -1.2495e+00 -1.2499e+00
1112876 +7.395342355e-04 +7.395342355e-04 +1.948007395e+02 +1.948007395e+02 +1.2494e+00 -1.2501e+00 -1.2499e+00
1116779 +2.287677329e-04 +2.287677329e-04 +1.948002288e+02 +1.948002288e+02 +1.2496e+00 -1.2501e+00 -1.2500e+00
1118027 +3.755754111e-05 +3.755754111e-05 +1.948000376e+02 +1.948000376e+02 +1.2500e+00 -1.2501e+00 -1.2500e+00
1119207 +1.951630998e-05 +1.951630998e-05 +1.948000195e+02 +1.948000195e+02 +1.2501e+00 -1.2500e+00 -1.2500e+00
1119801 +4.267549826e-06 +4.267549826e-06 +1.948000043e+02 +1.948000043e+02 +1.2500e+00 -1.2500e+00 -1.2500e+00
1120820 +3.479705413e-07 +3.479705413e-07 +1.948000003e+02 +1.948000003e+02 +1.2500e+00 -1.2500e+00 -1.2500e+00
1121465 +9.548725188e-08 +9.548725188e-08 +1.948000001e+02 +1.948000001e+02 +1.2500e+00 -1.2500e+00 -1.2500e+00
1123752 +5.518307944e-08 +5.518307944e-08 +1.948000001e+02 +1.948000001e+02 +1.2500e+00 -1.2500e+00 -1.2500e+00
1123888 +1.135703087e-08 +1.135703087e-08 +1.948000000e+02 +1.948000000e+02 +1.2500e+00 -1.2500e+00 -1.2500e+00
1124410 +8.678739505e-09 +8.678739505e-09 +1.948000000e+02 +1.948000000e+02 +1.2500e+00 -1.2500e+00 -1.2500e+00
1124843 +4.138200893e-10 +4.138200893e-10 +1.948000000e+02 +1.948000000e+02 +1.2500e+00 -1.2500e+00 -1.2500e+00
% function evaluation | noise-free fitness - Fopt (1.948000000000e+02) | best noise-free fitness - Fopt | measured fitness | best measured fitness | x1 | x2...
1 +4.625778550e+01 +4.625778550e+01 +2.410577855e+02 +2.410577855e+02 +1.6514e+00 +1.3536e+00 +2.6917e+00
10 +2.987843835e+01 +2.987843835e+01 +2.246784384e+02 +2.246784384e+02 -8.6416e-02 +1.6287e+00 +6.3089e-01
35 +2.494644093e+01 +2.494644093e+01 +2.197464409e+02 +2.197464409e+02 +6.9109e-01 +2.7378e+00 +2.0385e+00
38 +9.408373685e+00 +9.408373685e+00 +2.042083737e+02 +2.042083737e+02 -1.9236e+00 +3.6107e+00 +2.9790e+00
409 +5.877925378e+00 +5.877925378e+00 +2.006779254e+02 +2.006779254e+02 -1.9574e+00 +2.3759e+00 +1.9298e+00
1432 +3.701405957e+00 +3.701405957e+00 +1.985014060e+02 +1.985014060e+02 -2.0595e+00 +2.5600e+00 +1.9190e+00
3905 +2.058222550e+00 +2.058222550e+00 +1.968582226e+02 +1.968582226e+02 +1.7958e+00 -1.6608e+00 -1.1780e+00
4367 +1.497492721e+00 +1.497492721e+00 +1.962974927e+02 +1.962974927e+02 +1.5881e+00 -1.6197e+00 -9.8930e-01
5577 +8.875104855e-01 +8.875104855e-01 +1.956875105e+02 +1.956875105e+02 +1.5330e+00 -1.5537e+00 -1.3026e+00
6891 +6.008694823e-01 +6.008694823e-01 +1.954008695e+02 +1.954008695e+02 +1.1289e+00 -1.2766e+00 -1.4343e+00
8262 +3.450059984e-01 +3.450059984e-01 +1.951450060e+02 +1.951450060e+02 +1.3034e+00 -9.9171e-01 -1.1397e+00
31744 +2.038977972e-01 +2.038977972e-01 +1.950038978e+02 +1.950038978e+02 +1.4089e+00 -1.3765e+00 -1.3084e+00
570198 +4.120008943e-02 +4.120008943e-02 +1.948412001e+02 +1.948412001e+02 +1.2493e+00 -1.2480e+00 -1.2500e+00
576892 +3.939352023e-02 +3.939352023e-02 +1.948393935e+02 +1.948393935e+02 +1.2474e+00 -1.2519e+00 -1.2496e+00
1667644 +1.616434822e-02 +1.616434822e-02 +1.948161643e+02 +1.948161643e+02 +1.2520e+00 -1.2507e+00 -1.2500e+00
1672549 +1.145663512e-02 +1.145663512e-02 +1.948114566e+02 +1.948114566e+02 +1.2509e+00 -1.2509e+00 -1.2501e+00
1673447 +7.997174563e-03 +7.997174563e-03 +1.948079972e+02 +1.948079972e+02 +1.2500e+00 -1.2492e+00 -1.2497e+00
1673683 +1.894350705e-03 +1.894350705e-03 +1.948018944e+02 +1.948018944e+02 +1.2504e+00 -1.2495e+00 -1.2500e+00
1674204 +5.830193667e-04 +5.830193667e-04 +1.948005830e+02 +1.948005830e+02 +1.2496e+00 -1.2502e+00 -1.2501e+00
1674581 +3.328135644e-04 +3.328135644e-04 +1.948003328e+02 +1.948003328e+02 +1.2497e+00 -1.2503e+00 -1.2500e+00
1674616 +2.456853951e-04 +2.456853951e-04 +1.948002457e+02 +1.948002457e+02 +1.2496e+00 -1.2502e+00 -1.2500e+00
1675049 +1.203386579e-04 +1.203386579e-04 +1.948001203e+02 +1.948001203e+02 +1.2501e+00 -1.2501e+00 -1.2500e+00
1675176 +8.463552965e-05 +8.463552965e-05 +1.948000846e+02 +1.948000846e+02 +1.2499e+00 -1.2500e+00 -1.2500e+00
1675479 +3.999105795e-05 +3.999105795e-05 +1.948000400e+02 +1.948000400e+02 +1.2498e+00 -1.2501e+00 -1.2500e+00
1675510 +2.274016083e-05 +2.274016083e-05 +1.948000227e+02 +1.948000227e+02 +1.2499e+00 -1.2500e+00 -1.2500e+00
1675601 +1.519088920e-05 +1.519088920e-05 +1.948000152e+02 +1.948000152e+02 +1.2501e+00 -1.2500e+00 -1.2500e+00
1675831 +8.601962918e-06 +8.601962918e-06 +1.948000086e+02 +1.948000086e+02 +1.2499e+00 -1.2500e+00 -1.2500e+00
1676117 +2.553915891e-06 +2.553915891e-06 +1.948000026e+02 +1.948000026e+02 +1.2500e+00 -1.2500e+00 -1.2500e+00
1676295 +2.103548184e-06 +2.103548184e-06 +1.948000021e+02 +1.948000021e+02 +1.2500e+00 -1.2500e+00 -1.2500e+00
1676352 +1.497550301e-06 +1.497550301e-06 +1.948000015e+02 +1.948000015e+02 +1.2500e+00 -1.2500e+00 -1.2500e+00
1676727 +8.137151610e-07 +8.137151610e-07 +1.948000008e+02 +1.948000008e+02 +1.2500e+00 -1.2500e+00 -1.2500e+00
1676779 +1.891301338e-07 +1.891301338e-07 +1.948000002e+02 +1.948000002e+02 +1.2500e+00 -1.2500e+00 -1.2500e+00
1676853 +1.479355376e-07 +1.479355376e-07 +1.948000001e+02 +1.948000001e+02 +1.2500e+00 -1.2500e+00 -1.2500e+00
1677259 +6.962716270e-08 +6.962716270e-08 +1.948000001e+02 +1.948000001e+02 +1.2500e+00 -1.2500e+00 -1.2500e+00
1677701 +2.503307428e-08 +2.503307428e-08 +1.948000000e+02 +1.948000000e+02 +1.2500e+00 -1.2500e+00 -1.2500e+00
1677783 +9.901924614e-09 +9.901924614e-09 +1.948000000e+02 +1.948000000e+02 +1.2500e+00 -1.2500e+00 -1.2500e+00
1677994 +8.524523309e-10 +8.524523309e-10 +1.948000000e+02 +1.948000000e+02 +1.2500e+00 -1.2500e+00 -1.2500e+00
% function evaluation | noise-free fitness - Fopt (-1.335900000000e+02) | best noise-free fitness - Fopt | measured fitness | best measured fitness | x1 | x2...
1 +5.163552411e+01 +5.163552411e+01 -8.195447589e+01 -8.195447589e+01 +3.3098e-01 -2.6123e+00 -6.3855e-01
4 +1.306822204e+01 +1.306822204e+01 -1.205217780e+02 -1.205217780e+02 -1.9899e+00 +8.8704e-01 +6.8803e-01
128 +9.940749860e+00 +9.940749860e+00 -1.236492501e+02 -1.236492501e+02 +6.0438e-01 -2.7648e+00 -8.0831e-01
753 +6.284720864e+00 +6.284720864e+00 -1.273052791e+02 -1.273052791e+02 +8.4918e-01 -2.4295e+00 -1.6186e+00
3400 +3.858714963e+00 +3.858714963e+00 -1.297312850e+02 -1.297312850e+02 +2.6613e+00 -2.4898e+00 -2.6361e+00
46870 +2.310642540e+00 +2.310642540e+00 -1.312793575e+02 -1.312793575e+02 -1.4750e+00 +1.3644e+00 +9.9333e-01
47094 +8.698343664e-01 +8.698343664e-01 -1.327201656e+02 -1.327201656e+02 -1.3796e+00 +1.3205e+00 +1.1307e+00
47106 +5.623010805e-01 +5.623010805e-01 -1.330276989e+02 -1.330276989e+02 -1.3595e+00 +1.3496e+00 +1.1631e+00
110749 +3.257020804e-01 +3.257020804e-01 -1.332642979e+02 -1.332642979e+02 -1.2533e+00 +1.2937e+00 +1.3058e+00
111483 +1.521629137e-01 +1.521629137e-01 -1.334378371e+02 -1.334378371e+02 -1.2384e+00 +1.2884e+00 +1.2906e+00
111588 +4.920765376e-02 +4.920765376e-02 -1.335407923e+02 -1.335407923e+02 -1.2390e+00 +1.2907e+00 +1.2914e+00
111719 +2.997896506e-02 +2.997896506e-02 -1.335600210e+02 -1.335600210e+02 -1.2397e+00 +1.2905e+00 +1.2925e+00
111823 +2.163296361e-02 +2.163296361e-02 -1.335683670e+02 -1.335683670e+02 -1.2413e+00 +1.2903e+00 +1.2943e+00
111981 +1.547916507e-02 +1.547916507e-02 -1.335745208e+02 -1.335745208e+02 -1.2424e+00 +1.2914e+00 +1.2951e+00
522929 +6.734861442e-03 +6.734861442e-03 -1.335832651e+02 -1.335832651e+02 -1.2488e+00 +1.2498e+00 +1.2490e+00
523082 +5.475735785e-03 +5.475735785e-03 -1.335845243e+02 -1.335845243e+02 -1.2495e+00 +1.2502e+00 +1.2493e+00
534051 +2.124041628e-03 +2.124041628e-03 -1.335878760e+02 -1.335878760e+02 -1.2501e+00 +1.2504e+00 +1.2499e+00
559166 +8.555137650e-04 +8.555137650e-04 -1.335891445e+02 -1.335891445e+02 -1.2502e+00 +1.2500e+00 +1.2504e+00
561972 +2.668298787e-04 +2.668298787e-04 -1.335897332e+02 -1.335897332e+02 -1.2499e+00 +1.2501e+00 +1.2498e+00
569281 +1.956739826e-04 +1.956739826e-04 -1.335898043e+02 -1.335898043e+02 -1.2502e+00 +1.2500e+00 +1.2503e+00
% function evaluation | noise-free fitness - Fopt (-1.335900000000e+02) | best noise-free fitness - Fopt | measured fitness | best measured fitness | x1 | x2...
1 +6.766050188e+01 +6.766050188e+01 -6.592949812e+01 -6.592949812e+01 +2.7048e+00 +3.1494e+00 -2.3478e+00
2 +4.489703557e+01 +4.489703557e+01 -8.869296443e+01 -8.869296443e+01 +4.0155e+00 +1.7609e+00 +6.0537e-02
14 +1.945885352e+01 +1.945885352e+01 -1.141311465e+02 -1.141311465e+02 +1.9889e+00 +7.8506e-01 -2.3022e+00
22 +1.185929857e+01 +1.185929857e+01 -1.217307014e+02 -1.217307014e+02 +1.4317e+00 -1.1379e+00 -3.3000e+00
215 +9.092159037e+00 +9.092159037e+00 -1.244978410e+02 -1.244978410e+02 +2.4582e+00 -1.2885e+00 -1.9255e+00
218 +5.685121141e+00 +5.685121141e+00 -1.279048789e+02 -1.279048789e+02 +3.3013e+00 -2.5551e+00 -1.7231e+00
3187 +3.820329104e+00 +3.820329104e+00 -1.297696709e+02 -1.297696709e+02 +1.8566e+00 -2.4015e+00 -1.5791e+00
5308 +1.921238447e+00 +1.921238447e+00 -1.316687616e+02 -1.316687616e+02 -1.4096e+00 +1.7807e+00 +1.4506e+00
5631 +1.466655839e+00 +1.466655839e+00 -1.321233442e+02 -1.321233442e+02 -1.4290e+00 +1.7462e+00 +1.4075e+00
10917 +9.136131018e-01 +9.136131018e-01 -1.326763869e+02 -1.326763869e+02 -1.2592e+00 +1.2078e+00 +1.2011e+00
11434 +4.340421840e-01 +4.340421840e-01 -1.331559578e+02 -1.331559578e+02 -1.3975e+00 +1.1885e+00 +9.9373e-01
12297 +3.532601654e-01 +3.532601654e-01 -1.332367398e+02 -1.332367398e+02 -1.2808e+00 +1.1279e+00 +1.1214e+00
12425 +1.404553044e-01 +1.404553044e-01 -1.334495447e+02 -1.334495447e+02 -1.2728e+00 +1.1259e+00 +1.1152e+00
13256 +6.091294726e-02 +6.091294726e-02 -1.335290871e+02 -1.335290871e+02 -1.2584e+00 +1.2097e+00 +1.2036e+00
13672 +3.771105085e-02 +3.771105085e-02 -1.335522889e+02 -1.335522889e+02 -1.2520e+00 +1.2521e+00 +1.2512e+00
14389 +1.565000432e-02 +1.565000432e-02 -1.335743500e+02 -1.335743500e+02 -1.2421e+00 +1.2913e+00 +1.2947e+00
14919 +7.789280463e-03 +7.789280463e-03 -1.335822107e+02 -1.335822107e+02 -1.2486e+00 +1.2493e+00 +1.2483e+00
15185 +6.145668375e-03 +6.145668375e-03 -1.335838543e+02 -1.335838543e+02 -1.2492e+00 +1.2502e+00 +1.2488e+00
15256 +3.936344572e-03 +3.936344572e-03 -1.335860637e+02 -1.335860637e+02 -1.2484e+00 +1.2494e+00 +1.2486e+00
15410 +2.266469896e-03 +2.266469896e-03 -1.335877335e+02 -1.335877335e+02 -1.2496e+00 +1.2500e+00 +1.2492e+00
15486 +1.427544986e-03 +1.427544986e-03 -1.335885725e+02 -1.335885725e+02 -1.2495e+00 +1.2500e+00 +1.2494e+00
15584 +1.415204867e-04 +1.415204867e-04 -1.335898585e+02 -1.335898585e+02 -1.2497e+00 +1.2499e+00 +1.2498e+00
15658 +6.786384685e-05 +6.786384685e-05 -1.335899321e+02 -1.335899321e+02 -1.2500e+00 +1.2500e+00 +1.2500e+00
15776 +8.571588438e-06 +8.571588438e-06 -1.335899914e+02 -1.335899914e+02 -1.2500e+00 +1.2500e+00 +1.2500e+00
15887 +3.748999973e-07 +3.748999973e-07 -1.335899996e+02 -1.335899996e+02 -1.2500e+00 +1.2500e+00 +1.2500e+00
16137 +2.233124405e-07 +2.233124405e-07 -1.335899998e+02 -1.335899998e+02 -1.2500e+00 +1.2500e+00 +1.2500e+00
16148 +9.231280274e-08 +9.231280274e-08 -1.335899999e+02 -1.335899999e+02 -1.2500e+00 +1.2500e+00 +1.2500e+00
16238 +4.990639013e-08 +4.990639013e-08 -1.335900000e+02 -1.335900000e+02 -1.2500e+00 +1.2500e+00 +1.2500e+00
16251 +2.526010690e-08 +2.526010690e-08 -1.335900000e+02 -1.335900000e+02 -1.2500e+00 +1.2500e+00 +1.2500e+00
16311 +2.283135814e-08 +2.283135814e-08 -1.335900000e+02 -1.335900000e+02 -1.2500e+00 +1.2500e+00 +1.2500e+00
16322 +5.601577868e-09 +5.601577868e-09 -1.335900000e+02 -1.335900000e+02 -1.2500e+00 +1.2500e+00 +1.2500e+00
16362 +1.320699994e-09 +1.320699994e-09 -1.335900000e+02 -1.335900000e+02 -1.2500e+00 +1.2500e+00 +1.2500e+00
% function evaluation | noise-free fitness - Fopt (-1.335900000000e+02) | best noise-free fitness - Fopt | measured fitness | best measured fitness | x1 | x2...
1 +9.317657071e+01 +9.317657071e+01 -4.041342929e+01 -4.041342929e+01 -3.9295e+00 +3.3691e+00 +2.1392e-01
2 +4.769657957e+01 +4.769657957e+01 -8.589342043e+01 -8.589342043e+01 -2.9804e+00 +3.1922e+00 -3.3042e-01
11 +2.952976807e+01 +2.952976807e+01 -1.040602319e+02 -1.040602319e+02 -1.8066e+00 +2.1607e+00 +9.9944e-01
42 +2.465618585e+01 +2.465618585e+01 -1.089338141e+02 -1.089338141e+02 -5.4876e-01 -4.7337e-01 +1.5209e-01
65 +1.301041817e+01 +1.301041817e+01 -1.205795818e+02 -1.205795818e+02 -1.4659e+00 +5.0048e-01 +4.5549e-01
143 +8.788591795e+00 +8.788591795e+00 -1.248014082e+02 -1.248014082e+02 -1.4853e+00 +1.3487e+00 +9.1772e-01
228 +4.868977432e+00 +4.868977432e+00 -1.287210226e+02 -1.287210226e+02 -1.1882e+00 +4.5172e-01 +1.3241e+00
370 +3.884815551e+00 +3.884815551e+00 -1.297051844e+02 -1.297051844e+02 -1.3558e+00 +7.1568e-01 +1.4442e+00
379 +2.118491607e+00 +2.118491607e+00 -1.314715084e+02 -1.314715084e+02 -1.3234e+00 +6.9131e-01 +1.4262e+00
444 +1.576516730e+00 +1.576516730e+00 -1.320134833e+02 -1.320134833e+02 -1.3258e+00 +7.0023e-01 +1.4198e+00
26974 +4.850653824e-01 +4.850653824e-01 -1.331049346e+02 -1.331049346e+02 -1.2752e+00 +1.1230e+00 +1.1220e+00
413697 +3.628741249e-01 +3.628741249e-01 -1.332271259e+02 -1.332271259e+02 -1.3718e+00 +1.3589e+00 +1.1728e+00
413718 +2.065252728e-01 +2.065252728e-01 -1.333834747e+02 -1.333834747e+02 -1.3659e+00 +1.3554e+00 +1.1686e+00
413766 +1.354125629e-01 +1.354125629e-01 -1.334545874e+02 -1.334545874e+02 -1.3628e+00 +1.3523e+00 +1.1684e+00
462331 +6.860536301e-02 +6.860536301e-02 -1.335213946e+02 -1.335213946e+02 -1.2455e+00 +1.2472e+00 +1.2481e+00
466876 +4.187867534e-02 +4.187867534e-02 -1.335481213e+02 -1.335481213e+02 -1.2472e+00 +1.2474e+00 +1.2492e+00
481834 +1.181415525e-02 +1.181415525e-02 -1.335781858e+02 -1.335781858e+02 -1.2480e+00 +1.2485e+00 +1.2487e+00
496232 +9.985582934e-03 +9.985582934e-03 -1.335800144e+02 -1.335800144e+02 -1.2477e+00 +1.2490e+00 +1.2482e+00
1009146 +2.575756224e-03 +2.575756224e-03 -1.335874242e+02 -1.335874242e+02 -1.2494e+00 +1.2501e+00 +1.2492e+00
1022101 +1.764087346e-03 +1.764087346e-03 -1.335882359e+02 -1.335882359e+02 -1.2493e+00 +1.2496e+00 +1.2496e+00
1025399 +3.910931133e-04 +3.910931133e-04 -1.335896089e+02 -1.335896089e+02 -1.2496e+00 +1.2499e+00 +1.2496e+00
1066189 +2.336686377e-04 +2.336686377e-04 -1.335897663e+02 -1.335897663e+02 -1.2503e+00 +1.2501e+00 +1.2502e+00
1067599 +8.937808957e-06 +8.937808957e-06 -1.335899911e+02 -1.335899911e+02 -1.2500e+00 +1.2500e+00 +1.2500e+00
1072067 +4.227036555e-06 +4.227036555e-06 -1.335899958e+02 -1.335899958e+02 -1.2500e+00 +1.2500e+00 +1.2500e+00
1072237 +8.664450206e-07 +8.664450206e-07 -1.335899991e+02 -1.335899991e+02 -1.2500e+00 +1.2500e+00 +1.2500e+00
1075526 +3.512764977e-07 +3.512764977e-07 -1.335899996e+02 -1.335899996e+02 -1.2500e+00 +1.2500e+00 +1.2500e+00
1076486 +4.953182042e-08 +4.953182042e-08 -1.335900000e+02 -1.335900000e+02 -1.2500e+00 +1.2500e+00 +1.2500e+00
1078765 +3.871377885e-08 +3.871377885e-08 -1.335900000e+02 -1.335900000e+02 -1.2500e+00 +1.2500e+00 +1.2500e+00
1079951 +1.590038323e-08 +1.590038323e-08 -1.335900000e+02 -1.335900000e+02 -1.2500e+00 +1.2500e+00 +1.2500e+00
1080085 +8.256364481e-09 +8.256364481e-09 -1.335900000e+02 -1.335900000e+02 -1.2500e+00 +1.2500e+00 +1.2500e+00
1081606 +5.354365840e-10 +5.354365840e-10 -1.335900000e+02 -1.335900000e+02 -1.2500e+00 +1.2500e+00 +1.2500e+00
