% function evaluation | noise-free fitness - Fopt (1.026100000000e+02) | best noise-free fitness - Fopt | measured fitness | best measured fitness | x1 | x2...
1 +3.333832258e+02 +3.333832258e+02 +4.359932258e+02 +4.359932258e+02 +2.7421e+00 +1.4718e-01 -2.7150e+00 +2.9184e+00 +3.7555e+00 +3.5817e+00 +3.1711e+00 +1.1847e+00 -2.4924e+00 -6.1410e-01
26 +2.212777087e+02 +2.212777087e+02 +3.238877087e+02 +3.238877087e+02 +2.1735e+00 -2.3928e+00 -2.5226e+00 +2.4223e+00 +9.1750e-01 +1.8263e+00 -9.4004e-01 -1.7243e+00 -8.7253e-01 -4.9442e-02
82 +1.500114736e+02 +1.500114736e+02 +2.526214736e+02 +2.526214736e+02 +1.4454e+00 -1.2560e+00 -3.2336e+00 +1.8923e+00 +4.9067e-02 +2.4864e+00 +1.5252e+00 -1.1953e+00 +9.7633e-01 +4.6828e-01
200 +8.463235387e+01 +8.463235387e+01 +1.872423539e+02 +1.872423539e+02 -1.8874e+00 -1.0251e+00 -9.1140e-01 +1.9189e-01 -6.6513e-01 +1.0439e+00 +4.6577e-01 -3.4302e-01 +5.2290e-01 +8.1332e-01
350 +5.647942945e+01 +5.647942945e+01 +1.590894294e+02 +1.590894294e+02 -8.3476e-01 -1.9320e+00 -1.1145e+00 +1.5478e+00 -1.2236e+00 +1.4476e+00 +6.2052e-01 -1.3016e+00 +8.3156e-02 +1.0017e+00
1393 +3.743569266e+01 +3.743569266e+01 +1.400456927e+02 +1.400456927e+02 -4.6036e-01 -2.9001e+00 -1.2381e+00 +1.5110e+00 -1.9878e+00 +5.5747e-01 +1.1530e+00 -9.3517e-01 +3.8525e-01 +1.1311e+00
2003 +2.505113778e+01 +2.505113778e+01 +1.276611378e+02 +1.276611378e+02 -4.7912e-01 -2.9231e+00 -1.2682e+00 +1.5014e+00 -1.9679e+00 +5.3282e-01 +1.1524e+00 -9.3951e-01 +4.2874e-01 +1.1183e+00
59521 +1.396277225e+01 +1.396277225e+01 +1.165727723e+02 +1.165727723e+02 -1.5184e+00 -1.7071e+00 -1.3452e+00 +1.1923e+00 -1.2784e+00 +9.1669e-01 +1.3924e+00 -1.5370e+00 +9.9354e-01 +1.8361e+00
151389 +9.800804750e+00 +9.800804750e+00 +1.124108048e+02 +1.124108048e+02 +1.0849e+00 +1.2473e+00 +8.4422e-01 -1.3099e+00 +1.0558e+00 -1.2224e+00 -1.7162e+00 +1.0907e+00 -1.3840e+00 -8.0554e-01
151954 +6.056977680e+00 +6.056977680e+00 +1.086669777e+02 +1.086669777e+02 +1.0869e+00 +1.2518e+00 +8.4189e-01 -1.3224e+00 +1.0521e+00 -1.2118e+00 -1.7142e+00 +1.0825e+00 -1.3958e+00 -8.1446e-01
152387 +3.956639301e+00 +3.956639301e+00 +1.065666393e+02 +1.065666393e+02 +1.0850e+00 +1.2534e+00 +8.4193e-01 -1.3199e+00 +1.0547e+00 -1.2172e+00 -1.7086e+00 +1.0974e+00 -1.3925e+00 -8.1107e-01
181002 +2.292576206e+00 +2.292576206e+00 +1.049025762e+02 +1.049025762e+02 +1.2062e+00 +1.3596e+00 +1.1153e+00 -1.3484e+00 +1.1698e+00 -1.5429e+00 -1.4582e+00 +1.1172e+00 -1.2859e+00 -1.2441e+00
181586 +1.056917603e+00 +1.056917603e+00 +1.036669176e+02 +1.036669176e+02 +1.1997e+00 +1.3629e+00 +1.1106e+00 -1.3597e+00 +1.1786e+00 -1.5529e+00 -1.4615e+00 +1.1165e+00 -1.2679e+00 -1.2508e+00
182006 +9.571600957e-01 +9.571600957e-01 +1.035671601e+02 +1.035671601e+02 +1.1972e+00 +1.3649e+00 +1.1099e+00 -1.3580e+00 +1.1804e+00 -1.5525e+00 -1.4606e+00 +1.1228e+00 -1.2663e+00 -1.2531e+00
% function evaluation | noise-free fitness - Fopt (1.026100000000e+02) | best noise-free fitness - Fopt | measured fitness | best measured fitness | x1 | x2...
1 +3.670658698e+02 +3.670658698e+02 +4.696758698e+02 +4.696758698e+02 +2.1741e+00 -2.9406e+00 +3.7046e+00 -1.1704e+00 +3.9603e+00 -8.7492e-01 +2.6976e+00 +2.2545e+00 +1.7786e+00 +1.0827e+00
8 +2.489395093e+02 +2.489395093e+02 +3.515495093e+02 +3.515495093e+02 +2.3382e+00 -1.3670e-01 +4.1908e+00 +1.0279e-01 +1.8343e+00 -1.1318e-01 -2.7969e-01 +3.9888e+00 +3.9514e-01 +6.0369e-01
66 +1.466019048e+02 +1.466019048e+02 +2.492119048e+02 +2.492119048e+02 +1.7709e+00 -1.1985e+00 +2.2765e+00 -1.6615e+00 -1.9570e-01 -9.1664e-01 -1.4732e+00 +2.6855e+00 -2.6233e-02 -1.2751e+00
164 +9.423426902e+01 +9.423426902e+01 +1.968442690e+02 +1.968442690e+02 -8.3263e-01 -1.2438e+00 -6.4290e-01 +1.1934e+00 +4.7760e-02 +1.3952e-01 +1.5627e+00 -2.0893e+00 +1.8270e+00 +6.2061e-01
532 +5.909722443e+01 +5.909722443e+01 +1.617072244e+02 +1.617072244e+02 -1.9670e+00 -1.5422e+00 -1.6314e+00 +3.8242e-01 -2.2788e+00 +8.2776e-01 +3.5723e-01 -1.4622e+00 +5.8585e-01 +1.5304e+00
2345 +3.608908295e+01 +3.608908295e+01 +1.386990829e+02 +1.386990829e+02 -1.5301e+00 -1.0223e+00 -2.6793e+00 +2.1004e-02 -1.7052e+00 +8.2801e-01 +1.8780e+00 -2.4277e+00 +1.9667e+00 +1.6387e+00
3385 +2.511180805e+01 +2.511180805e+01 +1.277218081e+02 +1.277218081e+02 -1.5466e+00 -1.0435e+00 -2.6925e+00 -8.2735e-03 -1.6976e+00 +7.9829e-01 +1.8835e+00 -2.4335e+00 +2.0085e+00 +1.6384e+00
24858 +1.471636496e+01 +1.471636496e+01 +1.173263650e+02 +1.173263650e+02 -1.4621e+00 -1.4779e+00 -1.0147e+00 +1.2020e+00 -1.8254e+00 +2.0343e+00 +1.3656e+00 -1.4107e+00 +1.1225e+00 +1.1392e+00
59977 +9.056376348e+00 +9.056376348e+00 +1.116663763e+02 +1.116663763e+02 +1.3239e+00 +1.3976e+00 +1.3848e+00 -1.2675e+00 +1.3834e+00 -8.5156e-01 -1.2740e+00 +1.3314e+00 -1.0284e+00 -1.3664e+00
60404 +4.737673848e+00 +4.737673848e+00 +1.073476738e+02 +1.073476738e+02 +1.3366e+00 +1.3863e+00 +1.3775e+00 -1.2633e+00 +1.3805e+00 -8.3725e-01 -1.2800e+00 +1.3301e+00 -1.0417e+00 -1.3701e+00
60637 +3.856090002e+00 +3.856090002e+00 +1.064660900e+02 +1.064660900e+02 +1.3483e+00 +1.3827e+00 +1.3885e+00 -1.2570e+00 +1.3726e+00 -8.3934e-01 -1.2709e+00 +1.3189e+00 -1.0323e+00 -1.3638e+00
61273 +2.244143369e+00 +2.244143369e+00 +1.048541434e+02 +1.048541434e+02 +1.3566e+00 +1.3857e+00 +1.3893e+00 -1.2687e+00 +1.3704e+00 -8.2678e-01 -1.2855e+00 +1.3135e+00 -1.0379e+00 -1.3723e+00
61805 +1.399012960e+00 +1.399012960e+00 +1.040090130e+02 +1.040090130e+02 +1.3577e+00 +1.3825e+00 +1.3974e+00 -1.2544e+00 +1.3608e+00 -8.2440e-01 -1.2803e+00 +1.3083e+00 -1.0568e+00 -1.3675e+00
355577 +9.504656171e-01 +9.504656171e-01 +1.035604656e+02 +1.035604656e+02 +1.4506e+00 +9.9024e-01 +1.3755e+00 -1.3019e+00 +1.4188e+00 -1.2958e+00 -1.1733e+00 +1.2217e+00 -1.2472e+00 -1.1123e+00
% function evaluation | noise-free fitness - Fopt (1.026100000000e+02) | best noise-free fitness - Fopt | measured fitness | best measured fitness | x1 | x2...
1 +3.306147338e+02 +3.306147338e+02 +4.332247338e+02 +4.332247338e+02 +6.2107e-02 +2.7991e+00 -3.9673e+00 -1.6288e+00 -7.6262e-01 +1.6575e+00 -8.8407e-02 +3.0732e+00 +2.5330e+00 -3.1704e+00
18 +2.060672239e+02 +2.060672239e+02 +3.086772239e+02 +3.086772239e+02 -2.8102e+00 -1.6454e+00 -2.6422e+00 +1.2025e+00 +3.0772e-01 +3.2576e+00 -3.1449e+00 +2.4873e+00 +2.8714e+00 +6.5516e-01
43 +1.433238065e+02 +1.433238065e+02 +2.459338065e+02 +2.459338065e+02 -1.9982e+00 +3.4528e-01 -4.0635e-01 +1.3857e-01 -1.7852e+00 +2.7580e+00 -1.5663e-01 -1.0490e+00 +3.1876e+00 +1.6955e+00
117 +8.776820027e+01 +8.776820027e+01 +1.903782003e+02 +1.903782003e+02 -1.3358e+00 -2.0893e+00 -1.9799e+00 +3.9949e-01 -2.8660e+00 +1.3582e+00 +9.7731e-01 -1.7230e+00 +2.7772e+00 +3.1801e+00
781 +5.402725979e+01 +5.402725979e+01 +1.566372598e+02 +1.566372598e+02 -1.1457e+00 -2.1841e+00 -1.6023e+00 +1.2796e+00 -1.8051e+00 +1.2351e+00 +1.3292e+00 -1.7926e+00 +1.4663e+00 +1.0917e+00
2525 +3.637869191e+01 +3.637869191e+01 +1.389886919e+02 +1.389886919e+02 -1.2014e+00 -1.8723e+00 -1.7361e+00 +1.4282e+00 -1.8912e+00 +7.8481e-01 +1.8946e+00 -2.2448e+00 +1.0812e+00 +9.3100e-01
2789 +2.324317422e+01 +2.324317422e+01 +1.258531742e+02 +1.258531742e+02 -1.1759e+00 -1.8539e+00 -1.7075e+00 +1.4273e+00 -1.9046e+00 +8.0155e-01 +1.9068e+00 -2.2947e+00 +1.0729e+00 +9.5278e-01
11952 +1.496911703e+01 +1.496911703e+01 +1.175791170e+02 +1.175791170e+02 +9.8094e-01 +7.9905e-01 +1.4530e+00 -1.9362e+00 +6.3458e-01 -1.5331e+00 -1.3537e+00 +1.2810e+00 -7.7555e-01 -8.4365e-01
12178 +9.589261720e+00 +9.589261720e+00 +1.121992617e+02 +1.121992617e+02 +9.7347e-01 +7.8293e-01 +1.4494e+00 -1.9301e+00 +6.3054e-01 -1.5437e+00 -1.3459e+00 +1.2832e+00 -7.7216e-01 -8.3227e-01
80784 +6.239559007e+00 +6.239559007e+00 +1.088495590e+02 +1.088495590e+02 +1.8414e+00 +1.3159e+00 +1.1714e+00 -1.4027e+00 +9.5245e-01 -1.3088e+00 -1.2817e+00 +1.8967e+00 -1.0694e+00 -9.9960e-01
81933 +3.980981895e+00 +3.980981895e+00 +1.065909819e+02 +1.065909819e+02 +1.8303e+00 +1.3217e+00 +1.1675e+00 -1.4148e+00 +9.5524e-01 -1.3085e+00 -1.2841e+00 +1.9133e+00 -1.0739e+00 -1.0141e+00
278910 +2.420915769e+00 +2.420915769e+00 +1.050309158e+02 +1.050309158e+02 +1.0187e+00 +1.2947e+00 +8.8062e-01 -1.1738e+00 +1.4396e+00 -1.0241e+00 -1.2524e+00 +1.4445e+00 -1.2676e+00 -1.2068e+00
280510 +1.573143903e+00 +1.573143903e+00 +1.041831439e+02 +1.041831439e+02 +1.0204e+00 +1.3033e+00 +8.7801e-01 -1.1851e+00 +1.4403e+00 -1.0183e+00 -1.2596e+00 +1.4522e+00 -1.2769e+00 -1.2162e+00
2067078 +9.857501137e-01 +9.857501137e-01 +1.035957501e+02 +1.035957501e+02 +1.3778e+00 +1.1243e+00 +1.3271e+00 -1.2048e+00 +1.0450e+00 -1.1244e+00 -1.3908e+00 +1.1976e+00 -1.1869e+00 -1.1372e+00
2068175 +6.112839330e-01 +6.112839330e-01 +1.032212839e+02 +1.032212839e+02 +1.3716e+00 +1.1189e+00 +1.3260e+00 -1.2001e+00 +1.0445e+00 -1.1315e+00 -1.3859e+00 +1.1967e+00 -1.1865e+00 -1.1353e+00
% function evaluation | noise-free fitness - Fopt (9.330000000000e+01) | best noise-free fitness - Fopt | measured fitness | best measured fitness | x1 | x2...
1 +2.938016801e+02 +2.938016801e+02 +3.871016801e+02 +3.871016801e+02 +1.6533e+00 +4.3741e-02 -3.7747e+00 +1.2191e+00 +3.1105e+00 -3.4655e+00 +2.2083e+00 -3.6621e+00 +2.3391e+00 -2.4385e+00
7 +1.902458784e+02 +1.902458784e+02 +2.835458784e+02 +2.835458784e+02 +9.0348e-01 -1.3044e+00 -3.1122e+00 -6.3057e-01 +2.4674e+00 -4.1575e+00 +4.4157e+00 +8.8602e-01 +1.4583e+00 -2.7241e+00
85 +1.546333685e+02 +1.546333685e+02 +2.479333685e+02 +2.479333685e+02 -1.7431e+00 -2.0272e+00 -2.1153e+00 -1.8272e+00 +1.6843e+00 -2.7854e-01 +2.1113e+00 +3.6385e+00 +4.6376e-01 -1.3119e+00
153 +9.062167545e+01 +9.062167545e+01 +1.839216755e+02 +1.839216755e+02 -4.4151e-01 +2.9765e+00 -1.3885e-01 -1.9272e+00 +9.0910e-01 -9.3084e-02 +1.1928e+00 +1.4850e+00 +1.8359e+00 +1.7608e+00
2568 +5.866236951e+01 +5.866236951e+01 +1.519623695e+02 +1.519623695e+02 -1.4418e+00 +1.7810e+00 -2.0561e+00 -3.0347e+00 +5.7774e-01 -1.4814e+00 +7.0390e-01 +1.9962e+00 -1.1155e-02 +2.4938e+00
8007 +3.972086330e+01 +3.972086330e+01 +1.330208633e+02 +1.330208633e+02 -1.4670e+00 +1.3963e+00 -1.2341e+00 -1.7429e+00 +1.4595e+00 -1.8723e+00 +1.6831e+00 +1.5463e+00 +2.0964e+00 +1.3849e+00
14032 +2.472891952e+01 +2.472891952e+01 +1.180289195e+02 +1.180289195e+02 -1.4534e+00 +6.7551e-01 -1.5323e+00 -1.7051e+00 +6.1369e-01 -1.5577e+00 +1.8476e+00 +1.2380e+00 +1.4911e+00 +1.3997e+00
14840 +1.582951938e+01 +1.582951938e+01 +1.091295194e+02 +1.091295194e+02 -1.4697e+00 +6.5349e-01 -1.5010e+00 -1.7093e+00 +6.1795e-01 -1.5152e+00 +1.8549e+00 +1.2330e+00 +1.4943e+00 +1.4108e+00
69723 +9.866504310e+00 +9.866504310e+00 +1.031665043e+02 +1.031665043e+02 +8.3677e-01 -1.0600e+00 +1.1090e+00 +1.3583e+00 -1.6832e+00 +1.2393e+00 -1.6187e+00 -1.1704e+00 -1.0828e+00 +3.6721e-02
420628 +5.239194173e+00 +5.239194173e+00 +9.853919417e+01 +9.853919417e+01 +1.0511e+00 -1.3799e+00 +1.4425e+00 +1.1015e+00 -1.0627e+00 +1.3001e+00 -1.0204e+00 -1.3173e+00 -1.1028e+00 -1.1951e+00
421252 +3.768526665e+00 +3.768526665e+00 +9.706852667e+01 +9.706852667e+01 +1.0474e+00 -1.3934e+00 +1.4253e+00 +1.0959e+00 -1.0630e+00 +1.2966e+00 -1.0529e+00 -1.3432e+00 -1.1211e+00 -1.1830e+00
421813 +1.779393939e+00 +1.779393939e+00 +9.507939394e+01 +9.507939394e+01 +1.0444e+00 -1.3839e+00 +1.4221e+00 +1.1043e+00 -1.0591e+00 +1.3028e+00 -1.0521e+00 -1.3328e+00 -1.1188e+00 -1.1814e+00
422591 +1.181716967e+00 +1.181716967e+00 +9.448171697e+01 +9.448171697e+01 +1.0458e+00 -1.3805e+00 +1.4322e+00 +1.1109e+00 -1.0564e+00 +1.2999e+00 -1.0499e+00 -1.3268e+00 -1.1188e+00 -1.1868e+00
423107 +9.665391996e-01 +9.665391996e-01 +9.426653920e+01 +9.426653920e+01 +1.0446e+00 -1.3843e+00 +1.4343e+00 +1.1119e+00 -1.0550e+00 +1.3057e+00 -1.0495e+00 -1.3314e+00 -1.1189e+00 -1.1815e+00
2155116 +6.272266433e-01 +6.272266433e-01 +9.392722664e+01 +9.392722664e+01 +9.2375e-01 -1.2457e+00 +1.2407e+00 +1.2569e+00 -1.2473e+00 +1.1623e+00 -1.1375e+00 -1.2603e+00 -1.3558e+00 -1.1962e+00
4459019 +3.962888216e-01 +3.962888216e-01 +9.369628882e+01 +9.369628882e+01 +1.3415e+00 -1.3958e+00 +1.3173e+00 +1.2279e+00 -1.2320e+00 +1.3829e+00 -1.1939e+00 -1.1551e+00 -1.0848e+00 -1.1757e+00
% function evaluation | noise-free fitness - Fopt (9.330000000000e+01) | best noise-free fitness - Fopt | measured fitness | best measured fitness | x1 | x2...
1 +2.195546045e+02 +2.195546045e+02 +3.128546045e+02 +3.128546045e+02 +3.4848e+00 -3.8438e+00 +3.5368e+00 +4.4335e-01 -1.9454e+00 +9.7927e-02 -3.1389e+00 -3.0349e+00 -7.7968e-01 -1.2008e+00
43 +1.503876078e+02 +1.503876078e+02 +2.436876078e+02 +2.436876078e+02 +2.5671e+00 -2.4467e+00 +1.4847e+00 +1.6116e+00 +1.0102e+00 +2.4982e+00 +7.8477e-01 -2.4260e+00 -2.8074e+00 -7.7724e-01
196 +9.026767840e+01 +9.026767840e+01 +1.835676784e+02 +1.835676784e+02 -7.1804e-02 -1.0737e+00 +3.5581e+00 +1.3014e+00 -1.7836e+00 +3.2869e-01 -1.8968e+00 -2.8888e+00 -1.2710e+00 -1.6528e+00
951 +6.272818691e+01 +6.272818691e+01 +1.560281869e+02 +1.560281869e+02 +4.7356e-01 -7.0884e-01 +2.0703e+00 +2.4615e+00 -1.1547e+00 +1.0606e+00 +1.3735e-01 -1.6988e+00 -4.6020e-01 -1.5050e+00
1095 +3.629947738e+01 +3.629947738e+01 +1.295994774e+02 +1.295994774e+02 +5.0586e-01 -6.7907e-01 +2.0953e+00 +2.4926e+00 -1.1402e+00 +1.0200e+00 +1.7106e-01 -1.6636e+00 -4.5569e-01 -1.4629e+00
1504 +2.499066617e+01 +2.499066617e+01 +1.182906662e+02 +1.182906662e+02 +4.9078e-01 -6.9456e-01 +2.1045e+00 +2.5056e+00 -1.1359e+00 +1.0410e+00 +1.5488e-01 -1.6950e+00 -4.5229e-01 -1.4334e+00
13590 +1.510951891e+01 +1.510951891e+01 +1.084095189e+02 +1.084095189e+02 -1.6969e+00 +1.2101e+00 -1.5817e+00 -1.3734e+00 +1.6137e+00 -1.4674e+00 +1.3229e+00 +1.6820e+00 +1.4651e+00 +1.5237e+00
267883 +9.277300115e+00 +9.277300115e+00 +1.025773001e+02 +1.025773001e+02 +1.3020e+00 -1.4768e+00 +9.8169e-01 +1.3592e+00 -7.8890e-01 +1.3837e+00 -1.2255e+00 -1.1516e+00 -1.4183e+00 -1.0155e+00
268686 +6.290528365e+00 +6.290528365e+00 +9.959052837e+01 +9.959052837e+01 +1.2961e+00 -1.4843e+00 +9.8481e-01 +1.3596e+00 -7.9137e-01 +1.3856e+00 -1.2160e+00 -1.1471e+00 -1.4152e+00 -1.0113e+00
269175 +3.487531041e+00 +3.487531041e+00 +9.678753104e+01 +9.678753104e+01 +1.2819e+00 -1.4976e+00 +9.9673e-01 +1.3546e+00 -7.9299e-01 +1.4040e+00 -1.2093e+00 -1.1473e+00 -1.4025e+00 -1.0168e+00
269869 +2.214552841e+00 +2.214552841e+00 +9.551455284e+01 +9.551455284e+01 +1.2812e+00 -1.4909e+00 +1.0058e+00 +1.3577e+00 -7.9277e-01 +1.4037e+00 -1.1905e+00 -1.1399e+00 -1.3996e+00 -1.0243e+00
495801 +1.416218968e+00 +1.416218968e+00 +9.471621897e+01 +9.471621897e+01 +1.2654e+00 -1.1212e+00 +1.1154e+00 +1.2507e+00 -1.2612e+00 +1.1882e+00 -1.1592e+00 -1.2891e+00 -1.0995e+00 -1.2440e+00
496365 +8.360147567e-01 +8.360147567e-01 +9.413601476e+01 +9.413601476e+01 +1.2643e+00 -1.1217e+00 +1.1096e+00 +1.2527e+00 -1.2601e+00 +1.1855e+00 -1.1646e+00 -1.2929e+00 -1.1046e+00 -1.2420e+00
497307 +6.139567613e-01 +6.139567613e-01 +9.391395676e+01 +9.391395676e+01 +1.2665e+00 -1.1188e+00 +1.0993e+00 +1.2544e+00 -1.2591e+00 +1.1852e+00 -1.1689e+00 -1.2912e+00 -1.1024e+00 -1.2378e+00
498591 +3.962566708e-01 +3.962566708e-01 +9.369625667e+01 +9.369625667e+01 +1.2628e+00 -1.1173e+00 +1.0997e+00 +1.2563e+00 -1.2591e+00 +1.1873e+00 -1.1658e+00 -1.2892e+00 -1.0992e+00 -1.2332e+00
% function evaluation | noise-free fitness - Fopt (9.330000000000e+01) | best noise-free fitness - Fopt | measured fitness | best measured fitness | x1 | x2...
1 +3.547275398e+02 +3.547275398e+02 +4.480275398e+02 +4.480275398e+02 +1.5382e+00 -3.0599e+00 -2.5872e+00 +2.9570e+00 +3.4997e+00 +1.5178e-01 +1.8120e-01 -3.9708e+00 -2.9913e+00 -2.7261e+00
33 +1.765460031e+02 +1.765460031e+02 +2.698460031e+02 +2.698460031e+02 +3.4336e+00 -1.3548e+00 +5.5484e-01 +3.5002e+00 +2.4493e+00 +2.4657e+00 -1.1656e+00 -6.9713e-01 -4.8389e-01 -8.1871e-01
45 +1.504343818e+02 +1.504343818e+02 +2.437343818e+02 +2.437343818e+02 +1.6393e+00 -2.0933e+00 -3.8849e-01 +6.3170e-02 +1.3035e+00 +2.1609e+00 -1.8438e+00 -3.5911e-01 -1.8243e+00 -7.4708e-01
172 +8.947218790e+01 +8.947218790e+01 +1.827721879e+02 +1.827721879e+02 +1.1906e+00 -2.2150e+00 -1.7574e-01 +1.5474e+00 -4.5468e-01 +1.8773e+00 -1.7013e+00 -1.4140e+00 -2.6523e-02 -6.7466e-01
618 +5.659546079e+01 +5.659546079e+01 +1.498954608e+02 +1.498954608e+02 +7.6303e-01 -5.3189e-01 +1.6564e+00 +2.5357e+00 -6.3894e-01 +2.2108e+00 -1.8970e+00 -8.9107e-01 -1.9745e+00 -1.6560e+00
1666 +3.729055985e+01 +3.729055985e+01 +1.305905599e+02 +1.305905599e+02 +1.9184e+00 -2.1556e-01 +1.3630e+00 +1.8238e+00 -1.1277e+00 +1.2862e+00 -1.2980e+00 -1.1469e+00 -1.6381e+00 -1.0746e+00
12417 +2.370239886e+01 +2.370239886e+01 +1.170023989e+02 +1.170023989e+02 -1.0470e+00 +8.4554e-01 -1.1563e+00 -1.4366e+00 +1.7019e+00 -1.7580e+00 +1.5450e+00 +1.7924e+00 +1.7906e+00 +1.6116e+00
12934 +1.460125370e+01 +1.460125370e+01 +1.079012537e+02 +1.079012537e+02 -1.0354e+00 +8.4673e-01 -1.1596e+00 -1.4549e+00 +1.7016e+00 -1.7542e+00 +1.5684e+00 +1.7986e+00 +1.8061e+00 +1.6051e+00
65450 +9.795716825e+00 +9.795716825e+00 +1.030957168e+02 +1.030957168e+02 +1.3653e+00 -5.3908e-01 +6.7713e-01 +9.1803e-01 -5.2386e-01 +1.2633e+00 -1.7664e+00 -1.6309e+00 -1.1887e+00 -7.0397e-01
267871 +6.161749099e+00 +6.161749099e+00 +9.946174910e+01 +9.946174910e+01 +8.4951e-01 -1.2655e+00 +8.5439e-01 +1.4176e+00 -1.1572e+00 +1.2041e+00 -1.7702e+00 -1.2376e+00 -1.0028e+00 -7.9282e-01
268356 +3.964396590e+00 +3.964396590e+00 +9.726439659e+01 +9.726439659e+01 +8.5483e-01 -1.2530e+00 +8.4887e-01 +1.4264e+00 -1.1573e+00 +1.1894e+00 -1.7520e+00 -1.2250e+00 -9.9492e-01 -7.9207e-01
318211 +2.325978617e+00 +2.325978617e+00 +9.562597862e+01 +9.562597862e+01 +1.2870e+00 -1.3979e+00 +1.0161e+00 +1.1429e+00 -1.1967e+00 +1.2804e+00 -1.3747e+00 -1.4127e+00 -1.3602e+00 -7.4209e-01
2751140 +1.434433885e+00 +1.434433885e+00 +9.473443388e+01 +9.473443388e+01 +1.1841e+00 -1.2143e+00 +1.2419e+00 +1.3504e+00 -1.2093e+00 +1.0204e+00 -1.2219e+00 -1.2774e+00 -1.1686e+00 -1.2924e+00
2751878 +8.969585517e-01 +8.969585517e-01 +9.419695855e+01 +9.419695855e+01 +1.1837e+00 -1.2115e+00 +1.2404e+00 +1.3474e+00 -1.2073e+00 +1.0149e+00 -1.2251e+00 -1.2753e+00 -1.1647e+00 -1.3062e+00
2752749 +5.760955184e-01 +5.760955184e-01 +9.387609552e+01 +9.387609552e+01 +1.1811e+00 -1.2100e+00 +1.2376e+00 +1.3535e+00 -1.2085e+00 +1.0165e+00 -1.2213e+00 -1.2777e+00 -1.1641e+00 -1.2977e+00
2754865 +3.886375487e-01 +3.886375487e-01 +9.368863755e+01 +9.368863755e+01 +1.1820e+00 -1.2117e+00 +1.2417e+00 +1.3490e+00 -1.2082e+00 +1.0178e+00 -1.2232e+00 -1.2777e+00 -1.1659e+00 -1.3020e+00
% function evaluation | noise-free fitness - Fopt (1.364000000000e+01) | best noise-free fitness - Fopt | measured fitness | best measured fitness | x1 | x2...
1 +1.932900465e+02 +1.932900465e+02 +2.069300465e+02 +2.069300465e+02 +1.0379e+00 -3.6082e+00 -9.2105e-01 +2.1270e+00 +2.3085e+00 +7.9661e-01 -1.4957e+00 +2.5246e+00 -2.8144e-01 +3.4186e+00
31 +1.556918665e+02 +1.556918665e+02 +1.693318665e+02 +1.693318665e+02 -3.3847e+00 -1.9833e+00 +4.1459e-01 +2.9621e+00 +2.6865e+00 +6.5441e-01 -2.6128e+00 +1.3638e+00 +2.4642e-01 +3.7481e+00
124 +9.393349138e+01 +9.393349138e+01 +1.075734914e+02 +1.075734914e+02 -2.3183e+00 -9.4138e-01 +8.6817e-01 +1.5028e+00 +9.9096e-01 -1.0506e+00 -1.8928e-01 +1.1564e+00 +1.4652e+00 +2.2667e+00
337 +6.125314389e+01 +6.125314389e+01 +7.489314389e+01 +7.489314389e+01 -1.0709e+00 -1.5561e+00 +1.3798e+00 +1.5150e+00 +1.2387e+00 -1.4931e+00 -2.7424e-01 +4.9991e-01 +2.9972e+00 +2.6442e+00
2797 +3.860565978e+01 +3.860565978e+01 +5.224565978e+01 +5.224565978e+01 -7.2875e-01 -9.3969e-01 +1.4546e+00 +2.1639e+00 +1.4799e+00 -2.0145e+00 -1.5136e+00 +6.3456e-02 +2.0740e-01 +8.7306e-01
3245 +2.475747152e+01 +2.475747152e+01 +3.839747152e+01 +3.839747152e+01 -7.4543e-01 -9.3738e-01 +1.4319e+00 +2.1723e+00 +1.4865e+00 -2.0134e+00 -1.5187e+00 +7.3434e-02 +1.8044e-01 +8.4220e-01
59707 +1.498114669e+01 +1.498114669e+01 +2.862114669e+01 +2.862114669e+01 +1.1020e+00 +1.6174e+00 -1.2536e+00 -1.0337e+00 -1.3974e+00 +1.3629e+00 +6.1643e-01 -7.5849e-01 -1.5776e+00 -9.3190e-01
60064 +9.913589981e+00 +9.913589981e+00 +2.355358998e+01 +2.355358998e+01 +1.1202e+00 +1.6018e+00 -1.2508e+00 -1.0376e+00 -1.4013e+00 +1.3525e+00 +6.1272e-01 -7.4181e-01 -1.5767e+00 -9.2348e-01
60371 +5.449357243e+00 +5.449357243e+00 +1.908935724e+01 +1.908935724e+01 +1.1019e+00 +1.5837e+00 -1.2526e+00 -1.0421e+00 -1.4095e+00 +1.3529e+00 +6.2698e-01 -7.1902e-01 -1.5828e+00 -9.1229e-01
143249 +3.653430703e+00 +3.653430703e+00 +1.729343070e+01 +1.729343070e+01 +1.5975e+00 +1.2982e+00 -1.0974e+00 -1.4019e+00 -1.4988e+00 +9.0938e-01 +9.5917e-01 -1.3363e+00 -1.3639e+00 -1.1595e+00
143377 +2.322285743e+00 +2.322285743e+00 +1.596228574e+01 +1.596228574e+01 +1.6071e+00 +1.3009e+00 -1.0918e+00 -1.3975e+00 -1.4956e+00 +9.1286e-01 +9.6096e-01 -1.3504e+00 -1.3619e+00 -1.1550e+00
1472391 +1.540172701e+00 +1.540172701e+00 +1.518017270e+01 +1.518017270e+01 +1.4906e+00 +1.2552e+00 -1.2834e+00 -1.3440e+00 -1.1600e+00 +1.4122e+00 +1.3673e+00 -1.4160e+00 -1.4142e+00 -1.1043e+00
1478866 +9.176356914e-01 +9.176356914e-01 +1.455763569e+01 +1.455763569e+01 +1.4892e+00 +1.2568e+00 -1.2857e+00 -1.3429e+00 -1.1576e+00 +1.4119e+00 +1.3681e+00 -1.4109e+00 -1.4163e+00 -1.1120e+00
2323625 +5.870219089e-01 +5.870219089e-01 +1.422702191e+01 +1.422702191e+01 +1.3213e+00 +1.2387e+00 -1.1960e+00 -1.2543e+00 -1.2177e+00 +1.1606e+00 +1.3651e+00 -1.1669e+00 -9.8111e-01 -1.3830e+00
4001060 +3.035346745e-01 +3.035346745e-01 +1.394353467e+01 +1.394353467e+01 +1.4096e+00 +1.2337e+00 -1.2527e+00 -1.2421e+00 -1.2561e+00 +1.4001e+00 +1.2505e+00 -1.2644e+00 -1.2547e+00 -1.1932e+00
4002549 +2.359210297e-01 +2.359210297e-01 +1.387592103e+01 +1.387592103e+01 +1.4073e+00 +1.2319e+00 -1.2541e+00 -1.2430e+00 -1.2576e+00 +1.3999e+00 +1.2497e+00 -1.2663e+00 -1.2516e+00 -1.1928e+00
% function evaluation | noise-free fitness - Fopt (1.364000000000e+01) | best noise-free fitness - Fopt | measured fitness | best measured fitness | x1 | x2...
1 +2.855113157e+02 +2.855113157e+02 +2.991513157e+02 +2.991513157e+02 -1.1221e+00 +2.2538e+00 -1.1623e+00 +2.9461e+00 -2.4166e+00 -9.7806e-01 -3.9367e-01 -3.2925e+00 -2.9445e+00 +1.1791e+00
34 +1.730114532e+02 +1.730114532e+02 +1.866514532e+02 +1.866514532e+02 +2.6535e+00 +1.6525e+00 -2.9351e+00 -8.4112e-01 -3.9818e+00 +3.3975e-01 +3.1441e+00 +2.0802e-01 -3.0275e-02 +3.6604e-01
53 +1.237758120e+02 +1.237758120e+02 +1.374158120e+02 +1.374158120e+02 +1.0621e+00 +2.4437e+00 -1.2553e-01 -2.5471e+00 -5.9350e-01 +1.9534e+00 +1.2815e+00 +5.0547e-01 -2.1857e+00 +1.1463e+00
151 +9.745662678e+01 +9.745662678e+01 +1.110966268e+02 +1.110966268e+02 +9.7127e-01 +1.1520e+00 -1.4449e+00 -1.9219e+00 -3.8145e+00 +1.4787e-01 +1.5708e+00 -8.4262e-01 -4.3205e-01 -9.7615e-02
345 +6.171567068e+01 +6.171567068e+01 +7.535567068e+01 +7.535567068e+01 +1.2528e+00 +1.0943e+00 -1.6598e+00 -1.8041e+00 -1.5062e+00 +1.1252e+00 +5.5708e-01 -1.6661e+00 -1.0503e+00 -4.5175e-01
16726 +3.540146221e+01 +3.540146221e+01 +4.904146221e+01 +4.904146221e+01 -1.7167e+00 -1.0937e+00 +1.6029e+00 +2.1702e+00 +1.9896e+00 -1.1951e+00 -1.5505e+00 +2.1273e+00 +1.0017e+00 +1.1644e+00
20923 +2.397104178e+01 +2.397104178e+01 +3.761104178e+01 +3.761104178e+01 -1.6024e+00 -1.1955e+00 +1.8905e+00 +1.8153e+00 +1.4363e+00 -1.3043e+00 -1.6199e+00 +1.8216e+00 +1.1935e+00 +1.2105e+00
21472 +1.500897371e+01 +1.500897371e+01 +2.864897371e+01 +2.864897371e+01 -1.5830e+00 -1.1508e+00 +1.9096e+00 +1.7830e+00 +1.4569e+00 -1.3033e+00 -1.6325e+00 +1.7834e+00 +1.1799e+00 +1.2724e+00
99432 +9.513242302e+00 +9.513242302e+00 +2.315324230e+01 +2.315324230e+01 +9.0674e-01 +1.6308e+00 -3.5354e-01 -1.2337e+00 -1.1406e+00 +1.5148e+00 +1.1746e+00 -7.0537e-01 -1.3394e+00 -9.4775e-01
100079 +6.275648517e+00 +6.275648517e+00 +1.991564852e+01 +1.991564852e+01 +8.9045e-01 +1.6240e+00 -3.5505e-01 -1.2363e+00 -1.1515e+00 +1.5283e+00 +1.1673e+00 -7.1990e-01 -1.3190e+00 -9.5408e-01
195815 +3.775006292e+00 +3.775006292e+00 +1.741500629e+01 +1.741500629e+01 +1.3355e+00 +1.5287e+00 -1.0122e+00 -1.4623e+00 -1.0098e+00 +1.8106e+00 +1.4874e+00 -1.3076e+00 -1.1994e+00 -1.3376e+00
197503 +2.508498624e+00 +2.508498624e+00 +1.614849862e+01 +1.614849862e+01 +1.3339e+00 +1.5166e+00 -1.0051e+00 -1.4523e+00 -1.0147e+00 +1.8180e+00 +1.4869e+00 -1.3081e+00 -1.2010e+00 -1.3224e+00
315433 +1.574734279e+00 +1.574734279e+00 +1.521473428e+01 +1.521473428e+01 +1.0836e+00 +1.2623e+00 -1.1341e+00 -1.1190e+00 -1.4324e+00 +1.5308e+00 +1.3200e+00 -1.2828e+00 -1.2102e+00 -1.3677e+00
316272 +8.853499302e-01 +8.853499302e-01 +1.452534993e+01 +1.452534993e+01 +1.0761e+00 +1.2656e+00 -1.1352e+00 -1.1256e+00 -1.4345e+00 +1.5245e+00 +1.3245e+00 -1.2736e+00 -1.2060e+00 -1.3693e+00
4347871 +5.929960427e-01 +5.929960427e-01 +1.423299604e+01 +1.423299604e+01 +1.1537e+00 +1.2646e+00 -1.2169e+00 -1.1364e+00 -1.3696e+00 +1.1917e+00 +1.2373e+00 -1.1688e+00 -1.2618e+00 -1.1696e+00
4349025 +3.180086588e-01 +3.180086588e-01 +1.395800866e+01 +1.395800866e+01 +1.1615e+00 +1.2627e+00 -1.2153e+00 -1.1315e+00 -1.3661e+00 +1.1980e+00 +1.2354e+00 -1.1755e+00 -1.2647e+00 -1.1693e+00
4351365 +2.445852079e-01 +2.445852079e-01 +1.388458521e+01 +1.388458521e+01 +1.1581e+00 +1.2611e+00 -1.2162e+00 -1.1358e+00 -1.3672e+00 +1.1941e+00 +1.2377e+00 -1.1696e+00 -1.2636e+00 -1.1688e+00
% function evaluation | noise-free fitness - Fopt (1.364000000000e+01) | best noise-free fitness - Fopt | measured fitness | best measured fitness | x1 | x2...
1 +3.582199715e+02 +3.582199715e+02 +3.718599715e+02 +3.718599715e+02 -8.5356e-02 +3.4000e+00 +2.9909e+00 +2.1272e+00 -3.1938e+00 -1.2101e+00 +1.0605e+00 -2.8293e+00 +4.7981e-01 +2.8920e+00
6 +2.246866732e+02 +2.246866732e+02 +2.383266732e+02 +2.383266732e+02 +1.9437e+00 +1.1430e+00 +2.2468e+00 +2.3944e-01 -1.7923e+00 -3.4739e+00 -5.9048e-01 -1.8828e+00 +1.6281e+00 +1.8198e+00
23 +1.536920263e+02 +1.536920263e+02 +1.673320263e+02 +1.673320263e+02 -2.5581e+00 +1.9102e-03 +1.1828e+00 +2.8122e+00 -1.1790e+00 +2.2081e-01 +3.9744e-01 +6.0214e-02 +1.1852e+00 -1.7693e+00
150 +9.313379098e+01 +9.313379098e+01 +1.067737910e+02 +1.067737910e+02 +2.5902e-01 -5.9552e-01 +2.0123e+00 -1.5713e-01 +1.0608e+00 -1.4443e+00 -1.9232e-01 +2.9313e+00 +1.9552e+00 +1.1098e+00
392 +5.030422023e+01 +5.030422023e+01 +6.394422023e+01 +6.394422023e+01 -9.1262e-01 -7.2888e-01 +1.0730e+00 +1.0759e+00 +2.4384e+00 -7.5485e-01 -8.2406e-01 +2.8778e+00 +1.6147e+00 +1.8252e+00
7055 +3.761196632e+01 +3.761196632e+01 +5.125196632e+01 +5.125196632e+01 -6.4245e-01 -1.5931e+00 +2.3463e+00 +1.6023e+00 +2.0951e+00 -2.1071e+00 -1.8940e+00 +1.8725e+00 +9.1811e-01 +7.7313e-01
7211 +2.461036799e+01 +2.461036799e+01 +3.825036799e+01 +3.825036799e+01 -6.4689e-01 -1.6104e+00 +2.3668e+00 +1.5923e+00 +2.0945e+00 -2.0949e+00 -1.8970e+00 +1.8766e+00 +9.2578e-01 +7.8861e-01
15091 +1.510825686e+01 +1.510825686e+01 +2.874825686e+01 +2.874825686e+01 +1.3638e+00 +1.4866e+00 -9.9520e-01 -1.1796e+00 -1.6629e+00 +1.3294e+00 +1.5601e+00 -7.1859e-01 -6.7587e-01 -1.1201e+00
15161 +9.797098380e+00 +9.797098380e+00 +2.343709838e+01 +2.343709838e+01 +1.3411e+00 +1.4956e+00 -9.8753e-01 -1.1749e+00 -1.6657e+00 +1.3270e+00 +1.5634e+00 -6.9151e-01 -6.5918e-01 -1.1268e+00
15776 +6.255145501e+00 +6.255145501e+00 +1.989514550e+01 +1.989514550e+01 +1.3386e+00 +1.4899e+00 -9.9414e-01 -1.1787e+00 -1.6663e+00 +1.3307e+00 +1.5622e+00 -7.0071e-01 -6.6177e-01 -1.1357e+00
1508351 +3.654887093e+00 +3.654887093e+00 +1.729488709e+01 +1.729488709e+01 +1.1746e+00 +1.3341e+00 -1.2122e+00 -1.3077e+00 -1.2975e+00 +1.3074e+00 +1.3548e+00 -1.1716e+00 -1.1176e+00 -1.2820e+00
1510020 +2.416493392e+00 +2.416493392e+00 +1.605649339e+01 +1.605649339e+01 +1.1677e+00 +1.3253e+00 -1.2210e+00 -1.3003e+00 -1.2958e+00 +1.3127e+00 +1.3480e+00 -1.1684e+00 -1.1194e+00 -1.2969e+00
1512368 +1.218149486e+00 +1.218149486e+00 +1.485814949e+01 +1.485814949e+01 +1.1790e+00 +1.3283e+00 -1.2146e+00 -1.2966e+00 -1.2966e+00 +1.3157e+00 +1.3492e+00 -1.1728e+00 -1.1224e+00 -1.2813e+00
1513965 +8.780735356e-01 +8.780735356e-01 +1.451807354e+01 +1.451807354e+01 +1.1774e+00 +1.3296e+00 -1.2187e+00 -1.3013e+00 -1.2952e+00 +1.3097e+00 +1.3496e+00 -1.1669e+00 -1.1265e+00 -1.2869e+00
1515379 +4.902116496e-01 +4.902116496e-01 +1.413021165e+01 +1.413021165e+01 +1.1781e+00 +1.3270e+00 -1.2141e+00 -1.2969e+00 -1.2938e+00 +1.3117e+00 +1.3478e+00 -1.1660e+00 -1.1280e+00 -1.2850e+00
1516314 +3.796243119e-01 +3.796243119e-01 +1.401962431e+01 +1.401962431e+01 +1.1831e+00 +1.3263e+00 -1.2158e+00 -1.3029e+00 -1.2951e+00 +1.3054e+00 +1.3540e+00 -1.1597e+00 -1.1294e+00 -1.2794e+00
1517793 +2.434882851e-01 +2.434882851e-01 +1.388348829e+01 +1.388348829e+01 +1.1830e+00 +1.3259e+00 -1.2117e+00 -1.2967e+00 -1.2924e+00 +1.3088e+00 +1.3504e+00 -1.1621e+00 -1.1302e+00 -1.2793e+00
% function evaluation | noise-free fitness - Fopt (1.948000000000e+02) | best noise-free fitness - Fopt | measured fitness | best measured fitness | x1 | x2...
1 +1.122449900e+02 +1.122449900e+02 +3.070449900e+02 +3.070449900e+02 +5.8735e-01 +1.9781e+00 -4.4506e-01 -2.0726e+00 +5.3303e-01 +1.8410e+00 +1.6744e+00 +9.4832e-01 -1.7075e+00 -6.8528e-01
70 +9.341570074e+01 +9.341570074e+01 +2.882157007e+02 +2.882157007e+02 -1.4840e+00 -1.2224e+00 +2.3445e+00 -9.0652e-01 +1.0410e+00 -1.3969e-01 +1.2896e+00 +3.6064e-01 -1.5892e+00 -1.7558e-01
389 +5.093222492e+01 +5.093222492e+01 +2.457322249e+02 +2.457322249e+02 -1.6049e+00 -2.9529e+00 +7.7958e-01 -1.9251e+00 -1.2189e+00 +1.4643e+00 +1.3811e+00 +2.0576e+00 -1.9097e+00 -3.1566e+00
3630 +3.871208805e+01 +3.871208805e+01 +2.335120880e+02 +2.335120880e+02 -1.9107e+00 -5.6253e-01 +1.5732e+00 -1.8868e+00 -1.6322e+00 +9.6986e-01 +2.4038e+00 +1.5836e+00 -2.4909e-01 -1.6301e+00
35808 +2.447220470e+01 +2.447220470e+01 +2.192722047e+02 +2.192722047e+02 -2.0198e+00 -9.0935e-01 +1.6028e+00 -8.5257e-01 -1.1014e+00 +1.5037e+00 +1.5545e+00 +1.3004e+00 -1.5014e+00 -1.5469e+00
36821 +1.542937710e+01 +1.542937710e+01 +2.102293771e+02 +2.102293771e+02 -2.0214e+00 -9.2869e-01 +1.6122e+00 -8.7797e-01 -1.1434e+00 +1.4759e+00 +1.5459e+00 +1.3429e+00 -1.5123e+00 -1.5594e+00
91229 +9.569339226e+00 +9.569339226e+00 +2.043693392e+02 +2.043693392e+02 +1.3049e+00 +8.5160e-01 -1.2813e+00 +1.6572e+00 +9.8475e-01 -1.2169e+00 -1.0875e+00 -1.8413e+00 +8.1510e-01 +1.9746e+00
91451 +6.187446363e+00 +6.187446363e+00 +2.009874464e+02 +2.009874464e+02 +1.2880e+00 +8.6188e-01 -1.2811e+00 +1.6564e+00 +9.8211e-01 -1.2046e+00 -1.0756e+00 -1.8578e+00 +8.2266e-01 +1.9723e+00
193169 +3.857196732e+00 +3.857196732e+00 +1.986571967e+02 +1.986571967e+02 +9.7347e-01 +1.1520e+00 -1.6151e+00 +1.2992e+00 +1.1128e+00 -1.2103e+00 -1.3745e+00 -9.3993e-01 +1.1218e+00 +8.2423e-01
193729 +2.375436548e+00 +2.375436548e+00 +1.971754365e+02 +1.971754365e+02 +9.7039e-01 +1.1654e+00 -1.6018e+00 +1.2988e+00 +1.1178e+00 -1.1899e+00 -1.3650e+00 -9.5344e-01 +1.1155e+00 +8.2699e-01
2330680 +1.492317441e+00 +1.492317441e+00 +1.962923174e+02 +1.962923174e+02 +1.3147e+00 +1.2301e+00 -1.1967e+00 +1.2002e+00 +1.1837e+00 -1.2199e+00 -1.1959e+00 -1.1457e+00 +1.2627e+00 +1.3075e+00
2341326 +7.684526616e-01 +7.684526616e-01 +1.955684527e+02 +1.955684527e+02 +1.2545e+00 +1.2409e+00 -1.2539e+00 +1.2515e+00 +1.2484e+00 -1.2512e+00 -1.2537e+00 -1.2444e+00 +1.2492e+00 +1.2409e+00
2341630 +5.612002444e-01 +5.612002444e-01 +1.953612002e+02 +1.953612002e+02 +1.2520e+00 +1.2463e+00 -1.2512e+00 +1.2538e+00 +1.2552e+00 -1.2459e+00 -1.2513e+00 -1.2517e+00 +1.2509e+00 +1.2500e+00
2343206 +3.697078367e-01 +3.697078367e-01 +1.951697078e+02 +1.951697078e+02 +1.2532e+00 +1.2490e+00 -1.2498e+00 +1.2523e+00 +1.2536e+00 -1.2504e+00 -1.2514e+00 -1.2540e+00 +1.2501e+00 +1.2496e+00
2345826 +2.092404211e-01 +2.092404211e-01 +1.950092404e+02 +1.950092404e+02 +1.2478e+00 +1.2531e+00 -1.2483e+00 +1.2485e+00 +1.2514e+00 -1.2506e+00 -1.2495e+00 -1.2550e+00 +1.2501e+00 +1.2526e+00
2347236 +9.810972421e-02 +9.810972421e-02 +1.948981097e+02 +1.948981097e+02 +1.2477e+00 +1.2534e+00 -1.2467e+00 +1.2474e+00 +1.2492e+00 -1.2489e+00 -1.2483e+00 -1.2532e+00 +1.2492e+00 +1.2516e+00
2348680 +4.967089219e-02 +4.967089219e-02 +1.948496709e+02 +1.948496709e+02 +1.2495e+00 +1.2488e+00 -1.2517e+00 +1.2518e+00 +1.2510e+00 -1.2509e+00 -1.2508e+00 -1.2495e+00 +1.2511e+00 +1.2506e+00
2349781 +3.450304285e-02 +3.450304285e-02 +1.948345030e+02 +1.948345030e+02 +1.2487e+00 +1.2527e+00 -1.2481e+00 +1.2487e+00 +1.2504e+00 -1.2479e+00 -1.2481e+00 -1.2524e+00 +1.2482e+00 +1.2510e+00
2351441 +2.417552376e-02 +2.417552376e-02 +1.948241755e+02 +1.948241755e+02 +1.2499e+00 +1.2494e+00 -1.2493e+00 +1.2495e+00 +1.2476e+00 -1.2497e+00 -1.2503e+00 -1.2488e+00 +1.2504e+00 +1.2498e+00
2352215 +1.111056399e-02 +1.111056399e-02 +1.948111106e+02 +1.948111106e+02 +1.2503e+00 +1.2492e+00 -1.2509e+00 +1.2500e+00 +1.2497e+00 -1.2509e+00 -1.2502e+00 -1.2492e+00 +1.2500e+00 +1.2497e+00
2352936 +8.876834851e-03 +8.876834851e-03 +1.948088768e+02 +1.948088768e+02 +1.2500e+00 +1.2497e+00 -1.2495e+00 +1.2491e+00 +1.2484e+00 -1.2506e+00 -1.2502e+00 -1.2492e+00 +1.2498e+00 +1.2503e+00
2353869 +3.641608802e-03 +3.641608802e-03 +1.948036416e+02 +1.948036416e+02 +1.2498e+00 +1.2499e+00 -1.2501e+00 +1.2503e+00 +1.2497e+00 -1.2499e+00 -1.2501e+00 -1.2498e+00 +1.2505e+00 +1.2500e+00
2355805 +2.133654162e-03 +2.133654162e-03 +1.948021337e+02 +1.948021337e+02 +1.2497e+00 +1.2501e+00 -1.2501e+00 +1.2497e+00 +1.2500e+00 -1.2507e+00 -1.2500e+00 -1.2499e+00 +1.2502e+00 +1.2501e+00
2356290 +1.502748672e-03 +1.502748672e-03 +1.948015027e+02 +1.948015027e+02 +1.2502e+00 +1.2498e+00 -1.2501e+00 +1.2502e+00 +1.2500e+00 -1.2501e+00 -1.2502e+00 -1.2501e+00 +1.2501e+00 +1.2502e+00
2357259 +8.979800810e-04 +8.979800810e-04 +1.948008980e+02 +1.948008980e+02 +1.2500e+00 +1.2501e+00 -1.2500e+00 +1.2501e+00 +1.2503e+00 -1.2499e+00 -1.2500e+00 -1.2503e+00 +1.2500e+00 +1.2499e+00
2358890 +4.991269320e-04 +4.991269320e-04 +1.948004991e+02 +1.948004991e+02 +1.2500e+00 +1.2499e+00 -1.2499e+00 +1.2499e+00 +1.2499e+00 -1.2501e+00 -1.2500e+00 -1.2498e+00 +1.2499e+00 +1.2500e+00
2359419 +3.424697006e-04 +3.424697006e-04 +1.948003425e+02 +1.948003425e+02 +1.2499e+00 +1.2501e+00 -1.2500e+00 +1.2500e+00 +1.2501e+00 -1.2500e+00 -1.2500e+00 -1.2500e+00 +1.2501e+00 +1.2499e+00
2360553 +2.216178981e-04 +2.216178981e-04 +1.948002216e+02 +1.948002216e+02 +1.2499e+00 +1.2501e+00 -1.2499e+00 +1.2499e+00 +1.2499e+00 -1.2498e+00 -1.2499e+00 -1.2500e+00 +1.2498e+00 +1.2500e+00
2360966 +1.330801533e-04 +1.330801533e-04 +1.948001331e+02 +1.948001331e+02 +1.2500e+00 +1.2500e+00 -1.2501e+00 +1.2499e+00 +1.2500e+00 -1.2501e+00 -1.2501e+00 -1.2499e+00 +1.2500e+00 +1.2500e+00
2361926 +8.994516554e-05 +8.994516554e-05 +1.948000899e+02 +1.948000899e+02 +1.2500e+00 +1.2499e+00 -1.2500e+00 +1.2500e+00 +1.2499e+00 -1.2500e+00 -1.2501e+00 -1.2500e+00 +1.2501e+00 +1.2500e+00
2363045 +6.150679553e-05 +6.150679553e-05 +1.948000615e+02 +1.948000615e+02 +1.2500e+00 +1.2500e+00 -1.2500e+00 +1.2500e+00 +1.2499e+00 -1.2501e+00 -1.2500e+00 -1.2499e+00 +1.2500e+00 +1.2500e+00
2363132 +3.391597312e-05 +3.391597312e-05 +1.948000339e+02 +1.948000339e+02 +1.2500e+00 +1.2500e+00 -1.2500e+00 +1.2500e+00 +1.2501e+00 -1.2500e+00 -1.2500e+00 -1.2500e+00 +1.2500e+00 +1.2500e+00
2364536 +1.786390652e-05 +1.786390652e-05 +1.948000179e+02 +1.948000179e+02 +1.2500e+00 +1.2500e+00 -1.2500e+00 +1.2500e+00 +1.2500e+00 -1.2500e+00 -1.2500e+00 -1.2500e+00 +1.2500e+00 +1.2500e+00
2365989 +1.158779563e-05 +1.158779563e-05 +1.948000116e+02 +1.948000116e+02 +1.2500e+00 +1.2500e+00 -1.2500e+00 +1.2500e+00 +1.2500e+00 -1.2500e+00 -1.2500e+00 -1.2500e+00 +1.2500e+00 +1.2500e+00
2366310 +8.183707934e-06 +8.183707934e-06 +1.948000082e+02 +1.948000082e+02 +1.2500e+00 +1.2500e+00 -1.2500e+00 +1.2500e+00 +1.2500e+00 -1.2500e+00 -1.2500e+00 -1.2500e+00 +1.2500e+00 +1.2500e+00
2366355 +5.826142825e-06 +5.826142825e-06 +1.948000058e+02 +1.948000058e+02 +1.2500e+00 +1.2500e+00 -1.2500e+00 +1.2500e+00 +1.2500e+00 -1.2500e+00 -1.2500e+00 -1.2500e+00 +1.2500e+00 +1.2500e+00
2367614 +3.527871286e-06 +3.527871286e-06 +1.948000035e+02 +1.948000035e+02 +1.2500e+00 +1.2500e+00 -1.2500e+00 +1.2500e+00 +1.2500e+00 -1.2500e+00 -1.2500e+00 -1.2500e+00 +1.2500e+00 +1.2500e+00
2368100 +2.151091365e-06 +2.151091365e-06 +1.948000022e+02 +1.948000022e+02 +1.2500e+00 +1.2500e+00 -1.2500e+00 +1.2500e+00 +1.2500e+00 -1.2500e+00 -1.2500e+00 -1.2500e+00 +1.2500e+00 +1.2500e+00
2368618 +1.541679325e-06 +1.541679325e-06 +1.948000015e+02 +1.948000015e+02 +1.2500e+00 +1.2500e+00 -1.2500e+00 +1.2500e+00 +1.2500e+00 -1.2500e+00 -1.2500e+00 -1.2500e+00 +1.2500e+00 +1.2500e+00
2370564 +8.106505618e-07 +8.106505618e-07 +1.948000008e+02 +1.948000008e+02 +1.2500e+00 +1.2500e+00 -1.2500e+00 +1.2500e+00 +1.2500e+00 -1.2500e+00 -1.2500e+00 -1.2500e+00 +1.2500e+00 +1.2500e+00
2370828 +5.253243955e-07 +5.253243955e-07 +1.948000005e+02 +1.948000005e+02 +1.2500e+00 +1.2500e+00 -1.2500e+00 +1.2500e+00 +1.2500e+00 -1.2500e+00 -1.2500e+00 -1.2500e+00 +1.2500e+00 +1.2500e+00
2372934 +1.754759182e-07 +1.754759182e-07 +1.948000002e+02 +1.948000002e+02 +1.2500e+00 +1.2500e+00 -1.2500e+00 +1.2500e+00 +1.2500e+00 -1.2500e+00 -1.2500e+00 -1.2500e+00 +1.2500e+00 +1.2500e+00
2374671 +1.361674435e-07 +1.361674435e-07 +1.948000001e+02 +1.948000001e+02 +1.2500e+00 +1.2500e+00 -1.2500e+00 +1.2500e+00 +1.2500e+00 -1.2500e+00 -1.2500e+00 -1.2500e+00 +1.2500e+00 +1.2500e+00
2375101 +8.098461990e-08 +8.098461990e-08 +1.948000001e+02 +1.948000001e+02 +1.2500e+00 +1.2500e+00 -1.2500e+00 +1.2500e+00 +1.2500e+00 -1.2500e+00 -1.2500e+00 -1.2500e+00 +1.2500e+00 +1.2500e+00
2376256 +5.709100037e-08 +5.709100037e-08 +1.948000001e+02 +1.948000001e+02 +1.2500e+00 +1.2500e+00 -1.2500e+00 +1.2500e+00 +1.2500e+00 -1.2500e+00 -1.2500e+00 -1.2500e+00 +1.2500e+00 +1.2500e+00
2376534 +3.512104740e-08 +3.512104740e-08 +1.948000000e+02 +1.948000000e+02 +1.2500e+00 +1.2500e+00 -1.2500e+00 +1.2500e+00 +1.2500e+00 -1.2500e+00 -1.2500e+00 -1.2500e+00 +1.2500e+00 +1.2500e+00
2377630 +1.560579221e-08 +1.560579221e-08 +1.948000000e+02 +1.948000000e+02 +1.2500e+00 +1.2500e+00 -1.2500e+00 +1.2500e+00 +1.2500e+00 -1.2500e+00 -1.2500e+00 -1.2500e+00 +1.2500e+00 +1.2500e+00
2379366 +9.347473906e-09 +9.347473906e-09 +1.948000000e+02 +1.948000000e+02 +1.2500e+00 +1.2500e+00 -1.2500e+00 +1.2500e+00 +1.2500e+00 -1.2500e+00 -1.2500e+00 -1.2500e+00 +1.2500e+00 +1.2500e+00
2380476 +7.844391803e-11 +7.844391803e-11 +1.948000000e+02 +1.948000000e+02 +1.2500e+00 +1.2500e+00 -1.2500e+00 +1.2500e+00 +1.2500e+00 -1.2500e+00 -1.2500e+00 -1.2500e+00 +1.2500e+00 +1.2500e+00
% function evaluation | noise-free fitness - Fopt (1.948000000000e+02) | best noise-free fitness - Fopt | measured fitness | best measured fitness | x1 | x2...
1 +2.710903213e+02 +2.710903213e+02 +4.658903213e+02 +4.658903213e+02 +3.8316e+00 +1.9609e+00 -8.0916e-01 -1.6571e+00 +1.6040e+00 -1.9700e+00 +1.1669e+00 +1.0237e+00 -2.2272e+00 -1.5042e+00
17 +1.614031507e+02 +1.614031507e+02 +3.562031507e+02 +3.562031507e+02 +4.4897e+00 +2.9436e+00 -4.3070e-01 +3.2920e-02 +2.6001e+00 -6.0410e-01 +6.7626e-01 -2.2490e+00 -5.4218e-01 +6.8345e-02
53 +1.510792883e+02 +1.510792883e+02 +3.458792883e+02 +3.458792883e+02 -1.9705e-01 +3.6437e-01 +2.1401e-01 +1.0148e-01 +6.8350e-01 -1.0841e+00 -4.2477e-02 +1.5874e-01 +1.3691e+00 +4.2117e-01
122 +9.641319266e+01 +9.641319266e+01 +2.912131927e+02 +2.912131927e+02 +2.0062e+00 +7.7238e-01 -2.9213e-01 +1.6016e+00 +3.8879e-01 -8.4148e-01 -2.3650e+00 -1.5744e+00 +2.6683e+00 +6.5171e-02
244 +6.252869423e+01 +6.252869423e+01 +2.573286942e+02 +2.573286942e+02 +1.1751e+00 -1.7034e-01 -1.4675e+00 +1.2827e+00 +1.1224e-01 -2.2855e+00 -1.8708e+00 -1.0133e+00 +1.6022e+00 +1.1707e+00
2111 +3.978889689e+01 +3.978889689e+01 +2.345888969e+02 +2.345888969e+02 +1.5687e+00 +3.0064e-01 -1.2803e+00 +8.1761e-01 +8.6710e-01 -1.9874e+00 -1.3301e+00 -7.2164e-01 +4.3261e-01 +1.1902e+00
2452 +2.229233854e+01 +2.229233854e+01 +2.170923385e+02 +2.170923385e+02 +1.4855e+00 +3.8659e-01 -1.2089e+00 +8.4913e-01 +8.4486e-01 -2.0347e+00 -1.3010e+00 -6.4623e-01 +3.4927e-01 +1.1926e+00
2698 +1.538786120e+01 +1.538786120e+01 +2.101878612e+02 +2.101878612e+02 +1.4880e+00 +3.7453e-01 -1.2265e+00 +8.7759e-01 +8.5135e-01 -2.0212e+00 -1.3100e+00 -6.6441e-01 +3.7423e-01 +1.1861e+00
90654 +8.905168779e+00 +8.905168779e+00 +2.037051688e+02 +2.037051688e+02 +9.2742e-01 +8.2950e-01 -4.6295e-01 +1.8985e+00 +1.0626e+00 -1.2607e+00 -1.4113e+00 -1.3217e+00 +7.5497e-01 +1.3610e+00
533008 +5.784557810e+00 +5.784557810e+00 +2.005845578e+02 +2.005845578e+02 +1.1529e+00 +1.3778e+00 -1.3813e+00 +1.1459e+00 +1.3791e+00 -1.0410e+00 -1.1613e+00 -1.2303e+00 +1.2406e+00 +1.2264e+00
533629 +3.953758397e+00 +3.953758397e+00 +1.987537584e+02 +1.987537584e+02 +1.1437e+00 +1.3991e+00 -1.3799e+00 +1.1510e+00 +1.3922e+00 -1.0320e+00 -1.1568e+00 -1.2481e+00 +1.2491e+00 +1.2218e+00
534403 +2.187250263e+00 +2.187250263e+00 +1.969872503e+02 +1.969872503e+02 +1.1334e+00 +1.4133e+00 -1.3765e+00 +1.1512e+00 +1.4096e+00 -1.0179e+00 -1.1421e+00 -1.2645e+00 +1.2407e+00 +1.2245e+00
534705 +1.375005229e+00 +1.375005229e+00 +1.961750052e+02 +1.961750052e+02 +1.1426e+00 +1.4102e+00 -1.3657e+00 +1.1507e+00 +1.4148e+00 -1.0135e+00 -1.1467e+00 -1.2737e+00 +1.2371e+00 +1.2361e+00
535921 +8.133736927e-01 +8.133736927e-01 +1.956133737e+02 +1.956133737e+02 +1.1383e+00 +1.4123e+00 -1.3691e+00 +1.1505e+00 +1.4069e+00 -1.0117e+00 -1.1429e+00 -1.2728e+00 +1.2435e+00 +1.2317e+00
537649 +6.254500031e-01 +6.254500031e-01 +1.954254500e+02 +1.954254500e+02 +1.1394e+00 +1.4075e+00 -1.3735e+00 +1.1512e+00 +1.4076e+00 -1.0205e+00 -1.1479e+00 -1.2675e+00 +1.2458e+00 +1.2317e+00
% function evaluation | noise-free fitness - Fopt (1.948000000000e+02) | best noise-free fitness - Fopt | measured fitness | best measured fitness | x1 | x2...
1 +2.507409843e+02 +2.507409843e+02 +4.455409843e+02 +4.455409843e+02 +2.8534e+00 -3.6777e+00 +3.7536e+00 +2.0109e+00 -3.0540e+00 +7.2717e-01 +6.0082e-01 +2.0849e+00 -1.3884e+00 +1.6559e+00
85 +1.309261920e+02 +1.309261920e+02 +3.257261920e+02 +3.257261920e+02 -1.2175e+00 -1.1404e+00 +1.8031e+00 -1.2740e+00 -6.9895e-01 +2.4854e+00 -7.1485e-01 +1.8887e+00 +6.8099e-01 +1.4770e-02
141 +9.580664995e+01 +9.580664995e+01 +2.906066500e+02 +2.906066500e+02 -2.2796e+00 -2.5127e+00 +3.3498e-02 -2.1782e+00 -2.3781e+00 +2.5726e+00 +2.2280e-01 +3.1985e+00 -6.7482e-01 -6.0381e-01
346 +5.316151815e+01 +5.316151815e+01 +2.479615182e+02 +2.479615182e+02 -2.1948e+00 -7.3810e-01 +7.7435e-01 -1.5869e+00 -1.5556e+00 +9.2111e-01 +4.8499e-01 +2.3435e+00 -2.0190e+00 -1.4092e+00
6989 +3.869560561e+01 +3.869560561e+01 +2.334956056e+02 +2.334956056e+02 -2.1120e+00 -1.1040e+00 +1.8192e+00 -5.3852e-01 -2.6907e+00 +1.5717e+00 +1.2641e+00 +1.9309e+00 -6.4616e-01 -1.9639e+00
7287 +2.503860777e+01 +2.503860777e+01 +2.198386078e+02 +2.198386078e+02 -2.1165e+00 -1.0934e+00 +1.8201e+00 -5.3095e-01 -2.7243e+00 +1.5731e+00 +1.2664e+00 +1.9423e+00 -6.4726e-01 -1.9423e+00
27347 +1.580798125e+01 +1.580798125e+01 +2.106079813e+02 +2.106079813e+02 -1.7194e+00 -1.5238e+00 +1.1727e+00 -6.2602e-01 -1.8996e+00 +1.0688e+00 +1.1202e+00 +1.2565e+00 -1.6036e+00 -2.0024e+00
2173316 +8.514274336e+00 +8.514274336e+00 +2.033142743e+02 +2.033142743e+02 +1.3967e+00 +1.3016e+00 -1.2001e+00 +1.1666e+00 +1.2071e+00 -1.3496e+00 -1.3887e+00 -1.2200e+00 +1.2619e+00 +1.2740e+00
2173526 +5.106712508e+00 +5.106712508e+00 +1.999067125e+02 +1.999067125e+02 +1.3848e+00 +1.3025e+00 -1.2190e+00 +1.1794e+00 +1.1891e+00 -1.3528e+00 -1.3864e+00 -1.2255e+00 +1.2761e+00 +1.2649e+00
2173875 +3.204397773e+00 +3.204397773e+00 +1.980043978e+02 +1.980043978e+02 +1.4021e+00 +1.2970e+00 -1.2076e+00 +1.1642e+00 +1.1999e+00 -1.3612e+00 -1.4023e+00 -1.2110e+00 +1.2635e+00 +1.2746e+00
2174409 +2.280486836e+00 +2.280486836e+00 +1.970804868e+02 +1.970804868e+02 +1.3975e+00 +1.3027e+00 -1.2050e+00 +1.1678e+00 +1.2054e+00 -1.3652e+00 -1.3998e+00 -1.2194e+00 +1.2688e+00 +1.2746e+00
2174678 +9.108849996e-01 +9.108849996e-01 +1.957108850e+02 +1.957108850e+02 +1.4008e+00 +1.2917e+00 -1.2132e+00 +1.1770e+00 +1.1977e+00 -1.3709e+00 -1.4063e+00 -1.2076e+00 +1.2748e+00 +1.2745e+00
2175570 +4.697422088e-01 +4.697422088e-01 +1.952697422e+02 +1.952697422e+02 +1.3945e+00 +1.2980e+00 -1.2168e+00 +1.1744e+00 +1.2019e+00 -1.3730e+00 -1.4021e+00 -1.2127e+00 +1.2773e+00 +1.2797e+00
2176177 +3.461569545e-01 +3.461569545e-01 +1.951461570e+02 +1.951461570e+02 +1.3937e+00 +1.2964e+00 -1.2170e+00 +1.1765e+00 +1.2017e+00 -1.3761e+00 -1.4025e+00 -1.2122e+00 +1.2774e+00 +1.2778e+00
% function evaluation | noise-free fitness - Fopt (-1.335900000000e+02) | best noise-free fitness - Fopt | measured fitness | best measured fitness | x1 | x2...
1 +2.027428149e+02 +2.027428149e+02 +6.915281492e+01 +6.915281492e+01 -2.0131e+00 -2.5442e+00 +3.6115e+00 +1.4445e+00 -3.2182e+00 +2.3293e+00 +8.4706e-01 +7.3976e-01 -2.9973e+00 -1.2021e+00
20 +1.559728755e+02 +1.559728755e+02 +2.238287549e+01 +2.238287549e+01 -3.7259e+00 -1.3652e+00 -1.7911e+00 +3.3492e-02 -3.6207e+00 +2.2986e+00 +2.8109e+00 -1.8029e+00 -2.5905e-01 +2.6212e-01
118 +9.602243714e+01 +9.602243714e+01 -3.756756286e+01 -3.756756286e+01 -2.6003e+00 +7.3178e-01 +2.8561e+00 -2.2087e+00 -1.2196e+00 +2.1432e+00 +1.9797e-01 -1.8618e+00 -1.1871e+00 +1.4068e+00
234 +6.138816530e+01 +6.138816530e+01 -7.220183470e+01 -7.220183470e+01 -1.7883e+00 -3.6785e-01 +1.8774e+00 -2.9618e+00 -6.0810e-01 +6.5120e-01 +1.7043e+00 -1.8793e+00 -2.4566e+00 +1.1733e+00
13573 +3.970134723e+01 +3.970134723e+01 -9.388865277e+01 -9.388865277e+01 -1.8115e+00 +1.3814e+00 +1.2781e+00 -1.4123e+00 -1.4294e+00 +1.1496e+00 +1.3564e+00 -1.2559e+00 -1.3193e+00 +1.5814e+00
25818 +2.507475421e+01 +2.507475421e+01 -1.085152458e+02 -1.085152458e+02 -1.7598e+00 +1.2518e+00 +1.9839e+00 -3.4031e-01 -1.2793e+00 +2.6471e+00 +2.0661e+00 -2.9299e-01 -1.0679e+00 +5.4028e-01
63420 +1.562770323e+01 +1.562770323e+01 -1.179622968e+02 -1.179622968e+02 -1.6942e+00 +1.5802e+00 +1.6768e+00 -1.5062e+00 -1.3420e+00 +1.4931e+00 +1.4926e+00 -1.6055e+00 -1.5107e+00 +1.4166e+00
479869 +8.877399579e+00 +8.877399579e+00 -1.247126004e+02 -1.247126004e+02 +1.3545e+00 -1.3143e+00 -1.2329e+00 +1.0719e+00 +1.2857e+00 -1.2816e+00 -1.3663e+00 +1.3331e+00 +1.2162e+00 -1.2547e+00
482209 +4.470748993e+00 +4.470748993e+00 -1.291192510e+02 -1.291192510e+02 +1.3596e+00 -1.1992e+00 -1.3762e+00 +1.2194e+00 +1.4125e+00 -1.1329e+00 -1.3665e+00 +1.1844e+00 +1.2196e+00 -1.2355e+00
484120 +2.666382616e+00 +2.666382616e+00 -1.309236174e+02 -1.309236174e+02 +1.3766e+00 -1.2111e+00 -1.3918e+00 +1.2345e+00 +1.4166e+00 -1.1505e+00 -1.3648e+00 +1.1683e+00 +1.2326e+00 -1.2434e+00
484358 +1.806324428e+00 +1.806324428e+00 -1.317836756e+02 -1.317836756e+02 +1.3732e+00 -1.2147e+00 -1.3923e+00 +1.2278e+00 +1.4158e+00 -1.1499e+00 -1.3608e+00 +1.1766e+00 +1.2252e+00 -1.2359e+00
485778 +1.338984526e+00 +1.338984526e+00 -1.322510155e+02 -1.322510155e+02 +1.3539e+00 -1.2167e+00 -1.3822e+00 +1.2372e+00 +1.4128e+00 -1.1531e+00 -1.3689e+00 +1.1774e+00 +1.2483e+00 -1.2504e+00
486044 +8.064013787e-01 +8.064013787e-01 -1.327835986e+02 -1.327835986e+02 +1.3628e+00 -1.2087e+00 -1.3861e+00 +1.2301e+00 +1.4159e+00 -1.1332e+00 -1.3612e+00 +1.1810e+00 +1.2302e+00 -1.2415e+00
486676 +5.967791463e-01 +5.967791463e-01 -1.329932209e+02 -1.329932209e+02 +1.3627e+00 -1.2128e+00 -1.3860e+00 +1.2339e+00 +1.4162e+00 -1.1402e+00 -1.3652e+00 +1.1822e+00 +1.2386e+00 -1.2459e+00
489807 +3.727904287e-01 +3.727904287e-01 -1.332172096e+02 -1.332172096e+02 +1.3610e+00 -1.2118e+00 -1.3870e+00 +1.2300e+00 +1.4158e+00 -1.1411e+00 -1.3618e+00 +1.1844e+00 +1.2312e+00 -1.2428e+00
% function evaluation | noise-free fitness - Fopt (-1.335900000000e+02) | best noise-free fitness - Fopt | measured fitness | best measured fitness | x1 | x2...
1 +2.449300960e+02 +2.449300960e+02 +1.113400960e+02 +1.113400960e+02 -3.5867e+00 -2.1545e+00 +3.2116e+00 +2.4114e+00 -3.2779e+00 +4.1026e-01 +2.1740e+00 -6.1790e-01 -2.2758e+00 +3.7326e+00
26 +1.409072701e+02 +1.409072701e+02 +7.317270105e+00 +7.317270105e+00 -5.1872e-01 +1.0443e+00 +2.3811e-01 +1.6718e+00 -2.0781e+00 -6.9244e-01 +1.4352e+00 +6.2999e-01 -1.1340e+00 +9.4949e-01
139 +9.298622567e+01 +9.298622567e+01 -4.060377433e+01 -4.060377433e+01 +5.6817e-01 +6.9062e-01 +2.0085e+00 -1.9641e+00 -6.5905e-01 +9.2458e-01 +1.7448e+00 +5.7336e-01 -5.6171e-01 +1.5962e+00
295 +5.940692419e+01 +5.940692419e+01 -7.418307581e+01 -7.418307581e+01 +9.8048e-02 +1.7672e+00 +2.4281e-01 -2.1492e+00 -2.2147e+00 +9.7629e-01 +2.0024e+00 -1.4969e+00 -1.8867e+00 +1.8957e+00
7210 +3.676181227e+01 +3.676181227e+01 -9.682818773e+01 -9.682818773e+01 -2.1138e+00 +1.1150e+00 +2.2754e+00 -1.9672e+00 -1.2531e+00 +7.6704e-01 +1.1780e+00 -1.4408e+00 -1.3760e+00 +1.9372e+00
7725 +2.456037790e+01 +2.456037790e+01 -1.090296221e+02 -1.090296221e+02 -2.0825e+00 +1.1210e+00 +2.2957e+00 -1.9624e+00 -1.2456e+00 +7.8499e-01 +1.1728e+00 -1.4509e+00 -1.3799e+00 +1.9366e+00
8377 +1.582781562e+01 +1.582781562e+01 -1.177621844e+02 -1.177621844e+02 -2.0134e+00 +1.1121e+00 +2.2939e+00 -1.9625e+00 -1.2509e+00 +8.0413e-01 +1.1784e+00 -1.4771e+00 -1.3776e+00 +1.9413e+00
102450 +8.361396448e+00 +8.361396448e+00 -1.252286036e+02 -1.252286036e+02 +1.0820e+00 -9.6567e-01 -9.8581e-01 +1.0906e+00 +7.6760e-01 -1.1644e+00 -1.2319e+00 +1.1711e+00 +1.2350e+00 -1.0651e+00
102739 +5.980529229e+00 +5.980529229e+00 -1.276094708e+02 -1.276094708e+02 +1.0911e+00 -9.7143e-01 -9.7522e-01 +1.0889e+00 +7.5914e-01 -1.1648e+00 -1.2380e+00 +1.1603e+00 +1.2354e+00 -1.0648e+00
103125 +3.825230750e+00 +3.825230750e+00 -1.297647693e+02 -1.297647693e+02 +1.0900e+00 -9.7376e-01 -9.5942e-01 +1.0879e+00 +7.5811e-01 -1.1608e+00 -1.2442e+00 +1.1731e+00 +1.2456e+00 -1.0805e+00
103710 +2.482981743e+00 +2.482981743e+00 -1.311070183e+02 -1.311070183e+02 +1.0922e+00 -9.7286e-01 -9.6239e-01 +1.0873e+00 +7.5290e-01 -1.1494e+00 -1.2474e+00 +1.1667e+00 +1.2494e+00 -1.0803e+00
359788 +1.516048774e+00 +1.516048774e+00 -1.320739512e+02 -1.320739512e+02 +1.3322e+00 -1.1531e+00 -1.1779e+00 +1.0581e+00 +1.1918e+00 -1.1689e+00 -1.3882e+00 +1.3680e+00 +1.2295e+00 -1.1088e+00
360552 +8.885946087e-01 +8.885946087e-01 -1.327014054e+02 -1.327014054e+02 +1.3225e+00 -1.1447e+00 -1.1810e+00 +1.0582e+00 +1.1933e+00 -1.1661e+00 -1.3864e+00 +1.3704e+00 +1.2239e+00 -1.1080e+00
361191 +5.906834519e-01 +5.906834519e-01 -1.329993165e+02 -1.329993165e+02 +1.3183e+00 -1.1447e+00 -1.1884e+00 +1.0571e+00 +1.1987e+00 -1.1701e+00 -1.3846e+00 +1.3774e+00 +1.2211e+00 -1.1081e+00
1233072 +3.424615697e-01 +3.424615697e-01 -1.332475384e+02 -1.332475384e+02 +1.1500e+00 -1.4129e+00 -1.2132e+00 +1.2310e+00 +1.3001e+00 -1.3087e+00 -1.2224e+00 +1.3466e+00 +1.2551e+00 -1.3646e+00
% function evaluation | noise-free fitness - Fopt (-1.335900000000e+02) | best noise-free fitness - Fopt | measured fitness | best measured fitness | x1 | x2...
1 +3.912309487e+02 +3.912309487e+02 +2.576409487e+02 +2.576409487e+02 -4.1574e-01 -2.0432e+00 -3.8668e+00 -2.0058e-01 -2.6457e+00 +8.0407e-01 -2.3565e+00 +3.5795e+00 -3.8736e+00 -3.4481e+00
20 +2.417071120e+02 +2.417071120e+02 +1.081171120e+02 +1.081171120e+02 +1.9185e+00 -1.8191e+00 -1.0696e+00 +3.9673e-01 -1.2377e+00 +1.4823e+00 -1.1610e+00 +1.7346e+00 -2.0136e+00 -2.5515e+00
62 +1.567172945e+02 +1.567172945e+02 +2.312729454e+01 +2.312729454e+01 +1.6568e+00 +3.5833e+00 +1.2768e+00 -1.9085e-01 -6.4814e-01 +1.7821e+00 +1.6929e+00 -1.7169e+00 -1.2412e+00 +5.8437e-01
185 +8.987958141e+01 +8.987958141e+01 -4.371041859e+01 -4.371041859e+01 -1.1338e+00 +1.6536e+00 +3.5659e-01 -8.2113e-01 -1.4703e+00 -1.0264e+00 +1.3083e+00 +2.4119e-01 -1.7329e+00 -3.9350e-01
558 +6.238656171e+01 +6.238656171e+01 -7.120343829e+01 -7.120343829e+01 -1.8949e+00 +1.4308e+00 +2.1938e+00 -1.0996e+00 -2.7619e+00 +9.2876e-01 +1.9695e+00 -2.3152e+00 -1.7144e+00 +2.6047e+00
6162 +3.863385469e+01 +3.863385469e+01 -9.495614531e+01 -9.495614531e+01 -1.5008e+00 +1.0890e+00 +1.5076e+00 -1.6023e+00 -2.0099e+00 +1.5479e+00 +1.3669e+00 -1.8058e+00 -9.4090e-01 +1.7268e+00
8578 +2.286446585e+01 +2.286446585e+01 -1.107255341e+02 -1.107255341e+02 -1.6913e+00 +1.0256e+00 +1.8457e+00 -1.2821e+00 -1.1801e+00 +1.4456e+00 +1.9363e+00 -1.3919e+00 -1.0362e+00 +1.5181e+00
8749 +1.507812556e+01 +1.507812556e+01 -1.185118744e+02 -1.185118744e+02 -1.7211e+00 +1.0309e+00 +1.8337e+00 -1.2777e+00 -1.1813e+00 +1.4295e+00 +1.9311e+00 -1.3946e+00 -1.0341e+00 +1.5064e+00
188095 +7.767061641e+00 +7.767061641e+00 -1.258229384e+02 -1.258229384e+02 +1.3923e+00 -1.3204e+00 -1.0084e+00 +1.1314e+00 +1.1581e+00 -1.4099e+00 -1.2346e+00 +1.1583e+00 +1.3713e+00 -1.2592e+00
188585 +5.849606469e+00 +5.849606469e+00 -1.277403935e+02 -1.277403935e+02 +1.3855e+00 -1.3245e+00 -1.0102e+00 +1.1445e+00 +1.1595e+00 -1.4347e+00 -1.2404e+00 +1.1518e+00 +1.3900e+00 -1.2750e+00
189543 +3.806194247e+00 +3.806194247e+00 -1.297838058e+02 -1.297838058e+02 +1.3819e+00 -1.3339e+00 -1.0132e+00 +1.1380e+00 +1.1531e+00 -1.4383e+00 -1.2259e+00 +1.1569e+00 +1.3825e+00 -1.2736e+00
189856 +1.852781734e+00 +1.852781734e+00 -1.317372183e+02 -1.317372183e+02 +1.3834e+00 -1.3396e+00 -1.0132e+00 +1.1377e+00 +1.1618e+00 -1.4481e+00 -1.2310e+00 +1.1633e+00 +1.3876e+00 -1.2866e+00
190229 +1.161227190e+00 +1.161227190e+00 -1.324287728e+02 -1.324287728e+02 +1.3900e+00 -1.3404e+00 -1.0162e+00 +1.1322e+00 +1.1570e+00 -1.4368e+00 -1.2239e+00 +1.1656e+00 +1.3757e+00 -1.2788e+00
190761 +9.921756857e-01 +9.921756857e-01 -1.325978243e+02 -1.325978243e+02 +1.4022e+00 -1.3459e+00 -1.0178e+00 +1.1360e+00 +1.1609e+00 -1.4468e+00 -1.2239e+00 +1.1602e+00 +1.3775e+00 -1.2810e+00
