% function evaluation | noise-free fitness - Fopt (1.026100000000e+02) | best noise-free fitness - Fopt | measured fitness | best measured fitness | x1 | x2...
1 +1.715849999e+02 +1.715849999e+02 +2.741949999e+02 +2.741949999e+02 +3.4883e-02 +3.6521e+00 -1.6485e+00 +3.6352e+00 -1.1384e+00
3 +1.437298264e+02 +1.437298264e+02 +2.463398264e+02 +2.463398264e+02 -5.4230e-01 +8.3928e-02 -4.6527e+00 +9.7550e-01 -2.0397e+00
6 +9.599318384e+01 +9.599318384e+01 +1.986031838e+02 +1.986031838e+02 -2.5145e-01 +3.4984e+00 -2.3924e+00 +8.5164e-01 -2.0712e+00
56 +5.795686670e+01 +5.795686670e+01 +1.605668667e+02 +1.605668667e+02 +1.1256e+00 +1.7692e+00 -6.7076e-01 -2.2039e+00 +6.2993e-01
61 +3.629107798e+01 +3.629107798e+01 +1.389010780e+02 +1.389010780e+02 +6.2114e-01 +2.4520e-01 -8.4821e-01 -1.0248e+00 -5.7389e-01
206 +9.483729163e+00 +9.483729163e+00 +1.120937292e+02 +1.120937292e+02 +1.1546e+00 +1.0189e+00 -1.3366e+00 -1.4763e+00 -7.0297e-01
1345 +6.257976774e+00 +6.257976774e+00 +1.088679768e+02 +1.088679768e+02 +1.4582e+00 +1.5110e+00 -1.2928e+00 -2.4962e-01 -1.7329e+00
13585 +3.975369918e+00 +3.975369918e+00 +1.065853699e+02 +1.065853699e+02 +1.6901e+00 +1.0568e+00 -1.0543e+00 -1.2782e+00 -1.5851e+00
13700 +2.172944563e+00 +2.172944563e+00 +1.047829446e+02 +1.047829446e+02 +1.6883e+00 +1.0760e+00 -1.0471e+00 -1.2941e+00 -1.6127e+00
14146 +1.579419211e+00 +1.579419211e+00 +1.041894192e+02 +1.041894192e+02 +1.6789e+00 +1.0585e+00 -1.0456e+00 -1.2827e+00 -1.6082e+00
331251 +9.724845027e-01 +9.724845027e-01 +1.035824845e+02 +1.035824845e+02 +1.3677e+00 +9.2514e-01 -1.3531e+00 -1.4453e+00 -1.1747e+00
577648 +6.252050033e-01 +6.252050033e-01 +1.032352050e+02 +1.032352050e+02 +1.1985e+00 +1.2862e+00 -1.4467e+00 -1.3168e+00 -1.2391e+00
578825 +2.839262365e-01 +2.839262365e-01 +1.028939262e+02 +1.028939262e+02 +1.1945e+00 +1.2760e+00 -1.4498e+00 -1.3184e+00 -1.2339e+00
579484 +2.133186105e-01 +2.133186105e-01 +1.028233186e+02 +1.028233186e+02 +1.1922e+00 +1.2764e+00 -1.4486e+00 -1.3174e+00 -1.2392e+00
2164346 +1.286675636e-01 +1.286675636e-01 +1.027386676e+02 +1.027386676e+02 +1.2500e+00 +1.2439e+00 -1.2515e+00 -1.2469e+00 -1.2442e+00
2167565 +7.937422127e-02 +7.937422127e-02 +1.026893742e+02 +1.026893742e+02 +1.2722e+00 +1.2020e+00 -1.2525e+00 -1.2566e+00 -1.2793e+00
2171258 +5.456920296e-02 +5.456920296e-02 +1.026645692e+02 +1.026645692e+02 +1.2742e+00 +1.2044e+00 -1.2532e+00 -1.2581e+00 -1.2781e+00
2171878 +3.076200771e-02 +3.076200771e-02 +1.026407620e+02 +1.026407620e+02 +1.2494e+00 +1.2521e+00 -1.2494e+00 -1.2500e+00 -1.2529e+00
2174023 +1.705517857e-02 +1.705517857e-02 +1.026270552e+02 +1.026270552e+02 +1.2515e+00 +1.2532e+00 -1.2499e+00 -1.2522e+00 -1.2510e+00
2181029 +9.285608103e-03 +9.285608103e-03 +1.026192856e+02 +1.026192856e+02 +1.2509e+00 +1.2519e+00 -1.2502e+00 -1.2503e+00 -1.2505e+00
2183871 +4.952891755e-03 +4.952891755e-03 +1.026149529e+02 +1.026149529e+02 +1.2498e+00 +1.2496e+00 -1.2502e+00 -1.2495e+00 -1.2502e+00
2197562 +2.588428791e-03 +2.588428791e-03 +1.026125884e+02 +1.026125884e+02 +1.2500e+00 +1.2499e+00 -1.2504e+00 -1.2499e+00 -1.2498e+00
2205321 +2.506948824e-03 +2.506948824e-03 +1.026125069e+02 +1.026125069e+02 +1.2503e+00 +1.2509e+00 -1.2497e+00 -1.2506e+00 -1.2503e+00
2207723 +5.653897285e-04 +5.653897285e-04 +1.026105654e+02 +1.026105654e+02 +1.2503e+00 +1.2506e+00 -1.2500e+00 -1.2504e+00 -1.2500e+00
2212030 +3.525545284e-04 +3.525545284e-04 +1.026103526e+02 +1.026103526e+02 +1.2499e+00 +1.2498e+00 -1.2499e+00 -1.2500e+00 -1.2499e+00
2214341 +1.567657971e-04 +1.567657971e-04 +1.026101568e+02 +1.026101568e+02 +1.2501e+00 +1.2503e+00 -1.2500e+00 -1.2501e+00 -1.2501e+00
2215329 +8.737341393e-05 +8.737341393e-05 +1.026100874e+02 +1.026100874e+02 +1.2500e+00 +1.2501e+00 -1.2500e+00 -1.2501e+00 -1.2501e+00
2215654 +2.873375018e-05 +2.873375018e-05 +1.026100287e+02 +1.026100287e+02 +1.2500e+00 +1.2501e+00 -1.2500e+00 -1.2501e+00 -1.2501e+00
2216220 +1.332786903e-05 +1.332786903e-05 +1.026100133e+02 +1.026100133e+02 +1.2500e+00 +1.2501e+00 -1.2500e+00 -1.2500e+00 -1.2500e+00
2216494 +3.497759295e-06 +3.497759295e-06 +1.026100035e+02 +1.026100035e+02 +1.2500e+00 +1.2500e+00 -1.2500e+00 -1.2500e+00 -1.2500e+00
2217846 +7.749866171e-07 +7.749866171e-07 +1.026100008e+02 +1.026100008e+02 +1.2500e+00 +1.2500e+00 -1.2500e+00 -1.2500e+00 -1.2500e+00
2218753 +4.516434444e-07 +4.516434444e-07 +1.026100005e+02 +1.026100005e+02 +1.2500e+00 +1.2500e+00 -1.2500e+00 -1.2500e+00 -1.2500e+00
2218931 +2.027604040e-07 +2.027604040e-07 +1.026100002e+02 +1.026100002e+02 +1.2500e+00 +1.2500e+00 -1.2500e+00 -1.2500e+00 -1.2500e+00
2220007 +7.595738793e-08 +7.595738793e-08 +1.026100001e+02 +1.026100001e+02 +1.2500e+00 +1.2500e+00 -1.2500e+00 -1.2500e+00 -1.2500e+00
2220104 +4.847174750e-08 +4.847174750e-08 +1.026100000e+02 +1.026100000e+02 +1.2500e+00 +1.2500e+00 -1.2500e+00 -1.2500e+00 -1.2500e+00
2220666 +2.652771514e-08 +2.652771514e-08 +1.026100000e+02 +1.026100000e+02 +1.2500e+00 +1.2500e+00 -1.2500e+00 -1.2500e+00 -1.2500e+00
2220881 +1.748198031e-08 +1.748198031e-08 +1.026100000e+02 +1.026100000e+02 +1.2500e+00 +1.2500e+00 -1.2500e+00 -1.2500e+00 -1.2500e+00
2221283 +1.262796445e-08 +1.262796445e-08 +1.026100000e+02 +1.026100000e+02 +1.2500e+00 +1.2500e+00 -1.2500e+00 -1.2500e+00 -1.2500e+00
2221412 +6.128161090e-09 +6.128161090e-09 +1.026100000e+02 +1.026100000e+02 +1.2500e+00 +1.2500e+00 -1.2500e+00 -1.2500e+00 -1.2500e+00
2222076 +5.399414249e-10 +5.399414249e-10 +1.026100000e+02 +1.026100000e+02 +1.2500e+00 +1.2500e+00 -1.2500e+00 -1.2500e+00 -1.2500e+00
% function evaluation | noise-free fitness - Fopt (1.026100000000e+02) | best noise-free fitness - Fopt | measured fitness | best measured fitness | x1 | x2...
1 +1.413730810e+02 +1.413730810e+02 +2.439830810e+02 +2.439830810e+02 +2.0124e-01 +2.9817e+00 -6.4705e-01 -2.1106e+00 +3.9251e+00
25 +8.774810914e+01 +8.774810914e+01 +1.903581091e+02 +1.903581091e+02 +1.5961e+00 +1.1788e+00 +7.8821e-02 +1.8918e+00 -8.4933e-02
34 +4.421651830e+01 +4.421651830e+01 +1.468265183e+02 +1.468265183e+02 +1.1980e+00 +2.7265e-01 -4.1923e-01 -2.3990e+00 +9.5010e-01
144 +3.499434951e+01 +3.499434951e+01 +1.376043495e+02 +1.376043495e+02 +7.7773e-01 +1.0597e+00 -9.3516e-01 -1.4771e-01 -2.8896e+00
250 +2.117917553e+01 +2.117917553e+01 +1.237891755e+02 +1.237891755e+02 +1.4248e+00 +1.9430e+00 -1.4802e+00 -7.4233e-01 -2.1830e+00
261 +1.370892819e+01 +1.370892819e+01 +1.163189282e+02 +1.163189282e+02 +1.4664e+00 +1.7850e+00 -1.2477e+00 -9.5153e-01 -2.1117e+00
941 +9.632539893e+00 +9.632539893e+00 +1.122425399e+02 +1.122425399e+02 +1.7432e+00 +1.8957e+00 -1.1375e+00 -8.6271e-01 -1.8331e+00
1110 +5.923601204e+00 +5.923601204e+00 +1.085336012e+02 +1.085336012e+02 +1.7586e+00 +1.9304e+00 -1.1320e+00 -8.7808e-01 -1.8425e+00
69882 +3.257721471e+00 +3.257721471e+00 +1.058677215e+02 +1.058677215e+02 +1.1546e+00 +1.3419e+00 -1.5077e+00 -9.9430e-01 -1.2143e+00
70008 +2.303485205e+00 +2.303485205e+00 +1.049134852e+02 +1.049134852e+02 +1.0173e+00 +1.2858e+00 -1.6084e+00 -1.0218e+00 -1.1446e+00
70623 +1.461894533e+00 +1.461894533e+00 +1.040718945e+02 +1.040718945e+02 +9.9732e-01 +1.3389e+00 -1.6043e+00 -1.0156e+00 -1.1233e+00
669109 +8.570750799e-01 +8.570750799e-01 +1.034670751e+02 +1.034670751e+02 +1.4082e+00 +1.1397e+00 -1.2914e+00 -1.0962e+00 -1.1722e+00
670174 +3.916899722e-01 +3.916899722e-01 +1.030016900e+02 +1.030016900e+02 +1.4176e+00 +1.1498e+00 -1.2926e+00 -1.1061e+00 -1.1699e+00
1142456 +2.154492272e-01 +2.154492272e-01 +1.028254492e+02 +1.028254492e+02 +1.4017e+00 +1.2595e+00 -1.1412e+00 -1.2433e+00 -1.3564e+00
% function evaluation | noise-free fitness - Fopt (1.026100000000e+02) | best noise-free fitness - Fopt | measured fitness | best measured fitness | x1 | x2...
1 +9.697649263e+01 +9.697649263e+01 +1.995864926e+02 +1.995864926e+02 +1.4355e-01 +2.0646e-01 +7.7209e-01 -1.8643e+00 +3.0708e+00
17 +6.031725439e+01 +6.031725439e+01 +1.629272544e+02 +1.629272544e+02 -1.8677e-02 -2.8790e+00 +2.9904e+00 -1.2809e+00 +3.5897e+00
63 +3.150863897e+01 +3.150863897e+01 +1.341186390e+02 +1.341186390e+02 -2.0656e+00 -1.7665e-01 +1.8326e+00 +1.3958e+00 +1.1014e+00
120 +2.358884773e+01 +2.358884773e+01 +1.261988477e+02 +1.261988477e+02 -2.0761e+00 +1.7087e-01 +9.7029e-01 +1.6939e+00 +5.3891e-01
960 +1.208365604e+01 +1.208365604e+01 +1.146936560e+02 +1.146936560e+02 -1.7638e+00 -1.9919e+00 +2.2843e+00 +9.5450e-01 +1.5518e+00
1149 +8.855333187e+00 +8.855333187e+00 +1.114653332e+02 +1.114653332e+02 -1.7757e+00 -1.9218e+00 +2.2803e+00 +9.4228e-01 +1.5632e+00
9994 +6.303640351e+00 +6.303640351e+00 +1.089136404e+02 +1.089136404e+02 -1.2254e+00 -1.9605e+00 +1.3669e+00 +1.7698e+00 +1.3193e+00
127408 +3.468875918e+00 +3.468875918e+00 +1.060788759e+02 +1.060788759e+02 +1.4248e+00 +1.4518e+00 -1.2241e+00 -1.2753e+00 -1.3897e+00
127599 +2.266013956e+00 +2.266013956e+00 +1.048760140e+02 +1.048760140e+02 +1.4017e+00 +1.4869e+00 -1.2219e+00 -1.2790e+00 -1.3562e+00
127705 +1.421226160e+00 +1.421226160e+00 +1.040312262e+02 +1.040312262e+02 +1.4510e+00 +1.3925e+00 -1.2239e+00 -1.2804e+00 -1.4026e+00
127787 +7.930588724e-01 +7.930588724e-01 +1.034030589e+02 +1.034030589e+02 +1.4238e+00 +1.4282e+00 -1.2218e+00 -1.2699e+00 -1.3659e+00
128058 +4.668449830e-01 +4.668449830e-01 +1.030768450e+02 +1.030768450e+02 +1.4265e+00 +1.4300e+00 -1.2254e+00 -1.2818e+00 -1.3627e+00
128288 +3.795432201e-01 +3.795432201e-01 +1.029895432e+02 +1.029895432e+02 +1.4243e+00 +1.4270e+00 -1.2248e+00 -1.2758e+00 -1.3639e+00
2912982 +2.258271145e-01 +2.258271145e-01 +1.028358271e+02 +1.028358271e+02 +1.2704e+00 +1.2041e+00 -1.2493e+00 -1.2532e+00 -1.2823e+00
2923655 +1.102364620e-01 +1.102364620e-01 +1.027202365e+02 +1.027202365e+02 +1.2482e+00 +1.2450e+00 -1.2504e+00 -1.2513e+00 -1.2490e+00
2939814 +4.599765336e-02 +4.599765336e-02 +1.026559977e+02 +1.026559977e+02 +1.2258e+00 +1.2944e+00 -1.2477e+00 -1.2417e+00 -1.2204e+00
2947736 +3.645529080e-02 +3.645529080e-02 +1.026464553e+02 +1.026464553e+02 +1.2481e+00 +1.2479e+00 -1.2497e+00 -1.2478e+00 -1.2498e+00
2956192 +1.270576433e-02 +1.270576433e-02 +1.026227058e+02 +1.026227058e+02 +1.2490e+00 +1.2491e+00 -1.2496e+00 -1.2489e+00 -1.2500e+00
2995086 +6.520490999e-03 +6.520490999e-03 +1.026165205e+02 +1.026165205e+02 +1.2495e+00 +1.2494e+00 -1.2494e+00 -1.2499e+00 -1.2504e+00
3017463 +5.403682810e-03 +5.403682810e-03 +1.026154037e+02 +1.026154037e+02 +1.2498e+00 +1.2499e+00 -1.2497e+00 -1.2496e+00 -1.2498e+00
3038323 +1.551732591e-03 +1.551732591e-03 +1.026115517e+02 +1.026115517e+02 +1.2498e+00 +1.2496e+00 -1.2501e+00 -1.2501e+00 -1.2498e+00
3108993 +7.004376712e-04 +7.004376712e-04 +1.026107004e+02 +1.026107004e+02 +1.2498e+00 +1.2499e+00 -1.2499e+00 -1.2498e+00 -1.2501e+00
3110635 +5.884764341e-04 +5.884764341e-04 +1.026105885e+02 +1.026105885e+02 +1.2497e+00 +1.2498e+00 -1.2500e+00 -1.2499e+00 -1.2502e+00
3114271 +5.910947257e-05 +5.910947257e-05 +1.026100591e+02 +1.026100591e+02 +1.2500e+00 +1.2500e+00 -1.2501e+00 -1.2500e+00 -1.2500e+00
% function evaluation | noise-free fitness - Fopt (9.330000000000e+01) | best noise-free fitness - Fopt | measured fitness | best measured fitness | x1 | x2...
1 +8.034167235e+01 +8.034167235e+01 +1.736416724e+02 +1.736416724e+02 +1.8880e-01 +1.0430e+00 -1.3223e+00 -1.1151e+00 +5.3244e-01
8 +6.103827436e+01 +6.103827436e+01 +1.543382744e+02 +1.543382744e+02 +8.5807e-01 -3.0759e-01 -3.6283e+00 +8.0341e-01 +3.4651e+00
95 +3.951064182e+01 +3.951064182e+01 +1.328106418e+02 +1.328106418e+02 -9.3085e-01 +2.1060e+00 -3.1357e+00 +9.2715e-01 -2.0039e-01
509 +2.038344601e+01 +2.038344601e+01 +1.136834460e+02 +1.136834460e+02 -3.6689e+00 +5.8577e-01 -8.7213e-01 +2.3518e+00 +1.0954e+00
752 +1.215047302e+01 +1.215047302e+01 +1.054504730e+02 +1.054504730e+02 -2.4788e+00 +1.4050e+00 -1.5187e+00 +2.2296e+00 +2.8590e+00
6405 +9.923807566e+00 +9.923807566e+00 +1.032238076e+02 +1.032238076e+02 -2.1722e+00 +5.6504e-01 -7.8157e-01 +2.0936e+00 +1.4455e+00
15928 +6.295023854e+00 +6.295023854e+00 +9.959502385e+01 +9.959502385e+01 -1.4002e+00 +1.7846e+00 -1.1326e+00 +1.3669e+00 +1.6377e+00
93114 +3.058318298e+00 +3.058318298e+00 +9.635831830e+01 +9.635831830e+01 +1.1917e+00 -8.2355e-01 +1.3852e+00 -1.5193e+00 -1.3008e+00
144511 +1.460516118e+00 +1.460516118e+00 +9.476051612e+01 +9.476051612e+01 +1.2890e+00 -1.1774e+00 +1.3282e+00 -1.3158e+00 -1.5724e+00
144756 +8.851780229e-01 +8.851780229e-01 +9.418517802e+01 +9.418517802e+01 +1.2879e+00 -1.1838e+00 +1.3189e+00 -1.3040e+00 -1.5770e+00
144909 +6.170774723e-01 +6.170774723e-01 +9.391707747e+01 +9.391707747e+01 +1.2823e+00 -1.1778e+00 +1.3329e+00 -1.3094e+00 -1.5721e+00
1371255 +1.008901307e-01 +1.008901307e-01 +9.340089013e+01 +9.340089013e+01 +1.2475e+00 -1.2513e+00 +1.2506e+00 -1.2489e+00 -1.2494e+00
1372315 +8.711225509e-02 +8.711225509e-02 +9.338711226e+01 +9.338711226e+01 +1.2475e+00 -1.2479e+00 +1.2569e+00 -1.2536e+00 -1.2476e+00
1373148 +3.612387223e-02 +3.612387223e-02 +9.333612387e+01 +9.333612387e+01 +1.2508e+00 -1.2505e+00 +1.2496e+00 -1.2489e+00 -1.2491e+00
1374155 +1.379396352e-02 +1.379396352e-02 +9.331379396e+01 +9.331379396e+01 +1.2489e+00 -1.2497e+00 +1.2516e+00 -1.2498e+00 -1.2490e+00
1374275 +7.127118706e-03 +7.127118706e-03 +9.330712712e+01 +9.330712712e+01 +1.2508e+00 -1.2500e+00 +1.2493e+00 -1.2495e+00 -1.2491e+00
1375279 +5.998966994e-03 +5.998966994e-03 +9.330599897e+01 +9.330599897e+01 +1.2498e+00 -1.2494e+00 +1.2512e+00 -1.2505e+00 -1.2499e+00
1375550 +2.014807586e-03 +2.014807586e-03 +9.330201481e+01 +9.330201481e+01 +1.2504e+00 -1.2500e+00 +1.2494e+00 -1.2500e+00 -1.2503e+00
1376174 +9.712774110e-04 +9.712774110e-04 +9.330097128e+01 +9.330097128e+01 +1.2497e+00 -1.2498e+00 +1.2508e+00 -1.2502e+00 -1.2499e+00
1377126 +3.338189730e-04 +3.338189730e-04 +9.330033382e+01 +9.330033382e+01 +1.2501e+00 -1.2501e+00 +1.2497e+00 -1.2498e+00 -1.2501e+00
1377893 +1.953540945e-04 +1.953540945e-04 +9.330019535e+01 +9.330019535e+01 +1.2503e+00 -1.2500e+00 +1.2497e+00 -1.2499e+00 -1.2499e+00
1378224 +1.581511405e-04 +1.581511405e-04 +9.330015815e+01 +9.330015815e+01 +1.2499e+00 -1.2500e+00 +1.2500e+00 -1.2501e+00 -1.2501e+00
1378811 +8.836285332e-05 +8.836285332e-05 +9.330008836e+01 +9.330008836e+01 +1.2501e+00 -1.2500e+00 +1.2499e+00 -1.2500e+00 -1.2500e+00
1379129 +4.012167005e-05 +4.012167005e-05 +9.330004012e+01 +9.330004012e+01 +1.2500e+00 -1.2499e+00 +1.2501e+00 -1.2500e+00 -1.2499e+00
1379811 +1.401906557e-05 +1.401906557e-05 +9.330001402e+01 +9.330001402e+01 +1.2500e+00 -1.2500e+00 +1.2500e+00 -1.2500e+00 -1.2500e+00
1380984 +5.463021594e-06 +5.463021594e-06 +9.330000546e+01 +9.330000546e+01 +1.2500e+00 -1.2500e+00 +1.2500e+00 -1.2500e+00 -1.2500e+00
1381633 +3.939655315e-06 +3.939655315e-06 +9.330000394e+01 +9.330000394e+01 +1.2500e+00 -1.2500e+00 +1.2500e+00 -1.2500e+00 -1.2500e+00
1381870 +1.981659025e-06 +1.981659025e-06 +9.330000198e+01 +9.330000198e+01 +1.2500e+00 -1.2500e+00 +1.2500e+00 -1.2500e+00 -1.2500e+00
1382276 +1.080859306e-06 +1.080859306e-06 +9.330000108e+01 +9.330000108e+01 +1.2500e+00 -1.2500e+00 +1.2500e+00 -1.2500e+00 -1.2500e+00
1382611 +8.794558823e-07 +8.794558823e-07 +9.330000088e+01 +9.330000088e+01 +1.2500e+00 -1.2500e+00 +1.2500e+00 -1.2500e+00 -1.2500e+00
1382854 +2.394521204e-07 +2.394521204e-07 +9.330000024e+01 +9.330000024e+01 +1.2500e+00 -1.2500e+00 +1.2500e+00 -1.2500e+00 -1.2500e+00
1384659 +1.298326424e-07 +1.298326424e-07 +9.330000013e+01 +9.330000013e+01 +1.2500e+00 -1.2500e+00 +1.2500e+00 -1.2500e+00 -1.2500e+00
1385149 +8.162187726e-08 +8.162187726e-08 +9.330000008e+01 +9.330000008e+01 +1.2500e+00 -1.2500e+00 +1.2500e+00 -1.2500e+00 -1.2500e+00
1385344 +5.844724171e-08 +5.844724171e-08 +9.330000006e+01 +9.330000006e+01 +1.2500e+00 -1.2500e+00 +1.2500e+00 -1.2500e+00 -1.2500e+00
1385909 +3.420278460e-08 +3.420278460e-08 +9.330000003e+01 +9.330000003e+01 +1.2500e+00 -1.2500e+00 +1.2500e+00 -1.2500e+00 -1.2500e+00
1386150 +2.048300018e-08 +2.048300018e-08 +9.330000002e+01 +9.330000002e+01 +1.2500e+00 -1.2500e+00 +1.2500e+00 -1.2500e+00 -1.2500e+00
1386452 +8.996011047e-09 +8.996011047e-09 +9.330000001e+01 +9.330000001e+01 +1.2500e+00 -1.2500e+00 +1.2500e+00 -1.2500e+00 -1.2500e+00
1387222 +4.015561217e-10 +4.015561217e-10 +9.330000000e+01 +9.330000000e+01 +1.2500e+00 -1.2500e+00 +1.2500e+00 -1.2500e+00 -1.2500e+00
% function evaluation | noise-free fitness - Fopt (9.330000000000e+01) | best noise-free fitness - Fopt | measured fitness | best measured fitness | x1 | x2...
1 +7.678752698e+01 +7.678752698e+01 +1.700875270e+02 +1.700875270e+02 -1.8476e+00 +7.2074e-01 -1.0068e+00 -1.3040e-01 -1.1503e+00
8 +5.441797320e+01 +5.441797320e+01 +1.477179732e+02 +1.477179732e+02 +2.2596e-01 +4.2815e+00 +2.2990e-01 -6.2134e-01 +1.3312e+00
44 +2.507488306e+01 +2.507488306e+01 +1.183748831e+02 +1.183748831e+02 -1.5949e+00 +1.6041e+00 -4.0857e-01 +6.0234e-01 +1.9306e+00
1521 +1.562097683e+01 +1.562097683e+01 +1.089209768e+02 +1.089209768e+02 -1.9374e+00 +4.0730e-01 -1.5661e+00 +4.6995e-01 +2.4453e+00
3170 +7.684898515e+00 +7.684898515e+00 +1.009848985e+02 +1.009848985e+02 +1.2230e+00 -1.4967e+00 +1.3565e+00 -8.4387e-01 -8.8811e-01
3779 +4.597958412e+00 +4.597958412e+00 +9.789795841e+01 +9.789795841e+01 +1.3419e+00 -1.5532e+00 +1.1544e+00 -8.6205e-01 -8.5933e-01
3810 +3.748388263e+00 +3.748388263e+00 +9.704838826e+01 +9.704838826e+01 +1.3429e+00 -1.5563e+00 +1.1573e+00 -8.6703e-01 -8.5933e-01
4031 +2.442792125e+00 +2.442792125e+00 +9.574279213e+01 +9.574279213e+01 +1.3582e+00 -1.5574e+00 +1.1402e+00 -8.6618e-01 -8.5477e-01
75603 +1.562599334e+00 +1.562599334e+00 +9.486259933e+01 +9.486259933e+01 +1.1691e+00 -1.6627e+00 +1.2314e+00 -1.3181e+00 -1.3971e+00
76103 +9.573295034e-01 +9.573295034e-01 +9.425732950e+01 +9.425732950e+01 +1.1802e+00 -1.6683e+00 +1.2068e+00 -1.3115e+00 -1.3991e+00
1339693 +4.094014415e-01 +4.094014415e-01 +9.370940144e+01 +9.370940144e+01 +1.1631e+00 -1.4397e+00 +1.1490e+00 -1.2957e+00 -1.2709e+00
1339738 +3.863312345e-01 +3.863312345e-01 +9.368633123e+01 +9.368633123e+01 +1.1680e+00 -1.4360e+00 +1.1518e+00 -1.2969e+00 -1.2615e+00
1340327 +2.489348541e-01 +2.489348541e-01 +9.354893485e+01 +9.354893485e+01 +1.1643e+00 -1.4385e+00 +1.1536e+00 -1.2966e+00 -1.2674e+00
% function evaluation | noise-free fitness - Fopt (9.330000000000e+01) | best noise-free fitness - Fopt | measured fitness | best measured fitness | x1 | x2...
1 +1.466893986e+02 +1.466893986e+02 +2.399893986e+02 +2.399893986e+02 +1.4578e+00 +2.5383e+00 +3.0040e+00 +2.7534e+00 -3.0758e+00
10 +8.482074586e+01 +8.482074586e+01 +1.781207459e+02 +1.781207459e+02 -7.9529e-01 +4.4254e+00 +1.0518e+00 +3.1975e+00 +4.1304e-01
26 +5.613839581e+01 +5.613839581e+01 +1.494383958e+02 +1.494383958e+02 -1.6625e+00 +2.7325e+00 +1.9046e-01 +1.8611e+00 +7.1386e-01
65 +3.566205701e+01 +3.566205701e+01 +1.289620570e+02 +1.289620570e+02 -1.7441e+00 +1.9967e+00 -1.1364e+00 +1.2321e+00 +1.6396e+00
76 +2.081286589e+01 +2.081286589e+01 +1.141128659e+02 +1.141128659e+02 -2.2675e+00 +2.0900e+00 -1.2434e+00 +2.0098e+00 +1.8498e+00
2023 +1.538167316e+01 +1.538167316e+01 +1.086816732e+02 +1.086816732e+02 -2.9336e+00 +2.1043e+00 -2.0530e+00 +1.0248e+00 +2.4905e+00
2505 +9.987044945e+00 +9.987044945e+00 +1.032870449e+02 +1.032870449e+02 -2.8978e+00 +2.1156e+00 -2.0667e+00 +1.0120e+00 +2.5032e+00
5870 +4.688199052e+00 +4.688199052e+00 +9.798819905e+01 +9.798819905e+01 +1.5548e+00 -1.2910e+00 +1.6751e+00 -1.4198e+00 -7.3066e-01
6503 +3.891513921e+00 +3.891513921e+00 +9.719151392e+01 +9.719151392e+01 +1.5068e+00 -1.2631e+00 +1.2751e+00 -1.3416e+00 -7.9259e-01
6632 +2.285160512e+00 +2.285160512e+00 +9.558516051e+01 +9.558516051e+01 +1.4903e+00 -1.2652e+00 +1.2975e+00 -1.3456e+00 -7.9394e-01
6653 +1.451874565e+00 +1.451874565e+00 +9.475187457e+01 +9.475187457e+01 +1.4829e+00 -1.2692e+00 +1.2969e+00 -1.3508e+00 -8.0024e-01
206260 +3.760078740e-01 +3.760078740e-01 +9.367600787e+01 +9.367600787e+01 +1.1417e+00 -1.2938e+00 +1.0810e+00 -1.0728e+00 -1.1713e+00
219952 +2.404798031e-01 +2.404798031e-01 +9.354047980e+01 +9.354047980e+01 +1.0608e+00 -1.3236e+00 +1.2207e+00 -1.2234e+00 -1.1249e+00
% function evaluation | noise-free fitness - Fopt (1.364000000000e+01) | best noise-free fitness - Fopt | measured fitness | best measured fitness | x1 | x2...
1 +1.643595731e+02 +1.643595731e+02 +1.779995731e+02 +1.779995731e+02 +3.0495e+00 +3.4604e+00 -1.3403e+00 +2.2326e+00 +3.2591e+00
3 +1.571783655e+02 +1.571783655e+02 +1.708183655e+02 +1.708183655e+02 +1.3446e+00 +2.7911e+00 +1.4944e+00 +3.8299e+00 +7.0118e-01
15 +6.588813276e+01 +6.588813276e+01 +7.952813276e+01 +7.952813276e+01 +1.2281e+00 +1.0274e+00 -7.4564e-01 +2.9195e+00 -1.6112e+00
21 +6.097712517e+01 +6.097712517e+01 +7.461712517e+01 +7.461712517e+01 -1.1279e+00 +2.5704e-01 -3.3549e+00 +2.0009e+00 +9.2556e-01
80 +3.382383885e+01 +3.382383885e+01 +4.746383885e+01 +4.746383885e+01 -9.0605e-01 -1.4448e+00 +5.4606e-02 +7.9877e-01 -3.8291e+00
455 +1.708433251e+01 +1.708433251e+01 +3.072433251e+01 +3.072433251e+01 -2.8924e+00 -5.5899e-01 -1.8367e+00 +6.4651e-01 -1.7196e+00
558 +1.037022866e+01 +1.037022866e+01 +2.401022866e+01 +2.401022866e+01 -2.4125e+00 -1.0228e+00 -1.5707e+00 +1.2139e+00 -2.0115e+00
1311 +9.661723722e+00 +9.661723722e+00 +2.330172372e+01 +2.330172372e+01 -2.3981e+00 -1.1604e+00 -1.4866e+00 +1.4688e+00 -1.8999e+00
3510 +4.643065270e+00 +4.643065270e+00 +1.828306527e+01 +1.828306527e+01 +1.2044e+00 +1.0248e+00 +8.6462e-01 -1.0284e+00 +1.3398e+00
4050 +3.780467831e+00 +3.780467831e+00 +1.742046783e+01 +1.742046783e+01 +1.2128e+00 +8.9287e-01 +9.6296e-01 -9.2715e-01 +1.4233e+00
4276 +1.919266637e+00 +1.919266637e+00 +1.555926664e+01 +1.555926664e+01 +1.2261e+00 +9.0583e-01 +9.6763e-01 -9.3818e-01 +1.4300e+00
4371 +1.542848689e+00 +1.542848689e+00 +1.518284869e+01 +1.518284869e+01 +1.2407e+00 +9.1564e-01 +9.7622e-01 -9.4941e-01 +1.4361e+00
34699 +9.758531950e-01 +9.758531950e-01 +1.461585320e+01 +1.461585320e+01 +9.2977e-01 +1.3068e+00 +1.0233e+00 -1.3924e+00 +1.4451e+00
1262967 +6.070955491e-01 +6.070955491e-01 +1.424709555e+01 +1.424709555e+01 +1.2103e+00 +1.2099e+00 +1.3179e+00 -1.0384e+00 +1.3994e+00
1264089 +3.950579060e-01 +3.950579060e-01 +1.403505791e+01 +1.403505791e+01 +1.2120e+00 +1.2079e+00 +1.3180e+00 -1.0390e+00 +1.3991e+00
% function evaluation | noise-free fitness - Fopt (1.364000000000e+01) | best noise-free fitness - Fopt | measured fitness | best measured fitness | x1 | x2...
1 +2.201406033e+02 +2.201406033e+02 +2.337806033e+02 +2.337806033e+02 +3.7414e+00 -3.6406e+00 -3.2827e+00 -3.3009e+00 +3.6973e+00
21 +1.564637409e+02 +1.564637409e+02 +1.701037409e+02 +1.701037409e+02 +2.5567e+00 -8.1572e-01 -7.5455e-01 -4.8621e-01 +4.7998e+00
27 +9.392258516e+01 +9.392258516e+01 +1.075625852e+02 +1.075625852e+02 -4.1806e-01 +4.5137e-02 +1.1321e+00 -9.5737e-01 +3.1261e+00
114 +4.044944869e+01 +4.044944869e+01 +5.408944869e+01 +5.408944869e+01 -1.5003e+00 -2.8414e+00 -1.5499e+00 +2.9884e+00 +6.9384e-01
133 +3.722958410e+01 +3.722958410e+01 +5.086958410e+01 +5.086958410e+01 -1.5734e+00 -2.8056e+00 -1.5769e+00 +3.7231e+00 -5.0811e-01
318 +1.963108723e+01 +1.963108723e+01 +3.327108723e+01 +3.327108723e+01 -9.1440e-01 -1.0746e+00 -2.8320e+00 +2.2577e+00 -1.6570e+00
1375 +1.573506665e+01 +1.573506665e+01 +2.937506665e+01 +2.937506665e+01 -9.9616e-01 -2.3157e+00 -3.0182e+00 +2.4480e+00 -2.3037e+00
5832 +9.125070017e+00 +9.125070017e+00 +2.276507002e+01 +2.276507002e+01 -2.0651e+00 -9.0358e-01 -1.6717e+00 +2.2278e+00 -1.5360e+00
40609 +4.993357940e+00 +4.993357940e+00 +1.863335794e+01 +1.863335794e+01 +1.0080e+00 +1.1050e+00 +1.5942e+00 -1.2572e+00 +1.4738e+00
40850 +3.676127609e+00 +3.676127609e+00 +1.731612761e+01 +1.731612761e+01 +8.5155e-01 +9.4858e-01 +1.3707e+00 -1.2919e+00 +1.3561e+00
46042 +2.057594503e+00 +2.057594503e+00 +1.569759450e+01 +1.569759450e+01 +1.0901e+00 +9.8289e-01 +1.3849e+00 -8.5617e-01 +1.3288e+00
46398 +1.427181831e+00 +1.427181831e+00 +1.506718183e+01 +1.506718183e+01 +1.0909e+00 +9.8300e-01 +1.3904e+00 -8.5778e-01 +1.3313e+00
126673 +9.991529572e-01 +9.991529572e-01 +1.463915296e+01 +1.463915296e+01 +1.4817e+00 +1.5739e+00 +1.3567e+00 -1.2073e+00 +1.4504e+00
301589 +3.849792629e-01 +3.849792629e-01 +1.402497926e+01 +1.402497926e+01 +1.2460e+00 +1.3553e+00 +1.2803e+00 -1.4128e+00 +1.2096e+00
301636 +2.277238440e-01 +2.277238440e-01 +1.386772384e+01 +1.386772384e+01 +1.2512e+00 +1.3601e+00 +1.2816e+00 -1.4131e+00 +1.2124e+00
1384759 +1.467670504e-01 +1.467670504e-01 +1.378676705e+01 +1.378676705e+01 +1.2395e+00 +1.2560e+00 +1.1422e+00 -1.3049e+00 +1.1373e+00
% function evaluation | noise-free fitness - Fopt (1.364000000000e+01) | best noise-free fitness - Fopt | measured fitness | best measured fitness | x1 | x2...
1 +1.154556868e+02 +1.154556868e+02 +1.290956868e+02 +1.290956868e+02 -2.4110e+00 +2.1461e+00 -6.3334e-01 -8.2119e-01 +1.1865e+00
10 +6.427855947e+01 +6.427855947e+01 +7.791855947e+01 +7.791855947e+01 -3.2032e+00 +2.2018e-01 +1.0876e+00 -5.5153e-01 -2.9768e+00
15 +5.989421990e+01 +5.989421990e+01 +7.353421990e+01 +7.353421990e+01 +5.1661e-02 +1.6229e+00 +1.2624e+00 +6.1081e-01 +2.6477e-01
50 +3.896019427e+01 +3.896019427e+01 +5.260019427e+01 +5.260019427e+01 -2.8779e+00 -3.1509e+00 -2.0711e+00 +1.5949e+00 -9.0238e-01
198 +2.480404463e+01 +2.480404463e+01 +3.844404463e+01 +3.844404463e+01 -1.4091e+00 -3.0099e+00 -1.6254e+00 +1.5667e+00 -1.9552e+00
1455 +1.193552854e+01 +1.193552854e+01 +2.557552854e+01 +2.557552854e+01 -1.5081e+00 -1.9490e+00 -1.5874e+00 +1.6470e+00 -1.2035e+00
5143 +9.174012767e+00 +9.174012767e+00 +2.281401277e+01 +2.281401277e+01 -1.5835e+00 -1.8338e+00 -2.2513e+00 +1.2977e+00 -2.2811e+00
13808 +6.246624847e+00 +6.246624847e+00 +1.988662485e+01 +1.988662485e+01 -1.9195e+00 -1.0576e+00 -1.5175e+00 +1.8003e+00 -1.4956e+00
75157 +3.589998373e+00 +3.589998373e+00 +1.722999837e+01 +1.722999837e+01 +1.5781e+00 +1.5908e+00 +9.2366e-01 -8.0117e-01 +1.6220e+00
308494 +1.708125081e+00 +1.708125081e+00 +1.534812508e+01 +1.534812508e+01 +1.6248e+00 +9.1053e-01 +1.2430e+00 -9.6185e-01 +1.2147e+00
309003 +1.540786683e+00 +1.540786683e+00 +1.518078668e+01 +1.518078668e+01 +1.6112e+00 +9.0709e-01 +1.2394e+00 -9.7052e-01 +1.2164e+00
326658 +9.975007059e-01 +9.975007059e-01 +1.463750071e+01 +1.463750071e+01 +1.2414e+00 +1.4769e+00 +1.2042e+00 -1.6294e+00 +1.0667e+00
690358 +5.910450382e-01 +5.910450382e-01 +1.423104504e+01 +1.423104504e+01 +9.8383e-01 +1.3387e+00 +1.2468e+00 -1.3594e+00 +1.3230e+00
690948 +3.948302170e-01 +3.948302170e-01 +1.403483022e+01 +1.403483022e+01 +9.8609e-01 +1.3425e+00 +1.2480e+00 -1.3664e+00 +1.3285e+00
% function evaluation | noise-free fitness - Fopt (1.948000000000e+02) | best noise-free fitness - Fopt | measured fitness | best measured fitness | x1 | x2...
1 +1.223814840e+02 +1.223814840e+02 +3.171814840e+02 +3.171814840e+02 +2.2409e+00 -7.4787e-01 +3.1514e+00 +1.3185e+00 +2.8184e+00
11 +8.970139333e+01 +8.970139333e+01 +2.845013933e+02 +2.845013933e+02 -1.4807e+00 -3.9564e+00 +1.4868e+00 +6.6830e-01 +2.0765e+00
19 +6.064186530e+01 +6.064186530e+01 +2.554418653e+02 +2.554418653e+02 -6.4690e-02 -2.2259e+00 -2.7452e-01 +2.9475e+00 +1.4291e+00
86 +3.326481383e+01 +3.326481383e+01 +2.280648138e+02 +2.280648138e+02 -1.0691e+00 -1.0135e+00 +2.4857e-02 +2.2796e+00 +1.3758e+00
95 +2.397776904e+01 +2.397776904e+01 +2.187777690e+02 +2.187777690e+02 -6.1432e-01 -7.1789e-01 -1.4702e+00 +1.7962e+00 +1.0672e+00
1340 +1.517494452e+01 +1.517494452e+01 +2.099749445e+02 +2.099749445e+02 -1.0755e+00 -1.5245e+00 +1.3920e-01 +1.3477e+00 +9.5139e-01
2157 +9.955359460e+00 +9.955359460e+00 +2.047553595e+02 +2.047553595e+02 -1.0391e+00 -1.5023e+00 +9.4844e-02 +1.3579e+00 +9.6429e-01
7079 +6.167889488e+00 +6.167889488e+00 +2.009678895e+02 +2.009678895e+02 +1.9425e+00 +1.8640e+00 +1.0427e+00 -1.7113e+00 -1.6395e+00
10939 +3.384961681e+00 +3.384961681e+00 +1.981849617e+02 +1.981849617e+02 -9.0738e-01 -1.6358e+00 -9.9571e-01 +1.1483e+00 +1.0128e+00
11175 +2.307463082e+00 +2.307463082e+00 +1.971074631e+02 +1.971074631e+02 -9.0551e-01 -1.6320e+00 -9.9228e-01 +1.1612e+00 +1.0123e+00
11570 +1.581339208e+00 +1.581339208e+00 +1.963813392e+02 +1.963813392e+02 -9.0593e-01 -1.6235e+00 -9.9721e-01 +1.1668e+00 +1.0099e+00
1229904 +5.943110873e-01 +5.943110873e-01 +1.953943111e+02 +1.953943111e+02 -1.1433e+00 -1.0961e+00 -1.2463e+00 +1.2871e+00 +1.0604e+00
1232359 +2.813764878e-01 +2.813764878e-01 +1.950813765e+02 +1.950813765e+02 -1.1801e+00 -1.2775e+00 -1.3072e+00 +1.2679e+00 +1.0896e+00
1232669 +2.189003391e-01 +2.189003391e-01 +1.950189003e+02 +1.950189003e+02 -1.1796e+00 -1.2749e+00 -1.3056e+00 +1.2637e+00 +1.0915e+00
1232960 +1.567534841e-01 +1.567534841e-01 +1.949567535e+02 +1.949567535e+02 -1.1796e+00 -1.2741e+00 -1.3037e+00 +1.2644e+00 +1.0930e+00
2718856 +8.340403375e-02 +8.340403375e-02 +1.948834040e+02 +1.948834040e+02 -1.2482e+00 -1.2452e+00 -1.2504e+00 +1.2490e+00 +1.2504e+00
2770556 +4.028862741e-02 +4.028862741e-02 +1.948402886e+02 +1.948402886e+02 -1.2506e+00 -1.2521e+00 -1.2502e+00 +1.2512e+00 +1.2502e+00
2786912 +3.830654878e-02 +3.830654878e-02 +1.948383065e+02 +1.948383065e+02 -1.2503e+00 -1.2480e+00 -1.2513e+00 +1.2509e+00 +1.2495e+00
% function evaluation | noise-free fitness - Fopt (1.948000000000e+02) | best noise-free fitness - Fopt | measured fitness | best measured fitness | x1 | x2...
1 +1.346379550e+02 +1.346379550e+02 +3.294379550e+02 +3.294379550e+02 +1.1990e+00 +2.9473e+00 -3.3676e+00 -2.1663e-01 +2.2627e+00
5 +7.600103579e+01 +7.600103579e+01 +2.708010358e+02 +2.708010358e+02 +3.1890e+00 +2.4103e+00 -2.7223e+00 -1.6207e+00 -3.1045e-01
37 +5.888308098e+01 +5.888308098e+01 +2.536830810e+02 +2.536830810e+02 +1.9356e+00 +8.5597e-01 -7.3251e-01 -4.4571e-01 -3.3177e+00
97 +2.575461921e+01 +2.575461921e+01 +2.205546192e+02 +2.205546192e+02 +2.0696e+00 -7.7137e-01 +1.7482e+00 -8.5947e-01 -3.2757e+00
372 +2.508031292e+01 +2.508031292e+01 +2.198803129e+02 +2.198803129e+02 +3.2356e+00 +1.7061e+00 +1.2024e+00 -8.8201e-01 -2.5928e+00
3316 +1.361169710e+01 +1.361169710e+01 +2.084116971e+02 +2.084116971e+02 +1.7267e+00 +1.3063e+00 +9.5542e-01 -1.5726e+00 -1.2607e+00
4557 +9.478115871e+00 +9.478115871e+00 +2.042781159e+02 +2.042781159e+02 +1.9697e+00 +1.3926e+00 +1.1997e+00 -1.8703e+00 -1.3578e+00
5208 +6.279510025e+00 +6.279510025e+00 +2.010795100e+02 +2.010795100e+02 +1.9749e+00 +1.3748e+00 +1.2067e+00 -1.8912e+00 -1.3548e+00
298208 +3.087411242e+00 +3.087411242e+00 +1.978874112e+02 +1.978874112e+02 -1.4158e+00 -1.1026e+00 -1.4027e+00 +1.2918e+00 +1.1961e+00
301005 +2.119502275e+00 +2.119502275e+00 +1.969195023e+02 +1.969195023e+02 -1.3915e+00 -1.2509e+00 -1.4003e+00 +1.1937e+00 +1.4222e+00
301245 +1.574589797e+00 +1.574589797e+00 +1.963745898e+02 +1.963745898e+02 -1.3942e+00 -1.2486e+00 -1.4004e+00 +1.2187e+00 +1.4218e+00
301687 +8.943034592e-01 +8.943034592e-01 +1.956943035e+02 +1.956943035e+02 -1.3952e+00 -1.2515e+00 -1.3933e+00 +1.2159e+00 +1.4245e+00
301839 +6.065566116e-01 +6.065566116e-01 +1.954065566e+02 +1.954065566e+02 -1.3951e+00 -1.2541e+00 -1.3949e+00 +1.2096e+00 +1.4237e+00
302149 +3.740553513e-01 +3.740553513e-01 +1.951740554e+02 +1.951740554e+02 -1.3867e+00 -1.2507e+00 -1.3889e+00 +1.2002e+00 +1.4299e+00
% function evaluation | noise-free fitness - Fopt (1.948000000000e+02) | best noise-free fitness - Fopt | measured fitness | best measured fitness | x1 | x2...
1 +1.218411974e+02 +1.218411974e+02 +3.166411974e+02 +3.166411974e+02 -2.7179e+00 +5.0439e-01 -3.7426e-01 +3.7750e+00 -1.2171e+00
2 +7.668959259e+01 +7.668959259e+01 +2.714895926e+02 +2.714895926e+02 -1.2148e+00 +2.2161e+00 -1.0623e+00 +1.7000e+00 -2.6603e+00
7 +5.491551217e+01 +5.491551217e+01 +2.497155122e+02 +2.497155122e+02 +3.7302e-01 +1.7199e+00 -1.6086e+00 +1.8140e+00 +1.1202e+00
114 +3.249902525e+01 +3.249902525e+01 +2.272990253e+02 +2.272990253e+02 +2.2017e+00 +1.2422e+00 -1.6978e-01 -2.4101e-02 -2.3414e+00
251 +2.000557720e+01 +2.000557720e+01 +2.148055772e+02 +2.148055772e+02 +2.1082e+00 +1.7809e+00 +2.6026e+00 -1.2208e+00 -1.8876e+00
1169 +1.498104948e+01 +1.498104948e+01 +2.097810495e+02 +2.097810495e+02 +1.3977e+00 +1.7915e+00 +1.4628e+00 -1.2849e+00 -3.1713e+00
6194 +9.687150592e+00 +9.687150592e+00 +2.044871506e+02 +2.044871506e+02 +1.9069e+00 +1.7526e+00 +1.1188e+00 -1.3251e+00 -2.0607e+00
8330 +6.220876393e+00 +6.220876393e+00 +2.010208764e+02 +2.010208764e+02 +1.5809e+00 +1.5815e+00 +1.0143e+00 -1.4297e+00 -1.5509e+00
25462 +3.708524511e+00 +3.708524511e+00 +1.985085245e+02 +1.985085245e+02 -1.4364e+00 -1.4236e+00 -1.0020e+00 +1.2018e+00 +1.3768e+00
25556 +1.809658608e+00 +1.809658608e+00 +1.966096586e+02 +1.966096586e+02 -1.4278e+00 -1.4214e+00 -9.8444e-01 +1.1909e+00 +1.3917e+00
25616 +1.254388178e+00 +1.254388178e+00 +1.960543882e+02 +1.960543882e+02 -1.4233e+00 -1.4135e+00 -9.9055e-01 +1.1922e+00 +1.3894e+00
25711 +8.212398353e-01 +8.212398353e-01 +1.956212398e+02 +1.956212398e+02 -1.4243e+00 -1.4147e+00 -9.8534e-01 +1.2029e+00 +1.3921e+00
26133 +6.116388495e-01 +6.116388495e-01 +1.954116388e+02 +1.954116388e+02 -1.4286e+00 -1.4134e+00 -9.9030e-01 +1.2067e+00 +1.3879e+00
115602 +3.552532436e-01 +3.552532436e-01 +1.951552532e+02 +1.951552532e+02 -1.0446e+00 -1.1615e+00 -1.2036e+00 +1.4301e+00 +1.2417e+00
1134297 +2.278050570e-01 +2.278050570e-01 +1.950278051e+02 +1.950278051e+02 -1.3912e+00 -1.2369e+00 -1.3300e+00 +1.3960e+00 +1.1974e+00
% function evaluation | noise-free fitness - Fopt (-1.335900000000e+02) | best noise-free fitness - Fopt | measured fitness | best measured fitness | x1 | x2...
1 +9.646227148e+01 +9.646227148e+01 -3.712772852e+01 -3.712772852e+01 -2.3645e+00 +2.2009e+00 +1.3416e+00 +1.2753e+00 +2.6943e+00
49 +3.302715128e+01 +3.302715128e+01 -1.005628487e+02 -1.005628487e+02 -6.6424e-01 +3.6386e+00 -1.4312e+00 -2.0545e+00 -2.3413e+00
131 +2.140982857e+01 +2.140982857e+01 -1.121801714e+02 -1.121801714e+02 -2.7367e+00 +1.3021e+00 +6.1369e-02 -1.8445e+00 -3.4925e-01
169 +1.496730001e+01 +1.496730001e+01 -1.186227000e+02 -1.186227000e+02 -2.1617e+00 +2.1322e+00 -5.9063e-01 -1.2253e+00 -1.3193e+00
909 +9.356175968e+00 +9.356175968e+00 -1.242338240e+02 -1.242338240e+02 -1.3057e+00 +2.4566e+00 -1.7274e+00 -1.2874e+00 -2.0798e+00
7216 +6.305269440e+00 +6.305269440e+00 -1.272847306e+02 -1.272847306e+02 -9.9344e-01 +1.5712e+00 -1.7990e+00 -2.0340e+00 -1.9854e+00
145222 +2.577576928e+00 +2.577576928e+00 -1.310124231e+02 -1.310124231e+02 +1.1780e+00 -1.4061e+00 +1.2257e+00 +1.5242e+00 +7.9980e-01
145233 +1.820216187e+00 +1.820216187e+00 -1.317697838e+02 -1.317697838e+02 +1.1753e+00 -1.4148e+00 +1.2260e+00 +1.5190e+00 +8.0122e-01
145358 +1.568137662e+00 +1.568137662e+00 -1.320218623e+02 -1.320218623e+02 +1.1792e+00 -1.4188e+00 +1.2250e+00 +1.5134e+00 +8.0435e-01
1211677 +7.400644183e-01 +7.400644183e-01 -1.328499356e+02 -1.328499356e+02 +1.0523e+00 -1.0871e+00 +1.5237e+00 +1.1199e+00 +1.1624e+00
% function evaluation | noise-free fitness - Fopt (-1.335900000000e+02) | best noise-free fitness - Fopt | measured fitness | best measured fitness | x1 | x2...
1 +9.073960818e+01 +9.073960818e+01 -4.285039182e+01 -4.285039182e+01 +5.5331e-01 -5.8517e-01 +2.5316e-01 -2.8664e+00 -3.4357e+00
7 +5.787845669e+01 +5.787845669e+01 -7.571154331e+01 -7.571154331e+01 +1.0333e-01 +3.1932e-01 +5.6724e-01 -1.1474e+00 -2.2313e+00
75 +3.664199469e+01 +3.664199469e+01 -9.694800531e+01 -9.694800531e+01 -1.3669e+00 +2.6709e-01 -2.2022e+00 -2.6205e+00 -2.2677e+00
175 +1.878472136e+01 +1.878472136e+01 -1.148052786e+02 -1.148052786e+02 -9.3714e-01 +1.5792e+00 -2.4383e+00 -2.2757e+00 -2.3161e+00
440 +1.275727562e+01 +1.275727562e+01 -1.208327244e+02 -1.208327244e+02 -1.3230e+00 +2.4571e+00 -2.8769e+00 -2.3628e+00 -2.2971e+00
1452 +7.411362882e+00 +7.411362882e+00 -1.261786371e+02 -1.261786371e+02 -1.6230e+00 +2.0101e+00 -1.2407e+00 -1.4546e+00 -1.5849e+00
4051 +5.863423541e+00 +5.863423541e+00 -1.277265765e+02 -1.277265765e+02 +1.1620e+00 -1.4094e+00 +1.7333e+00 +1.0889e+00 +1.3555e+00
4197 +3.844387378e+00 +3.844387378e+00 -1.297456126e+02 -1.297456126e+02 +1.1600e+00 -1.4238e+00 +1.7442e+00 +1.0678e+00 +1.3677e+00
4215 +2.302214990e+00 +2.302214990e+00 -1.312877850e+02 -1.312877850e+02 +1.1616e+00 -1.4306e+00 +1.7374e+00 +1.0748e+00 +1.3671e+00
4350 +1.567422665e+00 +1.567422665e+00 -1.320225773e+02 -1.320225773e+02 +1.1554e+00 -1.4388e+00 +1.7355e+00 +1.0737e+00 +1.3692e+00
57131 +6.225607020e-01 +6.225607020e-01 -1.329674393e+02 -1.329674393e+02 +1.2240e+00 -1.3778e+00 +1.3283e+00 +1.1764e+00 +1.2649e+00
57239 +3.243788323e-01 +3.243788323e-01 -1.332656212e+02 -1.332656212e+02 +1.2316e+00 -1.3707e+00 +1.3276e+00 +1.1755e+00 +1.2602e+00
57438 +1.877134176e-01 +1.877134176e-01 -1.334022866e+02 -1.334022866e+02 +1.2388e+00 -1.3664e+00 +1.3245e+00 +1.1754e+00 +1.2562e+00
57606 +1.037161444e-01 +1.037161444e-01 -1.334862839e+02 -1.334862839e+02 +1.2401e+00 -1.3639e+00 +1.3253e+00 +1.1718e+00 +1.2557e+00
322050 +9.591563293e-02 +9.591563293e-02 -1.334940844e+02 -1.334940844e+02 +1.2503e+00 -1.2445e+00 +1.2507e+00 +1.2500e+00 +1.2472e+00
322434 +4.105257729e-02 +4.105257729e-02 -1.335489474e+02 -1.335489474e+02 +1.2452e+00 -1.2515e+00 +1.2509e+00 +1.2520e+00 +1.2516e+00
322616 +2.294107990e-02 +2.294107990e-02 -1.335670589e+02 -1.335670589e+02 +1.2483e+00 -1.2498e+00 +1.2502e+00 +1.2495e+00 +1.2502e+00
322940 +9.704113838e-03 +9.704113838e-03 -1.335802959e+02 -1.335802959e+02 +1.2509e+00 -1.2493e+00 +1.2500e+00 +1.2492e+00 +1.2493e+00
323890 +4.199071525e-03 +4.199071525e-03 -1.335858009e+02 -1.335858009e+02 +1.2511e+00 -1.2504e+00 +1.2498e+00 +1.2495e+00 +1.2500e+00
323905 +2.786126640e-03 +2.786126640e-03 -1.335872139e+02 -1.335872139e+02 +1.2504e+00 -1.2503e+00 +1.2497e+00 +1.2503e+00 +1.2499e+00
324214 +1.633656893e-03 +1.633656893e-03 -1.335883663e+02 -1.335883663e+02 +1.2502e+00 -1.2504e+00 +1.2500e+00 +1.2499e+00 +1.2501e+00
324358 +1.390707128e-03 +1.390707128e-03 -1.335886093e+02 -1.335886093e+02 +1.2500e+00 -1.2508e+00 +1.2499e+00 +1.2498e+00 +1.2503e+00
324720 +9.816195362e-04 +9.816195362e-04 -1.335890184e+02 -1.335890184e+02 +1.2501e+00 -1.2500e+00 +1.2500e+00 +1.2501e+00 +1.2499e+00
324906 +2.170083140e-04 +2.170083140e-04 -1.335897830e+02 -1.335897830e+02 +1.2500e+00 -1.2499e+00 +1.2500e+00 +1.2499e+00 +1.2499e+00
325167 +8.458840759e-05 +8.458840759e-05 -1.335899154e+02 -1.335899154e+02 +1.2501e+00 -1.2499e+00 +1.2500e+00 +1.2500e+00 +1.2500e+00
325380 +2.805087254e-05 +2.805087254e-05 -1.335899719e+02 -1.335899719e+02 +1.2500e+00 -1.2499e+00 +1.2500e+00 +1.2500e+00 +1.2500e+00
326318 +1.666523153e-05 +1.666523153e-05 -1.335899833e+02 -1.335899833e+02 +1.2501e+00 -1.2499e+00 +1.2500e+00 +1.2500e+00 +1.2500e+00
326377 +7.400910249e-06 +7.400910249e-06 -1.335899926e+02 -1.335899926e+02 +1.2500e+00 -1.2500e+00 +1.2500e+00 +1.2500e+00 +1.2500e+00
326674 +4.090680761e-06 +4.090680761e-06 -1.335899959e+02 -1.335899959e+02 +1.2500e+00 -1.2500e+00 +1.2500e+00 +1.2500e+00 +1.2500e+00
326875 +3.809419638e-06 +3.809419638e-06 -1.335899962e+02 -1.335899962e+02 +1.2500e+00 -1.2500e+00 +1.2500e+00 +1.2500e+00 +1.2500e+00
327007 +1.860013612e-06 +1.860013612e-06 -1.335899981e+02 -1.335899981e+02 +1.2500e+00 -1.2500e+00 +1.2500e+00 +1.2500e+00 +1.2500e+00
327067 +1.444623507e-06 +1.444623507e-06 -1.335899986e+02 -1.335899986e+02 +1.2500e+00 -1.2500e+00 +1.2500e+00 +1.2500e+00 +1.2500e+00
327230 +4.943254908e-07 +4.943254908e-07 -1.335899995e+02 -1.335899995e+02 +1.2500e+00 -1.2500e+00 +1.2500e+00 +1.2500e+00 +1.2500e+00
327835 +3.260520884e-07 +3.260520884e-07 -1.335899997e+02 -1.335899997e+02 +1.2500e+00 -1.2500e+00 +1.2500e+00 +1.2500e+00 +1.2500e+00
327954 +1.939993126e-07 +1.939993126e-07 -1.335899998e+02 -1.335899998e+02 +1.2500e+00 -1.2500e+00 +1.2500e+00 +1.2500e+00 +1.2500e+00
328023 +1.431035344e-07 +1.431035344e-07 -1.335899999e+02 -1.335899999e+02 +1.2500e+00 -1.2500e+00 +1.2500e+00 +1.2500e+00 +1.2500e+00
328296 +9.061082551e-08 +9.061082551e-08 -1.335899999e+02 -1.335899999e+02 +1.2500e+00 -1.2500e+00 +1.2500e+00 +1.2500e+00 +1.2500e+00
328474 +5.017383842e-08 +5.017383842e-08 -1.335899999e+02 -1.335899999e+02 +1.2500e+00 -1.2500e+00 +1.2500e+00 +1.2500e+00 +1.2500e+00
328477 +3.960258255e-08 +3.960258255e-08 -1.335900000e+02 -1.335900000e+02 +1.2500e+00 -1.2500e+00 +1.2500e+00 +1.2500e+00 +1.2500e+00
328883 +1.509695835e-08 +1.509695835e-08 -1.335900000e+02 -1.335900000e+02 +1.2500e+00 -1.2500e+00 +1.2500e+00 +1.2500e+00 +1.2500e+00
329323 +8.729102774e-09 +8.729102774e-09 -1.335900000e+02 -1.335900000e+02 +1.2500e+00 -1.2500e+00 +1.2500e+00 +1.2500e+00 +1.2500e+00
329536 +3.920774816e-09 +3.920774816e-09 -1.335900000e+02 -1.335900000e+02 +1.2500e+00 -1.2500e+00 +1.2500e+00 +1.2500e+00 +1.2500e+00
329725 +5.371703082e-12 +5.371703082e-12 -1.335900000e+02 -1.335900000e+02 +1.2500e+00 -1.2500e+00 +1.2500e+00 +1.2500e+00 +1.2500e+00
% function evaluation | noise-free fitness - Fopt (-1.335900000000e+02) | best noise-free fitness - Fopt | measured fitness | best measured fitness | x1 | x2...
1 +9.743264764e+01 +9.743264764e+01 -3.615735236e+01 -3.615735236e+01 -2.6401e+00 +2.3197e+00 +9.9246e-01 +2.6578e-01 -5.4698e-01
13 +4.803928644e+01 +4.803928644e+01 -8.555071356e+01 -8.555071356e+01 -1.4905e+00 +3.1167e+00 -1.6820e+00 -1.1276e-03 -2.7177e+00
48 +3.722004902e+01 +3.722004902e+01 -9.636995098e+01 -9.636995098e+01 -2.0252e+00 +2.8830e+00 -8.8587e-01 -2.3635e+00 -1.3037e+00
383 +2.466594749e+01 +2.466594749e+01 -1.089240525e+02 -1.089240525e+02 -1.0306e+00 +1.8970e+00 -1.6346e+00 -3.1707e+00 -2.2238e+00
861 +1.461324785e+01 +1.461324785e+01 -1.189767521e+02 -1.189767521e+02 -2.0011e+00 +1.8850e+00 -1.8220e+00 -3.5086e+00 -2.4448e+00
9156 +9.769368940e+00 +9.769368940e+00 -1.238206311e+02 -1.238206311e+02 -2.4573e+00 +1.2309e+00 -1.2914e+00 -1.4639e+00 -2.6457e+00
26815 +6.201812349e+00 +6.201812349e+00 -1.273881877e+02 -1.273881877e+02 -1.8321e+00 +1.9750e+00 -2.1178e+00 -1.5082e+00 -1.8836e+00
36936 +3.756941657e+00 +3.756941657e+00 -1.298330583e+02 -1.298330583e+02 +1.2517e+00 -1.8502e+00 +1.3483e+00 +1.4911e+00 +1.5376e+00
37019 +2.242362275e+00 +2.242362275e+00 -1.313476377e+02 -1.313476377e+02 +1.2503e+00 -1.8361e+00 +1.3473e+00 +1.4939e+00 +1.5378e+00
158920 +1.553577541e+00 +1.553577541e+00 -1.320364225e+02 -1.320364225e+02 +1.4823e+00 -1.2739e+00 +8.7107e-01 +1.6462e+00 +1.0772e+00
165981 +9.994702693e-01 +9.994702693e-01 -1.325905297e+02 -1.325905297e+02 +1.5685e+00 -1.1673e+00 +1.0623e+00 +1.2709e+00 +1.0118e+00
2662885 +6.107848998e-01 +6.107848998e-01 -1.329792151e+02 -1.329792151e+02 +1.0496e+00 -1.2225e+00 +1.2070e+00 +1.2943e+00 +1.2149e+00
2788745 +2.982608909e-01 +2.982608909e-01 -1.332917391e+02 -1.332917391e+02 +1.2538e+00 -1.2486e+00 +1.2464e+00 +1.2509e+00 +1.2458e+00
2807569 +2.104061420e-01 +2.104061420e-01 -1.333795939e+02 -1.333795939e+02 +1.2452e+00 -1.2461e+00 +1.2533e+00 +1.2495e+00 +1.2501e+00
2808640 +8.195063422e-02 +8.195063422e-02 -1.335080494e+02 -1.335080494e+02 +1.2501e+00 -1.2540e+00 +1.2499e+00 +1.2510e+00 +1.2516e+00
2831624 +2.894523967e-02 +2.894523967e-02 -1.335610548e+02 -1.335610548e+02 +1.2473e+00 -1.2487e+00 +1.2512e+00 +1.2506e+00 +1.2502e+00
2844397 +2.031666048e-02 +2.031666048e-02 -1.335696833e+02 -1.335696833e+02 +1.2511e+00 -1.2503e+00 +1.2500e+00 +1.2506e+00 +1.2499e+00
