% function evaluation | noise-free fitness - Fopt (1.491500000000e+02) | best noise-free fitness - Fopt | measured fitness | best measured fitness | x1 | x2...
1 +8.227782296e+04 +8.227782296e+04 +8.242697296e+04 +8.242697296e+04 +2.3185e+00 +3.5221e+00 -2.8756e+00 -2.0513e+00 -3.7186e+00
3 +5.141813386e+04 +5.141813386e+04 +5.156728386e+04 +5.156728386e+04 +3.5164e+00 +2.3298e+00 -1.6655e+00 -1.3333e+00 -1.0287e+00
7 +1.438055167e+04 +1.438055167e+04 +1.452970167e+04 +1.452970167e+04 -4.0502e-01 +1.9670e+00 +1.3333e+00 -7.7341e-01 -4.0232e+00
20 +1.261908038e+03 +1.261908038e+03 +1.411058038e+03 +1.411058038e+03 -7.0564e-01 -2.3560e-02 -7.5690e-01 -1.1863e+00 -1.6194e+00
66 +6.000278222e+02 +6.000278222e+02 +7.491778222e+02 +7.491778222e+02 -9.5816e-01 -4.7005e-01 +8.5040e-02 -2.6826e-01 -2.5502e+00
124 +1.472043486e+02 +1.472043486e+02 +2.963543486e+02 +2.963543486e+02 -1.0757e+00 -7.3762e-01 -2.9759e-01 +2.0057e+00 -3.1117e+00
157 +7.108818720e+01 +7.108818720e+01 +2.202381872e+02 +2.202381872e+02 -1.3770e+00 -1.1088e+00 -9.8365e-01 +1.1280e+00 -2.9070e+00
158 +6.113365154e+01 +6.113365154e+01 +2.102836515e+02 +2.102836515e+02 -2.0969e+00 -6.5537e-01 -5.6561e-01 +1.5469e+00 -2.8717e+00
184 +1.356734511e+01 +1.356734511e+01 +1.627173451e+02 +1.627173451e+02 -1.8611e-01 -4.0525e-01 -2.9431e-01 +1.3550e+00 -3.6437e+00
214 +5.578891469e+00 +5.578891469e+00 +1.547288915e+02 +1.547288915e+02 -1.4828e+00 -1.1307e+00 -9.8568e-01 +8.8469e-01 -3.6918e+00
307 +3.834726782e+00 +3.834726782e+00 +1.529847268e+02 +1.529847268e+02 -4.9778e-01 -1.0879e+00 -9.7813e-01 +8.5673e-01 -3.6679e+00
662 +2.498383220e+00 +2.498383220e+00 +1.516483832e+02 +1.516483832e+02 -4.3016e-01 -1.0239e+00 -8.3959e-01 +8.7568e-01 -3.7276e+00
756 +1.487763823e+00 +1.487763823e+00 +1.506377638e+02 +1.506377638e+02 -3.0122e-01 -7.9201e-01 -6.4324e-01 +9.8133e-01 -3.7064e+00
912 +9.947456394e-01 +9.947456394e-01 +1.501447456e+02 +1.501447456e+02 -2.0137e-01 -6.5366e-01 -4.6726e-01 +1.0975e+00 -3.6969e+00
996 +6.217378136e-01 +6.217378136e-01 +1.497717378e+02 +1.497717378e+02 -1.7093e-01 -5.9546e-01 -3.7150e-01 +1.2243e+00 -3.6001e+00
1124 +3.972310503e-01 +3.972310503e-01 +1.495472311e+02 +1.495472311e+02 -1.3923e-01 -5.1998e-01 -2.5943e-01 +1.3638e+00 -3.4909e+00
1227 +2.496098451e-01 +2.496098451e-01 +1.493996098e+02 +1.493996098e+02 -1.1840e-01 -4.8802e-01 -1.9823e-01 +1.4632e+00 -3.3780e+00
1309 +1.556095117e-01 +1.556095117e-01 +1.493056095e+02 +1.493056095e+02 -9.8249e-02 -4.5120e-01 -1.4804e-01 +1.5386e+00 -3.2658e+00
1424 +9.771301359e-02 +9.771301359e-02 +1.492477130e+02 +1.492477130e+02 -8.8059e-02 -4.3621e-01 -1.0784e-01 +1.6015e+00 -3.1766e+00
1514 +6.259608362e-02 +6.259608362e-02 +1.492125961e+02 +1.492125961e+02 -7.9449e-02 -4.2331e-01 -8.0610e-02 +1.6569e+00 -3.0943e+00
1573 +3.423333717e-02 +3.423333717e-02 +1.491842333e+02 +1.491842333e+02 -7.0969e-02 -4.0672e-01 -5.4978e-02 +1.7072e+00 -3.0076e+00
1617 +2.022308740e-02 +2.022308740e-02 +1.491702231e+02 +1.491702231e+02 -6.3950e-02 -3.9521e-01 -2.9335e-02 +1.7513e+00 -2.9221e+00
1644 +1.253332875e-02 +1.253332875e-02 +1.491625333e+02 +1.491625333e+02 -6.2980e-02 -3.8991e-01 -1.6824e-02 +1.7783e+00 -2.8812e+00
1713 +8.038997708e-03 +8.038997708e-03 +1.491580390e+02 +1.491580390e+02 -6.1111e-02 -3.8646e-01 -1.0469e-02 +1.7883e+00 -2.8560e+00
1723 +5.585178804e-03 +5.585178804e-03 +1.491555852e+02 +1.491555852e+02 -6.3973e-02 -3.8751e-01 -1.2108e-02 +1.7884e+00 -2.8563e+00
1742 +2.963727016e-03 +2.963727016e-03 +1.491529637e+02 +1.491529637e+02 -5.9889e-02 -3.8140e-01 -1.8245e-03 +1.8071e+00 -2.8216e+00
1755 +2.023507079e-03 +2.023507079e-03 +1.491520235e+02 +1.491520235e+02 -5.8148e-02 -3.7693e-01 +6.9283e-03 +1.8245e+00 -2.7842e+00
1796 +5.261063761e-04 +5.261063761e-04 +1.491505261e+02 +1.491505261e+02 -5.6535e-02 -3.7434e-01 +1.1324e-02 +1.8342e+00 -2.7675e+00
1832 +3.172755123e-04 +3.172755123e-04 +1.491503173e+02 +1.491503173e+02 -5.4418e-02 -3.6991e-01 +2.1117e-02 +1.8554e+00 -2.7250e+00
1837 +9.912337023e-05 +9.912337023e-05 +1.491500991e+02 +1.491500991e+02 -5.4976e-02 -3.7050e-01 +1.8869e-02 +1.8497e+00 -2.7377e+00
1913 +5.592633920e-05 +5.592633920e-05 +1.491500559e+02 +1.491500559e+02 -5.4745e-02 -3.6959e-01 +2.1396e-02 +1.8551e+00 -2.7267e+00
1939 +1.159305856e-05 +1.159305856e-05 +1.491500116e+02 +1.491500116e+02 -5.5374e-02 -3.7101e-01 +1.8545e-02 +1.8492e+00 -2.7386e+00
1969 +7.728061405e-06 +7.728061405e-06 +1.491500077e+02 +1.491500077e+02 -5.4921e-02 -3.7037e-01 +2.0159e-02 +1.8523e+00 -2.7323e+00
1998 +4.495161505e-06 +4.495161505e-06 +1.491500045e+02 +1.491500045e+02 -5.5031e-02 -3.7062e-01 +1.9495e-02 +1.8511e+00 -2.7346e+00
2019 +2.252894205e-06 +2.252894205e-06 +1.491500023e+02 +1.491500023e+02 -5.5072e-02 -3.7063e-01 +1.9439e-02 +1.8509e+00 -2.7350e+00
2067 +1.442349372e-06 +1.442349372e-06 +1.491500014e+02 +1.491500014e+02 -5.5094e-02 -3.7066e-01 +1.9461e-02 +1.8510e+00 -2.7348e+00
2082 +6.361991325e-07 +6.361991325e-07 +1.491500006e+02 +1.491500006e+02 -5.5148e-02 -3.7076e-01 +1.9279e-02 +1.8506e+00 -2.7356e+00
2095 +2.698040760e-07 +2.698040760e-07 +1.491500003e+02 +1.491500003e+02 -5.5155e-02 -3.7071e-01 +1.9352e-02 +1.8507e+00 -2.7354e+00
2132 +1.785928418e-07 +1.785928418e-07 +1.491500002e+02 +1.491500002e+02 -5.5211e-02 -3.7085e-01 +1.9102e-02 +1.8502e+00 -2.7363e+00
2141 +1.046252578e-07 +1.046252578e-07 +1.491500001e+02 +1.491500001e+02 -5.5226e-02 -3.7084e-01 +1.9096e-02 +1.8502e+00 -2.7364e+00
2187 +3.299612672e-08 +3.299612672e-08 +1.491500000e+02 +1.491500000e+02 -5.5206e-02 -3.7082e-01 +1.9182e-02 +1.8504e+00 -2.7361e+00
2221 +1.278388595e-08 +1.278388595e-08 +1.491500000e+02 +1.491500000e+02 -5.5202e-02 -3.7081e-01 +1.9192e-02 +1.8504e+00 -2.7360e+00
2285 +8.168200338e-09 +8.168200338e-09 +1.491500000e+02 +1.491500000e+02 -5.5201e-02 -3.7080e-01 +1.9199e-02 +1.8504e+00 -2.7360e+00
2290 +1.540968242e-09 +1.540968242e-09 +1.491500000e+02 +1.491500000e+02 -5.5201e-02 -3.7080e-01 +1.9194e-02 +1.8504e+00 -2.7360e+00
% function evaluation | noise-free fitness - Fopt (1.491500000000e+02) | best noise-free fitness - Fopt | measured fitness | best measured fitness | x1 | x2...
1 +1.220295818e+04 +1.220295818e+04 +1.235210818e+04 +1.235210818e+04 +3.4061e-01 +4.5177e-01 +2.1624e+00 +1.4208e+00 +2.5273e+00
3 +2.343292754e+03 +2.343292754e+03 +2.492442754e+03 +2.492442754e+03 -3.4109e-01 -9.1233e-01 +4.8910e-01 +4.6150e-01 +3.2910e-01
50 +4.877592370e+02 +4.877592370e+02 +6.369092370e+02 +6.369092370e+02 +6.9856e-01 -1.8938e-01 +6.4983e-01 +2.8612e+00 -5.8379e-01
67 +3.749033521e+02 +3.749033521e+02 +5.240533521e+02 +5.240533521e+02 -5.8181e-01 -1.8822e+00 -3.1640e-01 -4.2266e-01 -1.9483e+00
76 +1.790925322e+02 +1.790925322e+02 +3.282425322e+02 +3.282425322e+02 -7.1203e-01 -1.2448e+00 -1.2388e+00 +5.7672e-01 -2.4137e+00
101 +6.163726890e+01 +6.163726890e+01 +2.107872689e+02 +2.107872689e+02 -2.2173e-01 -9.8911e-01 -1.0080e+00 +1.0038e+00 -3.0466e+00
116 +3.936231863e+01 +3.936231863e+01 +1.885123186e+02 +1.885123186e+02 -4.6643e-01 -1.0049e+00 -1.3184e+00 +1.1581e+00 -3.3172e+00
144 +2.253612571e+01 +2.253612571e+01 +1.716861257e+02 +1.716861257e+02 -8.2589e-01 -1.0052e+00 -1.0184e+00 +6.1088e-01 -3.6159e+00
152 +7.754182381e+00 +7.754182381e+00 +1.569041824e+02 +1.569041824e+02 -1.4420e+00 -1.0574e+00 -8.7814e-01 +7.7680e-01 -3.7219e+00
163 +4.179637228e+00 +4.179637228e+00 +1.533296372e+02 +1.533296372e+02 -5.9156e-01 -1.0682e+00 -7.8849e-01 +8.7429e-01 -3.7371e+00
266 +3.672513319e+00 +3.672513319e+00 +1.528225133e+02 +1.528225133e+02 -9.0359e-01 -1.3330e+00 -9.7760e-01 +8.5049e-01 -3.7254e+00
544 +2.440440387e+00 +2.440440387e+00 +1.515904404e+02 +1.515904404e+02 -4.7925e-01 -1.0444e+00 -8.7401e-01 +8.9111e-01 -3.7359e+00
680 +1.577790940e+00 +1.577790940e+00 +1.507277909e+02 +1.507277909e+02 -2.6835e-01 -7.6487e-01 -6.0450e-01 +9.9561e-01 -3.7629e+00
861 +9.818287616e-01 +9.818287616e-01 +1.501318288e+02 +1.501318288e+02 -2.1966e-01 -6.7739e-01 -4.9006e-01 +1.0859e+00 -3.6850e+00
1034 +6.083880403e-01 +6.083880403e-01 +1.497583880e+02 +1.497583880e+02 -1.6956e-01 -5.8304e-01 -3.5572e-01 +1.2366e+00 -3.6035e+00
1221 +3.662269514e-01 +3.662269514e-01 +1.495162270e+02 +1.495162270e+02 -1.4039e-01 -5.2760e-01 -2.6500e-01 +1.3577e+00 -3.4831e+00
1275 +2.491156381e-01 +2.491156381e-01 +1.493991156e+02 +1.493991156e+02 -1.1534e-01 -4.7952e-01 -1.9204e-01 +1.4720e+00 -3.3687e+00
1335 +1.573654716e-01 +1.573654716e-01 +1.493073655e+02 +1.493073655e+02 -9.3097e-02 -4.3973e-01 -1.2056e-01 +1.5693e+00 -3.2168e+00
1352 +9.540804933e-02 +9.540804933e-02 +1.492454080e+02 +1.492454080e+02 -9.0666e-02 -4.4215e-01 -1.1104e-01 +1.6106e+00 -3.1494e+00
1418 +2.399222244e-02 +2.399222244e-02 +1.491739922e+02 +1.491739922e+02 -5.3884e-02 -3.7348e-01 +4.5134e-03 +1.8131e+00 -2.8157e+00
1567 +1.565675470e-02 +1.565675470e-02 +1.491656568e+02 +1.491656568e+02 -6.2513e-02 -3.8819e-01 -1.4742e-02 +1.7764e+00 -2.8836e+00
1579 +9.952560505e-03 +9.952560505e-03 +1.491599526e+02 +1.491599526e+02 -6.5289e-02 -3.9093e-01 -2.1759e-02 +1.7675e+00 -2.8957e+00
1597 +6.141533342e-03 +6.141533342e-03 +1.491561415e+02 +1.491561415e+02 -6.3458e-02 -3.8776e-01 -1.1770e-02 +1.7882e+00 -2.8574e+00
1636 +2.992577651e-03 +2.992577651e-03 +1.491529926e+02 +1.491529926e+02 -6.0402e-02 -3.8038e-01 -8.1053e-04 +1.8124e+00 -2.8129e+00
1698 +1.928808249e-03 +1.928808249e-03 +1.491519288e+02 +1.491519288e+02 -5.8567e-02 -3.7535e-01 +1.0180e-02 +1.8316e+00 -2.7763e+00
1709 +5.415852438e-04 +5.415852438e-04 +1.491505416e+02 +1.491505416e+02 -5.7085e-02 -3.7523e-01 +1.0564e-02 +1.8329e+00 -2.7715e+00
1763 +3.163117981e-04 +3.163117981e-04 +1.491503163e+02 +1.491503163e+02 -5.6735e-02 -3.7330e-01 +1.3821e-02 +1.8408e+00 -2.7548e+00
1838 +2.342312682e-04 +2.342312682e-04 +1.491502342e+02 +1.491502342e+02 -5.6684e-02 -3.7322e-01 +1.4305e-02 +1.8410e+00 -2.7555e+00
1855 +1.214229751e-04 +1.214229751e-04 +1.491501214e+02 +1.491501214e+02 -5.6295e-02 -3.7315e-01 +1.4621e-02 +1.8411e+00 -2.7544e+00
1870 +9.010180781e-05 +9.010180781e-05 +1.491500901e+02 +1.491500901e+02 -5.6339e-02 -3.7276e-01 +1.5352e-02 +1.8428e+00 -2.7512e+00
1922 +6.242420258e-05 +6.242420258e-05 +1.491500624e+02 +1.491500624e+02 -5.6089e-02 -3.7236e-01 +1.5967e-02 +1.8441e+00 -2.7487e+00
1947 +3.631388981e-05 +3.631388981e-05 +1.491500363e+02 +1.491500363e+02 -5.5894e-02 -3.7211e-01 +1.6735e-02 +1.8454e+00 -2.7459e+00
1957 +2.021117464e-05 +2.021117464e-05 +1.491500202e+02 +1.491500202e+02 -5.5641e-02 -3.7172e-01 +1.7326e-02 +1.8467e+00 -2.7435e+00
1972 +1.160247200e-05 +1.160247200e-05 +1.491500116e+02 +1.491500116e+02 -5.5502e-02 -3.7136e-01 +1.8237e-02 +1.8486e+00 -2.7394e+00
1979 +5.788068535e-06 +5.788068535e-06 +1.491500058e+02 +1.491500058e+02 -5.5339e-02 -3.7108e-01 +1.8768e-02 +1.8497e+00 -2.7373e+00
2027 +3.380779219e-06 +3.380779219e-06 +1.491500034e+02 +1.491500034e+02 -5.5176e-02 -3.7076e-01 +1.9139e-02 +1.8504e+00 -2.7360e+00
2080 +2.336613619e-06 +2.336613619e-06 +1.491500023e+02 +1.491500023e+02 -5.5083e-02 -3.7062e-01 +1.9487e-02 +1.8509e+00 -2.7349e+00
2112 +7.859561322e-07 +7.859561322e-07 +1.491500008e+02 +1.491500008e+02 -5.5225e-02 -3.7084e-01 +1.9096e-02 +1.8501e+00 -2.7366e+00
2120 +4.963985134e-07 +4.963985134e-07 +1.491500005e+02 +1.491500005e+02 -5.5199e-02 -3.7082e-01 +1.9111e-02 +1.8502e+00 -2.7363e+00
2159 +1.939511947e-07 +1.939511947e-07 +1.491500002e+02 +1.491500002e+02 -5.5205e-02 -3.7081e-01 +1.9159e-02 +1.8503e+00 -2.7361e+00
2194 +4.861587399e-08 +4.861587399e-08 +1.491500000e+02 +1.491500000e+02 -5.5186e-02 -3.7076e-01 +1.9272e-02 +1.8505e+00 -2.7357e+00
2237 +3.963390327e-08 +3.963390327e-08 +1.491500000e+02 +1.491500000e+02 -5.5208e-02 -3.7080e-01 +1.9201e-02 +1.8504e+00 -2.7360e+00
2244 +2.229376150e-08 +2.229376150e-08 +1.491500000e+02 +1.491500000e+02 -5.5208e-02 -3.7081e-01 +1.9183e-02 +1.8504e+00 -2.7361e+00
2264 +1.009743755e-08 +1.009743755e-08 +1.491500000e+02 +1.491500000e+02 -5.5192e-02 -3.7078e-01 +1.9227e-02 +1.8504e+00 -2.7359e+00
2351 +7.695632576e-09 +7.695632576e-09 +1.491500000e+02 +1.491500000e+02 -5.5201e-02 -3.7081e-01 +1.9181e-02 +1.8504e+00 -2.7361e+00
% function evaluation | noise-free fitness - Fopt (1.491500000000e+02) | best noise-free fitness - Fopt | measured fitness | best measured fitness | x1 | x2...
1 +2.407275813e+03 +2.407275813e+03 +2.556425813e+03 +2.556425813e+03 -5.6330e-01 -1.3036e+00 -3.3253e+00 +2.1362e+00 -1.2638e+00
10 +4.043342084e+02 +4.043342084e+02 +5.534842084e+02 +5.534842084e+02 -7.3166e-01 -5.8699e-01 -1.3541e+00 -5.2421e-01 -1.3625e+00
26 +1.435357645e+02 +1.435357645e+02 +2.926857645e+02 +2.926857645e+02 -2.0740e+00 -6.0712e-01 -1.3476e-01 +7.7060e-01 -4.5074e+00
107 +2.808044201e+01 +2.808044201e+01 +1.772304420e+02 +1.772304420e+02 -1.2625e+00 -1.1275e+00 -6.0923e-01 +9.1680e-01 -4.0556e+00
125 +1.257393682e+01 +1.257393682e+01 +1.617239368e+02 +1.617239368e+02 -1.1612e+00 -1.1912e+00 -9.1091e-01 +7.3200e-01 -3.9236e+00
181 +3.202658056e+00 +3.202658056e+00 +1.523526581e+02 +1.523526581e+02 -5.1585e-01 -1.0766e+00 -9.3497e-01 +9.0576e-01 -3.7818e+00
296 +2.193982747e+00 +2.193982747e+00 +1.513439827e+02 +1.513439827e+02 -4.1025e-01 -9.4515e-01 -8.0510e-01 +9.2458e-01 -3.7343e+00
424 +1.573529467e+00 +1.573529467e+00 +1.507235295e+02 +1.507235295e+02 -2.8838e-01 -7.9022e-01 -6.6068e-01 +9.5283e-01 -3.7458e+00
604 +9.962737014e-01 +9.962737014e-01 +1.501462737e+02 +1.501462737e+02 -2.0435e-01 -6.6641e-01 -4.7231e-01 +1.1029e+00 -3.6893e+00
673 +6.099713327e-01 +6.099713327e-01 +1.497599713e+02 +1.497599713e+02 -1.5429e-01 -5.6064e-01 -3.4957e-01 +1.2610e+00 -3.5623e+00
729 +3.531955954e-01 +3.531955954e-01 +1.495031956e+02 +1.495031956e+02 -1.3825e-01 -5.2309e-01 -2.6399e-01 +1.3662e+00 -3.4645e+00
817 +2.443765331e-01 +2.443765331e-01 +1.493943765e+02 +1.493943765e+02 -9.9619e-02 -4.6518e-01 -1.8307e-01 +1.4972e+00 -3.3210e+00
888 +1.496835423e-01 +1.496835423e-01 +1.492996835e+02 +1.492996835e+02 -1.0509e-01 -4.6183e-01 -1.4789e-01 +1.5420e+00 -3.2661e+00
968 +9.242711914e-02 +9.242711914e-02 +1.492424271e+02 +1.492424271e+02 -9.1786e-02 -4.2801e-01 -9.0331e-02 +1.6482e+00 -3.1100e+00
1065 +6.078822498e-02 +6.078822498e-02 +1.492107882e+02 +1.492107882e+02 -7.9129e-02 -4.1519e-01 -7.4510e-02 +1.6639e+00 -3.0796e+00
1103 +3.319944486e-02 +3.319944486e-02 +1.491831994e+02 +1.491831994e+02 -7.2519e-02 -4.0517e-01 -4.6367e-02 +1.7144e+00 -2.9902e+00
1159 +2.167079980e-02 +2.167079980e-02 +1.491716708e+02 +1.491716708e+02 -6.7848e-02 -3.9388e-01 -3.2807e-02 +1.7455e+00 -2.9386e+00
1217 +1.376747495e-02 +1.376747495e-02 +1.491637675e+02 +1.491637675e+02 -6.8673e-02 -3.9590e-01 -2.8474e-02 +1.7616e+00 -2.9074e+00
1252 +9.424663234e-03 +9.424663234e-03 +1.491594247e+02 +1.491594247e+02 -6.6474e-02 -3.9043e-01 -2.0372e-02 +1.7743e+00 -2.8847e+00
1261 +4.992732260e-03 +4.992732260e-03 +1.491549927e+02 +1.491549927e+02 -6.3235e-02 -3.8598e-01 -7.6460e-03 +1.7977e+00 -2.8393e+00
1267 +3.367072725e-03 +3.367072725e-03 +1.491533671e+02 +1.491533671e+02 -5.9725e-02 -3.7768e-01 +3.9631e-03 +1.8210e+00 -2.7977e+00
1351 +2.054581793e-03 +2.054581793e-03 +1.491520546e+02 +1.491520546e+02 -5.8434e-02 -3.7444e-01 +1.0204e-02 +1.8311e+00 -2.7759e+00
1377 +1.078531769e-03 +1.078531769e-03 +1.491510785e+02 +1.491510785e+02 -5.8955e-02 -3.7743e-01 +7.3353e-03 +1.8278e+00 -2.7803e+00
1383 +6.538211824e-04 +6.538211824e-04 +1.491506538e+02 +1.491506538e+02 -5.7398e-02 -3.7340e-01 +1.4026e-02 +1.8389e+00 -2.7593e+00
1394 +3.912238937e-04 +3.912238937e-04 +1.491503912e+02 +1.491503912e+02 -5.6878e-02 -3.7256e-01 +1.6058e-02 +1.8436e+00 -2.7501e+00
1417 +1.365990280e-04 +1.365990280e-04 +1.491501366e+02 +1.491501366e+02 -5.6349e-02 -3.7284e-01 +1.5577e-02 +1.8430e+00 -2.7514e+00
1458 +7.659075510e-05 +7.659075510e-05 +1.491500766e+02 +1.491500766e+02 -5.5446e-02 -3.7123e-01 +1.8190e-02 +1.8479e+00 -2.7416e+00
1470 +2.146776109e-05 +2.146776109e-05 +1.491500215e+02 +1.491500215e+02 -5.5343e-02 -3.7087e-01 +1.8902e-02 +1.8496e+00 -2.7378e+00
1509 +1.380525498e-05 +1.380525498e-05 +1.491500138e+02 +1.491500138e+02 -5.5187e-02 -3.7077e-01 +1.9017e-02 +1.8499e+00 -2.7367e+00
1531 +6.972160605e-06 +6.972160605e-06 +1.491500070e+02 +1.491500070e+02 -5.5256e-02 -3.7102e-01 +1.8578e-02 +1.8492e+00 -2.7383e+00
1550 +4.753050689e-06 +4.753050689e-06 +1.491500048e+02 +1.491500048e+02 -5.5151e-02 -3.7076e-01 +1.9104e-02 +1.8501e+00 -2.7366e+00
1581 +3.191249334e-06 +3.191249334e-06 +1.491500032e+02 +1.491500032e+02 -5.5221e-02 -3.7090e-01 +1.9056e-02 +1.8500e+00 -2.7367e+00
1591 +1.823790285e-06 +1.823790285e-06 +1.491500018e+02 +1.491500018e+02 -5.5081e-02 -3.7062e-01 +1.9558e-02 +1.8510e+00 -2.7348e+00
1603 +1.088732716e-06 +1.088732716e-06 +1.491500011e+02 +1.491500011e+02 -5.5285e-02 -3.7089e-01 +1.9028e-02 +1.8500e+00 -2.7368e+00
1624 +8.450221856e-07 +8.450221856e-07 +1.491500008e+02 +1.491500008e+02 -5.5147e-02 -3.7068e-01 +1.9470e-02 +1.8510e+00 -2.7349e+00
1628 +5.705012711e-07 +5.705012711e-07 +1.491500006e+02 +1.491500006e+02 -5.5154e-02 -3.7069e-01 +1.9394e-02 +1.8508e+00 -2.7353e+00
1645 +2.364766090e-07 +2.364766090e-07 +1.491500002e+02 +1.491500002e+02 -5.5183e-02 -3.7077e-01 +1.9282e-02 +1.8506e+00 -2.7356e+00
1674 +1.318397551e-07 +1.318397551e-07 +1.491500001e+02 +1.491500001e+02 -5.5210e-02 -3.7081e-01 +1.9185e-02 +1.8503e+00 -2.7361e+00
1680 +5.239573397e-08 +5.239573397e-08 +1.491500001e+02 +1.491500001e+02 -5.5204e-02 -3.7081e-01 +1.9173e-02 +1.8503e+00 -2.7361e+00
1704 +3.064621978e-08 +3.064621978e-08 +1.491500000e+02 +1.491500000e+02 -5.5191e-02 -3.7078e-01 +1.9238e-02 +1.8505e+00 -2.7359e+00
1707 +2.199391247e-08 +2.199391247e-08 +1.491500000e+02 +1.491500000e+02 -5.5191e-02 -3.7078e-01 +1.9249e-02 +1.8505e+00 -2.7358e+00
1727 +1.212592338e-08 +1.212592338e-08 +1.491500000e+02 +1.491500000e+02 -5.5196e-02 -3.7079e-01 +1.9211e-02 +1.8504e+00 -2.7359e+00
1791 +5.633211231e-09 +5.633211231e-09 +1.491500000e+02 +1.491500000e+02 -5.5196e-02 -3.7079e-01 +1.9220e-02 +1.8504e+00 -2.7359e+00
1794 +2.197680260e-09 +2.197680260e-09 +1.491500000e+02 +1.491500000e+02 -5.5195e-02 -3.7079e-01 +1.9212e-02 +1.8504e+00 -2.7360e+00
% function evaluation | noise-free fitness - Fopt (-1.000000000000e+03) | best noise-free fitness - Fopt | measured fitness | best measured fitness | x1 | x2...
1 +2.350921439e+04 +2.350921439e+04 +2.250921439e+04 +2.250921439e+04 +1.6164e-01 +3.0893e+00 +1.2098e+00 -2.2887e+00 -2.1023e+00
4 +3.552048806e+03 +3.552048806e+03 +2.552048806e+03 +2.552048806e+03 -2.3871e+00 -5.9045e-01 -8.7370e-01 -4.9977e+00 +1.0454e+00
33 +1.899954155e+03 +1.899954155e+03 +8.999541549e+02 +8.999541549e+02 -1.9056e+00 +1.6056e+00 +2.8297e-02 -3.1230e+00 -1.9981e-01
44 +4.043486740e+02 +4.043486740e+02 -5.956513260e+02 -5.956513260e+02 -3.1920e+00 +9.3723e-01 +1.9033e+00 -1.3546e+00 +6.0225e-02
50 +3.277329934e+02 +3.277329934e+02 -6.722670066e+02 -6.722670066e+02 -3.7541e+00 +2.1581e-01 +1.9640e+00 -1.5198e+00 -1.6593e+00
74 +2.342012444e+02 +2.342012444e+02 -7.657987556e+02 -7.657987556e+02 -3.5336e+00 +1.5296e-01 +9.3650e-01 -3.5696e+00 -1.1789e+00
90 +8.320586182e+01 +8.320586182e+01 -9.167941382e+02 -9.167941382e+02 -4.2908e+00 +8.1027e-01 +1.2440e+00 -2.6431e+00 -2.6717e+00
98 +4.909692171e+01 +4.909692171e+01 -9.509030783e+02 -9.509030783e+02 -3.9830e+00 +4.4010e-01 +8.8805e-01 -2.3836e+00 -2.4555e+00
121 +2.598029159e+01 +2.598029159e+01 -9.740197084e+02 -9.740197084e+02 -4.0275e+00 +2.5347e-01 +2.1880e-01 -2.1208e+00 -2.7925e+00
155 +1.294738532e+01 +1.294738532e+01 -9.870526147e+02 -9.870526147e+02 -4.0599e+00 -5.6993e-02 +6.0820e-01 -2.5421e+00 -2.9890e+00
194 +8.442058590e+00 +8.442058590e+00 -9.915579414e+02 -9.915579414e+02 -4.0609e+00 +3.2242e-01 +5.9319e-01 -2.4934e+00 -3.2123e+00
201 +5.596677508e+00 +5.596677508e+00 -9.944033225e+02 -9.944033225e+02 -3.7346e+00 +2.5513e-01 +5.4821e-01 -2.6466e+00 -3.1004e+00
277 +3.941267824e+00 +3.941267824e+00 -9.960587322e+02 -9.960587322e+02 -3.7881e+00 +1.9535e-01 +5.0413e-01 -2.5452e+00 -3.0423e+00
615 +2.456321406e+00 +2.456321406e+00 -9.975436786e+02 -9.975436786e+02 -3.2045e+00 +5.5789e-01 +6.5366e-01 -2.5020e+00 -3.0201e+00
849 +1.545864757e+00 +1.545864757e+00 -9.984541352e+02 -9.984541352e+02 -3.0848e+00 +7.4263e-01 +8.5280e-01 -2.4458e+00 -3.0449e+00
1035 +9.798178540e-01 +9.798178540e-01 -9.990201821e+02 -9.990201821e+02 -3.0093e+00 +8.8391e-01 +1.0260e+00 -2.3169e+00 -2.9941e+00
1175 +6.103432397e-01 +6.103432397e-01 -9.993896568e+02 -9.993896568e+02 -2.9673e+00 +9.6250e-01 +1.1497e+00 -2.1637e+00 -2.9065e+00
1272 +3.874096552e-01 +3.874096552e-01 -9.996125903e+02 -9.996125903e+02 -2.9212e+00 +1.0280e+00 +1.2495e+00 -2.0429e+00 -2.7924e+00
1300 +2.378891808e-01 +2.378891808e-01 -9.997621108e+02 -9.997621108e+02 -2.9023e+00 +1.0594e+00 +1.3128e+00 -1.9366e+00 -2.6666e+00
1392 +1.531658941e-01 +1.531658941e-01 -9.998468341e+02 -9.998468341e+02 -2.8922e+00 +1.0857e+00 +1.3457e+00 -1.8754e+00 -2.5821e+00
1481 +6.616809866e-02 +6.616809866e-02 -9.999338319e+02 -9.999338319e+02 -2.8794e+00 +1.1179e+00 +1.4112e+00 -1.7656e+00 -2.4211e+00
1546 +6.017260458e-02 +6.017260458e-02 -9.999398274e+02 -9.999398274e+02 -2.8669e+00 +1.1275e+00 +1.4289e+00 -1.7274e+00 -2.3641e+00
1607 +3.968811072e-02 +3.968811072e-02 -9.999603119e+02 -9.999603119e+02 -2.8693e+00 +1.1340e+00 +1.4397e+00 -1.7155e+00 -2.3497e+00
1698 +2.239918927e-02 +2.239918927e-02 -9.999776008e+02 -9.999776008e+02 -2.8644e+00 +1.1449e+00 +1.4585e+00 -1.6771e+00 -2.2790e+00
1755 +1.237901908e-02 +1.237901908e-02 -9.999876210e+02 -9.999876210e+02 -2.8572e+00 +1.1554e+00 +1.4791e+00 -1.6399e+00 -2.2123e+00
1772 +7.072486239e-03 +7.072486239e-03 -9.999929275e+02 -9.999929275e+02 -2.8562e+00 +1.1584e+00 +1.4909e+00 -1.6153e+00 -2.1673e+00
1796 +3.816936181e-03 +3.816936181e-03 -9.999961831e+02 -9.999961831e+02 -2.8486e+00 +1.1750e+00 +1.5175e+00 -1.5598e+00 -2.0583e+00
1842 +7.456482911e-04 +7.456482911e-04 -9.999992544e+02 -9.999992544e+02 -2.8482e+00 +1.1790e+00 +1.5280e+00 -1.5438e+00 -2.0274e+00
1860 +4.225486832e-04 +4.225486832e-04 -9.999995775e+02 -9.999995775e+02 -2.8467e+00 +1.1795e+00 +1.5282e+00 -1.5429e+00 -2.0252e+00
1875 +2.562940780e-04 +2.562940780e-04 -9.999997437e+02 -9.999997437e+02 -2.8469e+00 +1.1779e+00 +1.5261e+00 -1.5471e+00 -2.0342e+00
1930 +2.494562569e-04 +2.494562569e-04 -9.999997505e+02 -9.999997505e+02 -2.8475e+00 +1.1777e+00 +1.5261e+00 -1.5488e+00 -2.0382e+00
1935 +1.218895483e-04 +1.218895483e-04 -9.999998781e+02 -9.999998781e+02 -2.8486e+00 +1.1758e+00 +1.5227e+00 -1.5536e+00 -2.0467e+00
1943 +3.111624801e-05 +3.111624801e-05 -9.999999689e+02 -9.999999689e+02 -2.8488e+00 +1.1754e+00 +1.5218e+00 -1.5558e+00 -2.0520e+00
1978 +2.009470609e-05 +2.009470609e-05 -9.999999799e+02 -9.999999799e+02 -2.8485e+00 +1.1762e+00 +1.5235e+00 -1.5524e+00 -2.0450e+00
1998 +9.814407576e-06 +9.814407576e-06 -9.999999902e+02 -9.999999902e+02 -2.8485e+00 +1.1762e+00 +1.5232e+00 -1.5533e+00 -2.0469e+00
2029 +4.861913567e-06 +4.861913567e-06 -9.999999951e+02 -9.999999951e+02 -2.8482e+00 +1.1764e+00 +1.5236e+00 -1.5525e+00 -2.0455e+00
2051 +2.417261612e-06 +2.417261612e-06 -9.999999976e+02 -9.999999976e+02 -2.8483e+00 +1.1764e+00 +1.5236e+00 -1.5523e+00 -2.0451e+00
2074 +9.034189361e-07 +9.034189361e-07 -9.999999991e+02 -9.999999991e+02 -2.8482e+00 +1.1766e+00 +1.5239e+00 -1.5517e+00 -2.0438e+00
2101 +4.823784820e-07 +4.823784820e-07 -9.999999995e+02 -9.999999995e+02 -2.8482e+00 +1.1766e+00 +1.5239e+00 -1.5517e+00 -2.0439e+00
2126 +2.726284265e-07 +2.726284265e-07 -9.999999997e+02 -9.999999997e+02 -2.8482e+00 +1.1765e+00 +1.5239e+00 -1.5518e+00 -2.0440e+00
2141 +2.230302698e-07 +2.230302698e-07 -9.999999998e+02 -9.999999998e+02 -2.8482e+00 +1.1766e+00 +1.5240e+00 -1.5516e+00 -2.0436e+00
2164 +1.575963324e-07 +1.575963324e-07 -9.999999998e+02 -9.999999998e+02 -2.8482e+00 +1.1766e+00 +1.5239e+00 -1.5517e+00 -2.0439e+00
2184 +6.062839475e-08 +6.062839475e-08 -9.999999999e+02 -9.999999999e+02 -2.8482e+00 +1.1766e+00 +1.5239e+00 -1.5518e+00 -2.0439e+00
2210 +2.471028893e-08 +2.471028893e-08 -1.000000000e+03 -1.000000000e+03 -2.8482e+00 +1.1766e+00 +1.5240e+00 -1.5517e+00 -2.0437e+00
2211 +1.149737727e-08 +1.149737727e-08 -1.000000000e+03 -1.000000000e+03 -2.8482e+00 +1.1766e+00 +1.5240e+00 -1.5516e+00 -2.0437e+00
2214 +5.447986950e-09 +5.447986950e-09 -1.000000000e+03 -1.000000000e+03 -2.8482e+00 +1.1766e+00 +1.5240e+00 -1.5516e+00 -2.0436e+00
% function evaluation | noise-free fitness - Fopt (-1.000000000000e+03) | best noise-free fitness - Fopt | measured fitness | best measured fitness | x1 | x2...
1 +3.050649707e+05 +3.050649707e+05 +3.040649707e+05 +3.040649707e+05 +3.3053e+00 -1.5215e+00 -3.5444e+00 +2.2897e-01 +6.1358e-01
13 +5.448570897e+04 +5.448570897e+04 +5.348570897e+04 +5.348570897e+04 +1.0447e-01 +1.7558e-01 -3.6911e+00 +1.1520e+00 +1.4684e+00
17 +2.888967553e+04 +2.888967553e+04 +2.788967553e+04 +2.788967553e+04 -8.0143e-01 -2.7464e+00 -1.3106e+00 -2.0158e+00 +2.1342e+00
27 +1.798132428e+04 +1.798132428e+04 +1.698132428e+04 +1.698132428e+04 -9.3946e-01 -6.1018e-01 -1.9969e+00 -3.1428e+00 +3.3035e+00
29 +1.319829124e+04 +1.319829124e+04 +1.219829124e+04 +1.219829124e+04 -2.1727e+00 -2.7818e+00 -3.8786e-02 -2.1531e-01 -3.5905e-01
36 +4.086783793e+03 +4.086783793e+03 +3.086783793e+03 +3.086783793e+03 -2.7022e+00 -1.0192e+00 -5.6174e-01 -2.9231e+00 +2.1668e+00
42 +1.169454068e+03 +1.169454068e+03 +1.694540685e+02 +1.694540685e+02 -2.7320e+00 +8.2409e-01 -2.3596e-02 -2.3053e+00 +2.3695e-01
74 +8.080117120e+02 +8.080117120e+02 -1.919882880e+02 -1.919882880e+02 -3.9514e+00 -3.0579e-01 -4.1654e-01 -3.3614e+00 -5.2105e-01
94 +4.894928432e+02 +4.894928432e+02 -5.105071568e+02 -5.105071568e+02 -3.2876e+00 +1.1175e+00 +5.0136e-01 -2.9442e+00 -1.0209e+00
146 +3.137411398e+02 +3.137411398e+02 -6.862588602e+02 -6.862588602e+02 -3.4795e+00 +5.7249e-01 +3.0270e-01 -4.1863e+00 -3.6168e-01
195 +2.465091701e+02 +2.465091701e+02 -7.534908299e+02 -7.534908299e+02 -4.0952e+00 +7.1983e-01 +1.9742e-01 -3.6883e+00 -1.2833e+00
206 +1.236537652e+02 +1.236537652e+02 -8.763462348e+02 -8.763462348e+02 -3.5071e+00 +3.2714e-01 +7.3230e-01 -3.2309e+00 -1.7868e+00
215 +5.012966166e+01 +5.012966166e+01 -9.498703383e+02 -9.498703383e+02 -3.8263e+00 +2.7780e-01 +6.4780e-01 -2.9712e+00 -2.3740e+00
225 +3.002350493e+01 +3.002350493e+01 -9.699764951e+02 -9.699764951e+02 -4.1434e+00 +1.5694e-01 +2.7917e-01 -2.7234e+00 -2.6697e+00
230 +2.356876015e+01 +2.356876015e+01 -9.764312399e+02 -9.764312399e+02 -3.1887e+00 +3.4474e-01 +6.1836e-01 -2.7472e+00 -2.7091e+00
232 +1.443604249e+01 +1.443604249e+01 -9.855639575e+02 -9.855639575e+02 -3.5594e+00 +2.7142e-01 +5.3749e-01 -2.7176e+00 -3.2989e+00
306 +8.562092835e+00 +8.562092835e+00 -9.914379072e+02 -9.914379072e+02 -3.4006e+00 +3.5352e-01 +5.3748e-01 -2.5021e+00 -2.8094e+00
322 +5.694769308e+00 +5.694769308e+00 -9.943052307e+02 -9.943052307e+02 -3.4924e+00 +4.3339e-01 +5.0454e-01 -2.5766e+00 -3.0044e+00
332 +3.563301420e+00 +3.563301420e+00 -9.964366986e+02 -9.964366986e+02 -3.3336e+00 +3.6835e-01 +5.4361e-01 -2.5602e+00 -3.0789e+00
393 +2.484143583e+00 +2.484143583e+00 -9.975158564e+02 -9.975158564e+02 -3.2995e+00 +4.8836e-01 +6.3191e-01 -2.5304e+00 -3.0287e+00
577 +1.540617236e+00 +1.540617236e+00 -9.984593828e+02 -9.984593828e+02 -3.0826e+00 +7.7550e-01 +8.7382e-01 -2.4357e+00 -3.0606e+00
765 +9.674155901e-01 +9.674155901e-01 -9.990325844e+02 -9.990325844e+02 -3.0078e+00 +8.8287e-01 +1.0121e+00 -2.3038e+00 -2.9737e+00
885 +6.078041789e-01 +6.078041789e-01 -9.993921958e+02 -9.993921958e+02 -2.9440e+00 +9.9709e-01 +1.1828e+00 -2.1389e+00 -2.8927e+00
1006 +3.881649388e-01 +3.881649388e-01 -9.996118351e+02 -9.996118351e+02 -2.9337e+00 +1.0205e+00 +1.2371e+00 -2.0426e+00 -2.8010e+00
1052 +1.926781330e-01 +1.926781330e-01 -9.998073219e+02 -9.998073219e+02 -2.9055e+00 +1.0733e+00 +1.3277e+00 -1.8999e+00 -2.6093e+00
1125 +1.251690416e-01 +1.251690416e-01 -9.998748310e+02 -9.998748310e+02 -2.8922e+00 +1.0959e+00 +1.3777e+00 -1.8286e+00 -2.5139e+00
1159 +8.808813855e-02 +8.808813855e-02 -9.999119119e+02 -9.999119119e+02 -2.8836e+00 +1.1132e+00 +1.4002e+00 -1.7729e+00 -2.4422e+00
1244 +5.424781725e-02 +5.424781725e-02 -9.999457522e+02 -9.999457522e+02 -2.8737e+00 +1.1234e+00 +1.4218e+00 -1.7403e+00 -2.3882e+00
1265 +3.906607866e-02 +3.906607866e-02 -9.999609339e+02 -9.999609339e+02 -2.8647e+00 +1.1432e+00 +1.4510e+00 -1.6995e+00 -2.3175e+00
1282 +1.915880382e-02 +1.915880382e-02 -9.999808412e+02 -9.999808412e+02 -2.8632e+00 +1.1530e+00 +1.4739e+00 -1.6519e+00 -2.2342e+00
1351 +1.352910204e-02 +1.352910204e-02 -9.999864709e+02 -9.999864709e+02 -2.8601e+00 +1.1560e+00 +1.4796e+00 -1.6410e+00 -2.2136e+00
1407 +7.685923155e-03 +7.685923155e-03 -9.999923141e+02 -9.999923141e+02 -2.8563e+00 +1.1645e+00 +1.4984e+00 -1.6065e+00 -2.1510e+00
1411 +6.170958404e-03 +6.170958404e-03 -9.999938290e+02 -9.999938290e+02 -2.8558e+00 +1.1672e+00 +1.5055e+00 -1.5895e+00 -2.1211e+00
1421 +3.617399526e-03 +3.617399526e-03 -9.999963826e+02 -9.999963826e+02 -2.8528e+00 +1.1700e+00 +1.5077e+00 -1.5858e+00 -2.1098e+00
1434 +2.043795148e-03 +2.043795148e-03 -9.999979562e+02 -9.999979562e+02 -2.8523e+00 +1.1711e+00 +1.5109e+00 -1.5771e+00 -2.0936e+00
1521 +6.139657418e-04 +6.139657418e-04 -9.999993860e+02 -9.999993860e+02 -2.8479e+00 +1.1788e+00 +1.5283e+00 -1.5424e+00 -2.0236e+00
1574 +3.393782048e-04 +3.393782048e-04 -9.999996606e+02 -9.999996606e+02 -2.8483e+00 +1.1765e+00 +1.5241e+00 -1.5531e+00 -2.0461e+00
1612 +4.389701394e-05 +4.389701394e-05 -9.999999561e+02 -9.999999561e+02 -2.8483e+00 +1.1765e+00 +1.5236e+00 -1.5529e+00 -2.0465e+00
1679 +2.438631498e-05 +2.438631498e-05 -9.999999756e+02 -9.999999756e+02 -2.8479e+00 +1.1774e+00 +1.5255e+00 -1.5484e+00 -2.0371e+00
1704 +1.321479465e-05 +1.321479465e-05 -9.999999868e+02 -9.999999868e+02 -2.8484e+00 +1.1766e+00 +1.5238e+00 -1.5519e+00 -2.0442e+00
1757 +5.091156140e-06 +5.091156140e-06 -9.999999949e+02 -9.999999949e+02 -2.8481e+00 +1.1769e+00 +1.5245e+00 -1.5506e+00 -2.0416e+00
1762 +3.172680294e-06 +3.172680294e-06 -9.999999968e+02 -9.999999968e+02 -2.8481e+00 +1.1769e+00 +1.5245e+00 -1.5506e+00 -2.0415e+00
1837 +2.409975991e-06 +2.409975991e-06 -9.999999976e+02 -9.999999976e+02 -2.8483e+00 +1.1765e+00 +1.5238e+00 -1.5520e+00 -2.0444e+00
1860 +1.493899163e-06 +1.493899163e-06 -9.999999985e+02 -9.999999985e+02 -2.8481e+00 +1.1768e+00 +1.5243e+00 -1.5510e+00 -2.0424e+00
1898 +8.017275377e-07 +8.017275377e-07 -9.999999992e+02 -9.999999992e+02 -2.8482e+00 +1.1766e+00 +1.5240e+00 -1.5516e+00 -2.0436e+00
1916 +4.097566944e-07 +4.097566944e-07 -9.999999996e+02 -9.999999996e+02 -2.8482e+00 +1.1766e+00 +1.5239e+00 -1.5517e+00 -2.0439e+00
1925 +3.653776730e-07 +3.653776730e-07 -9.999999996e+02 -9.999999996e+02 -2.8482e+00 +1.1766e+00 +1.5240e+00 -1.5516e+00 -2.0436e+00
1936 +2.450220791e-07 +2.450220791e-07 -9.999999998e+02 -9.999999998e+02 -2.8482e+00 +1.1767e+00 +1.5241e+00 -1.5514e+00 -2.0431e+00
1939 +1.322939625e-07 +1.322939625e-07 -9.999999999e+02 -9.999999999e+02 -2.8482e+00 +1.1767e+00 +1.5241e+00 -1.5514e+00 -2.0431e+00
1947 +6.545428732e-08 +6.545428732e-08 -9.999999999e+02 -9.999999999e+02 -2.8482e+00 +1.1766e+00 +1.5239e+00 -1.5517e+00 -2.0438e+00
1950 +6.007940101e-08 +6.007940101e-08 -9.999999999e+02 -9.999999999e+02 -2.8482e+00 +1.1766e+00 +1.5240e+00 -1.5516e+00 -2.0435e+00
1996 +2.655224307e-08 +2.655224307e-08 -1.000000000e+03 -1.000000000e+03 -2.8482e+00 +1.1766e+00 +1.5240e+00 -1.5516e+00 -2.0435e+00
2021 +1.276964667e-08 +1.276964667e-08 -1.000000000e+03 -1.000000000e+03 -2.8482e+00 +1.1766e+00 +1.5240e+00 -1.5516e+00 -2.0437e+00
2038 +5.680931281e-09 +5.680931281e-09 -1.000000000e+03 -1.000000000e+03 -2.8482e+00 +1.1766e+00 +1.5240e+00 -1.5516e+00 -2.0435e+00
% function evaluation | noise-free fitness - Fopt (-1.000000000000e+03) | best noise-free fitness - Fopt | measured fitness | best measured fitness | x1 | x2...
1 +3.045823883e+04 +3.045823883e+04 +2.945823883e+04 +2.945823883e+04 -5.0273e-01 -1.0529e+00 -3.1660e+00 +4.7414e-01 +2.8402e+00
10 +2.051660725e+04 +2.051660725e+04 +1.951660725e+04 +1.951660725e+04 -1.7888e+00 -2.4733e+00 -2.4238e+00 -5.7813e-01 +4.4382e+00
19 +1.492283865e+04 +1.492283865e+04 +1.392283865e+04 +1.392283865e+04 -8.7133e-01 -9.9878e-01 -6.0665e-01 -2.4644e+00 +3.3369e+00
27 +9.573684909e+03 +9.573684909e+03 +8.573684909e+03 +8.573684909e+03 -1.9628e+00 -1.0717e+00 -2.1161e+00 +1.1005e+00 +3.6785e+00
53 +3.465961212e+03 +3.465961212e+03 +2.465961212e+03 +2.465961212e+03 -3.8354e+00 -1.7044e+00 -1.2107e+00 +6.8347e-01 +5.6757e+00
59 +9.334214209e+02 +9.334214209e+02 -6.657857913e+01 -6.657857913e+01 -3.7895e+00 +1.5068e-01 -5.1511e-01 -7.8076e-02 +5.5701e+00
79 +3.298893217e+02 +3.298893217e+02 -6.701106783e+02 -6.701106783e+02 -3.0915e+00 -5.0260e-01 +2.2664e+00 +5.8034e-01 +6.7251e+00
137 +2.339900276e+02 +2.339900276e+02 -7.660099724e+02 -7.660099724e+02 -4.0439e+00 +1.3941e+00 +1.4693e+00 -9.4277e-01 -8.1687e-01
146 +1.348929390e+02 +1.348929390e+02 -8.651070610e+02 -8.651070610e+02 -2.5574e+00 +9.5481e-01 +1.3640e+00 -1.2248e+00 -1.6255e+00
179 +4.051163882e+01 +4.051163882e+01 -9.594883612e+02 -9.594883612e+02 -3.0528e+00 +7.7237e-01 +1.3156e+00 -1.9636e+00 -2.2424e+00
190 +2.825100766e+01 +2.825100766e+01 -9.717489923e+02 -9.717489923e+02 -3.8788e+00 +2.4838e-01 +9.5920e-02 -2.2193e+00 -2.7799e+00
221 +9.388615930e+00 +9.388615930e+00 -9.906113841e+02 -9.906113841e+02 -3.2725e+00 +7.3998e-01 +9.3116e-01 -2.5062e+00 -3.0763e+00
290 +5.503106849e+00 +5.503106849e+00 -9.944968932e+02 -9.944968932e+02 -3.2490e+00 +6.8041e-01 +7.7746e-01 -2.3670e+00 -3.0671e+00
305 +3.536679430e+00 +3.536679430e+00 -9.964633206e+02 -9.964633206e+02 -3.1152e+00 +6.1670e-01 +7.4439e-01 -2.4274e+00 -3.0717e+00
351 +2.395572644e+00 +2.395572644e+00 -9.976044274e+02 -9.976044274e+02 -3.2377e+00 +5.4868e-01 +6.5181e-01 -2.4927e+00 -3.0299e+00
661 +1.573910463e+00 +1.573910463e+00 -9.984260895e+02 -9.984260895e+02 -3.0985e+00 +7.4534e-01 +8.5745e-01 -2.4592e+00 -3.0263e+00
741 +9.243534802e-01 +9.243534802e-01 -9.990756465e+02 -9.990756465e+02 -2.9756e+00 +9.3327e-01 +1.0664e+00 -2.2732e+00 -2.9686e+00
792 +6.018984465e-01 +6.018984465e-01 -9.993981016e+02 -9.993981016e+02 -2.9660e+00 +9.6159e-01 +1.1385e+00 -2.1715e+00 -2.9050e+00
883 +3.609241737e-01 +3.609241737e-01 -9.996390758e+02 -9.996390758e+02 -2.8981e+00 +1.0586e+00 +1.2786e+00 -1.9840e+00 -2.7204e+00
938 +2.507042249e-01 +2.507042249e-01 -9.997492958e+02 -9.997492958e+02 -2.9074e+00 +1.0689e+00 +1.3074e+00 -1.9477e+00 -2.6767e+00
1033 +1.565304840e-01 +1.565304840e-01 -9.998434695e+02 -9.998434695e+02 -2.8981e+00 +1.0782e+00 +1.3463e+00 -1.8724e+00 -2.5827e+00
1163 +8.367694491e-02 +8.367694491e-02 -9.999163231e+02 -9.999163231e+02 -2.8776e+00 +1.1174e+00 +1.4039e+00 -1.7822e+00 -2.4597e+00
1185 +6.005072421e-02 +6.005072421e-02 -9.999399493e+02 -9.999399493e+02 -2.8767e+00 +1.1219e+00 +1.4263e+00 -1.7417e+00 -2.3907e+00
1297 +3.969974057e-02 +3.969974057e-02 -9.999603003e+02 -9.999603003e+02 -2.8654e+00 +1.1445e+00 +1.4567e+00 -1.6918e+00 -2.3086e+00
1320 +2.418340265e-02 +2.418340265e-02 -9.999758166e+02 -9.999758166e+02 -2.8674e+00 +1.1440e+00 +1.4625e+00 -1.6728e+00 -2.2697e+00
1354 +1.435245635e-02 +1.435245635e-02 -9.999856475e+02 -9.999856475e+02 -2.8596e+00 +1.1529e+00 +1.4751e+00 -1.6494e+00 -2.2271e+00
1408 +9.112420188e-03 +9.112420188e-03 -9.999908876e+02 -9.999908876e+02 -2.8570e+00 +1.1639e+00 +1.4965e+00 -1.6069e+00 -2.1556e+00
1479 +6.282964007e-03 +6.282964007e-03 -9.999937170e+02 -9.999937170e+02 -2.8568e+00 +1.1604e+00 +1.4916e+00 -1.6171e+00 -2.1689e+00
1509 +3.144247818e-03 +3.144247818e-03 -9.999968558e+02 -9.999968558e+02 -2.8526e+00 +1.1689e+00 +1.5089e+00 -1.5852e+00 -2.1111e+00
1570 +2.030210901e-03 +2.030210901e-03 -9.999979698e+02 -9.999979698e+02 -2.8527e+00 +1.1684e+00 +1.5066e+00 -1.5868e+00 -2.1140e+00
1585 +1.580332810e-03 +1.580332810e-03 -9.999984197e+02 -9.999984197e+02 -2.8515e+00 +1.1696e+00 +1.5097e+00 -1.5801e+00 -2.0976e+00
1609 +7.627330662e-04 +7.627330662e-04 -9.999992373e+02 -9.999992373e+02 -2.8507e+00 +1.1731e+00 +1.5175e+00 -1.5660e+00 -2.0728e+00
1615 +5.834488570e-04 +5.834488570e-04 -9.999994166e+02 -9.999994166e+02 -2.8503e+00 +1.1724e+00 +1.5146e+00 -1.5700e+00 -2.0802e+00
1633 +2.935173708e-04 +2.935173708e-04 -9.999997065e+02 -9.999997065e+02 -2.8496e+00 +1.1747e+00 +1.5205e+00 -1.5596e+00 -2.0601e+00
1641 +1.387432230e-04 +1.387432230e-04 -9.999998613e+02 -9.999998613e+02 -2.8479e+00 +1.1774e+00 +1.5254e+00 -1.5494e+00 -2.0402e+00
1704 +8.147052927e-05 +8.147052927e-05 -9.999999185e+02 -9.999999185e+02 -2.8490e+00 +1.1753e+00 +1.5212e+00 -1.5574e+00 -2.0555e+00
1724 +4.012715101e-05 +4.012715101e-05 -9.999999599e+02 -9.999999599e+02 -2.8479e+00 +1.1774e+00 +1.5252e+00 -1.5494e+00 -2.0389e+00
1741 +3.744527783e-05 +3.744527783e-05 -9.999999626e+02 -9.999999626e+02 -2.8486e+00 +1.1756e+00 +1.5225e+00 -1.5549e+00 -2.0503e+00
1750 +7.836515579e-06 +7.836515579e-06 -9.999999922e+02 -9.999999922e+02 -2.8481e+00 +1.1768e+00 +1.5245e+00 -1.5507e+00 -2.0421e+00
1780 +5.616478006e-06 +5.616478006e-06 -9.999999944e+02 -9.999999944e+02 -2.8482e+00 +1.1768e+00 +1.5245e+00 -1.5506e+00 -2.0416e+00
1789 +2.866370096e-06 +2.866370096e-06 -9.999999971e+02 -9.999999971e+02 -2.8481e+00 +1.1768e+00 +1.5245e+00 -1.5505e+00 -2.0415e+00
1793 +2.241488346e-06 +2.241488346e-06 -9.999999978e+02 -9.999999978e+02 -2.8482e+00 +1.1767e+00 +1.5242e+00 -1.5511e+00 -2.0425e+00
1832 +1.540013955e-06 +1.540013955e-06 -9.999999985e+02 -9.999999985e+02 -2.8482e+00 +1.1766e+00 +1.5240e+00 -1.5516e+00 -2.0438e+00
1847 +5.250719823e-07 +5.250719823e-07 -9.999999995e+02 -9.999999995e+02 -2.8482e+00 +1.1765e+00 +1.5238e+00 -1.5520e+00 -2.0443e+00
1863 +2.575648068e-07 +2.575648068e-07 -9.999999997e+02 -9.999999997e+02 -2.8482e+00 +1.1766e+00 +1.5240e+00 -1.5516e+00 -2.0437e+00
1889 +1.122778031e-07 +1.122778031e-07 -9.999999999e+02 -9.999999999e+02 -2.8482e+00 +1.1767e+00 +1.5241e+00 -1.5514e+00 -2.0433e+00
1916 +9.577331639e-08 +9.577331639e-08 -9.999999999e+02 -9.999999999e+02 -2.8482e+00 +1.1766e+00 +1.5241e+00 -1.5514e+00 -2.0432e+00
1946 +5.192350727e-08 +5.192350727e-08 -9.999999999e+02 -9.999999999e+02 -2.8482e+00 +1.1766e+00 +1.5239e+00 -1.5517e+00 -2.0438e+00
1963 +2.939975730e-08 +2.939975730e-08 -1.000000000e+03 -1.000000000e+03 -2.8482e+00 +1.1766e+00 +1.5240e+00 -1.5516e+00 -2.0436e+00
1972 +2.127603693e-08 +2.127603693e-08 -1.000000000e+03 -1.000000000e+03 -2.8482e+00 +1.1766e+00 +1.5240e+00 -1.5516e+00 -2.0437e+00
1987 +9.235691323e-09 +9.235691323e-09 -1.000000000e+03 -1.000000000e+03 -2.8482e+00 +1.1766e+00 +1.5240e+00 -1.5516e+00 -2.0436e+00
% function evaluation | noise-free fitness - Fopt (9.862000000000e+01) | best noise-free fitness - Fopt | measured fitness | best measured fitness | x1 | x2...
1 +8.447454902e+04 +8.447454902e+04 +8.457316902e+04 +8.457316902e+04 +3.0660e+00 -3.8311e+00 +2.7029e+00 -4.8184e-02 -3.9528e+00
11 +1.633110890e+04 +1.633110890e+04 +1.642972890e+04 +1.642972890e+04 +5.6599e-01 -1.2355e+00 +2.8776e+00 -9.3851e-02 -2.1361e+00
18 +1.086626528e+04 +1.086626528e+04 +1.096488528e+04 +1.096488528e+04 -3.3885e+00 +1.1428e+00 +3.7959e+00 -1.2254e+00 -9.6489e-01
32 +4.989951929e+03 +4.989951929e+03 +5.088571929e+03 +5.088571929e+03 -2.0364e+00 +2.2201e-01 +3.8092e+00 -3.0292e+00 -2.2183e+00
45 +4.600954074e+02 +4.600954074e+02 +5.587154074e+02 +5.587154074e+02 -1.7231e+00 -3.1277e+00 +1.6638e+00 -3.0587e+00 -1.7926e+00
56 +2.663857323e+02 +2.663857323e+02 +3.650057323e+02 +3.650057323e+02 -7.2825e-01 -1.2760e+00 +1.2415e+00 -3.2498e+00 +1.1905e+00
76 +7.058822405e+01 +7.058822405e+01 +1.692082241e+02 +1.692082241e+02 -1.9546e+00 -2.2035e+00 +1.6691e+00 -2.9074e+00 -7.2792e-01
160 +1.502841619e+01 +1.502841619e+01 +1.136484162e+02 +1.136484162e+02 -1.3592e+00 -1.8569e+00 +1.4948e+00 -2.9860e+00 -2.8520e-01
255 +8.648615850e+00 +8.648615850e+00 +1.072686158e+02 +1.072686158e+02 -1.8780e+00 -2.1112e+00 +1.4519e+00 -3.0538e+00 -2.0170e-01
264 +4.292246915e+00 +4.292246915e+00 +1.029122469e+02 +1.029122469e+02 -1.6490e+00 -2.0843e+00 +1.4840e+00 -3.2041e+00 -1.2512e-02
370 +3.898503133e+00 +3.898503133e+00 +1.025185031e+02 +1.025185031e+02 -1.7219e+00 -2.1456e+00 +1.4662e+00 -3.1850e+00 -9.5170e-02
584 +2.493533609e+00 +2.493533609e+00 +1.011135336e+02 +1.011135336e+02 -1.1587e+00 -1.7642e+00 +1.5774e+00 -3.1992e+00 -4.7132e-02
706 +1.522126059e+00 +1.522126059e+00 +1.001421261e+02 +1.001421261e+02 -1.0426e+00 -1.5686e+00 +1.7846e+00 -3.1045e+00 -9.6883e-02
842 +9.121461587e-01 +9.121461587e-01 +9.953214616e+01 +9.953214616e+01 -9.6290e-01 -1.4303e+00 +1.9603e+00 -2.9590e+00 -2.8559e-02
1053 +6.240319544e-01 +6.240319544e-01 +9.924403195e+01 +9.924403195e+01 -9.2521e-01 -1.3676e+00 +2.0615e+00 -2.8413e+00 +4.5630e-02
1155 +3.929279849e-01 +3.929279849e-01 +9.901292798e+01 +9.901292798e+01 -8.9492e-01 -1.3081e+00 +2.1615e+00 -2.7115e+00 +1.6650e-01
1256 +2.368496431e-01 +2.368496431e-01 +9.885684964e+01 +9.885684964e+01 -8.6823e-01 -1.2696e+00 +2.2304e+00 -2.6044e+00 +2.9264e-01
1337 +1.470121478e-01 +1.470121478e-01 +9.876701215e+01 +9.876701215e+01 -8.4123e-01 -1.2196e+00 +2.2889e+00 -2.5064e+00 +4.1599e-01
1385 +9.063984179e-02 +9.063984179e-02 +9.871063984e+01 +9.871063984e+01 -8.3773e-01 -1.2114e+00 +2.3149e+00 -2.4585e+00 +4.8465e-01
1468 +6.217526194e-02 +6.217526194e-02 +9.868217526e+01 +9.868217526e+01 -8.3217e-01 -1.2025e+00 +2.3342e+00 -2.4215e+00 +5.5321e-01
1523 +3.388295144e-02 +3.388295144e-02 +9.865388295e+01 +9.865388295e+01 -8.2013e-01 -1.1743e+00 +2.3914e+00 -2.3225e+00 +7.0446e-01
1577 +2.358846584e-02 +2.358846584e-02 +9.864358847e+01 +9.864358847e+01 -8.2009e-01 -1.1722e+00 +2.3887e+00 -2.3260e+00 +7.1202e-01
1580 +1.252130016e-02 +1.252130016e-02 +9.863252130e+01 +9.863252130e+01 -8.1866e-01 -1.1697e+00 +2.4020e+00 -2.3007e+00 +7.5464e-01
1607 +8.469967533e-03 +8.469967533e-03 +9.862846997e+01 +9.862846997e+01 -8.1454e-01 -1.1610e+00 +2.4174e+00 -2.2748e+00 +8.0428e-01
1645 +4.438608820e-03 +4.438608820e-03 +9.862443861e+01 +9.862443861e+01 -8.0932e-01 -1.1520e+00 +2.4394e+00 -2.2286e+00 +8.9091e-01
1669 +3.609982169e-03 +3.609982169e-03 +9.862360998e+01 +9.862360998e+01 -8.0372e-01 -1.1463e+00 +2.4436e+00 -2.2237e+00 +9.0280e-01
1674 +2.372166373e-03 +2.372166373e-03 +9.862237217e+01 +9.862237217e+01 -8.0168e-01 -1.1395e+00 +2.4581e+00 -2.1918e+00 +9.6760e-01
1716 +1.081321571e-03 +1.081321571e-03 +9.862108132e+01 +9.862108132e+01 -8.0251e-01 -1.1435e+00 +2.4527e+00 -2.1992e+00 +9.5360e-01
1730 +9.255537524e-04 +9.255537524e-04 +9.862092555e+01 +9.862092555e+01 -8.0389e-01 -1.1464e+00 +2.4454e+00 -2.2166e+00 +9.1672e-01
1751 +5.448869237e-04 +5.448869237e-04 +9.862054489e+01 +9.862054489e+01 -8.0726e-01 -1.1502e+00 +2.4391e+00 -2.2295e+00 +8.9330e-01
1775 +3.514028196e-04 +3.514028196e-04 +9.862035140e+01 +9.862035140e+01 -8.0596e-01 -1.1489e+00 +2.4425e+00 -2.2203e+00 +9.1168e-01
1792 +1.165389241e-04 +1.165389241e-04 +9.862011654e+01 +9.862011654e+01 -8.0459e-01 -1.1468e+00 +2.4456e+00 -2.2153e+00 +9.2199e-01
1850 +1.511607137e-05 +1.511607137e-05 +9.862001512e+01 +9.862001512e+01 -8.0502e-01 -1.1476e+00 +2.4445e+00 -2.2180e+00 +9.1615e-01
1902 +9.351251776e-06 +9.351251776e-06 +9.862000935e+01 +9.862000935e+01 -8.0537e-01 -1.1483e+00 +2.4436e+00 -2.2198e+00 +9.1245e-01
1925 +4.378883432e-06 +4.378883432e-06 +9.862000438e+01 +9.862000438e+01 -8.0506e-01 -1.1475e+00 +2.4451e+00 -2.2169e+00 +9.1805e-01
1964 +3.096781583e-06 +3.096781583e-06 +9.862000310e+01 +9.862000310e+01 -8.0516e-01 -1.1477e+00 +2.4444e+00 -2.2182e+00 +9.1563e-01
1965 +1.649300202e-06 +1.649300202e-06 +9.862000165e+01 +9.862000165e+01 -8.0516e-01 -1.1477e+00 +2.4446e+00 -2.2178e+00 +9.1630e-01
1994 +1.567602396e-06 +1.567602396e-06 +9.862000157e+01 +9.862000157e+01 -8.0515e-01 -1.1476e+00 +2.4447e+00 -2.2176e+00 +9.1676e-01
1999 +8.446634894e-07 +8.446634894e-07 +9.862000084e+01 +9.862000084e+01 -8.0517e-01 -1.1478e+00 +2.4446e+00 -2.2179e+00 +9.1625e-01
2044 +2.500041489e-07 +2.500041489e-07 +9.862000025e+01 +9.862000025e+01 -8.0519e-01 -1.1478e+00 +2.4444e+00 -2.2182e+00 +9.1562e-01
2068 +6.439690026e-08 +6.439690026e-08 +9.862000006e+01 +9.862000006e+01 -8.0522e-01 -1.1478e+00 +2.4443e+00 -2.2183e+00 +9.1535e-01
2121 +6.047561385e-08 +6.047561385e-08 +9.862000006e+01 +9.862000006e+01 -8.0521e-01 -1.1478e+00 +2.4444e+00 -2.2182e+00 +9.1561e-01
2138 +5.627768473e-09 +5.627768473e-09 +9.862000001e+01 +9.862000001e+01 -8.0520e-01 -1.1478e+00 +2.4444e+00 -2.2182e+00 +9.1564e-01
% function evaluation | noise-free fitness - Fopt (9.862000000000e+01) | best noise-free fitness - Fopt | measured fitness | best measured fitness | x1 | x2...
1 +8.457570691e+04 +8.457570691e+04 +8.467432691e+04 +8.467432691e+04 -1.0054e-01 -3.5717e+00 -2.8178e+00 +1.9857e+00 +2.1188e+00
5 +2.757360416e+03 +2.757360416e+03 +2.855980416e+03 +2.855980416e+03 -1.0023e+00 -3.4750e+00 -3.9642e-01 -1.9755e+00 +3.9029e+00
34 +2.839141840e+02 +2.839141840e+02 +3.825341840e+02 +3.825341840e+02 -9.5256e-01 -2.4345e+00 +3.3576e-01 -1.4608e+00 +3.2216e+00
125 +2.402254829e+02 +2.402254829e+02 +3.388454829e+02 +3.388454829e+02 -3.2482e+00 -1.3375e+00 +1.6652e+00 -2.4436e+00 +5.4426e-01
159 +1.266590301e+02 +1.266590301e+02 +2.252790301e+02 +2.252790301e+02 -2.7916e+00 -1.2391e+00 +1.7749e+00 -2.2304e+00 +1.3400e+00
233 +6.941144071e+01 +6.941144071e+01 +1.680314407e+02 +1.680314407e+02 -2.2413e+00 -1.3976e+00 +2.4774e+00 -1.8449e+00 +1.5942e+00
264 +1.807792061e+01 +1.807792061e+01 +1.166979206e+02 +1.166979206e+02 -2.6122e+00 -1.2189e+00 +2.1220e+00 -2.5949e+00 +3.8939e-01
328 +1.040099713e+01 +1.040099713e+01 +1.090209971e+02 +1.090209971e+02 -2.7716e+00 -1.2002e+00 +2.2108e+00 -2.5717e+00 +1.2735e-01
334 +9.899154472e+00 +9.899154472e+00 +1.085191545e+02 +1.085191545e+02 -2.7411e+00 -1.2351e+00 +2.1986e+00 -2.7151e+00 +3.8428e-01
360 +5.261137875e+00 +5.261137875e+00 +1.038811379e+02 +1.038811379e+02 -2.7520e+00 -1.2920e+00 +2.2353e+00 -2.6734e+00 +2.3248e-01
556 +3.977803575e+00 +3.977803575e+00 +1.025978036e+02 +1.025978036e+02 -2.7395e+00 -1.2629e+00 +2.2285e+00 -2.6100e+00 +2.7908e-01
3152 +2.490910912e+00 +2.490910912e+00 +1.011109109e+02 +1.011109109e+02 -1.2352e+00 -1.7856e+00 +1.5744e+00 -3.2094e+00 -9.5887e-02
3390 +1.526502008e+00 +1.526502008e+00 +1.001465020e+02 +1.001465020e+02 -1.0288e+00 -1.5573e+00 +1.7758e+00 -3.1025e+00 -5.3411e-02
3512 +8.776781648e-01 +8.776781648e-01 +9.949767816e+01 +9.949767816e+01 -9.5723e-01 -1.4125e+00 +1.9822e+00 -2.9277e+00 -2.0073e-02
3621 +6.025757860e-01 +6.025757860e-01 +9.922257579e+01 +9.922257579e+01 -9.1602e-01 -1.3632e+00 +2.0642e+00 -2.8390e+00 +5.1541e-02
3758 +3.698892882e-01 +3.698892882e-01 +9.898988929e+01 +9.898988929e+01 -8.8674e-01 -1.3029e+00 +2.1584e+00 -2.7100e+00 +1.6158e-01
3876 +2.487330909e-01 +2.487330909e-01 +9.886873309e+01 +9.886873309e+01 -8.6409e-01 -1.2556e+00 +2.2325e+00 -2.6092e+00 +2.7610e-01
3951 +1.436484127e-01 +1.436484127e-01 +9.876364841e+01 +9.876364841e+01 -8.3900e-01 -1.2182e+00 +2.2999e+00 -2.5026e+00 +4.2627e-01
4006 +9.453527384e-02 +9.453527384e-02 +9.871453527e+01 +9.871453527e+01 -8.3837e-01 -1.2104e+00 +2.3150e+00 -2.4664e+00 +4.8106e-01
4072 +3.724263747e-02 +3.724263747e-02 +9.865724264e+01 +9.865724264e+01 -8.2264e-01 -1.1836e+00 +2.3676e+00 -2.3683e+00 +6.3303e-01
4179 +2.125128016e-02 +2.125128016e-02 +9.864125128e+01 +9.864125128e+01 -8.1684e-01 -1.1734e+00 +2.3890e+00 -2.3221e+00 +7.1387e-01
4245 +1.316351988e-02 +1.316351988e-02 +9.863316352e+01 +9.863316352e+01 -8.1494e-01 -1.1699e+00 +2.4025e+00 -2.3019e+00 +7.5014e-01
4310 +7.797465513e-03 +7.797465513e-03 +9.862779747e+01 +9.862779747e+01 -8.1095e-01 -1.1619e+00 +2.4174e+00 -2.2764e+00 +8.0429e-01
4380 +3.819974727e-03 +3.819974727e-03 +9.862381997e+01 +9.862381997e+01 -8.0914e-01 -1.1578e+00 +2.4268e+00 -2.2548e+00 +8.4100e-01
4454 +7.837069353e-04 +7.837069353e-04 +9.862078371e+01 +9.862078371e+01 -8.0503e-01 -1.1460e+00 +2.4499e+00 -2.2068e+00 +9.3825e-01
4524 +4.629113023e-04 +4.629113023e-04 +9.862046291e+01 +9.862046291e+01 -8.0608e-01 -1.1486e+00 +2.4441e+00 -2.2199e+00 +9.1143e-01
4580 +3.383785657e-04 +3.383785657e-04 +9.862033838e+01 +9.862033838e+01 -8.0649e-01 -1.1492e+00 +2.4418e+00 -2.2245e+00 +9.0240e-01
4602 +2.279564075e-04 +2.279564075e-04 +9.862022796e+01 +9.862022796e+01 -8.0585e-01 -1.1495e+00 +2.4407e+00 -2.2264e+00 +8.9993e-01
4622 +2.756150506e-05 +2.756150506e-05 +9.862002756e+01 +9.862002756e+01 -8.0544e-01 -1.1482e+00 +2.4441e+00 -2.2189e+00 +9.1401e-01
4725 +2.100400300e-05 +2.100400300e-05 +9.862002100e+01 +9.862002100e+01 -8.0502e-01 -1.1478e+00 +2.4444e+00 -2.2179e+00 +9.1590e-01
4740 +1.396996737e-05 +1.396996737e-05 +9.862001397e+01 +9.862001397e+01 -8.0549e-01 -1.1481e+00 +2.4437e+00 -2.2195e+00 +9.1270e-01
4750 +9.854877149e-06 +9.854877149e-06 +9.862000985e+01 +9.862000985e+01 -8.0525e-01 -1.1478e+00 +2.4447e+00 -2.2175e+00 +9.1697e-01
4814 +3.285299542e-06 +3.285299542e-06 +9.862000329e+01 +9.862000329e+01 -8.0504e-01 -1.1476e+00 +2.4449e+00 -2.2173e+00 +9.1746e-01
4850 +2.055217522e-06 +2.055217522e-06 +9.862000206e+01 +9.862000206e+01 -8.0528e-01 -1.1479e+00 +2.4441e+00 -2.2187e+00 +9.1466e-01
4887 +1.333941213e-06 +1.333941213e-06 +9.862000133e+01 +9.862000133e+01 -8.0527e-01 -1.1479e+00 +2.4442e+00 -2.2185e+00 +9.1498e-01
4894 +6.536625534e-07 +6.536625534e-07 +9.862000065e+01 +9.862000065e+01 -8.0520e-01 -1.1478e+00 +2.4443e+00 -2.2183e+00 +9.1535e-01
4906 +4.282388346e-07 +4.282388346e-07 +9.862000043e+01 +9.862000043e+01 -8.0519e-01 -1.1478e+00 +2.4444e+00 -2.2182e+00 +9.1565e-01
4921 +2.996442987e-07 +2.996442987e-07 +9.862000030e+01 +9.862000030e+01 -8.0518e-01 -1.1478e+00 +2.4445e+00 -2.2181e+00 +9.1581e-01
4941 +1.060549835e-07 +1.060549835e-07 +9.862000011e+01 +9.862000011e+01 -8.0523e-01 -1.1479e+00 +2.4443e+00 -2.2184e+00 +9.1514e-01
4991 +5.154086580e-08 +5.154086580e-08 +9.862000005e+01 +9.862000005e+01 -8.0521e-01 -1.1478e+00 +2.4444e+00 -2.2183e+00 +9.1544e-01
4995 +3.501207857e-08 +3.501207857e-08 +9.862000004e+01 +9.862000004e+01 -8.0521e-01 -1.1478e+00 +2.4443e+00 -2.2183e+00 +9.1536e-01
5019 +2.443708524e-08 +2.443708524e-08 +9.862000002e+01 +9.862000002e+01 -8.0520e-01 -1.1478e+00 +2.4444e+00 -2.2182e+00 +9.1556e-01
5064 +1.519795489e-08 +1.519795489e-08 +9.862000002e+01 +9.862000002e+01 -8.0519e-01 -1.1478e+00 +2.4444e+00 -2.2181e+00 +9.1570e-01
5078 +4.841140822e-09 +4.841140822e-09 +9.862000000e+01 +9.862000000e+01 -8.0520e-01 -1.1478e+00 +2.4444e+00 -2.2182e+00 +9.1558e-01
5092 +2.049105774e-09 +2.049105774e-09 +9.862000000e+01 +9.862000000e+01 -8.0520e-01 -1.1478e+00 +2.4444e+00 -2.2182e+00 +9.1559e-01
% function evaluation | noise-free fitness - Fopt (9.862000000000e+01) | best noise-free fitness - Fopt | measured fitness | best measured fitness | x1 | x2...
1 +7.786856934e+04 +7.786856934e+04 +7.796718934e+04 +7.796718934e+04 -6.0356e-01 -1.8944e+00 -2.9481e+00 +1.5389e+00 -8.1393e-01
5 +3.873600575e+04 +3.873600575e+04 +3.883462575e+04 +3.883462575e+04 -9.9221e-01 -2.7483e+00 -3.0318e+00 -4.0860e-01 -2.6766e-01
9 +5.503466606e+03 +5.503466606e+03 +5.602086606e+03 +5.602086606e+03 -2.4228e+00 -3.7535e+00 -7.5770e-01 -1.7337e+00 -1.9689e+00
19 +1.426109858e+02 +1.426109858e+02 +2.412309858e+02 +2.412309858e+02 -1.7223e+00 -2.1636e+00 +1.3820e+00 -2.0424e+00 +1.1635e+00
113 +9.871937873e+01 +9.871937873e+01 +1.973393787e+02 +1.973393787e+02 -1.1225e+00 -2.3657e+00 +1.7377e+00 -3.5350e+00 +5.2447e-01
147 +4.147909713e+00 +4.147909713e+00 +1.027679097e+02 +1.027679097e+02 -9.5626e-01 -1.4992e+00 +1.9455e+00 -3.0966e+00 -1.0645e-01
271 +3.521813468e+00 +3.521813468e+00 +1.021418135e+02 +1.021418135e+02 -1.4657e+00 -2.0335e+00 +1.4110e+00 -3.1912e+00 -8.9769e-02
482 +2.424685086e+00 +2.424685086e+00 +1.010446851e+02 +1.010446851e+02 -1.2211e+00 -1.7906e+00 +1.5507e+00 -3.1945e+00 -8.1330e-02
604 +1.501025702e+00 +1.501025702e+00 +1.001210257e+02 +1.001210257e+02 -1.0298e+00 -1.5370e+00 +1.7962e+00 -3.1062e+00 -8.6826e-02
729 +9.968108477e-01 +9.968108477e-01 +9.961681085e+01 +9.961681085e+01 -9.5814e-01 -1.4405e+00 +1.9485e+00 -2.9604e+00 -4.5851e-02
971 +6.178137744e-01 +6.178137744e-01 +9.923781377e+01 +9.923781377e+01 -9.1661e-01 -1.3636e+00 +2.0564e+00 -2.8505e+00 +4.9820e-02
1018 +3.353860668e-01 +3.353860668e-01 +9.895538607e+01 +9.895538607e+01 -8.8402e-01 -1.3011e+00 +2.1693e+00 -2.6869e+00 +1.9945e-01
1100 +2.294798923e-01 +2.294798923e-01 +9.884947989e+01 +9.884947989e+01 -8.5853e-01 -1.2567e+00 +2.2375e+00 -2.6027e+00 +2.8880e-01
1258 +1.575528520e-01 +1.575528520e-01 +9.877755285e+01 +9.877755285e+01 -8.5556e-01 -1.2414e+00 +2.2681e+00 -2.5387e+00 +3.6737e-01
1356 +9.950390658e-02 +9.950390658e-02 +9.871950391e+01 +9.871950391e+01 -8.4156e-01 -1.2110e+00 +2.3196e+00 -2.4586e+00 +4.8281e-01
1420 +5.858138499e-02 +5.858138499e-02 +9.867858138e+01 +9.867858138e+01 -8.3329e-01 -1.2026e+00 +2.3358e+00 -2.4243e+00 +5.4560e-01
1464 +3.280224913e-02 +3.280224913e-02 +9.865280225e+01 +9.865280225e+01 -8.2190e-01 -1.1804e+00 +2.3777e+00 -2.3430e+00 +6.7205e-01
1534 +2.483525597e-02 +2.483525597e-02 +9.864483526e+01 +9.864483526e+01 -8.2141e-01 -1.1767e+00 +2.3890e+00 -2.3327e+00 +6.9561e-01
1551 +1.508186444e-02 +1.508186444e-02 +9.863508186e+01 +9.863508186e+01 -8.1535e-01 -1.1696e+00 +2.4003e+00 -2.3047e+00 +7.4319e-01
1604 +9.719895394e-03 +9.719895394e-03 +9.862971990e+01 +9.862971990e+01 -8.1072e-01 -1.1606e+00 +2.4168e+00 -2.2701e+00 +8.0780e-01
1630 +6.234180926e-03 +6.234180926e-03 +9.862623418e+01 +9.862623418e+01 -8.1157e-01 -1.1634e+00 +2.4124e+00 -2.2797e+00 +7.9645e-01
1656 +2.968907519e-03 +2.968907519e-03 +9.862296891e+01 +9.862296891e+01 -8.1085e-01 -1.1584e+00 +2.4218e+00 -2.2627e+00 +8.2789e-01
1667 +2.356966042e-03 +2.356966042e-03 +9.862235697e+01 +9.862235697e+01 -8.1081e-01 -1.1580e+00 +2.4242e+00 -2.2569e+00 +8.3909e-01
1752 +1.195338278e-03 +1.195338278e-03 +9.862119534e+01 +9.862119534e+01 -8.0783e-01 -1.1544e+00 +2.4312e+00 -2.2446e+00 +8.6264e-01
1787 +9.368817945e-04 +9.368817945e-04 +9.862093688e+01 +9.862093688e+01 -8.0738e-01 -1.1528e+00 +2.4348e+00 -2.2381e+00 +8.7455e-01
1812 +6.074205643e-04 +6.074205643e-04 +9.862060742e+01 +9.862060742e+01 -8.0810e-01 -1.1531e+00 +2.4346e+00 -2.2372e+00 +8.7777e-01
1830 +3.271656694e-04 +3.271656694e-04 +9.862032717e+01 +9.862032717e+01 -8.0696e-01 -1.1516e+00 +2.4373e+00 -2.2321e+00 +8.8865e-01
1846 +5.358096203e-05 +5.358096203e-05 +9.862005358e+01 +9.862005358e+01 -8.0572e-01 -1.1487e+00 +2.4423e+00 -2.2220e+00 +9.0821e-01
1917 +3.912652966e-05 +3.912652966e-05 +9.862003913e+01 +9.862003913e+01 -8.0567e-01 -1.1486e+00 +2.4424e+00 -2.2224e+00 +9.0715e-01
1926 +2.112678962e-05 +2.112678962e-05 +9.862002113e+01 +9.862002113e+01 -8.0526e-01 -1.1477e+00 +2.4445e+00 -2.2178e+00 +9.1592e-01
1931 +1.501575883e-05 +1.501575883e-05 +9.862001502e+01 +9.862001502e+01 -8.0556e-01 -1.1485e+00 +2.4429e+00 -2.2211e+00 +9.0985e-01
1959 +9.828884160e-06 +9.828884160e-06 +9.862000983e+01 +9.862000983e+01 -8.0517e-01 -1.1475e+00 +2.4449e+00 -2.2173e+00 +9.1760e-01
1981 +4.900612822e-06 +4.900612822e-06 +9.862000490e+01 +9.862000490e+01 -8.0525e-01 -1.1479e+00 +2.4440e+00 -2.2191e+00 +9.1371e-01
1984 +2.659025782e-06 +2.659025782e-06 +9.862000266e+01 +9.862000266e+01 -8.0524e-01 -1.1478e+00 +2.4445e+00 -2.2179e+00 +9.1602e-01
2027 +1.552158139e-06 +1.552158139e-06 +9.862000155e+01 +9.862000155e+01 -8.0527e-01 -1.1480e+00 +2.4440e+00 -2.2189e+00 +9.1415e-01
2042 +7.902120700e-07 +7.902120700e-07 +9.862000079e+01 +9.862000079e+01 -8.0520e-01 -1.1478e+00 +2.4444e+00 -2.2182e+00 +9.1548e-01
2050 +5.695718386e-07 +5.695718386e-07 +9.862000057e+01 +9.862000057e+01 -8.0529e-01 -1.1480e+00 +2.4441e+00 -2.2188e+00 +9.1437e-01
2075 +2.475249516e-07 +2.475249516e-07 +9.862000025e+01 +9.862000025e+01 -8.0521e-01 -1.1478e+00 +2.4444e+00 -2.2181e+00 +9.1585e-01
2099 +1.462671406e-07 +1.462671406e-07 +9.862000015e+01 +9.862000015e+01 -8.0519e-01 -1.1478e+00 +2.4444e+00 -2.2181e+00 +9.1578e-01
2149 +5.478349863e-08 +5.478349863e-08 +9.862000005e+01 +9.862000005e+01 -8.0521e-01 -1.1478e+00 +2.4444e+00 -2.2182e+00 +9.1558e-01
2163 +3.934653137e-08 +3.934653137e-08 +9.862000004e+01 +9.862000004e+01 -8.0519e-01 -1.1478e+00 +2.4444e+00 -2.2181e+00 +9.1571e-01
2167 +9.775320109e-09 +9.775320109e-09 +9.862000001e+01 +9.862000001e+01 -8.0521e-01 -1.1478e+00 +2.4444e+00 -2.2182e+00 +9.1551e-01
% function evaluation | noise-free fitness - Fopt (-4.715000000000e+01) | best noise-free fitness - Fopt | measured fitness | best measured fitness | x1 | x2...
1 +3.337025352e+04 +3.337025352e+04 +3.332310352e+04 +3.332310352e+04 -2.4794e+00 +2.5619e+00 -1.1330e+00 -3.1161e+00 -6.4397e-01
6 +4.972793482e+03 +4.972793482e+03 +4.925643482e+03 +4.925643482e+03 -3.3740e+00 -6.0844e-01 -3.0862e+00 -5.5079e+00 -6.4111e-01
21 +1.215396982e+03 +1.215396982e+03 +1.168246982e+03 +1.168246982e+03 -1.1371e+00 -4.4328e-01 -8.3602e-01 -4.3000e+00 -8.6318e-01
26 +6.162084021e+02 +6.162084021e+02 +5.690584021e+02 +5.690584021e+02 -3.0399e+00 -7.4934e-01 -2.4291e+00 -4.0346e+00 -1.7510e-01
48 +2.867004083e+02 +2.867004083e+02 +2.395504083e+02 +2.395504083e+02 -2.1496e+00 -3.2772e-01 -9.2325e-01 -2.5570e+00 -6.1953e-01
52 +1.137153210e+02 +1.137153210e+02 +6.656532104e+01 +6.656532104e+01 -1.1849e+00 -1.2507e+00 -2.4822e+00 -3.5510e+00 +2.7221e-01
59 +4.150212454e+01 +4.150212454e+01 -5.647875463e+00 -5.647875463e+00 -1.5489e+00 -1.3410e+00 -1.6287e+00 -2.6907e+00 +1.0862e-01
118 +2.599771712e+01 +2.599771712e+01 -2.115228288e+01 -2.115228288e+01 -1.7652e+00 -1.7635e+00 -1.9322e+00 -2.9205e+00 -4.0494e-01
130 +1.996648574e+01 +1.996648574e+01 -2.718351426e+01 -2.718351426e+01 -1.7210e+00 -1.5259e+00 -1.7458e+00 -3.2052e+00 -4.4798e-01
134 +1.347267600e+01 +1.347267600e+01 -3.367732400e+01 -3.367732400e+01 -1.6617e+00 -1.4768e+00 -2.1597e+00 -3.0946e+00 -3.5123e-01
160 +6.501000535e+00 +6.501000535e+00 -4.064899946e+01 -4.064899946e+01 -1.6407e+00 -1.6197e+00 -2.1862e+00 -3.4091e+00 -3.7204e-01
179 +5.797484895e+00 +5.797484895e+00 -4.135251511e+01 -4.135251511e+01 -1.3302e+00 -1.9184e+00 -2.1181e+00 -3.2770e+00 -3.7436e-01
272 +3.946838830e+00 +3.946838830e+00 -4.320316117e+01 -4.320316117e+01 -1.1986e+00 -1.7644e+00 -2.2085e+00 -3.3211e+00 -4.0452e-01
513 +2.500477118e+00 +2.500477118e+00 -4.464952288e+01 -4.464952288e+01 -7.5717e-01 -1.4672e+00 -2.0973e+00 -3.2852e+00 -3.9085e-01
681 +1.539290758e+00 +1.539290758e+00 -4.561070924e+01 -4.561070924e+01 -5.8772e-01 -1.2319e+00 -1.8478e+00 -3.1955e+00 -3.7159e-01
804 +9.515783967e-01 +9.515783967e-01 -4.619842160e+01 -4.619842160e+01 -4.7104e-01 -1.0614e+00 -1.6666e+00 -3.0455e+00 -3.0283e-01
970 +6.016610758e-01 +6.016610758e-01 -4.654833892e+01 -4.654833892e+01 -4.3771e-01 -9.9031e-01 -1.5300e+00 -2.8947e+00 -2.2566e-01
1087 +3.944409574e-01 +3.944409574e-01 -4.675555904e+01 -4.675555904e+01 -4.1755e-01 -9.6822e-01 -1.4760e+00 -2.7930e+00 -1.0945e-01
1141 +2.442979808e-01 +2.442979808e-01 -4.690570202e+01 -4.690570202e+01 -3.9229e-01 -9.1322e-01 -1.3921e+00 -2.6891e+00 -5.2233e-03
1191 +1.578438754e-01 +1.578438754e-01 -4.699215612e+01 -4.699215612e+01 -3.7081e-01 -8.7977e-01 -1.3410e+00 -2.5997e+00 +1.0394e-01
1261 +8.966292126e-02 +8.966292126e-02 -4.706033708e+01 -4.706033708e+01 -3.6203e-01 -8.6306e-01 -1.3104e+00 -2.5446e+00 +1.9407e-01
1341 +6.140545671e-02 +6.140545671e-02 -4.708859454e+01 -4.708859454e+01 -3.5119e-01 -8.4798e-01 -1.2795e+00 -2.4902e+00 +2.7991e-01
1408 +2.955982931e-02 +2.955982931e-02 -4.712044017e+01 -4.712044017e+01 -3.4924e-01 -8.3875e-01 -1.2627e+00 -2.4486e+00 +3.5671e-01
1450 +2.040504075e-02 +2.040504075e-02 -4.712959496e+01 -4.712959496e+01 -3.4066e-01 -8.2257e-01 -1.2366e+00 -2.4022e+00 +4.3407e-01
1462 +1.528304858e-02 +1.528304858e-02 -4.713471695e+01 -4.713471695e+01 -3.4476e-01 -8.2606e-01 -1.2386e+00 -2.4066e+00 +4.3253e-01
1527 +7.531088551e-03 +7.531088551e-03 -4.714246891e+01 -4.714246891e+01 -3.3636e-01 -8.1154e-01 -1.2113e+00 -2.3530e+00 +5.2502e-01
1579 +3.846349083e-03 +3.846349083e-03 -4.714615365e+01 -4.714615365e+01 -3.3605e-01 -8.1305e-01 -1.2119e+00 -2.3551e+00 +5.2479e-01
1611 +1.707778446e-03 +1.707778446e-03 -4.714829222e+01 -4.714829222e+01 -3.3337e-01 -8.0562e-01 -1.1989e+00 -2.3290e+00 +5.7652e-01
1663 +1.347285394e-03 +1.347285394e-03 -4.714865271e+01 -4.714865271e+01 -3.3430e-01 -8.0673e-01 -1.1993e+00 -2.3305e+00 +5.7510e-01
1684 +6.244733170e-04 +6.244733170e-04 -4.714937553e+01 -4.714937553e+01 -3.3251e-01 -8.0355e-01 -1.1929e+00 -2.3188e+00 +5.9610e-01
1713 +3.317426231e-04 +3.317426231e-04 -4.714966826e+01 -4.714966826e+01 -3.3101e-01 -8.0146e-01 -1.1893e+00 -2.3106e+00 +6.1402e-01
1721 +1.987321491e-04 +1.987321491e-04 -4.714980127e+01 -4.714980127e+01 -3.3147e-01 -8.0322e-01 -1.1914e+00 -2.3155e+00 +6.0305e-01
1742 +1.458082562e-04 +1.458082562e-04 -4.714985419e+01 -4.714985419e+01 -3.3033e-01 -8.0120e-01 -1.1871e+00 -2.3069e+00 +6.2151e-01
1762 +7.790266357e-05 +7.790266357e-05 -4.714992210e+01 -4.714992210e+01 -3.3030e-01 -7.9992e-01 -1.1850e+00 -2.3019e+00 +6.3044e-01
1803 +3.448843420e-05 +3.448843420e-05 -4.714996551e+01 -4.714996551e+01 -3.3053e-01 -8.0087e-01 -1.1867e+00 -2.3060e+00 +6.2201e-01
1822 +1.173686282e-05 +1.173686282e-05 -4.714998826e+01 -4.714998826e+01 -3.3083e-01 -8.0138e-01 -1.1875e+00 -2.3075e+00 +6.1940e-01
1876 +9.292144995e-06 +9.292144995e-06 -4.714999071e+01 -4.714999071e+01 -3.3031e-01 -8.0053e-01 -1.1858e+00 -2.3036e+00 +6.2713e-01
1878 +3.891957761e-06 +3.891957761e-06 -4.714999611e+01 -4.714999611e+01 -3.3077e-01 -8.0129e-01 -1.1872e+00 -2.3067e+00 +6.2104e-01
1960 +2.337670729e-06 +2.337670729e-06 -4.714999766e+01 -4.714999766e+01 -3.3055e-01 -8.0090e-01 -1.1865e+00 -2.3052e+00 +6.2387e-01
1963 +1.553011757e-06 +1.553011757e-06 -4.714999845e+01 -4.714999845e+01 -3.3058e-01 -8.0098e-01 -1.1867e+00 -2.3055e+00 +6.2345e-01
1970 +5.445780715e-07 +5.445780715e-07 -4.714999946e+01 -4.714999946e+01 -3.3060e-01 -8.0101e-01 -1.1868e+00 -2.3058e+00 +6.2277e-01
2007 +3.022991564e-07 +3.022991564e-07 -4.714999970e+01 -4.714999970e+01 -3.3059e-01 -8.0100e-01 -1.1868e+00 -2.3058e+00 +6.2287e-01
2017 +2.210217858e-07 +2.210217858e-07 -4.714999978e+01 -4.714999978e+01 -3.3057e-01 -8.0098e-01 -1.1868e+00 -2.3058e+00 +6.2289e-01
2046 +1.527142928e-07 +1.527142928e-07 -4.714999985e+01 -4.714999985e+01 -3.3058e-01 -8.0098e-01 -1.1868e+00 -2.3057e+00 +6.2295e-01
2079 +2.982963565e-08 +2.982963565e-08 -4.714999997e+01 -4.714999997e+01 -3.3061e-01 -8.0102e-01 -1.1868e+00 -2.3059e+00 +6.2268e-01
2091 +2.396832599e-08 +2.396832599e-08 -4.714999998e+01 -4.714999998e+01 -3.3059e-01 -8.0098e-01 -1.1868e+00 -2.3057e+00 +6.2297e-01
2099 +1.103990854e-08 +1.103990854e-08 -4.714999999e+01 -4.714999999e+01 -3.3060e-01 -8.0100e-01 -1.1868e+00 -2.3058e+00 +6.2279e-01
2112 +9.393751554e-09 +9.393751554e-09 -4.714999999e+01 -4.714999999e+01 -3.3059e-01 -8.0099e-01 -1.1868e+00 -2.3058e+00 +6.2289e-01
2114 +6.276501097e-09 +6.276501097e-09 -4.714999999e+01 -4.714999999e+01 -3.3060e-01 -8.0100e-01 -1.1868e+00 -2.3058e+00 +6.2285e-01
% function evaluation | noise-free fitness - Fopt (-4.715000000000e+01) | best noise-free fitness - Fopt | measured fitness | best measured fitness | x1 | x2...
1 +9.012621699e+04 +9.012621699e+04 +9.007906699e+04 +9.007906699e+04 -2.6016e+00 +3.6258e+00 -2.4180e+00 -3.2308e+00 -2.7172e+00
3 +4.428834518e+03 +4.428834518e+03 +4.381684518e+03 +4.381684518e+03 -3.7910e+00 -1.1931e-01 -1.4917e+00 -3.7247e+00 -4.6364e+00
30 +3.690714831e+03 +3.690714831e+03 +3.643564831e+03 +3.643564831e+03 -2.9901e+00 -1.5447e+00 -1.9416e+00 -2.4762e+00 -5.1627e+00
59 +2.328062032e+03 +2.328062032e+03 +2.280912032e+03 +2.280912032e+03 -2.0615e+00 -2.7821e+00 -2.5298e+00 -2.6525e+00 -4.2984e+00
60 +9.421305752e+02 +9.421305752e+02 +8.949805752e+02 +8.949805752e+02 -2.2655e+00 -2.4864e+00 -2.6152e+00 -3.1292e+00 -2.8138e+00
77 +2.526181126e+02 +2.526181126e+02 +2.054681126e+02 +2.054681126e+02 -2.2830e+00 -2.0278e+00 -1.2304e+00 -2.9893e+00 -3.5364e-01
95 +1.979169693e+02 +1.979169693e+02 +1.507669693e+02 +1.507669693e+02 -3.6603e-01 -1.0319e+00 -2.6822e+00 -2.8372e+00 -9.9202e-01
134 +8.144036481e+01 +8.144036481e+01 +3.429036481e+01 +3.429036481e+01 -1.1762e+00 -2.1922e+00 -2.3635e+00 -2.9360e+00 -8.5233e-01
140 +4.748848211e+01 +4.748848211e+01 +3.384821094e-01 +3.384821094e-01 -1.4199e+00 -2.4017e+00 -1.6343e+00 -3.1416e+00 -3.8587e-01
154 +6.090396471e+00 +6.090396471e+00 -4.105960353e+01 -4.105960353e+01 -1.2525e+00 -1.8119e+00 -2.0601e+00 -3.2639e+00 -2.8377e-01
249 +3.553574219e+00 +3.553574219e+00 -4.359642578e+01 -4.359642578e+01 -7.9409e-01 -1.4337e+00 -2.0389e+00 -3.3321e+00 -4.2936e-01
321 +1.834334905e+00 +1.834334905e+00 -4.531566509e+01 -4.531566509e+01 -6.2606e-01 -1.3127e+00 -1.9183e+00 -3.2253e+00 -3.7381e-01
411 +1.541844495e+00 +1.541844495e+00 -4.560815550e+01 -4.560815550e+01 -5.8678e-01 -1.2179e+00 -1.8303e+00 -3.1766e+00 -3.7211e-01
556 +9.162802839e-01 +9.162802839e-01 -4.623371972e+01 -4.623371972e+01 -4.5816e-01 -1.0630e+00 -1.6607e+00 -3.0249e+00 -2.9750e-01
652 +6.273699400e-01 +6.273699400e-01 -4.652263006e+01 -4.652263006e+01 -4.4371e-01 -1.0215e+00 -1.5741e+00 -2.9390e+00 -2.4367e-01
772 +3.953706764e-01 +3.953706764e-01 -4.675462932e+01 -4.675462932e+01 -4.0847e-01 -9.6052e-01 -1.4853e+00 -2.8144e+00 -1.4196e-01
930 +2.288205994e-01 +2.288205994e-01 -4.692117940e+01 -4.692117940e+01 -3.9161e-01 -9.2076e-01 -1.4092e+00 -2.7028e+00 -8.6762e-03
1007 +1.411182671e-01 +1.411182671e-01 -4.700888173e+01 -4.700888173e+01 -3.7541e-01 -8.8578e-01 -1.3532e+00 -2.6172e+00 +9.3935e-02
1054 +9.894082983e-02 +9.894082983e-02 -4.705105917e+01 -4.705105917e+01 -3.6122e-01 -8.5771e-01 -1.2918e+00 -2.5157e+00 +2.3170e-01
1092 +6.302078855e-02 +6.302078855e-02 -4.708697921e+01 -4.708697921e+01 -3.6060e-01 -8.5709e-01 -1.2900e+00 -2.5037e+00 +2.5952e-01
1158 +3.903296020e-02 +3.903296020e-02 -4.711096704e+01 -4.711096704e+01 -3.4484e-01 -8.3384e-01 -1.2550e+00 -2.4372e+00 +3.6615e-01
1225 +2.450791450e-02 +2.450791450e-02 -4.712549209e+01 -4.712549209e+01 -3.4199e-01 -8.3025e-01 -1.2444e+00 -2.4222e+00 +4.0516e-01
1244 +1.510226713e-02 +1.510226713e-02 -4.713489773e+01 -4.713489773e+01 -3.4170e-01 -8.2410e-01 -1.2336e+00 -2.4022e+00 +4.3758e-01
1303 +7.992689421e-03 +7.992689421e-03 -4.714200731e+01 -4.714200731e+01 -3.4046e-01 -8.2042e-01 -1.2230e+00 -2.3748e+00 +4.8749e-01
1359 +6.007884271e-03 +6.007884271e-03 -4.714399212e+01 -4.714399212e+01 -3.3914e-01 -8.1585e-01 -1.2153e+00 -2.3593e+00 +5.2147e-01
1375 +2.940331996e-03 +2.940331996e-03 -4.714705967e+01 -4.714705967e+01 -3.3643e-01 -8.1077e-01 -1.2062e+00 -2.3451e+00 +5.4361e-01
1386 +1.309989023e-03 +1.309989023e-03 -4.714869001e+01 -4.714869001e+01 -3.3278e-01 -8.0509e-01 -1.1951e+00 -2.3192e+00 +5.9562e-01
1404 +7.411139934e-04 +7.411139934e-04 -4.714925889e+01 -4.714925889e+01 -3.3140e-01 -8.0340e-01 -1.1929e+00 -2.3176e+00 +6.0122e-01
1474 +3.982007362e-04 +3.982007362e-04 -4.714960180e+01 -4.714960180e+01 -3.3101e-01 -8.0326e-01 -1.1920e+00 -2.3162e+00 +6.0210e-01
1493 +2.758220678e-04 +2.758220678e-04 -4.714972418e+01 -4.714972418e+01 -3.2980e-01 -8.0044e-01 -1.1863e+00 -2.3059e+00 +6.2280e-01
1501 +1.091144516e-04 +1.091144516e-04 -4.714989089e+01 -4.714989089e+01 -3.3035e-01 -8.0059e-01 -1.1863e+00 -2.3057e+00 +6.2273e-01
1503 +6.873770487e-05 +6.873770487e-05 -4.714993126e+01 -4.714993126e+01 -3.3104e-01 -8.0178e-01 -1.1889e+00 -2.3102e+00 +6.1370e-01
1554 +3.846646014e-05 +3.846646014e-05 -4.714996153e+01 -4.714996153e+01 -3.3035e-01 -8.0047e-01 -1.1863e+00 -2.3047e+00 +6.2521e-01
1580 +1.764177345e-05 +1.764177345e-05 -4.714998236e+01 -4.714998236e+01 -3.3050e-01 -8.0098e-01 -1.1869e+00 -2.3057e+00 +6.2296e-01
1588 +8.678228809e-06 +8.678228809e-06 -4.714999132e+01 -4.714999132e+01 -3.3066e-01 -8.0119e-01 -1.1874e+00 -2.3071e+00 +6.2015e-01
1604 +5.713320192e-06 +5.713320192e-06 -4.714999429e+01 -4.714999429e+01 -3.3078e-01 -8.0133e-01 -1.1874e+00 -2.3070e+00 +6.2018e-01
1639 +2.949231714e-06 +2.949231714e-06 -4.714999705e+01 -4.714999705e+01 -3.3065e-01 -8.0121e-01 -1.1873e+00 -2.3068e+00 +6.2097e-01
1643 +1.954601089e-06 +1.954601089e-06 -4.714999805e+01 -4.714999805e+01 -3.3060e-01 -8.0096e-01 -1.1866e+00 -2.3054e+00 +6.2362e-01
1660 +8.188353959e-07 +8.188353959e-07 -4.714999918e+01 -4.714999918e+01 -3.3067e-01 -8.0108e-01 -1.1869e+00 -2.3061e+00 +6.2210e-01
1673 +6.017451852e-07 +6.017451852e-07 -4.714999940e+01 -4.714999940e+01 -3.3056e-01 -8.0088e-01 -1.1866e+00 -2.3054e+00 +6.2368e-01
1690 +1.392523572e-07 +1.392523572e-07 -4.714999986e+01 -4.714999986e+01 -3.3059e-01 -8.0100e-01 -1.1868e+00 -2.3058e+00 +6.2286e-01
1742 +9.794668898e-08 +9.794668898e-08 -4.714999990e+01 -4.714999990e+01 -3.3060e-01 -8.0100e-01 -1.1868e+00 -2.3058e+00 +6.2273e-01
1778 +5.290175409e-08 +5.290175409e-08 -4.714999995e+01 -4.714999995e+01 -3.3058e-01 -8.0097e-01 -1.1868e+00 -2.3057e+00 +6.2297e-01
1792 +3.160677409e-08 +3.160677409e-08 -4.714999997e+01 -4.714999997e+01 -3.3059e-01 -8.0098e-01 -1.1867e+00 -2.3057e+00 +6.2300e-01
1799 +1.338234767e-08 +1.338234767e-08 -4.714999999e+01 -4.714999999e+01 -3.3059e-01 -8.0098e-01 -1.1868e+00 -2.3058e+00 +6.2288e-01
1812 +6.491660542e-09 +6.491660542e-09 -4.714999999e+01 -4.714999999e+01 -3.3059e-01 -8.0099e-01 -1.1868e+00 -2.3058e+00 +6.2288e-01
1818 +4.879495918e-09 +4.879495918e-09 -4.715000000e+01 -4.715000000e+01 -3.3059e-01 -8.0099e-01 -1.1868e+00 -2.3057e+00 +6.2290e-01
% function evaluation | noise-free fitness - Fopt (-4.715000000000e+01) | best noise-free fitness - Fopt | measured fitness | best measured fitness | x1 | x2...
1 +1.260538611e+05 +1.260538611e+05 +1.260067111e+05 +1.260067111e+05 +3.7878e+00 +1.8739e+00 +3.0513e+00 -2.0040e+00 +2.4921e+00
7 +2.457381338e+04 +2.457381338e+04 +2.452666338e+04 +2.452666338e+04 +7.3515e-01 +1.4313e+00 +1.6889e+00 -2.4624e+00 +9.0024e-01
24 +7.962751850e+03 +7.962751850e+03 +7.915601850e+03 +7.915601850e+03 -1.8644e+00 -4.8061e+00 +1.6585e-01 -1.4362e+00 -1.3162e-01
35 +5.839220985e+03 +5.839220985e+03 +5.792070985e+03 +5.792070985e+03 +1.4899e+00 -1.1535e+00 -1.9690e+00 -1.3388e+00 +2.3888e+00
46 +1.894402804e+02 +1.894402804e+02 +1.422902804e+02 +1.422902804e+02 -2.3798e-01 -1.7107e+00 -2.2705e+00 -3.1883e+00 -1.1560e+00
105 +1.158381420e+02 +1.158381420e+02 +6.868814198e+01 +6.868814198e+01 -1.1429e+00 -1.7440e+00 -2.4508e+00 -3.0517e+00 +6.9504e-01
107 +7.523607178e+01 +7.523607178e+01 +2.808607178e+01 +2.808607178e+01 -9.3153e-01 -1.6780e+00 -2.2413e+00 -3.6522e+00 -1.0211e+00
140 +3.527394387e+01 +3.527394387e+01 -1.187605613e+01 -1.187605613e+01 -6.8798e-01 -1.4802e+00 -2.2983e+00 -2.8411e+00 +1.0823e-01
161 +1.696758260e+01 +1.696758260e+01 -3.018241740e+01 -3.018241740e+01 -7.1890e-01 -1.4886e+00 -1.7629e+00 -3.3195e+00 -4.2303e-01
171 +9.992880781e+00 +9.992880781e+00 -3.715711922e+01 -3.715711922e+01 -6.1484e-01 -1.3917e+00 -1.7974e+00 -2.9922e+00 -2.4510e-01
218 +3.351591826e+00 +3.351591826e+00 -4.379840817e+01 -4.379840817e+01 -6.2141e-01 -1.2632e+00 -1.8318e+00 -3.0841e+00 -2.5305e-01
282 +2.492793181e+00 +2.492793181e+00 -4.465720682e+01 -4.465720682e+01 -6.2560e-01 -1.3352e+00 -1.8914e+00 -3.2190e+00 -3.9741e-01
360 +1.577145944e+00 +1.577145944e+00 -4.557285406e+01 -4.557285406e+01 -5.8084e-01 -1.2449e+00 -1.8735e+00 -3.1916e+00 -3.4678e-01
414 +8.989087037e-01 +8.989087037e-01 -4.625109130e+01 -4.625109130e+01 -4.5490e-01 -1.0598e+00 -1.6257e+00 -3.0020e+00 -3.0662e-01
586 +6.099007706e-01 +6.099007706e-01 -4.654009923e+01 -4.654009923e+01 -4.3807e-01 -1.0189e+00 -1.5678e+00 -2.9136e+00 -2.2726e-01
738 +3.906996383e-01 +3.906996383e-01 -4.675930036e+01 -4.675930036e+01 -4.1610e-01 -9.6477e-01 -1.4796e+00 -2.8070e+00 -1.3984e-01
873 +2.489553597e-01 +2.489553597e-01 -4.690104464e+01 -4.690104464e+01 -3.9912e-01 -9.2532e-01 -1.4078e+00 -2.6922e+00 -7.5456e-03
932 +1.443487825e-01 +1.443487825e-01 -4.700565122e+01 -4.700565122e+01 -3.7047e-01 -8.7572e-01 -1.3197e+00 -2.5535e+00 +1.6750e-01
1011 +9.623225815e-02 +9.623225815e-02 -4.705376774e+01 -4.705376774e+01 -3.6878e-01 -8.7197e-01 -1.3164e+00 -2.5532e+00 +1.8427e-01
1047 +5.556150877e-02 +5.556150877e-02 -4.709443849e+01 -4.709443849e+01 -3.5946e-01 -8.5495e-01 -1.2863e+00 -2.4964e+00 +2.8184e-01
1085 +3.664138178e-02 +3.664138178e-02 -4.711335862e+01 -4.711335862e+01 -3.5229e-01 -8.4276e-01 -1.2679e+00 -2.4650e+00 +3.2659e-01
1131 +2.412323734e-02 +2.412323734e-02 -4.712587676e+01 -4.712587676e+01 -3.4763e-01 -8.3321e-01 -1.2455e+00 -2.4249e+00 +3.9894e-01
1176 +1.184889361e-02 +1.184889361e-02 -4.713815111e+01 -4.713815111e+01 -3.4039e-01 -8.2017e-01 -1.2265e+00 -2.3813e+00 +4.7172e-01
1232 +8.513974286e-03 +8.513974286e-03 -4.714148603e+01 -4.714148603e+01 -3.4076e-01 -8.1959e-01 -1.2223e+00 -2.3731e+00 +4.8913e-01
1283 +5.231185306e-03 +5.231185306e-03 -4.714476881e+01 -4.714476881e+01 -3.3369e-01 -8.0749e-01 -1.2048e+00 -2.3384e+00 +5.5698e-01
1299 +3.837098179e-03 +3.837098179e-03 -4.714616290e+01 -4.714616290e+01 -3.3527e-01 -8.0896e-01 -1.2044e+00 -2.3389e+00 +5.5373e-01
1307 +2.246159772e-03 +2.246159772e-03 -4.714775384e+01 -4.714775384e+01 -3.3232e-01 -8.0644e-01 -1.1998e+00 -2.3303e+00 +5.7253e-01
1346 +8.062264028e-04 +8.062264028e-04 -4.714919377e+01 -4.714919377e+01 -3.3035e-01 -8.0035e-01 -1.1870e+00 -2.3059e+00 +6.2013e-01
1385 +5.403101005e-04 +5.403101005e-04 -4.714945969e+01 -4.714945969e+01 -3.2939e-01 -7.9963e-01 -1.1858e+00 -2.3044e+00 +6.2473e-01
1401 +3.283929990e-04 +3.283929990e-04 -4.714967161e+01 -4.714967161e+01 -3.3088e-01 -8.0168e-01 -1.1887e+00 -2.3104e+00 +6.1214e-01
1415 +2.135852205e-04 +2.135852205e-04 -4.714978641e+01 -4.714978641e+01 -3.3020e-01 -8.0158e-01 -1.1880e+00 -2.3083e+00 +6.1824e-01
1471 +1.395053910e-04 +1.395053910e-04 -4.714986049e+01 -4.714986049e+01 -3.3097e-01 -8.0168e-01 -1.1890e+00 -2.3105e+00 +6.1387e-01
1474 +2.901404370e-05 +2.901404370e-05 -4.714997099e+01 -4.714997099e+01 -3.3077e-01 -8.0158e-01 -1.1881e+00 -2.3086e+00 +6.1727e-01
1494 +1.098755556e-05 +1.098755556e-05 -4.714998901e+01 -4.714998901e+01 -3.3046e-01 -8.0083e-01 -1.1863e+00 -2.3051e+00 +6.2449e-01
1530 +9.493913829e-06 +9.493913829e-06 -4.714999051e+01 -4.714999051e+01 -3.3072e-01 -8.0108e-01 -1.1869e+00 -2.3061e+00 +6.2251e-01
1555 +6.233639468e-06 +6.233639468e-06 -4.714999377e+01 -4.714999377e+01 -3.3067e-01 -8.0095e-01 -1.1868e+00 -2.3058e+00 +6.2277e-01
1564 +3.873867975e-06 +3.873867975e-06 -4.714999613e+01 -4.714999613e+01 -3.3076e-01 -8.0121e-01 -1.1871e+00 -2.3064e+00 +6.2157e-01
1611 +2.355382691e-06 +2.355382691e-06 -4.714999764e+01 -4.714999764e+01 -3.3053e-01 -8.0080e-01 -1.1864e+00 -2.3051e+00 +6.2420e-01
1613 +7.146875092e-07 +7.146875092e-07 -4.714999929e+01 -4.714999929e+01 -3.3067e-01 -8.0115e-01 -1.1871e+00 -2.3064e+00 +6.2172e-01
1626 +5.265789582e-07 +5.265789582e-07 -4.714999947e+01 -4.714999947e+01 -3.3061e-01 -8.0099e-01 -1.1868e+00 -2.3057e+00 +6.2300e-01
1637 +1.773977658e-07 +1.773977658e-07 -4.714999982e+01 -4.714999982e+01 -3.3063e-01 -8.0103e-01 -1.1868e+00 -2.3059e+00 +6.2266e-01
1679 +6.790229179e-08 +6.790229179e-08 -4.714999993e+01 -4.714999993e+01 -3.3061e-01 -8.0103e-01 -1.1868e+00 -2.3059e+00 +6.2264e-01
1693 +5.321033569e-08 +5.321033569e-08 -4.714999995e+01 -4.714999995e+01 -3.3061e-01 -8.0102e-01 -1.1868e+00 -2.3058e+00 +6.2272e-01
1710 +2.780453201e-08 +2.780453201e-08 -4.714999997e+01 -4.714999997e+01 -3.3061e-01 -8.0102e-01 -1.1868e+00 -2.3059e+00 +6.2261e-01
1727 +1.205427935e-08 +1.205427935e-08 -4.714999999e+01 -4.714999999e+01 -3.3059e-01 -8.0099e-01 -1.1868e+00 -2.3057e+00 +6.2292e-01
1783 +6.917773021e-09 +6.917773021e-09 -4.714999999e+01 -4.714999999e+01 -3.3060e-01 -8.0099e-01 -1.1868e+00 -2.3058e+00 +6.2287e-01
1786 +5.057906094e-09 +5.057906094e-09 -4.714999999e+01 -4.714999999e+01 -3.3060e-01 -8.0099e-01 -1.1868e+00 -2.3058e+00 +6.2285e-01
% function evaluation | noise-free fitness - Fopt (3.752000000000e+01) | best noise-free fitness - Fopt | measured fitness | best measured fitness | x1 | x2...
1 +5.691592139e+03 +5.691592139e+03 +5.729112139e+03 +5.729112139e+03 +1.4416e+00 -2.7521e+00 +2.5350e+00 +2.7503e-01 +2.4043e+00
14 +1.253330118e+03 +1.253330118e+03 +1.290850118e+03 +1.290850118e+03 +8.1685e-01 -2.1494e+00 +3.1672e+00 -4.0274e-01 +2.8465e+00
15 +7.316920035e+02 +7.316920035e+02 +7.692120035e+02 +7.692120035e+02 -1.4296e-01 -2.4302e+00 +2.8679e+00 -2.3483e+00 +7.5644e-01
32 +5.433943167e+02 +5.433943167e+02 +5.809143167e+02 +5.809143167e+02 +1.9195e+00 -3.0096e+00 +3.1750e+00 -1.7366e+00 +8.2619e-01
73 +2.175123602e+02 +2.175123602e+02 +2.550323602e+02 +2.550323602e+02 +2.2031e+00 -3.7010e+00 +2.1198e+00 -2.4596e+00 +1.2965e+00
81 +1.069234723e+02 +1.069234723e+02 +1.444434723e+02 +1.444434723e+02 +1.6531e+00 -3.2659e+00 +2.1433e+00 -2.8752e+00 +1.3373e+00
91 +4.226981295e+01 +4.226981295e+01 +7.978981295e+01 +7.978981295e+01 +9.7840e-01 -3.1123e+00 +1.6926e+00 -2.1035e+00 +1.9166e+00
103 +3.266776810e+01 +3.266776810e+01 +7.018776810e+01 +7.018776810e+01 +1.0985e+00 -3.0451e+00 +1.7697e+00 -2.0817e+00 +2.4121e+00
110 +9.966224027e+00 +9.966224027e+00 +4.748622403e+01 +4.748622403e+01 +8.8325e-01 -2.7104e+00 +1.9186e+00 -2.2762e+00 +2.0339e+00
197 +6.207841285e+00 +6.207841285e+00 +4.372784129e+01 +4.372784129e+01 +2.0613e+00 -2.7332e+00 +1.8073e+00 -2.5136e+00 +2.0036e+00
252 +3.977173455e+00 +3.977173455e+00 +4.149717346e+01 +4.149717346e+01 +1.7322e+00 -2.9230e+00 +1.8713e+00 -2.4084e+00 +1.9743e+00
356 +2.395809624e+00 +2.395809624e+00 +3.991580962e+01 +3.991580962e+01 +2.1226e+00 -2.5843e+00 +2.0608e+00 -2.4715e+00 +2.0234e+00
634 +1.457610442e+00 +1.457610442e+00 +3.897761044e+01 +3.897761044e+01 +2.3331e+00 -2.3054e+00 +2.3160e+00 -2.3028e+00 +2.0109e+00
738 +9.987800702e-01 +9.987800702e-01 +3.851878007e+01 +3.851878007e+01 +2.3348e+00 -2.2654e+00 +2.3782e+00 -2.2342e+00 +2.0470e+00
859 +6.277827602e-01 +6.277827602e-01 +3.814778276e+01 +3.814778276e+01 +2.3716e+00 -2.1913e+00 +2.5118e+00 -2.0882e+00 +2.1292e+00
999 +3.186514622e-01 +3.186514622e-01 +3.783865146e+01 +3.783865146e+01 +2.4243e+00 -2.1040e+00 +2.6347e+00 -1.9170e+00 +2.3031e+00
1104 +2.444328512e-01 +2.444328512e-01 +3.776443285e+01 +3.776443285e+01 +2.4327e+00 -2.0760e+00 +2.6808e+00 -1.8662e+00 +2.3636e+00
1257 +1.521129575e-01 +1.521129575e-01 +3.767211296e+01 +3.767211296e+01 +2.4397e+00 -2.0613e+00 +2.7271e+00 -1.7828e+00 +2.4633e+00
1315 +9.538923874e-02 +9.538923874e-02 +3.761538924e+01 +3.761538924e+01 +2.4594e+00 -2.0314e+00 +2.7734e+00 -1.7070e+00 +2.5694e+00
1379 +4.707302882e-02 +4.707302882e-02 +3.756707303e+01 +3.756707303e+01 +2.4688e+00 -2.0075e+00 +2.8214e+00 -1.6285e+00 +2.7132e+00
1406 +3.359690013e-02 +3.359690013e-02 +3.755359690e+01 +3.755359690e+01 +2.4820e+00 -1.9808e+00 +2.8644e+00 -1.5487e+00 +2.8518e+00
1407 +2.443182351e-02 +2.443182351e-02 +3.754443182e+01 +3.754443182e+01 +2.4731e+00 -1.9979e+00 +2.8491e+00 -1.5684e+00 +2.8112e+00
1466 +1.134705319e-02 +1.134705319e-02 +3.753134705e+01 +3.753134705e+01 +2.4802e+00 -1.9894e+00 +2.8594e+00 -1.5399e+00 +2.8640e+00
1489 +6.428683040e-03 +6.428683040e-03 +3.752642868e+01 +3.752642868e+01 +2.4838e+00 -1.9790e+00 +2.8789e+00 -1.5084e+00 +2.9201e+00
1504 +5.168455619e-03 +5.168455619e-03 +3.752516846e+01 +3.752516846e+01 +2.4870e+00 -1.9764e+00 +2.8798e+00 -1.5056e+00 +2.9263e+00
1507 +3.829238255e-03 +3.829238255e-03 +3.752382924e+01 +3.752382924e+01 +2.4851e+00 -1.9800e+00 +2.8744e+00 -1.5141e+00 +2.9178e+00
1567 +2.185505796e-03 +2.185505796e-03 +3.752218551e+01 +3.752218551e+01 +2.4879e+00 -1.9750e+00 +2.8828e+00 -1.4986e+00 +2.9467e+00
1571 +1.081151140e-03 +1.081151140e-03 +3.752108115e+01 +3.752108115e+01 +2.4869e+00 -1.9756e+00 +2.8832e+00 -1.4989e+00 +2.9452e+00
1590 +8.005208083e-04 +8.005208083e-04 +3.752080052e+01 +3.752080052e+01 +2.4883e+00 -1.9707e+00 +2.8926e+00 -1.4819e+00 +2.9772e+00
1602 +3.686804012e-04 +3.686804012e-04 +3.752036868e+01 +3.752036868e+01 +2.4895e+00 -1.9699e+00 +2.8945e+00 -1.4781e+00 +2.9847e+00
1662 +1.564060583e-04 +1.564060583e-04 +3.752015641e+01 +3.752015641e+01 +2.4891e+00 -1.9704e+00 +2.8940e+00 -1.4780e+00 +2.9852e+00
1686 +8.674979679e-05 +8.674979679e-05 +3.752008675e+01 +3.752008675e+01 +2.4893e+00 -1.9710e+00 +2.8931e+00 -1.4798e+00 +2.9823e+00
1703 +6.178345375e-05 +6.178345375e-05 +3.752006178e+01 +3.752006178e+01 +2.4900e+00 -1.9691e+00 +2.8963e+00 -1.4735e+00 +2.9947e+00
1723 +3.766592826e-05 +3.766592826e-05 +3.752003767e+01 +3.752003767e+01 +2.4897e+00 -1.9696e+00 +2.8956e+00 -1.4749e+00 +2.9920e+00
1730 +2.144384724e-05 +2.144384724e-05 +3.752002144e+01 +3.752002144e+01 +2.4897e+00 -1.9698e+00 +2.8956e+00 -1.4747e+00 +2.9920e+00
1741 +1.342657244e-05 +1.342657244e-05 +3.752001343e+01 +3.752001343e+01 +2.4898e+00 -1.9696e+00 +2.8959e+00 -1.4744e+00 +2.9928e+00
1787 +8.603000268e-06 +8.603000268e-06 +3.752000860e+01 +3.752000860e+01 +2.4901e+00 -1.9690e+00 +2.8973e+00 -1.4716e+00 +2.9986e+00
1796 +4.277390424e-06 +4.277390424e-06 +3.752000428e+01 +3.752000428e+01 +2.4899e+00 -1.9693e+00 +2.8966e+00 -1.4727e+00 +2.9966e+00
1797 +2.507755468e-06 +2.507755468e-06 +3.752000251e+01 +3.752000251e+01 +2.4900e+00 -1.9693e+00 +2.8966e+00 -1.4728e+00 +2.9961e+00
1844 +1.488613222e-06 +1.488613222e-06 +3.752000149e+01 +3.752000149e+01 +2.4899e+00 -1.9694e+00 +2.8963e+00 -1.4734e+00 +2.9950e+00
1865 +7.999773999e-07 +7.999773999e-07 +3.752000080e+01 +3.752000080e+01 +2.4900e+00 -1.9693e+00 +2.8967e+00 -1.4727e+00 +2.9964e+00
1868 +6.089220506e-07 +6.089220506e-07 +3.752000061e+01 +3.752000061e+01 +2.4899e+00 -1.9693e+00 +2.8966e+00 -1.4727e+00 +2.9964e+00
1888 +1.752002774e-07 +1.752002774e-07 +3.752000018e+01 +3.752000018e+01 +2.4900e+00 -1.9692e+00 +2.8967e+00 -1.4725e+00 +2.9968e+00
1926 +6.418926546e-08 +6.418926546e-08 +3.752000006e+01 +3.752000006e+01 +2.4900e+00 -1.9692e+00 +2.8967e+00 -1.4725e+00 +2.9967e+00
1943 +2.821553835e-08 +2.821553835e-08 +3.752000003e+01 +3.752000003e+01 +2.4900e+00 -1.9692e+00 +2.8968e+00 -1.4725e+00 +2.9969e+00
1969 +1.384130854e-08 +1.384130854e-08 +3.752000001e+01 +3.752000001e+01 +2.4900e+00 -1.9692e+00 +2.8968e+00 -1.4724e+00 +2.9970e+00
1998 +2.337380067e-09 +2.337380067e-09 +3.752000000e+01 +3.752000000e+01 +2.4900e+00 -1.9692e+00 +2.8968e+00 -1.4724e+00 +2.9970e+00
% function evaluation | noise-free fitness - Fopt (3.752000000000e+01) | best noise-free fitness - Fopt | measured fitness | best measured fitness | x1 | x2...
1 +1.521118580e+05 +1.521118580e+05 +1.521493780e+05 +1.521493780e+05 -2.7710e+00 -1.3897e+00 -3.9672e+00 -2.2507e+00 -8.6348e-01
12 +9.512002842e+04 +9.512002842e+04 +9.515754842e+04 +9.515754842e+04 -1.6341e+00 +2.1620e-01 -3.0611e+00 -3.8800e+00 +2.0274e+00
18 +3.884855208e+04 +3.884855208e+04 +3.888607208e+04 +3.888607208e+04 -2.6759e+00 -1.8118e+00 -2.1413e-01 -4.6110e+00 -1.8117e+00
31 +2.321979059e+04 +2.321979059e+04 +2.325731059e+04 +2.325731059e+04 -1.4160e+00 -1.1290e+00 +1.8408e+00 -5.8256e+00 +3.9148e-01
32 +1.173325983e+04 +1.173325983e+04 +1.177077983e+04 +1.177077983e+04 -1.0329e+00 -7.5317e-02 +5.0739e-01 -2.9262e+00 +1.9618e-01
37 +5.316991353e+03 +5.316991353e+03 +5.354511353e+03 +5.354511353e+03 -9.4617e-01 -2.6597e+00 +5.0426e-01 -2.7480e+00 -1.6963e+00
59 +3.440879876e+03 +3.440879876e+03 +3.478399876e+03 +3.478399876e+03 -4.2649e-01 -2.7045e+00 +2.1389e+00 -4.4770e+00 +1.7353e+00
77 +3.317794491e+02 +3.317794491e+02 +3.692994491e+02 +3.692994491e+02 +5.8123e-01 -3.3686e+00 +8.6508e-01 -9.4748e-01 +4.6145e+00
79 +1.340199538e+02 +1.340199538e+02 +1.715399538e+02 +1.715399538e+02 +4.3530e-01 -2.8135e+00 +1.4447e+00 -1.9145e+00 +2.3346e+00
564 +9.996293525e+01 +9.996293525e+01 +1.374829353e+02 +1.374829353e+02 +1.0902e+00 -3.1740e+00 +1.1950e+00 -1.5708e+00 +2.5217e+00
588 +3.717469607e+01 +3.717469607e+01 +7.469469607e+01 +7.469469607e+01 +9.8126e-01 -2.9842e+00 +1.4750e+00 -2.0785e+00 +2.0295e+00
679 +1.197234888e+01 +1.197234888e+01 +4.949234888e+01 +4.949234888e+01 +1.3773e+00 -2.8911e+00 +1.7983e+00 -2.3463e+00 +1.7885e+00
728 +8.583728436e+00 +8.583728436e+00 +4.610372844e+01 +4.610372844e+01 +1.8123e+00 -2.9141e+00 +1.7755e+00 -2.2779e+00 +2.0904e+00
757 +5.544546206e+00 +5.544546206e+00 +4.306454621e+01 +4.306454621e+01 +1.3959e+00 -2.8982e+00 +1.9241e+00 -2.4513e+00 +1.8924e+00
848 +3.899622101e+00 +3.899622101e+00 +4.141962210e+01 +4.141962210e+01 +1.6292e+00 -2.9175e+00 +1.8995e+00 -2.4977e+00 +1.9765e+00
1276 +2.467352755e+00 +2.467352755e+00 +3.998735275e+01 +3.998735275e+01 +2.0547e+00 -2.6455e+00 +1.9884e+00 -2.4588e+00 +1.9977e+00
1497 +1.583348880e+00 +1.583348880e+00 +3.910334888e+01 +3.910334888e+01 +2.2340e+00 -2.4132e+00 +2.2096e+00 -2.3857e+00 +2.0044e+00
1797 +9.369164407e-01 +9.369164407e-01 +3.845691644e+01 +3.845691644e+01 +2.3324e+00 -2.2628e+00 +2.4117e+00 -2.2108e+00 +2.0522e+00
1920 +6.277441281e-01 +6.277441281e-01 +3.814774413e+01 +3.814774413e+01 +2.3909e+00 -2.1732e+00 +2.5236e+00 -2.0936e+00 +2.1359e+00
2082 +3.787141850e-01 +3.787141850e-01 +3.789871418e+01 +3.789871418e+01 +2.4058e+00 -2.1279e+00 +2.6283e+00 -1.9381e+00 +2.2805e+00
2147 +2.456444578e-01 +2.456444578e-01 +3.776564446e+01 +3.776564446e+01 +2.4273e+00 -2.0876e+00 +2.6693e+00 -1.8609e+00 +2.3696e+00
2227 +1.575209883e-01 +1.575209883e-01 +3.767752099e+01 +3.767752099e+01 +2.4465e+00 -2.0587e+00 +2.7198e+00 -1.7887e+00 +2.4564e+00
2308 +9.476420572e-02 +9.476420572e-02 +3.761476421e+01 +3.761476421e+01 +2.4594e+00 -2.0305e+00 +2.7757e+00 -1.7082e+00 +2.5699e+00
2330 +6.077325283e-02 +6.077325283e-02 +3.758077325e+01 +3.758077325e+01 +2.4651e+00 -2.0210e+00 +2.7899e+00 -1.6730e+00 +2.6328e+00
2443 +3.424361939e-02 +3.424361939e-02 +3.755424362e+01 +3.755424362e+01 +2.4734e+00 -2.0084e+00 +2.8243e+00 -1.6147e+00 +2.7312e+00
2474 +2.195842697e-02 +2.195842697e-02 +3.754195843e+01 +3.754195843e+01 +2.4719e+00 -2.0017e+00 +2.8383e+00 -1.5838e+00 +2.7852e+00
2523 +1.429882111e-02 +1.429882111e-02 +3.753429882e+01 +3.753429882e+01 +2.4782e+00 -1.9953e+00 +2.8462e+00 -1.5693e+00 +2.8146e+00
2567 +9.588552615e-03 +9.588552615e-03 +3.752958855e+01 +3.752958855e+01 +2.4792e+00 -1.9892e+00 +2.8575e+00 -1.5519e+00 +2.8463e+00
2606 +5.818184088e-03 +5.818184088e-03 +3.752581818e+01 +3.752581818e+01 +2.4812e+00 -1.9825e+00 +2.8703e+00 -1.5251e+00 +2.8927e+00
2617 +3.881827969e-03 +3.881827969e-03 +3.752388183e+01 +3.752388183e+01 +2.4837e+00 -1.9795e+00 +2.8772e+00 -1.5115e+00 +2.9168e+00
2629 +2.384692524e-03 +2.384692524e-03 +3.752238469e+01 +3.752238469e+01 +2.4846e+00 -1.9765e+00 +2.8822e+00 -1.5009e+00 +2.9412e+00
2666 +1.497747248e-03 +1.497747248e-03 +3.752149775e+01 +3.752149775e+01 +2.4868e+00 -1.9754e+00 +2.8837e+00 -1.4967e+00 +2.9471e+00
2708 +7.793396796e-04 +7.793396796e-04 +3.752077934e+01 +3.752077934e+01 +2.4874e+00 -1.9750e+00 +2.8859e+00 -1.4931e+00 +2.9566e+00
2715 +5.974473036e-04 +5.974473036e-04 +3.752059745e+01 +3.752059745e+01 +2.4893e+00 -1.9717e+00 +2.8905e+00 -1.4850e+00 +2.9729e+00
2724 +2.471538654e-04 +2.471538654e-04 +3.752024715e+01 +3.752024715e+01 +2.4895e+00 -1.9709e+00 +2.8931e+00 -1.4802e+00 +2.9824e+00
2791 +4.899968210e-05 +4.899968210e-05 +3.752004900e+01 +3.752004900e+01 +2.4899e+00 -1.9690e+00 +2.8969e+00 -1.4724e+00 +2.9968e+00
2830 +2.635847124e-05 +2.635847124e-05 +3.752002636e+01 +3.752002636e+01 +2.4898e+00 -1.9699e+00 +2.8956e+00 -1.4748e+00 +2.9924e+00
2833 +1.672057469e-05 +1.672057469e-05 +3.752001672e+01 +3.752001672e+01 +2.4901e+00 -1.9692e+00 +2.8970e+00 -1.4723e+00 +2.9974e+00
2896 +5.184870915e-06 +5.184870915e-06 +3.752000518e+01 +3.752000518e+01 +2.4902e+00 -1.9689e+00 +2.8973e+00 -1.4713e+00 +2.9992e+00
2915 +3.713553674e-06 +3.713553674e-06 +3.752000371e+01 +3.752000371e+01 +2.4901e+00 -1.9691e+00 +2.8970e+00 -1.4720e+00 +2.9978e+00
2971 +1.620995263e-06 +1.620995263e-06 +3.752000162e+01 +3.752000162e+01 +2.4900e+00 -1.9693e+00 +2.8966e+00 -1.4728e+00 +2.9962e+00
2997 +1.325410757e-06 +1.325410757e-06 +3.752000133e+01 +3.752000133e+01 +2.4900e+00 -1.9693e+00 +2.8967e+00 -1.4725e+00 +2.9967e+00
2999 +4.679022396e-07 +4.679022396e-07 +3.752000047e+01 +3.752000047e+01 +2.4900e+00 -1.9692e+00 +2.8967e+00 -1.4725e+00 +2.9968e+00
3028 +3.826179835e-07 +3.826179835e-07 +3.752000038e+01 +3.752000038e+01 +2.4900e+00 -1.9692e+00 +2.8967e+00 -1.4726e+00 +2.9967e+00
3034 +1.899266451e-07 +1.899266451e-07 +3.752000019e+01 +3.752000019e+01 +2.4900e+00 -1.9692e+00 +2.8968e+00 -1.4725e+00 +2.9967e+00
3054 +1.377024361e-07 +1.377024361e-07 +3.752000014e+01 +3.752000014e+01 +2.4900e+00 -1.9692e+00 +2.8969e+00 -1.4722e+00 +2.9973e+00
3059 +3.973166685e-08 +3.973166685e-08 +3.752000004e+01 +3.752000004e+01 +2.4900e+00 -1.9692e+00 +2.8967e+00 -1.4725e+00 +2.9967e+00
3100 +1.826590079e-08 +1.826590079e-08 +3.752000002e+01 +3.752000002e+01 +2.4900e+00 -1.9692e+00 +2.8968e+00 -1.4724e+00 +2.9971e+00
3109 +1.478620248e-08 +1.478620248e-08 +3.752000001e+01 +3.752000001e+01 +2.4900e+00 -1.9692e+00 +2.8968e+00 -1.4724e+00 +2.9970e+00
3127 +8.738190616e-09 +8.738190616e-09 +3.752000001e+01 +3.752000001e+01 +2.4900e+00 -1.9692e+00 +2.8968e+00 -1.4724e+00 +2.9969e+00
% function evaluation | noise-free fitness - Fopt (3.752000000000e+01) | best noise-free fitness - Fopt | measured fitness | best measured fitness | x1 | x2...
1 +1.275318834e+05 +1.275318834e+05 +1.275694034e+05 +1.275694034e+05 -3.1726e+00 +2.7572e+00 +3.6346e+00 -7.3520e-01 -2.2199e+00
2 +6.070473158e+04 +6.070473158e+04 +6.074225158e+04 +6.074225158e+04 -2.5374e+00 +1.6776e+00 +2.1317e+00 -2.2159e+00 -1.9990e+00
10 +1.535996956e+04 +1.535996956e+04 +1.539748956e+04 +1.539748956e+04 -1.5993e+00 -4.5888e-01 +1.6908e+00 -8.2703e-01 -2.9769e+00
16 +7.942290828e+03 +7.942290828e+03 +7.979810828e+03 +7.979810828e+03 +5.6846e-01 -3.1469e+00 +8.3479e-01 -1.7595e+00 -6.2644e+00
50 +1.401532286e+03 +1.401532286e+03 +1.439052286e+03 +1.439052286e+03 +1.0998e+00 -3.5702e+00 +5.1813e-01 -2.9979e+00 +1.7329e-01
101 +1.827492642e+02 +1.827492642e+02 +2.202692642e+02 +2.202692642e+02 +1.7052e+00 -2.3542e+00 +3.1462e+00 -1.4762e+00 +3.6358e+00
133 +1.220523474e+02 +1.220523474e+02 +1.595723474e+02 +1.595723474e+02 +1.2969e+00 -3.5906e+00 +2.1700e+00 -1.6499e+00 +2.2631e+00
139 +9.733672291e+01 +9.733672291e+01 +1.348567229e+02 +1.348567229e+02 +1.7361e+00 -2.3230e+00 +2.8394e+00 -9.9670e-01 +4.1998e+00
157 +3.628875794e+01 +3.628875794e+01 +7.380875794e+01 +7.380875794e+01 +7.4368e-01 -2.0828e+00 +2.4246e+00 -2.1201e+00 +2.5023e+00
190 +2.324630403e+01 +2.324630403e+01 +6.076630403e+01 +6.076630403e+01 +1.4353e+00 -2.6515e+00 +1.9132e+00 -2.5342e+00 +2.2936e+00
231 +7.548099221e+00 +7.548099221e+00 +4.506809922e+01 +4.506809922e+01 +1.2347e+00 -2.8661e+00 +2.0565e+00 -2.3579e+00 +1.9380e+00
240 +5.602565709e+00 +5.602565709e+00 +4.312256571e+01 +4.312256571e+01 +1.5841e+00 -3.0747e+00 +1.8692e+00 -2.4617e+00 +2.0210e+00
297 +3.916436617e+00 +3.916436617e+00 +4.143643662e+01 +4.143643662e+01 +1.5765e+00 -2.9321e+00 +1.8852e+00 -2.4678e+00 +2.0155e+00
546 +2.492355052e+00 +2.492355052e+00 +4.001235505e+01 +4.001235505e+01 +2.0513e+00 -2.6681e+00 +2.0025e+00 -2.4543e+00 +1.9943e+00
695 +1.576403118e+00 +1.576403118e+00 +3.909640312e+01 +3.909640312e+01 +2.2629e+00 -2.3836e+00 +2.2250e+00 -2.3426e+00 +2.0384e+00
819 +9.111384324e-01 +9.111384324e-01 +3.843113843e+01 +3.843113843e+01 +2.3387e+00 -2.2461e+00 +2.4369e+00 -2.2005e+00 +2.0709e+00
994 +6.266565649e-01 +6.266565649e-01 +3.814665656e+01 +3.814665656e+01 +2.3788e+00 -2.1821e+00 +2.5351e+00 -2.0733e+00 +2.1378e+00
1089 +3.977078887e-01 +3.977078887e-01 +3.791770789e+01 +3.791770789e+01 +2.4200e+00 -2.1078e+00 +2.6200e+00 -1.9633e+00 +2.2560e+00
1198 +2.370774674e-01 +2.370774674e-01 +3.775707747e+01 +3.775707747e+01 +2.4288e+00 -2.0830e+00 +2.6761e+00 -1.8696e+00 +2.3527e+00
1273 +1.528387746e-01 +1.528387746e-01 +3.767283877e+01 +3.767283877e+01 +2.4414e+00 -2.0617e+00 +2.7177e+00 -1.8003e+00 +2.4515e+00
1354 +7.940021095e-02 +7.940021095e-02 +3.759940021e+01 +3.759940021e+01 +2.4624e+00 -2.0283e+00 +2.7825e+00 -1.6970e+00 +2.5947e+00
1421 +5.842289160e-02 +5.842289160e-02 +3.757842289e+01 +3.757842289e+01 +2.4643e+00 -2.0231e+00 +2.7931e+00 -1.6732e+00 +2.6328e+00
1478 +3.551807812e-02 +3.551807812e-02 +3.755551808e+01 +3.755551808e+01 +2.4686e+00 -2.0117e+00 +2.8168e+00 -1.6265e+00 +2.7081e+00
1536 +1.834230596e-02 +1.834230596e-02 +3.753834231e+01 +3.753834231e+01 +2.4742e+00 -1.9999e+00 +2.8377e+00 -1.5865e+00 +2.7799e+00
1564 +1.044523792e-02 +1.044523792e-02 +3.753044524e+01 +3.753044524e+01 +2.4793e+00 -1.9893e+00 +2.8602e+00 -1.5422e+00 +2.8576e+00
1577 +9.499934557e-03 +9.499934557e-03 +3.752949993e+01 +3.752949993e+01 +2.4832e+00 -1.9841e+00 +2.8641e+00 -1.5409e+00 +2.8623e+00
1642 +2.672592690e-03 +2.672592690e-03 +3.752267259e+01 +3.752267259e+01 +2.4855e+00 -1.9783e+00 +2.8811e+00 -1.5058e+00 +2.9302e+00
1650 +2.304217796e-03 +2.304217796e-03 +3.752230422e+01 +3.752230422e+01 +2.4877e+00 -1.9734e+00 +2.8907e+00 -1.4868e+00 +2.9716e+00
1683 +9.191482972e-04 +9.191482972e-04 +3.752091915e+01 +3.752091915e+01 +2.4920e+00 -1.9644e+00 +2.9068e+00 -1.4541e+00 +3.0333e+00
1746 +6.133456390e-04 +6.133456390e-04 +3.752061335e+01 +3.752061335e+01 +2.4877e+00 -1.9726e+00 +2.8889e+00 -1.4887e+00 +2.9650e+00
1758 +2.586789059e-04 +2.586789059e-04 +3.752025868e+01 +3.752025868e+01 +2.4890e+00 -1.9704e+00 +2.8934e+00 -1.4794e+00 +2.9824e+00
1788 +2.412540111e-04 +2.412540111e-04 +3.752024125e+01 +3.752024125e+01 +2.4892e+00 -1.9696e+00 +2.8966e+00 -1.4735e+00 +2.9943e+00
1801 +1.271080166e-04 +1.271080166e-04 +3.752012711e+01 +3.752012711e+01 +2.4889e+00 -1.9712e+00 +2.8936e+00 -1.4786e+00 +2.9850e+00
1847 +6.241664422e-05 +6.241664422e-05 +3.752006242e+01 +3.752006242e+01 +2.4897e+00 -1.9696e+00 +2.8957e+00 -1.4740e+00 +2.9938e+00
1864 +3.699322562e-05 +3.699322562e-05 +3.752003699e+01 +3.752003699e+01 +2.4897e+00 -1.9699e+00 +2.8954e+00 -1.4750e+00 +2.9913e+00
1916 +2.134915709e-05 +2.134915709e-05 +3.752002135e+01 +3.752002135e+01 +2.4896e+00 -1.9698e+00 +2.8956e+00 -1.4746e+00 +2.9927e+00
1940 +5.112641780e-06 +5.112641780e-06 +3.752000511e+01 +3.752000511e+01 +2.4900e+00 -1.9693e+00 +2.8965e+00 -1.4731e+00 +2.9955e+00
1966 +2.647673867e-06 +2.647673867e-06 +3.752000265e+01 +3.752000265e+01 +2.4901e+00 -1.9691e+00 +2.8970e+00 -1.4720e+00 +2.9980e+00
2046 +2.053602422e-06 +2.053602422e-06 +3.752000205e+01 +3.752000205e+01 +2.4900e+00 -1.9694e+00 +2.8964e+00 -1.4731e+00 +2.9956e+00
2051 +1.275603879e-06 +1.275603879e-06 +3.752000128e+01 +3.752000128e+01 +2.4900e+00 -1.9693e+00 +2.8966e+00 -1.4727e+00 +2.9965e+00
2073 +1.958803324e-07 +1.958803324e-07 +3.752000020e+01 +3.752000020e+01 +2.4900e+00 -1.9693e+00 +2.8967e+00 -1.4727e+00 +2.9965e+00
2147 +5.196444164e-08 +5.196444164e-08 +3.752000005e+01 +3.752000005e+01 +2.4900e+00 -1.9692e+00 +2.8969e+00 -1.4723e+00 +2.9972e+00
2199 +3.255573233e-08 +3.255573233e-08 +3.752000003e+01 +3.752000003e+01 +2.4900e+00 -1.9692e+00 +2.8969e+00 -1.4723e+00 +2.9972e+00
2221 +1.514030856e-08 +1.514030856e-08 +3.752000002e+01 +3.752000002e+01 +2.4900e+00 -1.9692e+00 +2.8968e+00 -1.4724e+00 +2.9970e+00
2234 +9.221324149e-09 +9.221324149e-09 +3.752000001e+01 +3.752000001e+01 +2.4900e+00 -1.9692e+00 +2.8968e+00 -1.4724e+00 +2.9969e+00
2242 +2.386137510e-09 +2.386137510e-09 +3.752000000e+01 +3.752000000e+01 +2.4900e+00 -1.9692e+00 +2.8968e+00 -1.4724e+00 +2.9970e+00
