% function evaluation | noise-free fitness - Fopt (1.491500000000e+02) | best noise-free fitness - Fopt | measured fitness | best measured fitness | x1 | x2...
1 +5.672736044e+03 +5.672736044e+03 +5.821886044e+03 +5.821886044e+03 -2.6566e+00 -3.1404e+00 -3.9976e+00
7 +3.774381051e+03 +3.774381051e+03 +3.923531051e+03 +3.923531051e+03 -2.8215e+00 -8.9303e-01 -6.2918e+00
15 +2.384401583e+03 +2.384401583e+03 +2.533551583e+03 +2.533551583e+03 -1.2058e+00 -1.6335e-01 -4.2586e+00
30 +1.107534567e+03 +1.107534567e+03 +1.256684567e+03 +1.256684567e+03 -5.5983e-01 -1.2301e+00 -4.2858e+00
41 +7.276941275e+02 +7.276941275e+02 +8.768441275e+02 +8.768441275e+02 -1.1063e+00 -2.2066e+00 -2.8374e+00
45 +6.151036194e+02 +6.151036194e+02 +7.642536194e+02 +7.642536194e+02 -1.9070e+00 -2.1110e+00 -2.4173e+00
56 +3.131008676e+02 +3.131008676e+02 +4.622508676e+02 +4.622508676e+02 -7.1152e-01 -1.4400e+00 -2.7311e+00
58 +2.255880534e+02 +2.255880534e+02 +3.747380534e+02 +3.747380534e+02 -1.6971e+00 -5.6743e-01 -1.7760e+00
74 +6.086104095e+01 +6.086104095e+01 +2.100110409e+02 +2.100110409e+02 -1.5675e+00 -1.8014e+00 -1.0867e+00
75 +3.695983890e+01 +3.695983890e+01 +1.861098389e+02 +1.861098389e+02 -2.0934e+00 -1.1944e-01 +3.9809e-02
81 +3.057211644e+00 +3.057211644e+00 +1.522072116e+02 +1.522072116e+02 -6.6641e-01 -1.1369e+00 -1.0449e+00
142 +2.255969675e+00 +2.255969675e+00 +1.514059697e+02 +1.514059697e+02 -7.1159e-01 -1.1485e+00 -9.6787e-01
174 +1.453677591e+00 +1.453677591e+00 +1.506036776e+02 +1.506036776e+02 -5.1686e-01 -1.0418e+00 -9.5232e-01
195 +8.799712920e-01 +8.799712920e-01 +1.500299713e+02 +1.500299713e+02 -5.6449e-01 -1.1036e+00 -9.2123e-01
288 +5.627867228e-01 +5.627867228e-01 +1.497127867e+02 +1.497127867e+02 -4.4994e-01 -1.0030e+00 -8.5394e-01
374 +3.545985556e-01 +3.545985556e-01 +1.495045986e+02 +1.495045986e+02 -3.5359e-01 -8.6983e-01 -7.3929e-01
417 +2.110779805e-01 +2.110779805e-01 +1.493610780e+02 +1.493610780e+02 -2.7022e-01 -7.6256e-01 -6.0375e-01
436 +1.518427188e-01 +1.518427188e-01 +1.493018427e+02 +1.493018427e+02 -1.6953e-01 -6.1292e-01 -4.1631e-01
462 +7.673684292e-02 +7.673684292e-02 +1.492267368e+02 +1.492267368e+02 -1.8486e-01 -6.0856e-01 -3.9641e-01
503 +6.145309087e-02 +6.145309087e-02 +1.492114531e+02 +1.492114531e+02 -1.5631e-01 -5.7229e-01 -3.4720e-01
605 +3.906635574e-02 +3.906635574e-02 +1.491890664e+02 +1.491890664e+02 -1.4470e-01 -5.4076e-01 -2.9637e-01
636 +2.008644208e-02 +2.008644208e-02 +1.491700864e+02 +1.491700864e+02 -1.1805e-01 -4.9117e-01 -2.1087e-01
643 +1.564462613e-02 +1.564462613e-02 +1.491656446e+02 +1.491656446e+02 -9.6712e-02 -4.5829e-01 -1.5306e-01
672 +9.626895094e-03 +9.626895094e-03 +1.491596269e+02 +1.491596269e+02 -7.1348e-02 -3.9464e-01 -3.2485e-02
700 +3.943463108e-03 +3.943463108e-03 +1.491539435e+02 +1.491539435e+02 -8.1966e-02 -4.2111e-01 -7.9730e-02
744 +1.701665774e-03 +1.701665774e-03 +1.491517017e+02 +1.491517017e+02 -7.1672e-02 -4.0385e-01 -4.4010e-02
754 +1.479965856e-03 +1.479965856e-03 +1.491514800e+02 +1.491514800e+02 -7.1665e-02 -4.0386e-01 -4.6821e-02
768 +8.335215264e-04 +8.335215264e-04 +1.491508335e+02 +1.491508335e+02 -6.2378e-02 -3.8699e-01 -1.1654e-02
805 +2.664274311e-04 +2.664274311e-04 +1.491502664e+02 +1.491502664e+02 -5.5643e-02 -3.7173e-01 +1.5721e-02
814 +1.922483025e-04 +1.922483025e-04 +1.491501922e+02 +1.491501922e+02 -5.1856e-02 -3.6431e-01 +3.1058e-02
834 +1.059643055e-04 +1.059643055e-04 +1.491501060e+02 +1.491501060e+02 -5.9587e-02 -3.7944e-01 +1.6608e-03
862 +9.693382410e-05 +9.693382410e-05 +1.491500969e+02 +1.491500969e+02 -5.9122e-02 -3.7872e-01 +2.9910e-03
875 +4.232721960e-05 +4.232721960e-05 +1.491500423e+02 +1.491500423e+02 -5.7226e-02 -3.7527e-01 +1.0201e-02
897 +8.269404560e-06 +8.269404560e-06 +1.491500083e+02 +1.491500083e+02 -5.5792e-02 -3.7203e-01 +1.6497e-02
900 +5.174411200e-06 +5.174411200e-06 +1.491500052e+02 +1.491500052e+02 -5.5730e-02 -3.7199e-01 +1.6684e-02
928 +3.874176684e-06 +3.874176684e-06 +1.491500039e+02 +1.491500039e+02 -5.5601e-02 -3.7172e-01 +1.7469e-02
955 +1.299216791e-06 +1.299216791e-06 +1.491500013e+02 +1.491500013e+02 -5.5220e-02 -3.7079e-01 +1.9122e-02
963 +9.108745758e-08 +9.108745758e-08 +1.491500001e+02 +1.491500001e+02 -5.5311e-02 -3.7103e-01 +1.8740e-02
1042 +1.885263146e-08 +1.885263146e-08 +1.491500000e+02 +1.491500000e+02 -5.5211e-02 -3.7084e-01 +1.9129e-02
1045 +6.660314966e-09 +6.660314966e-09 +1.491500000e+02 +1.491500000e+02 -5.5235e-02 -3.7087e-01 +1.9063e-02
% function evaluation | noise-free fitness - Fopt (1.491500000000e+02) | best noise-free fitness - Fopt | measured fitness | best measured fitness | x1 | x2...
1 +1.108076460e+03 +1.108076460e+03 +1.257226460e+03 +1.257226460e+03 -2.0432e+00 -6.5935e-01 +2.8375e+00
3 +8.167616650e+02 +8.167616650e+02 +9.659116650e+02 +9.659116650e+02 -1.0409e+00 +4.1406e-02 +3.4960e+00
12 +1.973899284e+02 +1.973899284e+02 +3.465399284e+02 +3.465399284e+02 +5.6844e-01 +1.2427e+00 +4.4555e+00
25 +4.517131318e+01 +4.517131318e+01 +1.943213132e+02 +1.943213132e+02 -1.3149e+00 -6.4539e-01 -4.0816e-01
61 +2.083179918e+01 +2.083179918e+01 +1.699817992e+02 +1.699817992e+02 -2.0364e+00 -7.9294e-01 -5.0861e-01
109 +3.707439105e+00 +3.707439105e+00 +1.528574391e+02 +1.528574391e+02 -3.0032e-01 -8.7735e-01 -5.6976e-01
148 +4.940784810e-01 +4.940784810e-01 +1.496440785e+02 +1.496440785e+02 -2.4610e-01 -7.4494e-01 -6.3755e-01
403 +3.456259498e-01 +3.456259498e-01 +1.494956259e+02 +1.494956259e+02 -3.2829e-01 -8.5653e-01 -7.2864e-01
446 +2.437359279e-01 +2.437359279e-01 +1.493937359e+02 +1.493937359e+02 -2.8815e-01 -7.6456e-01 -6.1822e-01
475 +1.457712849e-01 +1.457712849e-01 +1.492957713e+02 +1.492957713e+02 -2.2637e-01 -6.7928e-01 -4.8872e-01
534 +9.092827844e-02 +9.092827844e-02 +1.492409283e+02 +1.492409283e+02 -1.8451e-01 -6.0799e-01 -4.1146e-01
562 +6.047557194e-02 +6.047557194e-02 +1.492104756e+02 +1.492104756e+02 -1.6669e-01 -5.8568e-01 -3.6433e-01
627 +3.776079314e-02 +3.776079314e-02 +1.491877608e+02 +1.491877608e+02 -1.4530e-01 -5.3974e-01 -2.9124e-01
698 +2.509010997e-02 +2.509010997e-02 +1.491750901e+02 +1.491750901e+02 -1.1952e-01 -4.9806e-01 -2.2544e-01
722 +1.280544066e-02 +1.280544066e-02 +1.491628054e+02 +1.491628054e+02 -9.6033e-02 -4.4518e-01 -1.2898e-01
735 +5.035158394e-03 +5.035158394e-03 +1.491550352e+02 +1.491550352e+02 -8.5688e-02 -4.2901e-01 -9.1887e-02
742 +1.024570533e-03 +1.024570533e-03 +1.491510246e+02 +1.491510246e+02 -6.6973e-02 -3.9576e-01 -2.9615e-02
799 +6.831426646e-04 +6.831426646e-04 +1.491506831e+02 +1.491506831e+02 -6.1619e-02 -3.8532e-01 -1.0786e-02
809 +4.697735810e-04 +4.697735810e-04 +1.491504698e+02 +1.491504698e+02 -6.4722e-02 -3.8909e-01 -1.6971e-02
823 +2.769491428e-04 +2.769491428e-04 +1.491502769e+02 +1.491502769e+02 -5.6063e-02 -3.7106e-01 +1.7911e-02
834 +1.724437863e-04 +1.724437863e-04 +1.491501724e+02 +1.491501724e+02 -5.8351e-02 -3.7705e-01 +7.8543e-03
839 +2.316484191e-05 +2.316484191e-05 +1.491500232e+02 +1.491500232e+02 -5.3461e-02 -3.6725e-01 +2.6586e-02
881 +1.510805717e-05 +1.510805717e-05 +1.491500151e+02 +1.491500151e+02 -5.6930e-02 -3.7417e-01 +1.2484e-02
923 +5.893631453e-06 +5.893631453e-06 +1.491500059e+02 +1.491500059e+02 -5.5981e-02 -3.7218e-01 +1.6466e-02
925 +2.812276762e-06 +2.812276762e-06 +1.491500028e+02 +1.491500028e+02 -5.4849e-02 -3.7004e-01 +2.0589e-02
947 +6.757054507e-07 +6.757054507e-07 +1.491500007e+02 +1.491500007e+02 -5.5545e-02 -3.7150e-01 +1.7814e-02
992 +1.374375529e-07 +1.374375529e-07 +1.491500001e+02 +1.491500001e+02 -5.5258e-02 -3.7092e-01 +1.8986e-02
1007 +8.433903531e-08 +8.433903531e-08 +1.491500001e+02 +1.491500001e+02 -5.5212e-02 -3.7084e-01 +1.9155e-02
1020 +4.444675028e-08 +4.444675028e-08 +1.491500000e+02 +1.491500000e+02 -5.5276e-02 -3.7096e-01 +1.8882e-02
1039 +1.650147397e-08 +1.650147397e-08 +1.491500000e+02 +1.491500000e+02 -5.5175e-02 -3.7076e-01 +1.9289e-02
1046 +7.055348306e-09 +7.055348306e-09 +1.491500000e+02 +1.491500000e+02 -5.5228e-02 -3.7086e-01 +1.9086e-02
% function evaluation | noise-free fitness - Fopt (1.491500000000e+02) | best noise-free fitness - Fopt | measured fitness | best measured fitness | x1 | x2...
1 +2.631675476e+04 +2.631675476e+04 +2.646590476e+04 +2.646590476e+04 -3.4967e+00 +2.5268e+00 -1.8741e+00
4 +1.091383503e+04 +1.091383503e+04 +1.106298503e+04 +1.106298503e+04 -3.1285e+00 +1.6122e+00 -2.4398e+00
7 +5.407712434e+03 +5.407712434e+03 +5.556862434e+03 +5.556862434e+03 -2.8314e+00 +1.2676e+00 -1.3481e+00
11 +2.970568337e+03 +2.970568337e+03 +3.119718337e+03 +3.119718337e+03 -1.1344e+00 +7.4046e-01 -1.5484e+00
12 +5.031515017e+02 +5.031515017e+02 +6.523015017e+02 +6.523015017e+02 -2.6386e+00 +1.2520e+00 +3.6790e+00
13 +2.178091248e+00 +2.178091248e+00 +1.513280912e+02 +1.513280912e+02 -8.8516e-01 -1.3519e+00 -9.0855e-01
567 +1.506592027e+00 +1.506592027e+00 +1.506565920e+02 +1.506565920e+02 -8.0089e-01 -1.3208e+00 -9.6197e-01
631 +8.222126690e-01 +8.222126690e-01 +1.499722127e+02 +1.499722127e+02 -4.8548e-01 -1.0041e+00 -8.2214e-01
820 +6.069624717e-01 +6.069624717e-01 +1.497569625e+02 +1.497569625e+02 -4.7165e-01 -1.0244e+00 -8.6620e-01
877 +3.704421496e-01 +3.704421496e-01 +1.495204421e+02 +1.495204421e+02 -3.5575e-01 -8.6956e-01 -7.4258e-01
955 +2.463249913e-01 +2.463249913e-01 +1.493963250e+02 +1.493963250e+02 -2.7611e-01 -7.7443e-01 -6.4042e-01
1002 +1.546692936e-01 +1.546692936e-01 +1.493046693e+02 +1.493046693e+02 -2.4333e-01 -7.1403e-01 -5.4644e-01
1059 +9.376382713e-02 +9.376382713e-02 +1.492437638e+02 +1.492437638e+02 -1.9944e-01 -6.4026e-01 -4.4763e-01
1082 +5.704924609e-02 +5.704924609e-02 +1.492070492e+02 +1.492070492e+02 -1.6325e-01 -5.7934e-01 -3.5301e-01
1111 +3.862053776e-02 +3.862053776e-02 +1.491886205e+02 +1.491886205e+02 -1.2856e-01 -5.1022e-01 -2.5179e-01
1140 +2.027370483e-02 +2.027370483e-02 +1.491702737e+02 +1.491702737e+02 -1.1651e-01 -4.8729e-01 -1.9533e-01
1146 +9.369387350e-03 +9.369387350e-03 +1.491593694e+02 +1.491593694e+02 -9.4244e-02 -4.4561e-01 -1.2922e-01
1175 +5.680331729e-03 +5.680331729e-03 +1.491556803e+02 +1.491556803e+02 -8.7041e-02 -4.3024e-01 -9.7116e-02
1226 +2.444669445e-03 +2.444669445e-03 +1.491524447e+02 +1.491524447e+02 -7.6610e-02 -4.1395e-01 -6.6026e-02
1271 +1.551542049e-03 +1.551542049e-03 +1.491515515e+02 +1.491515515e+02 -6.9596e-02 -3.9951e-01 -3.9673e-02
1293 +8.123624739e-04 +8.123624739e-04 +1.491508124e+02 +1.491508124e+02 -6.2921e-02 -3.8410e-01 -8.4316e-03
1302 +4.320912625e-04 +4.320912625e-04 +1.491504321e+02 +1.491504321e+02 -6.3609e-02 -3.8702e-01 -1.3805e-02
1303 +3.849731037e-04 +3.849731037e-04 +1.491503850e+02 +1.491503850e+02 -5.8387e-02 -3.7553e-01 +8.8522e-03
1313 +1.415193623e-04 +1.415193623e-04 +1.491501415e+02 +1.491501415e+02 -5.8651e-02 -3.7714e-01 +5.7863e-03
1320 +5.897638152e-05 +5.897638152e-05 +1.491500590e+02 +1.491500590e+02 -5.5240e-02 -3.7128e-01 +1.7588e-02
1338 +3.164647654e-05 +3.164647654e-05 +1.491500316e+02 +1.491500316e+02 -5.3208e-02 -3.6659e-01 +2.7406e-02
1365 +6.669029403e-06 +6.669029403e-06 +1.491500067e+02 +1.491500067e+02 -5.4742e-02 -3.6969e-01 +2.1544e-02
1415 +5.915364170e-06 +5.915364170e-06 +1.491500059e+02 +1.491500059e+02 -5.4376e-02 -3.6917e-01 +2.2616e-02
1437 +3.532862848e-06 +3.532862848e-06 +1.491500035e+02 +1.491500035e+02 -5.5836e-02 -3.7198e-01 +1.6736e-02
1448 +1.913099993e-06 +1.913099993e-06 +1.491500019e+02 +1.491500019e+02 -5.4833e-02 -3.7005e-01 +2.0805e-02
1456 +6.092275555e-07 +6.092275555e-07 +1.491500006e+02 +1.491500006e+02 -5.5116e-02 -3.7061e-01 +1.9505e-02
1463 +1.359373130e-07 +1.359373130e-07 +1.491500001e+02 +1.491500001e+02 -5.5082e-02 -3.7058e-01 +1.9663e-02
1505 +8.972628507e-08 +8.972628507e-08 +1.491500001e+02 +1.491500001e+02 -5.5319e-02 -3.7103e-01 +1.8754e-02
1507 +3.923477720e-08 +3.923477720e-08 +1.491500000e+02 +1.491500000e+02 -5.5281e-02 -3.7095e-01 +1.8887e-02
1528 +1.808643901e-09 +1.808643901e-09 +1.491500000e+02 +1.491500000e+02 -5.5216e-02 -3.7083e-01 +1.9142e-02
% function evaluation | noise-free fitness - Fopt (-1.000000000000e+03) | best noise-free fitness - Fopt | measured fitness | best measured fitness | x1 | x2...
1 +8.203005800e+02 +8.203005800e+02 -1.796994200e+02 -1.796994200e+02 -2.7985e+00 -1.2910e+00 +3.9186e+00
27 +1.690386223e+02 +1.690386223e+02 -8.309613777e+02 -8.309613777e+02 -3.7522e+00 -9.3516e-01 +2.3773e+00
37 +1.024344391e+02 +1.024344391e+02 -8.975655609e+02 -8.975655609e+02 -3.6513e+00 +8.2641e-01 +1.7483e+00
50 +7.502570575e+01 +7.502570575e+01 -9.249742943e+02 -9.249742943e+02 -3.8172e+00 -1.5536e-01 +1.4167e+00
51 +9.342624647e+00 +9.342624647e+00 -9.906573754e+02 -9.906573754e+02 -3.7720e+00 +4.3733e-01 +7.1215e-01
138 +3.879081061e+00 +3.879081061e+00 -9.961209189e+02 -9.961209189e+02 -4.7442e+00 +1.0237e+00 +1.2670e+00
788 +2.511600452e+00 +2.511600452e+00 -9.974883995e+02 -9.974883995e+02 -4.1375e+00 +2.7467e-01 +5.2132e-01
1105 +1.581928308e+00 +1.581928308e+00 -9.984180717e+02 -9.984180717e+02 -3.6165e+00 +2.2984e-01 +5.5769e-01
1199 +9.150865691e-01 +9.150865691e-01 -9.990849134e+02 -9.990849134e+02 -3.3898e+00 +3.9416e-01 +5.7777e-01
1239 +5.867616648e-01 +5.867616648e-01 -9.994132383e+02 -9.994132383e+02 -3.2132e+00 +5.5467e-01 +6.6094e-01
1307 +3.857431314e-01 +3.857431314e-01 -9.996142569e+02 -9.996142569e+02 -3.1287e+00 +6.7351e-01 +7.6063e-01
1389 +2.364248812e-01 +2.364248812e-01 -9.997635751e+02 -9.997635751e+02 -3.0819e+00 +7.6136e-01 +8.5658e-01
1440 +1.462418677e-01 +1.462418677e-01 -9.998537581e+02 -9.998537581e+02 -3.0209e+00 +8.5421e-01 +9.7431e-01
1470 +9.430062993e-02 +9.430062993e-02 -9.999056994e+02 -9.999056994e+02 -2.9936e+00 +9.1175e-01 +1.0617e+00
1549 +5.240412017e-02 +5.240412017e-02 -9.999475959e+02 -9.999475959e+02 -2.9515e+00 +9.8677e-01 +1.1759e+00
1599 +3.917754836e-02 +3.917754836e-02 -9.999608225e+02 -9.999608225e+02 -2.9403e+00 +1.0037e+00 +1.2076e+00
1643 +2.244604656e-02 +2.244604656e-02 -9.999775540e+02 -9.999775540e+02 -2.9102e+00 +1.0511e+00 +1.2886e+00
1649 +9.367254192e-03 +9.367254192e-03 -9.999906327e+02 -9.999906327e+02 -2.8825e+00 +1.1071e+00 +1.3844e+00
1679 +4.928919332e-03 +4.928919332e-03 -9.999950711e+02 -9.999950711e+02 -2.8765e+00 +1.1185e+00 +1.4096e+00
1731 +3.647620329e-03 +3.647620329e-03 -9.999963524e+02 -9.999963524e+02 -2.8730e+00 +1.1292e+00 +1.4291e+00
1760 +2.481634721e-03 +2.481634721e-03 -9.999975184e+02 -9.999975184e+02 -2.8707e+00 +1.1323e+00 +1.4378e+00
1771 +1.566429373e-03 +1.566429373e-03 -9.999984336e+02 -9.999984336e+02 -2.8625e+00 +1.1461e+00 +1.4636e+00
1805 +1.277472552e-04 +1.277472552e-04 -9.999998723e+02 -9.999998723e+02 -2.8524e+00 +1.1687e+00 +1.5078e+00
1837 +1.160379384e-05 +1.160379384e-05 -9.999999884e+02 -9.999999884e+02 -2.8480e+00 +1.1767e+00 +1.5240e+00
1870 +3.285437970e-06 +3.285437970e-06 -9.999999967e+02 -9.999999967e+02 -2.8480e+00 +1.1768e+00 +1.5243e+00
1948 +2.216285452e-06 +2.216285452e-06 -9.999999978e+02 -9.999999978e+02 -2.8478e+00 +1.1774e+00 +1.5257e+00
1955 +7.310209185e-07 +7.310209185e-07 -9.999999993e+02 -9.999999993e+02 -2.8483e+00 +1.1764e+00 +1.5235e+00
1978 +3.166879878e-07 +3.166879878e-07 -9.999999997e+02 -9.999999997e+02 -2.8481e+00 +1.1768e+00 +1.5244e+00
1984 +2.180834144e-07 +2.180834144e-07 -9.999999998e+02 -9.999999998e+02 -2.8481e+00 +1.1769e+00 +1.5246e+00
2005 +5.106608114e-08 +5.106608114e-08 -9.999999999e+02 -9.999999999e+02 -2.8483e+00 +1.1764e+00 +1.5237e+00
2016 +3.530431059e-08 +3.530431059e-08 -1.000000000e+03 -1.000000000e+03 -2.8482e+00 +1.1767e+00 +1.5241e+00
2030 +2.098033747e-08 +2.098033747e-08 -1.000000000e+03 -1.000000000e+03 -2.8482e+00 +1.1765e+00 +1.5238e+00
2048 +1.518606041e-08 +1.518606041e-08 -1.000000000e+03 -1.000000000e+03 -2.8481e+00 +1.1767e+00 +1.5242e+00
2081 +9.632913134e-09 +9.632913134e-09 -1.000000000e+03 -1.000000000e+03 -2.8482e+00 +1.1766e+00 +1.5241e+00
2082 +5.670472092e-09 +5.670472092e-09 -1.000000000e+03 -1.000000000e+03 -2.8482e+00 +1.1766e+00 +1.5241e+00
% function evaluation | noise-free fitness - Fopt (-1.000000000000e+03) | best noise-free fitness - Fopt | measured fitness | best measured fitness | x1 | x2...
1 +2.175368083e+05 +2.175368083e+05 +2.165368083e+05 +2.165368083e+05 +2.8267e+00 -1.8148e+00 +1.5841e+00
3 +4.482385471e+04 +4.482385471e+04 +4.382385471e+04 +4.382385471e+04 +7.6648e-01 +4.2174e-01 -1.6504e+00
7 +2.264017628e+04 +2.264017628e+04 +2.164017628e+04 +2.164017628e+04 -1.4854e-01 -1.1688e+00 +2.8694e+00
11 +4.445637088e+02 +4.445637088e+02 -5.554362912e+02 -5.554362912e+02 -3.8780e+00 -1.7626e+00 +3.5196e+00
14 +1.830717679e+02 +1.830717679e+02 -8.169282321e+02 -8.169282321e+02 -2.6712e+00 +6.7950e-01 +1.8012e+00
74 +3.959979298e+01 +3.959979298e+01 -9.604002070e+02 -9.604002070e+02 -2.3272e+00 +3.0605e+00 +8.6602e+00
171 +7.540724212e+00 +7.540724212e+00 -9.924592758e+02 -9.924592758e+02 -2.0986e+00 +3.1683e+00 +9.6333e+00
218 +4.995293363e+00 +4.995293363e+00 -9.950047066e+02 -9.950047066e+02 -2.1492e+00 +3.0534e+00 +8.8990e+00
296 +3.762377926e+00 +3.762377926e+00 -9.962376221e+02 -9.962376221e+02 -2.1792e+00 +2.9828e+00 +8.4087e+00
499 +2.504564129e+00 +2.504564129e+00 -9.974954359e+02 -9.974954359e+02 -2.2768e+00 +2.6450e+00 +6.6021e+00
596 +1.552522953e+00 +1.552522953e+00 -9.984474770e+02 -9.984474770e+02 -2.3813e+00 +2.3236e+00 +5.1208e+00
724 +8.123219128e-01 +8.123219128e-01 -9.991876781e+02 -9.991876781e+02 -2.4992e+00 +2.0032e+00 +3.8552e+00
787 +6.163861942e-01 +6.163861942e-01 -9.993836138e+02 -9.993836138e+02 -2.5522e+00 +1.8730e+00 +3.3893e+00
859 +3.976740430e-01 +3.976740430e-01 -9.996023260e+02 -9.996023260e+02 -2.5930e+00 +1.7420e+00 +2.9694e+00
1040 +2.491849574e-01 +2.491849574e-01 -9.997508150e+02 -9.997508150e+02 -2.6414e+00 +1.6271e+00 +2.6291e+00
1101 +1.523184179e-01 +1.523184179e-01 -9.998476816e+02 -9.998476816e+02 -2.6899e+00 +1.5208e+00 +2.3217e+00
1150 +9.599472874e-02 +9.599472874e-02 -9.999040053e+02 -9.999040053e+02 -2.7173e+00 +1.4564e+00 +2.1641e+00
1177 +6.074375658e-02 +6.074375658e-02 -9.999392562e+02 -9.999392562e+02 -2.7507e+00 +1.3771e+00 +1.9555e+00
1180 +3.387421026e-02 +3.387421026e-02 -9.999661258e+02 -9.999661258e+02 -2.7931e+00 +1.2907e+00 +1.7519e+00
1197 +1.916441597e-02 +1.916441597e-02 -9.999808356e+02 -9.999808356e+02 -2.8030e+00 +1.2622e+00 +1.6955e+00
1268 +8.895887037e-03 +8.895887037e-03 -9.999911041e+02 -9.999911041e+02 -2.8266e+00 +1.2130e+00 +1.6024e+00
1324 +5.561084324e-03 +5.561084324e-03 -9.999944389e+02 -9.999944389e+02 -2.8270e+00 +1.2133e+00 +1.5989e+00
1325 +3.194389456e-03 +3.194389456e-03 -9.999968056e+02 -9.999968056e+02 -2.8246e+00 +1.2246e+00 +1.6241e+00
1357 +2.247005348e-03 +2.247005348e-03 -9.999977530e+02 -9.999977530e+02 -2.8311e+00 +1.2097e+00 +1.5886e+00
1362 +1.042543165e-03 +1.042543165e-03 -9.999989575e+02 -9.999989575e+02 -2.8346e+00 +1.2044e+00 +1.5797e+00
1376 +6.097491131e-04 +6.097491131e-04 -9.999993903e+02 -9.999993903e+02 -2.8374e+00 +1.1983e+00 +1.5674e+00
1414 +3.796581091e-04 +3.796581091e-04 -9.999996203e+02 -9.999996203e+02 -2.8400e+00 +1.1936e+00 +1.5585e+00
1433 +8.919411982e-05 +8.919411982e-05 -9.999999108e+02 -9.999999108e+02 -2.8441e+00 +1.1849e+00 +1.5407e+00
1469 +5.490961382e-05 +5.490961382e-05 -9.999999451e+02 -9.999999451e+02 -2.8485e+00 +1.1757e+00 +1.5228e+00
1474 +3.377144822e-05 +3.377144822e-05 -9.999999662e+02 -9.999999662e+02 -2.8481e+00 +1.1766e+00 +1.5234e+00
1481 +1.656920233e-05 +1.656920233e-05 -9.999999834e+02 -9.999999834e+02 -2.8485e+00 +1.1756e+00 +1.5221e+00
1492 +1.019969898e-05 +1.019969898e-05 -9.999999898e+02 -9.999999898e+02 -2.8476e+00 +1.1776e+00 +1.5259e+00
1500 +4.087566936e-06 +4.087566936e-06 -9.999999959e+02 -9.999999959e+02 -2.8479e+00 +1.1772e+00 +1.5249e+00
1522 +3.749082452e-06 +3.749082452e-06 -9.999999963e+02 -9.999999963e+02 -2.8478e+00 +1.1774e+00 +1.5255e+00
1523 +9.433420018e-07 +9.433420018e-07 -9.999999991e+02 -9.999999991e+02 -2.8482e+00 +1.1766e+00 +1.5242e+00
1568 +6.275211035e-07 +6.275211035e-07 -9.999999994e+02 -9.999999994e+02 -2.8485e+00 +1.1761e+00 +1.5230e+00
1569 +1.368821358e-07 +1.368821358e-07 -9.999999999e+02 -9.999999999e+02 -2.8483e+00 +1.1765e+00 +1.5238e+00
1621 +5.457616226e-08 +5.457616226e-08 -9.999999999e+02 -9.999999999e+02 -2.8481e+00 +1.1768e+00 +1.5243e+00
1630 +2.604406291e-08 +2.604406291e-08 -1.000000000e+03 -1.000000000e+03 -2.8482e+00 +1.1767e+00 +1.5242e+00
1633 +1.811372385e-09 +1.811372385e-09 -1.000000000e+03 -1.000000000e+03 -2.8482e+00 +1.1766e+00 +1.5240e+00
% function evaluation | noise-free fitness - Fopt (-1.000000000000e+03) | best noise-free fitness - Fopt | measured fitness | best measured fitness | x1 | x2...
1 +1.251509460e+04 +1.251509460e+04 +1.151509460e+04 +1.151509460e+04 -9.3777e-01 -1.3543e+00 -2.1345e+00
3 +8.025365394e+03 +8.025365394e+03 +7.025365394e+03 +7.025365394e+03 -1.8181e+00 -1.3141e+00 -4.2315e+00
7 +2.817264680e+03 +2.817264680e+03 +1.817264680e+03 +1.817264680e+03 -3.1157e+00 -1.0480e+00 -2.9786e+00
8 +1.443663371e+03 +1.443663371e+03 +4.436633712e+02 +4.436633712e+02 -3.5422e+00 -1.3136e+00 -6.9919e-01
12 +6.102583140e+02 +6.102583140e+02 -3.897416860e+02 -3.897416860e+02 -4.2481e+00 -1.5123e-01 -1.7825e+00
29 +1.899078080e+02 +1.899078080e+02 -8.100921920e+02 -8.100921920e+02 -3.8664e+00 +5.9633e-01 -6.0728e-01
32 +1.581725022e+02 +1.581725022e+02 -8.418274978e+02 -8.418274978e+02 -2.9893e+00 -2.9257e-01 +4.2271e-01
38 +1.433957227e+01 +1.433957227e+01 -9.856604277e+02 -9.856604277e+02 -4.1734e+00 +2.0580e-01 +1.9236e-01
71 +3.389839258e+00 +3.389839258e+00 -9.966101607e+02 -9.966101607e+02 -4.5624e+00 +7.1543e-01 +7.7483e-01
88 +2.281929832e+00 +2.281929832e+00 -9.977180702e+02 -9.977180702e+02 -3.6001e+00 +2.7303e-01 +6.2154e-01
130 +1.506723892e+00 +1.506723892e+00 -9.984932761e+02 -9.984932761e+02 -3.3115e+00 +3.8348e-01 +5.7271e-01
176 +8.320852189e-01 +8.320852189e-01 -9.991679148e+02 -9.991679148e+02 -3.2789e+00 +5.1129e-01 +6.7991e-01
184 +6.207655538e-01 +6.207655538e-01 -9.993792344e+02 -9.993792344e+02 -3.2509e+00 +5.3274e-01 +6.7181e-01
204 +3.576039191e-01 +3.576039191e-01 -9.996423961e+02 -9.996423961e+02 -3.1331e+00 +6.7492e-01 +7.6361e-01
381 +2.497485242e-01 +2.497485242e-01 -9.997502515e+02 -9.997502515e+02 -3.0776e+00 +7.5674e-01 +8.5579e-01
436 +1.402995824e-01 +1.402995824e-01 -9.998597004e+02 -9.998597004e+02 -3.0230e+00 +8.5163e-01 +9.8233e-01
512 +9.966410840e-02 +9.966410840e-02 -9.999003359e+02 -9.999003359e+02 -2.9883e+00 +9.1439e-01 +1.0578e+00
565 +5.600979602e-02 +5.600979602e-02 -9.999439902e+02 -9.999439902e+02 -2.9508e+00 +9.8051e-01 +1.1620e+00
597 +3.809206151e-02 +3.809206151e-02 -9.999619079e+02 -9.999619079e+02 -2.9195e+00 +1.0286e+00 +1.2494e+00
629 +1.202522831e-02 +1.202522831e-02 -9.999879748e+02 -9.999879748e+02 -2.8894e+00 +1.0917e+00 +1.3577e+00
663 +9.873984095e-03 +9.873984095e-03 -9.999901260e+02 -9.999901260e+02 -2.8858e+00 +1.0983e+00 +1.3721e+00
701 +4.979407856e-03 +4.979407856e-03 -9.999950206e+02 -9.999950206e+02 -2.8511e+00 +1.1779e+00 +1.5269e+00
713 +1.589586607e-03 +1.589586607e-03 -9.999984104e+02 -9.999984104e+02 -2.8356e+00 +1.2044e+00 +1.5802e+00
733 +8.978794615e-04 +8.978794615e-04 -9.999991021e+02 -9.999991021e+02 -2.8472e+00 +1.1811e+00 +1.5347e+00
751 +4.553220700e-04 +4.553220700e-04 -9.999995447e+02 -9.999995447e+02 -2.8436e+00 +1.1849e+00 +1.5425e+00
766 +2.294091466e-04 +2.294091466e-04 -9.999997706e+02 -9.999997706e+02 -2.8495e+00 +1.1728e+00 +1.5173e+00
787 +9.695245319e-05 +9.695245319e-05 -9.999999030e+02 -9.999999030e+02 -2.8523e+00 +1.1683e+00 +1.5078e+00
802 +2.785720926e-05 +2.785720926e-05 -9.999999721e+02 -9.999999721e+02 -2.8477e+00 +1.1780e+00 +1.5264e+00
809 +1.741088363e-05 +1.741088363e-05 -9.999999826e+02 -9.999999826e+02 -2.8488e+00 +1.1753e+00 +1.5219e+00
829 +2.368464948e-06 +2.368464948e-06 -9.999999976e+02 -9.999999976e+02 -2.8482e+00 +1.1767e+00 +1.5244e+00
847 +1.035316700e-06 +1.035316700e-06 -9.999999990e+02 -9.999999990e+02 -2.8479e+00 +1.1772e+00 +1.5253e+00
887 +6.147915883e-07 +6.147915883e-07 -9.999999994e+02 -9.999999994e+02 -2.8485e+00 +1.1759e+00 +1.5227e+00
923 +3.075884933e-07 +3.075884933e-07 -9.999999997e+02 -9.999999997e+02 -2.8484e+00 +1.1762e+00 +1.5231e+00
924 +1.476342959e-07 +1.476342959e-07 -9.999999999e+02 -9.999999999e+02 -2.8481e+00 +1.1769e+00 +1.5245e+00
943 +4.769333373e-08 +4.769333373e-08 -1.000000000e+03 -1.000000000e+03 -2.8482e+00 +1.1767e+00 +1.5241e+00
964 +2.313583991e-08 +2.313583991e-08 -1.000000000e+03 -1.000000000e+03 -2.8482e+00 +1.1765e+00 +1.5239e+00
968 +9.800601219e-09 +9.800601219e-09 -1.000000000e+03 -1.000000000e+03 -2.8482e+00 +1.1767e+00 +1.5241e+00
% function evaluation | noise-free fitness - Fopt (9.862000000000e+01) | best noise-free fitness - Fopt | measured fitness | best measured fitness | x1 | x2...
1 +3.085537809e+04 +3.085537809e+04 +3.095399809e+04 +3.095399809e+04 +1.8136e+00 +8.8089e-01 -3.7735e+00
2 +1.514807931e+04 +1.514807931e+04 +1.524669931e+04 +1.524669931e+04 +1.7722e+00 -6.3623e-01 -1.1738e+00
6 +6.530566933e+03 +6.530566933e+03 +6.629186933e+03 +6.629186933e+03 +3.7827e-01 -1.1974e+00 -4.7742e+00
51 +5.924895011e+03 +5.924895011e+03 +6.023515011e+03 +6.023515011e+03 +3.9169e-01 -1.3065e+00 -4.4321e+00
93 +3.300433263e+03 +3.300433263e+03 +3.399053263e+03 +3.399053263e+03 -4.1360e-01 -1.6005e+00 -3.8302e+00
118 +2.494647532e+03 +2.494647532e+03 +2.593267532e+03 +2.593267532e+03 -5.8293e-01 -1.5215e+00 -3.0819e+00
120 +1.474868895e+03 +1.474868895e+03 +1.573488895e+03 +1.573488895e+03 -9.3274e-01 -1.9671e+00 -2.3183e+00
129 +5.957108592e+02 +5.957108592e+02 +6.943308592e+02 +6.943308592e+02 -5.7517e-02 -9.3187e-01 +1.3194e+00
139 +3.006906211e+02 +3.006906211e+02 +3.993106211e+02 +3.993106211e+02 -5.3194e-01 -2.1036e+00 +7.3220e-01
143 +6.951578210e+01 +6.951578210e+01 +1.681357821e+02 +1.681357821e+02 -9.6802e-01 -1.6275e+00 +2.5275e+00
178 +2.794168855e+01 +2.794168855e+01 +1.265616886e+02 +1.265616886e+02 -2.5577e+00 -1.4177e+00 +1.5072e+00
182 +8.568777541e+00 +8.568777541e+00 +1.071887775e+02 +1.071887775e+02 -1.5590e+00 -1.9059e+00 +1.7063e+00
236 +6.162832994e+00 +6.162832994e+00 +1.047828330e+02 +1.047828330e+02 -2.0096e+00 -1.9150e+00 +1.4298e+00
241 +3.269756987e+00 +3.269756987e+00 +1.018897570e+02 +1.018897570e+02 -1.7391e+00 -2.0344e+00 +1.5222e+00
250 +2.363247163e+00 +2.363247163e+00 +1.009832472e+02 +1.009832472e+02 -1.8136e+00 -2.0789e+00 +1.4568e+00
310 +1.536612263e+00 +1.536612263e+00 +1.001566123e+02 +1.001566123e+02 -1.5833e+00 -2.0978e+00 +1.4300e+00
400 +9.897136969e-01 +9.897136969e-01 +9.960971370e+01 +9.960971370e+01 -1.3585e+00 -1.9396e+00 +1.5099e+00
450 +6.194994406e-01 +6.194994406e-01 +9.923949944e+01 +9.923949944e+01 -1.1768e+00 -1.7493e+00 +1.5688e+00
474 +3.690089804e-01 +3.690089804e-01 +9.898900898e+01 +9.898900898e+01 -1.1036e+00 -1.6609e+00 +1.6932e+00
562 +2.444331257e-01 +2.444331257e-01 +9.886443313e+01 +9.886443313e+01 -1.0456e+00 -1.5763e+00 +1.7707e+00
598 +1.452538401e-01 +1.452538401e-01 +9.876525384e+01 +9.876525384e+01 -9.8724e-01 -1.4750e+00 +1.8910e+00
622 +8.366572586e-02 +8.366572586e-02 +9.870366573e+01 +9.870366573e+01 -9.2361e-01 -1.3652e+00 +2.0429e+00
660 +6.103857669e-02 +6.103857669e-02 +9.868103858e+01 +9.868103858e+01 -9.1002e-01 -1.3432e+00 +2.1021e+00
687 +3.048356675e-02 +3.048356675e-02 +9.865048357e+01 +9.865048357e+01 -8.5686e-01 -1.2346e+00 +2.2749e+00
721 +2.316958866e-02 +2.316958866e-02 +9.864316959e+01 +9.864316959e+01 -8.0471e-01 -1.1611e+00 +2.4129e+00
725 +1.248283146e-03 +1.248283146e-03 +9.862124828e+01 +9.862124828e+01 -8.1936e-01 -1.1770e+00 +2.3878e+00
787 +1.163914698e-04 +1.163914698e-04 +9.862011639e+01 +9.862011639e+01 -8.0356e-01 -1.1450e+00 +2.4490e+00
828 +3.990435302e-05 +3.990435302e-05 +9.862003990e+01 +9.862003990e+01 -8.0446e-01 -1.1458e+00 +2.4481e+00
841 +3.635966607e-05 +3.635966607e-05 +9.862003636e+01 +9.862003636e+01 -8.0609e-01 -1.1491e+00 +2.4421e+00
860 +1.280601452e-05 +1.280601452e-05 +9.862001281e+01 +9.862001281e+01 -8.0507e-01 -1.1473e+00 +2.4451e+00
902 +5.093987440e-06 +5.093987440e-06 +9.862000509e+01 +9.862000509e+01 -8.0596e-01 -1.1494e+00 +2.4414e+00
918 +5.367813856e-07 +5.367813856e-07 +9.862000054e+01 +9.862000054e+01 -8.0547e-01 -1.1484e+00 +2.4432e+00
971 +3.435515055e-07 +3.435515055e-07 +9.862000034e+01 +9.862000034e+01 -8.0527e-01 -1.1480e+00 +2.4440e+00
979 +2.215159753e-07 +2.215159753e-07 +9.862000022e+01 +9.862000022e+01 -8.0537e-01 -1.1482e+00 +2.4437e+00
990 +9.983155280e-08 +9.983155280e-08 +9.862000010e+01 +9.862000010e+01 -8.0532e-01 -1.1480e+00 +2.4439e+00
1011 +6.299302413e-08 +6.299302413e-08 +9.862000006e+01 +9.862000006e+01 -8.0526e-01 -1.1479e+00 +2.4442e+00
1024 +2.384334152e-08 +2.384334152e-08 +9.862000002e+01 +9.862000002e+01 -8.0516e-01 -1.1477e+00 +2.4446e+00
1025 +6.343952919e-09 +6.343952919e-09 +9.862000001e+01 +9.862000001e+01 -8.0517e-01 -1.1477e+00 +2.4445e+00
% function evaluation | noise-free fitness - Fopt (9.862000000000e+01) | best noise-free fitness - Fopt | measured fitness | best measured fitness | x1 | x2...
1 +4.632887614e+04 +4.632887614e+04 +4.642749614e+04 +4.642749614e+04 +2.8300e+00 -2.1566e+00 +2.5311e+00
3 +2.632731449e+04 +2.632731449e+04 +2.642593449e+04 +2.642593449e+04 +2.4243e+00 -2.0203e-01 +2.2311e+00
5 +1.301152841e+04 +1.301152841e+04 +1.311014841e+04 +1.311014841e+04 +1.5213e+00 -2.3536e+00 -2.4616e-01
6 +5.702028581e+03 +5.702028581e+03 +5.800648581e+03 +5.800648581e+03 +1.0146e+00 -1.7026e+00 +2.4443e+00
7 +3.476620311e+03 +3.476620311e+03 +3.575240311e+03 +3.575240311e+03 +1.1050e-01 -3.8455e+00 +1.9027e+00
9 +1.605094727e+03 +1.605094727e+03 +1.703714727e+03 +1.703714727e+03 +2.5268e-01 -1.8538e+00 +2.2410e+00
20 +7.922292974e+02 +7.922292974e+02 +8.908492974e+02 +8.908492974e+02 -9.2805e-01 -3.6359e+00 +1.9962e+00
33 +2.919510854e+02 +2.919510854e+02 +3.905710854e+02 +3.905710854e+02 -1.1652e+00 -3.1497e+00 +1.5069e+00
38 +3.008388204e+01 +3.008388204e+01 +1.287038820e+02 +1.287038820e+02 -2.0771e+00 -2.3323e+00 +1.9299e+00
47 +2.468244221e+01 +2.468244221e+01 +1.233024422e+02 +1.233024422e+02 -1.9930e+00 -1.9260e+00 +1.0555e+00
82 +1.077163011e+01 +1.077163011e+01 +1.093916301e+02 +1.093916301e+02 -2.6498e+00 -1.1689e+00 +2.4591e+00
103 +7.343728671e+00 +7.343728671e+00 +1.059637287e+02 +1.059637287e+02 -2.0662e+00 -2.0221e+00 +1.6760e+00
114 +4.496707875e+00 +4.496707875e+00 +1.031167079e+02 +1.031167079e+02 -2.2787e+00 -1.8647e+00 +1.6456e+00
124 +2.086690461e+00 +2.086690461e+00 +1.007066905e+02 +1.007066905e+02 -1.3144e+00 -1.9165e+00 +1.6087e+00
306 +1.558004514e+00 +1.558004514e+00 +1.001780045e+02 +1.001780045e+02 -1.5858e+00 -2.1021e+00 +1.4658e+00
422 +9.045015214e-01 +9.045015214e-01 +9.952450152e+01 +9.952450152e+01 -1.3435e+00 -1.9276e+00 +1.4887e+00
480 +6.062239131e-01 +6.062239131e-01 +9.922622391e+01 +9.922622391e+01 -1.2183e+00 -1.8027e+00 +1.5554e+00
530 +3.951603967e-01 +3.951603967e-01 +9.901516040e+01 +9.901516040e+01 -1.0952e+00 -1.6311e+00 +1.6865e+00
541 +2.207367139e-01 +2.207367139e-01 +9.884073671e+01 +9.884073671e+01 -1.0137e+00 -1.5165e+00 +1.8232e+00
609 +1.358798135e-01 +1.358798135e-01 +9.875587981e+01 +9.875587981e+01 -9.4806e-01 -1.3918e+00 +2.0056e+00
753 +9.349921848e-02 +9.349921848e-02 +9.871349922e+01 +9.871349922e+01 -9.5010e-01 -1.4169e+00 +1.9777e+00
821 +5.231464748e-02 +5.231464748e-02 +9.867231465e+01 +9.867231465e+01 -9.0375e-01 -1.3308e+00 +2.1033e+00
839 +3.648969718e-02 +3.648969718e-02 +9.865648970e+01 +9.865648970e+01 -8.9316e-01 -1.3169e+00 +2.1358e+00
850 +1.425559624e-02 +1.425559624e-02 +9.863425560e+01 +9.863425560e+01 -8.4744e-01 -1.2356e+00 +2.2719e+00
880 +8.906824921e-03 +8.906824921e-03 +9.862890682e+01 +9.862890682e+01 -8.3199e-01 -1.2070e+00 +2.3322e+00
935 +5.989997729e-03 +5.989997729e-03 +9.862599000e+01 +9.862599000e+01 -8.2987e-01 -1.1922e+00 +2.3536e+00
948 +3.547991062e-03 +3.547991062e-03 +9.862354799e+01 +9.862354799e+01 -8.2826e-01 -1.1926e+00 +2.3599e+00
955 +1.890293415e-03 +1.890293415e-03 +9.862189029e+01 +9.862189029e+01 -8.2084e-01 -1.1788e+00 +2.3807e+00
961 +1.309355390e-03 +1.309355390e-03 +9.862130936e+01 +9.862130936e+01 -8.2078e-01 -1.1786e+00 +2.3849e+00
996 +4.548611108e-04 +4.548611108e-04 +9.862045486e+01 +9.862045486e+01 -8.1475e-01 -1.1665e+00 +2.4070e+00
1031 +2.103031326e-04 +2.103031326e-04 +9.862021030e+01 +9.862021030e+01 -8.1020e-01 -1.1579e+00 +2.4251e+00
1033 +1.294358699e-04 +1.294358699e-04 +9.862012944e+01 +9.862012944e+01 -8.0758e-01 -1.1517e+00 +2.4372e+00
1040 +3.762238755e-05 +3.762238755e-05 +9.862003762e+01 +9.862003762e+01 -8.0736e-01 -1.1522e+00 +2.4360e+00
1042 +2.178930126e-05 +2.178930126e-05 +9.862002179e+01 +9.862002179e+01 -8.0693e-01 -1.1510e+00 +2.4381e+00
1112 +1.251034057e-05 +1.251034057e-05 +9.862001251e+01 +9.862001251e+01 -8.0656e-01 -1.1507e+00 +2.4387e+00
1118 +5.243242214e-06 +5.243242214e-06 +9.862000524e+01 +9.862000524e+01 -8.0587e-01 -1.1492e+00 +2.4414e+00
1157 +1.280844131e-06 +1.280844131e-06 +9.862000128e+01 +9.862000128e+01 -8.0547e-01 -1.1483e+00 +2.4435e+00
1167 +6.278748543e-07 +6.278748543e-07 +9.862000063e+01 +9.862000063e+01 -8.0486e-01 -1.1471e+00 +2.4458e+00
1213 +3.186116260e-07 +3.186116260e-07 +9.862000032e+01 +9.862000032e+01 -8.0539e-01 -1.1482e+00 +2.4436e+00
1225 +2.175215741e-07 +2.175215741e-07 +9.862000022e+01 +9.862000022e+01 -8.0537e-01 -1.1482e+00 +2.4437e+00
1235 +9.180850213e-08 +9.180850213e-08 +9.862000009e+01 +9.862000009e+01 -8.0527e-01 -1.1480e+00 +2.4441e+00
1259 +3.570953311e-08 +3.570953311e-08 +9.862000004e+01 +9.862000004e+01 -8.0525e-01 -1.1479e+00 +2.4442e+00
1276 +5.523460800e-09 +5.523460800e-09 +9.862000001e+01 +9.862000001e+01 -8.0523e-01 -1.1479e+00 +2.4443e+00
1283 +2.120245313e-09 +2.120245313e-09 +9.862000000e+01 +9.862000000e+01 -8.0521e-01 -1.1478e+00 +2.4444e+00
% function evaluation | noise-free fitness - Fopt (9.862000000000e+01) | best noise-free fitness - Fopt | measured fitness | best measured fitness | x1 | x2...
1 +2.850483748e+02 +2.850483748e+02 +3.836683748e+02 +3.836683748e+02 -3.2259e+00 -1.1801e+00 +3.6801e+00
13 +2.326853505e+02 +2.326853505e+02 +3.313053505e+02 +3.313053505e+02 -2.0054e+00 -1.3544e+00 +3.3947e+00
31 +7.497164672e+01 +7.497164672e+01 +1.735916467e+02 +1.735916467e+02 -7.8398e-01 -7.1185e-01 +4.2766e+00
33 +2.912534871e+01 +2.912534871e+01 +1.277453487e+02 +1.277453487e+02 -3.2254e+00 -6.0503e-01 +3.8938e+00
48 +2.181537091e+01 +2.181537091e+01 +1.204353709e+02 +1.204353709e+02 -2.7185e+00 -1.2881e+00 +2.6086e+00
50 +7.783329860e+00 +7.783329860e+00 +1.064033299e+02 +1.064033299e+02 -1.5598e+00 -1.8277e+00 +1.5460e+00
60 +5.670428987e-01 +5.670428987e-01 +9.918704290e+01 +9.918704290e+01 -9.6856e-01 -1.3876e+00 +1.9877e+00
555 +3.473441542e-01 +3.473441542e-01 +9.896734415e+01 +9.896734415e+01 -1.0955e+00 -1.6286e+00 +1.7053e+00
599 +2.334135822e-01 +2.334135822e-01 +9.885341358e+01 +9.885341358e+01 -1.0389e+00 -1.5664e+00 +1.7816e+00
661 +1.460961973e-01 +1.460961973e-01 +9.876609620e+01 +9.876609620e+01 -9.8054e-01 -1.4714e+00 +1.8923e+00
751 +9.659902663e-02 +9.659902663e-02 +9.871659903e+01 +9.871659903e+01 -9.3196e-01 -1.3979e+00 +2.0024e+00
773 +5.615711052e-02 +5.615711052e-02 +9.867615711e+01 +9.867615711e+01 -9.0813e-01 -1.3422e+00 +2.0846e+00
844 +3.970442708e-02 +3.970442708e-02 +9.865970443e+01 +9.865970443e+01 -8.8831e-01 -1.3135e+00 +2.1369e+00
905 +2.431299377e-02 +2.431299377e-02 +9.864431299e+01 +9.864431299e+01 -8.6629e-01 -1.2727e+00 +2.2073e+00
944 +1.351098287e-02 +1.351098287e-02 +9.863351098e+01 +9.863351098e+01 -8.5643e-01 -1.2489e+00 +2.2502e+00
985 +9.803532223e-03 +9.803532223e-03 +9.862980353e+01 +9.862980353e+01 -8.4939e-01 -1.2327e+00 +2.2798e+00
1007 +5.564615440e-03 +5.564615440e-03 +9.862556462e+01 +9.862556462e+01 -8.3723e-01 -1.2127e+00 +2.3190e+00
1024 +2.065973166e-03 +2.065973166e-03 +9.862206597e+01 +9.862206597e+01 -8.2436e-01 -1.1838e+00 +2.3740e+00
1048 +1.277986357e-03 +1.277986357e-03 +9.862127799e+01 +9.862127799e+01 -8.2134e-01 -1.1794e+00 +2.3823e+00
1068 +8.092154581e-04 +8.092154581e-04 +9.862080922e+01 +9.862080922e+01 -8.1482e-01 -1.1686e+00 +2.4035e+00
1077 +3.501547140e-04 +3.501547140e-04 +9.862035015e+01 +9.862035015e+01 -8.1359e-01 -1.1643e+00 +2.4119e+00
1123 +2.379415112e-04 +2.379415112e-04 +9.862023794e+01 +9.862023794e+01 -8.0366e-01 -1.1452e+00 +2.4481e+00
1136 +1.306172461e-04 +1.306172461e-04 +9.862013062e+01 +9.862013062e+01 -8.0737e-01 -1.1525e+00 +2.4359e+00
1137 +2.496704136e-05 +2.496704136e-05 +9.862002497e+01 +9.862002497e+01 -8.0502e-01 -1.1473e+00 +2.4450e+00
1173 +1.103014952e-06 +1.103014952e-06 +9.862000110e+01 +9.862000110e+01 -8.0493e-01 -1.1472e+00 +2.4457e+00
1223 +8.111565961e-07 +8.111565961e-07 +9.862000081e+01 +9.862000081e+01 -8.0519e-01 -1.1477e+00 +2.4446e+00
1242 +6.061038960e-08 +6.061038960e-08 +9.862000006e+01 +9.862000006e+01 -8.0518e-01 -1.1478e+00 +2.4444e+00
1278 +3.093354906e-08 +3.093354906e-08 +9.862000003e+01 +9.862000003e+01 -8.0523e-01 -1.1479e+00 +2.4443e+00
1310 +5.849273066e-09 +5.849273066e-09 +9.862000001e+01 +9.862000001e+01 -8.0521e-01 -1.1478e+00 +2.4444e+00
% function evaluation | noise-free fitness - Fopt (-4.715000000000e+01) | best noise-free fitness - Fopt | measured fitness | best measured fitness | x1 | x2...
1 +1.139619058e+03 +1.139619058e+03 +1.092469058e+03 +1.092469058e+03 -4.4482e-01 -8.1640e-01 +2.1525e+00
6 +9.469474702e+02 +9.469474702e+02 +8.997974702e+02 +8.997974702e+02 -1.3010e+00 -1.2480e+00 +1.1444e+00
10 +1.313448121e+02 +1.313448121e+02 +8.419481214e+01 +8.419481214e+01 -1.1529e+00 -2.8796e+00 -8.4734e-01
19 +9.319792865e+01 +9.319792865e+01 +4.604792865e+01 +4.604792865e+01 -1.7417e+00 -1.6508e+00 -1.2132e+00
38 +4.067708562e+01 +4.067708562e+01 -6.472914379e+00 -6.472914379e+00 -2.4310e+00 -7.1797e-02 +5.0550e-01
41 +3.026819349e+01 +3.026819349e+01 -1.688180651e+01 -1.688180651e+01 -1.6948e+00 -1.1814e+00 -1.5896e+00
61 +6.556714059e+00 +6.556714059e+00 -4.059328594e+01 -4.059328594e+01 -3.6609e-01 -1.0644e+00 -1.4788e+00
75 +1.475423087e+00 +1.475423087e+00 -4.567457691e+01 -4.567457691e+01 -4.5161e-01 -1.0047e+00 -1.4359e+00
100 +6.882786008e-01 +6.882786008e-01 -4.646172140e+01 -4.646172140e+01 -4.4761e-01 -1.0171e+00 -1.4932e+00
196 +6.127046076e-01 +6.127046076e-01 -4.653729539e+01 -4.653729539e+01 -6.7610e-01 -1.4068e+00 -2.0411e+00
200 +3.878587814e-01 +3.878587814e-01 -4.676214122e+01 -4.676214122e+01 -6.1342e-01 -1.2714e+00 -1.8811e+00
227 +2.149361763e-01 +2.149361763e-01 -4.693506382e+01 -4.693506382e+01 -4.8670e-01 -1.0818e+00 -1.7022e+00
236 +1.375845766e-01 +1.375845766e-01 -4.701241542e+01 -4.701241542e+01 -4.7014e-01 -1.0801e+00 -1.6623e+00
264 +6.483901174e-02 +6.483901174e-02 -4.708516099e+01 -4.708516099e+01 -4.2513e-01 -9.9186e-01 -1.5232e+00
266 +5.710894246e-02 +5.710894246e-02 -4.709289106e+01 -4.709289106e+01 -4.2170e-01 -9.8391e-01 -1.5277e+00
372 +3.744206940e-02 +3.744206940e-02 -4.711255793e+01 -4.711255793e+01 -4.0262e-01 -9.3468e-01 -1.4471e+00
405 +2.419275212e-02 +2.419275212e-02 -4.712580725e+01 -4.712580725e+01 -3.7575e-01 -8.9497e-01 -1.3759e+00
466 +1.526347410e-02 +1.526347410e-02 -4.713473653e+01 -4.713473653e+01 -3.8647e-01 -9.1029e-01 -1.3947e+00
494 +9.921887782e-03 +9.921887782e-03 -4.714007811e+01 -4.714007811e+01 -3.6800e-01 -8.7125e-01 -1.3275e+00
518 +6.275451733e-03 +6.275451733e-03 -4.714372455e+01 -4.714372455e+01 -3.5465e-01 -8.5049e-01 -1.2887e+00
524 +3.180031950e-03 +3.180031950e-03 -4.714681997e+01 -4.714681997e+01 -3.5108e-01 -8.4162e-01 -1.2631e+00
527 +2.325492307e-03 +2.325492307e-03 -4.714767451e+01 -4.714767451e+01 -3.4731e-01 -8.3356e-01 -1.2539e+00
530 +5.344399050e-04 +5.344399050e-04 -4.714946556e+01 -4.714946556e+01 -3.3579e-01 -8.1217e-01 -1.2072e+00
575 +2.928746125e-04 +2.928746125e-04 -4.714970713e+01 -4.714970713e+01 -3.3662e-01 -8.1268e-01 -1.2090e+00
580 +4.855656798e-05 +4.855656798e-05 -4.714995144e+01 -4.714995144e+01 -3.3337e-01 -8.0628e-01 -1.1976e+00
621 +3.543692566e-05 +3.543692566e-05 -4.714996456e+01 -4.714996456e+01 -3.3003e-01 -7.9932e-01 -1.1836e+00
649 +9.482918024e-06 +9.482918024e-06 -4.714999052e+01 -4.714999052e+01 -3.2983e-01 -7.9964e-01 -1.1843e+00
679 +3.685873864e-06 +3.685873864e-06 -4.714999631e+01 -4.714999631e+01 -3.3080e-01 -8.0157e-01 -1.1880e+00
689 +1.823979893e-06 +1.823979893e-06 -4.714999818e+01 -4.714999818e+01 -3.3091e-01 -8.0163e-01 -1.1879e+00
705 +1.174893846e-06 +1.174893846e-06 -4.714999883e+01 -4.714999883e+01 -3.3053e-01 -8.0094e-01 -1.1866e+00
726 +9.064798761e-07 +9.064798761e-07 -4.714999909e+01 -4.714999909e+01 -3.3057e-01 -8.0090e-01 -1.1867e+00
736 +2.314862826e-07 +2.314862826e-07 -4.714999977e+01 -4.714999977e+01 -3.3062e-01 -8.0099e-01 -1.1868e+00
743 +1.768334812e-08 +1.768334812e-08 -4.714999998e+01 -4.714999998e+01 -3.3062e-01 -8.0104e-01 -1.1869e+00
774 +1.391743609e-08 +1.391743609e-08 -4.714999999e+01 -4.714999999e+01 -3.3057e-01 -8.0095e-01 -1.1867e+00
808 +8.969131216e-09 +8.969131216e-09 -4.714999999e+01 -4.714999999e+01 -3.3058e-01 -8.0096e-01 -1.1867e+00
% function evaluation | noise-free fitness - Fopt (-4.715000000000e+01) | best noise-free fitness - Fopt | measured fitness | best measured fitness | x1 | x2...
1 +6.698792503e+03 +6.698792503e+03 +6.651642503e+03 +6.651642503e+03 -4.0644e-01 +1.5651e+00 +1.3575e+00
3 +1.072432010e+03 +1.072432010e+03 +1.025282010e+03 +1.025282010e+03 -7.8578e-01 -1.6014e+00 +1.1251e+00
11 +5.426957292e+02 +5.426957292e+02 +4.955457292e+02 +4.955457292e+02 -2.8624e+00 -1.0161e+00 -3.2808e+00
15 +1.303627753e+02 +1.303627753e+02 +8.321277529e+01 +8.321277529e+01 -1.8366e-01 -5.4237e-02 -1.9004e-01
43 +5.905187677e+01 +5.905187677e+01 +1.190187677e+01 +1.190187677e+01 -2.4900e+00 -2.8954e-01 -6.1876e-01
93 +3.054533324e+01 +3.054533324e+01 -1.660466676e+01 -1.660466676e+01 -4.2232e-01 -9.2174e-01 -8.6390e-01
113 +1.633849890e+01 +1.633849890e+01 -3.081150110e+01 -3.081150110e+01 -2.4119e+00 -4.6034e-01 -9.0296e-02
124 +1.400646209e+01 +1.400646209e+01 -3.314353791e+01 -3.314353791e+01 -3.4592e-01 -1.1012e+00 -1.4394e+00
148 +1.934983023e+00 +1.934983023e+00 -4.521501698e+01 -4.521501698e+01 -1.1284e+00 -1.7205e+00 -2.2347e+00
282 +1.487835533e+00 +1.487835533e+00 -4.566216447e+01 -4.566216447e+01 -1.0021e+00 -1.7224e+00 -2.1487e+00
320 +7.121374550e-01 +7.121374550e-01 -4.643786255e+01 -4.643786255e+01 -7.5865e-01 -1.4563e+00 -2.0941e+00
372 +5.894038536e-01 +5.894038536e-01 -4.656059615e+01 -4.656059615e+01 -7.2985e-01 -1.4375e+00 -2.0391e+00
444 +3.872956057e-01 +3.872956057e-01 -4.676270439e+01 -4.676270439e+01 -6.2642e-01 -1.3159e+00 -1.9667e+00
504 +2.474267504e-01 +2.474267504e-01 -4.690257325e+01 -4.690257325e+01 -5.5272e-01 -1.2018e+00 -1.8462e+00
548 +1.574391603e-01 +1.574391603e-01 -4.699256084e+01 -4.699256084e+01 -5.2252e-01 -1.1483e+00 -1.7609e+00
611 +9.391293503e-02 +9.391293503e-02 -4.705608706e+01 -4.705608706e+01 -4.7534e-01 -1.0708e+00 -1.6542e+00
638 +6.148565380e-02 +6.148565380e-02 -4.708851435e+01 -4.708851435e+01 -4.4669e-01 -1.0200e+00 -1.5775e+00
656 +3.603179001e-02 +3.603179001e-02 -4.711396821e+01 -4.711396821e+01 -4.1247e-01 -9.6115e-01 -1.4867e+00
694 +1.120983439e-02 +1.120983439e-02 -4.713879017e+01 -4.713879017e+01 -3.5483e-01 -8.4474e-01 -1.2807e+00
815 +9.723039401e-03 +9.723039401e-03 -4.714027696e+01 -4.714027696e+01 -3.6949e-01 -8.8117e-01 -1.3391e+00
842 +5.250175620e-03 +5.250175620e-03 -4.714474982e+01 -4.714474982e+01 -3.5738e-01 -8.5630e-01 -1.2973e+00
881 +3.251410843e-03 +3.251410843e-03 -4.714674859e+01 -4.714674859e+01 -3.4781e-01 -8.3669e-01 -1.2607e+00
910 +2.324360907e-03 +2.324360907e-03 -4.714767564e+01 -4.714767564e+01 -3.4977e-01 -8.4071e-01 -1.2638e+00
919 +1.395911082e-03 +1.395911082e-03 -4.714860409e+01 -4.714860409e+01 -3.4552e-01 -8.2880e-01 -1.2408e+00
928 +6.294768291e-04 +6.294768291e-04 -4.714937052e+01 -4.714937052e+01 -3.3887e-01 -8.1570e-01 -1.2154e+00
957 +1.857591338e-04 +1.857591338e-04 -4.714981424e+01 -4.714981424e+01 -3.3319e-01 -8.0732e-01 -1.1996e+00
994 +1.327302679e-04 +1.327302679e-04 -4.714986727e+01 -4.714986727e+01 -3.3105e-01 -8.0231e-01 -1.1905e+00
998 +7.634564540e-05 +7.634564540e-05 -4.714992365e+01 -4.714992365e+01 -3.3391e-01 -8.0802e-01 -1.2008e+00
1013 +1.870760192e-05 +1.870760192e-05 -4.714998129e+01 -4.714998129e+01 -3.3182e-01 -8.0312e-01 -1.1909e+00
1037 +1.025756894e-05 +1.025756894e-05 -4.714998974e+01 -4.714998974e+01 -3.3068e-01 -8.0121e-01 -1.1875e+00
1042 +7.515931244e-06 +7.515931244e-06 -4.714999248e+01 -4.714999248e+01 -3.3090e-01 -8.0186e-01 -1.1886e+00
1053 +3.254292530e-06 +3.254292530e-06 -4.714999675e+01 -4.714999675e+01 -3.3134e-01 -8.0247e-01 -1.1897e+00
1062 +9.663958949e-07 +9.663958949e-07 -4.714999903e+01 -4.714999903e+01 -3.3097e-01 -8.0171e-01 -1.1883e+00
1077 +3.138273854e-07 +3.138273854e-07 -4.714999969e+01 -4.714999969e+01 -3.3056e-01 -8.0095e-01 -1.1867e+00
1088 +1.154563165e-07 +1.154563165e-07 -4.714999988e+01 -4.714999988e+01 -3.3067e-01 -8.0112e-01 -1.1871e+00
1135 +8.356372661e-08 +8.356372661e-08 -4.714999992e+01 -4.714999992e+01 -3.3066e-01 -8.0109e-01 -1.1870e+00
1160 +3.549180150e-08 +3.549180150e-08 -4.714999996e+01 -4.714999996e+01 -3.3052e-01 -8.0085e-01 -1.1865e+00
1165 +6.675939801e-09 +6.675939801e-09 -4.714999999e+01 -4.714999999e+01 -3.3062e-01 -8.0105e-01 -1.1869e+00
1171 +3.368541002e-09 +3.368541002e-09 -4.715000000e+01 -4.715000000e+01 -3.3060e-01 -8.0101e-01 -1.1868e+00
% function evaluation | noise-free fitness - Fopt (-4.715000000000e+01) | best noise-free fitness - Fopt | measured fitness | best measured fitness | x1 | x2...
1 +3.811714054e+03 +3.811714054e+03 +3.764564054e+03 +3.764564054e+03 +8.2079e-01 -2.8090e+00 +1.3380e+00
12 +1.485035334e+02 +1.485035334e+02 +1.013535334e+02 +1.013535334e+02 -4.6557e-01 -2.0046e+00 -1.3942e+00
18 +9.092180139e+01 +9.092180139e+01 +4.377180139e+01 +4.377180139e+01 -1.3808e+00 -8.7813e-01 -1.5611e+00
23 +3.086387032e+01 +3.086387032e+01 -1.628612968e+01 -1.628612968e+01 -8.9487e-01 -1.2180e+00 -2.2332e+00
43 +1.370076904e+01 +1.370076904e+01 -3.344923096e+01 -3.344923096e+01 -2.0419e+00 -1.6130e+00 -2.1503e+00
55 +8.871671031e+00 +8.871671031e+00 -3.827832897e+01 -3.827832897e+01 -1.3375e+00 -1.7767e+00 -2.4479e+00
81 +2.543822260e+00 +2.543822260e+00 -4.460617774e+01 -4.460617774e+01 -1.2359e+00 -1.7470e+00 -2.1047e+00
116 +1.143861317e+00 +1.143861317e+00 -4.600613868e+01 -4.600613868e+01 -9.3941e-01 -1.6230e+00 -2.1738e+00
137 +5.426257974e-01 +5.426257974e-01 -4.660737420e+01 -4.660737420e+01 -6.8201e-01 -1.4036e+00 -2.0245e+00
229 +3.337164513e-01 +3.337164513e-01 -4.681628355e+01 -4.681628355e+01 -6.1236e-01 -1.2936e+00 -1.9361e+00
307 +2.391853755e-01 +2.391853755e-01 -4.691081462e+01 -4.691081462e+01 -5.4986e-01 -1.1974e+00 -1.8399e+00
368 +1.389660921e-01 +1.389660921e-01 -4.701103391e+01 -4.701103391e+01 -5.0868e-01 -1.1277e+00 -1.7327e+00
429 +9.314184850e-02 +9.314184850e-02 -4.705685815e+01 -4.705685815e+01 -4.7447e-01 -1.0692e+00 -1.6495e+00
481 +6.077081496e-02 +6.077081496e-02 -4.708922919e+01 -4.708922919e+01 -4.4415e-01 -1.0173e+00 -1.5752e+00
514 +3.033447190e-02 +3.033447190e-02 -4.711966553e+01 -4.711966553e+01 -4.0986e-01 -9.5027e-01 -1.4660e+00
520 +1.833592853e-02 +1.833592853e-02 -4.713166407e+01 -4.713166407e+01 -3.9144e-01 -9.1778e-01 -1.4096e+00
536 +1.507446031e-02 +1.507446031e-02 -4.713492554e+01 -4.713492554e+01 -3.7446e-01 -8.9356e-01 -1.3634e+00
593 +9.846948982e-03 +9.846948982e-03 -4.714015305e+01 -4.714015305e+01 -3.7535e-01 -8.8646e-01 -1.3493e+00
626 +3.919548922e-03 +3.919548922e-03 -4.714608045e+01 -4.714608045e+01 -3.5603e-01 -8.5169e-01 -1.2882e+00
636 +2.330114380e-03 +2.330114380e-03 -4.714766989e+01 -4.714766989e+01 -3.4564e-01 -8.2794e-01 -1.2423e+00
643 +1.556956000e-03 +1.556956000e-03 -4.714844304e+01 -4.714844304e+01 -3.4004e-01 -8.2073e-01 -1.2290e+00
654 +6.573406733e-04 +6.573406733e-04 -4.714934266e+01 -4.714934266e+01 -3.3361e-01 -8.0938e-01 -1.2032e+00
712 +5.510351214e-04 +5.510351214e-04 -4.714944896e+01 -4.714944896e+01 -3.2871e-01 -7.9514e-01 -1.1741e+00
717 +1.463942890e-04 +1.463942890e-04 -4.714985361e+01 -4.714985361e+01 -3.2941e-01 -7.9824e-01 -1.1802e+00
739 +4.521819577e-05 +4.521819577e-05 -4.714995478e+01 -4.714995478e+01 -3.3018e-01 -8.0083e-01 -1.1865e+00
773 +3.898262890e-05 +3.898262890e-05 -4.714996102e+01 -4.714996102e+01 -3.3100e-01 -8.0146e-01 -1.1872e+00
781 +8.671990486e-07 +8.671990486e-07 -4.714999913e+01 -4.714999913e+01 -3.3092e-01 -8.0170e-01 -1.1882e+00
875 +3.229568435e-07 +3.229568435e-07 -4.714999968e+01 -4.714999968e+01 -3.3055e-01 -8.0095e-01 -1.1867e+00
891 +1.804894723e-07 +1.804894723e-07 -4.714999982e+01 -4.714999982e+01 -3.3059e-01 -8.0100e-01 -1.1868e+00
893 +1.134387730e-07 +1.134387730e-07 -4.714999989e+01 -4.714999989e+01 -3.3072e-01 -8.0124e-01 -1.1873e+00
916 +6.976954126e-08 +6.976954126e-08 -4.714999993e+01 -4.714999993e+01 -3.3069e-01 -8.0118e-01 -1.1872e+00
919 +5.016462268e-08 +5.016462268e-08 -4.714999995e+01 -4.714999995e+01 -3.3058e-01 -8.0097e-01 -1.1868e+00
939 +2.913052555e-08 +2.913052555e-08 -4.714999997e+01 -4.714999997e+01 -3.3062e-01 -8.0105e-01 -1.1869e+00
942 +4.815056798e-09 +4.815056798e-09 -4.715000000e+01 -4.715000000e+01 -3.3060e-01 -8.0099e-01 -1.1868e+00
% function evaluation | noise-free fitness - Fopt (3.752000000000e+01) | best noise-free fitness - Fopt | measured fitness | best measured fitness | x1 | x2...
1 +2.814199733e+05 +2.814199733e+05 +2.814574933e+05 +2.814574933e+05 -2.2708e+00 +3.9188e+00 -3.2032e+00
4 +1.678975605e+05 +1.678975605e+05 +1.679350805e+05 +1.679350805e+05 -3.4324e+00 +2.7066e+00 -2.4141e+00
12 +2.283209042e+04 +2.283209042e+04 +2.286961042e+04 +2.286961042e+04 -1.0088e+00 +7.9319e-01 +1.1539e+00
25 +8.214314545e+02 +8.214314545e+02 +8.589514545e+02 +8.589514545e+02 -3.4479e-01 -1.9058e+00 +1.3454e+00
36 +4.062890998e+02 +4.062890998e+02 +4.438090998e+02 +4.438090998e+02 +2.5236e+00 -3.8028e+00 +1.9502e+00
40 +3.059878928e+02 +3.059878928e+02 +3.435078928e+02 +3.435078928e+02 +2.2802e+00 -2.5282e+00 +3.8299e+00
42 +2.475262939e+02 +2.475262939e+02 +2.850462939e+02 +2.850462939e+02 +2.2890e+00 -3.2538e+00 +3.2452e+00
66 +3.403500634e+01 +3.403500634e+01 +7.155500634e+01 +7.155500634e+01 +1.4040e+00 -3.4793e+00 +1.9622e+00
107 +7.252711912e+00 +7.252711912e+00 +4.477271191e+01 +4.477271191e+01 +1.4841e+00 -3.0163e+00 +1.6772e+00
126 +6.278280189e+00 +6.278280189e+00 +4.379828019e+01 +4.379828019e+01 +1.4684e+00 -3.0045e+00 +1.6972e+00
127 +3.883860929e+00 +3.883860929e+00 +4.140386093e+01 +4.140386093e+01 +1.1782e+00 -2.7509e+00 +1.9153e+00
144 +1.990226011e+00 +1.990226011e+00 +3.951022601e+01 +3.951022601e+01 +1.7499e+00 -2.9647e+00 +1.8737e+00
275 +1.523135826e+00 +1.523135826e+00 +3.904313583e+01 +3.904313583e+01 +1.7219e+00 -2.9139e+00 +1.9200e+00
387 +9.959472887e-01 +9.959472887e-01 +3.851594729e+01 +3.851594729e+01 +1.9371e+00 -2.7741e+00 +1.9549e+00
465 +5.868966152e-01 +5.868966152e-01 +3.810689662e+01 +3.810689662e+01 +2.0961e+00 -2.5978e+00 +2.0161e+00
532 +3.854404749e-01 +3.854404749e-01 +3.790544047e+01 +3.790544047e+01 +2.1860e+00 -2.4964e+00 +2.1244e+00
675 +2.380528556e-01 +2.380528556e-01 +3.775805286e+01 +3.775805286e+01 +2.2485e+00 -2.3923e+00 +2.2275e+00
740 +1.418718691e-01 +1.418718691e-01 +3.766187187e+01 +3.766187187e+01 +2.3109e+00 -2.2967e+00 +2.3442e+00
775 +9.684689387e-02 +9.684689387e-02 +3.761684689e+01 +3.761684689e+01 +2.3527e+00 -2.2208e+00 +2.4456e+00
806 +5.910572231e-02 +5.910572231e-02 +3.757910572e+01 +3.757910572e+01 +2.3759e+00 -2.1814e+00 +2.5164e+00
874 +3.496691285e-02 +3.496691285e-02 +3.755496691e+01 +3.755496691e+01 +2.4074e+00 -2.1243e+00 +2.6052e+00
886 +2.494906566e-02 +2.494906566e-02 +3.754494907e+01 +3.754494907e+01 +2.4225e+00 -2.0993e+00 +2.6476e+00
992 +1.399805167e-02 +1.399805167e-02 +3.753399805e+01 +3.753399805e+01 +2.4357e+00 -2.0740e+00 +2.6979e+00
1005 +9.688531185e-03 +9.688531185e-03 +3.752968853e+01 +3.752968853e+01 +2.4486e+00 -2.0513e+00 +2.7359e+00
1037 +4.274312765e-03 +4.274312765e-03 +3.752427431e+01 +3.752427431e+01 +2.4611e+00 -2.0265e+00 +2.7867e+00
1046 +1.965060514e-03 +1.965060514e-03 +3.752196506e+01 +3.752196506e+01 +2.4753e+00 -2.0009e+00 +2.8333e+00
1054 +1.735366348e-04 +1.735366348e-04 +3.752017354e+01 +3.752017354e+01 +2.4846e+00 -1.9801e+00 +2.8746e+00
1088 +1.554683891e-04 +1.554683891e-04 +3.752015547e+01 +3.752015547e+01 +2.4918e+00 -1.9669e+00 +2.9012e+00
1107 +6.321251539e-05 +6.321251539e-05 +3.752006321e+01 +3.752006321e+01 +2.4911e+00 -1.9674e+00 +2.8997e+00
1122 +6.068278801e-05 +6.068278801e-05 +3.752006068e+01 +3.752006068e+01 +2.4902e+00 -1.9682e+00 +2.8993e+00
1126 +3.018558510e-05 +3.018558510e-05 +3.752003019e+01 +3.752003019e+01 +2.4910e+00 -1.9673e+00 +2.9012e+00
1135 +2.358605266e-05 +2.358605266e-05 +3.752002359e+01 +3.752002359e+01 +2.4895e+00 -1.9701e+00 +2.8954e+00
1146 +8.217118918e-06 +8.217118918e-06 +3.752000822e+01 +3.752000822e+01 +2.4892e+00 -1.9707e+00 +2.8935e+00
1163 +5.980527767e-06 +5.980527767e-06 +3.752000598e+01 +3.752000598e+01 +2.4897e+00 -1.9699e+00 +2.8956e+00
1182 +1.860476452e-06 +1.860476452e-06 +3.752000186e+01 +3.752000186e+01 +2.4906e+00 -1.9681e+00 +2.8989e+00
1203 +1.111343906e-06 +1.111343906e-06 +3.752000111e+01 +3.752000111e+01 +2.4904e+00 -1.9684e+00 +2.8983e+00
1207 +5.656174693e-07 +5.656174693e-07 +3.752000057e+01 +3.752000057e+01 +2.4903e+00 -1.9687e+00 +2.8978e+00
1224 +3.527701367e-07 +3.527701367e-07 +3.752000035e+01 +3.752000035e+01 +2.4897e+00 -1.9697e+00 +2.8957e+00
1259 +2.151995062e-07 +2.151995062e-07 +3.752000022e+01 +3.752000022e+01 +2.4900e+00 -1.9692e+00 +2.8967e+00
1284 +1.074485283e-07 +1.074485283e-07 +3.752000011e+01 +3.752000011e+01 +2.4901e+00 -1.9689e+00 +2.8973e+00
1289 +7.623550147e-08 +7.623550147e-08 +3.752000008e+01 +3.752000008e+01 +2.4901e+00 -1.9691e+00 +2.8970e+00
1293 +1.030988983e-08 +1.030988983e-08 +3.752000001e+01 +3.752000001e+01 +2.4900e+00 -1.9692e+00 +2.8969e+00
1298 +9.326107886e-09 +9.326107886e-09 +3.752000001e+01 +3.752000001e+01 +2.4900e+00 -1.9692e+00 +2.8969e+00
1304 +2.864929627e-09 +2.864929627e-09 +3.752000000e+01 +3.752000000e+01 +2.4900e+00 -1.9692e+00 +2.8969e+00
% function evaluation | noise-free fitness - Fopt (3.752000000000e+01) | best noise-free fitness - Fopt | measured fitness | best measured fitness | x1 | x2...
1 +8.122163253e+04 +8.122163253e+04 +8.125915253e+04 +8.125915253e+04 +1.1704e+00 +2.0632e+00 -8.4428e-01
2 +2.189263135e+04 +2.189263135e+04 +2.193015135e+04 +2.193015135e+04 +4.8862e+00 +3.1636e-01 +4.1278e-01
6 +1.787588577e+03 +1.787588577e+03 +1.825108577e+03 +1.825108577e+03 +2.0848e+00 -1.8183e+00 -9.3061e-01
9 +9.389294224e+02 +9.389294224e+02 +9.764494224e+02 +9.764494224e+02 +1.3271e+00 -2.5470e+00 -9.6072e-01
18 +5.347955858e+02 +5.347955858e+02 +5.723155858e+02 +5.723155858e+02 +3.3424e+00 -1.4538e+00 +5.4846e+00
22 +1.339252618e+02 +1.339252618e+02 +1.714452618e+02 +1.714452618e+02 -1.0505e-01 -1.5433e+00 +3.7903e+00
78 +9.133078744e+01 +9.133078744e+01 +1.288507874e+02 +1.288507874e+02 +1.5071e+00 -3.2265e+00 +1.0567e+00
93 +5.855099085e+01 +5.855099085e+01 +9.607099085e+01 +9.607099085e+01 +1.2645e+00 -2.9328e+00 +2.6471e+00
95 +3.663037418e+01 +3.663037418e+01 +7.415037418e+01 +7.415037418e+01 +1.7125e+00 -2.4298e+00 +1.8441e+00
106 +1.576807848e+00 +1.576807848e+00 +3.909680785e+01 +3.909680785e+01 +1.9254e+00 -2.7591e+00 +1.8640e+00
215 +9.714189052e-01 +9.714189052e-01 +3.849141891e+01 +3.849141891e+01 +2.0847e+00 -2.6319e+00 +1.9521e+00
262 +5.910891292e-01 +5.910891292e-01 +3.811108913e+01 +3.811108913e+01 +2.0837e+00 -2.6042e+00 +2.0216e+00
298 +3.809254912e-01 +3.809254912e-01 +3.790092549e+01 +3.790092549e+01 +2.1777e+00 -2.4997e+00 +2.1201e+00
345 +2.049664930e-01 +2.049664930e-01 +3.772496649e+01 +3.772496649e+01 +2.3581e+00 -2.2410e+00 +2.4493e+00
394 +1.353222962e-01 +1.353222962e-01 +3.765532230e+01 +3.765532230e+01 +2.3290e+00 -2.2761e+00 +2.3831e+00
413 +9.492222017e-02 +9.492222017e-02 +3.761492222e+01 +3.761492222e+01 +2.3696e+00 -2.2102e+00 +2.4699e+00
448 +3.966027589e-02 +3.966027589e-02 +3.755966028e+01 +3.755966028e+01 +2.3995e+00 -2.1382e+00 +2.5912e+00
522 +2.336328141e-02 +2.336328141e-02 +3.754336328e+01 +3.754336328e+01 +2.4221e+00 -2.0971e+00 +2.6537e+00
539 +1.255278586e-02 +1.255278586e-02 +3.753255279e+01 +3.753255279e+01 +2.4485e+00 -2.0470e+00 +2.7412e+00
553 +7.155400010e-03 +7.155400010e-03 +3.752715540e+01 +3.752715540e+01 +2.4660e+00 -2.0201e+00 +2.7923e+00
617 +5.176017378e-03 +5.176017378e-03 +3.752517602e+01 +3.752517602e+01 +2.4653e+00 -2.0177e+00 +2.7974e+00
619 +3.760123407e-03 +3.760123407e-03 +3.752376012e+01 +3.752376012e+01 +2.4622e+00 -2.0234e+00 +2.7910e+00
657 +6.836262946e-04 +6.836262946e-04 +3.752068363e+01 +3.752068363e+01 +2.4832e+00 -1.9847e+00 +2.8661e+00
661 +1.205334281e-04 +1.205334281e-04 +3.752012053e+01 +3.752012053e+01 +2.4860e+00 -1.9769e+00 +2.8808e+00
718 +1.806068904e-05 +1.806068904e-05 +3.752001806e+01 +3.752001806e+01 +2.4896e+00 -1.9702e+00 +2.8951e+00
720 +1.271135298e-05 +1.271135298e-05 +3.752001271e+01 +3.752001271e+01 +2.4914e+00 -1.9663e+00 +2.9026e+00
760 +3.613076117e-06 +3.613076117e-06 +3.752000361e+01 +3.752000361e+01 +2.4893e+00 -1.9705e+00 +2.8942e+00
764 +2.106439311e-06 +2.106439311e-06 +3.752000211e+01 +3.752000211e+01 +2.4899e+00 -1.9695e+00 +2.8961e+00
774 +9.717093974e-07 +9.717093974e-07 +3.752000097e+01 +3.752000097e+01 +2.4904e+00 -1.9683e+00 +2.8985e+00
822 +5.056064154e-07 +5.056064154e-07 +3.752000051e+01 +3.752000051e+01 +2.4902e+00 -1.9688e+00 +2.8976e+00
824 +2.593839099e-07 +2.593839099e-07 +3.752000026e+01 +3.752000026e+01 +2.4901e+00 -1.9691e+00 +2.8970e+00
832 +2.389745646e-07 +2.389745646e-07 +3.752000024e+01 +3.752000024e+01 +2.4902e+00 -1.9689e+00 +2.8973e+00
833 +7.356330656e-08 +7.356330656e-08 +3.752000007e+01 +3.752000007e+01 +2.4901e+00 -1.9690e+00 +2.8973e+00
835 +5.646206347e-08 +5.646206347e-08 +3.752000006e+01 +3.752000006e+01 +2.4901e+00 -1.9690e+00 +2.8971e+00
855 +2.417965561e-08 +2.417965561e-08 +3.752000002e+01 +3.752000002e+01 +2.4900e+00 -1.9691e+00 +2.8969e+00
883 +5.013809812e-09 +5.013809812e-09 +3.752000001e+01 +3.752000001e+01 +2.4900e+00 -1.9692e+00 +2.8969e+00
% function evaluation | noise-free fitness - Fopt (3.752000000000e+01) | best noise-free fitness - Fopt | measured fitness | best measured fitness | x1 | x2...
1 +1.901201782e+05 +1.901201782e+05 +1.901576982e+05 +1.901576982e+05 -1.2120e+00 +3.3404e+00 -1.8791e+00
3 +1.486694996e+05 +1.486694996e+05 +1.487070196e+05 +1.487070196e+05 -2.2077e+00 +2.9291e+00 -1.0729e+00
4 +5.307392935e+04 +5.307392935e+04 +5.311144935e+04 +5.311144935e+04 -2.3117e+00 +9.1063e-01 -3.5108e+00
8 +3.695993451e+03 +3.695993451e+03 +3.733513451e+03 +3.733513451e+03 +1.2203e-01 -1.2449e+00 -1.2028e+00
9 +7.250399350e+02 +7.250399350e+02 +7.625599350e+02 +7.625599350e+02 +4.6291e-01 -2.8978e+00 -5.9477e-01
18 +2.883486195e+02 +2.883486195e+02 +3.258686195e+02 +3.258686195e+02 +1.1295e+00 -2.3941e+00 +5.9501e-01
29 +1.929980468e+02 +1.929980468e+02 +2.305180468e+02 +2.305180468e+02 +2.1209e+00 -3.0641e+00 +6.1210e-01
78 +1.069997097e+02 +1.069997097e+02 +1.445197097e+02 +1.445197097e+02 +7.6220e-01 -3.0960e+00 +2.6852e+00
117 +8.260264458e+01 +8.260264458e+01 +1.201226446e+02 +1.201226446e+02 +1.1839e+00 -2.9803e+00 +2.7845e+00
120 +3.950084626e+01 +3.950084626e+01 +7.702084626e+01 +7.702084626e+01 +7.1724e-01 -2.0858e+00 +2.1467e+00
122 +4.690545806e+00 +4.690545806e+00 +4.221054581e+01 +4.221054581e+01 +1.5312e+00 -3.0346e+00 +1.7532e+00
146 +3.445441805e+00 +3.445441805e+00 +4.096544181e+01 +4.096544181e+01 +1.6097e+00 -3.0293e+00 +2.0001e+00
157 +1.751086365e+00 +1.751086365e+00 +3.927108636e+01 +3.927108636e+01 +1.9180e+00 -2.6975e+00 +2.0039e+00
166 +1.252332523e+00 +1.252332523e+00 +3.877233252e+01 +3.877233252e+01 +1.8161e+00 -2.8494e+00 +1.9185e+00
265 +9.934006761e-01 +9.934006761e-01 +3.851340068e+01 +3.851340068e+01 +1.9361e+00 -2.7813e+00 +1.9200e+00
388 +5.993834180e-01 +5.993834180e-01 +3.811938342e+01 +3.811938342e+01 +2.0790e+00 -2.6239e+00 +2.0121e+00
460 +3.822903351e-01 +3.822903351e-01 +3.790229034e+01 +3.790229034e+01 +2.1909e+00 -2.4914e+00 +2.1206e+00
507 +2.264403755e-01 +2.264403755e-01 +3.774644038e+01 +3.774644038e+01 +2.2572e+00 -2.3768e+00 +2.2410e+00
528 +1.482672238e-01 +1.482672238e-01 +3.766826722e+01 +3.766826722e+01 +2.3152e+00 -2.2741e+00 +2.3729e+00
537 +9.647726875e-02 +9.647726875e-02 +3.761647727e+01 +3.761647727e+01 +2.3466e+00 -2.2296e+00 +2.4506e+00
586 +6.180295069e-02 +6.180295069e-02 +3.758180295e+01 +3.758180295e+01 +2.3773e+00 -2.1830e+00 +2.5092e+00
656 +2.771694914e-02 +2.771694914e-02 +3.754771695e+01 +3.754771695e+01 +2.4222e+00 -2.0965e+00 +2.6658e+00
665 +1.713033857e-02 +1.713033857e-02 +3.753713034e+01 +3.753713034e+01 +2.4369e+00 -2.0671e+00 +2.7062e+00
667 +1.054551017e-02 +1.054551017e-02 +3.753054551e+01 +3.753054551e+01 +2.4439e+00 -2.0570e+00 +2.7303e+00
745 +9.854210332e-03 +9.854210332e-03 +3.752985421e+01 +3.752985421e+01 +2.4523e+00 -2.0479e+00 +2.7458e+00
763 +5.024514716e-03 +5.024514716e-03 +3.752502451e+01 +3.752502451e+01 +2.4593e+00 -2.0309e+00 +2.7782e+00
767 +3.410648125e-03 +3.410648125e-03 +3.752341065e+01 +3.752341065e+01 +2.4645e+00 -2.0200e+00 +2.7965e+00
835 +1.163196261e-03 +1.163196261e-03 +3.752116320e+01 +3.752116320e+01 +2.4761e+00 -1.9975e+00 +2.8421e+00
853 +4.786357397e-04 +4.786357397e-04 +3.752047864e+01 +3.752047864e+01 +2.4821e+00 -1.9836e+00 +2.8678e+00
882 +1.795984506e-04 +1.795984506e-04 +3.752017960e+01 +3.752017960e+01 +2.4916e+00 -1.9650e+00 +2.9060e+00
888 +9.243371113e-05 +9.243371113e-05 +3.752009243e+01 +3.752009243e+01 +2.4942e+00 -1.9608e+00 +2.9135e+00
927 +1.546453279e-05 +1.546453279e-05 +3.752001546e+01 +3.752001546e+01 +2.4885e+00 -1.9722e+00 +2.8911e+00
954 +3.150212130e-06 +3.150212130e-06 +3.752000315e+01 +3.752000315e+01 +2.4895e+00 -1.9701e+00 +2.8948e+00
962 +2.015065611e-06 +2.015065611e-06 +3.752000202e+01 +3.752000202e+01 +2.4899e+00 -1.9693e+00 +2.8966e+00
1010 +4.493188328e-07 +4.493188328e-07 +3.752000045e+01 +3.752000045e+01 +2.4898e+00 -1.9695e+00 +2.8961e+00
1017 +3.048325325e-07 +3.048325325e-07 +3.752000030e+01 +3.752000030e+01 +2.4901e+00 -1.9690e+00 +2.8972e+00
1025 +9.493879816e-08 +9.493879816e-08 +3.752000009e+01 +3.752000009e+01 +2.4901e+00 -1.9690e+00 +2.8973e+00
1052 +6.293722521e-08 +6.293722521e-08 +3.752000006e+01 +3.752000006e+01 +2.4899e+00 -1.9694e+00 +2.8964e+00
1078 +1.552340478e-08 +1.552340478e-08 +3.752000002e+01 +3.752000002e+01 +2.4900e+00 -1.9691e+00 +2.8970e+00
1128 +5.066674191e-09 +5.066674191e-09 +3.752000001e+01 +3.752000001e+01 +2.4900e+00 -1.9692e+00 +2.8967e+00
