% function evaluation | noise-free fitness - Fopt (7.948000000000e+01) | best noise-free fitness - Fopt | measured fitness | best measured fitness | x1 | x2...
1 +2.831130997e+01 +2.831130997e+01 +1.077913100e+02 +1.077913100e+02 +1.3221e-01 -2.0245e-01 +3.0654e+00 -1.6744e+00 -2.4355e+00
11 +1.100269127e+01 +1.100269127e+01 +9.048269127e+01 +9.048269127e+01 +1.0172e+00 -1.2459e-01 +9.0459e-01 -6.3183e-01 -3.0759e+00
21 +6.932668902e+00 +6.932668902e+00 +8.641266890e+01 +8.641266890e+01 -1.0853e+00 -2.8173e+00 +6.2401e-01 +1.1734e+00 -2.6522e+00
36 +5.743510308e+00 +5.743510308e+00 +8.522351031e+01 +8.522351031e+01 -5.2086e-01 -1.2354e+00 +1.5108e+00 +2.2893e+00 -2.5674e+00
51 +3.100772941e+00 +3.100772941e+00 +8.258077294e+01 +8.258077294e+01 -4.9513e-01 -1.8899e+00 +6.3575e-01 +1.8652e+00 -3.0698e+00
63 +2.428430180e+00 +2.428430180e+00 +8.190843018e+01 +8.190843018e+01 -7.2621e-01 -2.1108e+00 -4.4217e-01 +2.1418e+00 -2.0219e+00
66 +1.433051618e+00 +1.433051618e+00 +8.091305162e+01 +8.091305162e+01 +4.1511e-01 -2.0531e-01 -4.8788e-01 +2.5830e+00 -2.8012e+00
80 +3.018175503e-01 +3.018175503e-01 +7.978181755e+01 +7.978181755e+01 +3.9362e-02 -1.0940e+00 -9.4806e-01 +2.3640e+00 -2.5778e+00
149 +2.004268679e-01 +2.004268679e-01 +7.968042687e+01 +7.968042687e+01 +2.9410e-02 -1.3205e+00 -1.0096e+00 +1.7215e+00 -2.6681e+00
162 +1.507024342e-01 +1.507024342e-01 +7.963070243e+01 +7.963070243e+01 +1.4024e-01 -9.1889e-01 -6.9941e-01 +2.1699e+00 -2.8276e+00
183 +4.042272483e-02 +4.042272483e-02 +7.952042272e+01 +7.952042272e+01 +3.2871e-01 -1.0374e+00 -6.8829e-01 +2.0417e+00 -2.6044e+00
224 +3.537301039e-02 +3.537301039e-02 +7.951537301e+01 +7.951537301e+01 +2.6716e-01 -1.0986e+00 -8.5325e-01 +2.0420e+00 -2.6393e+00
238 +8.194673294e-03 +8.194673294e-03 +7.948819467e+01 +7.948819467e+01 +2.7807e-01 -1.1203e+00 -6.4946e-01 +1.9226e+00 -2.6553e+00
288 +1.852016497e-03 +1.852016497e-03 +7.948185202e+01 +7.948185202e+01 +2.6510e-01 -1.1327e+00 -6.9327e-01 +1.9350e+00 -2.6909e+00
290 +1.127755256e-03 +1.127755256e-03 +7.948112776e+01 +7.948112776e+01 +2.4126e-01 -1.1841e+00 -7.1107e-01 +1.9353e+00 -2.6821e+00
345 +9.739518322e-04 +9.739518322e-04 +7.948097395e+01 +7.948097395e+01 +2.3616e-01 -1.1591e+00 -7.1927e-01 +1.9412e+00 -2.6596e+00
347 +8.888639874e-05 +8.888639874e-05 +7.948008889e+01 +7.948008889e+01 +2.4756e-01 -1.1515e+00 -7.2877e-01 +1.9288e+00 -2.6830e+00
399 +5.344939248e-05 +5.344939248e-05 +7.948005345e+01 +7.948005345e+01 +2.5686e-01 -1.1558e+00 -7.2848e-01 +1.9281e+00 -2.6772e+00
424 +1.542707946e-05 +1.542707946e-05 +7.948001543e+01 +7.948001543e+01 +2.5064e-01 -1.1546e+00 -7.2171e-01 +1.9267e+00 -2.6802e+00
451 +3.837422895e-06 +3.837422895e-06 +7.948000384e+01 +7.948000384e+01 +2.5271e-01 -1.1561e+00 -7.2537e-01 +1.9276e+00 -2.6811e+00
514 +2.002720706e-06 +2.002720706e-06 +7.948000200e+01 +7.948000200e+01 +2.5352e-01 -1.1575e+00 -7.2379e-01 +1.9256e+00 -2.6813e+00
556 +1.003048553e-06 +1.003048553e-06 +7.948000100e+01 +7.948000100e+01 +2.5317e-01 -1.1575e+00 -7.2373e-01 +1.9259e+00 -2.6811e+00
560 +7.065530525e-07 +7.065530525e-07 +7.948000071e+01 +7.948000071e+01 +2.5305e-01 -1.1572e+00 -7.2339e-01 +1.9261e+00 -2.6808e+00
578 +3.357895650e-07 +3.357895650e-07 +7.948000034e+01 +7.948000034e+01 +2.5272e-01 -1.1572e+00 -7.2403e-01 +1.9260e+00 -2.6810e+00
595 +5.969235417e-08 +5.969235417e-08 +7.948000006e+01 +7.948000006e+01 +2.5264e-01 -1.1569e+00 -7.2393e-01 +1.9265e+00 -2.6809e+00
663 +3.813788396e-08 +3.813788396e-08 +7.948000004e+01 +7.948000004e+01 +2.5290e-01 -1.1567e+00 -7.2398e-01 +1.9265e+00 -2.6808e+00
674 +2.048356862e-08 +2.048356862e-08 +7.948000002e+01 +7.948000002e+01 +2.5287e-01 -1.1568e+00 -7.2391e-01 +1.9265e+00 -2.6809e+00
698 +4.640384077e-09 +4.640384077e-09 +7.948000000e+01 +7.948000000e+01 +2.5281e-01 -1.1568e+00 -7.2401e-01 +1.9265e+00 -2.6808e+00
706 +3.666798420e-09 +3.666798420e-09 +7.948000000e+01 +7.948000000e+01 +2.5280e-01 -1.1568e+00 -7.2399e-01 +1.9265e+00 -2.6808e+00
% function evaluation | noise-free fitness - Fopt (7.948000000000e+01) | best noise-free fitness - Fopt | measured fitness | best measured fitness | x1 | x2...
1 +1.623347344e+01 +1.623347344e+01 +9.571347344e+01 +9.571347344e+01 +1.9324e+00 -2.7784e+00 +1.3850e+00 +3.4568e+00 -6.8266e-01
2 +1.532205421e+01 +1.532205421e+01 +9.480205421e+01 +9.480205421e+01 +3.5325e+00 -2.8090e+00 +5.1928e-01 +2.4179e+00 -2.9010e+00
19 +9.219915900e+00 +9.219915900e+00 +8.869991590e+01 +8.869991590e+01 +7.9454e-01 -1.9252e+00 -1.5067e+00 +2.6292e+00 +7.9724e-03
24 +5.263671910e+00 +5.263671910e+00 +8.474367191e+01 +8.474367191e+01 +3.3708e-01 -1.9733e+00 -7.4168e-01 +3.2779e+00 -1.0185e+00
32 +2.164710896e+00 +2.164710896e+00 +8.164471090e+01 +8.164471090e+01 -4.8229e-01 -9.4991e-01 +6.9412e-02 +2.4412e+00 -1.8519e+00
85 +9.053963010e-01 +9.053963010e-01 +8.038539630e+01 +8.038539630e+01 -7.0201e-02 -7.7497e-01 -5.1430e-01 +1.2062e+00 -2.9851e+00
100 +5.508212523e-01 +5.508212523e-01 +8.003082125e+01 +8.003082125e+01 +1.3062e-01 -7.7566e-01 -1.0901e-01 +1.8154e+00 -2.6716e+00
139 +3.777691987e-01 +3.777691987e-01 +7.985776920e+01 +7.985776920e+01 +6.6643e-02 -1.5149e+00 -3.3841e-01 +1.7640e+00 -2.8804e+00
177 +2.123620181e-01 +2.123620181e-01 +7.969236202e+01 +7.969236202e+01 +2.8402e-02 -1.0952e+00 -3.8507e-01 +2.0257e+00 -2.4979e+00
178 +7.446222044e-02 +7.446222044e-02 +7.955446222e+01 +7.955446222e+01 +2.0218e-01 -1.0508e+00 -9.1356e-01 +2.0726e+00 -2.7387e+00
209 +3.237292736e-02 +3.237292736e-02 +7.951237293e+01 +7.951237293e+01 +1.4538e-01 -1.1831e+00 -8.3699e-01 +1.9122e+00 -2.7655e+00
238 +1.627165992e-02 +1.627165992e-02 +7.949627166e+01 +7.949627166e+01 +2.5002e-01 -1.0689e+00 -7.0470e-01 +1.9049e+00 -2.5930e+00
250 +1.390515125e-02 +1.390515125e-02 +7.949390515e+01 +7.949390515e+01 +3.0448e-01 -1.1738e+00 -8.1878e-01 +1.9681e+00 -2.6958e+00
259 +7.219360643e-03 +7.219360643e-03 +7.948721936e+01 +7.948721936e+01 +2.1226e-01 -1.1203e+00 -7.7573e-01 +1.9410e+00 -2.6440e+00
277 +3.965086356e-03 +3.965086356e-03 +7.948396509e+01 +7.948396509e+01 +2.9561e-01 -1.1597e+00 -7.5986e-01 +1.9332e+00 -2.7090e+00
317 +2.372503088e-03 +2.372503088e-03 +7.948237250e+01 +7.948237250e+01 +2.2186e-01 -1.1629e+00 -7.3327e-01 +1.9611e+00 -2.6903e+00
321 +5.759046277e-04 +5.759046277e-04 +7.948057590e+01 +7.948057590e+01 +2.5368e-01 -1.1465e+00 -7.3857e-01 +1.9235e+00 -2.6651e+00
403 +2.599327683e-04 +2.599327683e-04 +7.948025993e+01 +7.948025993e+01 +2.5905e-01 -1.1591e+00 -7.3853e-01 +1.9266e+00 -2.6787e+00
410 +8.464987027e-05 +8.464987027e-05 +7.948008465e+01 +7.948008465e+01 +2.5311e-01 -1.1569e+00 -7.1721e-01 +1.9317e+00 -2.6840e+00
469 +3.307962228e-05 +3.307962228e-05 +7.948003308e+01 +7.948003308e+01 +2.5501e-01 -1.1548e+00 -7.2159e-01 +1.9302e+00 -2.6827e+00
483 +1.565093737e-05 +1.565093737e-05 +7.948001565e+01 +7.948001565e+01 +2.5517e-01 -1.1540e+00 -7.2536e-01 +1.9264e+00 -2.6814e+00
496 +9.116523941e-06 +9.116523941e-06 +7.948000912e+01 +7.948000912e+01 +2.5487e-01 -1.1563e+00 -7.2188e-01 +1.9267e+00 -2.6809e+00
505 +2.566067394e-06 +2.566067394e-06 +7.948000257e+01 +7.948000257e+01 +2.5222e-01 -1.1577e+00 -7.2502e-01 +1.9266e+00 -2.6814e+00
533 +1.632282292e-06 +1.632282292e-06 +7.948000163e+01 +7.948000163e+01 +2.5197e-01 -1.1568e+00 -7.2481e-01 +1.9267e+00 -2.6813e+00
544 +1.510580205e-06 +1.510580205e-06 +7.948000151e+01 +7.948000151e+01 +2.5270e-01 -1.1579e+00 -7.2381e-01 +1.9269e+00 -2.6809e+00
546 +9.876239915e-07 +9.876239915e-07 +7.948000099e+01 +7.948000099e+01 +2.5283e-01 -1.1561e+00 -7.2417e-01 +1.9257e+00 -2.6809e+00
600 +5.871655304e-07 +5.871655304e-07 +7.948000059e+01 +7.948000059e+01 +2.5297e-01 -1.1562e+00 -7.2362e-01 +1.9263e+00 -2.6809e+00
609 +2.067752973e-07 +2.067752973e-07 +7.948000021e+01 +7.948000021e+01 +2.5291e-01 -1.1566e+00 -7.2377e-01 +1.9265e+00 -2.6811e+00
626 +1.309224729e-07 +1.309224729e-07 +7.948000013e+01 +7.948000013e+01 +2.5280e-01 -1.1566e+00 -7.2397e-01 +1.9262e+00 -2.6810e+00
630 +5.997291908e-08 +5.997291908e-08 +7.948000006e+01 +7.948000006e+01 +2.5289e-01 -1.1568e+00 -7.2404e-01 +1.9263e+00 -2.6810e+00
652 +3.647609503e-08 +3.647609503e-08 +7.948000004e+01 +7.948000004e+01 +2.5284e-01 -1.1569e+00 -7.2401e-01 +1.9265e+00 -2.6807e+00
655 +2.100077268e-08 +2.100077268e-08 +7.948000002e+01 +7.948000002e+01 +2.5293e-01 -1.1568e+00 -7.2396e-01 +1.9264e+00 -2.6808e+00
688 +1.486465351e-08 +1.486465351e-08 +7.948000001e+01 +7.948000001e+01 +2.5283e-01 -1.1569e+00 -7.2400e-01 +1.9265e+00 -2.6808e+00
690 +6.747399084e-09 +6.747399084e-09 +7.948000001e+01 +7.948000001e+01 +2.5280e-01 -1.1568e+00 -7.2404e-01 +1.9264e+00 -2.6808e+00
698 +1.402369776e-09 +1.402369776e-09 +7.948000000e+01 +7.948000000e+01 +2.5278e-01 -1.1568e+00 -7.2399e-01 +1.9264e+00 -2.6808e+00
% function evaluation | noise-free fitness - Fopt (7.948000000000e+01) | best noise-free fitness - Fopt | measured fitness | best measured fitness | x1 | x2...
1 +7.615663541e+00 +7.615663541e+00 +8.709566354e+01 +8.709566354e+01 +1.8823e+00 -2.2216e+00 -2.5431e+00 +1.2617e+00 -2.4056e+00
6 +5.353685472e+00 +5.353685472e+00 +8.483368547e+01 +8.483368547e+01 -6.7231e-01 -1.3007e+00 -1.2077e+00 +2.6233e+00 -4.6193e+00
17 +2.763415315e+00 +2.763415315e+00 +8.224341531e+01 +8.224341531e+01 +1.4268e+00 -7.5091e-01 -8.0316e-01 +3.0276e+00 -2.6443e+00
33 +1.745519282e+00 +1.745519282e+00 +8.122551928e+01 +8.122551928e+01 -3.9711e-01 -1.8798e+00 -1.0706e+00 +1.6680e+00 -1.8976e+00
78 +1.409115952e+00 +1.409115952e+00 +8.088911595e+01 +8.088911595e+01 +5.5935e-01 -1.8763e+00 -1.4163e+00 +2.4444e+00 -2.9040e+00
86 +6.061786866e-01 +6.061786866e-01 +8.008617869e+01 +8.008617869e+01 +5.8688e-01 -1.0426e+00 -1.0892e+00 +2.4914e+00 -2.8510e+00
92 +1.841617130e-01 +1.841617130e-01 +7.966416171e+01 +7.966416171e+01 -1.2039e-01 -1.0488e+00 -7.1669e-01 +1.7806e+00 -2.5716e+00
129 +8.685311986e-02 +8.685311986e-02 +7.956685312e+01 +7.956685312e+01 +1.7304e-01 -1.2422e+00 -7.9655e-01 +1.8072e+00 -2.4490e+00
161 +5.744155251e-02 +5.744155251e-02 +7.953744155e+01 +7.953744155e+01 +3.4733e-01 -1.0677e+00 -7.8290e-01 +2.0810e+00 -2.7957e+00
163 +8.881585911e-03 +8.881585911e-03 +7.948888159e+01 +7.948888159e+01 +1.6627e-01 -1.1306e+00 -7.4896e-01 +1.9230e+00 -2.6723e+00
207 +5.290938716e-03 +5.290938716e-03 +7.948529094e+01 +7.948529094e+01 +2.0501e-01 -1.1683e+00 -7.3726e-01 +1.9482e+00 -2.6336e+00
243 +1.589292044e-03 +1.589292044e-03 +7.948158929e+01 +7.948158929e+01 +2.5062e-01 -1.1786e+00 -7.3199e-01 +1.8993e+00 -2.6986e+00
257 +1.325061404e-03 +1.325061404e-03 +7.948132506e+01 +7.948132506e+01 +2.6014e-01 -1.1778e+00 -7.1077e-01 +1.9295e+00 -2.6554e+00
262 +8.246970109e-04 +8.246970109e-04 +7.948082470e+01 +7.948082470e+01 +2.4938e-01 -1.1417e+00 -7.3800e-01 +1.9441e+00 -2.6721e+00
269 +3.809091470e-04 +3.809091470e-04 +7.948038091e+01 +7.948038091e+01 +2.4123e-01 -1.1555e+00 -7.3635e-01 +1.9258e+00 -2.6904e+00
316 +1.951826260e-04 +1.951826260e-04 +7.948019518e+01 +7.948019518e+01 +2.5342e-01 -1.1559e+00 -7.2588e-01 +1.9300e+00 -2.6941e+00
346 +1.170917579e-04 +1.170917579e-04 +7.948011709e+01 +7.948011709e+01 +2.5181e-01 -1.1653e+00 -7.2317e-01 +1.9242e+00 -2.6870e+00
351 +7.186889822e-05 +7.186889822e-05 +7.948007187e+01 +7.948007187e+01 +2.5535e-01 -1.1574e+00 -7.2831e-01 +1.9251e+00 -2.6741e+00
374 +5.063043703e-05 +5.063043703e-05 +7.948005063e+01 +7.948005063e+01 +2.5412e-01 -1.1516e+00 -7.2553e-01 +1.9283e+00 -2.6848e+00
386 +3.328334888e-05 +3.328334888e-05 +7.948003328e+01 +7.948003328e+01 +2.5345e-01 -1.1520e+00 -7.2563e-01 +1.9291e+00 -2.6807e+00
401 +1.501804321e-05 +1.501804321e-05 +7.948001502e+01 +7.948001502e+01 +2.5458e-01 -1.1555e+00 -7.2151e-01 +1.9252e+00 -2.6824e+00
449 +4.395768116e-06 +4.395768116e-06 +7.948000440e+01 +7.948000440e+01 +2.5364e-01 -1.1584e+00 -7.2445e-01 +1.9257e+00 -2.6815e+00
468 +2.404248733e-06 +2.404248733e-06 +7.948000240e+01 +7.948000240e+01 +2.5243e-01 -1.1560e+00 -7.2516e-01 +1.9269e+00 -2.6809e+00
523 +9.785159136e-07 +9.785159136e-07 +7.948000098e+01 +7.948000098e+01 +2.5302e-01 -1.1569e+00 -7.2485e-01 +1.9262e+00 -2.6812e+00
566 +6.141440281e-07 +6.141440281e-07 +7.948000061e+01 +7.948000061e+01 +2.5277e-01 -1.1564e+00 -7.2465e-01 +1.9262e+00 -2.6807e+00
581 +3.651612985e-07 +3.651612985e-07 +7.948000037e+01 +7.948000037e+01 +2.5309e-01 -1.1568e+00 -7.2425e-01 +1.9260e+00 -2.6810e+00
599 +8.989084677e-08 +8.989084677e-08 +7.948000009e+01 +7.948000009e+01 +2.5307e-01 -1.1567e+00 -7.2397e-01 +1.9264e+00 -2.6808e+00
616 +4.959053967e-08 +4.959053967e-08 +7.948000005e+01 +7.948000005e+01 +2.5275e-01 -1.1567e+00 -7.2398e-01 +1.9266e+00 -2.6807e+00
692 +2.017139877e-08 +2.017139877e-08 +7.948000002e+01 +7.948000002e+01 +2.5292e-01 -1.1568e+00 -7.2397e-01 +1.9264e+00 -2.6808e+00
706 +1.120739057e-08 +1.120739057e-08 +7.948000001e+01 +7.948000001e+01 +2.5288e-01 -1.1568e+00 -7.2405e-01 +1.9264e+00 -2.6808e+00
712 +5.060073249e-09 +5.060073249e-09 +7.948000001e+01 +7.948000001e+01 +2.5276e-01 -1.1568e+00 -7.2401e-01 +1.9264e+00 -2.6808e+00
714 +6.247944384e-10 +6.247944384e-10 +7.948000000e+01 +7.948000000e+01 +2.5280e-01 -1.1568e+00 -7.2401e-01 +1.9264e+00 -2.6808e+00
% function evaluation | noise-free fitness - Fopt (3.944800000000e+02) | best noise-free fitness - Fopt | measured fitness | best measured fitness | x1 | x2...
1 +2.621916536e+01 +2.621916536e+01 +4.206991654e+02 +4.206991654e+02 -1.9042e+00 -5.5680e-01 -3.0669e+00 +3.8444e-01 +2.8231e+00
4 +1.006191209e+01 +1.006191209e+01 +4.045419121e+02 +4.045419121e+02 -2.6517e+00 -2.8248e+00 -1.8424e+00 +2.6864e+00 +2.6411e+00
11 +7.146606113e+00 +7.146606113e+00 +4.016266061e+02 +4.016266061e+02 -2.8719e+00 -4.5105e+00 -2.5875e+00 +2.7068e+00 +1.6042e+00
47 +3.446161771e+00 +3.446161771e+00 +3.979261618e+02 +3.979261618e+02 -3.9974e+00 -1.2033e+00 -4.0674e+00 +3.6092e+00 +2.0199e-01
49 +2.091308729e+00 +2.091308729e+00 +3.965713087e+02 +3.965713087e+02 -2.8720e+00 -3.8358e+00 -3.6634e+00 +3.8383e+00 +5.1228e-01
60 +1.552628487e+00 +1.552628487e+00 +3.960326285e+02 +3.960326285e+02 -3.5108e+00 -3.3165e+00 -2.8135e+00 +3.8638e+00 +3.6820e-01
62 +6.437429281e-01 +6.437429281e-01 +3.951237429e+02 +3.951237429e+02 -4.0389e+00 -3.3666e+00 -3.1896e+00 +3.7913e+00 +7.6632e-01
87 +4.576793310e-01 +4.576793310e-01 +3.949376793e+02 +3.949376793e+02 -4.1124e+00 -3.3532e+00 -3.4522e+00 +3.7787e+00 +1.1021e+00
94 +1.891872056e-01 +1.891872056e-01 +3.946691872e+02 +3.946691872e+02 -4.1467e+00 -3.0711e+00 -3.5635e+00 +4.0368e+00 +1.0027e+00
110 +1.275457628e-01 +1.275457628e-01 +3.946075458e+02 +3.946075458e+02 -3.8812e+00 -2.7633e+00 -3.6953e+00 +3.5921e+00 +8.9550e-01
179 +9.287596092e-02 +9.287596092e-02 +3.945728760e+02 +3.945728760e+02 -3.7725e+00 -2.6417e+00 -3.7310e+00 +3.9361e+00 +9.5468e-01
186 +1.484532272e-02 +1.484532272e-02 +3.944948453e+02 +3.944948453e+02 -3.8724e+00 -2.8818e+00 -3.8463e+00 +3.7986e+00 +8.8612e-01
202 +9.511211632e-03 +9.511211632e-03 +3.944895112e+02 +3.944895112e+02 -3.8708e+00 -2.7987e+00 -3.8112e+00 +3.8896e+00 +8.6065e-01
279 +6.161962381e-03 +6.161962381e-03 +3.944861620e+02 +3.944861620e+02 -3.9289e+00 -2.8722e+00 -3.8199e+00 +3.8380e+00 +8.5463e-01
287 +3.096583092e-03 +3.096583092e-03 +3.944830966e+02 +3.944830966e+02 -3.9176e+00 -2.8560e+00 -3.7873e+00 +3.8776e+00 +8.8226e-01
291 +1.824377273e-03 +1.824377273e-03 +3.944818244e+02 +3.944818244e+02 -3.9093e+00 -2.8999e+00 -3.7896e+00 +3.8852e+00 +8.9137e-01
300 +9.021909867e-04 +9.021909867e-04 +3.944809022e+02 +3.944809022e+02 -3.9125e+00 -2.8718e+00 -3.7966e+00 +3.9150e+00 +8.7460e-01
301 +4.288273886e-04 +4.288273886e-04 +3.944804288e+02 +3.944804288e+02 -3.9137e+00 -2.8875e+00 -3.7923e+00 +3.8996e+00 +8.5239e-01
346 +3.128789273e-04 +3.128789273e-04 +3.944803129e+02 +3.944803129e+02 -3.8920e+00 -2.8979e+00 -3.8054e+00 +3.8922e+00 +8.5397e-01
363 +9.260637074e-05 +9.260637074e-05 +3.944800926e+02 +3.944800926e+02 -3.8994e+00 -2.8952e+00 -3.8075e+00 +3.9043e+00 +8.5281e-01
388 +5.437733591e-05 +5.437733591e-05 +3.944800544e+02 +3.944800544e+02 -3.8973e+00 -2.8967e+00 -3.8053e+00 +3.9037e+00 +8.6063e-01
398 +2.435054114e-05 +2.435054114e-05 +3.944800244e+02 +3.944800244e+02 -3.8980e+00 -2.8909e+00 -3.8045e+00 +3.9100e+00 +8.5897e-01
466 +1.411408033e-05 +1.411408033e-05 +3.944800141e+02 +3.944800141e+02 -3.8999e+00 -2.8924e+00 -3.8016e+00 +3.9031e+00 +8.5827e-01
496 +8.454339707e-06 +8.454339707e-06 +3.944800085e+02 +3.944800085e+02 -3.8992e+00 -2.8915e+00 -3.8018e+00 +3.9080e+00 +8.5981e-01
546 +2.543365724e-06 +2.543365724e-06 +3.944800025e+02 +3.944800025e+02 -3.8987e+00 -2.8896e+00 -3.8037e+00 +3.9059e+00 +8.5909e-01
583 +1.416884572e-06 +1.416884572e-06 +3.944800014e+02 +3.944800014e+02 -3.8995e+00 -2.8903e+00 -3.8022e+00 +3.9056e+00 +8.5951e-01
589 +9.369657619e-07 +9.369657619e-07 +3.944800009e+02 +3.944800009e+02 -3.8986e+00 -2.8913e+00 -3.8027e+00 +3.9055e+00 +8.5910e-01
645 +3.267657007e-07 +3.267657007e-07 +3.944800003e+02 +3.944800003e+02 -3.8982e+00 -2.8906e+00 -3.8029e+00 +3.9055e+00 +8.5910e-01
663 +2.067043852e-07 +2.067043852e-07 +3.944800002e+02 +3.944800002e+02 -3.8981e+00 -2.8904e+00 -3.8025e+00 +3.9054e+00 +8.5890e-01
675 +7.102318023e-08 +7.102318023e-08 +3.944800001e+02 +3.944800001e+02 -3.8984e+00 -2.8903e+00 -3.8026e+00 +3.9055e+00 +8.5918e-01
704 +4.658664920e-08 +4.658664920e-08 +3.944800000e+02 +3.944800000e+02 -3.8983e+00 -2.8905e+00 -3.8024e+00 +3.9056e+00 +8.5908e-01
716 +2.887395567e-08 +2.887395567e-08 +3.944800000e+02 +3.944800000e+02 -3.8984e+00 -2.8905e+00 -3.8025e+00 +3.9057e+00 +8.5912e-01
738 +2.119128339e-08 +2.119128339e-08 +3.944800000e+02 +3.944800000e+02 -3.8983e+00 -2.8905e+00 -3.8024e+00 +3.9057e+00 +8.5915e-01
760 +2.686192602e-09 +2.686192602e-09 +3.944800000e+02 +3.944800000e+02 -3.8984e+00 -2.8904e+00 -3.8024e+00 +3.9056e+00 +8.5918e-01
% function evaluation | noise-free fitness - Fopt (3.944800000000e+02) | best noise-free fitness - Fopt | measured fitness | best measured fitness | x1 | x2...
1 +7.799821442e+01 +7.799821442e+01 +4.724782144e+02 +4.724782144e+02 -1.3063e+00 +8.1510e-01 -1.7609e+00 -3.3775e+00 +1.4390e+00
7 +3.400572610e+01 +3.400572610e+01 +4.284857261e+02 +4.284857261e+02 -1.3564e+00 -6.7792e-01 -3.9230e+00 -6.1030e-01 -6.3773e-01
15 +2.494675067e+01 +2.494675067e+01 +4.194267507e+02 +4.194267507e+02 -2.8168e+00 -2.4823e+00 -1.7581e+00 -4.3688e-01 +1.0158e-01
39 +1.166743542e+01 +1.166743542e+01 +4.061474354e+02 +4.061474354e+02 -1.3426e+00 -4.2490e+00 -2.6364e+00 +3.4555e+00 -4.5517e-01
54 +7.872437823e+00 +7.872437823e+00 +4.023524378e+02 +4.023524378e+02 -2.3299e+00 -4.7030e+00 -5.0495e+00 +4.0427e+00 +1.1579e-01
67 +3.827021435e+00 +3.827021435e+00 +3.983070214e+02 +3.983070214e+02 -3.2926e+00 -2.7421e+00 -3.3279e+00 +3.8350e+00 -9.3189e-01
98 +2.411287234e+00 +2.411287234e+00 +3.968912872e+02 +3.968912872e+02 -3.0070e+00 -1.9867e+00 -3.5228e+00 +3.1502e+00 +4.7018e-01
101 +1.557752364e+00 +1.557752364e+00 +3.960377524e+02 +3.960377524e+02 -3.9352e+00 -2.2021e+00 -2.7857e+00 +3.9931e+00 +6.5569e-01
145 +2.972563372e-01 +2.972563372e-01 +3.947772563e+02 +3.947772563e+02 -4.1646e+00 -2.8109e+00 -3.3558e+00 +3.8536e+00 +9.9317e-01
146 +2.486149048e-01 +2.486149048e-01 +3.947286149e+02 +3.947286149e+02 -3.5642e+00 -2.8521e+00 -3.5417e+00 +3.9858e+00 +6.1204e-01
203 +1.564316326e-01 +1.564316326e-01 +3.946364316e+02 +3.946364316e+02 -4.1364e+00 -2.8545e+00 -3.7533e+00 +4.1294e+00 +6.4472e-01
209 +9.893287888e-02 +9.893287888e-02 +3.945789329e+02 +3.945789329e+02 -3.8601e+00 -3.0589e+00 -3.5967e+00 +3.9841e+00 +7.1563e-01
220 +4.914754778e-02 +4.914754778e-02 +3.945291475e+02 +3.945291475e+02 -3.9253e+00 -2.8051e+00 -3.7094e+00 +3.8829e+00 +6.8037e-01
226 +2.300152015e-02 +2.300152015e-02 +3.945030015e+02 +3.945030015e+02 -3.8614e+00 -2.8695e+00 -3.7911e+00 +3.8164e+00 +9.7368e-01
239 +1.417931494e-02 +1.417931494e-02 +3.944941793e+02 +3.944941793e+02 -3.9163e+00 -2.9360e+00 -3.8559e+00 +3.8195e+00 +8.2050e-01
264 +2.022449915e-03 +2.022449915e-03 +3.944820224e+02 +3.944820224e+02 -3.9052e+00 -2.8671e+00 -3.7882e+00 +3.9117e+00 +8.2467e-01
359 +1.563749535e-03 +1.563749535e-03 +3.944815637e+02 +3.944815637e+02 -3.9144e+00 -2.8989e+00 -3.7890e+00 +3.9015e+00 +8.9141e-01
386 +6.467962967e-04 +6.467962967e-04 +3.944806468e+02 +3.944806468e+02 -3.8851e+00 -2.8926e+00 -3.7891e+00 +3.8886e+00 +8.5916e-01
398 +4.797337626e-04 +4.797337626e-04 +3.944804797e+02 +3.944804797e+02 -3.8943e+00 -2.8855e+00 -3.7888e+00 +3.8918e+00 +8.6723e-01
407 +2.973235576e-05 +2.973235576e-05 +3.944800297e+02 +3.944800297e+02 -3.8961e+00 -2.8906e+00 -3.8052e+00 +3.9022e+00 +8.5696e-01
502 +1.248402828e-05 +1.248402828e-05 +3.944800125e+02 +3.944800125e+02 -3.8982e+00 -2.8909e+00 -3.8037e+00 +3.9074e+00 +8.5648e-01
505 +5.923651031e-06 +5.923651031e-06 +3.944800059e+02 +3.944800059e+02 -3.8980e+00 -2.8905e+00 -3.8047e+00 +3.9057e+00 +8.5869e-01
587 +2.702623931e-06 +2.702623931e-06 +3.944800027e+02 +3.944800027e+02 -3.8983e+00 -2.8907e+00 -3.8022e+00 +3.9044e+00 +8.6020e-01
602 +3.424847250e-07 +3.424847250e-07 +3.944800003e+02 +3.944800003e+02 -3.8980e+00 -2.8902e+00 -3.8024e+00 +3.9053e+00 +8.5931e-01
683 +1.109665391e-07 +1.109665391e-07 +3.944800001e+02 +3.944800001e+02 -3.8983e+00 -2.8903e+00 -3.8026e+00 +3.9057e+00 +8.5904e-01
714 +9.448160654e-08 +9.448160654e-08 +3.944800001e+02 +3.944800001e+02 -3.8985e+00 -2.8906e+00 -3.8023e+00 +3.9056e+00 +8.5897e-01
749 +1.040911002e-08 +1.040911002e-08 +3.944800000e+02 +3.944800000e+02 -3.8984e+00 -2.8903e+00 -3.8024e+00 +3.9056e+00 +8.5924e-01
810 +5.832362149e-09 +5.832362149e-09 +3.944800000e+02 +3.944800000e+02 -3.8984e+00 -2.8904e+00 -3.8024e+00 +3.9056e+00 +8.5924e-01
% function evaluation | noise-free fitness - Fopt (3.944800000000e+02) | best noise-free fitness - Fopt | measured fitness | best measured fitness | x1 | x2...
1 +1.394027551e+01 +1.394027551e+01 +4.084202755e+02 +4.084202755e+02 -2.6084e+00 -3.4478e+00 -3.7489e+00 +3.4679e+00 -2.5717e+00
10 +4.859833747e+00 +4.859833747e+00 +3.993398337e+02 +3.993398337e+02 -4.5522e+00 -2.6618e+00 -4.0860e+00 +3.5199e+00 -1.1782e+00
14 +3.318038417e+00 +3.318038417e+00 +3.977980384e+02 +3.977980384e+02 -4.8011e+00 -2.4403e+00 -3.2873e+00 +3.2936e+00 -4.2953e-01
35 +3.667761272e-01 +3.667761272e-01 +3.948467761e+02 +3.948467761e+02 -3.5085e+00 -2.5151e+00 -3.7124e+00 +3.8019e+00 +1.0938e+00
141 +8.186866267e-02 +8.186866267e-02 +3.945618687e+02 +3.945618687e+02 -3.8277e+00 -2.6274e+00 -3.7604e+00 +3.9577e+00 +9.1608e-01
156 +4.128318295e-02 +4.128318295e-02 +3.945212832e+02 +3.945212832e+02 -4.0573e+00 -2.8106e+00 -3.8651e+00 +3.9766e+00 +8.8595e-01
184 +1.373518980e-02 +1.373518980e-02 +3.944937352e+02 +3.944937352e+02 -3.9281e+00 -2.8799e+00 -3.8254e+00 +3.9790e+00 +7.7659e-01
201 +3.553228058e-03 +3.553228058e-03 +3.944835532e+02 +3.944835532e+02 -3.8763e+00 -2.9345e+00 -3.8075e+00 +3.9218e+00 +8.3044e-01
210 +2.312866794e-03 +2.312866794e-03 +3.944823129e+02 +3.944823129e+02 -3.9107e+00 -2.9357e+00 -3.8036e+00 +3.8962e+00 +8.6380e-01
257 +6.747813780e-04 +6.747813780e-04 +3.944806748e+02 +3.944806748e+02 -3.8797e+00 -2.8836e+00 -3.8022e+00 +3.9069e+00 +8.7586e-01
285 +4.692465648e-04 +4.692465648e-04 +3.944804692e+02 +3.944804692e+02 -3.8834e+00 -2.8905e+00 -3.7992e+00 +3.9075e+00 +8.7439e-01
311 +1.625255944e-04 +1.625255944e-04 +3.944801625e+02 +3.944801625e+02 -3.8922e+00 -2.8960e+00 -3.8093e+00 +3.9123e+00 +8.5987e-01
330 +1.295720480e-04 +1.295720480e-04 +3.944801296e+02 +3.944801296e+02 -3.8989e+00 -2.8924e+00 -3.8115e+00 +3.9003e+00 +8.6317e-01
377 +9.918311923e-05 +9.918311923e-05 +3.944800992e+02 +3.944800992e+02 -3.9007e+00 -2.8876e+00 -3.8054e+00 +3.9138e+00 +8.5612e-01
388 +5.213438601e-05 +5.213438601e-05 +3.944800521e+02 +3.944800521e+02 -3.9027e+00 -2.8922e+00 -3.8072e+00 +3.9029e+00 +8.5925e-01
414 +2.109962566e-05 +2.109962566e-05 +3.944800211e+02 +3.944800211e+02 -3.8999e+00 -2.8880e+00 -3.8051e+00 +3.9070e+00 +8.6108e-01
434 +5.598396854e-06 +5.598396854e-06 +3.944800056e+02 +3.944800056e+02 -3.8996e+00 -2.8901e+00 -3.8011e+00 +3.9046e+00 +8.5805e-01
468 +2.796881233e-06 +2.796881233e-06 +3.944800028e+02 +3.944800028e+02 -3.8980e+00 -2.8905e+00 -3.8024e+00 +3.9046e+00 +8.6049e-01
489 +7.272867037e-07 +7.272867037e-07 +3.944800007e+02 +3.944800007e+02 -3.8985e+00 -2.8909e+00 -3.8024e+00 +3.9050e+00 +8.5958e-01
526 +5.510918868e-07 +5.510918868e-07 +3.944800006e+02 +3.944800006e+02 -3.8983e+00 -2.8907e+00 -3.8024e+00 +3.9053e+00 +8.5863e-01
538 +3.659377512e-07 +3.659377512e-07 +3.944800004e+02 +3.944800004e+02 -3.8980e+00 -2.8903e+00 -3.8022e+00 +3.9058e+00 +8.5952e-01
552 +2.021001819e-07 +2.021001819e-07 +3.944800002e+02 +3.944800002e+02 -3.8986e+00 -2.8907e+00 -3.8026e+00 +3.9058e+00 +8.5925e-01
567 +4.635933237e-08 +4.635933237e-08 +3.944800000e+02 +3.944800000e+02 -3.8984e+00 -2.8904e+00 -3.8026e+00 +3.9056e+00 +8.5909e-01
633 +3.879517863e-08 +3.879517863e-08 +3.944800000e+02 +3.944800000e+02 -3.8983e+00 -2.8905e+00 -3.8023e+00 +3.9055e+00 +8.5910e-01
659 +2.484443939e-08 +2.484443939e-08 +3.944800000e+02 +3.944800000e+02 -3.8984e+00 -2.8905e+00 -3.8024e+00 +3.9056e+00 +8.5909e-01
660 +1.569134156e-08 +1.569134156e-08 +3.944800000e+02 +3.944800000e+02 -3.8984e+00 -2.8904e+00 -3.8024e+00 +3.9057e+00 +8.5911e-01
670 +6.136190223e-09 +6.136190223e-09 +3.944800000e+02 +3.944800000e+02 -3.8985e+00 -2.8904e+00 -3.8024e+00 +3.9056e+00 +8.5918e-01
% function evaluation | noise-free fitness - Fopt (-2.471100000000e+02) | best noise-free fitness - Fopt | measured fitness | best measured fitness | x1 | x2...
1 +4.505508002e+01 +4.505508002e+01 -2.020549200e+02 -2.020549200e+02 +1.0242e+00 -3.4694e+00 +1.4239e+00 -3.3314e+00 -1.1738e+00
3 +3.885427320e+01 +3.885427320e+01 -2.082557268e+02 -2.082557268e+02 +1.7935e+00 -1.4725e+00 +2.9491e-01 -3.2937e+00 -1.1896e+00
6 +2.071944420e+01 +2.071944420e+01 -2.263905558e+02 -2.263905558e+02 -2.7686e+00 +1.0490e-01 +2.5208e+00 -9.8515e-01 -1.6815e+00
48 +1.150707475e+01 +1.150707475e+01 -2.356029253e+02 -2.356029253e+02 -2.3487e+00 -1.3547e+00 +1.4951e+00 -3.3807e+00 -1.6494e+00
50 +9.558669167e+00 +9.558669167e+00 -2.375513308e+02 -2.375513308e+02 -5.4492e+00 -4.4204e-01 +1.7683e+00 -3.5652e+00 -2.5058e+00
69 +3.514054060e+00 +3.514054060e+00 -2.435959459e+02 -2.435959459e+02 -2.8376e+00 -1.0457e+00 +1.0221e-01 -3.8441e+00 -2.4840e+00
72 +6.709451860e-01 +6.709451860e-01 -2.464390548e+02 -2.464390548e+02 -4.0759e+00 +6.4086e-01 -8.2097e-01 -3.0741e+00 -3.1677e+00
140 +4.891455127e-01 +4.891455127e-01 -2.466208545e+02 -2.466208545e+02 -3.4474e+00 +4.8844e-01 -2.1026e-01 -3.8081e+00 -3.2983e+00
141 +3.794827349e-01 +3.794827349e-01 -2.467305173e+02 -2.467305173e+02 -3.8546e+00 +3.0156e-01 -9.3909e-01 -3.2408e+00 -3.4192e+00
175 +1.985198918e-01 +1.985198918e-01 -2.469114801e+02 -2.469114801e+02 -3.8243e+00 +1.1144e-01 -6.0096e-01 -3.7282e+00 -3.5234e+00
203 +9.418223291e-02 +9.418223291e-02 -2.470158178e+02 -2.470158178e+02 -3.8309e+00 +1.8445e-01 -7.5481e-01 -3.8410e+00 -3.3567e+00
205 +5.064846785e-02 +5.064846785e-02 -2.470593515e+02 -2.470593515e+02 -3.7276e+00 +1.1627e-01 -5.0786e-01 -3.7535e+00 -3.0749e+00
214 +2.602493510e-02 +2.602493510e-02 -2.470839751e+02 -2.470839751e+02 -3.8339e+00 +3.5758e-01 -6.8007e-01 -3.6644e+00 -3.1088e+00
236 +1.748890707e-02 +1.748890707e-02 -2.470925111e+02 -2.470925111e+02 -3.8542e+00 +1.8622e-01 -6.0103e-01 -3.6154e+00 -3.0851e+00
260 +8.219562546e-03 +8.219562546e-03 -2.471017804e+02 -2.471017804e+02 -3.8315e+00 +1.9874e-01 -7.4713e-01 -3.6718e+00 -3.1592e+00
280 +4.059329384e-03 +4.059329384e-03 -2.471059407e+02 -2.471059407e+02 -3.8254e+00 +1.7083e-01 -7.0928e-01 -3.7348e+00 -3.1066e+00
284 +3.899274733e-03 +3.899274733e-03 -2.471061007e+02 -2.471061007e+02 -3.7806e+00 +1.5184e-01 -7.2039e-01 -3.6830e+00 -3.1042e+00
330 +5.830105043e-04 +5.830105043e-04 -2.471094170e+02 -2.471094170e+02 -3.8150e+00 +2.1344e-01 -7.0092e-01 -3.7016e+00 -3.0982e+00
387 +2.461788180e-04 +2.461788180e-04 -2.471097538e+02 -2.471097538e+02 -3.7950e+00 +2.0663e-01 -6.8082e-01 -3.6917e+00 -3.1099e+00
411 +1.142759423e-04 +1.142759423e-04 -2.471098857e+02 -2.471098857e+02 -3.7959e+00 +2.1188e-01 -6.9592e-01 -3.6927e+00 -3.1021e+00
451 +5.045556074e-05 +5.045556074e-05 -2.471099495e+02 -2.471099495e+02 -3.7949e+00 +2.0372e-01 -6.8952e-01 -3.6957e+00 -3.0954e+00
465 +2.983782872e-05 +2.983782872e-05 -2.471099702e+02 -2.471099702e+02 -3.8019e+00 +2.0568e-01 -6.9139e-01 -3.6906e+00 -3.1025e+00
470 +1.254485358e-05 +1.254485358e-05 -2.471099875e+02 -2.471099875e+02 -3.7992e+00 +2.0325e-01 -6.9252e-01 -3.6887e+00 -3.1012e+00
500 +2.897574149e-06 +2.897574149e-06 -2.471099971e+02 -2.471099971e+02 -3.7979e+00 +2.0289e-01 -6.9089e-01 -3.6913e+00 -3.1008e+00
549 +2.234296261e-06 +2.234296261e-06 -2.471099978e+02 -2.471099978e+02 -3.7975e+00 +2.0278e-01 -6.9060e-01 -3.6921e+00 -3.0991e+00
565 +1.377720082e-06 +1.377720082e-06 -2.471099986e+02 -2.471099986e+02 -3.7980e+00 +2.0297e-01 -6.9112e-01 -3.6906e+00 -3.1001e+00
578 +9.289062177e-07 +9.289062177e-07 -2.471099991e+02 -2.471099991e+02 -3.7986e+00 +2.0333e-01 -6.9140e-01 -3.6918e+00 -3.0999e+00
587 +2.764246574e-07 +2.764246574e-07 -2.471099997e+02 -2.471099997e+02 -3.7985e+00 +2.0313e-01 -6.9131e-01 -3.6908e+00 -3.0989e+00
618 +1.402547412e-07 +1.402547412e-07 -2.471099999e+02 -2.471099999e+02 -3.7983e+00 +2.0320e-01 -6.9154e-01 -3.6912e+00 -3.0992e+00
669 +9.145284707e-08 +9.145284707e-08 -2.471099999e+02 -2.471099999e+02 -3.7985e+00 +2.0304e-01 -6.9141e-01 -3.6912e+00 -3.0993e+00
687 +5.070467068e-08 +5.070467068e-08 -2.471099999e+02 -2.471099999e+02 -3.7983e+00 +2.0334e-01 -6.9133e-01 -3.6912e+00 -3.0991e+00
692 +2.910456942e-08 +2.910456942e-08 -2.471100000e+02 -2.471100000e+02 -3.7983e+00 +2.0323e-01 -6.9122e-01 -3.6912e+00 -3.0993e+00
697 +2.186487791e-08 +2.186487791e-08 -2.471100000e+02 -2.471100000e+02 -3.7983e+00 +2.0330e-01 -6.9113e-01 -3.6912e+00 -3.0991e+00
717 +1.186666054e-08 +1.186666054e-08 -2.471100000e+02 -2.471100000e+02 -3.7984e+00 +2.0323e-01 -6.9119e-01 -3.6912e+00 -3.0991e+00
722 +6.728726021e-09 +6.728726021e-09 -2.471100000e+02 -2.471100000e+02 -3.7985e+00 +2.0325e-01 -6.9123e-01 -3.6912e+00 -3.0992e+00
730 +3.891443612e-09 +3.891443612e-09 -2.471100000e+02 -2.471100000e+02 -3.7985e+00 +2.0322e-01 -6.9120e-01 -3.6912e+00 -3.0992e+00
% function evaluation | noise-free fitness - Fopt (-2.471100000000e+02) | best noise-free fitness - Fopt | measured fitness | best measured fitness | x1 | x2...
1 +1.002505011e+02 +1.002505011e+02 -1.468594989e+02 -1.468594989e+02 +3.4116e+00 -1.0682e+00 -3.2866e+00 -8.8420e-01 +2.5607e+00
3 +9.687693343e+01 +9.687693343e+01 -1.502330666e+02 -1.502330666e+02 +2.0557e+00 -8.9676e-01 -6.6970e+00 -6.0623e-01 +8.7707e-01
13 +5.006965518e+01 +5.006965518e+01 -1.970403448e+02 -1.970403448e+02 +8.1858e-01 +1.2107e+00 -1.8078e+00 -5.3155e+00 +1.7847e+00
18 +3.583035945e+01 +3.583035945e+01 -2.112796406e+02 -2.112796406e+02 +1.1862e+00 +1.2155e+00 +6.8202e-01 -1.9084e+00 -8.8660e-01
27 +6.913403956e+00 +6.913403956e+00 -2.401965960e+02 -2.401965960e+02 -2.5273e+00 +4.9889e-01 +2.6647e-01 -3.7436e+00 -1.0279e+00
100 +4.612003081e+00 +4.612003081e+00 -2.424979969e+02 -2.424979969e+02 -5.6593e+00 +1.9677e-01 -1.4491e+00 -2.9629e+00 -2.8892e+00
101 +3.916723169e+00 +3.916723169e+00 -2.431932768e+02 -2.431932768e+02 -5.1313e+00 +1.2482e+00 -5.7989e-01 -2.7462e+00 -3.4768e+00
127 +2.256239601e+00 +2.256239601e+00 -2.448537604e+02 -2.448537604e+02 -3.0569e+00 -6.0380e-01 -5.4773e-01 -4.0182e+00 -2.1360e+00
131 +1.140634354e+00 +1.140634354e+00 -2.459693656e+02 -2.459693656e+02 -3.8849e+00 +7.3266e-01 -1.1086e+00 -4.3290e+00 -2.5778e+00
143 +8.397731619e-01 +8.397731619e-01 -2.462702268e+02 -2.462702268e+02 -3.8809e+00 +5.6326e-01 -4.3987e-01 -4.3737e+00 -2.6817e+00
149 +4.702524098e-01 +4.702524098e-01 -2.466397476e+02 -2.466397476e+02 -4.3138e+00 -8.0749e-02 -7.0458e-01 -4.0426e+00 -3.0814e+00
166 +1.858390411e-01 +1.858390411e-01 -2.469241610e+02 -2.469241610e+02 -3.5294e+00 +1.3314e-01 -9.7928e-01 -3.7515e+00 -3.2473e+00
185 +1.394645064e-01 +1.394645064e-01 -2.469705355e+02 -2.469705355e+02 -3.6145e+00 +4.4676e-03 -9.2050e-01 -3.6296e+00 -3.0002e+00
205 +8.051731880e-02 +8.051731880e-02 -2.470294827e+02 -2.470294827e+02 -3.9707e+00 +3.5747e-01 -6.7625e-01 -3.5836e+00 -3.2226e+00
221 +4.203816689e-02 +4.203816689e-02 -2.470679618e+02 -2.470679618e+02 -3.8526e+00 +2.0311e-01 -7.3776e-01 -3.4994e+00 -3.0876e+00
227 +3.742841992e-02 +3.742841992e-02 -2.470725716e+02 -2.470725716e+02 -3.7590e+00 +2.1348e-01 -5.5829e-01 -3.8140e+00 -3.1542e+00
248 +2.295440203e-02 +2.295440203e-02 -2.470870456e+02 -2.470870456e+02 -3.7237e+00 +1.5994e-01 -6.0016e-01 -3.7295e+00 -3.0234e+00
279 +1.072011314e-02 +1.072011314e-02 -2.470992799e+02 -2.470992799e+02 -3.7740e+00 +2.5796e-01 -7.2418e-01 -3.7430e+00 -3.0413e+00
310 +7.830613602e-03 +7.830613602e-03 -2.471021694e+02 -2.471021694e+02 -3.8189e+00 +2.0337e-01 -6.4325e-01 -3.7621e+00 -3.0900e+00
315 +5.996919709e-03 +5.996919709e-03 -2.471040031e+02 -2.471040031e+02 -3.7874e+00 +2.1071e-01 -7.0866e-01 -3.6446e+00 -3.1570e+00
338 +2.808316864e-03 +2.808316864e-03 -2.471071917e+02 -2.471071917e+02 -3.8144e+00 +1.8743e-01 -6.5599e-01 -3.6681e+00 -3.0761e+00
353 +1.710059725e-03 +1.710059725e-03 -2.471082899e+02 -2.471082899e+02 -3.7984e+00 +2.0805e-01 -6.6048e-01 -3.6645e+00 -3.0937e+00
361 +5.277467237e-04 +5.277467237e-04 -2.471094723e+02 -2.471094723e+02 -3.8074e+00 +1.9302e-01 -6.7965e-01 -3.6938e+00 -3.0850e+00
380 +2.312130914e-04 +2.312130914e-04 -2.471097688e+02 -2.471097688e+02 -3.7902e+00 +2.0811e-01 -6.8997e-01 -3.6818e+00 -3.0921e+00
419 +6.882150774e-05 +6.882150774e-05 -2.471099312e+02 -2.471099312e+02 -3.7967e+00 +2.0199e-01 -6.9153e-01 -3.6869e+00 -3.0924e+00
443 +3.346053958e-05 +3.346053958e-05 -2.471099665e+02 -2.471099665e+02 -3.7956e+00 +2.0363e-01 -6.9118e-01 -3.6916e+00 -3.0942e+00
479 +1.813151653e-05 +1.813151653e-05 -2.471099819e+02 -2.471099819e+02 -3.7967e+00 +2.0303e-01 -6.9018e-01 -3.6923e+00 -3.0956e+00
501 +9.163861876e-06 +9.163861876e-06 -2.471099908e+02 -2.471099908e+02 -3.7966e+00 +2.0412e-01 -6.9237e-01 -3.6901e+00 -3.1008e+00
528 +3.010764260e-06 +3.010764260e-06 -2.471099970e+02 -2.471099970e+02 -3.7975e+00 +2.0441e-01 -6.9194e-01 -3.6910e+00 -3.0988e+00
566 +1.310003199e-06 +1.310003199e-06 -2.471099987e+02 -2.471099987e+02 -3.7983e+00 +2.0233e-01 -6.9064e-01 -3.6915e+00 -3.0995e+00
584 +9.828223710e-07 +9.828223710e-07 -2.471099990e+02 -2.471099990e+02 -3.7985e+00 +2.0246e-01 -6.9113e-01 -3.6906e+00 -3.0994e+00
598 +5.253631628e-07 +5.253631628e-07 -2.471099995e+02 -2.471099995e+02 -3.7983e+00 +2.0255e-01 -6.9112e-01 -3.6910e+00 -3.0990e+00
639 +2.391886085e-07 +2.391886085e-07 -2.471099998e+02 -2.471099998e+02 -3.7988e+00 +2.0323e-01 -6.9117e-01 -3.6915e+00 -3.0991e+00
656 +1.546264343e-07 +1.546264343e-07 -2.471099998e+02 -2.471099998e+02 -3.7983e+00 +2.0286e-01 -6.9124e-01 -3.6911e+00 -3.0991e+00
683 +5.468615427e-08 +5.468615427e-08 -2.471099999e+02 -2.471099999e+02 -3.7986e+00 +2.0313e-01 -6.9124e-01 -3.6912e+00 -3.0992e+00
700 +8.397989859e-09 +8.397989859e-09 -2.471100000e+02 -2.471100000e+02 -3.7984e+00 +2.0313e-01 -6.9121e-01 -3.6912e+00 -3.0992e+00
% function evaluation | noise-free fitness - Fopt (-2.471100000000e+02) | best noise-free fitness - Fopt | measured fitness | best measured fitness | x1 | x2...
1 +1.588389620e+02 +1.588389620e+02 -8.827103795e+01 -8.827103795e+01 +3.2289e+00 +3.5880e+00 +3.1478e+00 +3.7210e+00 +2.2225e+00
6 +1.160791372e+02 +1.160791372e+02 -1.310308628e+02 -1.310308628e+02 +1.7226e+00 +4.6405e+00 +3.5032e+00 +1.0581e+00 +1.9761e+00
16 +9.394461544e+01 +9.394461544e+01 -1.531653846e+02 -1.531653846e+02 +2.2507e+00 +3.2421e+00 +9.2331e-01 -8.6021e-01 +3.0242e+00
27 +5.408739364e+01 +5.408739364e+01 -1.930226064e+02 -1.930226064e+02 +1.3921e+00 +4.1154e+00 -8.2954e-01 -2.5858e+00 +1.5659e-01
28 +2.785531895e+01 +2.785531895e+01 -2.192546811e+02 -2.192546811e+02 -1.6677e+00 +3.1924e+00 -2.2731e+00 -9.1211e-01 -1.0609e+00
34 +1.833958242e+01 +1.833958242e+01 -2.287704176e+02 -2.287704176e+02 -9.0593e-01 +2.6581e+00 -3.1116e-01 -2.4149e+00 -1.6249e+00
56 +6.928645879e+00 +6.928645879e+00 -2.401813541e+02 -2.401813541e+02 -2.4099e+00 +1.7874e+00 -6.3962e-01 -2.4093e+00 -4.0184e+00
83 +5.740874894e+00 +5.740874894e+00 -2.413691251e+02 -2.413691251e+02 -2.8817e+00 +6.4332e-01 -1.5031e+00 -1.6993e+00 -2.8165e+00
92 +1.397519896e+00 +1.397519896e+00 -2.457124801e+02 -2.457124801e+02 -3.8262e+00 -8.2004e-02 -1.0651e+00 -4.7749e+00 -3.0650e+00
146 +8.361393305e-01 +8.361393305e-01 -2.462738607e+02 -2.462738607e+02 -3.9464e+00 -3.4304e-01 -1.3062e+00 -4.0595e+00 -3.1438e+00
157 +4.611118777e-02 +4.611118777e-02 -2.470638888e+02 -2.470638888e+02 -3.8944e+00 +3.4496e-01 -8.1878e-01 -3.6745e+00 -3.0834e+00
278 +2.655601890e-02 +2.655601890e-02 -2.470834440e+02 -2.470834440e+02 -3.6769e+00 +2.6727e-01 -6.5498e-01 -3.7134e+00 -3.1759e+00
283 +1.899633630e-02 +1.899633630e-02 -2.470910037e+02 -2.470910037e+02 -3.7605e+00 +2.8460e-01 -6.4426e-01 -3.6970e+00 -3.1924e+00
292 +1.148998083e-02 +1.148998083e-02 -2.470985100e+02 -2.470985100e+02 -3.7057e+00 +1.9904e-01 -7.3941e-01 -3.6988e+00 -3.0770e+00
309 +8.925302699e-03 +8.925302699e-03 -2.471010747e+02 -2.471010747e+02 -3.7893e+00 +2.3097e-01 -7.4767e-01 -3.6277e+00 -3.0701e+00
333 +3.470945997e-03 +3.470945997e-03 -2.471065291e+02 -2.471065291e+02 -3.8152e+00 +2.1615e-01 -7.0700e-01 -3.6574e+00 -3.1395e+00
356 +2.149156091e-03 +2.149156091e-03 -2.471078508e+02 -2.471078508e+02 -3.8204e+00 +1.8973e-01 -6.7399e-01 -3.7220e+00 -3.1145e+00
368 +9.941493956e-04 +9.941493956e-04 -2.471090059e+02 -2.471090059e+02 -3.7980e+00 +1.9243e-01 -6.8254e-01 -3.6756e+00 -3.0755e+00
378 +6.115002131e-04 +6.115002131e-04 -2.471093885e+02 -2.471093885e+02 -3.7875e+00 +2.0830e-01 -7.0206e-01 -3.6871e+00 -3.0810e+00
388 +2.553768095e-04 +2.553768095e-04 -2.471097446e+02 -2.471097446e+02 -3.7920e+00 +2.0800e-01 -6.9272e-01 -3.6893e+00 -3.1128e+00
396 +1.976294201e-04 +1.976294201e-04 -2.471098024e+02 -2.471098024e+02 -3.7934e+00 +2.0780e-01 -6.9987e-01 -3.6956e+00 -3.1068e+00
408 +9.390867913e-05 +9.390867913e-05 -2.471099061e+02 -2.471099061e+02 -3.7916e+00 +2.0621e-01 -6.9043e-01 -3.6951e+00 -3.1040e+00
445 +2.413019425e-05 +2.413019425e-05 -2.471099759e+02 -2.471099759e+02 -3.7970e+00 +2.0287e-01 -6.8946e-01 -3.6941e+00 -3.0959e+00
476 +1.460021062e-05 +1.460021062e-05 -2.471099854e+02 -2.471099854e+02 -3.7988e+00 +2.0293e-01 -6.8811e-01 -3.6933e+00 -3.0997e+00
484 +6.382886795e-06 +6.382886795e-06 -2.471099936e+02 -2.471099936e+02 -3.8000e+00 +2.0214e-01 -6.9050e-01 -3.6910e+00 -3.1007e+00
507 +6.285570777e-06 +6.285570777e-06 -2.471099937e+02 -2.471099937e+02 -3.7968e+00 +2.0152e-01 -6.9130e-01 -3.6909e+00 -3.1001e+00
533 +3.534881671e-06 +3.534881671e-06 -2.471099965e+02 -2.471099965e+02 -3.7969e+00 +2.0230e-01 -6.9130e-01 -3.6917e+00 -3.0995e+00
563 +2.182365250e-06 +2.182365250e-06 -2.471099978e+02 -2.471099978e+02 -3.7971e+00 +2.0254e-01 -6.9158e-01 -3.6912e+00 -3.0992e+00
565 +1.232847836e-06 +1.232847836e-06 -2.471099988e+02 -2.471099988e+02 -3.7975e+00 +2.0276e-01 -6.9116e-01 -3.6916e+00 -3.0992e+00
584 +8.524239092e-07 +8.524239092e-07 -2.471099991e+02 -2.471099991e+02 -3.7983e+00 +2.0330e-01 -6.9208e-01 -3.6913e+00 -3.0994e+00
591 +2.513494621e-07 +2.513494621e-07 -2.471099997e+02 -2.471099997e+02 -3.7982e+00 +2.0307e-01 -6.9128e-01 -3.6916e+00 -3.0994e+00
621 +1.299844428e-07 +1.299844428e-07 -2.471099999e+02 -2.471099999e+02 -3.7984e+00 +2.0333e-01 -6.9096e-01 -3.6913e+00 -3.0994e+00
667 +8.838736676e-08 +8.838736676e-08 -2.471099999e+02 -2.471099999e+02 -3.7985e+00 +2.0323e-01 -6.9136e-01 -3.6912e+00 -3.0994e+00
683 +5.387460078e-08 +5.387460078e-08 -2.471099999e+02 -2.471099999e+02 -3.7986e+00 +2.0314e-01 -6.9109e-01 -3.6912e+00 -3.0991e+00
688 +3.866480824e-08 +3.866480824e-08 -2.471100000e+02 -2.471100000e+02 -3.7985e+00 +2.0308e-01 -6.9110e-01 -3.6912e+00 -3.0993e+00
724 +2.470196137e-08 +2.470196137e-08 -2.471100000e+02 -2.471100000e+02 -3.7984e+00 +2.0330e-01 -6.9114e-01 -3.6911e+00 -3.0991e+00
739 +1.068923439e-08 +1.068923439e-08 -2.471100000e+02 -2.471100000e+02 -3.7984e+00 +2.0321e-01 -6.9115e-01 -3.6911e+00 -3.0992e+00
743 +3.831218010e-09 +3.831218010e-09 -2.471100000e+02 -2.471100000e+02 -3.7984e+00 +2.0318e-01 -6.9116e-01 -3.6912e+00 -3.0992e+00
% function evaluation | noise-free fitness - Fopt (-1.520400000000e+02) | best noise-free fitness - Fopt | measured fitness | best measured fitness | x1 | x2...
1 +4.517390125e+01 +4.517390125e+01 -1.068660987e+02 -1.068660987e+02 +1.8748e+00 +1.8651e+00 -2.5802e+00 -2.8893e+00 +2.9808e+00
2 +3.471940365e+01 +3.471940365e+01 -1.173205964e+02 -1.173205964e+02 +3.2668e+00 +1.0890e+00 -3.4237e+00 -1.2219e+00 +3.6225e+00
3 +2.226671703e+01 +2.226671703e+01 -1.297732830e+02 -1.297732830e+02 +2.0313e+00 +3.5954e+00 -2.7917e+00 +7.8776e-03 +2.0096e+00
24 +1.542425587e+01 +1.542425587e+01 -1.366157441e+02 -1.366157441e+02 +2.2076e+00 +3.9648e+00 -2.7500e+00 +2.9553e+00 +1.2584e+00
60 +3.576192812e+00 +3.576192812e+00 -1.484638072e+02 -1.484638072e+02 -6.1970e-01 +1.0176e+00 -5.4602e+00 +2.3368e+00 +2.5065e+00
87 +2.307249208e+00 +2.307249208e+00 -1.497327508e+02 -1.497327508e+02 +1.3516e-01 +2.5115e+00 -4.2742e+00 +3.3575e+00 +1.5043e+00
99 +6.525825865e-01 +6.525825865e-01 -1.513874174e+02 -1.513874174e+02 -1.8378e-01 +1.2124e+00 -3.6401e+00 +2.6997e+00 +2.8233e+00
164 +2.431046938e-01 +2.431046938e-01 -1.517968953e+02 -1.517968953e+02 -4.5118e-01 +1.7595e+00 -3.6295e+00 +3.3288e+00 +2.3273e+00
200 +1.446946111e-01 +1.446946111e-01 -1.518953054e+02 -1.518953054e+02 -2.5596e-01 +1.3172e+00 -3.8545e+00 +3.6052e+00 +2.6011e+00
226 +1.719702593e-02 +1.719702593e-02 -1.520228030e+02 -1.520228030e+02 -3.0245e-01 +1.5075e+00 -3.9423e+00 +3.2213e+00 +2.3646e+00
274 +1.041827217e-02 +1.041827217e-02 -1.520295817e+02 -1.520295817e+02 -2.2786e-01 +1.4572e+00 -3.8607e+00 +3.2517e+00 +2.3790e+00
291 +9.525721810e-03 +9.525721810e-03 -1.520304743e+02 -1.520304743e+02 -2.0044e-01 +1.4482e+00 -3.8746e+00 +3.3330e+00 +2.3936e+00
302 +5.718936487e-03 +5.718936487e-03 -1.520342811e+02 -1.520342811e+02 -2.4895e-01 +1.4794e+00 -3.9370e+00 +3.3432e+00 +2.4225e+00
338 +3.044367063e-03 +3.044367063e-03 -1.520369556e+02 -1.520369556e+02 -2.4702e-01 +1.4194e+00 -3.8802e+00 +3.2804e+00 +2.4381e+00
355 +1.307006106e-03 +1.307006106e-03 -1.520386930e+02 -1.520386930e+02 -2.3424e-01 +1.4288e+00 -3.9164e+00 +3.2910e+00 +2.4095e+00
379 +5.098583583e-04 +5.098583583e-04 -1.520394901e+02 -1.520394901e+02 -2.5854e-01 +1.4169e+00 -3.9232e+00 +3.2868e+00 +2.4360e+00
418 +3.372934051e-04 +3.372934051e-04 -1.520396627e+02 -1.520396627e+02 -2.5560e-01 +1.4178e+00 -3.9142e+00 +3.2923e+00 +2.4136e+00
431 +2.036374642e-04 +2.036374642e-04 -1.520397964e+02 -1.520397964e+02 -2.6524e-01 +1.4111e+00 -3.9305e+00 +3.2977e+00 +2.4192e+00
432 +3.525962336e-05 +3.525962336e-05 -1.520399647e+02 -1.520399647e+02 -2.6701e-01 +1.4187e+00 -3.9228e+00 +3.2980e+00 +2.4180e+00
485 +1.395581828e-05 +1.395581828e-05 -1.520399860e+02 -1.520399860e+02 -2.6727e-01 +1.4257e+00 -3.9235e+00 +3.2993e+00 +2.4210e+00
526 +4.194682390e-06 +4.194682390e-06 -1.520399958e+02 -1.520399958e+02 -2.6670e-01 +1.4241e+00 -3.9261e+00 +3.2981e+00 +2.4185e+00
534 +1.247719155e-06 +1.247719155e-06 -1.520399988e+02 -1.520399988e+02 -2.6700e-01 +1.4245e+00 -3.9257e+00 +3.2972e+00 +2.4188e+00
589 +7.762215262e-07 +7.762215262e-07 -1.520399992e+02 -1.520399992e+02 -2.6705e-01 +1.4238e+00 -3.9252e+00 +3.2974e+00 +2.4188e+00
592 +3.536133590e-07 +3.536133590e-07 -1.520399996e+02 -1.520399996e+02 -2.6730e-01 +1.4239e+00 -3.9249e+00 +3.2972e+00 +2.4197e+00
620 +2.448720977e-07 +2.448720977e-07 -1.520399998e+02 -1.520399998e+02 -2.6745e-01 +1.4242e+00 -3.9252e+00 +3.2967e+00 +2.4192e+00
642 +1.103334171e-07 +1.103334171e-07 -1.520399999e+02 -1.520399999e+02 -2.6704e-01 +1.4237e+00 -3.9248e+00 +3.2969e+00 +2.4192e+00
651 +5.856750818e-08 +5.856750818e-08 -1.520399999e+02 -1.520399999e+02 -2.6718e-01 +1.4240e+00 -3.9250e+00 +3.2968e+00 +2.4193e+00
722 +3.886685818e-08 +3.886685818e-08 -1.520400000e+02 -1.520400000e+02 -2.6733e-01 +1.4239e+00 -3.9249e+00 +3.2969e+00 +2.4191e+00
738 +2.143653433e-08 +2.143653433e-08 -1.520400000e+02 -1.520400000e+02 -2.6733e-01 +1.4239e+00 -3.9248e+00 +3.2968e+00 +2.4192e+00
740 +7.413405001e-09 +7.413405001e-09 -1.520400000e+02 -1.520400000e+02 -2.6720e-01 +1.4240e+00 -3.9247e+00 +3.2969e+00 +2.4192e+00
% function evaluation | noise-free fitness - Fopt (-1.520400000000e+02) | best noise-free fitness - Fopt | measured fitness | best measured fitness | x1 | x2...
1 +7.606168345e+01 +7.606168345e+01 -7.597831655e+01 -7.597831655e+01 -1.9537e+00 +3.7310e+00 +8.2308e-01 -2.7892e+00 -4.6405e-01
2 +6.292077400e+01 +6.292077400e+01 -8.911922600e+01 -8.911922600e+01 -1.5357e+00 +3.1026e+00 +4.7542e-01 -1.7040e+00 -1.3390e+00
15 +3.417023718e+01 +3.417023718e+01 -1.178697628e+02 -1.178697628e+02 -1.4125e+00 -5.2784e-01 -2.9461e-01 +6.0361e-01 -5.1631e-01
33 +1.575504679e+01 +1.575504679e+01 -1.362849532e+02 -1.362849532e+02 -3.0767e-01 +4.1660e+00 -1.5447e+00 +1.9416e+00 +1.5629e+00
42 +7.594602754e+00 +7.594602754e+00 -1.444453972e+02 -1.444453972e+02 +1.3581e-01 +3.2493e+00 -4.2053e+00 +1.4886e+00 +1.5519e+00
70 +5.018793660e+00 +5.018793660e+00 -1.470212063e+02 -1.470212063e+02 -8.5460e-01 +1.6821e+00 -5.9427e+00 +2.6093e+00 +2.6695e+00
103 +3.475237891e+00 +3.475237891e+00 -1.485647621e+02 -1.485647621e+02 +1.1364e+00 +1.5793e+00 -3.6785e+00 +4.3919e+00 +2.8895e+00
107 +2.164039259e+00 +2.164039259e+00 -1.498759607e+02 -1.498759607e+02 -1.0263e+00 +3.8374e-01 -3.8962e+00 +2.6339e+00 +2.6750e+00
113 +1.186478027e+00 +1.186478027e+00 -1.508535220e+02 -1.508535220e+02 +3.7907e-03 +2.3764e+00 -3.9549e+00 +2.9998e+00 +2.7611e+00
139 +7.413772348e-01 +7.413772348e-01 -1.512986228e+02 -1.512986228e+02 -3.2662e-01 +1.9153e+00 -3.5054e+00 +3.4582e+00 +1.8765e+00
155 +1.890183648e-01 +1.890183648e-01 -1.518509816e+02 -1.518509816e+02 -1.8877e-01 +1.3986e+00 -3.8012e+00 +3.2171e+00 +2.0185e+00
195 +1.382064199e-01 +1.382064199e-01 -1.519017936e+02 -1.519017936e+02 -2.2790e-01 +1.5239e+00 -4.2153e+00 +3.4207e+00 +2.2551e+00
231 +7.089060541e-02 +7.089060541e-02 -1.519691094e+02 -1.519691094e+02 -3.4624e-01 +1.3902e+00 -3.7081e+00 +3.1685e+00 +2.4096e+00
241 +5.307623927e-02 +5.307623927e-02 -1.519869238e+02 -1.519869238e+02 -2.8726e-01 +1.3267e+00 -3.8104e+00 +3.4521e+00 +2.4965e+00
263 +3.833485371e-02 +3.833485371e-02 -1.520016651e+02 -1.520016651e+02 -2.8067e-01 +1.5184e+00 -3.8453e+00 +3.4236e+00 +2.5020e+00
275 +1.839150076e-02 +1.839150076e-02 -1.520216085e+02 -1.520216085e+02 -3.6505e-01 +1.3979e+00 -3.8631e+00 +3.3590e+00 +2.4408e+00
286 +1.479910277e-02 +1.479910277e-02 -1.520252009e+02 -1.520252009e+02 -3.2075e-01 +1.3862e+00 -3.9176e+00 +3.3081e+00 +2.3176e+00
306 +1.544422988e-03 +1.544422988e-03 -1.520384556e+02 -1.520384556e+02 -2.5505e-01 +1.3982e+00 -3.9029e+00 +3.2823e+00 +2.4129e+00
380 +4.298697768e-04 +4.298697768e-04 -1.520395701e+02 -1.520395701e+02 -2.5724e-01 +1.4267e+00 -3.9244e+00 +3.3039e+00 +2.4357e+00
422 +2.766399117e-04 +2.766399117e-04 -1.520397234e+02 -1.520397234e+02 -2.6192e-01 +1.4301e+00 -3.9348e+00 +3.2884e+00 +2.4128e+00
446 +2.294576931e-04 +2.294576931e-04 -1.520397705e+02 -1.520397705e+02 -2.6867e-01 +1.4300e+00 -3.9333e+00 +3.3043e+00 +2.4112e+00
451 +1.223660676e-04 +1.223660676e-04 -1.520398776e+02 -1.520398776e+02 -2.6147e-01 +1.4332e+00 -3.9244e+00 +3.2989e+00 +2.4194e+00
457 +8.360043373e-05 +8.360043373e-05 -1.520399164e+02 -1.520399164e+02 -2.6848e-01 +1.4267e+00 -3.9310e+00 +3.2980e+00 +2.4133e+00
470 +5.532772155e-05 +5.532772155e-05 -1.520399447e+02 -1.520399447e+02 -2.7319e-01 +1.4246e+00 -3.9239e+00 +3.2947e+00 +2.4155e+00
509 +3.588628735e-05 +3.588628735e-05 -1.520399641e+02 -1.520399641e+02 -2.6447e-01 +1.4274e+00 -3.9274e+00 +3.2994e+00 +2.4211e+00
535 +6.818433263e-06 +6.818433263e-06 -1.520399932e+02 -1.520399932e+02 -2.6871e-01 +1.4229e+00 -3.9234e+00 +3.2959e+00 +2.4186e+00
561 +9.230816715e-07 +9.230816715e-07 -1.520399991e+02 -1.520399991e+02 -2.6729e-01 +1.4233e+00 -3.9251e+00 +3.2972e+00 +2.4196e+00
607 +5.491098705e-07 +5.491098705e-07 -1.520399995e+02 -1.520399995e+02 -2.6722e-01 +1.4240e+00 -3.9251e+00 +3.2971e+00 +2.4198e+00
640 +2.176287524e-07 +2.176287524e-07 -1.520399998e+02 -1.520399998e+02 -2.6676e-01 +1.4241e+00 -3.9249e+00 +3.2967e+00 +2.4192e+00
683 +2.693192869e-08 +2.693192869e-08 -1.520400000e+02 -1.520400000e+02 -2.6729e-01 +1.4241e+00 -3.9248e+00 +3.2968e+00 +2.4192e+00
762 +2.472265237e-08 +2.472265237e-08 -1.520400000e+02 -1.520400000e+02 -2.6711e-01 +1.4240e+00 -3.9248e+00 +3.2969e+00 +2.4191e+00
794 +1.485921075e-08 +1.485921075e-08 -1.520400000e+02 -1.520400000e+02 -2.6716e-01 +1.4241e+00 -3.9248e+00 +3.2968e+00 +2.4191e+00
818 +7.831147286e-09 +7.831147286e-09 -1.520400000e+02 -1.520400000e+02 -2.6713e-01 +1.4240e+00 -3.9248e+00 +3.2968e+00 +2.4192e+00
819 +5.184119800e-09 +5.184119800e-09 -1.520400000e+02 -1.520400000e+02 -2.6719e-01 +1.4240e+00 -3.9248e+00 +3.2968e+00 +2.4192e+00
826 +2.029025836e-09 +2.029025836e-09 -1.520400000e+02 -1.520400000e+02 -2.6718e-01 +1.4240e+00 -3.9248e+00 +3.2968e+00 +2.4192e+00
% function evaluation | noise-free fitness - Fopt (-1.520400000000e+02) | best noise-free fitness - Fopt | measured fitness | best measured fitness | x1 | x2...
1 +5.851188873e+01 +5.851188873e+01 -9.352811127e+01 -9.352811127e+01 -7.7903e-01 -3.6356e+00 -6.1978e-01 -3.4981e-01 -4.8416e-01
3 +1.452664054e+01 +1.452664054e+01 -1.375133595e+02 -1.375133595e+02 -2.4875e+00 +1.6582e+00 -4.2726e+00 +1.6755e+00 -1.8701e-01
17 +9.151085135e+00 +9.151085135e+00 -1.428889149e+02 -1.428889149e+02 -2.5003e+00 +9.2036e-01 -2.8290e+00 +4.1158e+00 +9.9119e-01
34 +5.697500490e+00 +5.697500490e+00 -1.463424995e+02 -1.463424995e+02 +7.0381e-01 -2.4851e-01 -3.1949e+00 +3.1326e+00 +1.2370e+00
68 +3.816964169e+00 +3.816964169e+00 -1.482230358e+02 -1.482230358e+02 -1.2666e+00 +3.2351e-01 -3.7013e+00 +4.2904e+00 +3.1740e+00
78 +2.401577515e+00 +2.401577515e+00 -1.496384225e+02 -1.496384225e+02 -4.2816e-01 +8.6696e-01 -3.2623e+00 +4.4789e+00 +1.9405e+00
90 +7.321499988e-01 +7.321499988e-01 -1.513078500e+02 -1.513078500e+02 +1.1452e-01 +1.6778e+00 -3.3110e+00 +3.5599e+00 +2.6950e+00
115 +4.733637244e-01 +4.733637244e-01 -1.515666363e+02 -1.515666363e+02 -5.5464e-01 +1.9686e+00 -3.6763e+00 +3.2937e+00 +2.2393e+00
119 +3.210156889e-01 +3.210156889e-01 -1.517189843e+02 -1.517189843e+02 -6.2486e-01 +1.5499e+00 -3.5882e+00 +3.0459e+00 +2.4501e+00
138 +7.030614313e-02 +7.030614313e-02 -1.519696939e+02 -1.519696939e+02 -2.3771e-01 +1.2604e+00 -4.0687e+00 +3.4253e+00 +2.4928e+00
170 +4.975684431e-02 +4.975684431e-02 -1.519902432e+02 -1.519902432e+02 -2.3570e-01 +1.3548e+00 -3.7699e+00 +3.4121e+00 +2.5009e+00
194 +1.061678657e-02 +1.061678657e-02 -1.520293832e+02 -1.520293832e+02 -2.7776e-01 +1.4657e+00 -3.9040e+00 +3.3438e+00 +2.4975e+00
237 +8.625101541e-03 +8.625101541e-03 -1.520313749e+02 -1.520313749e+02 -2.1114e-01 +1.4149e+00 -3.9755e+00 +3.3254e+00 +2.3743e+00
244 +5.788100337e-03 +5.788100337e-03 -1.520342119e+02 -1.520342119e+02 -2.1463e-01 +1.4251e+00 -3.8948e+00 +3.3371e+00 +2.4415e+00
275 +3.597648138e-03 +3.597648138e-03 -1.520364024e+02 -1.520364024e+02 -2.7417e-01 +1.4642e+00 -3.9259e+00 +3.3400e+00 +2.4276e+00
285 +9.451688795e-04 +9.451688795e-04 -1.520390548e+02 -1.520390548e+02 -2.8073e-01 +1.4199e+00 -3.9232e+00 +3.3215e+00 +2.4307e+00
325 +5.171266475e-04 +5.171266475e-04 -1.520394829e+02 -1.520394829e+02 -2.7072e-01 +1.4318e+00 -3.9247e+00 +3.3161e+00 +2.4107e+00
332 +1.346522219e-04 +1.346522219e-04 -1.520398653e+02 -1.520398653e+02 -2.7002e-01 +1.4169e+00 -3.9183e+00 +3.3014e+00 +2.4228e+00
359 +6.495874410e-05 +6.495874410e-05 -1.520399350e+02 -1.520399350e+02 -2.6593e-01 +1.4262e+00 -3.9300e+00 +3.2928e+00 +2.4231e+00
388 +5.659414245e-05 +5.659414245e-05 -1.520399434e+02 -1.520399434e+02 -2.6707e-01 +1.4219e+00 -3.9308e+00 +3.2944e+00 +2.4224e+00
402 +3.761640292e-05 +3.761640292e-05 -1.520399624e+02 -1.520399624e+02 -2.6547e-01 +1.4224e+00 -3.9289e+00 +3.2985e+00 +2.4227e+00
411 +9.686930071e-06 +9.686930071e-06 -1.520399903e+02 -1.520399903e+02 -2.6632e-01 +1.4216e+00 -3.9261e+00 +3.2959e+00 +2.4200e+00
442 +2.694582292e-06 +2.694582292e-06 -1.520399973e+02 -1.520399973e+02 -2.6808e-01 +1.4244e+00 -3.9240e+00 +3.2958e+00 +2.4192e+00
465 +8.654487829e-07 +8.654487829e-07 -1.520399991e+02 -1.520399991e+02 -2.6695e-01 +1.4244e+00 -3.9250e+00 +3.2976e+00 +2.4191e+00
527 +5.050220295e-07 +5.050220295e-07 -1.520399995e+02 -1.520399995e+02 -2.6755e-01 +1.4241e+00 -3.9245e+00 +3.2965e+00 +2.4187e+00
543 +3.898682053e-07 +3.898682053e-07 -1.520399996e+02 -1.520399996e+02 -2.6729e-01 +1.4244e+00 -3.9248e+00 +3.2964e+00 +2.4194e+00
547 +1.909239415e-07 +1.909239415e-07 -1.520399998e+02 -1.520399998e+02 -2.6724e-01 +1.4241e+00 -3.9248e+00 +3.2964e+00 +2.4194e+00
559 +1.397802691e-07 +1.397802691e-07 -1.520399999e+02 -1.520399999e+02 -2.6708e-01 +1.4241e+00 -3.9250e+00 +3.2965e+00 +2.4192e+00
577 +8.167376109e-08 +8.167376109e-08 -1.520399999e+02 -1.520399999e+02 -2.6735e-01 +1.4240e+00 -3.9249e+00 +3.2967e+00 +2.4190e+00
609 +2.352757633e-08 +2.352757633e-08 -1.520400000e+02 -1.520400000e+02 -2.6714e-01 +1.4240e+00 -3.9247e+00 +3.2968e+00 +2.4193e+00
623 +1.099778046e-08 +1.099778046e-08 -1.520400000e+02 -1.520400000e+02 -2.6717e-01 +1.4240e+00 -3.9248e+00 +3.2967e+00 +2.4193e+00
648 +9.608243090e-10 +9.608243090e-10 -1.520400000e+02 -1.520400000e+02 -2.6720e-01 +1.4240e+00 -3.9248e+00 +3.2968e+00 +2.4192e+00
% function evaluation | noise-free fitness - Fopt (-2.525000000000e+01) | best noise-free fitness - Fopt | measured fitness | best measured fitness | x1 | x2...
1 +5.086663043e+01 +5.086663043e+01 +2.561663043e+01 +2.561663043e+01 +1.4022e+00 -2.5334e+00 +9.7119e-01 +3.2919e+00 +2.5468e+00
3 +3.483072460e+01 +3.483072460e+01 +9.580724605e+00 +9.580724605e+00 +3.3024e+00 -3.2876e+00 -8.0595e-01 +1.7440e+00 +1.3524e+00
10 +2.313175253e+01 +2.313175253e+01 -2.118247469e+00 -2.118247469e+00 +3.5913e+00 -1.0554e+00 -3.9251e-02 +1.6525e+00 +1.3265e+00
26 +1.398987043e+01 +1.398987043e+01 -1.126012957e+01 -1.126012957e+01 +3.1968e+00 -1.6104e+00 -3.0347e-01 +3.4124e-01 +2.1557e+00
58 +8.334720343e+00 +8.334720343e+00 -1.691527966e+01 -1.691527966e+01 +1.5263e+00 +2.0718e+00 -1.8768e+00 -1.5131e+00 +2.1591e+00
69 +5.904697627e+00 +5.904697627e+00 -1.934530237e+01 -1.934530237e+01 +3.8449e+00 -5.5752e-01 -1.4907e+00 -2.6251e+00 +1.2471e+00
78 +3.664124982e+00 +3.664124982e+00 -2.158587502e+01 -2.158587502e+01 +4.3394e+00 +2.4018e-01 -2.3578e+00 -2.9703e+00 +2.0977e+00
80 +1.242984093e+00 +1.242984093e+00 -2.400701591e+01 -2.400701591e+01 +3.7065e+00 +1.4585e-01 -1.7944e+00 -1.7953e+00 +4.1502e+00
163 +6.830656520e-01 +6.830656520e-01 -2.456693435e+01 -2.456693435e+01 +2.8297e+00 +7.7905e-01 -1.2291e+00 -2.0703e+00 +3.2434e+00
167 +5.168007008e-01 +5.168007008e-01 -2.473319930e+01 -2.473319930e+01 +3.6570e+00 +7.1103e-01 -8.4857e-01 -2.5130e+00 +3.5229e+00
180 +2.051931450e-01 +2.051931450e-01 -2.504480685e+01 -2.504480685e+01 +3.2919e+00 +5.8919e-01 -1.1312e+00 -2.0691e+00 +3.3846e+00
194 +1.564434319e-01 +1.564434319e-01 -2.509355657e+01 -2.509355657e+01 +3.6865e+00 +2.7353e-01 -1.3082e+00 -2.1618e+00 +3.2102e+00
205 +9.983734787e-02 +9.983734787e-02 -2.515016265e+01 -2.515016265e+01 +3.3411e+00 +5.3154e-01 -1.4975e+00 -2.2017e+00 +3.3758e+00
229 +4.029976055e-02 +4.029976055e-02 -2.520970024e+01 -2.520970024e+01 +3.4879e+00 +5.7847e-01 -1.5572e+00 -2.1935e+00 +3.2647e+00
232 +8.654441253e-03 +8.654441253e-03 -2.524134556e+01 -2.524134556e+01 +3.5855e+00 +6.6941e-01 -1.4231e+00 -2.0730e+00 +3.3137e+00
309 +5.566993156e-03 +5.566993156e-03 -2.524443301e+01 -2.524443301e+01 +3.5658e+00 +5.9944e-01 -1.4460e+00 -2.1425e+00 +3.2617e+00
315 +2.412016230e-03 +2.412016230e-03 -2.524758798e+01 -2.524758798e+01 +3.6172e+00 +5.9301e-01 -1.4340e+00 -2.1379e+00 +3.2811e+00
322 +1.395178585e-03 +1.395178585e-03 -2.524860482e+01 -2.524860482e+01 +3.6069e+00 +6.1786e-01 -1.3913e+00 -2.1419e+00 +3.2977e+00
348 +4.364631451e-04 +4.364631451e-04 -2.524956354e+01 -2.524956354e+01 +3.6079e+00 +6.3076e-01 -1.4329e+00 -2.1579e+00 +3.2819e+00
394 +3.533821226e-04 +3.533821226e-04 -2.524964662e+01 -2.524964662e+01 +3.6105e+00 +6.5135e-01 -1.4152e+00 -2.1584e+00 +3.2990e+00
405 +1.229414737e-04 +1.229414737e-04 -2.524987706e+01 -2.524987706e+01 +3.6131e+00 +6.3334e-01 -1.4151e+00 -2.1480e+00 +3.2896e+00
425 +9.734510785e-05 +9.734510785e-05 -2.524990265e+01 -2.524990265e+01 +3.6157e+00 +6.3913e-01 -1.4200e+00 -2.1443e+00 +3.2993e+00
430 +5.271884874e-05 +5.271884874e-05 -2.524994728e+01 -2.524994728e+01 +3.6115e+00 +6.3590e-01 -1.4214e+00 -2.1540e+00 +3.3033e+00
451 +3.233568196e-05 +3.233568196e-05 -2.524996766e+01 -2.524996766e+01 +3.6180e+00 +6.3917e-01 -1.4216e+00 -2.1526e+00 +3.2949e+00
496 +6.201103869e-06 +6.201103869e-06 -2.524999380e+01 -2.524999380e+01 +3.6127e+00 +6.3605e-01 -1.4217e+00 -2.1514e+00 +3.2977e+00
542 +3.500484976e-06 +3.500484976e-06 -2.524999650e+01 -2.524999650e+01 +3.6131e+00 +6.3542e-01 -1.4202e+00 -2.1528e+00 +3.2968e+00
554 +2.163812315e-06 +2.163812315e-06 -2.524999784e+01 -2.524999784e+01 +3.6142e+00 +6.3630e-01 -1.4209e+00 -2.1523e+00 +3.2973e+00
564 +8.721059856e-07 +8.721059856e-07 -2.524999913e+01 -2.524999913e+01 +3.6140e+00 +6.3537e-01 -1.4209e+00 -2.1527e+00 +3.2964e+00
609 +3.781086093e-07 +3.781086093e-07 -2.524999962e+01 -2.524999962e+01 +3.6140e+00 +6.3541e-01 -1.4220e+00 -2.1529e+00 +3.2968e+00
658 +1.609529896e-07 +1.609529896e-07 -2.524999984e+01 -2.524999984e+01 +3.6146e+00 +6.3514e-01 -1.4214e+00 -2.1530e+00 +3.2970e+00
659 +6.673257502e-08 +6.673257502e-08 -2.524999993e+01 -2.524999993e+01 +3.6143e+00 +6.3528e-01 -1.4215e+00 -2.1527e+00 +3.2966e+00
699 +3.675802063e-08 +3.675802063e-08 -2.524999996e+01 -2.524999996e+01 +3.6144e+00 +6.3505e-01 -1.4216e+00 -2.1528e+00 +3.2969e+00
707 +2.022126822e-08 +2.022126822e-08 -2.524999998e+01 -2.524999998e+01 +3.6145e+00 +6.3521e-01 -1.4215e+00 -2.1528e+00 +3.2969e+00
719 +8.236291649e-09 +8.236291649e-09 -2.524999999e+01 -2.524999999e+01 +3.6144e+00 +6.3512e-01 -1.4216e+00 -2.1528e+00 +3.2968e+00
722 +5.967539352e-09 +5.967539352e-09 -2.524999999e+01 -2.524999999e+01 +3.6143e+00 +6.3520e-01 -1.4216e+00 -2.1528e+00 +3.2968e+00
% function evaluation | noise-free fitness - Fopt (-2.525000000000e+01) | best noise-free fitness - Fopt | measured fitness | best measured fitness | x1 | x2...
1 +6.216388371e+01 +6.216388371e+01 +3.691388371e+01 +3.691388371e+01 +3.7894e+00 -2.0575e+00 +2.2522e+00 -1.6816e+00 -3.1191e+00
4 +2.990687272e+01 +2.990687272e+01 +4.656872725e+00 +4.656872725e+00 +1.3364e+00 -2.2176e+00 -3.1128e-01 -4.7620e+00 +3.7466e-01
18 +2.084851755e+01 +2.084851755e+01 -4.401482448e+00 -4.401482448e+00 +1.7612e+00 -1.6922e-01 -1.7255e-01 -4.0601e+00 -1.0454e-01
28 +1.121561527e+01 +1.121561527e+01 -1.403438473e+01 -1.403438473e+01 +3.6423e+00 -2.3566e+00 -1.4405e+00 -3.5080e+00 +2.6432e+00
33 +7.425782175e+00 +7.425782175e+00 -1.782421782e+01 -1.782421782e+01 +1.8570e+00 -1.1257e+00 -5.2329e-01 -2.6358e+00 +2.8536e+00
40 +5.761718569e+00 +5.761718569e+00 -1.948828143e+01 -1.948828143e+01 +2.1882e+00 +9.7145e-01 -1.5981e+00 -1.0866e+00 +1.7326e+00
110 +2.067020874e+00 +2.067020874e+00 -2.318297913e+01 -2.318297913e+01 +3.5763e+00 +1.1520e+00 -1.1209e+00 -2.5777e+00 +2.0609e+00
145 +5.563098085e-01 +5.563098085e-01 -2.469369019e+01 -2.469369019e+01 +3.0991e+00 +7.7981e-01 -1.0733e+00 -2.3728e+00 +2.9804e+00
147 +1.463486119e-01 +1.463486119e-01 -2.510365139e+01 -2.510365139e+01 +3.5024e+00 +8.3896e-01 -1.4191e+00 -2.1636e+00 +3.6004e+00
192 +4.649565844e-02 +4.649565844e-02 -2.520350434e+01 -2.520350434e+01 +3.5526e+00 +5.9421e-01 -1.2644e+00 -2.2802e+00 +3.3053e+00
226 +1.754981471e-02 +1.754981471e-02 -2.523245019e+01 -2.523245019e+01 +3.5285e+00 +6.7502e-01 -1.4898e+00 -2.1511e+00 +3.2341e+00
294 +9.887345482e-03 +9.887345482e-03 -2.524011265e+01 -2.524011265e+01 +3.5252e+00 +6.7109e-01 -1.4015e+00 -2.1628e+00 +3.2849e+00
310 +5.795004536e-03 +5.795004536e-03 -2.524420500e+01 -2.524420500e+01 +3.5594e+00 +6.5154e-01 -1.4064e+00 -2.1239e+00 +3.2588e+00
328 +3.967378631e-03 +3.967378631e-03 -2.524603262e+01 -2.524603262e+01 +3.5675e+00 +6.0809e-01 -1.4138e+00 -2.1567e+00 +3.2658e+00
330 +1.561982761e-03 +1.561982761e-03 -2.524843802e+01 -2.524843802e+01 +3.5775e+00 +6.3199e-01 -1.4172e+00 -2.1399e+00 +3.2995e+00
350 +5.993680832e-04 +5.993680832e-04 -2.524940063e+01 -2.524940063e+01 +3.6325e+00 +6.3060e-01 -1.4359e+00 -2.1569e+00 +3.3022e+00
426 +2.188359833e-05 +2.188359833e-05 -2.524997812e+01 -2.524997812e+01 +3.6117e+00 +6.3862e-01 -1.4202e+00 -2.1538e+00 +3.2964e+00
535 +1.563371683e-05 +1.563371683e-05 -2.524998437e+01 -2.524998437e+01 +3.6130e+00 +6.3459e-01 -1.4209e+00 -2.1510e+00 +3.2937e+00
569 +7.313960896e-06 +7.313960896e-06 -2.524999269e+01 -2.524999269e+01 +3.6137e+00 +6.3416e-01 -1.4199e+00 -2.1545e+00 +3.2973e+00
586 +1.928327581e-06 +1.928327581e-06 -2.524999807e+01 -2.524999807e+01 +3.6147e+00 +6.3503e-01 -1.4207e+00 -2.1519e+00 +3.2970e+00
638 +1.259450919e-06 +1.259450919e-06 -2.524999874e+01 -2.524999874e+01 +3.6151e+00 +6.3531e-01 -1.4208e+00 -2.1525e+00 +3.2969e+00
642 +5.276352155e-07 +5.276352155e-07 -2.524999947e+01 -2.524999947e+01 +3.6141e+00 +6.3548e-01 -1.4210e+00 -2.1527e+00 +3.2965e+00
679 +2.265726664e-07 +2.265726664e-07 -2.524999977e+01 -2.524999977e+01 +3.6148e+00 +6.3523e-01 -1.4213e+00 -2.1528e+00 +3.2968e+00
710 +1.463786674e-07 +1.463786674e-07 -2.524999985e+01 -2.524999985e+01 +3.6142e+00 +6.3531e-01 -1.4217e+00 -2.1528e+00 +3.2965e+00
734 +3.143973970e-08 +3.143973970e-08 -2.524999997e+01 -2.524999997e+01 +3.6143e+00 +6.3532e-01 -1.4216e+00 -2.1529e+00 +3.2967e+00
770 +1.896957613e-08 +1.896957613e-08 -2.524999998e+01 -2.524999998e+01 +3.6143e+00 +6.3523e-01 -1.4215e+00 -2.1529e+00 +3.2968e+00
778 +1.034016961e-08 +1.034016961e-08 -2.524999999e+01 -2.524999999e+01 +3.6145e+00 +6.3526e-01 -1.4216e+00 -2.1528e+00 +3.2968e+00
811 +9.302905113e-09 +9.302905113e-09 -2.524999999e+01 -2.524999999e+01 +3.6144e+00 +6.3520e-01 -1.4215e+00 -2.1528e+00 +3.2967e+00
% function evaluation | noise-free fitness - Fopt (-2.525000000000e+01) | best noise-free fitness - Fopt | measured fitness | best measured fitness | x1 | x2...
1 +5.886076848e+01 +5.886076848e+01 +3.361076848e+01 +3.361076848e+01 -1.1271e+00 +3.4894e+00 +3.5770e+00 -3.9534e+00 +3.2335e+00
13 +3.917910689e+01 +3.917910689e+01 +1.392910689e+01 +1.392910689e+01 +3.0031e+00 +2.9451e+00 +3.1573e+00 -4.7905e+00 +5.6519e+00
23 +1.411547951e+01 +1.411547951e+01 -1.113452049e+01 -1.113452049e+01 +5.8482e+00 +1.0284e+00 +6.9545e-01 -3.3262e+00 +5.0610e+00
67 +6.923715174e+00 +6.923715174e+00 -1.832628483e+01 -1.832628483e+01 +4.4762e+00 -1.5254e+00 -8.9575e-01 -3.1952e+00 +3.6837e+00
77 +5.032939921e+00 +5.032939921e+00 -2.021706008e+01 -2.021706008e+01 +1.6871e+00 +1.6159e-01 -5.4452e-01 -2.1948e+00 +3.8653e+00
82 +3.286971024e+00 +3.286971024e+00 -2.196302898e+01 -2.196302898e+01 +4.4093e+00 +3.9870e-02 -1.4516e+00 -9.9133e-01 +4.2719e+00
130 +1.446307702e+00 +1.446307702e+00 -2.380369230e+01 -2.380369230e+01 +2.7429e+00 +1.0320e-01 -8.8883e-01 -2.2027e+00 +3.6395e+00
150 +7.212203702e-01 +7.212203702e-01 -2.452877963e+01 -2.452877963e+01 +4.2740e+00 +1.4883e-01 -1.4599e+00 -2.1705e+00 +3.0782e+00
154 +5.728278896e-01 +5.728278896e-01 -2.467717211e+01 -2.467717211e+01 +3.8967e+00 +1.3744e-01 -9.4551e-01 -2.2787e+00 +3.2437e+00
169 +3.976690698e-01 +3.976690698e-01 -2.485233093e+01 -2.485233093e+01 +3.9340e+00 +8.4807e-01 -1.2181e+00 -1.7840e+00 +3.0270e+00
172 +2.245195403e-01 +2.245195403e-01 -2.502548046e+01 -2.502548046e+01 +4.0024e+00 +4.8316e-01 -1.4657e+00 -2.1254e+00 +3.0774e+00
178 +1.481556513e-01 +1.481556513e-01 -2.510184435e+01 -2.510184435e+01 +3.6502e+00 +8.4551e-01 -1.2461e+00 -1.9039e+00 +3.1974e+00
193 +9.714243135e-02 +9.714243135e-02 -2.515285757e+01 -2.515285757e+01 +3.4967e+00 +6.1085e-01 -1.2058e+00 -1.9756e+00 +3.2282e+00
230 +5.620647858e-02 +5.620647858e-02 -2.519379352e+01 -2.519379352e+01 +3.7484e+00 +5.7033e-01 -1.4126e+00 -2.0688e+00 +3.4609e+00
236 +1.393087097e-02 +1.393087097e-02 -2.523606913e+01 -2.523606913e+01 +3.6204e+00 +5.6290e-01 -1.4468e+00 -2.0640e+00 +3.2848e+00
271 +6.120063948e-03 +6.120063948e-03 -2.524387994e+01 -2.524387994e+01 +3.6308e+00 +6.6947e-01 -1.4592e+00 -2.2097e+00 +3.3020e+00
292 +2.017067337e-03 +2.017067337e-03 -2.524798293e+01 -2.524798293e+01 +3.6339e+00 +6.2218e-01 -1.3988e+00 -2.1659e+00 +3.2689e+00
311 +7.348945947e-04 +7.348945947e-04 -2.524926511e+01 -2.524926511e+01 +3.6030e+00 +6.5584e-01 -1.4295e+00 -2.1628e+00 +3.2929e+00
333 +5.335143805e-04 +5.335143805e-04 -2.524946649e+01 -2.524946649e+01 +3.6254e+00 +6.4502e-01 -1.4322e+00 -2.1646e+00 +3.2888e+00
375 +3.260606441e-04 +3.260606441e-04 -2.524967394e+01 -2.524967394e+01 +3.6004e+00 +6.3612e-01 -1.4268e+00 -2.1629e+00 +3.2968e+00
389 +1.342901753e-04 +1.342901753e-04 -2.524986571e+01 -2.524986571e+01 +3.6074e+00 +6.2860e-01 -1.4276e+00 -2.1504e+00 +3.2960e+00
400 +4.328423783e-05 +4.328423783e-05 -2.524995672e+01 -2.524995672e+01 +3.6119e+00 +6.3624e-01 -1.4218e+00 -2.1530e+00 +3.3028e+00
458 +3.579073680e-05 +3.579073680e-05 -2.524996421e+01 -2.524996421e+01 +3.6096e+00 +6.3799e-01 -1.4233e+00 -2.1541e+00 +3.2963e+00
468 +1.841385767e-05 +1.841385767e-05 -2.524998159e+01 -2.524998159e+01 +3.6147e+00 +6.3832e-01 -1.4236e+00 -2.1549e+00 +3.2963e+00
491 +7.313031524e-06 +7.313031524e-06 -2.524999269e+01 -2.524999269e+01 +3.6144e+00 +6.3549e-01 -1.4211e+00 -2.1502e+00 +3.2966e+00
519 +5.538637787e-06 +5.538637787e-06 -2.524999446e+01 -2.524999446e+01 +3.6143e+00 +6.3708e-01 -1.4208e+00 -2.1516e+00 +3.2967e+00
524 +2.280269943e-06 +2.280269943e-06 -2.524999772e+01 -2.524999772e+01 +3.6135e+00 +6.3514e-01 -1.4220e+00 -2.1540e+00 +3.2968e+00
539 +9.424372109e-07 +9.424372109e-07 -2.524999906e+01 -2.524999906e+01 +3.6146e+00 +6.3521e-01 -1.4220e+00 -2.1523e+00 +3.2975e+00
572 +2.918317463e-07 +2.918317463e-07 -2.524999971e+01 -2.524999971e+01 +3.6144e+00 +6.3540e-01 -1.4211e+00 -2.1527e+00 +3.2968e+00
590 +2.309062346e-07 +2.309062346e-07 -2.524999977e+01 -2.524999977e+01 +3.6143e+00 +6.3486e-01 -1.4219e+00 -2.1526e+00 +3.2968e+00
605 +1.497095177e-07 +1.497095177e-07 -2.524999985e+01 -2.524999985e+01 +3.6142e+00 +6.3521e-01 -1.4215e+00 -2.1525e+00 +3.2969e+00
609 +7.744485231e-08 +7.744485231e-08 -2.524999992e+01 -2.524999992e+01 +3.6145e+00 +6.3533e-01 -1.4215e+00 -2.1526e+00 +3.2967e+00
635 +3.962402673e-08 +3.962402673e-08 -2.524999996e+01 -2.524999996e+01 +3.6145e+00 +6.3534e-01 -1.4216e+00 -2.1527e+00 +3.2968e+00
647 +1.577705788e-08 +1.577705788e-08 -2.524999998e+01 -2.524999998e+01 +3.6145e+00 +6.3514e-01 -1.4217e+00 -2.1528e+00 +3.2968e+00
651 +5.479407150e-09 +5.479407150e-09 -2.524999999e+01 -2.524999999e+01 +3.6144e+00 +6.3519e-01 -1.4216e+00 -2.1528e+00 +3.2968e+00
658 +1.939106653e-09 +1.939106653e-09 -2.525000000e+01 -2.525000000e+01 +3.6144e+00 +6.3516e-01 -1.4216e+00 -2.1528e+00 +3.2968e+00
