% function evaluation | noise-free fitness - Fopt (7.948000000000e+01) | best noise-free fitness - Fopt | measured fitness | best measured fitness | x1 | x2...
1 +9.512479925e+00 +9.512479925e+00 +8.899247992e+01 +8.899247992e+01 +1.7925e+00 +1.0579e+00 -2.2197e+00
11 +2.715647914e+00 +2.715647914e+00 +8.219564791e+01 +8.219564791e+01 +1.5634e+00 -1.1020e+00 -1.7214e+00
17 +9.083605582e-01 +9.083605582e-01 +8.038836056e+01 +8.038836056e+01 -5.5297e-01 -1.6123e+00 -4.9685e-01
49 +5.317544517e-01 +5.317544517e-01 +8.001175445e+01 +8.001175445e+01 +8.2435e-01 -1.0959e+00 -2.7524e-01
56 +8.827883128e-02 +8.827883128e-02 +7.956827883e+01 +7.956827883e+01 +1.0617e-01 -9.1735e-01 -6.2682e-01
67 +3.273190803e-02 +3.273190803e-02 +7.951273191e+01 +7.951273191e+01 +1.8269e-01 -1.0041e+00 -6.5685e-01
88 +1.133309427e-02 +1.133309427e-02 +7.949133309e+01 +7.949133309e+01 +2.1452e-01 -1.0700e+00 -7.7225e-01
103 +1.420631796e-03 +1.420631796e-03 +7.948142063e+01 +7.948142063e+01 +2.3341e-01 -1.1497e+00 -7.5553e-01
140 +5.037747721e-04 +5.037747721e-04 +7.948050377e+01 +7.948050377e+01 +2.5050e-01 -1.1511e+00 -7.0241e-01
152 +9.276858258e-05 +9.276858258e-05 +7.948009277e+01 +7.948009277e+01 +2.4400e-01 -1.1596e+00 -7.2128e-01
186 +4.390404030e-05 +4.390404030e-05 +7.948004390e+01 +7.948004390e+01 +2.5840e-01 -1.1533e+00 -7.2404e-01
191 +3.755838550e-05 +3.755838550e-05 +7.948003756e+01 +7.948003756e+01 +2.4775e-01 -1.1602e+00 -7.2348e-01
212 +7.005973643e-06 +7.005973643e-06 +7.948000701e+01 +7.948000701e+01 +2.5051e-01 -1.1555e+00 -7.2418e-01
222 +5.443987277e-06 +5.443987277e-06 +7.948000544e+01 +7.948000544e+01 +2.5301e-01 -1.1555e+00 -7.2207e-01
249 +2.331944444e-06 +2.331944444e-06 +7.948000233e+01 +7.948000233e+01 +2.5315e-01 -1.1571e+00 -7.2255e-01
257 +7.005073144e-07 +7.005073144e-07 +7.948000070e+01 +7.948000070e+01 +2.5340e-01 -1.1572e+00 -7.2363e-01
268 +5.892818820e-07 +5.892818820e-07 +7.948000059e+01 +7.948000059e+01 +2.5226e-01 -1.1568e+00 -7.2345e-01
297 +4.946619470e-08 +4.946619470e-08 +7.948000005e+01 +7.948000005e+01 +2.5302e-01 -1.1568e+00 -7.2401e-01
323 +1.225795643e-08 +1.225795643e-08 +7.948000001e+01 +7.948000001e+01 +2.5290e-01 -1.1568e+00 -7.2404e-01
354 +4.787139574e-09 +4.787139574e-09 +7.948000000e+01 +7.948000000e+01 +2.5284e-01 -1.1569e+00 -7.2399e-01
359 +2.186638426e-09 +2.186638426e-09 +7.948000000e+01 +7.948000000e+01 +2.5281e-01 -1.1568e+00 -7.2397e-01
% function evaluation | noise-free fitness - Fopt (7.948000000000e+01) | best noise-free fitness - Fopt | measured fitness | best measured fitness | x1 | x2...
1 +1.103580450e+01 +1.103580450e+01 +9.051580450e+01 +9.051580450e+01 -1.0525e+00 -3.5950e+00 +1.1165e+00
3 +6.691001594e+00 +6.691001594e+00 +8.617100159e+01 +8.617100159e+01 -9.6901e-01 -3.4238e+00 -9.6689e-01
4 +1.699005302e+00 +1.699005302e+00 +8.117900530e+01 +8.117900530e+01 -4.7770e-01 -2.0173e+00 -7.2180e-02
24 +1.196063971e+00 +1.196063971e+00 +8.067606397e+01 +8.067606397e+01 -4.1092e-01 -9.5646e-01 -1.5698e+00
50 +7.152176322e-01 +7.152176322e-01 +8.019521763e+01 +8.019521763e+01 +3.0241e-01 -8.2390e-01 +5.1844e-02
51 +2.052350076e-01 +2.052350076e-01 +7.968523501e+01 +7.968523501e+01 -1.2246e-01 -1.2072e+00 -4.7525e-01
73 +8.775711684e-02 +8.775711684e-02 +7.956775712e+01 +7.956775712e+01 +2.0268e-01 -8.6539e-01 -7.4207e-01
93 +7.280400129e-03 +7.280400129e-03 +7.948728040e+01 +7.948728040e+01 +2.5483e-01 -1.1593e+00 -8.0926e-01
145 +3.150569201e-03 +3.150569201e-03 +7.948315057e+01 +7.948315057e+01 +2.6602e-01 -1.1875e+00 -6.7891e-01
180 +2.387542983e-03 +2.387542983e-03 +7.948238754e+01 +7.948238754e+01 +2.8570e-01 -1.1233e+00 -7.3747e-01
189 +1.138352241e-04 +1.138352241e-04 +7.948011384e+01 +7.948011384e+01 +2.5769e-01 -1.1562e+00 -7.3346e-01
233 +7.724626788e-05 +7.724626788e-05 +7.948007725e+01 +7.948007725e+01 +2.4572e-01 -1.1558e+00 -7.1889e-01
234 +5.355249510e-05 +5.355249510e-05 +7.948005355e+01 +7.948005355e+01 +2.5978e-01 -1.1578e+00 -7.2207e-01
242 +1.415704581e-05 +1.415704581e-05 +7.948001416e+01 +7.948001416e+01 +2.5232e-01 -1.1535e+00 -7.2573e-01
248 +5.455765233e-06 +5.455765233e-06 +7.948000546e+01 +7.948000546e+01 +2.5252e-01 -1.1564e+00 -7.2628e-01
287 +3.241143673e-06 +3.241143673e-06 +7.948000324e+01 +7.948000324e+01 +2.5456e-01 -1.1571e+00 -7.2424e-01
317 +6.231201297e-07 +6.231201297e-07 +7.948000062e+01 +7.948000062e+01 +2.5355e-01 -1.1570e+00 -7.2411e-01
334 +2.330811810e-07 +2.330811810e-07 +7.948000023e+01 +7.948000023e+01 +2.5287e-01 -1.1572e+00 -7.2374e-01
342 +4.277768539e-08 +4.277768539e-08 +7.948000004e+01 +7.948000004e+01 +2.5293e-01 -1.1567e+00 -7.2387e-01
393 +2.578252634e-08 +2.578252634e-08 +7.948000003e+01 +7.948000003e+01 +2.5288e-01 -1.1569e+00 -7.2411e-01
400 +6.761169402e-09 +6.761169402e-09 +7.948000001e+01 +7.948000001e+01 +2.5273e-01 -1.1568e+00 -7.2397e-01
401 +4.125325859e-09 +4.125325859e-09 +7.948000000e+01 +7.948000000e+01 +2.5279e-01 -1.1568e+00 -7.2396e-01
% function evaluation | noise-free fitness - Fopt (7.948000000000e+01) | best noise-free fitness - Fopt | measured fitness | best measured fitness | x1 | x2...
1 +1.577220041e+01 +1.577220041e+01 +9.525220041e+01 +9.525220041e+01 +3.9994e+00 +1.3490e-01 -9.8163e-01
7 +8.276615367e+00 +8.276615367e+00 +8.775661537e+01 +8.775661537e+01 +1.0403e+00 +3.6765e-02 -3.2204e+00
10 +6.219449211e+00 +6.219449211e+00 +8.569944921e+01 +8.569944921e+01 +2.6004e+00 -4.2224e-01 -1.1347e+00
23 +9.862587075e-01 +9.862587075e-01 +8.046625871e+01 +8.046625871e+01 +3.4480e-01 -8.7881e-01 +2.2496e-01
51 +1.344345657e-02 +1.344345657e-02 +7.949344346e+01 +7.949344346e+01 +3.3313e-01 -1.0807e+00 -7.5862e-01
146 +6.146024992e-03 +6.146024992e-03 +7.948614602e+01 +7.948614602e+01 +1.7493e-01 -1.1522e+00 -7.3186e-01
178 +2.565510209e-03 +2.565510209e-03 +7.948256551e+01 +7.948256551e+01 +2.9615e-01 -1.1414e+00 -7.4521e-01
192 +1.273193231e-03 +1.273193231e-03 +7.948127319e+01 +7.948127319e+01 +2.8315e-01 -1.1630e+00 -7.0627e-01
194 +4.782944818e-04 +4.782944818e-04 +7.948047829e+01 +7.948047829e+01 +2.4893e-01 -1.1661e+00 -7.4340e-01
209 +1.721385029e-04 +1.721385029e-04 +7.948017214e+01 +7.948017214e+01 +2.5464e-01 -1.1610e+00 -7.3628e-01
226 +1.169843973e-04 +1.169843973e-04 +7.948011698e+01 +7.948011698e+01 +2.6127e-01 -1.1584e+00 -7.1748e-01
240 +2.501311722e-05 +2.501311722e-05 +7.948002501e+01 +7.948002501e+01 +2.5728e-01 -1.1567e+00 -7.2178e-01
290 +9.837243041e-06 +9.837243041e-06 +7.948000984e+01 +7.948000984e+01 +2.5518e-01 -1.1556e+00 -7.2234e-01
308 +4.418890285e-06 +4.418890285e-06 +7.948000442e+01 +7.948000442e+01 +2.5353e-01 -1.1587e+00 -7.2362e-01
318 +2.350883065e-06 +2.350883065e-06 +7.948000235e+01 +7.948000235e+01 +2.5220e-01 -1.1562e+00 -7.2529e-01
334 +4.711181418e-07 +4.711181418e-07 +7.948000047e+01 +7.948000047e+01 +2.5288e-01 -1.1574e+00 -7.2422e-01
358 +2.688421858e-07 +2.688421858e-07 +7.948000027e+01 +7.948000027e+01 +2.5280e-01 -1.1571e+00 -7.2355e-01
360 +8.012145258e-08 +8.012145258e-08 +7.948000008e+01 +7.948000008e+01 +2.5256e-01 -1.1567e+00 -7.2404e-01
395 +4.257907449e-08 +4.257907449e-08 +7.948000004e+01 +7.948000004e+01 +2.5278e-01 -1.1566e+00 -7.2404e-01
398 +8.302350807e-09 +8.302350807e-09 +7.948000001e+01 +7.948000001e+01 +2.5280e-01 -1.1568e+00 -7.2408e-01
% function evaluation | noise-free fitness - Fopt (3.944800000000e+02) | best noise-free fitness - Fopt | measured fitness | best measured fitness | x1 | x2...
1 +4.149571783e+01 +4.149571783e+01 +4.359757178e+02 +4.359757178e+02 -1.9142e+00 +1.8058e+00 +1.3519e-01
3 +3.927751275e+01 +3.927751275e+01 +4.337575127e+02 +4.337575127e+02 +5.9995e-01 +1.3865e+00 -4.6686e+00
7 +1.948483520e+01 +1.948483520e+01 +4.139648352e+02 +4.139648352e+02 -2.7250e+00 -5.9600e-01 -2.1857e-01
9 +1.047857925e+01 +1.047857925e+01 +4.049585792e+02 +4.049585792e+02 -2.7128e+00 -7.0438e-01 -1.7302e+00
10 +6.411741325e+00 +6.411741325e+00 +4.008917413e+02 +4.008917413e+02 -4.3410e+00 -2.5285e+00 -1.3356e+00
16 +5.218389187e+00 +5.218389187e+00 +3.996983892e+02 +3.996983892e+02 -3.2341e+00 -4.3581e+00 -2.1829e+00
23 +4.968993238e-01 +4.968993238e-01 +3.949768993e+02 +3.949768993e+02 -3.7688e+00 -2.9153e+00 -4.4948e+00
74 +3.289570490e-01 +3.289570490e-01 +3.948089570e+02 +3.948089570e+02 -3.3493e+00 -2.8023e+00 -3.9427e+00
86 +2.373959299e-01 +2.373959299e-01 +3.947173959e+02 +3.947173959e+02 -3.4189e+00 -2.9286e+00 -3.8801e+00
93 +2.897312192e-02 +2.897312192e-02 +3.945089731e+02 +3.945089731e+02 -3.7778e+00 -2.8092e+00 -3.7139e+00
116 +2.324047045e-02 +2.324047045e-02 +3.945032405e+02 +3.945032405e+02 -3.9796e+00 -2.9668e+00 -3.6984e+00
120 +6.339095711e-03 +6.339095711e-03 +3.944863391e+02 +3.944863391e+02 -3.9196e+00 -2.8596e+00 -3.8727e+00
170 +2.397057409e-03 +2.397057409e-03 +3.944823971e+02 +3.944823971e+02 -3.8709e+00 -2.9291e+00 -3.7905e+00
185 +1.208379681e-03 +1.208379681e-03 +3.944812084e+02 +3.944812084e+02 -3.8916e+00 -2.8802e+00 -3.7699e+00
198 +5.321232204e-04 +5.321232204e-04 +3.944805321e+02 +3.944805321e+02 -3.8862e+00 -2.8806e+00 -3.8194e+00
221 +2.400549771e-04 +2.400549771e-04 +3.944802401e+02 +3.944802401e+02 -3.9034e+00 -2.9037e+00 -3.7963e+00
242 +1.016958525e-04 +1.016958525e-04 +3.944801017e+02 +3.944801017e+02 -3.8921e+00 -2.8844e+00 -3.8075e+00
243 +1.881804445e-05 +1.881804445e-05 +3.944800188e+02 +3.944800188e+02 -3.9016e+00 -2.8927e+00 -3.8006e+00
260 +1.008035952e-05 +1.008035952e-05 +3.944800101e+02 +3.944800101e+02 -3.8957e+00 -2.8889e+00 -3.8030e+00
280 +8.812856208e-06 +8.812856208e-06 +3.944800088e+02 +3.944800088e+02 -3.9000e+00 -2.8922e+00 -3.8041e+00
300 +4.135164147e-06 +4.135164147e-06 +3.944800041e+02 +3.944800041e+02 -3.8987e+00 -2.8897e+00 -3.8043e+00
303 +1.641638676e-06 +1.641638676e-06 +3.944800016e+02 +3.944800016e+02 -3.8980e+00 -2.8906e+00 -3.8012e+00
318 +1.092021250e-06 +1.092021250e-06 +3.944800011e+02 +3.944800011e+02 -3.8993e+00 -2.8906e+00 -3.8029e+00
348 +6.528136964e-07 +6.528136964e-07 +3.944800007e+02 +3.944800007e+02 -3.8982e+00 -2.8901e+00 -3.8031e+00
355 +5.581449614e-07 +5.581449614e-07 +3.944800006e+02 +3.944800006e+02 -3.8985e+00 -2.8909e+00 -3.8019e+00
372 +2.721750434e-07 +2.721750434e-07 +3.944800003e+02 +3.944800003e+02 -3.8980e+00 -2.8908e+00 -3.8024e+00
394 +1.611622338e-07 +1.611622338e-07 +3.944800002e+02 +3.944800002e+02 -3.8981e+00 -2.8906e+00 -3.8023e+00
415 +1.186853638e-07 +1.186853638e-07 +3.944800001e+02 +3.944800001e+02 -3.8984e+00 -2.8907e+00 -3.8022e+00
423 +1.194013066e-08 +1.194013066e-08 +3.944800000e+02 +3.944800000e+02 -3.8985e+00 -2.8905e+00 -3.8024e+00
460 +2.418858003e-09 +2.418858003e-09 +3.944800000e+02 +3.944800000e+02 -3.8984e+00 -2.8904e+00 -3.8024e+00
% function evaluation | noise-free fitness - Fopt (3.944800000000e+02) | best noise-free fitness - Fopt | measured fitness | best measured fitness | x1 | x2...
1 +6.996239209e+01 +6.996239209e+01 +4.644423921e+02 +4.644423921e+02 +2.0524e+00 -3.1222e+00 +2.0709e+00
4 +6.283243557e+01 +6.283243557e+01 +4.573124356e+02 +4.573124356e+02 +3.3126e+00 -2.9049e+00 -5.1089e-01
20 +2.884335396e+01 +2.884335396e+01 +4.233233540e+02 +4.233233540e+02 +8.0931e-01 -3.5593e-01 -3.2952e+00
29 +1.639469705e+01 +1.639469705e+01 +4.108746971e+02 +4.108746971e+02 -1.6107e+00 -2.0183e+00 -5.7739e-01
32 +1.237851035e+01 +1.237851035e+01 +4.068585103e+02 +4.068585103e+02 -2.1316e+00 -4.7605e+00 -6.2023e+00
39 +5.652308533e+00 +5.652308533e+00 +4.001323085e+02 +4.001323085e+02 -3.5616e+00 -7.9128e-01 -2.7382e+00
40 +1.911353208e+00 +1.911353208e+00 +3.963913532e+02 +3.963913532e+02 -4.8196e+00 -3.8384e+00 -4.2074e+00
92 +1.091247124e+00 +1.091247124e+00 +3.955712471e+02 +3.955712471e+02 -3.9348e+00 -3.7836e+00 -4.3428e+00
138 +9.908889014e-01 +9.908889014e-01 +3.954708889e+02 +3.954708889e+02 -4.3969e+00 -2.8275e+00 -2.9431e+00
141 +5.707690561e-01 +5.707690561e-01 +3.950507691e+02 +3.950507691e+02 -3.6445e+00 -3.1642e+00 -3.1456e+00
150 +3.456591193e-01 +3.456591193e-01 +3.948256591e+02 +3.948256591e+02 -3.5204e+00 -3.0476e+00 -3.3804e+00
159 +8.410503740e-02 +8.410503740e-02 +3.945641050e+02 +3.945641050e+02 -3.7955e+00 -3.0209e+00 -4.0401e+00
169 +5.270967644e-02 +5.270967644e-02 +3.945327097e+02 +3.945327097e+02 -4.0568e+00 -3.0372e+00 -3.8803e+00
207 +2.165169800e-02 +2.165169800e-02 +3.945016517e+02 +3.945016517e+02 -4.0352e+00 -2.8406e+00 -3.7813e+00
215 +1.513994622e-02 +1.513994622e-02 +3.944951399e+02 +3.944951399e+02 -3.9360e+00 -2.8971e+00 -3.9194e+00
260 +3.424956584e-03 +3.424956584e-03 +3.944834250e+02 +3.944834250e+02 -3.8423e+00 -2.8981e+00 -3.8171e+00
262 +7.626611609e-04 +7.626611609e-04 +3.944807627e+02 +3.944807627e+02 -3.8779e+00 -2.8943e+00 -3.7843e+00
273 +2.248244956e-04 +2.248244956e-04 +3.944802248e+02 +3.944802248e+02 -3.9070e+00 -2.8840e+00 -3.8129e+00
326 +8.378715683e-05 +8.378715683e-05 +3.944800838e+02 +3.944800838e+02 -3.8944e+00 -2.8908e+00 -3.7942e+00
330 +1.368820125e-05 +1.368820125e-05 +3.944800137e+02 +3.944800137e+02 -3.8967e+00 -2.8899e+00 -3.7991e+00
357 +7.878123824e-07 +7.878123824e-07 +3.944800008e+02 +3.944800008e+02 -3.8976e+00 -2.8908e+00 -3.8025e+00
413 +5.961398415e-07 +5.961398415e-07 +3.944800006e+02 +3.944800006e+02 -3.8990e+00 -2.8908e+00 -3.8024e+00
416 +1.559039902e-07 +1.559039902e-07 +3.944800002e+02 +3.944800002e+02 -3.8988e+00 -2.8905e+00 -3.8025e+00
444 +5.027141015e-08 +5.027141015e-08 +3.944800001e+02 +3.944800001e+02 -3.8984e+00 -2.8906e+00 -3.8024e+00
462 +3.838732709e-08 +3.838732709e-08 +3.944800000e+02 +3.944800000e+02 -3.8984e+00 -2.8902e+00 -3.8024e+00
471 +1.454850462e-08 +1.454850462e-08 +3.944800000e+02 +3.944800000e+02 -3.8983e+00 -2.8904e+00 -3.8024e+00
498 +7.606558938e-09 +7.606558938e-09 +3.944800000e+02 +3.944800000e+02 -3.8984e+00 -2.8904e+00 -3.8023e+00
499 +8.776055438e-10 +8.776055438e-10 +3.944800000e+02 +3.944800000e+02 -3.8984e+00 -2.8904e+00 -3.8024e+00
% function evaluation | noise-free fitness - Fopt (3.944800000000e+02) | best noise-free fitness - Fopt | measured fitness | best measured fitness | x1 | x2...
1 +5.309338374e+01 +5.309338374e+01 +4.475733837e+02 +4.475733837e+02 -1.6604e-01 -2.5864e+00 +2.4482e+00
8 +2.771361391e+01 +2.771361391e+01 +4.221936139e+02 +4.221936139e+02 -3.8323e+00 +3.4136e-01 +3.5271e-01
13 +1.266796740e+01 +1.266796740e+01 +4.071479674e+02 +4.071479674e+02 -5.9828e+00 -1.1753e-02 -3.6111e+00
17 +9.806092295e+00 +9.806092295e+00 +4.042860923e+02 +4.042860923e+02 -5.5483e+00 -2.2903e-01 -3.8332e+00
51 +6.088177194e+00 +6.088177194e+00 +4.005681772e+02 +4.005681772e+02 -4.6134e+00 -4.7258e+00 -5.2884e+00
65 +1.038330818e+00 +1.038330818e+00 +3.955183308e+02 +3.955183308e+02 -4.5917e+00 -2.4636e+00 -4.4152e+00
73 +2.040051889e-01 +2.040051889e-01 +3.946840052e+02 +3.946840052e+02 -3.8157e+00 -2.4468e+00 -3.8209e+00
116 +1.076098518e-01 +1.076098518e-01 +3.945876099e+02 +3.945876099e+02 -3.7752e+00 -2.5925e+00 -3.8629e+00
128 +9.068061463e-02 +9.068061463e-02 +3.945706806e+02 +3.945706806e+02 -3.7075e+00 -2.8999e+00 -3.5697e+00
135 +2.791151131e-02 +2.791151131e-02 +3.945079115e+02 +3.945079115e+02 -3.8502e+00 -2.7888e+00 -3.6788e+00
145 +2.470412642e-02 +2.470412642e-02 +3.945047041e+02 +3.945047041e+02 -3.9990e+00 -2.9644e+00 -3.7069e+00
148 +1.115308134e-02 +1.115308134e-02 +3.944911531e+02 +3.944911531e+02 -3.8373e+00 -2.8215e+00 -3.8541e+00
186 +1.233346885e-03 +1.233346885e-03 +3.944812333e+02 +3.944812333e+02 -3.8778e+00 -2.9166e+00 -3.7914e+00
216 +6.701609852e-04 +6.701609852e-04 +3.944806702e+02 +3.944806702e+02 -3.8908e+00 -2.8908e+00 -3.8271e+00
234 +3.495289003e-04 +3.495289003e-04 +3.944803495e+02 +3.944803495e+02 -3.9132e+00 -2.8867e+00 -3.8133e+00
244 +2.984774318e-05 +2.984774318e-05 +3.944800298e+02 +3.944800298e+02 -3.8931e+00 -2.8915e+00 -3.8034e+00
263 +2.044561484e-06 +2.044561484e-06 +3.944800020e+02 +3.944800020e+02 -3.8998e+00 -2.8900e+00 -3.8022e+00
325 +1.254769927e-06 +1.254769927e-06 +3.944800013e+02 +3.944800013e+02 -3.8985e+00 -2.8914e+00 -3.8029e+00
336 +7.173481436e-07 +7.173481436e-07 +3.944800007e+02 +3.944800007e+02 -3.8976e+00 -2.8903e+00 -3.8023e+00
348 +3.372047672e-07 +3.372047672e-07 +3.944800003e+02 +3.944800003e+02 -3.8980e+00 -2.8908e+00 -3.8025e+00
349 +1.411694370e-07 +1.411694370e-07 +3.944800001e+02 +3.944800001e+02 -3.8981e+00 -2.8904e+00 -3.8021e+00
391 +6.423579180e-08 +6.423579180e-08 +3.944800001e+02 +3.944800001e+02 -3.8982e+00 -2.8904e+00 -3.8025e+00
401 +4.384560270e-08 +4.384560270e-08 +3.944800000e+02 +3.944800000e+02 -3.8984e+00 -2.8906e+00 -3.8024e+00
418 +1.995380217e-08 +1.995380217e-08 +3.944800000e+02 +3.944800000e+02 -3.8983e+00 -2.8905e+00 -3.8024e+00
421 +8.105757843e-09 +8.105757843e-09 +3.944800000e+02 +3.944800000e+02 -3.8983e+00 -2.8903e+00 -3.8024e+00
422 +2.885940376e-09 +2.885940376e-09 +3.944800000e+02 +3.944800000e+02 -3.8983e+00 -2.8904e+00 -3.8024e+00
% function evaluation | noise-free fitness - Fopt (-2.471100000000e+02) | best noise-free fitness - Fopt | measured fitness | best measured fitness | x1 | x2...
1 +7.526112818e+01 +7.526112818e+01 -1.718488718e+02 -1.718488718e+02 +3.9401e+00 -3.6732e+00 -1.2832e+00
3 +5.427452033e+01 +5.427452033e+01 -1.928354797e+02 -1.928354797e+02 +3.2262e+00 +3.7316e-02 -2.9052e+00
14 +1.736789041e+01 +1.736789041e+01 -2.297421096e+02 -2.297421096e+02 +1.3923e-01 -5.0337e-02 -2.0324e+00
20 +4.823595254e+00 +4.823595254e+00 -2.422864047e+02 -2.422864047e+02 -1.8824e+00 +1.2482e+00 -4.4519e-01
41 +3.946704684e+00 +3.946704684e+00 -2.431632953e+02 -2.431632953e+02 -4.8868e+00 +1.6730e+00 -1.4668e+00
68 +1.454796576e+00 +1.454796576e+00 -2.456552034e+02 -2.456552034e+02 -3.0033e+00 -4.9836e-01 -1.2660e+00
82 +6.852021530e-01 +6.852021530e-01 -2.464247978e+02 -2.464247978e+02 -3.9124e+00 -6.4318e-02 -1.4662e+00
103 +3.052321807e-02 +3.052321807e-02 -2.470794768e+02 -2.470794768e+02 -3.6394e+00 +2.6380e-01 -7.3090e-01
161 +2.413024063e-02 +2.413024063e-02 -2.470858698e+02 -2.470858698e+02 -3.7088e+00 +3.2931e-01 -7.0540e-01
173 +1.543045362e-02 +1.543045362e-02 -2.470945695e+02 -2.470945695e+02 -3.9097e+00 +1.5917e-01 -7.2453e-01
210 +9.849252446e-03 +9.849252446e-03 -2.471001507e+02 -2.471001507e+02 -3.7353e+00 +1.6540e-01 -6.2458e-01
221 +3.761901936e-03 +3.761901936e-03 -2.471062381e+02 -2.471062381e+02 -3.8497e+00 +2.3324e-01 -6.7608e-01
223 +1.456555621e-03 +1.456555621e-03 -2.471085434e+02 -2.471085434e+02 -3.7703e+00 +1.9766e-01 -7.1638e-01
232 +7.131523760e-04 +7.131523760e-04 -2.471092868e+02 -2.471092868e+02 -3.8131e+00 +1.8176e-01 -6.8500e-01
262 +4.549736318e-04 +4.549736318e-04 -2.471095450e+02 -2.471095450e+02 -3.8041e+00 +1.9680e-01 -6.7166e-01
272 +3.611651044e-04 +3.611651044e-04 -2.471096388e+02 -2.471096388e+02 -3.7928e+00 +1.8558e-01 -6.8682e-01
297 +1.329138337e-04 +1.329138337e-04 -2.471098671e+02 -2.471098671e+02 -3.7986e+00 +1.9653e-01 -7.0060e-01
310 +5.803676771e-05 +5.803676771e-05 -2.471099420e+02 -2.471099420e+02 -3.7933e+00 +1.9905e-01 -6.8737e-01
322 +2.403234464e-05 +2.403234464e-05 -2.471099760e+02 -2.471099760e+02 -3.8020e+00 +2.0355e-01 -6.8786e-01
346 +1.286456657e-05 +1.286456657e-05 -2.471099871e+02 -2.471099871e+02 -3.7960e+00 +2.0468e-01 -6.9343e-01
354 +7.685785306e-06 +7.685785306e-06 -2.471099923e+02 -2.471099923e+02 -3.7988e+00 +2.0433e-01 -6.9369e-01
371 +5.256056710e-06 +5.256056710e-06 -2.471099947e+02 -2.471099947e+02 -3.7966e+00 +2.0284e-01 -6.9253e-01
382 +2.623311502e-06 +2.623311502e-06 -2.471099974e+02 -2.471099974e+02 -3.7992e+00 +2.0366e-01 -6.8988e-01
398 +2.492138833e-06 +2.492138833e-06 -2.471099975e+02 -2.471099975e+02 -3.7975e+00 +2.0424e-01 -6.9044e-01
407 +9.271776094e-07 +9.271776094e-07 -2.471099991e+02 -2.471099991e+02 -3.7982e+00 +2.0228e-01 -6.9102e-01
410 +5.048360379e-07 +5.048360379e-07 -2.471099995e+02 -2.471099995e+02 -3.7978e+00 +2.0293e-01 -6.9087e-01
435 +2.781364117e-07 +2.781364117e-07 -2.471099997e+02 -2.471099997e+02 -3.7982e+00 +2.0312e-01 -6.9073e-01
455 +1.782572383e-07 +1.782572383e-07 -2.471099998e+02 -2.471099998e+02 -3.7983e+00 +2.0285e-01 -6.9101e-01
461 +1.101063560e-07 +1.101063560e-07 -2.471099999e+02 -2.471099999e+02 -3.7982e+00 +2.0297e-01 -6.9131e-01
466 +9.666959500e-08 +9.666959500e-08 -2.471099999e+02 -2.471099999e+02 -3.7981e+00 +2.0324e-01 -6.9135e-01
469 +5.613048870e-08 +5.613048870e-08 -2.471099999e+02 -2.471099999e+02 -3.7983e+00 +2.0302e-01 -6.9134e-01
472 +2.897078843e-08 +2.897078843e-08 -2.471100000e+02 -2.471100000e+02 -3.7983e+00 +2.0325e-01 -6.9112e-01
476 +2.408398814e-08 +2.408398814e-08 -2.471100000e+02 -2.471100000e+02 -3.7983e+00 +2.0323e-01 -6.9108e-01
518 +1.381346237e-08 +1.381346237e-08 -2.471100000e+02 -2.471100000e+02 -3.7984e+00 +2.0309e-01 -6.9118e-01
522 +9.301828641e-09 +9.301828641e-09 -2.471100000e+02 -2.471100000e+02 -3.7984e+00 +2.0314e-01 -6.9112e-01
% function evaluation | noise-free fitness - Fopt (-2.471100000000e+02) | best noise-free fitness - Fopt | measured fitness | best measured fitness | x1 | x2...
1 +1.811768968e+01 +1.811768968e+01 -2.289923103e+02 -2.289923103e+02 -5.2092e-01 +2.9185e+00 -7.4658e-01
8 +1.348679429e+01 +1.348679429e+01 -2.336232057e+02 -2.336232057e+02 -9.4721e-01 +1.9152e+00 -2.2489e+00
10 +7.919049661e+00 +7.919049661e+00 -2.391909503e+02 -2.391909503e+02 -3.8700e+00 +2.4416e+00 -2.3952e+00
15 +1.881220016e+00 +1.881220016e+00 -2.452287800e+02 -2.452287800e+02 -3.5221e+00 +1.3637e+00 -1.3681e+00
56 +6.220277321e-01 +6.220277321e-01 -2.464879723e+02 -2.464879723e+02 -3.6789e+00 +9.5701e-01 -4.9240e-01
60 +2.792069710e-01 +2.792069710e-01 -2.468307930e+02 -2.468307930e+02 -3.9560e+00 +6.6890e-01 -4.9760e-01
79 +1.586740045e-01 +1.586740045e-01 -2.469513260e+02 -2.469513260e+02 -3.7820e+00 +1.6063e-01 -2.9548e-01
104 +1.141825010e-01 +1.141825010e-01 -2.469958175e+02 -2.469958175e+02 -3.5482e+00 +1.6245e-01 -9.1465e-01
107 +6.551854727e-02 +6.551854727e-02 -2.470444815e+02 -2.470444815e+02 -3.9997e+00 +3.5696e-01 -6.5431e-01
114 +4.983102955e-02 +4.983102955e-02 -2.470601690e+02 -2.470601690e+02 -3.8797e+00 +1.0374e-01 -8.7376e-01
119 +3.753417622e-02 +3.753417622e-02 -2.470724658e+02 -2.470724658e+02 -3.8936e+00 +2.0978e-01 -5.2257e-01
127 +4.821311700e-03 +4.821311700e-03 -2.471051787e+02 -2.471051787e+02 -3.8130e+00 +2.1678e-01 -6.2470e-01
147 +2.866033874e-03 +2.866033874e-03 -2.471071340e+02 -2.471071340e+02 -3.8268e+00 +1.5796e-01 -6.9462e-01
163 +1.338295209e-03 +1.338295209e-03 -2.471086617e+02 -2.471086617e+02 -3.8195e+00 +1.9779e-01 -6.6184e-01
165 +8.840184371e-04 +8.840184371e-04 -2.471091160e+02 -2.471091160e+02 -3.8209e+00 +2.0211e-01 -7.1061e-01
177 +5.715971920e-04 +5.715971920e-04 -2.471094284e+02 -2.471094284e+02 -3.8102e+00 +1.8307e-01 -6.9639e-01
196 +1.665655931e-04 +1.665655931e-04 -2.471098334e+02 -2.471098334e+02 -3.8031e+00 +2.0112e-01 -6.7936e-01
199 +2.457391577e-05 +2.457391577e-05 -2.471099754e+02 -2.471099754e+02 -3.8020e+00 +2.0006e-01 -6.9240e-01
267 +1.496261490e-06 +1.496261490e-06 -2.471099985e+02 -2.471099985e+02 -3.7973e+00 +2.0364e-01 -6.9157e-01
313 +8.602362414e-07 +8.602362414e-07 -2.471099991e+02 -2.471099991e+02 -3.7983e+00 +2.0395e-01 -6.9173e-01
317 +2.316082828e-07 +2.316082828e-07 -2.471099998e+02 -2.471099998e+02 -3.7987e+00 +2.0332e-01 -6.9154e-01
326 +1.105252352e-07 +1.105252352e-07 -2.471099999e+02 -2.471099999e+02 -3.7984e+00 +2.0352e-01 -6.9111e-01
348 +2.970364221e-08 +2.970364221e-08 -2.471100000e+02 -2.471100000e+02 -3.7983e+00 +2.0315e-01 -6.9131e-01
356 +2.306197189e-08 +2.306197189e-08 -2.471100000e+02 -2.471100000e+02 -3.7983e+00 +2.0320e-01 -6.9130e-01
359 +1.175337161e-08 +1.175337161e-08 -2.471100000e+02 -2.471100000e+02 -3.7984e+00 +2.0323e-01 -6.9130e-01
397 +4.009876875e-09 +4.009876875e-09 -2.471100000e+02 -2.471100000e+02 -3.7984e+00 +2.0326e-01 -6.9117e-01
% function evaluation | noise-free fitness - Fopt (-2.471100000000e+02) | best noise-free fitness - Fopt | measured fitness | best measured fitness | x1 | x2...
1 +1.799159151e+01 +1.799159151e+01 -2.291184085e+02 -2.291184085e+02 -3.7650e+00 +3.7138e+00 +1.6892e+00
3 +1.019516844e+01 +1.019516844e+01 -2.369148316e+02 -2.369148316e+02 -5.5826e+00 +1.9166e+00 +1.3277e+00
6 +4.171921852e+00 +4.171921852e+00 -2.429380781e+02 -2.429380781e+02 -3.8160e+00 +2.1929e+00 -2.2999e-01
10 +3.136618931e+00 +3.136618931e+00 -2.439733811e+02 -2.439733811e+02 -3.1568e+00 +1.4390e+00 -1.7857e+00
16 +1.341058972e+00 +1.341058972e+00 -2.457689410e+02 -2.457689410e+02 -4.1722e+00 -8.6932e-01 -9.1705e-01
19 +4.015756359e-01 +4.015756359e-01 -2.467084244e+02 -2.467084244e+02 -4.0340e+00 +7.0114e-01 -1.0044e+00
69 +3.326733135e-01 +3.326733135e-01 -2.467773267e+02 -2.467773267e+02 -3.9359e+00 -2.5255e-02 -1.7976e-01
71 +1.322963660e-01 +1.322963660e-01 -2.469777036e+02 -2.469777036e+02 -3.7539e+00 +5.5611e-01 -7.6719e-01
89 +6.705681994e-02 +6.705681994e-02 -2.470429432e+02 -2.470429432e+02 -3.8264e+00 +3.2865e-01 -4.6640e-01
102 +3.107624201e-02 +3.107624201e-02 -2.470789238e+02 -2.470789238e+02 -3.6725e+00 +1.0224e-01 -7.6222e-01
120 +7.777763306e-03 +7.777763306e-03 -2.471022222e+02 -2.471022222e+02 -3.8124e+00 +2.3085e-01 -6.0864e-01
141 +5.840093336e-03 +5.840093336e-03 -2.471041599e+02 -2.471041599e+02 -3.7428e+00 +2.3411e-01 -6.4885e-01
145 +1.277530009e-03 +1.277530009e-03 -2.471087225e+02 -2.471087225e+02 -3.7731e+00 +2.0391e-01 -7.1647e-01
172 +1.179307858e-04 +1.179307858e-04 -2.471098821e+02 -2.471098821e+02 -3.8092e+00 +2.0431e-01 -6.9101e-01
211 +8.535562216e-05 +8.535562216e-05 -2.471099146e+02 -2.471099146e+02 -3.7907e+00 +1.9892e-01 -6.9390e-01
239 +2.903400539e-05 +2.903400539e-05 -2.471099710e+02 -2.471099710e+02 -3.7970e+00 +1.9800e-01 -6.9112e-01
256 +8.024988489e-06 +8.024988489e-06 -2.471099920e+02 -2.471099920e+02 -3.7973e+00 +2.0233e-01 -6.9367e-01
283 +2.969405159e-06 +2.969405159e-06 -2.471099970e+02 -2.471099970e+02 -3.7994e+00 +2.0273e-01 -6.8990e-01
314 +2.381787453e-06 +2.381787453e-06 -2.471099976e+02 -2.471099976e+02 -3.7986e+00 +2.0366e-01 -6.8974e-01
323 +4.227119348e-07 +4.227119348e-07 -2.471099996e+02 -2.471099996e+02 -3.7985e+00 +2.0370e-01 -6.9160e-01
354 +2.275903626e-07 +2.275903626e-07 -2.471099998e+02 -2.471099998e+02 -3.7981e+00 +2.0318e-01 -6.9087e-01
366 +7.684934644e-08 +7.684934644e-08 -2.471099999e+02 -2.471099999e+02 -3.7985e+00 +2.0313e-01 -6.9095e-01
368 +3.402715265e-08 +3.402715265e-08 -2.471100000e+02 -2.471100000e+02 -3.7983e+00 +2.0334e-01 -6.9116e-01
396 +2.450448733e-08 +2.450448733e-08 -2.471100000e+02 -2.471100000e+02 -3.7985e+00 +2.0323e-01 -6.9116e-01
413 +1.076830358e-08 +1.076830358e-08 -2.471100000e+02 -2.471100000e+02 -3.7985e+00 +2.0319e-01 -6.9115e-01
414 +3.424275974e-09 +3.424275974e-09 -2.471100000e+02 -2.471100000e+02 -3.7984e+00 +2.0315e-01 -6.9122e-01
% function evaluation | noise-free fitness - Fopt (-1.520400000000e+02) | best noise-free fitness - Fopt | measured fitness | best measured fitness | x1 | x2...
1 +4.625936863e+01 +4.625936863e+01 -1.057806314e+02 -1.057806314e+02 +3.9868e+00 -3.6469e+00 -2.3597e+00
3 +1.652025426e+01 +1.652025426e+01 -1.355197457e+02 -1.355197457e+02 +5.3732e-01 -2.1815e+00 -2.2298e+00
9 +1.465797472e+01 +1.465797472e+01 -1.373820253e+02 -1.373820253e+02 +4.3587e-01 -2.1597e+00 -2.7756e+00
13 +4.381894219e+00 +4.381894219e+00 -1.476581058e+02 -1.476581058e+02 +9.2279e-01 +4.3732e-01 -5.3363e+00
17 +5.820101298e-01 +5.820101298e-01 -1.514579899e+02 -1.514579899e+02 -9.9438e-01 +1.5740e+00 -4.1001e+00
38 +2.438520303e-01 +2.438520303e-01 -1.517961480e+02 -1.517961480e+02 +1.5362e-01 +1.2840e+00 -3.7077e+00
75 +3.339168223e-02 +3.339168223e-02 -1.520066083e+02 -1.520066083e+02 -2.4491e-01 +1.5218e+00 -4.0775e+00
90 +1.249014298e-02 +1.249014298e-02 -1.520275099e+02 -1.520275099e+02 -2.5647e-01 +1.5317e+00 -3.8971e+00
114 +7.554239267e-03 +7.554239267e-03 -1.520324458e+02 -1.520324458e+02 -3.3145e-01 +1.4739e+00 -3.9554e+00
123 +3.997314574e-03 +3.997314574e-03 -1.520360027e+02 -1.520360027e+02 -3.2254e-01 +1.4540e+00 -3.9309e+00
131 +9.563977865e-04 +9.563977865e-04 -1.520390436e+02 -1.520390436e+02 -2.4762e-01 +1.4027e+00 -3.9357e+00
156 +1.535172519e-04 +1.535172519e-04 -1.520398465e+02 -1.520398465e+02 -2.6824e-01 +1.4351e+00 -3.9194e+00
170 +3.065077425e-05 +3.065077425e-05 -1.520399693e+02 -1.520399693e+02 -2.6328e-01 +1.4227e+00 -3.9211e+00
178 +9.387390094e-06 +9.387390094e-06 -1.520399906e+02 -1.520399906e+02 -2.6499e-01 +1.4225e+00 -3.9263e+00
191 +3.069478822e-06 +3.069478822e-06 -1.520399969e+02 -1.520399969e+02 -2.6663e-01 +1.4236e+00 -3.9264e+00
274 +2.162901808e-06 +2.162901808e-06 -1.520399978e+02 -1.520399978e+02 -2.6835e-01 +1.4240e+00 -3.9239e+00
277 +7.057304003e-07 +7.057304003e-07 -1.520399993e+02 -1.520399993e+02 -2.6791e-01 +1.4241e+00 -3.9244e+00
296 +3.107063264e-07 +3.107063264e-07 -1.520399997e+02 -1.520399997e+02 -2.6740e-01 +1.4237e+00 -3.9244e+00
301 +1.707646220e-07 +1.707646220e-07 -1.520399998e+02 -1.520399998e+02 -2.6735e-01 +1.4236e+00 -3.9250e+00
308 +9.846962712e-08 +9.846962712e-08 -1.520399999e+02 -1.520399999e+02 -2.6689e-01 +1.4241e+00 -3.9248e+00
330 +5.380709922e-08 +5.380709922e-08 -1.520399999e+02 -1.520399999e+02 -2.6716e-01 +1.4242e+00 -3.9247e+00
341 +1.427329721e-08 +1.427329721e-08 -1.520400000e+02 -1.520400000e+02 -2.6720e-01 +1.4239e+00 -3.9247e+00
357 +6.545747055e-09 +6.545747055e-09 -1.520400000e+02 -1.520400000e+02 -2.6718e-01 +1.4241e+00 -3.9248e+00
359 +3.424105444e-09 +3.424105444e-09 -1.520400000e+02 -1.520400000e+02 -2.6721e-01 +1.4241e+00 -3.9248e+00
% function evaluation | noise-free fitness - Fopt (-1.520400000000e+02) | best noise-free fitness - Fopt | measured fitness | best measured fitness | x1 | x2...
1 +2.071235808e+01 +2.071235808e+01 -1.313276419e+02 -1.313276419e+02 +2.9584e+00 +1.3506e+00 -7.1503e-01
9 +1.514890041e+01 +1.514890041e+01 -1.368910996e+02 -1.368910996e+02 +2.1858e+00 -1.3470e+00 -2.7193e+00
11 +5.284987238e+00 +5.284987238e+00 -1.467550128e+02 -1.467550128e+02 -1.6843e-02 +1.5955e+00 -1.6460e+00
14 +3.863635502e+00 +3.863635502e+00 -1.481763645e+02 -1.481763645e+02 +1.2173e+00 +4.7725e-01 -3.0510e+00
16 +1.742351365e+00 +1.742351365e+00 -1.502976486e+02 -1.502976486e+02 -3.4689e-01 +2.4451e+00 -4.7575e+00
31 +1.513434846e+00 +1.513434846e+00 -1.505265652e+02 -1.505265652e+02 -1.4492e+00 +1.6927e+00 -4.1348e+00
32 +5.521477981e-01 +5.521477981e-01 -1.514878522e+02 -1.514878522e+02 -5.7389e-01 +1.4767e+00 -4.5996e+00
57 +3.373758575e-01 +3.373758575e-01 -1.517026241e+02 -1.517026241e+02 -7.7510e-01 +1.3793e+00 -3.6466e+00
71 +1.635875702e-01 +1.635875702e-01 -1.518764124e+02 -1.518764124e+02 -6.4045e-01 +1.3634e+00 -4.0683e+00
94 +9.867124387e-02 +9.867124387e-02 -1.519413288e+02 -1.519413288e+02 -5.3547e-02 +1.2541e+00 -4.0802e+00
115 +5.815688885e-02 +5.815688885e-02 -1.519818431e+02 -1.519818431e+02 -9.8656e-02 +1.3012e+00 -3.8037e+00
124 +3.334109688e-02 +3.334109688e-02 -1.520066589e+02 -1.520066589e+02 -4.1607e-01 +1.4106e+00 -4.0297e+00
132 +1.776659086e-02 +1.776659086e-02 -1.520222334e+02 -1.520222334e+02 -1.3641e-01 +1.4441e+00 -3.9408e+00
156 +1.569531044e-02 +1.569531044e-02 -1.520243047e+02 -1.520243047e+02 -2.6741e-01 +1.3177e+00 -3.8585e+00
167 +8.943768335e-03 +8.943768335e-03 -1.520310562e+02 -1.520310562e+02 -2.7493e-01 +1.4803e+00 -3.8492e+00
176 +5.995374364e-03 +5.995374364e-03 -1.520340046e+02 -1.520340046e+02 -2.7711e-01 +1.4665e+00 -3.9888e+00
180 +2.202470094e-03 +2.202470094e-03 -1.520377975e+02 -1.520377975e+02 -2.4973e-01 +1.4670e+00 -3.9177e+00
201 +1.554727165e-03 +1.554727165e-03 -1.520384453e+02 -1.520384453e+02 -2.2985e-01 +1.4347e+00 -3.9181e+00
204 +8.620559934e-04 +8.620559934e-04 -1.520391379e+02 -1.520391379e+02 -2.5548e-01 +1.4435e+00 -3.9434e+00
218 +1.401689302e-04 +1.401689302e-04 -1.520398598e+02 -1.520398598e+02 -2.5745e-01 +1.4228e+00 -3.9314e+00
243 +7.338600443e-05 +7.338600443e-05 -1.520399266e+02 -1.520399266e+02 -2.6711e-01 +1.4238e+00 -3.9162e+00
259 +5.989573876e-05 +5.989573876e-05 -1.520399401e+02 -1.520399401e+02 -2.6077e-01 +1.4222e+00 -3.9209e+00
275 +3.781487959e-05 +3.781487959e-05 -1.520399622e+02 -1.520399622e+02 -2.7324e-01 +1.4246e+00 -3.9258e+00
293 +2.452131241e-06 +2.452131241e-06 -1.520399975e+02 -1.520399975e+02 -2.6785e-01 +1.4243e+00 -3.9234e+00
318 +8.372161346e-07 +8.372161346e-07 -1.520399992e+02 -1.520399992e+02 -2.6747e-01 +1.4249e+00 -3.9249e+00
319 +4.942297664e-07 +4.942297664e-07 -1.520399995e+02 -1.520399995e+02 -2.6717e-01 +1.4239e+00 -3.9241e+00
357 +3.718810149e-07 +3.718810149e-07 -1.520399996e+02 -1.520399996e+02 -2.6717e-01 +1.4239e+00 -3.9254e+00
371 +2.045714780e-07 +2.045714780e-07 -1.520399998e+02 -1.520399998e+02 -2.6704e-01 +1.4238e+00 -3.9252e+00
382 +1.293130083e-07 +1.293130083e-07 -1.520399999e+02 -1.520399999e+02 -2.6688e-01 +1.4239e+00 -3.9246e+00
389 +9.547602531e-08 +9.547602531e-08 -1.520399999e+02 -1.520399999e+02 -2.6743e-01 +1.4239e+00 -3.9250e+00
415 +5.957815574e-08 +5.957815574e-08 -1.520399999e+02 -1.520399999e+02 -2.6702e-01 +1.4241e+00 -3.9250e+00
417 +3.201094501e-08 +3.201094501e-08 -1.520400000e+02 -1.520400000e+02 -2.6730e-01 +1.4240e+00 -3.9249e+00
434 +1.837958052e-08 +1.837958052e-08 -1.520400000e+02 -1.520400000e+02 -2.6731e-01 +1.4241e+00 -3.9247e+00
441 +6.106006367e-09 +6.106006367e-09 -1.520400000e+02 -1.520400000e+02 -2.6718e-01 +1.4240e+00 -3.9249e+00
443 +7.468656804e-10 +7.468656804e-10 -1.520400000e+02 -1.520400000e+02 -2.6721e-01 +1.4240e+00 -3.9248e+00
% function evaluation | noise-free fitness - Fopt (-1.520400000000e+02) | best noise-free fitness - Fopt | measured fitness | best measured fitness | x1 | x2...
1 +2.305560344e+01 +2.305560344e+01 -1.289843966e+02 -1.289843966e+02 -4.6700e-01 -3.3414e+00 -3.3708e+00
4 +1.349167139e+01 +1.349167139e+01 -1.385483286e+02 -1.385483286e+02 -7.3265e-01 -2.1955e+00 -3.5072e+00
5 +6.226481580e+00 +6.226481580e+00 -1.458135184e+02 -1.458135184e+02 -2.0875e+00 -2.8121e-01 -3.9975e+00
13 +3.487764755e+00 +3.487764755e+00 -1.485522352e+02 -1.485522352e+02 -9.3532e-01 +3.9212e-01 -2.5189e+00
26 +5.417697702e-01 +5.417697702e-01 -1.514982302e+02 -1.514982302e+02 -2.8648e-01 +1.5957e+00 -3.2093e+00
45 +3.625752180e-01 +3.625752180e-01 -1.516774248e+02 -1.516774248e+02 +1.3341e-01 +1.7553e+00 -3.6209e+00
53 +2.485908064e-01 +2.485908064e-01 -1.517914092e+02 -1.517914092e+02 -3.1529e-01 +1.3211e+00 -3.4393e+00
57 +7.458059167e-02 +7.458059167e-02 -1.519654194e+02 -1.519654194e+02 -3.3220e-01 +1.5459e+00 -3.6892e+00
82 +5.974189727e-02 +5.974189727e-02 -1.519802581e+02 -1.519802581e+02 -2.8446e-01 +1.4687e+00 -4.1645e+00
107 +2.726315487e-02 +2.726315487e-02 -1.520127368e+02 -1.520127368e+02 -3.3100e-01 +1.4487e+00 -4.0751e+00
119 +1.234923996e-02 +1.234923996e-02 -1.520276508e+02 -1.520276508e+02 -3.6535e-01 +1.4634e+00 -3.8907e+00
123 +8.544869669e-03 +8.544869669e-03 -1.520314551e+02 -1.520314551e+02 -3.0412e-01 +1.4937e+00 -3.9730e+00
135 +4.799441830e-03 +4.799441830e-03 -1.520352006e+02 -1.520352006e+02 -2.5471e-01 +1.4762e+00 -3.8810e+00
151 +1.055375276e-03 +1.055375276e-03 -1.520389446e+02 -1.520389446e+02 -2.7258e-01 +1.4003e+00 -3.9033e+00
186 +6.303593934e-04 +6.303593934e-04 -1.520393696e+02 -1.520393696e+02 -2.6281e-01 +1.4339e+00 -3.9021e+00
193 +3.557427981e-04 +3.557427981e-04 -1.520396443e+02 -1.520396443e+02 -2.6050e-01 +1.4268e+00 -3.9074e+00
224 +4.923469604e-05 +4.923469604e-05 -1.520399508e+02 -1.520399508e+02 -2.6655e-01 +1.4294e+00 -3.9204e+00
269 +2.336153239e-05 +2.336153239e-05 -1.520399766e+02 -1.520399766e+02 -2.7192e-01 +1.4240e+00 -3.9238e+00
275 +4.534615442e-06 +4.534615442e-06 -1.520399955e+02 -1.520399955e+02 -2.6931e-01 +1.4241e+00 -3.9245e+00
282 +2.423219257e-06 +2.423219257e-06 -1.520399976e+02 -1.520399976e+02 -2.6747e-01 +1.4230e+00 -3.9260e+00
323 +1.498075477e-06 +1.498075477e-06 -1.520399985e+02 -1.520399985e+02 -2.6644e-01 +1.4246e+00 -3.9240e+00
325 +6.409112530e-08 +6.409112530e-08 -1.520399999e+02 -1.520399999e+02 -2.6721e-01 +1.4239e+00 -3.9246e+00
389 +1.176229603e-08 +1.176229603e-08 -1.520400000e+02 -1.520400000e+02 -2.6722e-01 +1.4239e+00 -3.9248e+00
415 +1.718547082e-09 +1.718547082e-09 -1.520400000e+02 -1.520400000e+02 -2.6720e-01 +1.4240e+00 -3.9248e+00
% function evaluation | noise-free fitness - Fopt (-2.525000000000e+01) | best noise-free fitness - Fopt | measured fitness | best measured fitness | x1 | x2...
1 +3.091217619e+01 +3.091217619e+01 +5.662176187e+00 +5.662176187e+00 +3.0642e-01 -3.8050e+00 -1.9256e+00
8 +3.205949283e+00 +3.205949283e+00 -2.204405072e+01 -2.204405072e+01 +3.9231e+00 +4.7028e-01 +3.3438e-01
35 +2.663179142e-01 +2.663179142e-01 -2.498368209e+01 -2.498368209e+01 +3.9385e+00 +2.3365e-01 -1.4230e+00
72 +2.155470886e-01 +2.155470886e-01 -2.503445291e+01 -2.503445291e+01 +3.2290e+00 +5.2237e-01 -1.6546e+00
91 +7.770149128e-02 +7.770149128e-02 -2.517229851e+01 -2.517229851e+01 +3.7215e+00 +6.3333e-01 -1.6789e+00
99 +5.498854215e-02 +5.498854215e-02 -2.519501146e+01 -2.519501146e+01 +3.5922e+00 +4.2217e-01 -1.5171e+00
111 +2.088660813e-02 +2.088660813e-02 -2.522911339e+01 -2.522911339e+01 +3.5696e+00 +4.9910e-01 -1.4405e+00
113 +1.346485175e-02 +1.346485175e-02 -2.523653515e+01 -2.523653515e+01 +3.6275e+00 +5.2931e-01 -1.3760e+00
138 +6.224006011e-03 +6.224006011e-03 -2.524377599e+01 -2.524377599e+01 +3.6642e+00 +5.8122e-01 -1.4505e+00
139 +3.499690009e-03 +3.499690009e-03 -2.524650031e+01 -2.524650031e+01 +3.6365e+00 +5.9574e-01 -1.4597e+00
147 +1.797576330e-03 +1.797576330e-03 -2.524820242e+01 -2.524820242e+01 +3.6403e+00 +6.2367e-01 -1.4532e+00
158 +1.798948456e-04 +1.798948456e-04 -2.524982011e+01 -2.524982011e+01 +3.6083e+00 +6.3602e-01 -1.4097e+00
185 +1.569613347e-04 +1.569613347e-04 -2.524984304e+01 -2.524984304e+01 +3.6092e+00 +6.4661e-01 -1.4213e+00
244 +2.652913370e-05 +2.652913370e-05 -2.524997347e+01 -2.524997347e+01 +3.6171e+00 +6.3685e-01 -1.4256e+00
257 +7.222594029e-06 +7.222594029e-06 -2.524999278e+01 -2.524999278e+01 +3.6127e+00 +6.3430e-01 -1.4197e+00
293 +3.997434980e-06 +3.997434980e-06 -2.524999600e+01 -2.524999600e+01 +3.6148e+00 +6.3325e-01 -1.4214e+00
305 +2.239134336e-06 +2.239134336e-06 -2.524999776e+01 -2.524999776e+01 +3.6133e+00 +6.3425e-01 -1.4219e+00
326 +9.378014987e-07 +9.378014987e-07 -2.524999906e+01 -2.524999906e+01 +3.6147e+00 +6.3603e-01 -1.4220e+00
355 +3.739239141e-07 +3.739239141e-07 -2.524999963e+01 -2.524999963e+01 +3.6140e+00 +6.3518e-01 -1.4221e+00
359 +1.835488561e-07 +1.835488561e-07 -2.524999982e+01 -2.524999982e+01 +3.6146e+00 +6.3516e-01 -1.4212e+00
370 +1.159933625e-07 +1.159933625e-07 -2.524999988e+01 -2.524999988e+01 +3.6142e+00 +6.3525e-01 -1.4213e+00
386 +3.772156987e-08 +3.772156987e-08 -2.524999996e+01 -2.524999996e+01 +3.6144e+00 +6.3510e-01 -1.4214e+00
387 +1.975588404e-08 +1.975588404e-08 -2.524999998e+01 -2.524999998e+01 +3.6144e+00 +6.3517e-01 -1.4217e+00
420 +1.442735709e-08 +1.442735709e-08 -2.524999999e+01 -2.524999999e+01 +3.6143e+00 +6.3526e-01 -1.4215e+00
430 +5.540243819e-10 +5.540243819e-10 -2.525000000e+01 -2.525000000e+01 +3.6144e+00 +6.3520e-01 -1.4216e+00
% function evaluation | noise-free fitness - Fopt (-2.525000000000e+01) | best noise-free fitness - Fopt | measured fitness | best measured fitness | x1 | x2...
1 +1.345268121e+00 +1.345268121e+00 -2.390473188e+01 -2.390473188e+01 +2.6222e+00 +1.0551e+00 -1.8511e+00
9 +3.933533110e-01 +3.933533110e-01 -2.485664669e+01 -2.485664669e+01 +4.2095e+00 +5.6761e-01 -1.6078e+00
36 +1.364022676e-01 +1.364022676e-01 -2.511359773e+01 -2.511359773e+01 +3.9538e+00 +4.9050e-01 -1.4379e+00
61 +9.449606636e-02 +9.449606636e-02 -2.515550393e+01 -2.515550393e+01 +3.4812e+00 +8.1551e-01 -1.6319e+00
78 +5.425099030e-02 +5.425099030e-02 -2.519574901e+01 -2.519574901e+01 +3.5046e+00 +4.6854e-01 -1.5417e+00
89 +1.499481666e-02 +1.499481666e-02 -2.523500518e+01 -2.523500518e+01 +3.6295e+00 +7.5605e-01 -1.4343e+00
94 +8.871918519e-03 +8.871918519e-03 -2.524112808e+01 -2.524112808e+01 +3.6889e+00 +6.9191e-01 -1.4113e+00
111 +5.816768631e-03 +5.816768631e-03 -2.524418323e+01 -2.524418323e+01 +3.5628e+00 +6.0931e-01 -1.3718e+00
131 +3.797775704e-03 +3.797775704e-03 -2.524620222e+01 -2.524620222e+01 +3.6107e+00 +5.7379e-01 -1.4180e+00
158 +6.749594100e-04 +6.749594100e-04 -2.524932504e+01 -2.524932504e+01 +3.6063e+00 +6.5352e-01 -1.4382e+00
206 +5.986672589e-04 +5.986672589e-04 -2.524940133e+01 -2.524940133e+01 +3.6139e+00 +6.4057e-01 -1.3977e+00
218 +2.858937020e-04 +2.858937020e-04 -2.524971411e+01 -2.524971411e+01 +3.5979e+00 +6.3743e-01 -1.4245e+00
225 +1.603699259e-04 +1.603699259e-04 -2.524983963e+01 -2.524983963e+01 +3.6169e+00 +6.3482e-01 -1.4092e+00
248 +6.095434462e-05 +6.095434462e-05 -2.524993905e+01 -2.524993905e+01 +3.6171e+00 +6.3451e-01 -1.4289e+00
254 +1.898271175e-05 +1.898271175e-05 -2.524998102e+01 -2.524998102e+01 +3.6173e+00 +6.3198e-01 -1.4210e+00
279 +5.086248546e-06 +5.086248546e-06 -2.524999491e+01 -2.524999491e+01 +3.6154e+00 +6.3633e-01 -1.4199e+00
305 +3.850821013e-06 +3.850821013e-06 -2.524999615e+01 -2.524999615e+01 +3.6127e+00 +6.3607e-01 -1.4214e+00
306 +7.986636348e-07 +7.986636348e-07 -2.524999920e+01 -2.524999920e+01 +3.6136e+00 +6.3523e-01 -1.4213e+00
320 +3.606488264e-07 +3.606488264e-07 -2.524999964e+01 -2.524999964e+01 +3.6145e+00 +6.3552e-01 -1.4221e+00
321 +1.717195097e-07 +1.717195097e-07 -2.524999983e+01 -2.524999983e+01 +3.6148e+00 +6.3518e-01 -1.4217e+00
366 +2.930086040e-08 +2.930086040e-08 -2.524999997e+01 -2.524999997e+01 +3.6144e+00 +6.3509e-01 -1.4215e+00
402 +2.241489483e-08 +2.241489483e-08 -2.524999998e+01 -2.524999998e+01 +3.6144e+00 +6.3535e-01 -1.4216e+00
413 +9.629737008e-09 +9.629737008e-09 -2.524999999e+01 -2.524999999e+01 +3.6144e+00 +6.3524e-01 -1.4215e+00
% function evaluation | noise-free fitness - Fopt (-2.525000000000e+01) | best noise-free fitness - Fopt | measured fitness | best measured fitness | x1 | x2...
1 +3.983093557e+00 +3.983093557e+00 -2.126690644e+01 -2.126690644e+01 +3.8275e+00 -5.8255e-02 +4.3765e-01
8 +3.471442819e+00 +3.471442819e+00 -2.177855718e+01 -2.177855718e+01 +4.8867e+00 -6.8293e-01 -1.7610e+00
9 +4.687644893e-01 +4.687644893e-01 -2.478123551e+01 -2.478123551e+01 +4.2493e+00 +6.6900e-01 -1.1676e+00
46 +1.046945902e-01 +1.046945902e-01 -2.514530541e+01 -2.514530541e+01 +3.6177e+00 +4.0486e-01 -1.1944e+00
104 +6.786584419e-02 +6.786584419e-02 -2.518213416e+01 -2.518213416e+01 +3.3587e+00 +6.8465e-01 -1.4171e+00
115 +1.466577645e-02 +1.466577645e-02 -2.523533422e+01 -2.523533422e+01 +3.5616e+00 +7.3314e-01 -1.4694e+00
117 +7.101558740e-03 +7.101558740e-03 -2.524289844e+01 -2.524289844e+01 +3.5834e+00 +5.8948e-01 -1.3580e+00
147 +4.381101312e-04 +4.381101312e-04 -2.524956189e+01 -2.524956189e+01 +3.6055e+00 +6.4506e-01 -1.4377e+00
198 +3.245525098e-04 +3.245525098e-04 -2.524967545e+01 -2.524967545e+01 +3.6257e+00 +6.3859e-01 -1.4352e+00
205 +5.865366696e-05 +5.865366696e-05 -2.524994135e+01 -2.524994135e+01 +3.6220e+00 +6.3623e-01 -1.4219e+00
235 +8.192171652e-06 +8.192171652e-06 -2.524999181e+01 -2.524999181e+01 +3.6160e+00 +6.3463e-01 -1.4193e+00
258 +6.251704495e-06 +6.251704495e-06 -2.524999375e+01 -2.524999375e+01 +3.6146e+00 +6.3376e-01 -1.4196e+00
279 +3.179240231e-06 +3.179240231e-06 -2.524999682e+01 -2.524999682e+01 +3.6146e+00 +6.3620e-01 -1.4231e+00
284 +8.240210398e-07 +8.240210398e-07 -2.524999918e+01 -2.524999918e+01 +3.6152e+00 +6.3482e-01 -1.4214e+00
307 +4.525472228e-07 +4.525472228e-07 -2.524999955e+01 -2.524999955e+01 +3.6150e+00 +6.3556e-01 -1.4217e+00
359 +2.554244567e-07 +2.554244567e-07 -2.524999974e+01 -2.524999974e+01 +3.6141e+00 +6.3480e-01 -1.4214e+00
360 +1.059875778e-07 +1.059875778e-07 -2.524999989e+01 -2.524999989e+01 +3.6141e+00 +6.3507e-01 -1.4215e+00
370 +6.701324651e-08 +6.701324651e-08 -2.524999993e+01 -2.524999993e+01 +3.6144e+00 +6.3525e-01 -1.4213e+00
375 +4.443855772e-08 +4.443855772e-08 -2.524999996e+01 -2.524999996e+01 +3.6145e+00 +6.3531e-01 -1.4217e+00
394 +3.501938650e-08 +3.501938650e-08 -2.524999996e+01 -2.524999996e+01 +3.6144e+00 +6.3515e-01 -1.4218e+00
403 +1.853789655e-08 +1.853789655e-08 -2.524999998e+01 -2.524999998e+01 +3.6143e+00 +6.3528e-01 -1.4216e+00
404 +1.341990696e-08 +1.341990696e-08 -2.524999999e+01 -2.524999999e+01 +3.6145e+00 +6.3511e-01 -1.4216e+00
413 +8.886008374e-09 +8.886008374e-09 -2.524999999e+01 -2.524999999e+01 +3.6145e+00 +6.3527e-01 -1.4216e+00
415 +6.058606061e-09 +6.058606061e-09 -2.524999999e+01 -2.524999999e+01 +3.6144e+00 +6.3526e-01 -1.4216e+00
