% function evaluation | noise-free fitness - Fopt (1.000000000000e+03) | best noise-free fitness - Fopt | measured fitness | best measured fitness | x1 | x2...
1 +7.362128619e+02 +7.362128619e+02 +1.736212862e+03 +1.736212862e+03 -1.4050e+00 -2.1196e+00 +3.7546e+00 -1.7001e+00 +2.0492e+00
5 +3.147589275e+02 +3.147589275e+02 +1.314758928e+03 +1.314758928e+03 -2.4633e+00 -9.4911e-01 +1.9455e+00 -2.9211e-01 +5.0413e+00
16 +1.460088419e+02 +1.460088419e+02 +1.146008842e+03 +1.146008842e+03 -3.5486e+00 -5.0895e-02 +3.1190e+00 +5.4857e-01 +3.6269e+00
28 +7.348706254e+01 +7.348706254e+01 +1.073487063e+03 +1.073487063e+03 -7.0528e+00 +1.9790e+00 +4.1807e+00 +2.6677e+00 +3.0634e+00
30 +5.203087564e+01 +5.203087564e+01 +1.052030876e+03 +1.052030876e+03 -2.5386e+00 +2.5434e+00 +4.9454e+00 +3.2570e+00 +8.2086e-01
78 +3.551749493e+01 +3.551749493e+01 +1.035517495e+03 +1.035517495e+03 -1.5506e+00 +1.5843e+00 +3.0566e+00 +3.5241e+00 +2.5975e+00
165 +2.401590559e+01 +2.401590559e+01 +1.024015906e+03 +1.024015906e+03 -1.9436e+00 +3.4644e+00 +3.8337e+00 +4.1917e+00 +3.0740e+00
506 +1.521009563e+01 +1.521009563e+01 +1.015210096e+03 +1.015210096e+03 -2.5204e+00 +3.2850e+00 +2.6211e+00 +3.2434e+00 +2.7421e+00
582 +9.556427376e+00 +9.556427376e+00 +1.009556427e+03 +1.009556427e+03 -2.8221e+00 +3.5686e+00 +2.7920e+00 +3.2138e+00 +2.9930e+00
613 +5.917055129e+00 +5.917055129e+00 +1.005917055e+03 +1.005917055e+03 -2.7891e+00 +3.6394e+00 +2.7690e+00 +3.1582e+00 +2.9625e+00
657 +3.754166510e+00 +3.754166510e+00 +1.003754167e+03 +1.003754167e+03 -2.7641e+00 +3.6635e+00 +2.7273e+00 +3.2114e+00 +2.9782e+00
13433 +2.279472176e+00 +2.279472176e+00 +1.002279472e+03 +1.002279472e+03 -3.7988e+00 +2.6996e+00 +4.1511e+00 +3.4251e+00 +2.7824e+00
13521 +1.375996509e+00 +1.375996509e+00 +1.001375997e+03 +1.001375997e+03 -3.8217e+00 +2.7383e+00 +4.1243e+00 +3.4179e+00 +2.7799e+00
13775 +9.996045204e-01 +9.996045204e-01 +1.000999605e+03 +1.000999605e+03 -3.8340e+00 +2.7382e+00 +4.1453e+00 +3.4126e+00 +2.7645e+00
36553 +2.053177857e-01 +2.053177857e-01 +1.000205318e+03 +1.000205318e+03 -3.0491e+00 +3.0144e+00 +3.6326e+00 +3.5895e+00 +2.8761e+00
37045 +1.167667973e-01 +1.167667973e-01 +1.000116767e+03 +1.000116767e+03 -3.0555e+00 +3.0181e+00 +3.6376e+00 +3.5912e+00 +2.8672e+00
37061 +8.205640428e-02 +8.205640428e-02 +1.000082056e+03 +1.000082056e+03 -3.0684e+00 +2.9917e+00 +3.6483e+00 +3.5943e+00 +2.8728e+00
37068 +1.927623863e-02 +1.927623863e-02 +1.000019276e+03 +1.000019276e+03 -3.0581e+00 +3.0019e+00 +3.6394e+00 +3.5921e+00 +2.8724e+00
37289 +7.164756568e-03 +7.164756568e-03 +1.000007165e+03 +1.000007165e+03 -3.0558e+00 +2.9987e+00 +3.6408e+00 +3.5952e+00 +2.8676e+00
37436 +3.815125157e-03 +3.815125157e-03 +1.000003815e+03 +1.000003815e+03 -3.0604e+00 +3.0018e+00 +3.6389e+00 +3.5932e+00 +2.8691e+00
37684 +2.135117816e-03 +2.135117816e-03 +1.000002135e+03 +1.000002135e+03 -3.0548e+00 +3.0030e+00 +3.6377e+00 +3.5947e+00 +2.8693e+00
37809 +6.528182311e-04 +6.528182311e-04 +1.000000653e+03 +1.000000653e+03 -3.0561e+00 +3.0021e+00 +3.6397e+00 +3.5949e+00 +2.8684e+00
37933 +4.118620551e-04 +4.118620551e-04 +1.000000412e+03 +1.000000412e+03 -3.0566e+00 +3.0011e+00 +3.6394e+00 +3.5944e+00 +2.8694e+00
37999 +3.793942285e-04 +3.793942285e-04 +1.000000379e+03 +1.000000379e+03 -3.0570e+00 +3.0019e+00 +3.6386e+00 +3.5940e+00 +2.8689e+00
38005 +1.106312577e-04 +1.106312577e-04 +1.000000111e+03 +1.000000111e+03 -3.0569e+00 +3.0017e+00 +3.6392e+00 +3.5946e+00 +2.8689e+00
38177 +9.576037121e-05 +9.576037121e-05 +1.000000096e+03 +1.000000096e+03 -3.0573e+00 +3.0014e+00 +3.6394e+00 +3.5942e+00 +2.8687e+00
38265 +5.675838497e-05 +5.675838497e-05 +1.000000057e+03 +1.000000057e+03 -3.0570e+00 +3.0019e+00 +3.6392e+00 +3.5943e+00 +2.8687e+00
38370 +3.633896779e-05 +3.633896779e-05 +1.000000036e+03 +1.000000036e+03 -3.0568e+00 +3.0018e+00 +3.6390e+00 +3.5945e+00 +2.8687e+00
38434 +2.294059391e-05 +2.294059391e-05 +1.000000023e+03 +1.000000023e+03 -3.0567e+00 +3.0015e+00 +3.6392e+00 +3.5943e+00 +2.8688e+00
38439 +3.695540499e-06 +3.695540499e-06 +1.000000004e+03 +1.000000004e+03 -3.0568e+00 +3.0016e+00 +3.6392e+00 +3.5944e+00 +2.8688e+00
38856 +2.057416509e-06 +2.057416509e-06 +1.000000002e+03 +1.000000002e+03 -3.0568e+00 +3.0016e+00 +3.6392e+00 +3.5944e+00 +2.8688e+00
39001 +1.269495783e-06 +1.269495783e-06 +1.000000001e+03 +1.000000001e+03 -3.0568e+00 +3.0016e+00 +3.6392e+00 +3.5944e+00 +2.8688e+00
39059 +5.402246188e-07 +5.402246188e-07 +1.000000001e+03 +1.000000001e+03 -3.0568e+00 +3.0016e+00 +3.6392e+00 +3.5944e+00 +2.8688e+00
39128 +3.046586698e-07 +3.046586698e-07 +1.000000000e+03 +1.000000000e+03 -3.0568e+00 +3.0016e+00 +3.6392e+00 +3.5944e+00 +2.8688e+00
39309 +7.324831586e-08 +7.324831586e-08 +1.000000000e+03 +1.000000000e+03 -3.0568e+00 +3.0016e+00 +3.6392e+00 +3.5944e+00 +2.8688e+00
39475 +3.895218015e-08 +3.895218015e-08 +1.000000000e+03 +1.000000000e+03 -3.0568e+00 +3.0016e+00 +3.6392e+00 +3.5944e+00 +2.8688e+00
39727 +2.414776645e-08 +2.414776645e-08 +1.000000000e+03 +1.000000000e+03 -3.0568e+00 +3.0016e+00 +3.6392e+00 +3.5944e+00 +2.8688e+00
39751 +8.643837646e-09 +8.643837646e-09 +1.000000000e+03 +1.000000000e+03 -3.0568e+00 +3.0016e+00 +3.6392e+00 +3.5944e+00 +2.8688e+00
39838 +1.081048140e-09 +1.081048140e-09 +1.000000000e+03 +1.000000000e+03 -3.0568e+00 +3.0016e+00 +3.6392e+00 +3.5944e+00 +2.8688e+00
% function evaluation | noise-free fitness - Fopt (1.000000000000e+03) | best noise-free fitness - Fopt | measured fitness | best measured fitness | x1 | x2...
1 +3.712888240e+02 +3.712888240e+02 +1.371288824e+03 +1.371288824e+03 -2.2040e+00 -1.0037e+00 -2.6590e+00 +2.4530e+00 +1.2530e+00
2 +1.330008295e+02 +1.330008295e+02 +1.133000830e+03 +1.133000830e+03 -1.7454e+00 -1.1819e+00 +9.4473e-01 +3.1854e+00 +2.6782e+00
43 +8.670714833e+01 +8.670714833e+01 +1.086707148e+03 +1.086707148e+03 -1.8846e+00 +4.5948e+00 +1.7973e+00 +5.1146e+00 +2.0629e+00
47 +5.097586714e+01 +5.097586714e+01 +1.050975867e+03 +1.050975867e+03 -3.4401e+00 +3.6998e+00 +1.9787e+00 +2.8373e+00 +1.4750e+00
104 +2.990331908e+01 +2.990331908e+01 +1.029903319e+03 +1.029903319e+03 -2.6592e+00 +3.1735e+00 +2.3692e+00 +3.2548e+00 +2.9473e+00
123 +2.388531251e+01 +2.388531251e+01 +1.023885313e+03 +1.023885313e+03 -2.9535e+00 +3.0951e+00 +3.5086e+00 +3.6540e+00 +3.5502e+00
375 +7.753307778e+00 +7.753307778e+00 +1.007753308e+03 +1.007753308e+03 -2.9951e+00 +2.0188e+00 +3.8529e+00 +3.3874e+00 +3.4738e+00
522 +6.084486908e+00 +6.084486908e+00 +1.006084487e+03 +1.006084487e+03 -3.0159e+00 +2.1061e+00 +3.9393e+00 +3.3574e+00 +3.4374e+00
607 +3.280577507e+00 +3.280577507e+00 +1.003280578e+03 +1.003280578e+03 -3.0329e+00 +2.0921e+00 +3.8815e+00 +3.3673e+00 +3.4632e+00
2989 +2.484557309e+00 +2.484557309e+00 +1.002484557e+03 +1.002484557e+03 -3.7233e+00 +3.0394e+00 +3.1960e+00 +3.4181e+00 +3.2393e+00
16906 +9.822629618e-01 +9.822629618e-01 +1.000982263e+03 +1.000982263e+03 -3.0851e+00 +2.9782e+00 +3.6322e+00 +3.5983e+00 +2.8911e+00
17302 +6.272874542e-01 +6.272874542e-01 +1.000627287e+03 +1.000627287e+03 -3.0594e+00 +3.0234e+00 +3.6198e+00 +3.6040e+00 +2.8620e+00
17401 +3.236483596e-01 +3.236483596e-01 +1.000323648e+03 +1.000323648e+03 -3.0573e+00 +3.0021e+00 +3.6552e+00 +3.5953e+00 +2.8792e+00
17459 +8.452343464e-02 +8.452343464e-02 +1.000084523e+03 +1.000084523e+03 -3.0685e+00 +2.9961e+00 +3.6429e+00 +3.5936e+00 +2.8769e+00
17656 +6.208445938e-02 +6.208445938e-02 +1.000062084e+03 +1.000062084e+03 -3.0653e+00 +3.0084e+00 +3.6395e+00 +3.5928e+00 +2.8718e+00
17682 +2.535921658e-02 +2.535921658e-02 +1.000025359e+03 +1.000025359e+03 -3.0553e+00 +3.0012e+00 +3.6447e+00 +3.5958e+00 +2.8704e+00
17725 +1.230545911e-02 +1.230545911e-02 +1.000012305e+03 +1.000012305e+03 -3.0586e+00 +3.0033e+00 +3.6421e+00 +3.5958e+00 +2.8678e+00
17855 +4.300591518e-03 +4.300591518e-03 +1.000004301e+03 +1.000004301e+03 -3.0573e+00 +3.0014e+00 +3.6368e+00 +3.5937e+00 +2.8690e+00
18033 +1.716398920e-03 +1.716398920e-03 +1.000001716e+03 +1.000001716e+03 -3.0586e+00 +3.0008e+00 +3.6396e+00 +3.5935e+00 +2.8682e+00
18164 +1.271352381e-03 +1.271352381e-03 +1.000001271e+03 +1.000001271e+03 -3.0562e+00 +3.0013e+00 +3.6399e+00 +3.5940e+00 +2.8684e+00
18184 +8.171411655e-04 +8.171411655e-04 +1.000000817e+03 +1.000000817e+03 -3.0561e+00 +3.0006e+00 +3.6391e+00 +3.5949e+00 +2.8693e+00
18186 +3.537923718e-04 +3.537923718e-04 +1.000000354e+03 +1.000000354e+03 -3.0557e+00 +3.0015e+00 +3.6387e+00 +3.5946e+00 +2.8687e+00
18271 +1.257887278e-04 +1.257887278e-04 +1.000000126e+03 +1.000000126e+03 -3.0571e+00 +3.0014e+00 +3.6390e+00 +3.5943e+00 +2.8690e+00
18508 +6.445273141e-05 +6.445273141e-05 +1.000000064e+03 +1.000000064e+03 -3.0566e+00 +3.0014e+00 +3.6392e+00 +3.5943e+00 +2.8687e+00
18541 +5.779455444e-05 +5.779455444e-05 +1.000000058e+03 +1.000000058e+03 -3.0570e+00 +3.0016e+00 +3.6394e+00 +3.5944e+00 +2.8686e+00
18551 +3.466797989e-05 +3.466797989e-05 +1.000000035e+03 +1.000000035e+03 -3.0565e+00 +3.0017e+00 +3.6392e+00 +3.5945e+00 +2.8687e+00
18610 +1.745898885e-05 +1.745898885e-05 +1.000000017e+03 +1.000000017e+03 -3.0567e+00 +3.0015e+00 +3.6393e+00 +3.5945e+00 +2.8689e+00
18640 +9.039427937e-06 +9.039427937e-06 +1.000000009e+03 +1.000000009e+03 -3.0567e+00 +3.0017e+00 +3.6391e+00 +3.5944e+00 +2.8688e+00
18742 +5.725265396e-06 +5.725265396e-06 +1.000000006e+03 +1.000000006e+03 -3.0569e+00 +3.0016e+00 +3.6392e+00 +3.5944e+00 +2.8688e+00
18782 +3.526248634e-06 +3.526248634e-06 +1.000000004e+03 +1.000000004e+03 -3.0568e+00 +3.0016e+00 +3.6392e+00 +3.5944e+00 +2.8688e+00
18933 +4.945117098e-07 +4.945117098e-07 +1.000000000e+03 +1.000000000e+03 -3.0568e+00 +3.0016e+00 +3.6392e+00 +3.5944e+00 +2.8688e+00
19148 +1.935723049e-07 +1.935723049e-07 +1.000000000e+03 +1.000000000e+03 -3.0568e+00 +3.0016e+00 +3.6392e+00 +3.5944e+00 +2.8688e+00
19199 +9.775430954e-08 +9.775430954e-08 +1.000000000e+03 +1.000000000e+03 -3.0568e+00 +3.0016e+00 +3.6392e+00 +3.5944e+00 +2.8688e+00
19336 +2.140382094e-08 +2.140382094e-08 +1.000000000e+03 +1.000000000e+03 -3.0568e+00 +3.0016e+00 +3.6392e+00 +3.5944e+00 +2.8688e+00
19460 +1.068156052e-08 +1.068156052e-08 +1.000000000e+03 +1.000000000e+03 -3.0568e+00 +3.0016e+00 +3.6392e+00 +3.5944e+00 +2.8688e+00
19598 +7.652715794e-09 +7.652715794e-09 +1.000000000e+03 +1.000000000e+03 -3.0568e+00 +3.0016e+00 +3.6392e+00 +3.5944e+00 +2.8688e+00
19636 +1.641865310e-09 +1.641865310e-09 +1.000000000e+03 +1.000000000e+03 -3.0568e+00 +3.0016e+00 +3.6392e+00 +3.5944e+00 +2.8688e+00
% function evaluation | noise-free fitness - Fopt (1.000000000000e+03) | best noise-free fitness - Fopt | measured fitness | best measured fitness | x1 | x2...
1 +5.347454013e+02 +5.347454013e+02 +1.534745401e+03 +1.534745401e+03 -3.2757e+00 +2.6916e+00 +3.5927e-01 -1.6801e+00 -3.8957e+00
11 +2.365051049e+02 +2.365051049e+02 +1.236505105e+03 +1.236505105e+03 -6.4498e+00 -4.2822e-02 +2.3606e-01 +9.6971e-01 +6.9588e-01
35 +1.098382929e+02 +1.098382929e+02 +1.109838293e+03 +1.109838293e+03 -2.4542e+00 +2.1742e+00 +3.1909e+00 +2.7228e+00 -1.1039e+00
69 +9.969921287e+01 +9.969921287e+01 +1.099699213e+03 +1.099699213e+03 -2.6126e+00 +3.2938e+00 +5.3243e+00 +3.3224e+00 -6.9252e-01
133 +4.486423150e+01 +4.486423150e+01 +1.044864232e+03 +1.044864232e+03 -4.5260e+00 +8.0189e-01 +5.2174e+00 +4.0913e+00 +2.7917e+00
164 +2.466344057e+01 +2.466344057e+01 +1.024663441e+03 +1.024663441e+03 -4.8848e+00 +5.5465e-01 +4.4975e+00 +3.2922e+00 +3.7845e+00
288 +1.570086457e+01 +1.570086457e+01 +1.015700865e+03 +1.015700865e+03 -2.7799e+00 +3.2521e+00 +4.6073e+00 +3.9920e+00 +1.8218e+00
572 +8.484596844e+00 +8.484596844e+00 +1.008484597e+03 +1.008484597e+03 -4.1577e+00 +2.8777e+00 +4.6372e+00 +3.2721e+00 +2.1787e+00
647 +5.324244176e+00 +5.324244176e+00 +1.005324244e+03 +1.005324244e+03 -4.2693e+00 +2.8323e+00 +4.6508e+00 +3.2647e+00 +2.1505e+00
3250 +3.638239659e+00 +3.638239659e+00 +1.003638240e+03 +1.003638240e+03 -3.0802e+00 +3.9486e+00 +3.3353e+00 +3.8615e+00 +2.3123e+00
7245 +2.429558093e+00 +2.429558093e+00 +1.002429558e+03 +1.002429558e+03 -3.1270e+00 +2.9350e+00 +3.6809e+00 +3.5759e+00 +2.8704e+00
7308 +7.403965959e-01 +7.403965959e-01 +1.000740397e+03 +1.000740397e+03 -3.0401e+00 +3.0222e+00 +3.6172e+00 +3.5946e+00 +2.8905e+00
7468 +5.298139897e-01 +5.298139897e-01 +1.000529814e+03 +1.000529814e+03 -3.0959e+00 +2.9788e+00 +3.6474e+00 +3.5853e+00 +2.8785e+00
7539 +3.222457643e-01 +3.222457643e-01 +1.000322246e+03 +1.000322246e+03 -3.0612e+00 +3.0126e+00 +3.6424e+00 +3.5994e+00 +2.8819e+00
7593 +1.428720499e-01 +1.428720499e-01 +1.000142872e+03 +1.000142872e+03 -3.0527e+00 +3.0031e+00 +3.6490e+00 +3.5910e+00 +2.8608e+00
7615 +4.509749606e-02 +4.509749606e-02 +1.000045097e+03 +1.000045097e+03 -3.0507e+00 +2.9975e+00 +3.6376e+00 +3.5970e+00 +2.8652e+00
7687 +1.447131783e-02 +1.447131783e-02 +1.000014471e+03 +1.000014471e+03 -3.0594e+00 +3.0041e+00 +3.6362e+00 +3.5919e+00 +2.8692e+00
7760 +4.003930847e-03 +4.003930847e-03 +1.000004004e+03 +1.000004004e+03 -3.0579e+00 +3.0045e+00 +3.6387e+00 +3.5947e+00 +2.8685e+00
7882 +2.082132802e-03 +2.082132802e-03 +1.000002082e+03 +1.000002082e+03 -3.0563e+00 +3.0007e+00 +3.6389e+00 +3.5940e+00 +2.8700e+00
7919 +1.287455080e-03 +1.287455080e-03 +1.000001287e+03 +1.000001287e+03 -3.0559e+00 +3.0013e+00 +3.6381e+00 +3.5942e+00 +2.8684e+00
7983 +3.983478285e-04 +3.983478285e-04 +1.000000398e+03 +1.000000398e+03 -3.0557e+00 +3.0021e+00 +3.6388e+00 +3.5946e+00 +2.8688e+00
8047 +2.339222839e-04 +2.339222839e-04 +1.000000234e+03 +1.000000234e+03 -3.0574e+00 +3.0014e+00 +3.6393e+00 +3.5939e+00 +2.8688e+00
8123 +1.420562807e-04 +1.420562807e-04 +1.000000142e+03 +1.000000142e+03 -3.0569e+00 +3.0012e+00 +3.6389e+00 +3.5943e+00 +2.8689e+00
8159 +3.607899225e-05 +3.607899225e-05 +1.000000036e+03 +1.000000036e+03 -3.0566e+00 +3.0016e+00 +3.6390e+00 +3.5944e+00 +2.8687e+00
8212 +2.142702874e-05 +2.142702874e-05 +1.000000021e+03 +1.000000021e+03 -3.0570e+00 +3.0014e+00 +3.6394e+00 +3.5943e+00 +2.8689e+00
8241 +1.215510167e-05 +1.215510167e-05 +1.000000012e+03 +1.000000012e+03 -3.0568e+00 +3.0016e+00 +3.6392e+00 +3.5945e+00 +2.8687e+00
8287 +8.211887348e-06 +8.211887348e-06 +1.000000008e+03 +1.000000008e+03 -3.0568e+00 +3.0015e+00 +3.6392e+00 +3.5943e+00 +2.8688e+00
8355 +3.434264954e-06 +3.434264954e-06 +1.000000003e+03 +1.000000003e+03 -3.0568e+00 +3.0016e+00 +3.6392e+00 +3.5944e+00 +2.8688e+00
8393 +1.933278327e-06 +1.933278327e-06 +1.000000002e+03 +1.000000002e+03 -3.0568e+00 +3.0016e+00 +3.6392e+00 +3.5944e+00 +2.8688e+00
8398 +1.363341426e-06 +1.363341426e-06 +1.000000001e+03 +1.000000001e+03 -3.0568e+00 +3.0016e+00 +3.6392e+00 +3.5944e+00 +2.8688e+00
8453 +7.636305099e-07 +7.636305099e-07 +1.000000001e+03 +1.000000001e+03 -3.0568e+00 +3.0016e+00 +3.6392e+00 +3.5944e+00 +2.8688e+00
8526 +3.523522309e-07 +3.523522309e-07 +1.000000000e+03 +1.000000000e+03 -3.0568e+00 +3.0016e+00 +3.6392e+00 +3.5944e+00 +2.8688e+00
8582 +1.875914677e-07 +1.875914677e-07 +1.000000000e+03 +1.000000000e+03 -3.0568e+00 +3.0016e+00 +3.6392e+00 +3.5944e+00 +2.8688e+00
8585 +6.345669590e-08 +6.345669590e-08 +1.000000000e+03 +1.000000000e+03 -3.0568e+00 +3.0016e+00 +3.6392e+00 +3.5944e+00 +2.8688e+00
8687 +4.402818377e-08 +4.402818377e-08 +1.000000000e+03 +1.000000000e+03 -3.0568e+00 +3.0016e+00 +3.6392e+00 +3.5944e+00 +2.8688e+00
8711 +3.100490176e-08 +3.100490176e-08 +1.000000000e+03 +1.000000000e+03 -3.0568e+00 +3.0016e+00 +3.6392e+00 +3.5944e+00 +2.8688e+00
8717 +2.240028607e-08 +2.240028607e-08 +1.000000000e+03 +1.000000000e+03 -3.0568e+00 +3.0016e+00 +3.6392e+00 +3.5944e+00 +2.8688e+00
8779 +1.469572908e-08 +1.469572908e-08 +1.000000000e+03 +1.000000000e+03 -3.0568e+00 +3.0016e+00 +3.6392e+00 +3.5944e+00 +2.8688e+00
8805 +5.816559678e-09 +5.816559678e-09 +1.000000000e+03 +1.000000000e+03 -3.0568e+00 +3.0016e+00 +3.6392e+00 +3.5944e+00 +2.8688e+00
8830 +3.153672878e-10 +3.153672878e-10 +1.000000000e+03 +1.000000000e+03 -3.0568e+00 +3.0016e+00 +3.6392e+00 +3.5944e+00 +2.8688e+00
% function evaluation | noise-free fitness - Fopt (7.003000000000e+01) | best noise-free fitness - Fopt | measured fitness | best measured fitness | x1 | x2...
1 +3.156353629e+02 +3.156353629e+02 +3.856653629e+02 +3.856653629e+02 +3.2814e+00 +6.9362e-01 +1.9203e+00 -1.4844e+00 +7.0354e-01
2 +2.206707088e+02 +2.206707088e+02 +2.907007088e+02 +2.907007088e+02 +1.8253e+00 -5.3791e-01 +3.4155e+00 -5.7762e+00 -1.4121e+00
11 +1.387741700e+02 +1.387741700e+02 +2.088041700e+02 +2.088041700e+02 +1.1995e-01 +1.2303e+00 -7.7659e-01 -2.6054e+00 -4.2943e+00
57 +5.374045084e+01 +5.374045084e+01 +1.237704508e+02 +1.237704508e+02 +4.6166e-01 -1.2432e+00 -3.0266e+00 -3.1655e+00 +1.9157e+00
115 +3.291073180e+01 +3.291073180e+01 +1.029407318e+02 +1.029407318e+02 -2.3871e+00 -2.4523e+00 -3.1942e+00 -1.5868e+00 -1.3333e-02
222 +9.076265158e+00 +9.076265158e+00 +7.910626516e+01 +7.910626516e+01 -1.0933e+00 -2.2972e+00 -3.7148e+00 -2.7872e+00 -6.3794e-01
603 +6.284320441e+00 +6.284320441e+00 +7.631432044e+01 +7.631432044e+01 -4.9255e-01 -2.3113e+00 -4.8218e+00 -2.7213e+00 +3.3794e-01
2476 +3.818013863e+00 +3.818013863e+00 +7.384801386e+01 +7.384801386e+01 -1.7089e+00 -2.8032e+00 -3.6412e+00 -1.8461e+00 -1.3621e-01
5627 +2.458051938e+00 +2.458051938e+00 +7.248805194e+01 +7.248805194e+01 -1.3842e+00 -2.5411e+00 -3.7388e+00 -1.2832e+00 -1.9271e-01
20626 +1.551042930e+00 +1.551042930e+00 +7.158104293e+01 +7.158104293e+01 -1.0118e+00 -2.5723e+00 -3.5993e+00 -1.8599e+00 -1.4915e-02
20820 +9.985324775e-01 +9.985324775e-01 +7.102853248e+01 +7.102853248e+01 -1.0195e+00 -2.5817e+00 -3.6222e+00 -1.8446e+00 -1.8262e-02
30325 +4.795644109e-01 +4.795644109e-01 +7.050956441e+01 +7.050956441e+01 -8.2336e-01 -2.4950e+00 -3.9787e+00 -1.9839e+00 -1.3580e-01
30505 +1.637331277e-01 +1.637331277e-01 +7.019373313e+01 +7.019373313e+01 -8.5070e-01 -2.5108e+00 -3.9903e+00 -1.9707e+00 -1.3318e-01
30813 +1.247634500e-01 +1.247634500e-01 +7.015476345e+01 +7.015476345e+01 -8.5074e-01 -2.4959e+00 -3.9807e+00 -1.9696e+00 -1.2081e-01
31008 +9.977023270e-02 +9.977023270e-02 +7.012977023e+01 +7.012977023e+01 -8.5058e-01 -2.4951e+00 -3.9915e+00 -1.9686e+00 -1.4029e-01
31038 +5.975952945e-02 +5.975952945e-02 +7.008975953e+01 +7.008975953e+01 -8.4586e-01 -2.5013e+00 -3.9898e+00 -1.9702e+00 -1.3182e-01
31119 +2.353748167e-02 +2.353748167e-02 +7.005353748e+01 +7.005353748e+01 -8.5042e-01 -2.4955e+00 -3.9772e+00 -1.9766e+00 -1.4258e-01
31236 +1.449840090e-02 +1.449840090e-02 +7.004449840e+01 +7.004449840e+01 -8.4771e-01 -2.4980e+00 -3.9844e+00 -1.9755e+00 -1.3038e-01
31413 +8.543823707e-03 +8.543823707e-03 +7.003854382e+01 +7.003854382e+01 -8.4936e-01 -2.4977e+00 -3.9852e+00 -1.9735e+00 -1.3007e-01
31492 +4.593738192e-03 +4.593738192e-03 +7.003459374e+01 +7.003459374e+01 -8.4979e-01 -2.4972e+00 -3.9811e+00 -1.9727e+00 -1.3786e-01
31500 +2.749513863e-03 +2.749513863e-03 +7.003274951e+01 +7.003274951e+01 -8.5226e-01 -2.4961e+00 -3.9827e+00 -1.9716e+00 -1.3325e-01
31633 +2.280621814e-03 +2.280621814e-03 +7.003228062e+01 +7.003228062e+01 -8.4962e-01 -2.4948e+00 -3.9813e+00 -1.9740e+00 -1.3582e-01
31640 +1.516625973e-03 +1.516625973e-03 +7.003151663e+01 +7.003151663e+01 -8.4989e-01 -2.4958e+00 -3.9829e+00 -1.9720e+00 -1.3350e-01
31767 +6.923258950e-04 +6.923258950e-04 +7.003069233e+01 +7.003069233e+01 -8.4970e-01 -2.4954e+00 -3.9817e+00 -1.9732e+00 -1.3446e-01
31789 +5.230042869e-04 +5.230042869e-04 +7.003052300e+01 +7.003052300e+01 -8.4964e-01 -2.4961e+00 -3.9825e+00 -1.9736e+00 -1.3455e-01
31929 +3.658480005e-04 +3.658480005e-04 +7.003036585e+01 +7.003036585e+01 -8.5075e-01 -2.4959e+00 -3.9825e+00 -1.9721e+00 -1.3439e-01
31960 +2.408002820e-04 +2.408002820e-04 +7.003024080e+01 +7.003024080e+01 -8.5065e-01 -2.4961e+00 -3.9831e+00 -1.9724e+00 -1.3409e-01
32049 +8.489083876e-05 +8.489083876e-05 +7.003008489e+01 +7.003008489e+01 -8.5039e-01 -2.4960e+00 -3.9822e+00 -1.9727e+00 -1.3423e-01
32193 +5.714681841e-05 +5.714681841e-05 +7.003005715e+01 +7.003005715e+01 -8.5029e-01 -2.4958e+00 -3.9823e+00 -1.9729e+00 -1.3462e-01
32213 +1.949078028e-05 +1.949078028e-05 +7.003001949e+01 +7.003001949e+01 -8.5052e-01 -2.4960e+00 -3.9825e+00 -1.9727e+00 -1.3430e-01
32389 +1.342046718e-05 +1.342046718e-05 +7.003001342e+01 +7.003001342e+01 -8.5032e-01 -2.4960e+00 -3.9825e+00 -1.9729e+00 -1.3428e-01
32438 +9.336591006e-06 +9.336591006e-06 +7.003000934e+01 +7.003000934e+01 -8.5043e-01 -2.4959e+00 -3.9823e+00 -1.9728e+00 -1.3444e-01
32552 +5.109879112e-06 +5.109879112e-06 +7.003000511e+01 +7.003000511e+01 -8.5044e-01 -2.4959e+00 -3.9824e+00 -1.9728e+00 -1.3433e-01
32664 +2.598896117e-06 +2.598896117e-06 +7.003000260e+01 +7.003000260e+01 -8.5041e-01 -2.4960e+00 -3.9823e+00 -1.9728e+00 -1.3448e-01
32745 +1.962757366e-06 +1.962757366e-06 +7.003000196e+01 +7.003000196e+01 -8.5042e-01 -2.4960e+00 -3.9824e+00 -1.9728e+00 -1.3446e-01
32892 +5.831332004e-07 +5.831332004e-07 +7.003000058e+01 +7.003000058e+01 -8.5041e-01 -2.4960e+00 -3.9824e+00 -1.9728e+00 -1.3442e-01
32912 +3.903959680e-07 +3.903959680e-07 +7.003000039e+01 +7.003000039e+01 -8.5040e-01 -2.4960e+00 -3.9824e+00 -1.9728e+00 -1.3440e-01
33061 +1.191923644e-07 +1.191923644e-07 +7.003000012e+01 +7.003000012e+01 -8.5039e-01 -2.4960e+00 -3.9824e+00 -1.9728e+00 -1.3439e-01
33303 +2.923152920e-08 +2.923152920e-08 +7.003000003e+01 +7.003000003e+01 -8.5040e-01 -2.4960e+00 -3.9824e+00 -1.9728e+00 -1.3440e-01
33518 +1.656394488e-08 +1.656394488e-08 +7.003000002e+01 +7.003000002e+01 -8.5040e-01 -2.4960e+00 -3.9824e+00 -1.9728e+00 -1.3440e-01
33594 +9.766708331e-09 +9.766708331e-09 +7.003000001e+01 +7.003000001e+01 -8.5040e-01 -2.4960e+00 -3.9824e+00 -1.9728e+00 -1.3440e-01
33642 +6.286896337e-09 +6.286896337e-09 +7.003000001e+01 +7.003000001e+01 -8.5040e-01 -2.4960e+00 -3.9824e+00 -1.9728e+00 -1.3440e-01
33673 +2.701042945e-09 +2.701042945e-09 +7.003000000e+01 +7.003000000e+01 -8.5040e-01 -2.4960e+00 -3.9824e+00 -1.9728e+00 -1.3440e-01
% function evaluation | noise-free fitness - Fopt (7.003000000000e+01) | best noise-free fitness - Fopt | measured fitness | best measured fitness | x1 | x2...
1 +4.720833295e+02 +4.720833295e+02 +5.421133295e+02 +5.421133295e+02 -2.2026e+00 +1.0412e+00 +3.4935e+00 +1.7419e+00 +3.4921e+00
6 +2.938997767e+02 +2.938997767e+02 +3.639297767e+02 +3.639297767e+02 -3.6260e+00 +3.5453e+00 -4.0455e-01 +1.9988e-01 +3.2893e+00
12 +1.787972308e+02 +1.787972308e+02 +2.488272308e+02 +2.488272308e+02 -2.5002e+00 -3.8537e-01 -5.4278e-01 -5.2156e-01 +4.0560e+00
17 +1.448608784e+02 +1.448608784e+02 +2.148908784e+02 +2.148908784e+02 -1.6485e+00 -8.7637e-02 -4.9313e-01 +4.2355e-01 +1.9349e-01
47 +9.353304067e+01 +9.353304067e+01 +1.635630407e+02 +1.635630407e+02 -1.7722e+00 -7.0411e-01 -4.7321e+00 +1.2229e+00 +1.5451e+00
68 +4.492004843e+01 +4.492004843e+01 +1.149500484e+02 +1.149500484e+02 -1.8650e+00 -2.7856e+00 -3.2760e+00 -2.3599e-01 -8.0374e-01
103 +3.822211359e+01 +3.822211359e+01 +1.082521136e+02 +1.082521136e+02 -2.6839e+00 -2.1835e+00 -3.7316e+00 -1.0291e+00 -3.1389e-01
233 +2.489724536e+01 +2.489724536e+01 +9.492724536e+01 +9.492724536e+01 -1.9295e+00 -2.3828e+00 -4.5029e+00 -7.5819e-01 -9.5304e-02
348 +1.574359421e+01 +1.574359421e+01 +8.577359421e+01 +8.577359421e+01 -1.8523e+00 -2.4145e+00 -4.3010e+00 -1.4269e+00 +7.3258e-01
1093 +9.382250312e+00 +9.382250312e+00 +7.941225031e+01 +7.941225031e+01 -1.2229e+00 -2.7946e+00 -4.2681e+00 -1.5051e+00 +1.5440e+00
3055 +5.828245376e+00 +5.828245376e+00 +7.585824538e+01 +7.585824538e+01 -7.6961e-01 -2.6860e+00 -3.3597e+00 -1.8077e+00 -5.2741e-01
3305 +3.000487646e+00 +3.000487646e+00 +7.303048765e+01 +7.303048765e+01 -2.3176e-01 -2.2746e+00 -3.9445e+00 -1.9979e+00 -6.3239e-02
3464 +2.163705329e+00 +2.163705329e+00 +7.219370533e+01 +7.219370533e+01 -1.9797e-01 -2.2735e+00 -3.9608e+00 -2.0088e+00 -1.1235e-02
13227 +1.481957047e+00 +1.481957047e+00 +7.151195705e+01 +7.151195705e+01 -8.1850e-01 -2.4923e+00 -4.0014e+00 -1.9790e+00 -6.8750e-02
13334 +2.111905430e-01 +2.111905430e-01 +7.024119054e+01 +7.024119054e+01 -8.5487e-01 -2.5010e+00 -3.9970e+00 -1.9751e+00 -1.1275e-01
13600 +1.372370593e-01 +1.372370593e-01 +7.016723706e+01 +7.016723706e+01 -8.5680e-01 -2.5036e+00 -3.9794e+00 -1.9644e+00 -1.3168e-01
13760 +8.461681100e-02 +8.461681100e-02 +7.011461681e+01 +7.011461681e+01 -8.4179e-01 -2.4911e+00 -3.9850e+00 -1.9783e+00 -1.2112e-01
13868 +4.949903601e-02 +4.949903601e-02 +7.007949904e+01 +7.007949904e+01 -8.4885e-01 -2.5018e+00 -3.9826e+00 -1.9709e+00 -1.4161e-01
13950 +9.905193667e-03 +9.905193667e-03 +7.003990519e+01 +7.003990519e+01 -8.4844e-01 -2.4960e+00 -3.9870e+00 -1.9736e+00 -1.3089e-01
14098 +4.084558080e-03 +4.084558080e-03 +7.003408456e+01 +7.003408456e+01 -8.5048e-01 -2.4948e+00 -3.9830e+00 -1.9715e+00 -1.3563e-01
14230 +2.839270813e-03 +2.839270813e-03 +7.003283927e+01 +7.003283927e+01 -8.5116e-01 -2.4943e+00 -3.9818e+00 -1.9730e+00 -1.3406e-01
14287 +2.012828251e-03 +2.012828251e-03 +7.003201283e+01 +7.003201283e+01 -8.5065e-01 -2.4966e+00 -3.9829e+00 -1.9734e+00 -1.3279e-01
14338 +1.379261722e-03 +1.379261722e-03 +7.003137926e+01 +7.003137926e+01 -8.5043e-01 -2.4951e+00 -3.9833e+00 -1.9724e+00 -1.3362e-01
14359 +7.864293090e-04 +7.864293090e-04 +7.003078643e+01 +7.003078643e+01 -8.5048e-01 -2.4961e+00 -3.9835e+00 -1.9725e+00 -1.3450e-01
14397 +5.316966886e-04 +5.316966886e-04 +7.003053170e+01 +7.003053170e+01 -8.5132e-01 -2.4962e+00 -3.9820e+00 -1.9724e+00 -1.3490e-01
14427 +2.601916494e-04 +2.601916494e-04 +7.003026019e+01 +7.003026019e+01 -8.5034e-01 -2.4961e+00 -3.9828e+00 -1.9727e+00 -1.3345e-01
14482 +1.467637856e-04 +1.467637856e-04 +7.003014676e+01 +7.003014676e+01 -8.5082e-01 -2.4959e+00 -3.9822e+00 -1.9727e+00 -1.3460e-01
14528 +9.281222344e-05 +9.281222344e-05 +7.003009281e+01 +7.003009281e+01 -8.5058e-01 -2.4958e+00 -3.9820e+00 -1.9728e+00 -1.3461e-01
14763 +2.540280184e-05 +2.540280184e-05 +7.003002540e+01 +7.003002540e+01 -8.5043e-01 -2.4960e+00 -3.9823e+00 -1.9727e+00 -1.3435e-01
14809 +2.386979679e-05 +2.386979679e-05 +7.003002387e+01 +7.003002387e+01 -8.5032e-01 -2.4959e+00 -3.9824e+00 -1.9728e+00 -1.3456e-01
14838 +1.062271718e-05 +1.062271718e-05 +7.003001062e+01 +7.003001062e+01 -8.5046e-01 -2.4959e+00 -3.9825e+00 -1.9728e+00 -1.3433e-01
14888 +7.211416232e-06 +7.211416232e-06 +7.003000721e+01 +7.003000721e+01 -8.5040e-01 -2.4959e+00 -3.9824e+00 -1.9728e+00 -1.3429e-01
14964 +5.988059698e-06 +5.988059698e-06 +7.003000599e+01 +7.003000599e+01 -8.5045e-01 -2.4960e+00 -3.9824e+00 -1.9728e+00 -1.3438e-01
15086 +3.018751059e-06 +3.018751059e-06 +7.003000302e+01 +7.003000302e+01 -8.5040e-01 -2.4960e+00 -3.9824e+00 -1.9728e+00 -1.3443e-01
15136 +2.357219060e-06 +2.357219060e-06 +7.003000236e+01 +7.003000236e+01 -8.5037e-01 -2.4960e+00 -3.9824e+00 -1.9728e+00 -1.3441e-01
15192 +1.160619007e-06 +1.160619007e-06 +7.003000116e+01 +7.003000116e+01 -8.5042e-01 -2.4960e+00 -3.9824e+00 -1.9728e+00 -1.3435e-01
15208 +8.480633085e-07 +8.480633085e-07 +7.003000085e+01 +7.003000085e+01 -8.5038e-01 -2.4960e+00 -3.9824e+00 -1.9728e+00 -1.3436e-01
15283 +6.302250455e-07 +6.302250455e-07 +7.003000063e+01 +7.003000063e+01 -8.5042e-01 -2.4960e+00 -3.9824e+00 -1.9728e+00 -1.3441e-01
15356 +2.899882787e-07 +2.899882787e-07 +7.003000029e+01 +7.003000029e+01 -8.5040e-01 -2.4960e+00 -3.9824e+00 -1.9728e+00 -1.3442e-01
15386 +1.127339431e-07 +1.127339431e-07 +7.003000011e+01 +7.003000011e+01 -8.5040e-01 -2.4960e+00 -3.9824e+00 -1.9728e+00 -1.3441e-01
15452 +3.394484338e-08 +3.394484338e-08 +7.003000003e+01 +7.003000003e+01 -8.5041e-01 -2.4960e+00 -3.9824e+00 -1.9728e+00 -1.3441e-01
15515 +2.295723789e-08 +2.295723789e-08 +7.003000002e+01 +7.003000002e+01 -8.5040e-01 -2.4960e+00 -3.9824e+00 -1.9728e+00 -1.3440e-01
15597 +1.416820794e-08 +1.416820794e-08 +7.003000001e+01 +7.003000001e+01 -8.5040e-01 -2.4960e+00 -3.9824e+00 -1.9728e+00 -1.3440e-01
15829 +6.165805644e-09 +6.165805644e-09 +7.003000001e+01 +7.003000001e+01 -8.5040e-01 -2.4960e+00 -3.9824e+00 -1.9728e+00 -1.3440e-01
15890 +1.711541131e-09 +1.711541131e-09 +7.003000000e+01 +7.003000000e+01 -8.5040e-01 -2.4960e+00 -3.9824e+00 -1.9728e+00 -1.3440e-01
% function evaluation | noise-free fitness - Fopt (7.003000000000e+01) | best noise-free fitness - Fopt | measured fitness | best measured fitness | x1 | x2...
1 +2.051485634e+02 +2.051485634e+02 +2.751785634e+02 +2.751785634e+02 +2.3576e+00 -1.4275e+00 +4.9639e-01 -5.1618e-01 -2.5315e+00
4 +1.243248281e+02 +1.243248281e+02 +1.943548281e+02 +1.943548281e+02 -1.9114e-01 -5.1072e+00 -1.5871e+00 -3.2251e+00 +6.1621e-01
17 +9.765324029e+01 +9.765324029e+01 +1.676832403e+02 +1.676832403e+02 -2.2365e+00 -6.3304e-01 -3.9214e+00 +2.9522e-01 -2.9583e+00
70 +4.711141801e+01 +4.711141801e+01 +1.171414180e+02 +1.171414180e+02 -2.6755e+00 -3.7498e+00 -3.1313e+00 -1.1434e+00 -9.0483e-01
221 +3.688412187e+01 +3.688412187e+01 +1.069141219e+02 +1.069141219e+02 -8.8057e-01 -2.9945e+00 -1.4603e+00 -3.2447e+00 -3.0088e+00
295 +1.955395926e+01 +1.955395926e+01 +8.958395926e+01 +8.958395926e+01 -1.2178e+00 -3.1358e+00 -2.4797e+00 -2.8171e+00 -2.6171e+00
438 +1.540478357e+01 +1.540478357e+01 +8.543478357e+01 +8.543478357e+01 -1.1822e+00 -3.1069e+00 -2.5202e+00 -2.7828e+00 -2.6289e+00
2473 +9.952070087e+00 +9.952070087e+00 +7.998207009e+01 +7.998207009e+01 -1.6638e+00 -2.8223e+00 -3.6760e+00 -1.7582e+00 -1.2292e-01
2486 +5.861950041e+00 +5.861950041e+00 +7.589195004e+01 +7.589195004e+01 -1.6419e+00 -2.8129e+00 -3.6186e+00 -1.8909e+00 -1.1998e-01
2575 +3.846696234e+00 +3.846696234e+00 +7.387669623e+01 +7.387669623e+01 -1.6805e+00 -2.8324e+00 -3.6811e+00 -1.8293e+00 -1.3927e-01
9635 +2.432339020e+00 +2.432339020e+00 +7.246233902e+01 +7.246233902e+01 -8.9035e-01 -2.1870e+00 -4.2949e+00 -1.4437e+00 +2.2094e-01
16811 +1.443837473e+00 +1.443837473e+00 +7.147383747e+01 +7.147383747e+01 -8.1477e-01 -2.4842e+00 -3.9585e+00 -2.0238e+00 -1.4915e-01
16999 +8.624165800e-01 +8.624165800e-01 +7.089241658e+01 +7.089241658e+01 -8.6971e-01 -2.5153e+00 -4.0044e+00 -1.9576e+00 -1.5318e-01
17007 +3.923210775e-01 +3.923210775e-01 +7.042232108e+01 +7.042232108e+01 -8.4730e-01 -2.5008e+00 -3.9718e+00 -1.9639e+00 -1.3034e-01
17161 +7.192414644e-02 +7.192414644e-02 +7.010192415e+01 +7.010192415e+01 -8.4866e-01 -2.4984e+00 -3.9857e+00 -1.9722e+00 -1.4590e-01
17218 +4.777625015e-02 +4.777625015e-02 +7.007777625e+01 +7.007777625e+01 -8.5654e-01 -2.4925e+00 -3.9817e+00 -1.9658e+00 -1.3791e-01
17282 +2.577502472e-02 +2.577502472e-02 +7.005577502e+01 +7.005577502e+01 -8.5670e-01 -2.4976e+00 -3.9832e+00 -1.9686e+00 -1.3513e-01
17354 +7.365874831e-03 +7.365874831e-03 +7.003736587e+01 +7.003736587e+01 -8.4960e-01 -2.4933e+00 -3.9801e+00 -1.9735e+00 -1.3361e-01
17515 +5.330787969e-03 +5.330787969e-03 +7.003533079e+01 +7.003533079e+01 -8.5278e-01 -2.4977e+00 -3.9823e+00 -1.9710e+00 -1.3465e-01
17598 +3.449391625e-03 +3.449391625e-03 +7.003344939e+01 +7.003344939e+01 -8.4942e-01 -2.4953e+00 -3.9810e+00 -1.9724e+00 -1.3586e-01
17643 +8.726577321e-04 +8.726577321e-04 +7.003087266e+01 +7.003087266e+01 -8.4967e-01 -2.4965e+00 -3.9824e+00 -1.9736e+00 -1.3388e-01
17747 +1.948006641e-04 +1.948006641e-04 +7.003019480e+01 +7.003019480e+01 -8.5073e-01 -2.4963e+00 -3.9821e+00 -1.9727e+00 -1.3460e-01
18043 +7.937986167e-05 +7.937986167e-05 +7.003007938e+01 +7.003007938e+01 -8.5027e-01 -2.4959e+00 -3.9825e+00 -1.9728e+00 -1.3463e-01
18066 +1.734818052e-05 +1.734818052e-05 +7.003001735e+01 +7.003001735e+01 -8.5038e-01 -2.4961e+00 -3.9824e+00 -1.9728e+00 -1.3422e-01
18174 +1.448352121e-05 +1.448352121e-05 +7.003001448e+01 +7.003001448e+01 -8.5047e-01 -2.4960e+00 -3.9825e+00 -1.9728e+00 -1.3425e-01
18287 +8.629393335e-06 +8.629393335e-06 +7.003000863e+01 +7.003000863e+01 -8.5034e-01 -2.4959e+00 -3.9824e+00 -1.9728e+00 -1.3433e-01
18319 +5.762032231e-06 +5.762032231e-06 +7.003000576e+01 +7.003000576e+01 -8.5038e-01 -2.4960e+00 -3.9823e+00 -1.9729e+00 -1.3442e-01
18370 +3.609375725e-06 +3.609375725e-06 +7.003000361e+01 +7.003000361e+01 -8.5036e-01 -2.4960e+00 -3.9824e+00 -1.9728e+00 -1.3437e-01
18399 +2.037554054e-06 +2.037554054e-06 +7.003000204e+01 +7.003000204e+01 -8.5040e-01 -2.4960e+00 -3.9824e+00 -1.9728e+00 -1.3443e-01
18408 +8.780756247e-07 +8.780756247e-07 +7.003000088e+01 +7.003000088e+01 -8.5040e-01 -2.4960e+00 -3.9824e+00 -1.9728e+00 -1.3440e-01
18441 +3.793485774e-07 +3.793485774e-07 +7.003000038e+01 +7.003000038e+01 -8.5040e-01 -2.4960e+00 -3.9824e+00 -1.9728e+00 -1.3439e-01
18628 +1.663294000e-07 +1.663294000e-07 +7.003000017e+01 +7.003000017e+01 -8.5040e-01 -2.4960e+00 -3.9824e+00 -1.9728e+00 -1.3440e-01
18691 +6.656378559e-08 +6.656378559e-08 +7.003000007e+01 +7.003000007e+01 -8.5039e-01 -2.4960e+00 -3.9824e+00 -1.9728e+00 -1.3440e-01
18789 +5.125573921e-08 +5.125573921e-08 +7.003000005e+01 +7.003000005e+01 -8.5040e-01 -2.4960e+00 -3.9824e+00 -1.9728e+00 -1.3440e-01
18790 +2.864618409e-08 +2.864618409e-08 +7.003000003e+01 +7.003000003e+01 -8.5040e-01 -2.4960e+00 -3.9824e+00 -1.9728e+00 -1.3439e-01
18886 +2.375315944e-08 +2.375315944e-08 +7.003000002e+01 +7.003000002e+01 -8.5040e-01 -2.4960e+00 -3.9824e+00 -1.9728e+00 -1.3440e-01
18901 +1.550422724e-08 +1.550422724e-08 +7.003000002e+01 +7.003000002e+01 -8.5040e-01 -2.4960e+00 -3.9824e+00 -1.9728e+00 -1.3440e-01
18943 +8.234167126e-09 +8.234167126e-09 +7.003000001e+01 +7.003000001e+01 -8.5040e-01 -2.4960e+00 -3.9824e+00 -1.9728e+00 -1.3440e-01
18981 +4.143757337e-09 +4.143757337e-09 +7.003000000e+01 +7.003000000e+01 -8.5040e-01 -2.4960e+00 -3.9824e+00 -1.9728e+00 -1.3440e-01
% function evaluation | noise-free fitness - Fopt (-4.822000000000e+01) | best noise-free fitness - Fopt | measured fitness | best measured fitness | x1 | x2...
1 +1.394524391e+02 +1.394524391e+02 +9.123243911e+01 +9.123243911e+01 +1.6039e-01 +3.9055e-01 +2.0323e+00 +1.4033e+00 -1.4982e+00
15 +7.645232498e+01 +7.645232498e+01 +2.823232498e+01 +2.823232498e+01 -7.9227e-01 -1.2773e+00 +6.1673e-01 -1.4401e+00 -2.0367e+00
40 +6.176736173e+01 +6.176736173e+01 +1.354736173e+01 +1.354736173e+01 -1.3074e+00 +1.5210e-01 +2.1473e-01 +1.9161e+00 -4.3112e+00
91 +2.545385619e+01 +2.545385619e+01 -2.276614381e+01 -2.276614381e+01 -4.4450e-01 +5.0609e-01 -4.6047e-01 -1.2474e-01 -4.5950e+00
261 +2.382523269e+01 +2.382523269e+01 -2.439476731e+01 -2.439476731e+01 -7.9383e-01 -5.2780e-01 -8.7810e-01 +6.9466e-01 -3.2899e+00
497 +1.342787305e+01 +1.342787305e+01 -3.479212695e+01 -3.479212695e+01 -1.7023e+00 -1.5716e+00 -1.9122e+00 -5.4111e-01 -2.9516e+00
533 +9.335337036e+00 +9.335337036e+00 -3.888466296e+01 -3.888466296e+01 -1.6925e+00 -1.5631e+00 -1.7990e+00 -4.8082e-01 -3.0026e+00
638 +6.087103654e+00 +6.087103654e+00 -4.213289635e+01 -4.213289635e+01 -1.7346e+00 -1.5741e+00 -1.8005e+00 -4.9962e-01 -2.9466e+00
2594 +3.407233771e+00 +3.407233771e+00 -4.481276623e+01 -4.481276623e+01 -1.5938e+00 -1.0955e+00 -2.9106e+00 +4.0193e-01 -3.3914e+00
2643 +2.177721740e+00 +2.177721740e+00 -4.604227826e+01 -4.604227826e+01 -1.4970e+00 -1.0659e+00 -2.9312e+00 +4.0156e-01 -3.4079e+00
2652 +1.569487455e+00 +1.569487455e+00 -4.665051255e+01 -4.665051255e+01 -1.5500e+00 -1.0613e+00 -2.9047e+00 +4.1862e-01 -3.4299e+00
2958 +9.980612282e-01 +9.980612282e-01 -4.722193877e+01 -4.722193877e+01 -1.5259e+00 -1.0564e+00 -2.9054e+00 +4.1967e-01 -3.4170e+00
26122 +4.327649084e-01 +4.327649084e-01 -4.778723509e+01 -4.778723509e+01 -1.8132e+00 -1.0018e+00 -2.2317e+00 +2.0527e-01 -3.5735e+00
26192 +1.975031066e-01 +1.975031066e-01 -4.802249689e+01 -4.802249689e+01 -1.8551e+00 -1.0124e+00 -2.2318e+00 +2.1091e-01 -3.6057e+00
26238 +1.479135034e-01 +1.479135034e-01 -4.807208650e+01 -4.807208650e+01 -1.8466e+00 -1.0070e+00 -2.2321e+00 +2.0134e-01 -3.5961e+00
26258 +6.074236223e-02 +6.074236223e-02 -4.815925764e+01 -4.815925764e+01 -1.8407e+00 -1.0034e+00 -2.2334e+00 +2.1939e-01 -3.5984e+00
26277 +3.232161033e-02 +3.232161033e-02 -4.818767839e+01 -4.818767839e+01 -1.8505e+00 -1.0090e+00 -2.2291e+00 +2.1625e-01 -3.5912e+00
26328 +1.413241777e-02 +1.413241777e-02 -4.820586758e+01 -4.820586758e+01 -1.8448e+00 -1.0094e+00 -2.2326e+00 +2.1431e-01 -3.5921e+00
26365 +4.691586998e-03 +4.691586998e-03 -4.821530841e+01 -4.821530841e+01 -1.8449e+00 -1.0082e+00 -2.2336e+00 +2.1213e-01 -3.5887e+00
26449 +1.013707031e-03 +1.013707031e-03 -4.821898629e+01 -4.821898629e+01 -1.8419e+00 -1.0079e+00 -2.2361e+00 +2.1213e-01 -3.5893e+00
26474 +6.756472379e-04 +6.756472379e-04 -4.821932435e+01 -4.821932435e+01 -1.8423e+00 -1.0074e+00 -2.2349e+00 +2.1226e-01 -3.5889e+00
26476 +5.362704644e-04 +5.362704644e-04 -4.821946373e+01 -4.821946373e+01 -1.8430e+00 -1.0070e+00 -2.2354e+00 +2.1289e-01 -3.5901e+00
26529 +1.855531086e-04 +1.855531086e-04 -4.821981445e+01 -4.821981445e+01 -1.8431e+00 -1.0073e+00 -2.2348e+00 +2.1281e-01 -3.5898e+00
26552 +7.653804596e-05 +7.653804596e-05 -4.821992346e+01 -4.821992346e+01 -1.8423e+00 -1.0070e+00 -2.2350e+00 +2.1292e-01 -3.5896e+00
26582 +3.121295728e-05 +3.121295728e-05 -4.821996879e+01 -4.821996879e+01 -1.8425e+00 -1.0073e+00 -2.2351e+00 +2.1282e-01 -3.5895e+00
26670 +2.024929341e-05 +2.024929341e-05 -4.821997975e+01 -4.821997975e+01 -1.8423e+00 -1.0072e+00 -2.2352e+00 +2.1279e-01 -3.5896e+00
26679 +1.131098827e-05 +1.131098827e-05 -4.821998869e+01 -4.821998869e+01 -1.8423e+00 -1.0072e+00 -2.2352e+00 +2.1279e-01 -3.5895e+00
26681 +8.933731884e-06 +8.933731884e-06 -4.821999107e+01 -4.821999107e+01 -1.8424e+00 -1.0072e+00 -2.2353e+00 +2.1270e-01 -3.5895e+00
26682 +4.178950604e-06 +4.178950604e-06 -4.821999582e+01 -4.821999582e+01 -1.8423e+00 -1.0072e+00 -2.2352e+00 +2.1280e-01 -3.5896e+00
26737 +3.332069937e-06 +3.332069937e-06 -4.821999667e+01 -4.821999667e+01 -1.8424e+00 -1.0072e+00 -2.2352e+00 +2.1280e-01 -3.5895e+00
26770 +2.360655849e-06 +2.360655849e-06 -4.821999764e+01 -4.821999764e+01 -1.8424e+00 -1.0072e+00 -2.2353e+00 +2.1282e-01 -3.5896e+00
26772 +1.319232375e-06 +1.319232375e-06 -4.821999868e+01 -4.821999868e+01 -1.8424e+00 -1.0072e+00 -2.2352e+00 +2.1284e-01 -3.5896e+00
26787 +9.211131555e-07 +9.211131555e-07 -4.821999908e+01 -4.821999908e+01 -1.8424e+00 -1.0072e+00 -2.2352e+00 +2.1283e-01 -3.5896e+00
26814 +4.330118628e-07 +4.330118628e-07 -4.821999957e+01 -4.821999957e+01 -1.8424e+00 -1.0072e+00 -2.2352e+00 +2.1281e-01 -3.5896e+00
26869 +2.739113327e-07 +2.739113327e-07 -4.821999973e+01 -4.821999973e+01 -1.8424e+00 -1.0072e+00 -2.2352e+00 +2.1281e-01 -3.5896e+00
26888 +1.832690586e-07 +1.832690586e-07 -4.821999982e+01 -4.821999982e+01 -1.8424e+00 -1.0072e+00 -2.2352e+00 +2.1280e-01 -3.5896e+00
26914 +1.351387198e-07 +1.351387198e-07 -4.821999986e+01 -4.821999986e+01 -1.8424e+00 -1.0072e+00 -2.2352e+00 +2.1281e-01 -3.5896e+00
26925 +9.451120775e-09 +9.451120775e-09 -4.821999999e+01 -4.821999999e+01 -1.8424e+00 -1.0072e+00 -2.2352e+00 +2.1280e-01 -3.5896e+00
% function evaluation | noise-free fitness - Fopt (-4.822000000000e+01) | best noise-free fitness - Fopt | measured fitness | best measured fitness | x1 | x2...
1 +5.432267710e+01 +5.432267710e+01 +6.102677102e+00 +6.102677102e+00 -3.1598e+00 -1.1986e+00 -3.5283e+00 -7.0364e-01 -2.4976e+00
74 +2.813523264e+01 +2.813523264e+01 -2.008476736e+01 -2.008476736e+01 -1.4519e+00 -9.5533e-01 -2.0524e+00 -1.0533e-01 -4.1995e+00
128 +1.990711899e+01 +1.990711899e+01 -2.831288101e+01 -2.831288101e+01 -1.2087e-01 -1.3344e+00 -2.9356e+00 -3.8047e-01 -3.3576e+00
400 +1.519426885e+01 +1.519426885e+01 -3.302573115e+01 -3.302573115e+01 -1.7819e+00 -1.0880e+00 -1.6876e+00 +5.2602e-01 -4.5356e+00
516 +7.124846087e+00 +7.124846087e+00 -4.109515391e+01 -4.109515391e+01 -1.7551e+00 -1.1206e+00 -1.7519e+00 +4.7902e-01 -4.5818e+00
591 +6.213060658e+00 +6.213060658e+00 -4.200693934e+01 -4.200693934e+01 -1.7886e+00 -1.1289e+00 -1.6984e+00 +4.7006e-01 -4.6045e+00
2637 +3.867451432e+00 +3.867451432e+00 -4.435254857e+01 -4.435254857e+01 -1.6490e+00 -7.8757e-01 -2.4143e+00 +4.0619e-02 -3.2228e+00
2668 +2.505521019e+00 +2.505521019e+00 -4.571447898e+01 -4.571447898e+01 -1.6159e+00 -8.2204e-01 -2.4660e+00 +2.0627e-02 -3.1855e+00
2781 +1.431045477e+00 +1.431045477e+00 -4.678895452e+01 -4.678895452e+01 -1.5699e+00 -8.0121e-01 -2.4524e+00 +2.4816e-03 -3.1745e+00
3032 +9.985766087e-01 +9.985766087e-01 -4.722142339e+01 -4.722142339e+01 -1.5524e+00 -7.9127e-01 -2.4591e+00 +2.1675e-02 -3.1711e+00
30889 +6.245177989e-01 +6.245177989e-01 -4.759548220e+01 -4.759548220e+01 -1.8519e+00 -1.0332e+00 -2.2424e+00 +2.0509e-01 -3.5877e+00
30948 +2.233756077e-01 +2.233756077e-01 -4.799662439e+01 -4.799662439e+01 -1.8554e+00 -1.0232e+00 -2.2360e+00 +2.1542e-01 -3.5837e+00
31401 +1.567896430e-01 +1.567896430e-01 -4.806321036e+01 -4.806321036e+01 -1.8487e+00 -1.0083e+00 -2.2315e+00 +2.2075e-01 -3.5816e+00
31409 +5.961270899e-02 +5.961270899e-02 -4.816038729e+01 -4.816038729e+01 -1.8510e+00 -1.0054e+00 -2.2252e+00 +2.1177e-01 -3.5983e+00
31608 +3.156367222e-02 +3.156367222e-02 -4.818843633e+01 -4.818843633e+01 -1.8499e+00 -1.0123e+00 -2.2358e+00 +2.1483e-01 -3.5890e+00
31622 +1.701531670e-02 +1.701531670e-02 -4.820298468e+01 -4.820298468e+01 -1.8412e+00 -1.0081e+00 -2.2377e+00 +2.1104e-01 -3.5844e+00
31753 +9.496540970e-03 +9.496540970e-03 -4.821050346e+01 -4.821050346e+01 -1.8405e+00 -1.0068e+00 -2.2351e+00 +2.1445e-01 -3.5919e+00
31924 +5.379720444e-03 +5.379720444e-03 -4.821462028e+01 -4.821462028e+01 -1.8412e+00 -1.0085e+00 -2.2350e+00 +2.1291e-01 -3.5889e+00
31974 +3.270660543e-03 +3.270660543e-03 -4.821672934e+01 -4.821672934e+01 -1.8429e+00 -1.0065e+00 -2.2323e+00 +2.1281e-01 -3.5908e+00
32058 +2.066722673e-03 +2.066722673e-03 -4.821793328e+01 -4.821793328e+01 -1.8412e+00 -1.0060e+00 -2.2359e+00 +2.1299e-01 -3.5903e+00
32096 +1.411488406e-03 +1.411488406e-03 -4.821858851e+01 -4.821858851e+01 -1.8419e+00 -1.0061e+00 -2.2345e+00 +2.1233e-01 -3.5901e+00
32100 +8.774092946e-04 +8.774092946e-04 -4.821912259e+01 -4.821912259e+01 -1.8411e+00 -1.0071e+00 -2.2350e+00 +2.1277e-01 -3.5891e+00
32314 +4.207260391e-04 +4.207260391e-04 -4.821957927e+01 -4.821957927e+01 -1.8429e+00 -1.0076e+00 -2.2354e+00 +2.1336e-01 -3.5898e+00
32338 +3.240171868e-04 +3.240171868e-04 -4.821967598e+01 -4.821967598e+01 -1.8431e+00 -1.0074e+00 -2.2346e+00 +2.1318e-01 -3.5900e+00
32408 +2.177124456e-04 +2.177124456e-04 -4.821978229e+01 -4.821978229e+01 -1.8422e+00 -1.0073e+00 -2.2357e+00 +2.1275e-01 -3.5890e+00
32516 +5.881082627e-05 +5.881082627e-05 -4.821994119e+01 -4.821994119e+01 -1.8424e+00 -1.0071e+00 -2.2351e+00 +2.1275e-01 -3.5894e+00
32714 +1.998428331e-05 +1.998428331e-05 -4.821998002e+01 -4.821998002e+01 -1.8424e+00 -1.0072e+00 -2.2353e+00 +2.1294e-01 -3.5896e+00
32807 +1.287319679e-05 +1.287319679e-05 -4.821998713e+01 -4.821998713e+01 -1.8425e+00 -1.0071e+00 -2.2351e+00 +2.1280e-01 -3.5897e+00
32854 +4.399674815e-06 +4.399674815e-06 -4.821999560e+01 -4.821999560e+01 -1.8424e+00 -1.0072e+00 -2.2351e+00 +2.1286e-01 -3.5896e+00
33207 +1.849761702e-06 +1.849761702e-06 -4.821999815e+01 -4.821999815e+01 -1.8424e+00 -1.0072e+00 -2.2351e+00 +2.1283e-01 -3.5896e+00
33224 +1.295481404e-06 +1.295481404e-06 -4.821999870e+01 -4.821999870e+01 -1.8424e+00 -1.0072e+00 -2.2352e+00 +2.1280e-01 -3.5896e+00
33237 +4.977122643e-07 +4.977122643e-07 -4.821999950e+01 -4.821999950e+01 -1.8424e+00 -1.0072e+00 -2.2352e+00 +2.1279e-01 -3.5896e+00
33477 +2.146019185e-07 +2.146019185e-07 -4.821999979e+01 -4.821999979e+01 -1.8424e+00 -1.0072e+00 -2.2352e+00 +2.1280e-01 -3.5896e+00
33600 +1.493770725e-07 +1.493770725e-07 -4.821999985e+01 -4.821999985e+01 -1.8424e+00 -1.0072e+00 -2.2352e+00 +2.1280e-01 -3.5896e+00
33638 +5.795797620e-08 +5.795797620e-08 -4.821999994e+01 -4.821999994e+01 -1.8424e+00 -1.0072e+00 -2.2352e+00 +2.1280e-01 -3.5896e+00
33854 +2.846103087e-08 +2.846103087e-08 -4.821999997e+01 -4.821999997e+01 -1.8424e+00 -1.0072e+00 -2.2352e+00 +2.1280e-01 -3.5896e+00
33931 +1.622596102e-08 +1.622596102e-08 -4.821999998e+01 -4.821999998e+01 -1.8424e+00 -1.0072e+00 -2.2352e+00 +2.1280e-01 -3.5896e+00
33990 +1.503230607e-08 +1.503230607e-08 -4.821999998e+01 -4.821999998e+01 -1.8424e+00 -1.0072e+00 -2.2352e+00 +2.1280e-01 -3.5896e+00
34093 +6.453078072e-09 +6.453078072e-09 -4.821999999e+01 -4.821999999e+01 -1.8424e+00 -1.0072e+00 -2.2352e+00 +2.1280e-01 -3.5896e+00
34139 +9.037464110e-10 +9.037464110e-10 -4.822000000e+01 -4.822000000e+01 -1.8424e+00 -1.0072e+00 -2.2352e+00 +2.1280e-01 -3.5896e+00
% function evaluation | noise-free fitness - Fopt (-4.822000000000e+01) | best noise-free fitness - Fopt | measured fitness | best measured fitness | x1 | x2...
1 +2.369803765e+02 +2.369803765e+02 +1.887603765e+02 +1.887603765e+02 -1.1376e+00 -7.0820e-01 +6.5931e-01 +1.5492e+00 +1.9217e+00
8 +1.386448958e+02 +1.386448958e+02 +9.042489584e+01 +9.042489584e+01 -2.8105e+00 -4.1774e+00 -1.4116e+00 -9.8584e-01 +2.4625e-01
52 +6.831493652e+01 +6.831493652e+01 +2.009493652e+01 +2.009493652e+01 +1.0756e-01 -6.8460e-01 -4.2378e+00 -6.0627e-02 -1.3804e+00
82 +5.935302235e+01 +5.935302235e+01 +1.113302235e+01 +1.113302235e+01 -1.8752e+00 -3.4282e+00 -4.3451e+00 -2.0565e+00 -2.3444e+00
100 +3.674405837e+01 +3.674405837e+01 -1.147594163e+01 -1.147594163e+01 -1.0256e+00 -1.5593e+00 -3.2206e+00 +2.4427e-02 -2.4363e+00
261 +5.097484538e+00 +5.097484538e+00 -4.312251546e+01 -4.312251546e+01 -1.6276e+00 -1.1067e+00 -2.8578e+00 +4.0640e-01 -3.4883e+00
866 +3.124998818e+00 +3.124998818e+00 -4.509500118e+01 -4.509500118e+01 -1.7251e+00 -1.4743e+00 -2.5941e+00 -4.0477e-01 -3.2514e+00
919 +2.493906491e+00 +2.493906491e+00 -4.572609351e+01 -4.572609351e+01 -1.7113e+00 -1.4894e+00 -2.6209e+00 -3.9958e-01 -3.2247e+00
5966 +1.319408331e+00 +1.319408331e+00 -4.690059167e+01 -4.690059167e+01 -1.8273e+00 -1.0176e+00 -2.2251e+00 +2.3627e-01 -3.5823e+00
5979 +6.559676294e-01 +6.559676294e-01 -4.756403237e+01 -4.756403237e+01 -1.8558e+00 -1.0161e+00 -2.2635e+00 +2.2574e-01 -3.5756e+00
6030 +5.488721660e-01 +5.488721660e-01 -4.767112783e+01 -4.767112783e+01 -1.8568e+00 -1.0242e+00 -2.2635e+00 +2.0393e-01 -3.5706e+00
6085 +9.197892152e-02 +9.197892152e-02 -4.812802108e+01 -4.812802108e+01 -1.8420e+00 -1.0167e+00 -2.2406e+00 +2.1056e-01 -3.5825e+00
6193 +5.786381047e-02 +5.786381047e-02 -4.816213619e+01 -4.816213619e+01 -1.8496e+00 -1.0087e+00 -2.2394e+00 +2.1518e-01 -3.5856e+00
6195 +3.950568635e-02 +3.950568635e-02 -4.818049431e+01 -4.818049431e+01 -1.8523e+00 -1.0115e+00 -2.2310e+00 +2.1365e-01 -3.5894e+00
6232 +2.254682478e-02 +2.254682478e-02 -4.819745318e+01 -4.819745318e+01 -1.8453e+00 -1.0035e+00 -2.2338e+00 +2.1506e-01 -3.5914e+00
6244 +1.237805875e-02 +1.237805875e-02 -4.820762194e+01 -4.820762194e+01 -1.8463e+00 -1.0074e+00 -2.2358e+00 +2.1091e-01 -3.5910e+00
6322 +9.806643643e-03 +9.806643643e-03 -4.821019336e+01 -4.821019336e+01 -1.8417e+00 -1.0060e+00 -2.2376e+00 +2.1447e-01 -3.5874e+00
6326 +5.947325077e-03 +5.947325077e-03 -4.821405267e+01 -4.821405267e+01 -1.8439e+00 -1.0090e+00 -2.2354e+00 +2.1109e-01 -3.5902e+00
6407 +2.605526637e-03 +2.605526637e-03 -4.821739447e+01 -4.821739447e+01 -1.8408e+00 -1.0057e+00 -2.2340e+00 +2.1354e-01 -3.5900e+00
6439 +1.927685794e-03 +1.927685794e-03 -4.821807231e+01 -4.821807231e+01 -1.8425e+00 -1.0064e+00 -2.2334e+00 +2.1379e-01 -3.5908e+00
6447 +1.212450107e-03 +1.212450107e-03 -4.821878755e+01 -4.821878755e+01 -1.8415e+00 -1.0075e+00 -2.2351e+00 +2.1314e-01 -3.5889e+00
6484 +3.636599980e-04 +3.636599980e-04 -4.821963634e+01 -4.821963634e+01 -1.8428e+00 -1.0073e+00 -2.2343e+00 +2.1284e-01 -3.5899e+00
6526 +2.087972113e-04 +2.087972113e-04 -4.821979120e+01 -4.821979120e+01 -1.8419e+00 -1.0071e+00 -2.2358e+00 +2.1271e-01 -3.5896e+00
6609 +1.341789266e-04 +1.341789266e-04 -4.821986582e+01 -4.821986582e+01 -1.8422e+00 -1.0070e+00 -2.2354e+00 +2.1315e-01 -3.5897e+00
6626 +9.468311669e-05 +9.468311669e-05 -4.821990532e+01 -4.821990532e+01 -1.8423e+00 -1.0070e+00 -2.2352e+00 +2.1266e-01 -3.5894e+00
6658 +5.251794477e-05 +5.251794477e-05 -4.821994748e+01 -4.821994748e+01 -1.8425e+00 -1.0074e+00 -2.2353e+00 +2.1300e-01 -3.5896e+00
6739 +2.976556396e-05 +2.976556396e-05 -4.821997023e+01 -4.821997023e+01 -1.8425e+00 -1.0072e+00 -2.2350e+00 +2.1282e-01 -3.5895e+00
6777 +2.280296258e-05 +2.280296258e-05 -4.821997720e+01 -4.821997720e+01 -1.8424e+00 -1.0072e+00 -2.2351e+00 +2.1297e-01 -3.5897e+00
6846 +1.510703824e-05 +1.510703824e-05 -4.821998489e+01 -4.821998489e+01 -1.8424e+00 -1.0073e+00 -2.2353e+00 +2.1272e-01 -3.5896e+00
6877 +8.073150148e-06 +8.073150148e-06 -4.821999193e+01 -4.821999193e+01 -1.8425e+00 -1.0073e+00 -2.2351e+00 +2.1278e-01 -3.5897e+00
6907 +3.785495494e-06 +3.785495494e-06 -4.821999621e+01 -4.821999621e+01 -1.8425e+00 -1.0072e+00 -2.2352e+00 +2.1280e-01 -3.5897e+00
6960 +2.106604107e-06 +2.106604107e-06 -4.821999789e+01 -4.821999789e+01 -1.8424e+00 -1.0072e+00 -2.2352e+00 +2.1278e-01 -3.5896e+00
6983 +1.261200467e-06 +1.261200467e-06 -4.821999874e+01 -4.821999874e+01 -1.8424e+00 -1.0072e+00 -2.2352e+00 +2.1277e-01 -3.5896e+00
6996 +6.455712054e-07 +6.455712054e-07 -4.821999935e+01 -4.821999935e+01 -1.8424e+00 -1.0072e+00 -2.2352e+00 +2.1277e-01 -3.5896e+00
7082 +6.189349762e-07 +6.189349762e-07 -4.821999938e+01 -4.821999938e+01 -1.8424e+00 -1.0072e+00 -2.2352e+00 +2.1281e-01 -3.5896e+00
7160 +2.086374593e-07 +2.086374593e-07 -4.821999979e+01 -4.821999979e+01 -1.8424e+00 -1.0072e+00 -2.2352e+00 +2.1280e-01 -3.5896e+00
7232 +7.692099757e-08 +7.692099757e-08 -4.821999992e+01 -4.821999992e+01 -1.8424e+00 -1.0072e+00 -2.2352e+00 +2.1280e-01 -3.5896e+00
7272 +5.765128464e-08 +5.765128464e-08 -4.821999994e+01 -4.821999994e+01 -1.8424e+00 -1.0072e+00 -2.2352e+00 +2.1281e-01 -3.5896e+00
7286 +3.516315417e-08 +3.516315417e-08 -4.821999996e+01 -4.821999996e+01 -1.8424e+00 -1.0072e+00 -2.2352e+00 +2.1280e-01 -3.5896e+00
7319 +1.884186673e-08 +1.884186673e-08 -4.821999998e+01 -4.821999998e+01 -1.8424e+00 -1.0072e+00 -2.2352e+00 +2.1280e-01 -3.5896e+00
7342 +1.503414637e-08 +1.503414637e-08 -4.821999998e+01 -4.821999998e+01 -1.8424e+00 -1.0072e+00 -2.2352e+00 +2.1280e-01 -3.5896e+00
7361 +9.691483172e-09 +9.691483172e-09 -4.821999999e+01 -4.821999999e+01 -1.8424e+00 -1.0072e+00 -2.2352e+00 +2.1280e-01 -3.5896e+00
7374 +1.383313020e-09 +1.383313020e-09 -4.822000000e+01 -4.822000000e+01 -1.8424e+00 -1.0072e+00 -2.2352e+00 +2.1280e-01 -3.5896e+00
% function evaluation | noise-free fitness - Fopt (2.547000000000e+01) | best noise-free fitness - Fopt | measured fitness | best measured fitness | x1 | x2...
1 +4.956179840e+02 +4.956179840e+02 +5.210879840e+02 +5.210879840e+02 +2.9052e+00 +3.1542e+00 -6.7950e-01 +3.7673e+00 +3.1659e+00
6 +2.675972884e+02 +2.675972884e+02 +2.930672884e+02 +2.930672884e+02 +5.1588e+00 +3.2371e+00 -4.9747e-01 +2.1852e-01 +9.1533e-01
14 +2.207905302e+02 +2.207905302e+02 +2.462605302e+02 +2.462605302e+02 +2.1132e+00 +4.1652e+00 -4.2537e-01 -2.0089e+00 +8.9271e-01
32 +1.454670237e+02 +1.454670237e+02 +1.709370237e+02 +1.709370237e+02 +6.2392e-01 +3.0316e+00 -1.0943e+00 -1.8507e+00 +4.0015e-01
66 +9.443839921e+01 +9.443839921e+01 +1.199083992e+02 +1.199083992e+02 -1.3866e+00 -1.1236e+00 -2.6495e+00 -1.5755e+00 -4.7384e+00
87 +4.921522458e+01 +4.921522458e+01 +7.468522458e+01 +7.468522458e+01 -2.6118e+00 -1.4031e+00 -1.0295e-01 -1.1183e+00 -2.4520e+00
91 +3.757686790e+01 +3.757686790e+01 +6.304686790e+01 +6.304686790e+01 -3.1141e+00 -1.9054e+00 -9.4243e-01 -2.5882e+00 -1.6590e+00
273 +1.356287903e+01 +1.356287903e+01 +3.903287903e+01 +3.903287903e+01 -3.6635e+00 -1.3055e+00 -1.3385e+00 -2.2240e+00 -1.2497e+00
684 +8.949645442e+00 +8.949645442e+00 +3.441964544e+01 +3.441964544e+01 -2.8602e+00 -1.7319e+00 -6.6758e-01 -2.2293e+00 -2.3364e-01
814 +6.120354909e+00 +6.120354909e+00 +3.159035491e+01 +3.159035491e+01 -2.9966e+00 -1.7931e+00 -6.4698e-01 -2.3456e+00 -2.6345e-01
2927 +3.801205575e+00 +3.801205575e+00 +2.927120557e+01 +2.927120557e+01 -3.2943e+00 -1.0394e+00 -1.5529e+00 -2.0012e+00 -1.4611e+00
16393 +1.761638471e+00 +1.761638471e+00 +2.723163847e+01 +2.723163847e+01 -3.7499e+00 -1.9262e+00 -1.1486e+00 -2.2931e+00 -1.6940e+00
16473 +1.584153546e+00 +1.584153546e+00 +2.705415355e+01 +2.705415355e+01 -3.7853e+00 -1.9137e+00 -1.1419e+00 -2.2641e+00 -1.6255e+00
16568 +2.396432727e-01 +2.396432727e-01 +2.570964327e+01 +2.570964327e+01 -3.7594e+00 -1.9049e+00 -1.1788e+00 -2.2891e+00 -1.6518e+00
16785 +8.280251160e-02 +8.280251160e-02 +2.555280251e+01 +2.555280251e+01 -3.7921e+00 -1.9184e+00 -1.1521e+00 -2.2833e+00 -1.6578e+00
16928 +4.598511626e-02 +4.598511626e-02 +2.551598512e+01 +2.551598512e+01 -3.7894e+00 -1.9123e+00 -1.1636e+00 -2.2824e+00 -1.6559e+00
16948 +6.657115634e-03 +6.657115634e-03 +2.547665712e+01 +2.547665712e+01 -3.7872e+00 -1.9107e+00 -1.1639e+00 -2.2851e+00 -1.6595e+00
17131 +4.419425782e-03 +4.419425782e-03 +2.547441943e+01 +2.547441943e+01 -3.7826e+00 -1.9125e+00 -1.1635e+00 -2.2866e+00 -1.6617e+00
17200 +3.828437307e-03 +3.828437307e-03 +2.547382844e+01 +2.547382844e+01 -3.7827e+00 -1.9116e+00 -1.1633e+00 -2.2854e+00 -1.6588e+00
17210 +2.146251321e-03 +2.146251321e-03 +2.547214625e+01 +2.547214625e+01 -3.7835e+00 -1.9112e+00 -1.1646e+00 -2.2874e+00 -1.6582e+00
17260 +1.235257308e-03 +1.235257308e-03 +2.547123526e+01 +2.547123526e+01 -3.7844e+00 -1.9127e+00 -1.1633e+00 -2.2869e+00 -1.6590e+00
17376 +6.944043621e-04 +6.944043621e-04 +2.547069440e+01 +2.547069440e+01 -3.7852e+00 -1.9123e+00 -1.1639e+00 -2.2863e+00 -1.6614e+00
17386 +2.401550215e-04 +2.401550215e-04 +2.547024016e+01 +2.547024016e+01 -3.7839e+00 -1.9118e+00 -1.1641e+00 -2.2864e+00 -1.6599e+00
17598 +1.039761598e-04 +1.039761598e-04 +2.547010398e+01 +2.547010398e+01 -3.7851e+00 -1.9120e+00 -1.1642e+00 -2.2866e+00 -1.6598e+00
17638 +6.953995699e-05 +6.953995699e-05 +2.547006954e+01 +2.547006954e+01 -3.7847e+00 -1.9121e+00 -1.1642e+00 -2.2864e+00 -1.6601e+00
17705 +5.973291939e-05 +5.973291939e-05 +2.547005973e+01 +2.547005973e+01 -3.7844e+00 -1.9119e+00 -1.1642e+00 -2.2865e+00 -1.6601e+00
17768 +3.103993971e-05 +3.103993971e-05 +2.547003104e+01 +2.547003104e+01 -3.7847e+00 -1.9119e+00 -1.1640e+00 -2.2865e+00 -1.6598e+00
17839 +1.818189411e-05 +1.818189411e-05 +2.547001818e+01 +2.547001818e+01 -3.7849e+00 -1.9120e+00 -1.1639e+00 -2.2864e+00 -1.6598e+00
17877 +1.151636928e-05 +1.151636928e-05 +2.547001152e+01 +2.547001152e+01 -3.7849e+00 -1.9120e+00 -1.1640e+00 -2.2864e+00 -1.6599e+00
18009 +4.989510007e-06 +4.989510007e-06 +2.547000499e+01 +2.547000499e+01 -3.7849e+00 -1.9121e+00 -1.1639e+00 -2.2864e+00 -1.6600e+00
18032 +3.282185862e-06 +3.282185862e-06 +2.547000328e+01 +2.547000328e+01 -3.7847e+00 -1.9120e+00 -1.1640e+00 -2.2864e+00 -1.6600e+00
18136 +1.260407334e-06 +1.260407334e-06 +2.547000126e+01 +2.547000126e+01 -3.7847e+00 -1.9120e+00 -1.1640e+00 -2.2864e+00 -1.6600e+00
18273 +5.694952740e-07 +5.694952740e-07 +2.547000057e+01 +2.547000057e+01 -3.7848e+00 -1.9120e+00 -1.1640e+00 -2.2864e+00 -1.6600e+00
18365 +2.961047159e-07 +2.961047159e-07 +2.547000030e+01 +2.547000030e+01 -3.7848e+00 -1.9120e+00 -1.1640e+00 -2.2864e+00 -1.6600e+00
18399 +2.497503573e-07 +2.497503573e-07 +2.547000025e+01 +2.547000025e+01 -3.7848e+00 -1.9120e+00 -1.1640e+00 -2.2864e+00 -1.6600e+00
18482 +1.402626069e-07 +1.402626069e-07 +2.547000014e+01 +2.547000014e+01 -3.7848e+00 -1.9120e+00 -1.1640e+00 -2.2864e+00 -1.6600e+00
18497 +8.702665966e-08 +8.702665966e-08 +2.547000009e+01 +2.547000009e+01 -3.7848e+00 -1.9120e+00 -1.1640e+00 -2.2864e+00 -1.6600e+00
18571 +4.803136733e-08 +4.803136733e-08 +2.547000005e+01 +2.547000005e+01 -3.7848e+00 -1.9120e+00 -1.1640e+00 -2.2864e+00 -1.6600e+00
18627 +2.574264713e-08 +2.574264713e-08 +2.547000003e+01 +2.547000003e+01 -3.7848e+00 -1.9120e+00 -1.1640e+00 -2.2864e+00 -1.6600e+00
18768 +7.165695592e-09 +7.165695592e-09 +2.547000001e+01 +2.547000001e+01 -3.7848e+00 -1.9120e+00 -1.1640e+00 -2.2864e+00 -1.6600e+00
18792 +1.817795692e-09 +1.817795692e-09 +2.547000000e+01 +2.547000000e+01 -3.7848e+00 -1.9120e+00 -1.1640e+00 -2.2864e+00 -1.6600e+00
% function evaluation | noise-free fitness - Fopt (2.547000000000e+01) | best noise-free fitness - Fopt | measured fitness | best measured fitness | x1 | x2...
1 +4.487109307e+02 +4.487109307e+02 +4.741809307e+02 +4.741809307e+02 -2.5181e+00 -3.8476e+00 +1.2355e+00 +3.8717e+00 -1.1896e+00
5 +3.852254127e+02 +3.852254127e+02 +4.106954127e+02 +4.106954127e+02 -3.3425e+00 -2.3587e+00 +3.0288e-01 +2.5702e+00 +3.0782e+00
20 +1.094968905e+02 +1.094968905e+02 +1.349668905e+02 +1.349668905e+02 -4.5918e+00 -2.9691e+00 +4.2647e-01 -8.7671e-01 +1.5167e+00
26 +8.252931672e+01 +8.252931672e+01 +1.079993167e+02 +1.079993167e+02 -3.8505e+00 -3.6570e+00 -7.0816e-01 -9.3165e-01 +3.1215e-01
41 +5.943975841e+01 +5.943975841e+01 +8.490975841e+01 +8.490975841e+01 -4.0552e+00 -9.1185e-01 -1.7883e+00 -2.8049e+00 +1.1458e+00
82 +3.599257743e+01 +3.599257743e+01 +6.146257743e+01 +6.146257743e+01 -3.6216e+00 -1.7017e+00 -2.2116e+00 -2.0833e+00 -1.4129e+00
160 +2.079094530e+01 +2.079094530e+01 +4.626094530e+01 +4.626094530e+01 -4.5045e+00 -1.2410e+00 -8.6458e-01 -2.4816e+00 -1.4331e+00
178 +1.287886218e+01 +1.287886218e+01 +3.834886218e+01 +3.834886218e+01 -4.6507e+00 -1.8820e+00 -1.0788e+00 -1.6281e+00 -2.2702e+00
522 +7.956218425e+00 +7.956218425e+00 +3.342621842e+01 +3.342621842e+01 -4.1203e+00 -1.1911e+00 -1.0739e+00 -2.1120e+00 -1.7192e+00
559 +5.780274015e+00 +5.780274015e+00 +3.125027401e+01 +3.125027401e+01 -4.2160e+00 -1.2416e+00 -1.0194e+00 -2.1414e+00 -1.7272e+00
677 +3.929981860e+00 +3.929981860e+00 +2.939998186e+01 +2.939998186e+01 -4.1784e+00 -1.2201e+00 -1.0236e+00 -2.1615e+00 -1.6637e+00
6186 +2.428262421e+00 +2.428262421e+00 +2.789826242e+01 +2.789826242e+01 -3.7233e+00 -2.3659e+00 -1.4204e+00 -2.3465e+00 -1.4001e+00
15249 +1.526974791e+00 +1.526974791e+00 +2.699697479e+01 +2.699697479e+01 -3.8337e+00 -2.1013e+00 -7.0201e-01 -2.1912e+00 -1.2634e+00
16014 +9.994334223e-01 +9.994334223e-01 +2.646943342e+01 +2.646943342e+01 -3.8336e+00 -2.1239e+00 -6.8053e-01 -2.1809e+00 -1.2732e+00
33882 +6.288328491e-01 +6.288328491e-01 +2.609883285e+01 +2.609883285e+01 -3.7558e+00 -1.8977e+00 -1.1916e+00 -2.2886e+00 -1.6459e+00
33919 +2.504434905e-01 +2.504434905e-01 +2.572044349e+01 +2.572044349e+01 -3.7972e+00 -1.9126e+00 -1.1561e+00 -2.2783e+00 -1.6472e+00
34112 +6.176727834e-02 +6.176727834e-02 +2.553176728e+01 +2.553176728e+01 -3.7931e+00 -1.9120e+00 -1.1611e+00 -2.2850e+00 -1.6514e+00
34381 +3.557904905e-02 +3.557904905e-02 +2.550557905e+01 +2.550557905e+01 -3.7785e+00 -1.9078e+00 -1.1653e+00 -2.2852e+00 -1.6538e+00
34584 +1.992326433e-02 +1.992326433e-02 +2.548992326e+01 +2.548992326e+01 -3.7900e+00 -1.9168e+00 -1.1587e+00 -2.2856e+00 -1.6608e+00
34602 +1.117834177e-02 +1.117834177e-02 +2.548117834e+01 +2.548117834e+01 -3.7849e+00 -1.9156e+00 -1.1613e+00 -2.2852e+00 -1.6593e+00
34718 +8.336628070e-04 +8.336628070e-04 +2.547083366e+01 +2.547083366e+01 -3.7854e+00 -1.9124e+00 -1.1630e+00 -2.2862e+00 -1.6607e+00
35012 +3.776776048e-04 +3.776776048e-04 +2.547037768e+01 +2.547037768e+01 -3.7852e+00 -1.9124e+00 -1.1635e+00 -2.2859e+00 -1.6601e+00
35165 +2.377456805e-04 +2.377456805e-04 +2.547023775e+01 +2.547023775e+01 -3.7854e+00 -1.9122e+00 -1.1635e+00 -2.2864e+00 -1.6598e+00
35255 +1.121930718e-04 +1.121930718e-04 +2.547011219e+01 +2.547011219e+01 -3.7853e+00 -1.9121e+00 -1.1637e+00 -2.2863e+00 -1.6599e+00
35397 +8.793817216e-05 +8.793817216e-05 +2.547008794e+01 +2.547008794e+01 -3.7851e+00 -1.9122e+00 -1.1639e+00 -2.2862e+00 -1.6601e+00
35490 +3.100063080e-05 +3.100063080e-05 +2.547003100e+01 +2.547003100e+01 -3.7848e+00 -1.9119e+00 -1.1641e+00 -2.2865e+00 -1.6598e+00
35533 +7.495394879e-06 +7.495394879e-06 +2.547000750e+01 +2.547000750e+01 -3.7848e+00 -1.9119e+00 -1.1640e+00 -2.2864e+00 -1.6599e+00
35886 +4.231900132e-06 +4.231900132e-06 +2.547000423e+01 +2.547000423e+01 -3.7848e+00 -1.9120e+00 -1.1640e+00 -2.2864e+00 -1.6601e+00
35894 +3.674395671e-06 +3.674395671e-06 +2.547000367e+01 +2.547000367e+01 -3.7848e+00 -1.9120e+00 -1.1640e+00 -2.2864e+00 -1.6599e+00
36039 +2.099808029e-06 +2.099808029e-06 +2.547000210e+01 +2.547000210e+01 -3.7848e+00 -1.9119e+00 -1.1640e+00 -2.2864e+00 -1.6600e+00
36043 +3.071546502e-07 +3.071546502e-07 +2.547000031e+01 +2.547000031e+01 -3.7848e+00 -1.9120e+00 -1.1640e+00 -2.2864e+00 -1.6600e+00
36138 +2.503368819e-07 +2.503368819e-07 +2.547000025e+01 +2.547000025e+01 -3.7848e+00 -1.9120e+00 -1.1640e+00 -2.2864e+00 -1.6600e+00
36278 +1.341304383e-07 +1.341304383e-07 +2.547000013e+01 +2.547000013e+01 -3.7848e+00 -1.9120e+00 -1.1640e+00 -2.2864e+00 -1.6600e+00
36427 +9.702806381e-08 +9.702806381e-08 +2.547000010e+01 +2.547000010e+01 -3.7848e+00 -1.9120e+00 -1.1640e+00 -2.2864e+00 -1.6600e+00
36580 +1.898386870e-08 +1.898386870e-08 +2.547000002e+01 +2.547000002e+01 -3.7848e+00 -1.9120e+00 -1.1640e+00 -2.2864e+00 -1.6600e+00
36772 +1.259024174e-08 +1.259024174e-08 +2.547000001e+01 +2.547000001e+01 -3.7848e+00 -1.9120e+00 -1.1640e+00 -2.2864e+00 -1.6600e+00
36916 +8.566100718e-09 +8.566100718e-09 +2.547000001e+01 +2.547000001e+01 -3.7848e+00 -1.9120e+00 -1.1640e+00 -2.2864e+00 -1.6600e+00
37019 +8.357865511e-10 +8.357865511e-10 +2.547000000e+01 +2.547000000e+01 -3.7848e+00 -1.9120e+00 -1.1640e+00 -2.2864e+00 -1.6600e+00
% function evaluation | noise-free fitness - Fopt (2.547000000000e+01) | best noise-free fitness - Fopt | measured fitness | best measured fitness | x1 | x2...
1 +1.382987484e+02 +1.382987484e+02 +1.637687484e+02 +1.637687484e+02 +2.1759e+00 -2.5118e+00 -3.2477e-01 -1.7625e+00 -1.1713e+00
15 +8.879984395e+01 +8.879984395e+01 +1.142698440e+02 +1.142698440e+02 +5.6442e-02 -6.3358e-01 -8.7331e-01 -3.3467e+00 +2.2397e+00
41 +4.200040775e+01 +4.200040775e+01 +6.747040775e+01 +6.747040775e+01 -2.1340e+00 -6.6209e-01 -1.1792e+00 -2.7319e+00 -1.3455e+00
94 +3.203253486e+01 +3.203253486e+01 +5.750253486e+01 +5.750253486e+01 -4.6879e+00 -2.0086e+00 -2.3043e+00 -1.8842e+00 -2.4656e+00
169 +2.179255338e+01 +2.179255338e+01 +4.726255338e+01 +4.726255338e+01 -4.5587e+00 -2.9537e+00 -1.7730e+00 -2.3552e+00 -1.0179e+00
350 +1.408822981e+01 +1.408822981e+01 +3.955822981e+01 +3.955822981e+01 -4.6645e+00 -2.2244e+00 -7.6114e-01 -2.0603e+00 -1.0715e+00
731 +9.573585506e+00 +9.573585506e+00 +3.504358551e+01 +3.504358551e+01 -4.6818e+00 -2.0416e+00 -7.2830e-01 -2.3771e+00 -7.9006e-01
754 +5.781662551e+00 +5.781662551e+00 +3.125166255e+01 +3.125166255e+01 -4.6940e+00 -2.0831e+00 -6.9924e-01 -2.3651e+00 -7.5382e-01
824 +3.316503126e+00 +3.316503126e+00 +2.878650313e+01 +2.878650313e+01 -4.7229e+00 -2.1243e+00 -6.8163e-01 -2.4187e+00 -7.0187e-01
3098 +2.480159873e+00 +2.480159873e+00 +2.795015987e+01 +2.795015987e+01 -3.6723e+00 -1.6741e+00 -1.6300e+00 -2.3842e+00 -8.8495e-01
30125 +1.407713300e+00 +1.407713300e+00 +2.687771330e+01 +2.687771330e+01 -3.7932e+00 -1.9524e+00 -1.1479e+00 -2.2839e+00 -1.6302e+00
30209 +9.599194544e-01 +9.599194544e-01 +2.642991945e+01 +2.642991945e+01 -3.7679e+00 -1.9087e+00 -1.1723e+00 -2.2767e+00 -1.7116e+00
30439 +4.299378146e-01 +4.299378146e-01 +2.589993781e+01 +2.589993781e+01 -3.7743e+00 -1.9133e+00 -1.1628e+00 -2.2810e+00 -1.6362e+00
30471 +2.633257403e-01 +2.633257403e-01 +2.573332574e+01 +2.573332574e+01 -3.7743e+00 -1.9234e+00 -1.1529e+00 -2.2916e+00 -1.6492e+00
30552 +1.653506171e-01 +1.653506171e-01 +2.563535062e+01 +2.563535062e+01 -3.7890e+00 -1.9189e+00 -1.1624e+00 -2.2792e+00 -1.6546e+00
30574 +1.426205346e-01 +1.426205346e-01 +2.561262053e+01 +2.561262053e+01 -3.7799e+00 -1.9047e+00 -1.1567e+00 -2.2829e+00 -1.6633e+00
30735 +8.585118108e-02 +8.585118108e-02 +2.555585118e+01 +2.555585118e+01 -3.7750e+00 -1.9080e+00 -1.1719e+00 -2.2812e+00 -1.6673e+00
30866 +4.740939507e-02 +4.740939507e-02 +2.551740940e+01 +2.551740940e+01 -3.7852e+00 -1.9180e+00 -1.1582e+00 -2.2821e+00 -1.6600e+00
30939 +2.643105445e-02 +2.643105445e-02 +2.549643105e+01 +2.549643105e+01 -3.7835e+00 -1.9099e+00 -1.1612e+00 -2.2842e+00 -1.6556e+00
30955 +1.647748793e-02 +1.647748793e-02 +2.548647749e+01 +2.548647749e+01 -3.7844e+00 -1.9130e+00 -1.1653e+00 -2.2838e+00 -1.6646e+00
31001 +9.211145866e-03 +9.211145866e-03 +2.547921115e+01 +2.547921115e+01 -3.7810e+00 -1.9112e+00 -1.1674e+00 -2.2871e+00 -1.6607e+00
31091 +5.132070376e-03 +5.132070376e-03 +2.547513207e+01 +2.547513207e+01 -3.7843e+00 -1.9099e+00 -1.1660e+00 -2.2858e+00 -1.6615e+00
31333 +2.947063731e-03 +2.947063731e-03 +2.547294706e+01 +2.547294706e+01 -3.7878e+00 -1.9121e+00 -1.1643e+00 -2.2866e+00 -1.6605e+00
31373 +1.538246587e-03 +1.538246587e-03 +2.547153825e+01 +2.547153825e+01 -3.7850e+00 -1.9132e+00 -1.1631e+00 -2.2866e+00 -1.6588e+00
31632 +7.493643656e-04 +7.493643656e-04 +2.547074936e+01 +2.547074936e+01 -3.7847e+00 -1.9124e+00 -1.1643e+00 -2.2869e+00 -1.6591e+00
31719 +4.146126115e-04 +4.146126115e-04 +2.547041461e+01 +2.547041461e+01 -3.7845e+00 -1.9124e+00 -1.1639e+00 -2.2863e+00 -1.6608e+00
31722 +3.266687171e-04 +3.266687171e-04 +2.547032667e+01 +2.547032667e+01 -3.7846e+00 -1.9120e+00 -1.1640e+00 -2.2866e+00 -1.6591e+00
31817 +2.292228087e-04 +2.292228087e-04 +2.547022922e+01 +2.547022922e+01 -3.7844e+00 -1.9120e+00 -1.1637e+00 -2.2863e+00 -1.6604e+00
31847 +1.501905304e-04 +1.501905304e-04 +2.547015019e+01 +2.547015019e+01 -3.7844e+00 -1.9120e+00 -1.1640e+00 -2.2865e+00 -1.6595e+00
31971 +8.636127257e-05 +8.636127257e-05 +2.547008636e+01 +2.547008636e+01 -3.7846e+00 -1.9121e+00 -1.1641e+00 -2.2864e+00 -1.6604e+00
32044 +1.416040936e-05 +1.416040936e-05 +2.547001416e+01 +2.547001416e+01 -3.7847e+00 -1.9120e+00 -1.1641e+00 -2.2864e+00 -1.6599e+00
32283 +5.165391514e-06 +5.165391514e-06 +2.547000517e+01 +2.547000517e+01 -3.7848e+00 -1.9121e+00 -1.1640e+00 -2.2864e+00 -1.6601e+00
32562 +3.422089865e-06 +3.422089865e-06 +2.547000342e+01 +2.547000342e+01 -3.7848e+00 -1.9120e+00 -1.1639e+00 -2.2864e+00 -1.6600e+00
32607 +2.358920007e-06 +2.358920007e-06 +2.547000236e+01 +2.547000236e+01 -3.7848e+00 -1.9121e+00 -1.1639e+00 -2.2864e+00 -1.6600e+00
32750 +1.285679698e-06 +1.285679698e-06 +2.547000129e+01 +2.547000129e+01 -3.7848e+00 -1.9120e+00 -1.1640e+00 -2.2864e+00 -1.6600e+00
32785 +5.563347472e-07 +5.563347472e-07 +2.547000056e+01 +2.547000056e+01 -3.7848e+00 -1.9120e+00 -1.1640e+00 -2.2864e+00 -1.6600e+00
32991 +3.322118083e-07 +3.322118083e-07 +2.547000033e+01 +2.547000033e+01 -3.7848e+00 -1.9120e+00 -1.1640e+00 -2.2864e+00 -1.6600e+00
33131 +1.308349908e-07 +1.308349908e-07 +2.547000013e+01 +2.547000013e+01 -3.7848e+00 -1.9120e+00 -1.1640e+00 -2.2864e+00 -1.6600e+00
33133 +6.302336786e-08 +6.302336786e-08 +2.547000006e+01 +2.547000006e+01 -3.7848e+00 -1.9120e+00 -1.1640e+00 -2.2864e+00 -1.6600e+00
33372 +1.361062374e-08 +1.361062374e-08 +2.547000001e+01 +2.547000001e+01 -3.7848e+00 -1.9120e+00 -1.1640e+00 -2.2864e+00 -1.6600e+00
33566 +8.903302984e-09 +8.903302984e-09 +2.547000001e+01 +2.547000001e+01 -3.7848e+00 -1.9120e+00 -1.1640e+00 -2.2864e+00 -1.6600e+00
33628 +2.339533012e-10 +2.339533012e-10 +2.547000000e+01 +2.547000000e+01 -3.7848e+00 -1.9120e+00 -1.1640e+00 -2.2864e+00 -1.6600e+00
% function evaluation | noise-free fitness - Fopt (-1.008100000000e+02) | best noise-free fitness - Fopt | measured fitness | best measured fitness | x1 | x2...
1 +1.408169228e+02 +1.408169228e+02 +4.000692280e+01 +4.000692280e+01 -7.4385e-01 +3.3567e+00 +2.9492e+00 +9.8359e-01 +1.1149e+00
4 +6.392501771e+01 +6.392501771e+01 -3.688498229e+01 -3.688498229e+01 +6.7051e-01 +2.4560e+00 +9.6628e-01 +1.4273e+00 +6.6622e-02
20 +4.614109155e+01 +4.614109155e+01 -5.466890845e+01 -5.466890845e+01 +5.0934e-02 -1.8653e-02 +1.1230e+00 -1.2141e+00 +3.5556e+00
31 +2.932780137e+01 +2.932780137e+01 -7.148219863e+01 -7.148219863e+01 +2.2439e+00 +1.8633e+00 +3.7594e-01 -4.5052e-02 +2.1608e+00
132 +2.439273144e+01 +2.439273144e+01 -7.641726856e+01 -7.641726856e+01 +6.6767e-01 +1.0717e+00 +1.3787e+00 -3.6265e-01 +3.0609e+00
649 +1.346502741e+01 +1.346502741e+01 -8.734497259e+01 -8.734497259e+01 +4.7753e-01 +1.7321e+00 +2.3499e+00 -5.7868e-01 +3.5767e+00
670 +8.875128018e+00 +8.875128018e+00 -9.193487198e+01 -9.193487198e+01 +5.3853e-01 +1.7910e+00 +2.2973e+00 -5.3217e-01 +3.6193e+00
2782 +6.003102638e+00 +6.003102638e+00 -9.480689736e+01 -9.480689736e+01 +7.3251e-01 +7.4776e-01 +1.1222e+00 +2.1862e-01 +1.3902e+00
6834 +3.831675353e+00 +3.831675353e+00 -9.697832465e+01 -9.697832465e+01 +8.2639e-01 -2.0387e-01 +1.3492e+00 +8.3577e-01 +2.7886e+00
6886 +2.465887963e+00 +2.465887963e+00 -9.834411204e+01 -9.834411204e+01 +8.7311e-01 -1.7132e-01 +1.3160e+00 +8.4378e-01 +2.8006e+00
30521 +1.534784570e+00 +1.534784570e+00 -9.927521543e+01 -9.927521543e+01 +8.0147e-01 +1.2186e-01 +1.2463e+00 +6.2246e-01 +2.3375e+00
31444 +6.205568618e-01 +6.205568618e-01 -1.001894431e+02 -1.001894431e+02 +9.5730e-01 +4.9736e-01 +1.3513e+00 +2.6052e-01 +2.8987e+00
31656 +3.194456635e-01 +3.194456635e-01 -1.004905543e+02 -1.004905543e+02 +9.9910e-01 +4.7207e-01 +1.3277e+00 +2.7349e-01 +2.8546e+00
31769 +2.318525592e-01 +2.318525592e-01 -1.005781474e+02 -1.005781474e+02 +9.8456e-01 +4.9921e-01 +1.3358e+00 +2.5848e-01 +2.8982e+00
31824 +1.391304592e-01 +1.391304592e-01 -1.006708695e+02 -1.006708695e+02 +9.8062e-01 +4.7605e-01 +1.3301e+00 +2.6621e-01 +2.8732e+00
32023 +4.460185483e-02 +4.460185483e-02 -1.007653981e+02 -1.007653981e+02 +9.8824e-01 +4.8491e-01 +1.3337e+00 +2.7418e-01 +2.8722e+00
32186 +1.208835036e-02 +1.208835036e-02 -1.007979116e+02 -1.007979116e+02 +9.9031e-01 +4.9033e-01 +1.3360e+00 +2.6622e-01 +2.8846e+00
32323 +9.355479869e-03 +9.355479869e-03 -1.008006445e+02 -1.008006445e+02 +9.9135e-01 +4.8484e-01 +1.3337e+00 +2.6869e-01 +2.8821e+00
32394 +1.050115164e-03 +1.050115164e-03 -1.008089499e+02 -1.008089499e+02 +9.9256e-01 +4.8791e-01 +1.3327e+00 +2.7066e-01 +2.8789e+00
32621 +8.975172545e-04 +8.975172545e-04 -1.008091025e+02 -1.008091025e+02 +9.9218e-01 +4.8730e-01 +1.3338e+00 +2.6902e-01 +2.8800e+00
32715 +6.160090527e-04 +6.160090527e-04 -1.008093840e+02 -1.008093840e+02 +9.9299e-01 +4.8834e-01 +1.3329e+00 +2.7016e-01 +2.8785e+00
32781 +3.226999609e-04 +3.226999609e-04 -1.008096773e+02 -1.008096773e+02 +9.9231e-01 +4.8812e-01 +1.3338e+00 +2.6943e-01 +2.8788e+00
33011 +2.007747143e-04 +2.007747143e-04 -1.008097992e+02 -1.008097992e+02 +9.9224e-01 +4.8777e-01 +1.3332e+00 +2.6995e-01 +2.8784e+00
33018 +1.467221782e-04 +1.467221782e-04 -1.008098533e+02 -1.008098533e+02 +9.9175e-01 +4.8782e-01 +1.3338e+00 +2.6928e-01 +2.8792e+00
33104 +3.496817682e-05 +3.496817682e-05 -1.008099650e+02 -1.008099650e+02 +9.9197e-01 +4.8794e-01 +1.3336e+00 +2.6945e-01 +2.8792e+00
33144 +1.992334884e-05 +1.992334884e-05 -1.008099801e+02 -1.008099801e+02 +9.9185e-01 +4.8789e-01 +1.3336e+00 +2.6958e-01 +2.8793e+00
33288 +4.431465314e-06 +4.431465314e-06 -1.008099956e+02 -1.008099956e+02 +9.9197e-01 +4.8800e-01 +1.3336e+00 +2.6952e-01 +2.8792e+00
33555 +3.034273035e-06 +3.034273035e-06 -1.008099970e+02 -1.008099970e+02 +9.9203e-01 +4.8807e-01 +1.3336e+00 +2.6962e-01 +2.8792e+00
33782 +1.098696885e-06 +1.098696885e-06 -1.008099989e+02 -1.008099989e+02 +9.9202e-01 +4.8803e-01 +1.3336e+00 +2.6957e-01 +2.8792e+00
33790 +5.854114136e-07 +5.854114136e-07 -1.008099994e+02 -1.008099994e+02 +9.9197e-01 +4.8799e-01 +1.3336e+00 +2.6960e-01 +2.8792e+00
33920 +3.770404646e-07 +3.770404646e-07 -1.008099996e+02 -1.008099996e+02 +9.9200e-01 +4.8800e-01 +1.3336e+00 +2.6961e-01 +2.8792e+00
33922 +2.035689164e-07 +2.035689164e-07 -1.008099998e+02 -1.008099998e+02 +9.9198e-01 +4.8799e-01 +1.3336e+00 +2.6960e-01 +2.8792e+00
34220 +1.528238158e-07 +1.528238158e-07 -1.008099998e+02 -1.008099998e+02 +9.9200e-01 +4.8800e-01 +1.3336e+00 +2.6960e-01 +2.8792e+00
34221 +5.877812725e-08 +5.877812725e-08 -1.008099999e+02 -1.008099999e+02 +9.9200e-01 +4.8799e-01 +1.3336e+00 +2.6960e-01 +2.8792e+00
34293 +2.472361871e-08 +2.472361871e-08 -1.008100000e+02 -1.008100000e+02 +9.9199e-01 +4.8800e-01 +1.3336e+00 +2.6960e-01 +2.8792e+00
34380 +1.568169239e-08 +1.568169239e-08 -1.008100000e+02 -1.008100000e+02 +9.9200e-01 +4.8800e-01 +1.3336e+00 +2.6960e-01 +2.8792e+00
34462 +8.480981251e-09 +8.480981251e-09 -1.008100000e+02 -1.008100000e+02 +9.9200e-01 +4.8800e-01 +1.3336e+00 +2.6960e-01 +2.8792e+00
34542 +7.429576954e-10 +7.429576954e-10 -1.008100000e+02 -1.008100000e+02 +9.9200e-01 +4.8800e-01 +1.3336e+00 +2.6960e-01 +2.8792e+00
% function evaluation | noise-free fitness - Fopt (-1.008100000000e+02) | best noise-free fitness - Fopt | measured fitness | best measured fitness | x1 | x2...
1 +1.199402887e+02 +1.199402887e+02 +1.913028870e+01 +1.913028870e+01 +2.1699e+00 +6.9810e-01 -2.5680e+00 +7.4999e-01 -2.9875e-02
3 +6.482885048e+01 +6.482885048e+01 -3.598114952e+01 -3.598114952e+01 +3.9811e+00 +4.4657e-01 -8.9375e-01 +1.6581e+00 +2.3915e-01
29 +5.448375856e+01 +5.448375856e+01 -4.632624144e+01 -4.632624144e+01 +2.2713e+00 +2.8179e-01 +1.0840e+00 +6.2728e-01 +3.7220e+00
135 +3.836631315e+01 +3.836631315e+01 -6.244368685e+01 -6.244368685e+01 +1.8949e+00 +2.3263e-01 +7.3657e-01 -1.0717e-01 +4.1023e+00
196 +1.852991113e+01 +1.852991113e+01 -8.228008887e+01 -8.228008887e+01 +4.6460e-01 +2.1487e-01 +1.8590e+00 +4.1021e-01 +4.3453e+00
371 +1.395090436e+01 +1.395090436e+01 -8.685909564e+01 -8.685909564e+01 +9.9283e-01 +4.0366e-02 +1.5603e+00 -4.3521e-01 +3.4288e+00
487 +7.890699532e+00 +7.890699532e+00 -9.291930047e+01 -9.291930047e+01 +1.1295e+00 +1.4874e-01 +1.4799e+00 -4.5509e-01 +3.3001e+00
535 +5.482718277e+00 +5.482718277e+00 -9.532728172e+01 -9.532728172e+01 +1.1385e+00 +1.3916e-01 +1.4676e+00 -3.4185e-01 +3.2899e+00
577 +3.528618821e+00 +3.528618821e+00 -9.728138118e+01 -9.728138118e+01 +1.1140e+00 +1.6282e-01 +1.5007e+00 -3.7921e-01 +3.3328e+00
6058 +1.425666685e+00 +1.425666685e+00 -9.938433332e+01 -9.938433332e+01 +8.3326e-01 +9.3293e-01 +1.6515e+00 +2.1671e-01 +3.1864e+00
6577 +9.988888188e-01 +9.988888188e-01 -9.981111118e+01 -9.981111118e+01 +8.5378e-01 +9.4658e-01 +1.6501e+00 +2.2807e-01 +3.1742e+00
17009 +3.154237261e-01 +3.154237261e-01 -1.004945763e+02 -1.004945763e+02 +9.7340e-01 +5.0266e-01 +1.3435e+00 +2.5662e-01 +2.8836e+00
17059 +4.959679875e-02 +4.959679875e-02 -1.007604032e+02 -1.007604032e+02 +9.9814e-01 +4.9813e-01 +1.3352e+00 +2.6957e-01 +2.8826e+00
17332 +2.860963142e-02 +2.860963142e-02 -1.007813904e+02 -1.007813904e+02 +9.9409e-01 +4.8657e-01 +1.3330e+00 +2.6731e-01 +2.8735e+00
17409 +2.362474203e-02 +2.362474203e-02 -1.007863753e+02 -1.007863753e+02 +9.9160e-01 +4.8298e-01 +1.3324e+00 +2.7081e-01 +2.8724e+00
17489 +1.310195306e-02 +1.310195306e-02 -1.007968980e+02 -1.007968980e+02 +9.8937e-01 +4.9028e-01 +1.3368e+00 +2.6565e-01 +2.8804e+00
17517 +8.702742663e-03 +8.702742663e-03 -1.008012973e+02 -1.008012973e+02 +9.9047e-01 +4.8974e-01 +1.3342e+00 +2.7104e-01 +2.8785e+00
17586 +1.452432342e-03 +1.452432342e-03 -1.008085476e+02 -1.008085476e+02 +9.9227e-01 +4.8764e-01 +1.3324e+00 +2.7029e-01 +2.8772e+00
17715 +7.029054316e-04 +7.029054316e-04 -1.008092971e+02 -1.008092971e+02 +9.9242e-01 +4.8764e-01 +1.3329e+00 +2.6975e-01 +2.8793e+00
17850 +3.353723214e-04 +3.353723214e-04 -1.008096646e+02 -1.008096646e+02 +9.9232e-01 +4.8851e-01 +1.3339e+00 +2.6922e-01 +2.8793e+00
17944 +1.679808506e-04 +1.679808506e-04 -1.008098320e+02 -1.008098320e+02 +9.9238e-01 +4.8844e-01 +1.3335e+00 +2.6977e-01 +2.8789e+00
17999 +1.572949277e-04 +1.572949277e-04 -1.008098427e+02 -1.008098427e+02 +9.9206e-01 +4.8793e-01 +1.3338e+00 +2.6971e-01 +2.8797e+00
18052 +4.218357586e-05 +4.218357586e-05 -1.008099578e+02 -1.008099578e+02 +9.9223e-01 +4.8800e-01 +1.3336e+00 +2.6963e-01 +2.8793e+00
18119 +3.472902138e-05 +3.472902138e-05 -1.008099653e+02 -1.008099653e+02 +9.9215e-01 +4.8791e-01 +1.3336e+00 +2.6953e-01 +2.8791e+00
18121 +1.740425560e-06 +1.740425560e-06 -1.008099983e+02 -1.008099983e+02 +9.9200e-01 +4.8798e-01 +1.3336e+00 +2.6960e-01 +2.8793e+00
18312 +1.273461436e-06 +1.273461436e-06 -1.008099987e+02 -1.008099987e+02 +9.9199e-01 +4.8804e-01 +1.3336e+00 +2.6958e-01 +2.8792e+00
18588 +6.135864226e-07 +6.135864226e-07 -1.008099994e+02 -1.008099994e+02 +9.9200e-01 +4.8804e-01 +1.3336e+00 +2.6959e-01 +2.8792e+00
18631 +1.869326951e-07 +1.869326951e-07 -1.008099998e+02 -1.008099998e+02 +9.9200e-01 +4.8800e-01 +1.3336e+00 +2.6960e-01 +2.8792e+00
18749 +1.305228636e-07 +1.305228636e-07 -1.008099999e+02 -1.008099999e+02 +9.9199e-01 +4.8800e-01 +1.3336e+00 +2.6960e-01 +2.8792e+00
18785 +9.612192287e-08 +9.612192287e-08 -1.008099999e+02 -1.008099999e+02 +9.9199e-01 +4.8799e-01 +1.3336e+00 +2.6960e-01 +2.8792e+00
18866 +3.701450169e-08 +3.701450169e-08 -1.008100000e+02 -1.008100000e+02 +9.9200e-01 +4.8800e-01 +1.3336e+00 +2.6960e-01 +2.8792e+00
18921 +6.646516226e-09 +6.646516226e-09 -1.008100000e+02 -1.008100000e+02 +9.9200e-01 +4.8800e-01 +1.3336e+00 +2.6960e-01 +2.8792e+00
% function evaluation | noise-free fitness - Fopt (-1.008100000000e+02) | best noise-free fitness - Fopt | measured fitness | best measured fitness | x1 | x2...
1 +1.446142607e+02 +1.446142607e+02 +4.380426073e+01 +4.380426073e+01 -2.2703e+00 +1.5925e+00 +3.8763e-01 +2.1412e+00 -7.3106e-01
12 +8.136495453e+01 +8.136495453e+01 -1.944504547e+01 -1.944504547e+01 +1.1466e+00 -1.9603e-02 +9.3164e-01 +2.5802e+00 +2.8472e-01
55 +6.035606593e+01 +6.035606593e+01 -4.045393407e+01 -4.045393407e+01 -6.2824e-01 +5.8455e-01 -2.5732e-02 +1.0398e+00 +7.1135e-01
74 +3.550150849e+01 +3.550150849e+01 -6.530849151e+01 -6.530849151e+01 +8.5441e-01 +1.2529e-01 +5.4327e-01 +3.4960e-01 +1.8712e+00
191 +1.543927667e+01 +1.543927667e+01 -8.537072333e+01 -8.537072333e+01 +9.1980e-01 +5.9912e-01 +1.8816e+00 +1.2519e+00 +2.5449e+00
2836 +8.606259929e+00 +8.606259929e+00 -9.220374007e+01 -9.220374007e+01 +1.7308e-01 +3.7434e-01 +1.5888e+00 +4.5708e-01 +2.8584e+00
2842 +5.241106615e+00 +5.241106615e+00 -9.556889338e+01 -9.556889338e+01 +6.5764e-02 +4.0175e-01 +1.6464e+00 +4.1796e-01 +2.9203e+00
2961 +3.855486504e+00 +3.855486504e+00 -9.695451350e+01 -9.695451350e+01 +1.2163e-01 +3.9371e-01 +1.6378e+00 +4.2383e-01 +2.8933e+00
6512 +2.176124543e+00 +2.176124543e+00 -9.863387546e+01 -9.863387546e+01 +1.1225e+00 +3.7815e-03 +1.0112e+00 +2.6247e-01 +2.6044e+00
6622 +1.339957426e+00 +1.339957426e+00 -9.947004257e+01 -9.947004257e+01 +1.1494e+00 +1.4607e-02 +1.0230e+00 +2.6989e-01 +2.5726e+00
7104 +9.999687628e-01 +9.999687628e-01 -9.981003124e+01 -9.981003124e+01 +1.1634e+00 -3.5933e-03 +1.0139e+00 +2.6356e-01 +2.5753e+00
31729 +3.059608651e-01 +3.059608651e-01 -1.005040391e+02 -1.005040391e+02 +9.9233e-01 +4.9507e-01 +1.3377e+00 +2.5739e-01 +2.8633e+00
31784 +1.565582573e-01 +1.565582573e-01 -1.006534417e+02 -1.006534417e+02 +1.0083e+00 +4.9796e-01 +1.3325e+00 +2.6860e-01 +2.8732e+00
32077 +9.899746707e-02 +9.899746707e-02 -1.007110025e+02 -1.007110025e+02 +9.8319e-01 +4.8244e-01 +1.3411e+00 +2.6524e-01 +2.8775e+00
32109 +2.827341385e-02 +2.827341385e-02 -1.007817266e+02 -1.007817266e+02 +9.8625e-01 +4.8694e-01 +1.3339e+00 +2.6828e-01 +2.8856e+00
32350 +4.387360634e-03 +4.387360634e-03 -1.008056126e+02 -1.008056126e+02 +9.9247e-01 +4.9047e-01 +1.3345e+00 +2.6928e-01 +2.8819e+00
32543 +3.962429047e-03 +3.962429047e-03 -1.008060376e+02 -1.008060376e+02 +9.9410e-01 +4.8716e-01 +1.3331e+00 +2.6934e-01 +2.8795e+00
32689 +1.676700637e-03 +1.676700637e-03 -1.008083233e+02 -1.008083233e+02 +9.9097e-01 +4.8847e-01 +1.3334e+00 +2.7000e-01 +2.8783e+00
32761 +1.531518640e-03 +1.531518640e-03 -1.008084685e+02 -1.008084685e+02 +9.9164e-01 +4.8604e-01 +1.3334e+00 +2.6949e-01 +2.8791e+00
32845 +9.519463844e-04 +9.519463844e-04 -1.008090481e+02 -1.008090481e+02 +9.9185e-01 +4.8830e-01 +1.3345e+00 +2.6955e-01 +2.8796e+00
32886 +4.666179763e-04 +4.666179763e-04 -1.008095334e+02 -1.008095334e+02 +9.9192e-01 +4.8782e-01 +1.3331e+00 +2.7004e-01 +2.8790e+00
33019 +3.535819638e-04 +3.535819638e-04 -1.008096464e+02 -1.008096464e+02 +9.9264e-01 +4.8861e-01 +1.3335e+00 +2.6997e-01 +2.8789e+00
33069 +1.528263783e-04 +1.528263783e-04 -1.008098472e+02 -1.008098472e+02 +9.9192e-01 +4.8805e-01 +1.3339e+00 +2.6963e-01 +2.8790e+00
33155 +9.549838430e-05 +9.549838430e-05 -1.008099045e+02 -1.008099045e+02 +9.9239e-01 +4.8807e-01 +1.3336e+00 +2.6978e-01 +2.8792e+00
33225 +5.711161263e-05 +5.711161263e-05 -1.008099429e+02 -1.008099429e+02 +9.9203e-01 +4.8816e-01 +1.3338e+00 +2.6942e-01 +2.8795e+00
33268 +1.859506182e-05 +1.859506182e-05 -1.008099814e+02 -1.008099814e+02 +9.9205e-01 +4.8801e-01 +1.3335e+00 +2.6951e-01 +2.8791e+00
33427 +1.515798689e-05 +1.515798689e-05 -1.008099848e+02 -1.008099848e+02 +9.9186e-01 +4.8792e-01 +1.3337e+00 +2.6955e-01 +2.8793e+00
33498 +4.940337192e-06 +4.940337192e-06 -1.008099951e+02 -1.008099951e+02 +9.9199e-01 +4.8791e-01 +1.3336e+00 +2.6966e-01 +2.8791e+00
33502 +3.537549787e-06 +3.537549787e-06 -1.008099965e+02 -1.008099965e+02 +9.9198e-01 +4.8800e-01 +1.3336e+00 +2.6965e-01 +2.8792e+00
33741 +1.841815802e-06 +1.841815802e-06 -1.008099982e+02 -1.008099982e+02 +9.9200e-01 +4.8800e-01 +1.3336e+00 +2.6960e-01 +2.8792e+00
33750 +1.288346368e-06 +1.288346368e-06 -1.008099987e+02 -1.008099987e+02 +9.9197e-01 +4.8796e-01 +1.3336e+00 +2.6959e-01 +2.8792e+00
33931 +6.193110096e-07 +6.193110096e-07 -1.008099994e+02 -1.008099994e+02 +9.9197e-01 +4.8799e-01 +1.3336e+00 +2.6958e-01 +2.8792e+00
34034 +3.723367428e-07 +3.723367428e-07 -1.008099996e+02 -1.008099996e+02 +9.9200e-01 +4.8800e-01 +1.3336e+00 +2.6959e-01 +2.8792e+00
34053 +1.789218516e-07 +1.789218516e-07 -1.008099998e+02 -1.008099998e+02 +9.9199e-01 +4.8799e-01 +1.3336e+00 +2.6959e-01 +2.8792e+00
34240 +1.114787409e-07 +1.114787409e-07 -1.008099999e+02 -1.008099999e+02 +9.9199e-01 +4.8801e-01 +1.3336e+00 +2.6960e-01 +2.8792e+00
34376 +6.016131238e-08 +6.016131238e-08 -1.008099999e+02 -1.008099999e+02 +9.9199e-01 +4.8800e-01 +1.3336e+00 +2.6959e-01 +2.8792e+00
34518 +1.554356288e-08 +1.554356288e-08 -1.008100000e+02 -1.008100000e+02 +9.9200e-01 +4.8800e-01 +1.3336e+00 +2.6960e-01 +2.8792e+00
34614 +8.980833854e-09 +8.980833854e-09 -1.008100000e+02 -1.008100000e+02 +9.9200e-01 +4.8800e-01 +1.3336e+00 +2.6960e-01 +2.8792e+00
34632 +4.090338734e-09 +4.090338734e-09 -1.008100000e+02 -1.008100000e+02 +9.9200e-01 +4.8800e-01 +1.3336e+00 +2.6960e-01 +2.8792e+00
