% function evaluation | noise-free fitness - Fopt (1.000000000000e+03) | best noise-free fitness - Fopt | measured fitness | best measured fitness | x1 | x2...
1 +7.919749332e+01 +7.919749332e+01 +1.079197493e+03 +1.079197493e+03 +2.6493e+00 +9.5588e-01
2 +6.295400747e+01 +6.295400747e+01 +1.062954007e+03 +1.062954007e+03 +3.1052e+00 +3.0007e-01
8 +2.850217991e+01 +2.850217991e+01 +1.028502180e+03 +1.028502180e+03 -1.2550e+00 +2.3723e+00
18 +1.506077399e+01 +1.506077399e+01 +1.015060774e+03 +1.015060774e+03 -1.5762e+00 +1.9605e+00
21 +3.183360245e+00 +3.183360245e+00 +1.003183360e+03 +1.003183360e+03 -3.5113e+00 +2.8792e+00
117 +1.686414159e+00 +1.686414159e+00 +1.001686414e+03 +1.001686414e+03 -3.4023e+00 +2.8462e+00
152 +1.055104041e+00 +1.055104041e+00 +1.001055104e+03 +1.001055104e+03 -3.4196e+00 +2.8402e+00
306 +9.982917724e-01 +9.982917724e-01 +1.000998292e+03 +1.000998292e+03 -3.4332e+00 +2.8463e+00
934 +5.066287309e-01 +5.066287309e-01 +1.000506629e+03 +1.000506629e+03 -3.0664e+00 +2.9861e+00
965 +1.688399294e-01 +1.688399294e-01 +1.000168840e+03 +1.000168840e+03 -3.0374e+00 +2.9834e+00
982 +9.731613361e-02 +9.731613361e-02 +1.000097316e+03 +1.000097316e+03 -3.0581e+00 +3.0113e+00
1003 +4.684291049e-04 +4.684291049e-04 +1.000000468e+03 +1.000000468e+03 -3.0581e+00 +3.0021e+00
1077 +4.664526364e-05 +4.664526364e-05 +1.000000047e+03 +1.000000047e+03 -3.0569e+00 +3.0018e+00
1128 +1.709240496e-05 +1.709240496e-05 +1.000000017e+03 +1.000000017e+03 -3.0569e+00 +3.0015e+00
1145 +1.111081338e-05 +1.111081338e-05 +1.000000011e+03 +1.000000011e+03 -3.0566e+00 +3.0015e+00
1151 +1.964384182e-06 +1.964384182e-06 +1.000000002e+03 +1.000000002e+03 -3.0568e+00 +3.0016e+00
1156 +2.257849019e-07 +2.257849019e-07 +1.000000000e+03 +1.000000000e+03 -3.0568e+00 +3.0016e+00
1220 +3.694356110e-08 +3.694356110e-08 +1.000000000e+03 +1.000000000e+03 -3.0568e+00 +3.0016e+00
1234 +5.309402695e-09 +5.309402695e-09 +1.000000000e+03 +1.000000000e+03 -3.0568e+00 +3.0016e+00
% function evaluation | noise-free fitness - Fopt (1.000000000000e+03) | best noise-free fitness - Fopt | measured fitness | best measured fitness | x1 | x2...
1 +4.932323879e+01 +4.932323879e+01 +1.049323239e+03 +1.049323239e+03 -1.1369e-01 +2.7479e+00
3 +3.979785352e+01 +3.979785352e+01 +1.039797854e+03 +1.039797854e+03 -9.7151e-01 +5.2667e-01
6 +2.157629030e+01 +2.157629030e+01 +1.021576290e+03 +1.021576290e+03 -1.7496e+00 +2.0615e+00
22 +5.491304951e+00 +5.491304951e+00 +1.005491305e+03 +1.005491305e+03 -2.1672e+00 +3.1798e+00
52 +2.742303440e+00 +2.742303440e+00 +1.002742303e+03 +1.002742303e+03 -2.9625e+00 +2.9467e+00
58 +1.235231824e+00 +1.235231824e+00 +1.001235232e+03 +1.001235232e+03 -3.1125e+00 +3.0492e+00
219 +9.976617983e-01 +9.976617983e-01 +1.000997662e+03 +1.000997662e+03 -2.6885e+00 +3.1201e+00
895 +4.003475940e-01 +4.003475940e-01 +1.000400348e+03 +1.000400348e+03 -3.0189e+00 +2.9850e+00
984 +1.159797446e-01 +1.159797446e-01 +1.000115980e+03 +1.000115980e+03 -3.0548e+00 +2.9906e+00
994 +2.993661757e-02 +2.993661757e-02 +1.000029937e+03 +1.000029937e+03 -3.0572e+00 +3.0059e+00
996 +4.610147975e-03 +4.610147975e-03 +1.000004610e+03 +1.000004610e+03 -3.0590e+00 +3.0044e+00
1025 +9.487705415e-04 +9.487705415e-04 +1.000000949e+03 +1.000000949e+03 -3.0551e+00 +3.0010e+00
1049 +3.219000207e-04 +3.219000207e-04 +1.000000322e+03 +1.000000322e+03 -3.0559e+00 +3.0008e+00
1069 +1.847068314e-04 +1.847068314e-04 +1.000000185e+03 +1.000000185e+03 -3.0577e+00 +3.0020e+00
1101 +7.621729435e-05 +7.621729435e-05 +1.000000076e+03 +1.000000076e+03 -3.0573e+00 +3.0019e+00
1102 +1.870222945e-05 +1.870222945e-05 +1.000000019e+03 +1.000000019e+03 -3.0569e+00 +3.0018e+00
1142 +5.735792911e-06 +5.735792911e-06 +1.000000006e+03 +1.000000006e+03 -3.0567e+00 +3.0016e+00
1183 +2.637999614e-07 +2.637999614e-07 +1.000000000e+03 +1.000000000e+03 -3.0568e+00 +3.0016e+00
1204 +2.156808705e-07 +2.156808705e-07 +1.000000000e+03 +1.000000000e+03 -3.0568e+00 +3.0016e+00
1215 +3.096511136e-08 +3.096511136e-08 +1.000000000e+03 +1.000000000e+03 -3.0568e+00 +3.0016e+00
1232 +2.436604518e-08 +2.436604518e-08 +1.000000000e+03 +1.000000000e+03 -3.0568e+00 +3.0016e+00
1264 +4.660023478e-09 +4.660023478e-09 +1.000000000e+03 +1.000000000e+03 -3.0568e+00 +3.0016e+00
1270 +3.096602086e-09 +3.096602086e-09 +1.000000000e+03 +1.000000000e+03 -3.0568e+00 +3.0016e+00
% function evaluation | noise-free fitness - Fopt (1.000000000000e+03) | best noise-free fitness - Fopt | measured fitness | best measured fitness | x1 | x2...
1 +2.421723969e+01 +2.421723969e+01 +1.024217240e+03 +1.024217240e+03 -3.9328e+00 +3.8145e+00
6 +1.545716424e+01 +1.545716424e+01 +1.015457164e+03 +1.015457164e+03 -4.2617e+00 +3.4455e+00
21 +7.282434276e+00 +7.282434276e+00 +1.007282434e+03 +1.007282434e+03 -3.8133e+00 +3.5021e+00
30 +3.962629271e+00 +3.962629271e+00 +1.003962629e+03 +1.003962629e+03 -3.3925e+00 +2.8722e+00
124 +2.460429855e+00 +2.460429855e+00 +1.002460430e+03 +1.002460430e+03 -3.4383e+00 +3.7252e+00
790 +1.171201647e+00 +1.171201647e+00 +1.001171202e+03 +1.001171202e+03 -3.4388e+00 +2.8632e+00
922 +3.186681171e-01 +3.186681171e-01 +1.000318668e+03 +1.000318668e+03 -3.0320e+00 +2.9749e+00
959 +1.182561408e-01 +1.182561408e-01 +1.000118256e+03 +1.000118256e+03 -3.0471e+00 +2.9871e+00
1006 +1.287402531e-02 +1.287402531e-02 +1.000012874e+03 +1.000012874e+03 -3.0522e+00 +2.9966e+00
1014 +4.141540746e-03 +4.141540746e-03 +1.000004142e+03 +1.000004142e+03 -3.0597e+00 +3.0021e+00
1056 +3.278339921e-03 +3.278339921e-03 +1.000003278e+03 +1.000003278e+03 -3.0578e+00 +3.0007e+00
1074 +1.797533181e-03 +1.797533181e-03 +1.000001798e+03 +1.000001798e+03 -3.0545e+00 +3.0007e+00
1081 +2.394959579e-04 +2.394959579e-04 +1.000000239e+03 +1.000000239e+03 -3.0560e+00 +3.0010e+00
1120 +1.314400583e-04 +1.314400583e-04 +1.000000131e+03 +1.000000131e+03 -3.0573e+00 +3.0017e+00
1132 +2.691726945e-05 +2.691726945e-05 +1.000000027e+03 +1.000000027e+03 -3.0568e+00 +3.0018e+00
1156 +6.057635915e-06 +6.057635915e-06 +1.000000006e+03 +1.000000006e+03 -3.0569e+00 +3.0017e+00
1189 +2.369856702e-07 +2.369856702e-07 +1.000000000e+03 +1.000000000e+03 -3.0568e+00 +3.0016e+00
1322 +3.433035545e-08 +3.433035545e-08 +1.000000000e+03 +1.000000000e+03 -3.0568e+00 +3.0016e+00
1329 +1.123771654e-08 +1.123771654e-08 +1.000000000e+03 +1.000000000e+03 -3.0568e+00 +3.0016e+00
1336 +9.269911061e-09 +9.269911061e-09 +1.000000000e+03 +1.000000000e+03 -3.0568e+00 +3.0016e+00
1342 +3.074433153e-09 +3.074433153e-09 +1.000000000e+03 +1.000000000e+03 -3.0568e+00 +3.0016e+00
% function evaluation | noise-free fitness - Fopt (7.003000000000e+01) | best noise-free fitness - Fopt | measured fitness | best measured fitness | x1 | x2...
1 +2.755965109e+02 +2.755965109e+02 +3.456265109e+02 +3.456265109e+02 -6.6316e-01 +3.1482e+00
3 +2.637130293e+01 +2.637130293e+01 +9.640130293e+01 +9.640130293e+01 -4.2899e-01 -1.6439e+00
28 +2.353126427e+01 +2.353126427e+01 +9.356126427e+01 +9.356126427e+01 -7.3640e-01 -2.3281e+00
58 +1.146835522e+01 +1.146835522e+01 +8.149835522e+01 +8.149835522e+01 -2.1332e+00 -1.1606e+00
68 +2.036186220e+00 +2.036186220e+00 +7.206618622e+01 +7.206618622e+01 -1.8732e+00 -2.1161e+00
783 +1.381243097e+00 +1.381243097e+00 +7.141124310e+01 +7.141124310e+01 -1.8255e+00 -2.1880e+00
1060 +6.218645719e-01 +6.218645719e-01 +7.065186457e+01 +7.065186457e+01 -8.9891e-01 -2.4746e+00
1066 +3.096524382e-01 +3.096524382e-01 +7.033965244e+01 +7.033965244e+01 -8.4545e-01 -2.4838e+00
1118 +1.852723465e-01 +1.852723465e-01 +7.021527235e+01 +7.021527235e+01 -8.3806e-01 -2.5105e+00
1124 +6.416362940e-02 +6.416362940e-02 +7.009416363e+01 +7.009416363e+01 -8.6681e-01 -2.4887e+00
1163 +2.990212671e-02 +2.990212671e-02 +7.005990213e+01 +7.005990213e+01 -8.4133e-01 -2.4963e+00
1185 +2.241742334e-02 +2.241742334e-02 +7.005241742e+01 +7.005241742e+01 -8.6088e-01 -2.4917e+00
1213 +4.065451785e-03 +4.065451785e-03 +7.003406545e+01 +7.003406545e+01 -8.4790e-01 -2.4984e+00
1234 +1.738631682e-03 +1.738631682e-03 +7.003173863e+01 +7.003173863e+01 -8.5308e-01 -2.4954e+00
1256 +1.258641563e-03 +1.258641563e-03 +7.003125864e+01 +7.003125864e+01 -8.4934e-01 -2.4973e+00
1264 +4.490984015e-04 +4.490984015e-04 +7.003044910e+01 +7.003044910e+01 -8.5181e-01 -2.4954e+00
1268 +3.127551317e-04 +3.127551317e-04 +7.003031276e+01 +7.003031276e+01 -8.5155e-01 -2.4954e+00
1297 +1.352144078e-05 +1.352144078e-05 +7.003001352e+01 +7.003001352e+01 -8.5023e-01 -2.4960e+00
1379 +9.377094770e-06 +9.377094770e-06 +7.003000938e+01 +7.003000938e+01 -8.5056e-01 -2.4960e+00
1402 +5.037695146e-06 +5.037695146e-06 +7.003000504e+01 +7.003000504e+01 -8.5055e-01 -2.4959e+00
1404 +3.285968262e-06 +3.285968262e-06 +7.003000329e+01 +7.003000329e+01 -8.5037e-01 -2.4961e+00
1417 +8.226454042e-07 +8.226454042e-07 +7.003000082e+01 +7.003000082e+01 -8.5046e-01 -2.4960e+00
1429 +8.476521884e-08 +8.476521884e-08 +7.003000008e+01 +7.003000008e+01 -8.5038e-01 -2.4960e+00
1432 +5.019445837e-08 +5.019445837e-08 +7.003000005e+01 +7.003000005e+01 -8.5039e-01 -2.4960e+00
1470 +1.429440033e-08 +1.429440033e-08 +7.003000001e+01 +7.003000001e+01 -8.5040e-01 -2.4960e+00
1498 +4.914028295e-09 +4.914028295e-09 +7.003000000e+01 +7.003000000e+01 -8.5040e-01 -2.4960e+00
1504 +2.751249895e-09 +2.751249895e-09 +7.003000000e+01 +7.003000000e+01 -8.5040e-01 -2.4960e+00
% function evaluation | noise-free fitness - Fopt (7.003000000000e+01) | best noise-free fitness - Fopt | measured fitness | best measured fitness | x1 | x2...
1 +2.369572104e+01 +2.369572104e+01 +9.372572104e+01 +9.372572104e+01 -4.7784e-01 -2.5378e+00
4 +9.317125477e+00 +9.317125477e+00 +7.934712548e+01 +7.934712548e+01 -7.1796e-01 -2.1823e+00
38 +4.850666294e+00 +4.850666294e+00 +7.488066629e+01 +7.488066629e+01 -1.7506e+00 -2.5907e+00
125 +3.843479692e+00 +3.843479692e+00 +7.387347969e+01 +7.387347969e+01 -9.8952e-03 -2.3809e+00
166 +2.340664722e+00 +2.340664722e+00 +7.237066472e+01 +7.237066472e+01 +3.1639e-02 -2.3917e+00
813 +6.685914669e-01 +6.685914669e-01 +7.069859147e+01 +7.069859147e+01 -8.3223e-01 -2.5198e+00
7066 +3.804403339e-01 +3.804403339e-01 +7.041044033e+01 +7.041044033e+01 -8.6552e-01 -2.5037e+00
8952 +1.360921585e-01 +1.360921585e-01 +7.016609216e+01 +7.016609216e+01 -8.7253e-01 -2.4842e+00
8978 +1.514792552e-02 +1.514792552e-02 +7.004514793e+01 +7.004514793e+01 -8.4195e-01 -2.4982e+00
8996 +7.094632451e-03 +7.094632451e-03 +7.003709463e+01 +7.003709463e+01 -8.5520e-01 -2.4945e+00
9030 +3.959693359e-03 +3.959693359e-03 +7.003395969e+01 +7.003395969e+01 -8.4731e-01 -2.4957e+00
9039 +1.988548105e-03 +1.988548105e-03 +7.003198855e+01 +7.003198855e+01 -8.5041e-01 -2.4949e+00
9048 +1.833171919e-05 +1.833171919e-05 +7.003001833e+01 +7.003001833e+01 -8.5010e-01 -2.4961e+00
9110 +9.124730681e-06 +9.124730681e-06 +7.003000912e+01 +7.003000912e+01 -8.5039e-01 -2.4961e+00
9127 +2.448766637e-06 +2.448766637e-06 +7.003000245e+01 +7.003000245e+01 -8.5045e-01 -2.4960e+00
9128 +8.890863512e-07 +8.890863512e-07 +7.003000089e+01 +7.003000089e+01 -8.5043e-01 -2.4960e+00
9171 +5.141364738e-07 +5.141364738e-07 +7.003000051e+01 +7.003000051e+01 -8.5039e-01 -2.4960e+00
9179 +3.448644321e-07 +3.448644321e-07 +7.003000034e+01 +7.003000034e+01 -8.5043e-01 -2.4960e+00
9189 +1.882228702e-07 +1.882228702e-07 +7.003000019e+01 +7.003000019e+01 -8.5043e-01 -2.4960e+00
9193 +1.291168701e-07 +1.291168701e-07 +7.003000013e+01 +7.003000013e+01 -8.5039e-01 -2.4960e+00
9199 +3.988375852e-08 +3.988375852e-08 +7.003000004e+01 +7.003000004e+01 -8.5039e-01 -2.4960e+00
9222 +1.932120597e-08 +1.932120597e-08 +7.003000002e+01 +7.003000002e+01 -8.5039e-01 -2.4960e+00
9231 +1.321937759e-08 +1.321937759e-08 +7.003000001e+01 +7.003000001e+01 -8.5040e-01 -2.4960e+00
9235 +6.877584724e-09 +6.877584724e-09 +7.003000001e+01 +7.003000001e+01 -8.5039e-01 -2.4960e+00
9240 +2.408739874e-10 +2.408739874e-10 +7.003000000e+01 +7.003000000e+01 -8.5040e-01 -2.4960e+00
% function evaluation | noise-free fitness - Fopt (7.003000000000e+01) | best noise-free fitness - Fopt | measured fitness | best measured fitness | x1 | x2...
1 +2.517668458e+02 +2.517668458e+02 +3.217968458e+02 +3.217968458e+02 +3.5611e+00 -2.2457e+00
4 +9.726379893e+01 +9.726379893e+01 +1.672937989e+02 +1.672937989e+02 +1.5842e+00 -1.2149e+00
7 +3.361803937e+01 +3.361803937e+01 +1.036480394e+02 +1.036480394e+02 +2.2796e+00 -3.8834e+00
14 +2.355709006e+01 +2.355709006e+01 +9.358709006e+01 +9.358709006e+01 +1.7302e-01 -2.6539e+00
18 +1.238634621e+01 +1.238634621e+01 +8.241634621e+01 +8.241634621e+01 -1.3984e-01 -2.6943e+00
61 +6.197747632e+00 +6.197747632e+00 +7.622774763e+01 +7.622774763e+01 +8.6714e-01 -3.0946e+00
120 +3.430413451e+00 +3.430413451e+00 +7.346041345e+01 +7.346041345e+01 -7.0946e-01 -2.5249e+00
124 +1.350649095e+00 +1.350649095e+00 +7.138064909e+01 +7.138064909e+01 -9.3328e-01 -2.4674e+00
177 +1.043726029e-01 +1.043726029e-01 +7.013437260e+01 +7.013437260e+01 -8.3085e-01 -2.5067e+00
200 +9.586156547e-02 +9.586156547e-02 +7.012586157e+01 +7.012586157e+01 -8.5329e-01 -2.5021e+00
210 +3.121641545e-02 +3.121641545e-02 +7.006121642e+01 +7.006121642e+01 -8.4472e-01 -2.4938e+00
240 +4.119526107e-03 +4.119526107e-03 +7.003411953e+01 +7.003411953e+01 -8.5262e-01 -2.4938e+00
253 +9.645792853e-04 +9.645792853e-04 +7.003096458e+01 +7.003096458e+01 -8.5211e-01 -2.4958e+00
265 +1.620233748e-04 +1.620233748e-04 +7.003016202e+01 +7.003016202e+01 -8.5078e-01 -2.4961e+00
290 +4.438192738e-05 +4.438192738e-05 +7.003004438e+01 +7.003004438e+01 -8.5026e-01 -2.4959e+00
301 +3.205517152e-05 +3.205517152e-05 +7.003003206e+01 +7.003003206e+01 -8.5059e-01 -2.4958e+00
334 +1.172086755e-06 +1.172086755e-06 +7.003000117e+01 +7.003000117e+01 -8.5043e-01 -2.4960e+00
379 +8.421865374e-07 +8.421865374e-07 +7.003000084e+01 +7.003000084e+01 -8.5034e-01 -2.4960e+00
386 +3.645646842e-07 +3.645646842e-07 +7.003000036e+01 +7.003000036e+01 -8.5036e-01 -2.4960e+00
419 +1.293471144e-07 +1.293471144e-07 +7.003000013e+01 +7.003000013e+01 -8.5043e-01 -2.4960e+00
429 +9.565263781e-08 +9.565263781e-08 +7.003000010e+01 +7.003000010e+01 -8.5039e-01 -2.4960e+00
435 +3.610220745e-08 +3.610220745e-08 +7.003000004e+01 +7.003000004e+01 -8.5039e-01 -2.4960e+00
447 +6.444935252e-09 +6.444935252e-09 +7.003000001e+01 +7.003000001e+01 -8.5040e-01 -2.4960e+00
451 +1.898527557e-09 +1.898527557e-09 +7.003000000e+01 +7.003000000e+01 -8.5040e-01 -2.4960e+00
452 +6.305498346e-10 +6.305498346e-10 +7.003000000e+01 +7.003000000e+01 -8.5040e-01 -2.4960e+00
% function evaluation | noise-free fitness - Fopt (-4.822000000000e+01) | best noise-free fitness - Fopt | measured fitness | best measured fitness | x1 | x2...
1 +1.011599342e+03 +1.011599342e+03 +9.633793422e+02 +9.633793422e+02 +3.5225e+00 +1.4394e+00
4 +3.724651139e+01 +3.724651139e+01 -1.097348861e+01 -1.097348861e+01 +3.2319e-02 -1.2004e+00
11 +2.078754122e+01 +2.078754122e+01 -2.743245878e+01 -2.743245878e+01 -2.0920e+00 -2.3085e+00
55 +1.313843821e+01 +1.313843821e+01 -3.508156179e+01 -3.508156179e+01 -1.5152e+00 -2.5424e+00
91 +3.926261475e+00 +3.926261475e+00 -4.429373852e+01 -4.429373852e+01 -1.8237e+00 -2.9306e-01
207 +1.409243317e+00 +1.409243317e+00 -4.681075668e+01 -4.681075668e+01 -1.7818e+00 -1.7456e-01
286 +9.973464603e-01 +9.973464603e-01 -4.722265354e+01 -4.722265354e+01 -1.7701e+00 -1.2697e-01
1920 +5.175870959e-01 +5.175870959e-01 -4.770241290e+01 -4.770241290e+01 -1.8543e+00 -9.5536e-01
3705 +2.033522044e-01 +2.033522044e-01 -4.801664780e+01 -4.801664780e+01 -1.8333e+00 -1.0362e+00
3708 +2.677483805e-02 +2.677483805e-02 -4.819322516e+01 -4.819322516e+01 -1.8382e+00 -1.0173e+00
3726 +1.597322880e-02 +1.597322880e-02 -4.820402677e+01 -4.820402677e+01 -1.8407e+00 -1.0008e+00
3729 +5.802385488e-03 +5.802385488e-03 -4.821419761e+01 -4.821419761e+01 -1.8421e+00 -1.0119e+00
3765 +2.916187648e-03 +2.916187648e-03 -4.821708381e+01 -4.821708381e+01 -1.8431e+00 -1.0029e+00
3780 +1.151050091e-03 +1.151050091e-03 -4.821884895e+01 -4.821884895e+01 -1.8415e+00 -1.0081e+00
3793 +5.644520053e-04 +5.644520053e-04 -4.821943555e+01 -4.821943555e+01 -1.8428e+00 -1.0056e+00
3812 +7.204261623e-05 +7.204261623e-05 -4.821992796e+01 -4.821992796e+01 -1.8423e+00 -1.0069e+00
3848 +4.288201062e-05 +4.288201062e-05 -4.821995712e+01 -4.821995712e+01 -1.8424e+00 -1.0076e+00
3857 +2.240280472e-05 +2.240280472e-05 -4.821997760e+01 -4.821997760e+01 -1.8424e+00 -1.0069e+00
3874 +1.403565472e-05 +1.403565472e-05 -4.821998596e+01 -4.821998596e+01 -1.8425e+00 -1.0070e+00
3894 +2.321188838e-06 +2.321188838e-06 -4.821999768e+01 -4.821999768e+01 -1.8424e+00 -1.0072e+00
3899 +3.344657742e-07 +3.344657742e-07 -4.821999967e+01 -4.821999967e+01 -1.8424e+00 -1.0072e+00
3923 +2.000975243e-07 +2.000975243e-07 -4.821999980e+01 -4.821999980e+01 -1.8424e+00 -1.0072e+00
3927 +1.288640661e-07 +1.288640661e-07 -4.821999987e+01 -4.821999987e+01 -1.8424e+00 -1.0072e+00
3939 +4.108544971e-08 +4.108544971e-08 -4.821999996e+01 -4.821999996e+01 -1.8424e+00 -1.0072e+00
3958 +2.377313280e-08 +2.377313280e-08 -4.821999998e+01 -4.821999998e+01 -1.8424e+00 -1.0072e+00
3967 +2.415795564e-09 +2.415795564e-09 -4.822000000e+01 -4.822000000e+01 -1.8424e+00 -1.0072e+00
% function evaluation | noise-free fitness - Fopt (-4.822000000000e+01) | best noise-free fitness - Fopt | measured fitness | best measured fitness | x1 | x2...
1 +4.086557456e+01 +4.086557456e+01 -7.354425435e+00 -7.354425435e+00 -2.3140e+00 +2.0204e-01
2 +3.668647885e+01 +3.668647885e+01 -1.153352115e+01 -1.153352115e+01 -1.1765e+00 -2.6156e+00
12 +2.131482566e+01 +2.131482566e+01 -2.690517434e+01 -2.690517434e+01 -1.5592e+00 -1.6131e+00
24 +1.200537686e+01 +1.200537686e+01 -3.621462314e+01 -3.621462314e+01 -2.5903e+00 +7.9128e-01
50 +3.238607129e+00 +3.238607129e+00 -4.498139287e+01 -4.498139287e+01 -1.8030e+00 -1.1242e+00
65 +2.253791672e+00 +2.253791672e+00 -4.596620833e+01 -4.596620833e+01 -2.1680e+00 -4.6409e-01
167 +1.400242432e+00 +1.400242432e+00 -4.681975757e+01 -4.681975757e+01 -1.8315e+00 -9.2400e-01
200 +2.467736385e-01 +2.467736385e-01 -4.797322636e+01 -4.797322636e+01 -1.8550e+00 -9.9827e-01
250 +7.686956480e-02 +7.686956480e-02 -4.814313044e+01 -4.814313044e+01 -1.8391e+00 -1.0263e+00
253 +3.114987689e-02 +3.114987689e-02 -4.818885012e+01 -4.818885012e+01 -1.8448e+00 -9.9478e-01
255 +2.254934977e-02 +2.254934977e-02 -4.819745065e+01 -4.819745065e+01 -1.8459e+00 -1.0043e+00
271 +1.325473505e-02 +1.325473505e-02 -4.820674526e+01 -4.820674526e+01 -1.8418e+00 -9.9945e-01
278 +5.560771024e-03 +5.560771024e-03 -4.821443923e+01 -4.821443923e+01 -1.8410e+00 -1.0058e+00
285 +1.293975500e-03 +1.293975500e-03 -4.821870602e+01 -4.821870602e+01 -1.8425e+00 -1.0094e+00
316 +9.838427548e-04 +9.838427548e-04 -4.821901616e+01 -4.821901616e+01 -1.8417e+00 -1.0091e+00
329 +3.983125231e-04 +3.983125231e-04 -4.821960169e+01 -4.821960169e+01 -1.8422e+00 -1.0086e+00
345 +1.036791123e-04 +1.036791123e-04 -4.821989632e+01 -4.821989632e+01 -1.8422e+00 -1.0077e+00
359 +2.777268885e-05 +2.777268885e-05 -4.821997223e+01 -4.821997223e+01 -1.8423e+00 -1.0075e+00
387 +6.148535107e-06 +6.148535107e-06 -4.821999385e+01 -4.821999385e+01 -1.8424e+00 -1.0070e+00
396 +2.236619956e-06 +2.236619956e-06 -4.821999776e+01 -4.821999776e+01 -1.8424e+00 -1.0072e+00
437 +6.505597128e-08 +6.505597128e-08 -4.821999993e+01 -4.821999993e+01 -1.8424e+00 -1.0072e+00
446 +3.381347824e-08 +3.381347824e-08 -4.821999997e+01 -4.821999997e+01 -1.8424e+00 -1.0072e+00
483 +2.348940598e-09 +2.348940598e-09 -4.822000000e+01 -4.822000000e+01 -1.8424e+00 -1.0072e+00
% function evaluation | noise-free fitness - Fopt (-4.822000000000e+01) | best noise-free fitness - Fopt | measured fitness | best measured fitness | x1 | x2...
1 +5.019578249e+01 +5.019578249e+01 +1.975782491e+00 +1.975782491e+00 -2.8374e+00 -2.7203e+00
2 +1.948382767e+01 +1.948382767e+01 -2.873617233e+01 -2.873617233e+01 -9.9707e-01 -2.4343e+00
6 +7.693180361e+00 +7.693180361e+00 -4.052681964e+01 -4.052681964e+01 -2.4371e+00 -3.2207e-02
63 +6.088371884e+00 +6.088371884e+00 -4.213162812e+01 -4.213162812e+01 -2.2770e+00 -2.4303e-01
848 +4.217036445e-01 +4.217036445e-01 -4.779829636e+01 -4.779829636e+01 -1.8487e+00 -9.5431e-01
2691 +3.746921457e-01 +3.746921457e-01 -4.784530785e+01 -4.784530785e+01 -1.8384e+00 -9.6285e-01
2707 +1.013334426e-01 +1.013334426e-01 -4.811866656e+01 -4.811866656e+01 -1.8347e+00 -1.0210e+00
2742 +4.188394486e-02 +4.188394486e-02 -4.817811606e+01 -4.817811606e+01 -1.8463e+00 -9.9385e-01
2992 +3.387788859e-02 +3.387788859e-02 -4.818612211e+01 -4.818612211e+01 -1.8458e+00 -9.9508e-01
3033 +2.214703655e-02 +2.214703655e-02 -4.819785296e+01 -4.819785296e+01 -1.8394e+00 -1.0178e+00
3092 +1.112128543e-02 +1.112128543e-02 -4.820887871e+01 -4.820887871e+01 -1.8436e+00 -1.0108e+00
3105 +1.630281570e-03 +1.630281570e-03 -4.821836972e+01 -4.821836972e+01 -1.8428e+00 -1.0090e+00
3228 +6.279323253e-04 +6.279323253e-04 -4.821937207e+01 -4.821937207e+01 -1.8419e+00 -1.0068e+00
3286 +1.467534731e-04 +1.467534731e-04 -4.821985325e+01 -4.821985325e+01 -1.8423e+00 -1.0065e+00
3287 +8.210277709e-05 +8.210277709e-05 -4.821991790e+01 -4.821991790e+01 -1.8426e+00 -1.0067e+00
3305 +1.458178803e-05 +1.458178803e-05 -4.821998542e+01 -4.821998542e+01 -1.8425e+00 -1.0071e+00
3325 +5.353807424e-07 +5.353807424e-07 -4.821999946e+01 -4.821999946e+01 -1.8424e+00 -1.0072e+00
3413 +3.930565029e-07 +3.930565029e-07 -4.821999961e+01 -4.821999961e+01 -1.8424e+00 -1.0072e+00
3442 +9.519045108e-08 +9.519045108e-08 -4.821999990e+01 -4.821999990e+01 -1.8424e+00 -1.0072e+00
3478 +1.197278721e-09 +1.197278721e-09 -4.822000000e+01 -4.822000000e+01 -1.8424e+00 -1.0072e+00
% function evaluation | noise-free fitness - Fopt (2.547000000000e+01) | best noise-free fitness - Fopt | measured fitness | best measured fitness | x1 | x2...
1 +1.146561149e+02 +1.146561149e+02 +1.401261149e+02 +1.401261149e+02 +1.2647e+00 -3.7209e+00
2 +4.316313861e+01 +4.316313861e+01 +6.863313861e+01 +6.863313861e+01 -1.4655e+00 -4.2553e+00
8 +3.657499949e+01 +3.657499949e+01 +6.204499949e+01 +6.204499949e+01 -1.0354e+00 -4.5557e+00
11 +2.057670304e+01 +2.057670304e+01 +4.604670304e+01 +4.604670304e+01 -1.4872e+00 -5.2638e+00
58 +1.100667122e+01 +1.100667122e+01 +3.647667122e+01 +3.647667122e+01 -3.5533e+00 -3.1410e+00
82 +5.038253488e+00 +5.038253488e+00 +3.050825349e+01 +3.050825349e+01 -3.0343e+00 -2.6232e+00
101 +3.553572556e+00 +3.553572556e+00 +2.902357256e+01 +2.902357256e+01 -3.0928e+00 -2.4475e+00
159 +1.753569907e+00 +1.753569907e+00 +2.722356991e+01 +2.722356991e+01 -3.7008e+00 -2.4826e+00
197 +1.093839869e+00 +1.093839869e+00 +2.656383987e+01 +2.656383987e+01 -3.7117e+00 -2.4222e+00
349 +9.982957477e-01 +9.982957477e-01 +2.646829575e+01 +2.646829575e+01 -3.7116e+00 -2.4369e+00
2021 +4.538109123e-01 +4.538109123e-01 +2.592381091e+01 +2.592381091e+01 -3.8197e+00 -1.8786e+00
2287 +3.104091851e-01 +3.104091851e-01 +2.578040919e+01 +2.578040919e+01 -3.7639e+00 -1.9429e+00
2309 +1.536140620e-01 +1.536140620e-01 +2.562361406e+01 +2.562361406e+01 -3.7661e+00 -1.9297e+00
2363 +9.704743409e-02 +9.704743409e-02 +2.556704743e+01 +2.556704743e+01 -3.7929e+00 -1.9128e+00
2411 +4.656055178e-03 +4.656055178e-03 +2.547465606e+01 +2.547465606e+01 -3.7821e+00 -1.9133e+00
2480 +9.476247744e-04 +9.476247744e-04 +2.547094762e+01 +2.547094762e+01 -3.7844e+00 -1.9114e+00
2503 +1.669812463e-04 +1.669812463e-04 +2.547016698e+01 +2.547016698e+01 -3.7851e+00 -1.9121e+00
2529 +7.986838329e-05 +7.986838329e-05 +2.547007987e+01 +2.547007987e+01 -3.7848e+00 -1.9117e+00
2548 +2.469168692e-06 +2.469168692e-06 +2.547000247e+01 +2.547000247e+01 -3.7849e+00 -1.9120e+00
2714 +1.029382414e-06 +1.029382414e-06 +2.547000103e+01 +2.547000103e+01 -3.7849e+00 -1.9120e+00
2715 +3.216598934e-07 +3.216598934e-07 +2.547000032e+01 +2.547000032e+01 -3.7848e+00 -1.9120e+00
2720 +1.663478955e-07 +1.663478955e-07 +2.547000017e+01 +2.547000017e+01 -3.7848e+00 -1.9120e+00
2752 +7.262607582e-08 +7.262607582e-08 +2.547000007e+01 +2.547000007e+01 -3.7848e+00 -1.9120e+00
2773 +5.657796009e-09 +5.657796009e-09 +2.547000001e+01 +2.547000001e+01 -3.7848e+00 -1.9120e+00
2790 +2.198138560e-09 +2.198138560e-09 +2.547000000e+01 +2.547000000e+01 -3.7848e+00 -1.9120e+00
% function evaluation | noise-free fitness - Fopt (2.547000000000e+01) | best noise-free fitness - Fopt | measured fitness | best measured fitness | x1 | x2...
1 +6.736836890e+02 +6.736836890e+02 +6.991536890e+02 +6.991536890e+02 +2.3380e+00 +3.0715e+00
2 +4.532480939e+02 +4.532480939e+02 +4.787180939e+02 +4.787180939e+02 -6.1509e-01 +4.1202e+00
3 +2.650430475e+02 +2.650430475e+02 +2.905130475e+02 +2.905130475e+02 +6.3681e-01 +6.2427e-01
16 +1.557692047e+02 +1.557692047e+02 +1.812392047e+02 +1.812392047e+02 -3.0081e+00 +2.7478e+00
21 +6.349334494e+01 +6.349334494e+01 +8.896334494e+01 +8.896334494e+01 -2.3189e+00 -1.0863e+00
41 +3.618004342e+01 +3.618004342e+01 +6.165004342e+01 +6.165004342e+01 -4.1734e+00 +7.7909e-01
45 +1.532001562e+01 +1.532001562e+01 +4.079001562e+01 +4.079001562e+01 -4.7566e+00 +6.5845e-01
53 +9.262195517e+00 +9.262195517e+00 +3.473219552e+01 +3.473219552e+01 -4.9704e+00 -8.7622e-01
56 +7.572967041e-01 +7.572967041e-01 +2.622729670e+01 +2.622729670e+01 -3.8146e+00 -1.8618e+00
1418 +7.707736815e-02 +7.707736815e-02 +2.554707737e+01 +2.554707737e+01 -3.7941e+00 -1.8963e+00
2939 +3.444686096e-02 +3.444686096e-02 +2.550444686e+01 +2.550444686e+01 -3.7830e+00 -1.9200e+00
3007 +1.860366276e-02 +1.860366276e-02 +2.548860366e+01 +2.548860366e+01 -3.7870e+00 -1.9142e+00
3013 +7.165336084e-03 +7.165336084e-03 +2.547716534e+01 +2.547716534e+01 -3.7877e+00 -1.9069e+00
3028 +2.284893728e-03 +2.284893728e-03 +2.547228489e+01 +2.547228489e+01 -3.7850e+00 -1.9134e+00
3035 +3.907832209e-04 +3.907832209e-04 +2.547039078e+01 +2.547039078e+01 -3.7844e+00 -1.9119e+00
3108 +1.749854834e-05 +1.749854834e-05 +2.547001750e+01 +2.547001750e+01 -3.7847e+00 -1.9120e+00
3175 +1.347849341e-05 +1.347849341e-05 +2.547001348e+01 +2.547001348e+01 -3.7850e+00 -1.9118e+00
3183 +5.049097908e-06 +5.049097908e-06 +2.547000505e+01 +2.547000505e+01 -3.7848e+00 -1.9121e+00
3192 +7.804316908e-07 +7.804316908e-07 +2.547000078e+01 +2.547000078e+01 -3.7848e+00 -1.9120e+00
3280 +5.432893104e-07 +5.432893104e-07 +2.547000054e+01 +2.547000054e+01 -3.7848e+00 -1.9120e+00
3326 +1.798718756e-07 +1.798718756e-07 +2.547000018e+01 +2.547000018e+01 -3.7848e+00 -1.9120e+00
3330 +5.079385801e-09 +5.079385801e-09 +2.547000001e+01 +2.547000001e+01 -3.7848e+00 -1.9120e+00
3342 +3.685872940e-09 +3.685872940e-09 +2.547000000e+01 +2.547000000e+01 -3.7848e+00 -1.9120e+00
% function evaluation | noise-free fitness - Fopt (2.547000000000e+01) | best noise-free fitness - Fopt | measured fitness | best measured fitness | x1 | x2...
1 +2.822681184e+02 +2.822681184e+02 +3.077381184e+02 +3.077381184e+02 -1.4962e-01 +1.9105e+00
5 +1.716025116e+02 +1.716025116e+02 +1.970725116e+02 +1.970725116e+02 -3.6944e-01 +9.3090e-02
10 +5.431980451e+01 +5.431980451e+01 +7.978980451e+01 +7.978980451e+01 -2.3780e+00 -3.6381e-01
20 +1.844486690e+01 +1.844486690e+01 +4.391486690e+01 +4.391486690e+01 -3.4847e+00 -3.8688e+00
40 +1.176557715e+01 +1.176557715e+01 +3.723557715e+01 +3.723557715e+01 -1.5743e+00 -4.2886e+00
75 +5.093446146e+00 +5.093446146e+00 +3.056344615e+01 +3.056344615e+01 -3.1281e+00 -2.0696e+00
77 +2.745878116e+00 +2.745878116e+00 +2.821587812e+01 +2.821587812e+01 -3.0458e+00 -2.5413e+00
108 +1.994293387e+00 +1.994293387e+00 +2.746429339e+01 +2.746429339e+01 -4.4992e+00 -1.2673e+00
190 +1.002103492e+00 +1.002103492e+00 +2.647210349e+01 +2.647210349e+01 -3.8417e+00 -1.8741e+00
222 +5.180988560e-02 +5.180988560e-02 +2.552180989e+01 +2.552180989e+01 -3.7914e+00 -1.8997e+00
299 +3.712799853e-02 +3.712799853e-02 +2.550712800e+01 +2.550712800e+01 -3.7824e+00 -1.9208e+00
312 +2.145387180e-02 +2.145387180e-02 +2.549145387e+01 +2.549145387e+01 -3.7892e+00 -1.9117e+00
323 +6.787815019e-03 +6.787815019e-03 +2.547678782e+01 +2.547678782e+01 -3.7858e+00 -1.9138e+00
325 +1.782871777e-03 +1.782871777e-03 +2.547178287e+01 +2.547178287e+01 -3.7852e+00 -1.9101e+00
329 +1.274895028e-03 +1.274895028e-03 +2.547127490e+01 +2.547127490e+01 -3.7846e+00 -1.9134e+00
353 +2.755048095e-04 +2.755048095e-04 +2.547027550e+01 +2.547027550e+01 -3.7841e+00 -1.9124e+00
367 +1.034167043e-04 +1.034167043e-04 +2.547010342e+01 +2.547010342e+01 -3.7845e+00 -1.9126e+00
380 +4.113071861e-05 +4.113071861e-05 +2.547004113e+01 +2.547004113e+01 -3.7845e+00 -1.9123e+00
381 +3.546963409e-05 +3.546963409e-05 +2.547003547e+01 +2.547003547e+01 -3.7846e+00 -1.9123e+00
383 +1.078837429e-05 +1.078837429e-05 +2.547001079e+01 +2.547001079e+01 -3.7849e+00 -1.9119e+00
419 +3.241175659e-06 +3.241175659e-06 +2.547000324e+01 +2.547000324e+01 -3.7849e+00 -1.9119e+00
428 +1.878928494e-06 +1.878928494e-06 +2.547000188e+01 +2.547000188e+01 -3.7848e+00 -1.9120e+00
469 +4.003230138e-07 +4.003230138e-07 +2.547000040e+01 +2.547000040e+01 -3.7848e+00 -1.9120e+00
489 +3.902823451e-07 +3.902823451e-07 +2.547000039e+01 +2.547000039e+01 -3.7848e+00 -1.9120e+00
500 +2.334824529e-07 +2.334824529e-07 +2.547000023e+01 +2.547000023e+01 -3.7848e+00 -1.9120e+00
511 +1.770054325e-09 +1.770054325e-09 +2.547000000e+01 +2.547000000e+01 -3.7848e+00 -1.9120e+00
% function evaluation | noise-free fitness - Fopt (-1.008100000000e+02) | best noise-free fitness - Fopt | measured fitness | best measured fitness | x1 | x2...
1 +1.435251157e+01 +1.435251157e+01 -8.645748843e+01 -8.645748843e+01 +6.7541e-01 -2.5784e-01
20 +7.842224653e+00 +7.842224653e+00 -9.296777535e+01 -9.296777535e+01 -7.5438e-01 +2.9011e-01
28 +4.978394465e+00 +4.978394465e+00 -9.583160553e+01 -9.583160553e+01 -9.6155e-01 -3.6317e-01
182 +3.980312127e+00 +3.980312127e+00 -9.682968787e+01 -9.682968787e+01 -6.9551e-01 -5.7368e-01
832 +1.060398867e+00 +1.060398867e+00 -9.974960113e+01 -9.974960113e+01 +5.9527e-01 +6.6096e-01
1079 +7.634550458e-01 +7.634550458e-01 -1.000465450e+02 -1.000465450e+02 +9.4577e-01 +4.5763e-01
6056 +5.866439161e-01 +5.866439161e-01 -1.002233561e+02 -1.002233561e+02 +9.7445e-01 +4.6231e-01
6493 +1.500222252e-01 +1.500222252e-01 -1.006599778e+02 -1.006599778e+02 +9.7046e-01 +4.8274e-01
6603 +6.232239363e-02 +6.232239363e-02 -1.007476776e+02 -1.007476776e+02 +9.7651e-01 +4.8328e-01
6754 +2.092016339e-02 +2.092016339e-02 -1.007890798e+02 -1.007890798e+02 +1.0010e+00 +4.9027e-01
6774 +1.363996591e-02 +1.363996591e-02 -1.007963600e+02 -1.007963600e+02 +9.8520e-01 +4.8635e-01
6792 +1.033257347e-03 +1.033257347e-03 -1.008089667e+02 -1.008089667e+02 +9.9252e-01 +4.8905e-01
6849 +9.548710805e-04 +9.548710805e-04 -1.008090451e+02 -1.008090451e+02 +9.9021e-01 +4.8746e-01
6866 +1.217299570e-04 +1.217299570e-04 -1.008098783e+02 -1.008098783e+02 +9.9140e-01 +4.8788e-01
6937 +3.870076648e-05 +3.870076648e-05 -1.008099613e+02 -1.008099613e+02 +9.9171e-01 +4.8777e-01
6945 +2.251771426e-05 +2.251771426e-05 -1.008099775e+02 -1.008099775e+02 +9.9226e-01 +4.8818e-01
7010 +5.792286331e-06 +5.792286331e-06 -1.008099942e+02 -1.008099942e+02 +9.9188e-01 +4.8791e-01
7052 +3.353602949e-06 +3.353602949e-06 -1.008099966e+02 -1.008099966e+02 +9.9202e-01 +4.8805e-01
7085 +1.826272282e-06 +1.826272282e-06 -1.008099982e+02 -1.008099982e+02 +9.9197e-01 +4.8802e-01
7106 +1.451101170e-06 +1.451101170e-06 -1.008099985e+02 -1.008099985e+02 +9.9195e-01 +4.8795e-01
7115 +5.085228736e-07 +5.085228736e-07 -1.008099995e+02 -1.008099995e+02 +9.9196e-01 +4.8797e-01
7158 +1.621614416e-07 +1.621614416e-07 -1.008099998e+02 -1.008099998e+02 +9.9203e-01 +4.8801e-01
7194 +1.555949183e-07 +1.555949183e-07 -1.008099998e+02 -1.008099998e+02 +9.9200e-01 +4.8801e-01
7203 +4.170790646e-08 +4.170790646e-08 -1.008100000e+02 -1.008100000e+02 +9.9200e-01 +4.8799e-01
7212 +3.113282787e-08 +3.113282787e-08 -1.008100000e+02 -1.008100000e+02 +9.9201e-01 +4.8801e-01
7239 +9.704081094e-09 +9.704081094e-09 -1.008100000e+02 -1.008100000e+02 +9.9200e-01 +4.8800e-01
% function evaluation | noise-free fitness - Fopt (-1.008100000000e+02) | best noise-free fitness - Fopt | measured fitness | best measured fitness | x1 | x2...
1 +1.947530995e+01 +1.947530995e+01 -8.133469005e+01 -8.133469005e+01 +1.0331e+00 +1.4506e-01
14 +4.955988714e+00 +4.955988714e+00 -9.585401129e+01 -9.585401129e+01 +9.5366e-01 +4.1266e-01
126 +3.639358427e+00 +3.639358427e+00 -9.717064157e+01 -9.717064157e+01 +1.2738e+00 +3.1492e-01
144 +1.040705060e+00 +1.040705060e+00 -9.976929494e+01 -9.976929494e+01 +9.5673e-01 +4.9736e-01
177 +5.406004614e-02 +5.406004614e-02 -1.007559400e+02 -1.007559400e+02 +9.7694e-01 +4.8021e-01
229 +1.892302429e-02 +1.892302429e-02 -1.007910770e+02 -1.007910770e+02 +9.8962e-01 +4.8384e-01
235 +1.900926778e-03 +1.900926778e-03 -1.008080991e+02 -1.008080991e+02 +9.9324e-01 +4.8753e-01
282 +1.351088018e-04 +1.351088018e-04 -1.008098649e+02 -1.008098649e+02 +9.9276e-01 +4.8827e-01
338 +4.186937439e-05 +4.186937439e-05 -1.008099581e+02 -1.008099581e+02 +9.9159e-01 +4.8784e-01
379 +1.679670095e-05 +1.679670095e-05 -1.008099832e+02 -1.008099832e+02 +9.9190e-01 +4.8786e-01
389 +1.107271038e-05 +1.107271038e-05 -1.008099889e+02 -1.008099889e+02 +9.9184e-01 +4.8798e-01
392 +4.254716231e-06 +4.254716231e-06 -1.008099957e+02 -1.008099957e+02 +9.9188e-01 +4.8798e-01
401 +2.878633524e-06 +2.878633524e-06 -1.008099971e+02 -1.008099971e+02 +9.9190e-01 +4.8797e-01
411 +1.358030175e-06 +1.358030175e-06 -1.008099986e+02 -1.008099986e+02 +9.9208e-01 +4.8804e-01
429 +8.429518061e-08 +8.429518061e-08 -1.008099999e+02 -1.008099999e+02 +9.9202e-01 +4.8801e-01
448 +4.019099720e-08 +4.019099720e-08 -1.008100000e+02 -1.008100000e+02 +9.9201e-01 +4.8800e-01
454 +1.455211418e-08 +1.455211418e-08 -1.008100000e+02 -1.008100000e+02 +9.9201e-01 +4.8800e-01
464 +1.269299332e-09 +1.269299332e-09 -1.008100000e+02 -1.008100000e+02 +9.9200e-01 +4.8800e-01
% function evaluation | noise-free fitness - Fopt (-1.008100000000e+02) | best noise-free fitness - Fopt | measured fitness | best measured fitness | x1 | x2...
1 +2.971554245e+01 +2.971554245e+01 -7.109445755e+01 -7.109445755e+01 -7.0093e-01 -2.9610e-02
4 +1.014745155e+01 +1.014745155e+01 -9.066254845e+01 -9.066254845e+01 -6.0784e-01 +3.6017e-01
22 +3.396100300e+00 +3.396100300e+00 -9.741389970e+01 -9.741389970e+01 +8.6598e-01 +4.3240e-01
87 +2.037542231e+00 +2.037542231e+00 -9.877245777e+01 -9.877245777e+01 +5.9370e-01 -1.6626e-01
991 +1.252874315e+00 +1.252874315e+00 -9.955712569e+01 -9.955712569e+01 +6.3498e-01 +6.8574e-01
1054 +9.977322632e-01 +9.977322632e-01 -9.981226774e+01 -9.981226774e+01 +6.1887e-01 +6.6974e-01
1931 +2.975289907e-01 +2.975289907e-01 -1.005124710e+02 -1.005124710e+02 +9.5546e-01 +4.7524e-01
2247 +2.057771731e-01 +2.057771731e-01 -1.006042228e+02 -1.006042228e+02 +1.0102e+00 +4.8781e-01
2252 +6.973363257e-02 +6.973363257e-02 -1.007402664e+02 -1.007402664e+02 +9.7900e-01 +4.7788e-01
2280 +2.176002234e-02 +2.176002234e-02 -1.007882400e+02 -1.007882400e+02 +9.9404e-01 +4.9259e-01
2301 +1.532026542e-02 +1.532026542e-02 -1.007946797e+02 -1.007946797e+02 +9.8703e-01 +4.8341e-01
2341 +6.593289833e-03 +6.593289833e-03 -1.008034067e+02 -1.008034067e+02 +9.8701e-01 +4.8499e-01
2376 +3.378545344e-03 +3.378545344e-03 -1.008066215e+02 -1.008066215e+02 +9.8851e-01 +4.8696e-01
2416 +2.629896976e-04 +2.629896976e-04 -1.008097370e+02 -1.008097370e+02 +9.9287e-01 +4.8813e-01
2469 +2.020306960e-05 +2.020306960e-05 -1.008099798e+02 -1.008099798e+02 +9.9182e-01 +4.8783e-01
2532 +1.554735532e-05 +1.554735532e-05 -1.008099845e+02 -1.008099845e+02 +9.9223e-01 +4.8805e-01
2582 +6.781215532e-06 +6.781215532e-06 -1.008099932e+02 -1.008099932e+02 +9.9217e-01 +4.8809e-01
2593 +5.122190288e-06 +5.122190288e-06 -1.008099949e+02 -1.008099949e+02 +9.9195e-01 +4.8803e-01
2600 +2.381169836e-06 +2.381169836e-06 -1.008099976e+02 -1.008099976e+02 +9.9192e-01 +4.8795e-01
2604 +4.953296013e-07 +4.953296013e-07 -1.008099995e+02 -1.008099995e+02 +9.9200e-01 +4.8798e-01
2629 +1.578196418e-07 +1.578196418e-07 -1.008099998e+02 -1.008099998e+02 +9.9201e-01 +4.8801e-01
2696 +3.751645750e-08 +3.751645750e-08 -1.008100000e+02 -1.008100000e+02 +9.9200e-01 +4.8801e-01
2727 +2.406125077e-09 +2.406125077e-09 -1.008100000e+02 -1.008100000e+02 +9.9200e-01 +4.8800e-01
