% function evaluation | noise-free fitness - Fopt (1.000000000000e+03) | best noise-free fitness - Fopt | measured fitness | best measured fitness | x1 | x2...
1 +4.155560058e+01 +4.155560058e+01 +1.041555601e+03 +1.041555601e+03 -3.5588e+00 +3.0995e+00 +3.1609e+00
5 +3.486046438e+01 +3.486046438e+01 +1.034860464e+03 +1.034860464e+03 -4.5617e+00 +2.7941e+00 +4.7184e+00
29 +1.677417901e+01 +1.677417901e+01 +1.016774179e+03 +1.016774179e+03 -4.3341e+00 +3.4025e+00 +2.1313e+00
49 +9.083045848e+00 +9.083045848e+00 +1.009083046e+03 +1.009083046e+03 -4.6179e+00 +2.7892e+00 +2.1368e+00
190 +2.898678654e+00 +2.898678654e+00 +1.002898679e+03 +1.002898679e+03 -2.6085e+00 +2.0734e+00 +4.0382e+00
493 +2.484454500e+00 +2.484454500e+00 +1.002484454e+03 +1.002484454e+03 -3.0495e+00 +2.5555e+00 +4.1719e+00
1880 +1.495773717e+00 +1.495773717e+00 +1.001495774e+03 +1.001495774e+03 -2.7482e+00 +3.0354e+00 +4.2046e+00
2022 +9.979064011e-01 +9.979064011e-01 +1.000997906e+03 +1.000997906e+03 -2.7265e+00 +3.0478e+00 +4.2041e+00
8898 +4.017807657e-01 +4.017807657e-01 +1.000401781e+03 +1.000401781e+03 -3.0746e+00 +2.9829e+00 +3.6259e+00
9078 +3.597937953e-01 +3.597937953e-01 +1.000359794e+03 +1.000359794e+03 -3.0746e+00 +3.0096e+00 +3.6126e+00
9169 +2.636305344e-02 +2.636305344e-02 +1.000026363e+03 +1.000026363e+03 -3.0586e+00 +3.0085e+00 +3.6391e+00
9259 +1.589073220e-02 +1.589073220e-02 +1.000015891e+03 +1.000015891e+03 -3.0532e+00 +3.0040e+00 +3.6383e+00
9270 +1.559238485e-02 +1.559238485e-02 +1.000015592e+03 +1.000015592e+03 -3.0508e+00 +3.0036e+00 +3.6423e+00
9333 +2.253487937e-03 +2.253487937e-03 +1.000002253e+03 +1.000002253e+03 -3.0578e+00 +3.0007e+00 +3.6397e+00
9372 +1.492553942e-03 +1.492553942e-03 +1.000001493e+03 +1.000001493e+03 -3.0568e+00 +3.0033e+00 +3.6387e+00
9398 +8.653663539e-04 +8.653663539e-04 +1.000000865e+03 +1.000000865e+03 -3.0572e+00 +3.0014e+00 +3.6398e+00
9480 +5.004178073e-04 +5.004178073e-04 +1.000000500e+03 +1.000000500e+03 -3.0561e+00 +3.0022e+00 +3.6398e+00
9513 +1.853436401e-04 +1.853436401e-04 +1.000000185e+03 +1.000000185e+03 -3.0562e+00 +3.0013e+00 +3.6399e+00
9535 +1.553853543e-04 +1.553853543e-04 +1.000000155e+03 +1.000000155e+03 -3.0561e+00 +3.0013e+00 +3.6396e+00
9550 +4.381811641e-05 +4.381811641e-05 +1.000000044e+03 +1.000000044e+03 -3.0566e+00 +3.0018e+00 +3.6393e+00
9676 +8.616466289e-06 +8.616466289e-06 +1.000000009e+03 +1.000000009e+03 -3.0568e+00 +3.0017e+00 +3.6392e+00
9707 +3.702191293e-06 +3.702191293e-06 +1.000000004e+03 +1.000000004e+03 -3.0569e+00 +3.0015e+00 +3.6392e+00
9849 +1.906899797e-06 +1.906899797e-06 +1.000000002e+03 +1.000000002e+03 -3.0569e+00 +3.0016e+00 +3.6392e+00
9870 +8.338715816e-07 +8.338715816e-07 +1.000000001e+03 +1.000000001e+03 -3.0568e+00 +3.0016e+00 +3.6392e+00
9880 +6.220292335e-07 +6.220292335e-07 +1.000000001e+03 +1.000000001e+03 -3.0568e+00 +3.0016e+00 +3.6392e+00
9994 +1.440960204e-07 +1.440960204e-07 +1.000000000e+03 +1.000000000e+03 -3.0568e+00 +3.0016e+00 +3.6392e+00
10035 +6.280902198e-08 +6.280902198e-08 +1.000000000e+03 +1.000000000e+03 -3.0568e+00 +3.0016e+00 +3.6392e+00
10118 +2.285423761e-08 +2.285423761e-08 +1.000000000e+03 +1.000000000e+03 -3.0568e+00 +3.0016e+00 +3.6392e+00
10215 +9.285258784e-09 +9.285258784e-09 +1.000000000e+03 +1.000000000e+03 -3.0568e+00 +3.0016e+00 +3.6392e+00
10229 +1.645162229e-09 +1.645162229e-09 +1.000000000e+03 +1.000000000e+03 -3.0568e+00 +3.0016e+00 +3.6392e+00
% function evaluation | noise-free fitness - Fopt (1.000000000000e+03) | best noise-free fitness - Fopt | measured fitness | best measured fitness | x1 | x2...
1 +2.417629242e+03 +2.417629242e+03 +3.417629242e+03 +3.417629242e+03 +2.4330e+00 +1.6135e+00 -3.3962e+00
4 +1.329915502e+03 +1.329915502e+03 +2.329915502e+03 +2.329915502e+03 +1.9777e+00 +1.0849e+00 -1.4814e+00
9 +8.091548749e+02 +8.091548749e+02 +1.809154875e+03 +1.809154875e+03 -4.0098e-01 +1.5906e+00 -1.9500e+00
16 +2.769882005e+02 +2.769882005e+02 +1.276988201e+03 +1.276988201e+03 -3.6958e+00 +3.0628e+00 -1.4633e+00
26 +2.162651783e+02 +2.162651783e+02 +1.216265178e+03 +1.216265178e+03 -4.1304e+00 +2.8304e+00 -1.3671e+00
27 +9.665459215e+01 +9.665459215e+01 +1.096654592e+03 +1.096654592e+03 -7.0991e+00 +4.1619e+00 +3.8287e+00
28 +4.377239961e+01 +4.377239961e+01 +1.043772400e+03 +1.043772400e+03 -6.0697e+00 +2.2390e+00 +1.6825e+00
84 +3.851352518e+01 +3.851352518e+01 +1.038513525e+03 +1.038513525e+03 -3.2906e+00 +4.3099e+00 +3.8253e+00
104 +2.140727266e+01 +2.140727266e+01 +1.021407273e+03 +1.021407273e+03 -2.7522e+00 +2.4025e+00 +4.8128e+00
115 +1.380624296e+01 +1.380624296e+01 +1.013806243e+03 +1.013806243e+03 -3.1395e+00 +3.0511e+00 +4.8864e+00
143 +8.739308866e+00 +8.739308866e+00 +1.008739309e+03 +1.008739309e+03 -2.5086e+00 +3.3885e+00 +4.1720e+00
152 +6.017188630e+00 +6.017188630e+00 +1.006017189e+03 +1.006017189e+03 -3.0691e+00 +3.4617e+00 +4.4242e+00
249 +3.756920148e+00 +3.756920148e+00 +1.003756920e+03 +1.003756920e+03 -2.4561e+00 +3.5651e+00 +4.2381e+00
319 +2.393319081e+00 +2.393319081e+00 +1.002393319e+03 +1.002393319e+03 -2.4270e+00 +3.5847e+00 +4.2402e+00
1509 +1.111867499e+00 +1.111867499e+00 +1.001111867e+03 +1.001111867e+03 -2.3563e+00 +2.6393e+00 +4.0164e+00
1660 +9.998476280e-01 +9.998476280e-01 +1.000999848e+03 +1.000999848e+03 -2.3535e+00 +2.6302e+00 +4.0300e+00
8149 +6.048974948e-02 +6.048974948e-02 +1.000060490e+03 +1.000060490e+03 -3.0688e+00 +3.0085e+00 +3.6318e+00
8510 +3.541232504e-02 +3.541232504e-02 +1.000035412e+03 +1.000035412e+03 -3.0616e+00 +3.0030e+00 +3.6404e+00
8569 +5.868850646e-03 +5.868850646e-03 +1.000005869e+03 +1.000005869e+03 -3.0583e+00 +3.0049e+00 +3.6380e+00
8784 +2.088371591e-03 +2.088371591e-03 +1.000002088e+03 +1.000002088e+03 -3.0549e+00 +3.0001e+00 +3.6409e+00
8793 +5.837769578e-04 +5.837769578e-04 +1.000000584e+03 +1.000000584e+03 -3.0560e+00 +3.0013e+00 +3.6402e+00
8927 +2.433033601e-04 +2.433033601e-04 +1.000000243e+03 +1.000000243e+03 -3.0569e+00 +3.0021e+00 +3.6388e+00
8941 +1.335627973e-04 +1.335627973e-04 +1.000000134e+03 +1.000000134e+03 -3.0573e+00 +3.0018e+00 +3.6390e+00
8976 +9.234716867e-05 +9.234716867e-05 +1.000000092e+03 +1.000000092e+03 -3.0563e+00 +3.0015e+00 +3.6396e+00
9019 +6.094614946e-05 +6.094614946e-05 +1.000000061e+03 +1.000000061e+03 -3.0566e+00 +3.0014e+00 +3.6392e+00
9043 +2.425594118e-05 +2.425594118e-05 +1.000000024e+03 +1.000000024e+03 -3.0565e+00 +3.0016e+00 +3.6393e+00
9053 +7.858832078e-06 +7.858832078e-06 +1.000000008e+03 +1.000000008e+03 -3.0568e+00 +3.0017e+00 +3.6392e+00
9151 +4.591606739e-08 +4.591606739e-08 +1.000000000e+03 +1.000000000e+03 -3.0568e+00 +3.0016e+00 +3.6392e+00
9484 +2.488036444e-09 +2.488036444e-09 +1.000000000e+03 +1.000000000e+03 -3.0568e+00 +3.0016e+00 +3.6392e+00
% function evaluation | noise-free fitness - Fopt (1.000000000000e+03) | best noise-free fitness - Fopt | measured fitness | best measured fitness | x1 | x2...
1 +1.727300352e+03 +1.727300352e+03 +2.727300352e+03 +2.727300352e+03 -3.6377e-01 +2.6002e-01 -3.9422e+00
2 +1.406843411e+03 +1.406843411e+03 +2.406843411e+03 +2.406843411e+03 +2.6119e-01 +1.1025e-01 -2.9482e+00
4 +2.125552538e+02 +2.125552538e+02 +1.212555254e+03 +1.212555254e+03 -1.9279e+00 +3.6088e-01 +2.2301e-01
9 +2.850333606e+01 +2.850333606e+01 +1.028503336e+03 +1.028503336e+03 -3.1343e+00 +1.7635e+00 +2.3148e+00
128 +1.252399988e+01 +1.252399988e+01 +1.012524000e+03 +1.012524000e+03 -4.2456e+00 +2.7447e+00 +2.8554e+00
221 +6.741371274e+00 +6.741371274e+00 +1.006741371e+03 +1.006741371e+03 -3.6259e+00 +2.8920e+00 +2.5743e+00
329 +4.449880611e+00 +4.449880611e+00 +1.004449881e+03 +1.004449881e+03 -2.8485e+00 +3.0430e+00 +4.1293e+00
382 +3.517004622e+00 +3.517004622e+00 +1.003517005e+03 +1.003517005e+03 -3.0344e+00 +2.9365e+00 +3.6308e+00
388 +1.250493696e+00 +1.250493696e+00 +1.001250494e+03 +1.001250494e+03 -3.0321e+00 +2.9587e+00 +3.6565e+00
405 +4.969798790e-01 +4.969798790e-01 +1.000496980e+03 +1.000496980e+03 -3.0513e+00 +3.0298e+00 +3.6332e+00
421 +3.589385959e-01 +3.589385959e-01 +1.000358939e+03 +1.000358939e+03 -3.0714e+00 +3.0268e+00 +3.6315e+00
464 +8.547138005e-02 +8.547138005e-02 +1.000085471e+03 +1.000085471e+03 -3.0724e+00 +3.0077e+00 +3.6269e+00
510 +3.803470193e-02 +3.803470193e-02 +1.000038035e+03 +1.000038035e+03 -3.0547e+00 +2.9998e+00 +3.6455e+00
538 +2.049918002e-02 +2.049918002e-02 +1.000020499e+03 +1.000020499e+03 -3.0502e+00 +3.0027e+00 +3.6454e+00
545 +1.563239958e-03 +1.563239958e-03 +1.000001563e+03 +1.000001563e+03 -3.0548e+00 +3.0019e+00 +3.6400e+00
576 +3.277333443e-04 +3.277333443e-04 +1.000000328e+03 +1.000000328e+03 -3.0559e+00 +3.0012e+00 +3.6396e+00
607 +1.011555377e-04 +1.011555377e-04 +1.000000101e+03 +1.000000101e+03 -3.0565e+00 +3.0012e+00 +3.6395e+00
656 +9.880620064e-05 +9.880620064e-05 +1.000000099e+03 +1.000000099e+03 -3.0569e+00 +3.0017e+00 +3.6394e+00
662 +3.787357878e-05 +3.787357878e-05 +1.000000038e+03 +1.000000038e+03 -3.0565e+00 +3.0017e+00 +3.6394e+00
670 +1.519009743e-05 +1.519009743e-05 +1.000000015e+03 +1.000000015e+03 -3.0567e+00 +3.0015e+00 +3.6393e+00
675 +5.771294127e-06 +5.771294127e-06 +1.000000006e+03 +1.000000006e+03 -3.0568e+00 +3.0015e+00 +3.6392e+00
711 +2.891497275e-06 +2.891497275e-06 +1.000000003e+03 +1.000000003e+03 -3.0567e+00 +3.0016e+00 +3.6393e+00
727 +8.392502195e-07 +8.392502195e-07 +1.000000001e+03 +1.000000001e+03 -3.0568e+00 +3.0016e+00 +3.6392e+00
756 +4.136448979e-07 +4.136448979e-07 +1.000000000e+03 +1.000000000e+03 -3.0568e+00 +3.0016e+00 +3.6392e+00
758 +1.380058166e-07 +1.380058166e-07 +1.000000000e+03 +1.000000000e+03 -3.0568e+00 +3.0016e+00 +3.6392e+00
793 +8.531924323e-08 +8.531924323e-08 +1.000000000e+03 +1.000000000e+03 -3.0568e+00 +3.0016e+00 +3.6392e+00
804 +5.582251106e-09 +5.582251106e-09 +1.000000000e+03 +1.000000000e+03 -3.0568e+00 +3.0016e+00 +3.6392e+00
807 +2.970068635e-09 +2.970068635e-09 +1.000000000e+03 +1.000000000e+03 -3.0568e+00 +3.0016e+00 +3.6392e+00
% function evaluation | noise-free fitness - Fopt (7.003000000000e+01) | best noise-free fitness - Fopt | measured fitness | best measured fitness | x1 | x2...
1 +2.459305619e+02 +2.459305619e+02 +3.159605619e+02 +3.159605619e+02 -3.7124e+00 -3.6273e+00 +1.5264e+00
8 +1.524414570e+02 +1.524414570e+02 +2.224714570e+02 +2.224714570e+02 -1.7975e+00 -3.7556e+00 +9.0811e-01
19 +9.606622369e+01 +9.606622369e+01 +1.660962237e+02 +1.660962237e+02 -2.7988e+00 -5.6640e+00 -7.4552e-01
24 +5.928868198e+01 +5.928868198e+01 +1.293186820e+02 +1.293186820e+02 -1.1420e+00 -2.4436e+00 -7.7553e-01
47 +2.860158103e+01 +2.860158103e+01 +9.863158103e+01 +9.863158103e+01 -1.9758e+00 -4.5576e+00 -3.9001e+00
57 +1.811450426e+01 +1.811450426e+01 +8.814450426e+01 +8.814450426e+01 -1.5733e+00 -3.3761e+00 -2.8297e+00
79 +6.092676359e+00 +6.092676359e+00 +7.612267636e+01 +7.612267636e+01 -8.5088e-01 -2.0152e+00 -2.9024e+00
357 +3.515507882e+00 +3.515507882e+00 +7.354550788e+01 +7.354550788e+01 -1.1062e+00 -3.0467e+00 -4.5365e+00
413 +2.118173744e+00 +2.118173744e+00 +7.214817374e+01 +7.214817374e+01 -1.0988e+00 -3.0406e+00 -4.5723e+00
462 +1.341307196e+00 +1.341307196e+00 +7.137130720e+01 +7.137130720e+01 -1.0693e+00 -3.0372e+00 -4.5523e+00
523 +9.961990450e-01 +9.961990450e-01 +7.102619904e+01 +7.102619904e+01 -1.0827e+00 -3.0654e+00 -4.5658e+00
16652 +5.445185729e-01 +5.445185729e-01 +7.057451857e+01 +7.057451857e+01 -8.3351e-01 -2.4539e+00 -3.9724e+00
17446 +3.044120314e-01 +3.044120314e-01 +7.033441203e+01 +7.033441203e+01 -8.6839e-01 -2.5269e+00 -3.9838e+00
17561 +2.243769170e-01 +2.243769170e-01 +7.025437692e+01 +7.025437692e+01 -8.5980e-01 -2.5153e+00 -4.0005e+00
17599 +1.236695432e-01 +1.236695432e-01 +7.015366954e+01 +7.015366954e+01 -8.5292e-01 -2.5027e+00 -3.9695e+00
17607 +8.031392477e-02 +8.031392477e-02 +7.011031392e+01 +7.011031392e+01 -8.5615e-01 -2.4995e+00 -3.9752e+00
17632 +3.127631202e-03 +3.127631202e-03 +7.003312763e+01 +7.003312763e+01 -8.5118e-01 -2.4951e+00 -3.9839e+00
17857 +2.225663899e-03 +2.225663899e-03 +7.003222566e+01 +7.003222566e+01 -8.4886e-01 -2.4937e+00 -3.9828e+00
17933 +1.562144985e-03 +1.562144985e-03 +7.003156214e+01 +7.003156214e+01 -8.5136e-01 -2.4964e+00 -3.9817e+00
17989 +5.420071068e-04 +5.420071068e-04 +7.003054201e+01 +7.003054201e+01 -8.4972e-01 -2.4948e+00 -3.9815e+00
18055 +1.997892204e-04 +1.997892204e-04 +7.003019979e+01 +7.003019979e+01 -8.4980e-01 -2.4953e+00 -3.9823e+00
18188 +6.000069527e-05 +6.000069527e-05 +7.003006000e+01 +7.003006000e+01 -8.5036e-01 -2.4957e+00 -3.9824e+00
18199 +3.347168754e-05 +3.347168754e-05 +7.003003347e+01 +7.003003347e+01 -8.5031e-01 -2.4958e+00 -3.9826e+00
18243 +1.615266460e-05 +1.615266460e-05 +7.003001615e+01 +7.003001615e+01 -8.5043e-01 -2.4961e+00 -3.9825e+00
18412 +8.475269624e-06 +8.475269624e-06 +7.003000848e+01 +7.003000848e+01 -8.5029e-01 -2.4959e+00 -3.9824e+00
18432 +3.943348474e-06 +3.943348474e-06 +7.003000394e+01 +7.003000394e+01 -8.5038e-01 -2.4959e+00 -3.9824e+00
18524 +3.152054830e-07 +3.152054830e-07 +7.003000032e+01 +7.003000032e+01 -8.5038e-01 -2.4960e+00 -3.9824e+00
18716 +1.309013840e-07 +1.309013840e-07 +7.003000013e+01 +7.003000013e+01 -8.5041e-01 -2.4960e+00 -3.9824e+00
18907 +6.612485492e-08 +6.612485492e-08 +7.003000007e+01 +7.003000007e+01 -8.5039e-01 -2.4960e+00 -3.9824e+00
18919 +5.831829242e-08 +5.831829242e-08 +7.003000006e+01 +7.003000006e+01 -8.5040e-01 -2.4960e+00 -3.9824e+00
18941 +2.591417569e-08 +2.591417569e-08 +7.003000003e+01 +7.003000003e+01 -8.5039e-01 -2.4960e+00 -3.9824e+00
18983 +2.385419862e-08 +2.385419862e-08 +7.003000002e+01 +7.003000002e+01 -8.5040e-01 -2.4960e+00 -3.9824e+00
18994 +1.529672033e-08 +1.529672033e-08 +7.003000002e+01 +7.003000002e+01 -8.5040e-01 -2.4960e+00 -3.9824e+00
19041 +1.572459496e-09 +1.572459496e-09 +7.003000000e+01 +7.003000000e+01 -8.5040e-01 -2.4960e+00 -3.9824e+00
19126 +6.782840956e-10 +6.782840956e-10 +7.003000000e+01 +7.003000000e+01 -8.5040e-01 -2.4960e+00 -3.9824e+00
% function evaluation | noise-free fitness - Fopt (7.003000000000e+01) | best noise-free fitness - Fopt | measured fitness | best measured fitness | x1 | x2...
1 +5.767808032e+02 +5.767808032e+02 +6.468108032e+02 +6.468108032e+02 -1.0967e+00 +2.7992e+00 +6.3217e-01
2 +3.745728390e+02 +3.745728390e+02 +4.446028390e+02 +4.446028390e+02 +4.2033e-01 +4.3041e+00 -1.0403e+00
4 +8.986192789e+01 +8.986192789e+01 +1.598919279e+02 +1.598919279e+02 -3.2047e-01 +1.6696e+00 -3.6720e+00
20 +5.158621923e+01 +5.158621923e+01 +1.216162192e+02 +1.216162192e+02 -1.8296e+00 -1.2484e+00 -2.7790e+00
23 +3.869106390e+01 +3.869106390e+01 +1.087210639e+02 +1.087210639e+02 -1.3647e+00 -1.0601e+00 -2.6493e+00
45 +1.949648435e+01 +1.949648435e+01 +8.952648435e+01 +8.952648435e+01 -2.2356e+00 -4.1511e+00 -3.5954e+00
120 +1.550888712e+01 +1.550888712e+01 +8.553888712e+01 +8.553888712e+01 +3.9873e-02 -1.5584e+00 -3.3537e+00
142 +7.603995999e+00 +7.603995999e+00 +7.763399600e+01 +7.763399600e+01 -4.7813e-01 -2.1883e+00 -3.0987e+00
243 +4.806182134e+00 +4.806182134e+00 +7.483618213e+01 +7.483618213e+01 -5.8092e-01 -2.5469e+00 -3.5654e+00
262 +2.487511021e+00 +2.487511021e+00 +7.251751102e+01 +7.251751102e+01 -6.6109e-01 -2.7134e+00 -3.6325e+00
267 +1.337148956e+00 +1.337148956e+00 +7.136714896e+01 +7.136714896e+01 -6.0784e-01 -2.6240e+00 -3.6395e+00
366 +9.978720009e-01 +9.978720009e-01 +7.102787200e+01 +7.102787200e+01 -6.3393e-01 -2.6444e+00 -3.6375e+00
18532 +3.955177546e-01 +3.955177546e-01 +7.042551775e+01 +7.042551775e+01 -8.5909e-01 -2.4818e+00 -3.9812e+00
18552 +1.152260236e-01 +1.152260236e-01 +7.014522602e+01 +7.014522602e+01 -8.5592e-01 -2.4898e+00 -3.9869e+00
18638 +9.357097172e-02 +9.357097172e-02 +7.012357097e+01 +7.012357097e+01 -8.5676e-01 -2.4928e+00 -3.9807e+00
18842 +6.082085657e-02 +6.082085657e-02 +7.009082086e+01 +7.009082086e+01 -8.6056e-01 -2.5087e+00 -3.9873e+00
18848 +3.746280199e-02 +3.746280199e-02 +7.006746280e+01 +7.006746280e+01 -8.4605e-01 -2.4935e+00 -3.9873e+00
18934 +1.848952943e-02 +1.848952943e-02 +7.004848953e+01 +7.004848953e+01 -8.5573e-01 -2.4990e+00 -3.9840e+00
18968 +5.929441395e-03 +5.929441395e-03 +7.003592944e+01 +7.003592944e+01 -8.5180e-01 -2.4973e+00 -3.9800e+00
19153 +2.240654743e-03 +2.240654743e-03 +7.003224065e+01 +7.003224065e+01 -8.5187e-01 -2.4960e+00 -3.9833e+00
19190 +7.947238704e-04 +7.947238704e-04 +7.003079472e+01 +7.003079472e+01 -8.5016e-01 -2.4948e+00 -3.9826e+00
19256 +5.797440713e-04 +5.797440713e-04 +7.003057974e+01 +7.003057974e+01 -8.5017e-01 -2.4960e+00 -3.9814e+00
19311 +1.458001599e-04 +1.458001599e-04 +7.003014580e+01 +7.003014580e+01 -8.5015e-01 -2.4961e+00 -3.9826e+00
19515 +7.560322747e-05 +7.560322747e-05 +7.003007560e+01 +7.003007560e+01 -8.5076e-01 -2.4963e+00 -3.9826e+00
19519 +6.076964132e-05 +6.076964132e-05 +7.003006077e+01 +7.003006077e+01 -8.5064e-01 -2.4962e+00 -3.9827e+00
19522 +2.045816059e-05 +2.045816059e-05 +7.003002046e+01 +7.003002046e+01 -8.5048e-01 -2.4962e+00 -3.9826e+00
19612 +6.794056063e-06 +6.794056063e-06 +7.003000679e+01 +7.003000679e+01 -8.5051e-01 -2.4961e+00 -3.9824e+00
19632 +5.832870684e-06 +5.832870684e-06 +7.003000583e+01 +7.003000583e+01 -8.5038e-01 -2.4960e+00 -3.9825e+00
19739 +3.588011808e-06 +3.588011808e-06 +7.003000359e+01 +7.003000359e+01 -8.5036e-01 -2.4959e+00 -3.9824e+00
19772 +9.738731848e-07 +9.738731848e-07 +7.003000097e+01 +7.003000097e+01 -8.5036e-01 -2.4960e+00 -3.9824e+00
19855 +3.118307745e-07 +3.118307745e-07 +7.003000031e+01 +7.003000031e+01 -8.5042e-01 -2.4960e+00 -3.9824e+00
19917 +9.700579540e-08 +9.700579540e-08 +7.003000010e+01 +7.003000010e+01 -8.5041e-01 -2.4960e+00 -3.9824e+00
20104 +6.308054878e-08 +6.308054878e-08 +7.003000006e+01 +7.003000006e+01 -8.5040e-01 -2.4960e+00 -3.9824e+00
20111 +2.269058541e-08 +2.269058541e-08 +7.003000002e+01 +7.003000002e+01 -8.5040e-01 -2.4960e+00 -3.9824e+00
20190 +7.764100474e-09 +7.764100474e-09 +7.003000001e+01 +7.003000001e+01 -8.5040e-01 -2.4960e+00 -3.9824e+00
20201 +2.817586164e-10 +2.817586164e-10 +7.003000000e+01 +7.003000000e+01 -8.5040e-01 -2.4960e+00 -3.9824e+00
% function evaluation | noise-free fitness - Fopt (7.003000000000e+01) | best noise-free fitness - Fopt | measured fitness | best measured fitness | x1 | x2...
1 +9.167518383e+02 +9.167518383e+02 +9.867818383e+02 +9.867818383e+02 +4.4412e-01 +3.3289e+00 +3.9903e+00
9 +3.224283328e+02 +3.224283328e+02 +3.924583328e+02 +3.924583328e+02 -2.9459e+00 +3.6396e-01 +4.5206e-02
11 +1.687873645e+02 +1.687873645e+02 +2.388173645e+02 +2.388173645e+02 +2.6768e+00 +7.4316e-01 +9.7602e-01
17 +1.284670407e+02 +1.284670407e+02 +1.984970407e+02 +1.984970407e+02 -1.5271e-01 -1.0379e+00 +6.8430e-01
27 +5.686639414e+01 +5.686639414e+01 +1.268963941e+02 +1.268963941e+02 -2.0798e+00 -5.4192e+00 -2.4708e+00
49 +2.974736768e+01 +2.974736768e+01 +9.977736768e+01 +9.977736768e+01 -2.1607e+00 -3.2414e+00 -3.6379e+00
99 +2.150601794e+01 +2.150601794e+01 +9.153601794e+01 +9.153601794e+01 -7.1741e-01 -1.8667e+00 -3.6484e+00
101 +1.293347839e+01 +1.293347839e+01 +8.296347839e+01 +8.296347839e+01 -1.5372e+00 -2.2155e+00 -3.0645e+00
208 +8.486381174e+00 +8.486381174e+00 +7.851638117e+01 +7.851638117e+01 -7.6418e-01 -2.3432e+00 -3.8589e+00
231 +2.963991354e+00 +2.963991354e+00 +7.299399135e+01 +7.299399135e+01 -6.4032e-01 -1.9800e+00 -3.4292e+00
248 +1.946213230e+00 +1.946213230e+00 +7.197621323e+01 +7.197621323e+01 -6.3992e-01 -1.8497e+00 -3.3908e+00
258 +1.001820464e+00 +1.001820464e+00 +7.103182046e+01 +7.103182046e+01 -6.4185e-01 -1.8873e+00 -3.3942e+00
407 +9.989952090e-01 +9.989952090e-01 +7.102899521e+01 +7.102899521e+01 -6.4181e-01 -1.8894e+00 -3.3993e+00
18146 +4.886135801e-01 +4.886135801e-01 +7.051861358e+01 +7.051861358e+01 -8.2192e-01 -2.4671e+00 -3.9714e+00
18235 +2.969865618e-01 +2.969865618e-01 +7.032698656e+01 +7.032698656e+01 -8.7329e-01 -2.5243e+00 -3.9895e+00
18569 +1.465742537e-01 +1.465742537e-01 +7.017657425e+01 +7.017657425e+01 -8.6067e-01 -2.5105e+00 -3.9746e+00
18776 +5.742318028e-02 +5.742318028e-02 +7.008742318e+01 +7.008742318e+01 -8.5339e-01 -2.4939e+00 -3.9753e+00
19460 +1.827700726e-02 +1.827700726e-02 +7.004827701e+01 +7.004827701e+01 -8.5419e-01 -2.4997e+00 -3.9793e+00
20140 +2.774777658e-03 +2.774777658e-03 +7.003277478e+01 +7.003277478e+01 -8.5094e-01 -2.4983e+00 -3.9820e+00
20142 +1.099107928e-03 +1.099107928e-03 +7.003109911e+01 +7.003109911e+01 -8.4909e-01 -2.4950e+00 -3.9814e+00
20397 +6.247770310e-04 +6.247770310e-04 +7.003062478e+01 +7.003062478e+01 -8.4968e-01 -2.4946e+00 -3.9817e+00
20498 +2.328322003e-04 +2.328322003e-04 +7.003023283e+01 +7.003023283e+01 -8.5073e-01 -2.4961e+00 -3.9821e+00
20631 +7.059402206e-05 +7.059402206e-05 +7.003007059e+01 +7.003007059e+01 -8.5046e-01 -2.4959e+00 -3.9827e+00
20759 +5.260403205e-05 +5.260403205e-05 +7.003005260e+01 +7.003005260e+01 -8.5027e-01 -2.4956e+00 -3.9823e+00
20850 +1.990894090e-05 +1.990894090e-05 +7.003001991e+01 +7.003001991e+01 -8.5029e-01 -2.4957e+00 -3.9824e+00
20913 +1.250183018e-05 +1.250183018e-05 +7.003001250e+01 +7.003001250e+01 -8.5030e-01 -2.4959e+00 -3.9824e+00
20984 +7.703212205e-06 +7.703212205e-06 +7.003000770e+01 +7.003000770e+01 -8.5051e-01 -2.4961e+00 -3.9824e+00
21023 +2.734517750e-06 +2.734517750e-06 +7.003000273e+01 +7.003000273e+01 -8.5036e-01 -2.4959e+00 -3.9824e+00
21129 +7.986598689e-07 +7.986598689e-07 +7.003000080e+01 +7.003000080e+01 -8.5038e-01 -2.4960e+00 -3.9824e+00
21157 +2.810791955e-07 +2.810791955e-07 +7.003000028e+01 +7.003000028e+01 -8.5039e-01 -2.4960e+00 -3.9824e+00
21284 +2.734320503e-08 +2.734320503e-08 +7.003000003e+01 +7.003000003e+01 -8.5040e-01 -2.4960e+00 -3.9824e+00
21499 +2.398297738e-08 +2.398297738e-08 +7.003000002e+01 +7.003000002e+01 -8.5040e-01 -2.4960e+00 -3.9824e+00
21643 +1.542224481e-08 +1.542224481e-08 +7.003000002e+01 +7.003000002e+01 -8.5040e-01 -2.4960e+00 -3.9824e+00
21647 +9.029193393e-09 +9.029193393e-09 +7.003000001e+01 +7.003000001e+01 -8.5040e-01 -2.4960e+00 -3.9824e+00
21683 +5.527880376e-10 +5.527880376e-10 +7.003000000e+01 +7.003000000e+01 -8.5040e-01 -2.4960e+00 -3.9824e+00
% function evaluation | noise-free fitness - Fopt (-4.822000000000e+01) | best noise-free fitness - Fopt | measured fitness | best measured fitness | x1 | x2...
1 +7.001614511e+02 +7.001614511e+02 +6.519414511e+02 +6.519414511e+02 +2.6258e+00 +2.9265e+00 -1.0805e+00
2 +6.032299448e+02 +6.032299448e+02 +5.550099448e+02 +5.550099448e+02 +3.6130e+00 +2.8040e+00 -2.6127e+00
14 +3.851123174e+02 +3.851123174e+02 +3.368923174e+02 +3.368923174e+02 +1.3078e+00 +3.0774e+00 -1.6180e+00
16 +1.735697040e+02 +1.735697040e+02 +1.253497040e+02 +1.253497040e+02 +7.9624e-01 +1.2813e+00 -1.8188e+00
21 +9.190439575e+01 +9.190439575e+01 +4.368439575e+01 +4.368439575e+01 +3.3272e-01 +5.5772e-01 -1.9586e+00
26 +3.398172139e+01 +3.398172139e+01 -1.423827861e+01 -1.423827861e+01 -4.1608e-02 -1.0070e-01 -3.1834e+00
91 +1.795104524e+01 +1.795104524e+01 -3.026895476e+01 -3.026895476e+01 -2.2796e+00 -1.2321e+00 -2.7886e+00
179 +3.616221404e+00 +3.616221404e+00 -4.460377860e+01 -4.460377860e+01 -2.0785e+00 -1.7720e-01 -1.6067e+00
459 +2.479340607e+00 +2.479340607e+00 -4.574065939e+01 -4.574065939e+01 -2.0441e+00 -1.6257e-01 -2.0864e+00
3556 +1.422635262e+00 +1.422635262e+00 -4.679736474e+01 -4.679736474e+01 -1.2583e+00 -1.4322e+00 -2.7326e+00
3783 +9.952636402e-01 +9.952636402e-01 -4.722473636e+01 -4.722473636e+01 -1.2265e+00 -1.4493e+00 -2.7471e+00
13423 +6.806989144e-02 +6.806989144e-02 -4.815193011e+01 -4.815193011e+01 -1.8410e+00 -9.9935e-01 -2.2311e+00
13504 +5.421135595e-03 +5.421135595e-03 -4.821457886e+01 -4.821457886e+01 -1.8432e+00 -1.0098e+00 -2.2348e+00
13555 +2.737599033e-03 +2.737599033e-03 -4.821726240e+01 -4.821726240e+01 -1.8406e+00 -1.0075e+00 -2.2355e+00
13565 +1.052381018e-03 +1.052381018e-03 -4.821894762e+01 -4.821894762e+01 -1.8408e+00 -1.0071e+00 -2.2369e+00
13631 +2.763861608e-04 +2.763861608e-04 -4.821972361e+01 -4.821972361e+01 -1.8429e+00 -1.0075e+00 -2.2349e+00
13637 +2.289251777e-04 +2.289251777e-04 -4.821977107e+01 -4.821977107e+01 -1.8429e+00 -1.0068e+00 -2.2351e+00
13640 +9.926991246e-05 +9.926991246e-05 -4.821990073e+01 -4.821990073e+01 -1.8423e+00 -1.0074e+00 -2.2349e+00
13680 +1.771262269e-05 +1.771262269e-05 -4.821998229e+01 -4.821998229e+01 -1.8422e+00 -1.0072e+00 -2.2353e+00
13729 +6.967171082e-06 +6.967171082e-06 -4.821999303e+01 -4.821999303e+01 -1.8424e+00 -1.0072e+00 -2.2353e+00
13747 +3.846351674e-06 +3.846351674e-06 -4.821999615e+01 -4.821999615e+01 -1.8425e+00 -1.0072e+00 -2.2351e+00
13780 +1.424481162e-06 +1.424481162e-06 -4.821999858e+01 -4.821999858e+01 -1.8424e+00 -1.0072e+00 -2.2351e+00
13798 +8.573046202e-07 +8.573046202e-07 -4.821999914e+01 -4.821999914e+01 -1.8424e+00 -1.0072e+00 -2.2352e+00
13815 +5.255138973e-07 +5.255138973e-07 -4.821999947e+01 -4.821999947e+01 -1.8424e+00 -1.0072e+00 -2.2352e+00
13818 +2.571855049e-07 +2.571855049e-07 -4.821999974e+01 -4.821999974e+01 -1.8424e+00 -1.0072e+00 -2.2352e+00
13819 +1.226846038e-07 +1.226846038e-07 -4.821999988e+01 -4.821999988e+01 -1.8424e+00 -1.0072e+00 -2.2352e+00
13840 +7.392428358e-08 +7.392428358e-08 -4.821999993e+01 -4.821999993e+01 -1.8424e+00 -1.0072e+00 -2.2352e+00
13869 +4.325762859e-08 +4.325762859e-08 -4.821999996e+01 -4.821999996e+01 -1.8424e+00 -1.0072e+00 -2.2352e+00
13876 +2.527399801e-08 +2.527399801e-08 -4.821999997e+01 -4.821999997e+01 -1.8424e+00 -1.0072e+00 -2.2352e+00
13903 +2.430233081e-08 +2.430233081e-08 -4.821999998e+01 -4.821999998e+01 -1.8424e+00 -1.0072e+00 -2.2352e+00
13915 +9.878341700e-09 +9.878341700e-09 -4.821999999e+01 -4.821999999e+01 -1.8424e+00 -1.0072e+00 -2.2352e+00
13920 +2.219181283e-09 +2.219181283e-09 -4.822000000e+01 -4.822000000e+01 -1.8424e+00 -1.0072e+00 -2.2352e+00
% function evaluation | noise-free fitness - Fopt (-4.822000000000e+01) | best noise-free fitness - Fopt | measured fitness | best measured fitness | x1 | x2...
1 +2.944770920e+02 +2.944770920e+02 +2.462570920e+02 +2.462570920e+02 -1.8886e-02 +3.7026e+00 -1.6703e+00
5 +1.919861152e+02 +1.919861152e+02 +1.437661152e+02 +1.437661152e+02 -2.2622e+00 +2.9067e+00 +6.1636e-01
6 +1.490431992e+02 +1.490431992e+02 +1.008231992e+02 +1.008231992e+02 -8.8710e-01 +3.1685e+00 -2.3295e+00
15 +7.199812794e+01 +7.199812794e+01 +2.377812794e+01 +2.377812794e+01 -5.4933e+00 +9.0914e-01 +1.6971e+00
24 +4.529677370e+01 +4.529677370e+01 -2.923226301e+00 -2.923226301e+00 -3.3463e+00 -3.1804e-01 -8.8975e-02
26 +1.956904022e+01 +1.956904022e+01 -2.865095978e+01 -2.865095978e+01 -2.2356e+00 -3.8961e-01 -3.6908e+00
59 +1.097702115e+01 +1.097702115e+01 -3.724297885e+01 -3.724297885e+01 -9.0549e-01 -1.1591e+00 -2.5326e+00
149 +9.939723509e+00 +9.939723509e+00 -3.828027649e+01 -3.828027649e+01 -1.2496e+00 -1.3525e+00 -2.2290e+00
202 +3.043600579e+00 +3.043600579e+00 -4.517639942e+01 -4.517639942e+01 -1.8638e+00 -1.0366e+00 -2.1427e+00
210 +7.494242405e-01 +7.494242405e-01 -4.747057576e+01 -4.747057576e+01 -1.8248e+00 -1.0420e+00 -2.2385e+00
215 +5.294561759e-01 +5.294561759e-01 -4.769054382e+01 -4.769054382e+01 -1.8504e+00 -9.9861e-01 -2.2014e+00
226 +1.608335773e-01 +1.608335773e-01 -4.805916642e+01 -4.805916642e+01 -1.8388e+00 -1.0204e+00 -2.2451e+00
263 +5.848991116e-02 +5.848991116e-02 -4.816151009e+01 -4.816151009e+01 -1.8384e+00 -9.9889e-01 -2.2393e+00
271 +3.169550289e-02 +3.169550289e-02 -4.818830450e+01 -4.818830450e+01 -1.8469e+00 -1.0128e+00 -2.2308e+00
298 +1.573910042e-02 +1.573910042e-02 -4.820426090e+01 -4.820426090e+01 -1.8377e+00 -1.0099e+00 -2.2413e+00
301 +5.515919414e-03 +5.515919414e-03 -4.821448408e+01 -4.821448408e+01 -1.8431e+00 -1.0065e+00 -2.2371e+00
331 +3.941765128e-03 +3.941765128e-03 -4.821605823e+01 -4.821605823e+01 -1.8419e+00 -1.0089e+00 -2.2372e+00
352 +2.037646237e-05 +2.037646237e-05 -4.821997962e+01 -4.821997962e+01 -1.8422e+00 -1.0071e+00 -2.2354e+00
478 +8.325985903e-06 +8.325985903e-06 -4.821999167e+01 -4.821999167e+01 -1.8423e+00 -1.0072e+00 -2.2352e+00
486 +2.146032678e-06 +2.146032678e-06 -4.821999785e+01 -4.821999785e+01 -1.8425e+00 -1.0072e+00 -2.2351e+00
513 +1.462571461e-06 +1.462571461e-06 -4.821999854e+01 -4.821999854e+01 -1.8424e+00 -1.0072e+00 -2.2352e+00
567 +1.164908241e-07 +1.164908241e-07 -4.821999988e+01 -4.821999988e+01 -1.8424e+00 -1.0072e+00 -2.2352e+00
599 +6.452400214e-08 +6.452400214e-08 -4.821999994e+01 -4.821999994e+01 -1.8424e+00 -1.0072e+00 -2.2352e+00
611 +4.724240910e-08 +4.724240910e-08 -4.821999995e+01 -4.821999995e+01 -1.8424e+00 -1.0072e+00 -2.2352e+00
644 +2.888420170e-08 +2.888420170e-08 -4.821999997e+01 -4.821999997e+01 -1.8424e+00 -1.0072e+00 -2.2352e+00
649 +5.645489409e-09 +5.645489409e-09 -4.821999999e+01 -4.821999999e+01 -1.8424e+00 -1.0072e+00 -2.2352e+00
652 +2.848260294e-09 +2.848260294e-09 -4.822000000e+01 -4.822000000e+01 -1.8424e+00 -1.0072e+00 -2.2352e+00
653 +1.122856474e-09 +1.122856474e-09 -4.822000000e+01 -4.822000000e+01 -1.8424e+00 -1.0072e+00 -2.2352e+00
% function evaluation | noise-free fitness - Fopt (-4.822000000000e+01) | best noise-free fitness - Fopt | measured fitness | best measured fitness | x1 | x2...
1 +2.460217387e+02 +2.460217387e+02 +1.978017387e+02 +1.978017387e+02 +1.8157e+00 +2.0878e+00 -3.4202e+00
3 +9.431699091e+01 +9.431699091e+01 +4.609699091e+01 +4.609699091e+01 +7.3517e-01 +6.6636e-02 -2.8464e+00
15 +4.921742590e+01 +4.921742590e+01 +9.974259024e-01 +9.974259024e-01 -1.3392e+00 -7.7953e-01 -9.6874e-01
33 +3.426059731e+01 +3.426059731e+01 -1.395940269e+01 -1.395940269e+01 -2.1695e+00 -2.3809e+00 -2.4607e-01
64 +1.535400519e+01 +1.535400519e+01 -3.286599481e+01 -3.286599481e+01 -3.3214e+00 -1.6628e+00 -1.2756e+00
186 +9.499459184e+00 +9.499459184e+00 -3.872054082e+01 -3.872054082e+01 -1.1173e+00 -1.3885e+00 -2.8605e+00
294 +5.422391259e+00 +5.422391259e+00 -4.279760874e+01 -4.279760874e+01 -1.1053e+00 -2.2258e+00 -2.8389e+00
1316 +3.762044026e+00 +3.762044026e+00 -4.445795597e+01 -4.445795597e+01 -1.4403e+00 -6.4349e-01 -2.6977e+00
1523 +1.174113520e+00 +1.174113520e+00 -4.704588648e+01 -4.704588648e+01 -1.8690e+00 -1.0350e+00 -2.1915e+00
1624 +9.633851108e-02 +9.633851108e-02 -4.812366149e+01 -4.812366149e+01 -1.8338e+00 -1.0013e+00 -2.2518e+00
1712 +5.038917977e-02 +5.038917977e-02 -4.816961082e+01 -4.816961082e+01 -1.8369e+00 -1.0046e+00 -2.2478e+00
1768 +1.248637329e-02 +1.248637329e-02 -4.820751363e+01 -4.820751363e+01 -1.8388e+00 -1.0079e+00 -2.2412e+00
1862 +8.693183110e-03 +8.693183110e-03 -4.821130682e+01 -4.821130682e+01 -1.8433e+00 -1.0053e+00 -2.2374e+00
1864 +5.074311512e-03 +5.074311512e-03 -4.821492569e+01 -4.821492569e+01 -1.8447e+00 -1.0066e+00 -2.2307e+00
1880 +7.407531208e-04 +7.407531208e-04 -4.821925925e+01 -4.821925925e+01 -1.8417e+00 -1.0063e+00 -2.2362e+00
1923 +4.008954012e-04 +4.008954012e-04 -4.821959910e+01 -4.821959910e+01 -1.8419e+00 -1.0067e+00 -2.2355e+00
1925 +2.962267085e-04 +2.962267085e-04 -4.821970377e+01 -4.821970377e+01 -1.8429e+00 -1.0066e+00 -2.2347e+00
1942 +2.066172878e-04 +2.066172878e-04 -4.821979338e+01 -4.821979338e+01 -1.8420e+00 -1.0068e+00 -2.2356e+00
1960 +1.391672216e-04 +1.391672216e-04 -4.821986083e+01 -4.821986083e+01 -1.8427e+00 -1.0075e+00 -2.2350e+00
1977 +7.354133086e-05 +7.354133086e-05 -4.821992646e+01 -4.821992646e+01 -1.8422e+00 -1.0074e+00 -2.2352e+00
1990 +5.486340557e-05 +5.486340557e-05 -4.821994514e+01 -4.821994514e+01 -1.8424e+00 -1.0075e+00 -2.2352e+00
2018 +2.604617963e-05 +2.604617963e-05 -4.821997395e+01 -4.821997395e+01 -1.8423e+00 -1.0073e+00 -2.2354e+00
2030 +1.004924267e-05 +1.004924267e-05 -4.821998995e+01 -4.821998995e+01 -1.8424e+00 -1.0072e+00 -2.2353e+00
2045 +2.405846402e-07 +2.405846402e-07 -4.821999976e+01 -4.821999976e+01 -1.8424e+00 -1.0072e+00 -2.2352e+00
2149 +1.009389621e-07 +1.009389621e-07 -4.821999990e+01 -4.821999990e+01 -1.8424e+00 -1.0072e+00 -2.2352e+00
2184 +5.281728477e-08 +5.281728477e-08 -4.821999995e+01 -4.821999995e+01 -1.8424e+00 -1.0072e+00 -2.2352e+00
2201 +2.000324884e-08 +2.000324884e-08 -4.821999998e+01 -4.821999998e+01 -1.8424e+00 -1.0072e+00 -2.2352e+00
2207 +1.021746954e-08 +1.021746954e-08 -4.821999999e+01 -4.821999999e+01 -1.8424e+00 -1.0072e+00 -2.2352e+00
2237 +8.742375712e-10 +8.742375712e-10 -4.822000000e+01 -4.822000000e+01 -1.8424e+00 -1.0072e+00 -2.2352e+00
% function evaluation | noise-free fitness - Fopt (2.547000000000e+01) | best noise-free fitness - Fopt | measured fitness | best measured fitness | x1 | x2...
1 +5.571508403e+01 +5.571508403e+01 +8.118508403e+01 +8.118508403e+01 -2.7993e+00 -3.0215e+00 -2.6875e+00
5 +3.134565073e+01 +3.134565073e+01 +5.681565073e+01 +5.681565073e+01 -4.3034e+00 -1.4221e+00 -2.8353e+00
22 +2.077683692e+01 +2.077683692e+01 +4.624683692e+01 +4.624683692e+01 -3.7460e+00 -1.3144e+00 -1.6494e+00
101 +1.069726867e+01 +1.069726867e+01 +3.616726867e+01 +3.616726867e+01 -2.9645e+00 -1.4779e+00 -2.3264e+00
147 +8.319596523e+00 +8.319596523e+00 +3.378959652e+01 +3.378959652e+01 -3.3064e+00 -1.8229e+00 -2.0851e+00
240 +2.416885512e+00 +2.416885512e+00 +2.788688551e+01 +2.788688551e+01 -3.3656e+00 -1.7778e+00 -2.1937e+00
1435 +1.484390600e+00 +1.484390600e+00 +2.695439060e+01 +2.695439060e+01 -3.8721e+00 -2.3574e+00 -5.0489e-01
1575 +9.976712356e-01 +9.976712356e-01 +2.646767124e+01 +2.646767124e+01 -3.9082e+00 -2.3445e+00 -4.9446e-01
2976 +4.406405552e-01 +4.406405552e-01 +2.591064056e+01 +2.591064056e+01 -3.8055e+00 -1.8876e+00 -1.1837e+00
3185 +1.109581129e-01 +1.109581129e-01 +2.558095811e+01 +2.558095811e+01 -3.7802e+00 -1.9210e+00 -1.1440e+00
3267 +9.945045130e-02 +9.945045130e-02 +2.556945045e+01 +2.556945045e+01 -3.7806e+00 -1.9243e+00 -1.1611e+00
3279 +5.677785464e-02 +5.677785464e-02 +2.552677785e+01 +2.552677785e+01 -3.7854e+00 -1.9175e+00 -1.1669e+00
3332 +6.697440999e-03 +6.697440999e-03 +2.547669744e+01 +2.547669744e+01 -3.7833e+00 -1.9124e+00 -1.1681e+00
3412 +3.877193719e-03 +3.877193719e-03 +2.547387719e+01 +2.547387719e+01 -3.7859e+00 -1.9127e+00 -1.1606e+00
3448 +7.151170850e-04 +7.151170850e-04 +2.547071512e+01 +2.547071512e+01 -3.7851e+00 -1.9117e+00 -1.1629e+00
3528 +5.161815304e-04 +5.161815304e-04 +2.547051618e+01 +2.547051618e+01 -3.7853e+00 -1.9124e+00 -1.1630e+00
3530 +2.247173184e-04 +2.247173184e-04 +2.547022472e+01 +2.547022472e+01 -3.7849e+00 -1.9121e+00 -1.1631e+00
3564 +1.456707180e-04 +1.456707180e-04 +2.547014567e+01 +2.547014567e+01 -3.7849e+00 -1.9123e+00 -1.1635e+00
3632 +6.718914153e-05 +6.718914153e-05 +2.547006719e+01 +2.547006719e+01 -3.7849e+00 -1.9117e+00 -1.1643e+00
3637 +4.986960549e-05 +4.986960549e-05 +2.547004987e+01 +2.547004987e+01 -3.7850e+00 -1.9119e+00 -1.1638e+00
3643 +7.540908079e-06 +7.540908079e-06 +2.547000754e+01 +2.547000754e+01 -3.7848e+00 -1.9120e+00 -1.1641e+00
3716 +5.144057514e-06 +5.144057514e-06 +2.547000514e+01 +2.547000514e+01 -3.7849e+00 -1.9120e+00 -1.1640e+00
3744 +3.772843659e-06 +3.772843659e-06 +2.547000377e+01 +2.547000377e+01 -3.7847e+00 -1.9120e+00 -1.1640e+00
3769 +1.696265688e-06 +1.696265688e-06 +2.547000170e+01 +2.547000170e+01 -3.7848e+00 -1.9120e+00 -1.1639e+00
3796 +2.775954648e-07 +2.775954648e-07 +2.547000028e+01 +2.547000028e+01 -3.7848e+00 -1.9120e+00 -1.1640e+00
3837 +1.161085237e-07 +1.161085237e-07 +2.547000012e+01 +2.547000012e+01 -3.7848e+00 -1.9120e+00 -1.1640e+00
3881 +8.748220637e-08 +8.748220637e-08 +2.547000009e+01 +2.547000009e+01 -3.7848e+00 -1.9120e+00 -1.1640e+00
3911 +4.819222355e-08 +4.819222355e-08 +2.547000005e+01 +2.547000005e+01 -3.7848e+00 -1.9120e+00 -1.1640e+00
3946 +2.250201803e-08 +2.250201803e-08 +2.547000002e+01 +2.547000002e+01 -3.7848e+00 -1.9120e+00 -1.1640e+00
3968 +1.357077650e-08 +1.357077650e-08 +2.547000001e+01 +2.547000001e+01 -3.7848e+00 -1.9120e+00 -1.1640e+00
4007 +9.190735284e-09 +9.190735284e-09 +2.547000001e+01 +2.547000001e+01 -3.7848e+00 -1.9120e+00 -1.1640e+00
4023 +5.487656551e-09 +5.487656551e-09 +2.547000001e+01 +2.547000001e+01 -3.7848e+00 -1.9120e+00 -1.1640e+00
4024 +2.019429957e-09 +2.019429957e-09 +2.547000000e+01 +2.547000000e+01 -3.7848e+00 -1.9120e+00 -1.1640e+00
% function evaluation | noise-free fitness - Fopt (2.547000000000e+01) | best noise-free fitness - Fopt | measured fitness | best measured fitness | x1 | x2...
1 +2.724360105e+02 +2.724360105e+02 +2.979060105e+02 +2.979060105e+02 -2.6137e+00 +1.9767e+00 -2.2148e+00
2 +9.068514181e+01 +9.068514181e+01 +1.161551418e+02 +1.161551418e+02 -2.5285e+00 +3.6637e-01 -2.5397e+00
7 +4.959025607e+01 +4.959025607e+01 +7.506025607e+01 +7.506025607e+01 -5.7481e+00 +3.0587e-01 -1.0076e-01
14 +3.612618222e+01 +3.612618222e+01 +6.159618222e+01 +6.159618222e+01 -6.2446e+00 -7.9187e-01 +2.5017e-01
31 +2.415713420e+01 +2.415713420e+01 +4.962713420e+01 +4.962713420e+01 -4.5998e+00 -1.9099e+00 -2.4246e+00
36 +1.462487263e+01 +1.462487263e+01 +4.009487263e+01 +4.009487263e+01 -3.0039e+00 -2.1548e+00 -2.6491e+00
123 +6.926652908e+00 +6.926652908e+00 +3.239665291e+01 +3.239665291e+01 -4.6733e+00 -1.1701e+00 -7.7038e-01
147 +2.464848489e+00 +2.464848489e+00 +2.793484849e+01 +2.793484849e+01 -4.0554e+00 -1.6108e+00 -6.5508e-01
1518 +1.327670378e+00 +1.327670378e+00 +2.679767038e+01 +2.679767038e+01 -4.1458e+00 -1.6316e+00 -1.7681e+00
1642 +9.995834216e-01 +9.995834216e-01 +2.646958342e+01 +2.646958342e+01 -4.1080e+00 -1.6859e+00 -1.6673e+00
7843 +5.684365284e-01 +5.684365284e-01 +2.603843653e+01 +2.603843653e+01 -3.8047e+00 -1.9181e+00 -1.1503e+00
7897 +2.928125905e-01 +2.928125905e-01 +2.576281259e+01 +2.576281259e+01 -3.7690e+00 -1.9294e+00 -1.1496e+00
7926 +2.433436920e-01 +2.433436920e-01 +2.571334369e+01 +2.571334369e+01 -3.7769e+00 -1.9264e+00 -1.1698e+00
7963 +9.623216082e-02 +9.623216082e-02 +2.556623216e+01 +2.556623216e+01 -3.7902e+00 -1.9040e+00 -1.1823e+00
8000 +5.513717718e-02 +5.513717718e-02 +2.552513718e+01 +2.552513718e+01 -3.7874e+00 -1.9040e+00 -1.1779e+00
8028 +3.562321165e-02 +3.562321165e-02 +2.550562321e+01 +2.550562321e+01 -3.7883e+00 -1.9102e+00 -1.1718e+00
8041 +1.757594214e-02 +1.757594214e-02 +2.548757594e+01 +2.548757594e+01 -3.7877e+00 -1.9135e+00 -1.1565e+00
8043 +7.268254499e-03 +7.268254499e-03 +2.547726825e+01 +2.547726825e+01 -3.7823e+00 -1.9130e+00 -1.1624e+00
8109 +3.991907638e-03 +3.991907638e-03 +2.547399191e+01 +2.547399191e+01 -3.7827e+00 -1.9121e+00 -1.1664e+00
8170 +3.694231262e-03 +3.694231262e-03 +2.547369423e+01 +2.547369423e+01 -3.7845e+00 -1.9126e+00 -1.1665e+00
8175 +1.691470678e-03 +1.691470678e-03 +2.547169147e+01 +2.547169147e+01 -3.7837e+00 -1.9126e+00 -1.1654e+00
8199 +1.268225964e-03 +1.268225964e-03 +2.547126823e+01 +2.547126823e+01 -3.7859e+00 -1.9110e+00 -1.1641e+00
8217 +5.689400840e-04 +5.689400840e-04 +2.547056894e+01 +2.547056894e+01 -3.7845e+00 -1.9118e+00 -1.1633e+00
8248 +3.783371821e-04 +3.783371821e-04 +2.547037834e+01 +2.547037834e+01 -3.7843e+00 -1.9124e+00 -1.1644e+00
8252 +2.149748241e-04 +2.149748241e-04 +2.547021497e+01 +2.547021497e+01 -3.7849e+00 -1.9119e+00 -1.1633e+00
8287 +1.977667561e-05 +1.977667561e-05 +2.547001978e+01 +2.547001978e+01 -3.7849e+00 -1.9120e+00 -1.1637e+00
8446 +1.363169194e-05 +1.363169194e-05 +2.547001363e+01 +2.547001363e+01 -3.7848e+00 -1.9120e+00 -1.1642e+00
8458 +1.564325196e-06 +1.564325196e-06 +2.547000156e+01 +2.547000156e+01 -3.7848e+00 -1.9120e+00 -1.1640e+00
8467 +2.415273350e-07 +2.415273350e-07 +2.547000024e+01 +2.547000024e+01 -3.7848e+00 -1.9120e+00 -1.1640e+00
19525 +7.394019619e-08 +7.394019619e-08 +2.547000007e+01 +2.547000007e+01 -3.7848e+00 -1.9120e+00 -1.1640e+00
19802 +2.510734376e-08 +2.510734376e-08 +2.547000003e+01 +2.547000003e+01 -3.7848e+00 -1.9120e+00 -1.1640e+00
19828 +7.921386214e-09 +7.921386214e-09 +2.547000001e+01 +2.547000001e+01 -3.7848e+00 -1.9120e+00 -1.1640e+00
19935 +9.414264923e-10 +9.414264923e-10 +2.547000000e+01 +2.547000000e+01 -3.7848e+00 -1.9120e+00 -1.1640e+00
% function evaluation | noise-free fitness - Fopt (2.547000000000e+01) | best noise-free fitness - Fopt | measured fitness | best measured fitness | x1 | x2...
1 +7.086281355e+02 +7.086281355e+02 +7.340981355e+02 +7.340981355e+02 +3.3191e+00 -3.0954e+00 -3.9256e+00
5 +5.761102135e+01 +5.761102135e+01 +8.308102135e+01 +8.308102135e+01 -2.1959e+00 -3.0738e+00 -3.2101e+00
39 +8.821644975e+00 +8.821644975e+00 +3.429164498e+01 +3.429164498e+01 -3.2829e+00 -1.7932e+00 -1.2142e+00
205 +5.161836832e+00 +5.161836832e+00 +3.063183683e+01 +3.063183683e+01 -4.4407e+00 -1.2856e+00 -1.4468e+00
247 +3.380789475e+00 +3.380789475e+00 +2.885078948e+01 +2.885078948e+01 -4.1881e+00 -1.6600e+00 -1.7762e+00
1799 +2.225791531e+00 +2.225791531e+00 +2.769579153e+01 +2.769579153e+01 -3.6153e+00 -2.6382e+00 -9.5302e-01
3909 +1.485873104e+00 +1.485873104e+00 +2.695587310e+01 +2.695587310e+01 -4.1043e+00 -1.6756e+00 -1.6432e+00
4270 +9.996287639e-01 +9.996287639e-01 +2.646962876e+01 +2.646962876e+01 -4.1045e+00 -1.6879e+00 -1.6689e+00
9634 +4.509207685e-01 +4.509207685e-01 +2.592092077e+01 +2.592092077e+01 -3.7995e+00 -1.8880e+00 -1.1970e+00
21159 +3.155200946e-01 +3.155200946e-01 +2.578552009e+01 +2.578552009e+01 -3.7925e+00 -1.9270e+00 -1.1477e+00
21446 +9.643456193e-02 +9.643456193e-02 +2.556643456e+01 +2.556643456e+01 -3.7770e+00 -1.9208e+00 -1.1684e+00
21616 +3.872266246e-02 +3.872266246e-02 +2.550872266e+01 +2.550872266e+01 -3.7826e+00 -1.9157e+00 -1.1518e+00
21627 +1.372842968e-02 +1.372842968e-02 +2.548372843e+01 +2.548372843e+01 -3.7872e+00 -1.9068e+00 -1.1672e+00
21843 +8.895654137e-03 +8.895654137e-03 +2.547889565e+01 +2.547889565e+01 -3.7855e+00 -1.9130e+00 -1.1669e+00
21889 +6.156628289e-03 +6.156628289e-03 +2.547615663e+01 +2.547615663e+01 -3.7831e+00 -1.9109e+00 -1.1644e+00
21901 +2.773205371e-03 +2.773205371e-03 +2.547277321e+01 +2.547277321e+01 -3.7845e+00 -1.9110e+00 -1.1675e+00
21903 +9.034361298e-04 +9.034361298e-04 +2.547090344e+01 +2.547090344e+01 -3.7845e+00 -1.9117e+00 -1.1631e+00
22088 +5.321796316e-04 +5.321796316e-04 +2.547053218e+01 +2.547053218e+01 -3.7854e+00 -1.9111e+00 -1.1651e+00
22137 +3.362001063e-04 +3.362001063e-04 +2.547033620e+01 +2.547033620e+01 -3.7850e+00 -1.9115e+00 -1.1650e+00
22197 +1.726884606e-04 +1.726884606e-04 +2.547017269e+01 +2.547017269e+01 -3.7847e+00 -1.9120e+00 -1.1647e+00
22201 +7.715244544e-05 +7.715244544e-05 +2.547007715e+01 +2.547007715e+01 -3.7846e+00 -1.9122e+00 -1.1642e+00
22306 +8.670392720e-06 +8.670392720e-06 +2.547000867e+01 +2.547000867e+01 -3.7848e+00 -1.9121e+00 -1.1638e+00
22468 +2.947029458e-06 +2.947029458e-06 +2.547000295e+01 +2.547000295e+01 -3.7848e+00 -1.9120e+00 -1.1639e+00
22501 +2.459949624e-06 +2.459949624e-06 +2.547000246e+01 +2.547000246e+01 -3.7848e+00 -1.9120e+00 -1.1640e+00
22614 +6.467859279e-07 +6.467859279e-07 +2.547000065e+01 +2.547000065e+01 -3.7848e+00 -1.9120e+00 -1.1640e+00
22684 +4.697488443e-07 +4.697488443e-07 +2.547000047e+01 +2.547000047e+01 -3.7848e+00 -1.9120e+00 -1.1640e+00
22785 +1.722328520e-07 +1.722328520e-07 +2.547000017e+01 +2.547000017e+01 -3.7848e+00 -1.9120e+00 -1.1640e+00
22843 +8.535362284e-08 +8.535362284e-08 +2.547000009e+01 +2.547000009e+01 -3.7848e+00 -1.9120e+00 -1.1640e+00
22900 +5.133820480e-08 +5.133820480e-08 +2.547000005e+01 +2.547000005e+01 -3.7848e+00 -1.9120e+00 -1.1640e+00
22919 +3.457789788e-08 +3.457789788e-08 +2.547000003e+01 +2.547000003e+01 -3.7848e+00 -1.9120e+00 -1.1640e+00
22931 +3.759414113e-09 +3.759414113e-09 +2.547000000e+01 +2.547000000e+01 -3.7848e+00 -1.9120e+00 -1.1640e+00
23010 +1.747793021e-09 +1.747793021e-09 +2.547000000e+01 +2.547000000e+01 -3.7848e+00 -1.9120e+00 -1.1640e+00
% function evaluation | noise-free fitness - Fopt (-1.008100000000e+02) | best noise-free fitness - Fopt | measured fitness | best measured fitness | x1 | x2...
1 +5.570828611e+02 +5.570828611e+02 +4.562728611e+02 +4.562728611e+02 -1.1151e+00 -2.1932e+00 -3.5496e+00
3 +4.465984365e+01 +4.465984365e+01 -5.615015635e+01 -5.615015635e+01 +1.4802e+00 +9.1127e-01 -8.3370e-01
15 +1.644926083e+01 +1.644926083e+01 -8.436073917e+01 -8.436073917e+01 -7.8218e-01 +1.8221e+00 -2.9945e-02
1608 +4.976912081e+00 +4.976912081e+00 -9.583308792e+01 -9.583308792e+01 +3.0239e-01 +1.1345e+00 +1.1313e+00
1710 +2.337939864e+00 +2.337939864e+00 -9.847206014e+01 -9.847206014e+01 +5.3339e-01 +1.0638e+00 +7.0661e-01
4876 +1.541664501e+00 +1.541664501e+00 -9.926833550e+01 -9.926833550e+01 +1.7494e+00 -1.7385e-01 +1.5718e+00
5093 +9.964609563e-01 +9.964609563e-01 -9.981353904e+01 -9.981353904e+01 +1.7778e+00 -1.6887e-01 +1.5862e+00
10053 +4.222241293e-01 +4.222241293e-01 -1.003877759e+02 -1.003877759e+02 +9.5431e-01 +5.0338e-01 +1.3367e+00
10126 +3.578520437e-01 +3.578520437e-01 -1.004521480e+02 -1.004521480e+02 +9.7062e-01 +4.9976e-01 +1.3127e+00
10171 +1.542558549e-01 +1.542558549e-01 -1.006557441e+02 -1.006557441e+02 +1.0133e+00 +4.7105e-01 +1.3391e+00
10186 +2.298260338e-02 +2.298260338e-02 -1.007870174e+02 -1.007870174e+02 +9.9030e-01 +4.9180e-01 +1.3384e+00
10301 +5.707664124e-03 +5.707664124e-03 -1.008042923e+02 -1.008042923e+02 +9.9270e-01 +4.8548e-01 +1.3345e+00
10398 +3.406136546e-03 +3.406136546e-03 -1.008065939e+02 -1.008065939e+02 +9.9180e-01 +4.8966e-01 +1.3328e+00
10424 +2.123348012e-03 +2.123348012e-03 -1.008078767e+02 -1.008078767e+02 +9.9348e-01 +4.8657e-01 +1.3351e+00
10476 +9.831189750e-04 +9.831189750e-04 -1.008090169e+02 -1.008090169e+02 +9.9219e-01 +4.8819e-01 +1.3349e+00
10577 +3.480808135e-04 +3.480808135e-04 -1.008096519e+02 -1.008096519e+02 +9.9148e-01 +4.8782e-01 +1.3333e+00
10583 +7.173823604e-05 +7.173823604e-05 -1.008099283e+02 -1.008099283e+02 +9.9172e-01 +4.8837e-01 +1.3335e+00
10661 +4.985611510e-05 +4.985611510e-05 -1.008099501e+02 -1.008099501e+02 +9.9228e-01 +4.8773e-01 +1.3337e+00
10706 +2.553256849e-05 +2.553256849e-05 -1.008099745e+02 -1.008099745e+02 +9.9231e-01 +4.8780e-01 +1.3337e+00
10782 +2.261571917e-05 +2.261571917e-05 -1.008099774e+02 -1.008099774e+02 +9.9182e-01 +4.8822e-01 +1.3336e+00
10811 +1.517026305e-06 +1.517026305e-06 -1.008099985e+02 -1.008099985e+02 +9.9198e-01 +4.8798e-01 +1.3336e+00
10966 +4.862892524e-07 +4.862892524e-07 -1.008099995e+02 -1.008099995e+02 +9.9200e-01 +4.8801e-01 +1.3336e+00
10983 +8.545394792e-08 +8.545394792e-08 -1.008099999e+02 -1.008099999e+02 +9.9199e-01 +4.8801e-01 +1.3336e+00
11122 +3.915612012e-08 +3.915612012e-08 -1.008100000e+02 -1.008100000e+02 +9.9200e-01 +4.8799e-01 +1.3336e+00
11247 +1.860347254e-08 +1.860347254e-08 -1.008100000e+02 -1.008100000e+02 +9.9201e-01 +4.8799e-01 +1.3336e+00
11257 +3.106762847e-09 +3.106762847e-09 -1.008100000e+02 -1.008100000e+02 +9.9200e-01 +4.8800e-01 +1.3336e+00
11282 +6.666596164e-10 +6.666596164e-10 -1.008100000e+02 -1.008100000e+02 +9.9200e-01 +4.8800e-01 +1.3336e+00
% function evaluation | noise-free fitness - Fopt (-1.008100000000e+02) | best noise-free fitness - Fopt | measured fitness | best measured fitness | x1 | x2...
1 +1.713787583e+03 +1.713787583e+03 +1.612977583e+03 +1.612977583e+03 -3.1230e+00 -3.7801e+00 -3.1318e+00
3 +5.806582997e+02 +5.806582997e+02 +4.798482997e+02 +4.798482997e+02 -3.0518e+00 -2.2605e+00 -2.3259e+00
10 +2.645818802e+02 +2.645818802e+02 +1.637718802e+02 +1.637718802e+02 -9.6842e-01 -1.4574e+00 -2.7432e+00
16 +9.611031903e+01 +9.611031903e+01 -4.699680973e+00 -4.699680973e+00 -2.4175e+00 +1.5383e+00 -1.4570e+00
37 +4.760855317e+01 +4.760855317e+01 -5.320144683e+01 -5.320144683e+01 -1.0320e+00 +1.0716e+00 +1.7690e+00
42 +2.477288735e+01 +2.477288735e+01 -7.603711265e+01 -7.603711265e+01 +2.1985e+00 +5.2323e-01 +1.9531e+00
106 +1.566379713e+01 +1.566379713e+01 -8.514620287e+01 -8.514620287e+01 +5.7436e-01 +3.3513e-01 +9.9267e-01
176 +9.169773215e+00 +9.169773215e+00 -9.164022678e+01 -9.164022678e+01 -3.9245e-01 +1.8906e+00 +8.1200e-01
349 +6.209925078e+00 +6.209925078e+00 -9.460007492e+01 -9.460007492e+01 +7.0762e-02 +1.8261e+00 +1.0263e+00
1296 +3.258482978e+00 +3.258482978e+00 -9.755151702e+01 -9.755151702e+01 +8.1832e-01 +2.0313e-01 +9.6258e-01
1789 +1.703656352e+00 +1.703656352e+00 -9.910634365e+01 -9.910634365e+01 +3.1082e-01 +1.0445e+00 +1.0919e+00
1863 +1.558256042e+00 +1.558256042e+00 -9.925174396e+01 -9.925174396e+01 +3.2308e-01 +1.0406e+00 +1.1063e+00
2070 +9.999104193e-01 +9.999104193e-01 -9.981008958e+01 -9.981008958e+01 +2.9135e-01 +1.0927e+00 +1.0858e+00
9181 +5.391883954e-01 +5.391883954e-01 -1.002708116e+02 -1.002708116e+02 +9.9298e-01 +4.7082e-01 +1.3055e+00
9229 +7.367154552e-02 +7.367154552e-02 -1.007363285e+02 -1.007363285e+02 +9.9118e-01 +4.8125e-01 +1.3350e+00
9312 +5.971277848e-02 +5.971277848e-02 -1.007502872e+02 -1.007502872e+02 +9.9430e-01 +4.9426e-01 +1.3368e+00
9352 +3.445250237e-02 +3.445250237e-02 -1.007755475e+02 -1.007755475e+02 +1.0017e+00 +4.8528e-01 +1.3379e+00
9389 +1.164869522e-02 +1.164869522e-02 -1.007983513e+02 -1.007983513e+02 +9.9665e-01 +4.8659e-01 +1.3344e+00
9401 +7.783141432e-03 +7.783141432e-03 -1.008022169e+02 -1.008022169e+02 +9.8949e-01 +4.9043e-01 +1.3311e+00
9420 +1.131183983e-03 +1.131183983e-03 -1.008088688e+02 -1.008088688e+02 +9.9030e-01 +4.8911e-01 +1.3326e+00
9523 +5.907256456e-04 +5.907256456e-04 -1.008094093e+02 -1.008094093e+02 +9.9175e-01 +4.8876e-01 +1.3334e+00
9681 +1.662920795e-04 +1.662920795e-04 -1.008098337e+02 -1.008098337e+02 +9.9127e-01 +4.8838e-01 +1.3333e+00
9695 +2.582452234e-05 +2.582452234e-05 -1.008099742e+02 -1.008099742e+02 +9.9206e-01 +4.8782e-01 +1.3336e+00
9778 +1.794443723e-05 +1.794443723e-05 -1.008099821e+02 -1.008099821e+02 +9.9177e-01 +4.8817e-01 +1.3336e+00
9814 +2.405537430e-06 +2.405537430e-06 -1.008099976e+02 -1.008099976e+02 +9.9205e-01 +4.8796e-01 +1.3336e+00
9982 +1.083733352e-06 +1.083733352e-06 -1.008099989e+02 -1.008099989e+02 +9.9195e-01 +4.8805e-01 +1.3336e+00
10033 +4.141738970e-07 +4.141738970e-07 -1.008099996e+02 -1.008099996e+02 +9.9201e-01 +4.8797e-01 +1.3336e+00
10080 +3.373660036e-07 +3.373660036e-07 -1.008099997e+02 -1.008099997e+02 +9.9198e-01 +4.8801e-01 +1.3336e+00
10081 +1.837506574e-07 +1.837506574e-07 -1.008099998e+02 -1.008099998e+02 +9.9198e-01 +4.8802e-01 +1.3336e+00
10179 +4.299872103e-08 +4.299872103e-08 -1.008100000e+02 -1.008100000e+02 +9.9199e-01 +4.8800e-01 +1.3336e+00
10245 +3.172364416e-08 +3.172364416e-08 -1.008100000e+02 -1.008100000e+02 +9.9200e-01 +4.8800e-01 +1.3336e+00
10250 +2.507961483e-08 +2.507961483e-08 -1.008100000e+02 -1.008100000e+02 +9.9201e-01 +4.8800e-01 +1.3336e+00
10286 +6.483517723e-09 +6.483517723e-09 -1.008100000e+02 -1.008100000e+02 +9.9200e-01 +4.8800e-01 +1.3336e+00
10312 +6.280799880e-09 +6.280799880e-09 -1.008100000e+02 -1.008100000e+02 +9.9200e-01 +4.8800e-01 +1.3336e+00
10340 +9.168701354e-10 +9.168701354e-10 -1.008100000e+02 -1.008100000e+02 +9.9200e-01 +4.8800e-01 +1.3336e+00
% function evaluation | noise-free fitness - Fopt (-1.008100000000e+02) | best noise-free fitness - Fopt | measured fitness | best measured fitness | x1 | x2...
1 +8.625845483e+01 +8.625845483e+01 -1.455154517e+01 -1.455154517e+01 +3.0850e+00 +2.2643e+00 +1.7849e+00
6 +5.031488754e+01 +5.031488754e+01 -5.049511246e+01 -5.049511246e+01 +4.0348e-01 +3.2058e+00 +1.4193e+00
13 +2.626006997e+01 +2.626006997e+01 -7.454993003e+01 -7.454993003e+01 -1.1325e+00 +2.3835e+00 +1.7093e+00
41 +1.237996258e+01 +1.237996258e+01 -8.843003742e+01 -8.843003742e+01 -8.1703e-01 +1.6046e+00 +3.5130e-01
94 +6.812156974e+00 +6.812156974e+00 -9.399784303e+01 -9.399784303e+01 +1.3202e+00 +1.0541e+00 +2.0559e+00
108 +4.101087710e+00 +4.101087710e+00 -9.670891229e+01 -9.670891229e+01 +1.1838e-01 +7.9179e-01 +6.6527e-01
109 +3.772397204e+00 +3.772397204e+00 -9.703760280e+01 -9.703760280e+01 +2.5087e-01 +1.0827e+00 +1.1544e+00
335 +2.464441571e+00 +2.464441571e+00 -9.834555843e+01 -9.834555843e+01 +4.4541e-01 +3.2312e-01 +1.3038e+00
1621 +1.298125388e+00 +1.298125388e+00 -9.951187461e+01 -9.951187461e+01 +1.1867e+00 +7.4120e-01 +1.6780e+00
1790 +9.998333406e-01 +9.998333406e-01 -9.981016666e+01 -9.981016666e+01 +1.1985e+00 +7.2686e-01 +1.7015e+00
16112 +1.809625156e-01 +1.809625156e-01 -1.006290375e+02 -1.006290375e+02 +9.9832e-01 +4.9374e-01 +1.3275e+00
16225 +8.920597531e-02 +8.920597531e-02 -1.007207940e+02 -1.007207940e+02 +9.9611e-01 +4.8991e-01 +1.3462e+00
16228 +5.002014508e-02 +5.002014508e-02 -1.007599799e+02 -1.007599799e+02 +9.8854e-01 +4.8920e-01 +1.3249e+00
16376 +1.053327908e-02 +1.053327908e-02 -1.007994667e+02 -1.007994667e+02 +9.8788e-01 +4.9024e-01 +1.3301e+00
16459 +3.025467127e-03 +3.025467127e-03 -1.008069745e+02 -1.008069745e+02 +9.9512e-01 +4.8634e-01 +1.3341e+00
16600 +2.502718172e-03 +2.502718172e-03 -1.008074973e+02 -1.008074973e+02 +9.9216e-01 +4.8693e-01 +1.3347e+00
16667 +9.530008856e-04 +9.530008856e-04 -1.008090470e+02 -1.008090470e+02 +9.9151e-01 +4.8911e-01 +1.3334e+00
16730 +4.333449969e-04 +4.333449969e-04 -1.008095667e+02 -1.008095667e+02 +9.9320e-01 +4.8738e-01 +1.3341e+00
16822 +2.534837155e-04 +2.534837155e-04 -1.008097465e+02 -1.008097465e+02 +9.9295e-01 +4.8739e-01 +1.3339e+00
16836 +2.493524168e-04 +2.493524168e-04 -1.008097506e+02 -1.008097506e+02 +9.9122e-01 +4.8871e-01 +1.3334e+00
16891 +1.017306472e-05 +1.017306472e-05 -1.008099898e+02 -1.008099898e+02 +9.9201e-01 +4.8794e-01 +1.3335e+00
16978 +9.028893899e-06 +9.028893899e-06 -1.008099910e+02 -1.008099910e+02 +9.9204e-01 +4.8789e-01 +1.3336e+00
17008 +4.608466767e-06 +4.608466767e-06 -1.008099954e+02 -1.008099954e+02 +9.9195e-01 +4.8806e-01 +1.3337e+00
17149 +1.241254324e-06 +1.241254324e-06 -1.008099988e+02 -1.008099988e+02 +9.9200e-01 +4.8798e-01 +1.3336e+00
17229 +1.483876986e-07 +1.483876986e-07 -1.008099999e+02 -1.008099999e+02 +9.9200e-01 +4.8800e-01 +1.3336e+00
17309 +7.508313615e-08 +7.508313615e-08 -1.008099999e+02 -1.008099999e+02 +9.9200e-01 +4.8801e-01 +1.3336e+00
17460 +5.461659214e-08 +5.461659214e-08 -1.008099999e+02 -1.008099999e+02 +9.9199e-01 +4.8801e-01 +1.3336e+00
17561 +1.342903033e-08 +1.342903033e-08 -1.008100000e+02 -1.008100000e+02 +9.9201e-01 +4.8800e-01 +1.3336e+00
17568 +9.063441553e-09 +9.063441553e-09 -1.008100000e+02 -1.008100000e+02 +9.9200e-01 +4.8800e-01 +1.3336e+00
17675 +2.581685976e-09 +2.581685976e-09 -1.008100000e+02 -1.008100000e+02 +9.9200e-01 +4.8800e-01 +1.3336e+00
