% function evaluation | noise-free fitness - Fopt (-6.211100000000e+02) | best noise-free fitness - Fopt | measured fitness | best measured fitness | x1 | x2...
1 +1.546945989e+10 +1.546945989e+10 +1.546945927e+10 +1.546945927e+10 +2.3608e-01 -3.6051e+00
2 +3.158378368e+09 +3.158378368e+09 +3.158377747e+09 +3.158377747e+09 +2.5396e+00 -2.0774e+00
4 +4.626851709e+08 +4.626851709e+08 +4.626845498e+08 +4.626845498e+08 -2.4780e+00 -4.6458e-01
14 +1.230901867e+07 +1.230901867e+07 +1.230839756e+07 +1.230839756e+07 +2.3255e-01 +1.9204e+00
21 +8.338312261e+05 +8.338312261e+05 +8.332101161e+05 +8.332101161e+05 +1.3579e+00 +3.0601e+00
32 +1.000711625e+05 +1.000711625e+05 +9.945005255e+04 +9.945005255e+04 +2.8567e+00 +4.3262e+00
71 +2.461796729e+04 +2.461796729e+04 +2.399685729e+04 +2.399685729e+04 +2.3538e+00 +3.7866e+00
87 +3.558927935e+03 +3.558927935e+03 +2.937817935e+03 +2.937817935e+03 +2.2155e+00 +3.9250e+00
116 +2.096919851e+03 +2.096919851e+03 +1.475809851e+03 +1.475809851e+03 +1.9261e+00 +4.0509e+00
119 +1.424828320e+03 +1.424828320e+03 +8.037183197e+02 +8.037183197e+02 +1.6705e+00 +4.0416e+00
120 +2.925429293e+02 +2.925429293e+02 -3.285670707e+02 -3.285670707e+02 +1.5747e+00 +4.0204e+00
135 +9.926272647e+01 +9.926272647e+01 -5.218472735e+02 -5.218472735e+02 +1.3925e+00 +3.9920e+00
150 +5.246117028e+01 +5.246117028e+01 -5.686488297e+02 -5.686488297e+02 +1.6086e+00 +4.0104e+00
165 +8.314805439e+00 +8.314805439e+00 -6.127951946e+02 -6.127951946e+02 +1.6109e+00 +4.0022e+00
191 +6.285242269e+00 +6.285242269e+00 -6.148247577e+02 -6.148247577e+02 +1.5653e+00 +4.0039e+00
475 +3.739284376e+00 +3.739284376e+00 -6.173707156e+02 -6.173707156e+02 +8.8817e-01 +3.9993e+00
482 +2.417705206e+00 +2.417705206e+00 -6.186922948e+02 -6.186922948e+02 +5.0748e-01 +3.9975e+00
548 +1.456533202e+00 +1.456533202e+00 -6.196534668e+02 -6.196534668e+02 +3.1253e-01 +3.9973e+00
549 +8.195265663e-01 +8.195265663e-01 -6.202904734e+02 -6.202904734e+02 -2.7782e-02 +3.9958e+00
557 +2.258248990e-03 +2.258248990e-03 -6.211077418e+02 -6.211077418e+02 -8.5397e-01 +3.9914e+00
644 +1.317766645e-03 +1.317766645e-03 -6.211086822e+02 -6.211086822e+02 -8.7464e-01 +3.9913e+00
656 +1.447834767e-04 +1.447834767e-04 -6.211098552e+02 -6.211098552e+02 -8.9777e-01 +3.9912e+00
700 +1.601474696e-05 +1.601474696e-05 -6.211099840e+02 -6.211099840e+02 -8.9342e-01 +3.9912e+00
706 +1.098752307e-05 +1.098752307e-05 -6.211099890e+02 -6.211099890e+02 -8.9069e-01 +3.9912e+00
711 +9.734061791e-06 +9.734061791e-06 -6.211099903e+02 -6.211099903e+02 -8.8889e-01 +3.9912e+00
734 +2.744979497e-06 +2.744979497e-06 -6.211099973e+02 -6.211099973e+02 -8.9272e-01 +3.9912e+00
747 +9.045096476e-07 +9.045096476e-07 -6.211099991e+02 -6.211099991e+02 -8.9105e-01 +3.9912e+00
780 +4.942895657e-07 +4.942895657e-07 -6.211099995e+02 -6.211099995e+02 -8.9267e-01 +3.9912e+00
785 +1.728827783e-07 +1.728827783e-07 -6.211099998e+02 -6.211099998e+02 -8.9232e-01 +3.9912e+00
793 +1.014390136e-07 +1.014390136e-07 -6.211099999e+02 -6.211099999e+02 -8.9212e-01 +3.9912e+00
813 +1.341425104e-08 +1.341425104e-08 -6.211100000e+02 -6.211100000e+02 -8.9195e-01 +3.9912e+00
849 +9.709992810e-10 +9.709992810e-10 -6.211100000e+02 -6.211100000e+02 -8.9197e-01 +3.9912e+00
850 +5.877609510e-11 +5.877609510e-11 -6.211100000e+02 -6.211100000e+02 -8.9200e-01 +3.9912e+00
% function evaluation | noise-free fitness - Fopt (-6.211100000000e+02) | best noise-free fitness - Fopt | measured fitness | best measured fitness | x1 | x2...
1 +7.203868481e+09 +7.203868481e+09 +7.203867860e+09 +7.203867860e+09 +2.2434e+00 -2.8486e+00
2 +9.415323580e+08 +9.415323580e+08 +9.415317369e+08 +9.415317369e+08 +4.5683e+00 -1.0193e+00
6 +8.365445722e+07 +8.365445722e+07 +8.365383611e+07 +8.365383611e+07 +4.3125e+00 +7.9294e-01
9 +1.588320381e+07 +1.588320381e+07 +1.588258270e+07 +1.588258270e+07 +2.7572e+00 +1.7925e+00
10 +3.102823792e+04 +3.102823792e+04 +3.040712792e+04 +3.040712792e+04 +7.1870e+00 +3.7891e+00
40 +6.700102976e+03 +6.700102976e+03 +6.078992976e+03 +6.078992976e+03 +1.4101e+01 +4.1462e+00
48 +5.902958505e+03 +5.902958505e+03 +5.281848505e+03 +5.281848505e+03 +1.2177e+01 +4.1319e+00
85 +1.093503207e+03 +1.093503207e+03 +4.723932069e+02 +4.723932069e+02 +9.8113e+00 +4.0757e+00
90 +4.388556812e+02 +4.388556812e+02 -1.822543188e+02 -1.822543188e+02 +9.6568e+00 +4.0255e+00
112 +1.577844884e+02 +1.577844884e+02 -4.633255116e+02 -4.633255116e+02 +9.2956e+00 +4.0492e+00
418 +9.837167722e+01 +9.837167722e+01 -5.227383228e+02 -5.227383228e+02 +9.0260e+00 +4.0405e+00
478 +6.133277200e+01 +6.133277200e+01 -5.597772280e+02 -5.597772280e+02 +6.7509e+00 +4.0275e+00
494 +3.600822166e+01 +3.600822166e+01 -5.851017783e+02 -5.851017783e+02 +4.5671e+00 +4.0208e+00
504 +1.435883150e+01 +1.435883150e+01 -6.067511685e+02 -6.067511685e+02 +2.3298e+00 +4.0052e+00
533 +6.948373059e+00 +6.948373059e+00 -6.141616269e+02 -6.141616269e+02 +1.5733e+00 +4.0025e+00
543 +4.539807945e+00 +4.539807945e+00 -6.165701921e+02 -6.165701921e+02 +1.2367e+00 +4.0017e+00
553 +2.717362217e+00 +2.717362217e+00 -6.183926378e+02 -6.183926378e+02 -5.0187e-01 +3.9915e+00
558 +2.238739781e+00 +2.238739781e+00 -6.188712602e+02 -6.188712602e+02 +5.8964e-01 +3.9984e+00
565 +8.316479250e-01 +8.316479250e-01 -6.202783521e+02 -6.202783521e+02 -5.9798e-01 +3.9935e+00
568 +6.199553465e-01 +6.199553465e-01 -6.204900447e+02 -6.204900447e+02 -1.5003e+00 +3.9886e+00
587 +5.762063978e-02 +5.762063978e-02 -6.210523794e+02 -6.210523794e+02 -6.5213e-01 +3.9924e+00
615 +1.038732621e-02 +1.038732621e-02 -6.210996127e+02 -6.210996127e+02 -9.7017e-01 +3.9909e+00
636 +2.154065274e-03 +2.154065274e-03 -6.211078459e+02 -6.211078459e+02 -9.1933e-01 +3.9910e+00
648 +1.506176224e-03 +1.506176224e-03 -6.211084938e+02 -6.211084938e+02 -9.2665e-01 +3.9910e+00
665 +5.772503251e-04 +5.772503251e-04 -6.211094227e+02 -6.211094227e+02 -8.6964e-01 +3.9913e+00
671 +1.992312710e-04 +1.992312710e-04 -6.211098008e+02 -6.211098008e+02 -8.7917e-01 +3.9913e+00
681 +1.213288339e-04 +1.213288339e-04 -6.211098787e+02 -6.211098787e+02 -8.8279e-01 +3.9913e+00
693 +3.829038099e-05 +3.829038099e-05 -6.211099617e+02 -6.211099617e+02 -8.8591e-01 +3.9912e+00
696 +1.039271626e-05 +1.039271626e-05 -6.211099896e+02 -6.211099896e+02 -8.8905e-01 +3.9912e+00
714 +7.314243703e-06 +7.314243703e-06 -6.211099927e+02 -6.211099927e+02 -8.9428e-01 +3.9912e+00
743 +3.229110348e-06 +3.229110348e-06 -6.211099968e+02 -6.211099968e+02 -8.9290e-01 +3.9912e+00
778 +5.147840056e-07 +5.147840056e-07 -6.211099995e+02 -6.211099995e+02 -8.9215e-01 +3.9912e+00
821 +3.640884643e-07 +3.640884643e-07 -6.211099996e+02 -6.211099996e+02 -8.9225e-01 +3.9912e+00
837 +9.641235010e-08 +9.641235010e-08 -6.211099999e+02 -6.211099999e+02 -8.9173e-01 +3.9912e+00
842 +5.367257927e-08 +5.367257927e-08 -6.211099999e+02 -6.211099999e+02 -8.9186e-01 +3.9912e+00
859 +1.865134891e-08 +1.865134891e-08 -6.211100000e+02 -6.211100000e+02 -8.9187e-01 +3.9912e+00
861 +1.302294095e-08 +1.302294095e-08 -6.211100000e+02 -6.211100000e+02 -8.9211e-01 +3.9912e+00
874 +3.489503797e-09 +3.489503797e-09 -6.211100000e+02 -6.211100000e+02 -8.9195e-01 +3.9912e+00
% function evaluation | noise-free fitness - Fopt (-6.211100000000e+02) | best noise-free fitness - Fopt | measured fitness | best measured fitness | x1 | x2...
1 +6.382331932e+09 +6.382331932e+09 +6.382331311e+09 +6.382331311e+09 +3.0598e+00 -2.7307e+00
2 +1.068420320e+09 +1.068420320e+09 +1.068419699e+09 +1.068419699e+09 +5.1952e+00 -1.1232e+00
3 +3.012049598e+08 +3.012049598e+08 +3.012043387e+08 +3.012043387e+08 +3.3043e+00 -1.1916e-01
9 +7.731063497e+07 +7.731063497e+07 +7.731001386e+07 +7.731001386e+07 +3.4797e+00 +8.4276e-01
10 +5.844408611e+07 +5.844408611e+07 +5.844346500e+07 +5.844346500e+07 +7.0825e+00 +1.0348e+00
14 +1.655022746e+06 +1.655022746e+06 +1.654401636e+06 +1.654401636e+06 +5.9672e+00 +2.8407e+00
20 +7.141794627e+05 +7.141794627e+05 +7.135583527e+05 +7.135583527e+05 +4.7754e+00 +3.1236e+00
21 +2.765534774e+05 +2.765534774e+05 +2.759323674e+05 +2.759323674e+05 +3.2199e+00 +3.3795e+00
46 +1.612707284e+05 +1.612707284e+05 +1.606496184e+05 +1.606496184e+05 +9.2290e+00 +4.4430e+00
48 +7.461296613e+04 +7.461296613e+04 +7.399185613e+04 +7.399185613e+04 +6.5549e+00 +3.6621e+00
50 +4.094528133e+03 +4.094528133e+03 +3.473418133e+03 +3.473418133e+03 +9.8533e+00 +3.9670e+00
56 +2.359299907e+03 +2.359299907e+03 +1.738189907e+03 +1.738189907e+03 +1.1073e+01 +4.0977e+00
81 +6.406557858e+02 +6.406557858e+02 +1.954578578e+01 +1.954578578e+01 +8.9488e+00 +4.0168e+00
86 +1.933532594e+02 +1.933532594e+02 -4.277567406e+02 -4.277567406e+02 +1.0932e+01 +4.0426e+00
98 +1.467003493e+02 +1.467003493e+02 -4.744096507e+02 -4.744096507e+02 +7.4133e+00 +4.0413e+00
153 +7.894892305e+01 +7.894892305e+01 -5.421610769e+02 -5.421610769e+02 +7.2788e+00 +4.0353e+00
207 +5.403178812e+01 +5.403178812e+01 -5.670782119e+02 -5.670782119e+02 +6.4543e+00 +4.0280e+00
351 +3.598799457e+01 +3.598799457e+01 -5.851220054e+02 -5.851220054e+02 +5.1041e+00 +4.0212e+00
372 +2.281029231e+01 +2.281029231e+01 -5.982997077e+02 -5.982997077e+02 +3.8783e+00 +4.0151e+00
382 +1.396449904e+01 +1.396449904e+01 -6.071455010e+02 -6.071455010e+02 +2.7039e+00 +4.0101e+00
440 +8.898326246e+00 +8.898326246e+00 -6.122116738e+02 -6.122116738e+02 +2.0619e+00 +4.0055e+00
446 +3.846164185e+00 +3.846164185e+00 -6.172638358e+02 -6.172638358e+02 +9.5641e-01 +3.9997e+00
447 +5.068366282e-02 +5.068366282e-02 -6.210593163e+02 -6.210593163e+02 -9.9688e-01 +3.9909e+00
547 +3.485255670e-02 +3.485255670e-02 -6.210751474e+02 -6.210751474e+02 -8.8675e-01 +3.9910e+00
580 +9.719610327e-03 +9.719610327e-03 -6.211002804e+02 -6.211002804e+02 -9.4544e-01 +3.9908e+00
583 +1.828369571e-03 +1.828369571e-03 -6.211081716e+02 -6.211081716e+02 -9.0451e-01 +3.9911e+00
604 +1.212308475e-03 +1.212308475e-03 -6.211087877e+02 -6.211087877e+02 -9.0227e-01 +3.9911e+00
629 +2.045540729e-04 +2.045540729e-04 -6.211097954e+02 -6.211097954e+02 -8.9549e-01 +3.9912e+00
635 +9.524592826e-05 +9.524592826e-05 -6.211099048e+02 -6.211099048e+02 -8.9410e-01 +3.9912e+00
643 +3.475815220e-06 +3.475815220e-06 -6.211099965e+02 -6.211099965e+02 -8.9375e-01 +3.9912e+00
707 +9.609896097e-07 +9.609896097e-07 -6.211099990e+02 -6.211099990e+02 -8.9125e-01 +3.9912e+00
718 +5.594944241e-07 +5.594944241e-07 -6.211099994e+02 -6.211099994e+02 -8.9275e-01 +3.9912e+00
741 +2.186699248e-07 +2.186699248e-07 -6.211099998e+02 -6.211099998e+02 -8.9237e-01 +3.9912e+00
746 +8.618906122e-08 +8.618906122e-08 -6.211099999e+02 -6.211099999e+02 -8.9224e-01 +3.9912e+00
759 +2.198407856e-08 +2.198407856e-08 -6.211100000e+02 -6.211100000e+02 -8.9208e-01 +3.9912e+00
763 +1.487273948e-08 +1.487273948e-08 -6.211100000e+02 -6.211100000e+02 -8.9189e-01 +3.9912e+00
771 +7.699327398e-09 +7.699327398e-09 -6.211100000e+02 -6.211100000e+02 -8.9200e-01 +3.9912e+00
% function evaluation | noise-free fitness - Fopt (-2.548200000000e+02) | best noise-free fitness - Fopt | measured fitness | best measured fitness | x1 | x2...
1 +4.209629046e+08 +4.209629046e+08 +4.209626497e+08 +4.209626497e+08 -8.8802e-01 +7.1235e-01
2 +2.986408087e+07 +2.986408087e+07 +2.986382605e+07 +2.986382605e+07 +3.6948e+00 -7.7399e-01
3 +1.183227895e+03 +1.183227895e+03 +9.284078954e+02 +9.284078954e+02 +1.8782e+00 +4.0051e+00
62 +1.152457003e+02 +1.152457003e+02 -1.395742997e+02 -1.395742997e+02 +1.7877e+00 +4.0250e+00
137 +7.490164305e+01 +7.490164305e+01 -1.799183570e+02 -1.799183570e+02 +3.4680e+00 +3.7335e+00
145 +1.719752793e+01 +1.719752793e+01 -2.376224721e+02 -2.376224721e+02 +4.1766e+00 +3.7649e+00
221 +1.293378582e+01 +1.293378582e+01 -2.418862142e+02 -2.418862142e+02 +6.9981e+00 +3.7623e+00
316 +9.275683519e+00 +9.275683519e+00 -2.455443165e+02 -2.455443165e+02 +6.5625e+00 +3.7619e+00
426 +6.264608870e+00 +6.264608870e+00 -2.485553911e+02 -2.485553911e+02 +6.1991e+00 +3.7603e+00
440 +3.517786204e+00 +3.517786204e+00 -2.513022138e+02 -2.513022138e+02 +5.6155e+00 +3.7609e+00
442 +2.421914008e+00 +2.421914008e+00 -2.523980860e+02 -2.523980860e+02 +4.9624e+00 +3.7618e+00
459 +8.947426457e-01 +8.947426457e-01 -2.539252574e+02 -2.539252574e+02 +4.4328e+00 +3.7602e+00
474 +3.022812871e-02 +3.022812871e-02 -2.547897719e+02 -2.547897719e+02 +3.9023e+00 +3.7607e+00
556 +1.408033317e-02 +1.408033317e-02 -2.548059197e+02 -2.548059197e+02 +3.8590e+00 +3.7608e+00
569 +3.213481157e-03 +3.213481157e-03 -2.548167865e+02 -2.548167865e+02 +3.7964e+00 +3.7608e+00
586 +2.494647954e-03 +2.494647954e-03 -2.548175054e+02 -2.548175054e+02 +3.7839e+00 +3.7608e+00
614 +4.107657437e-04 +4.107657437e-04 -2.548195892e+02 -2.548195892e+02 +3.7443e+00 +3.7608e+00
616 +2.253663267e-04 +2.253663267e-04 -2.548197746e+02 -2.548197746e+02 +3.7558e+00 +3.7608e+00
652 +1.354044799e-04 +1.354044799e-04 -2.548198646e+02 -2.548198646e+02 +3.7514e+00 +3.7608e+00
656 +3.565504218e-05 +3.565504218e-05 -2.548199643e+02 -2.548199643e+02 +3.7442e+00 +3.7608e+00
677 +2.100007404e-05 +2.100007404e-05 -2.548199790e+02 -2.548199790e+02 +3.7434e+00 +3.7608e+00
681 +7.027959953e-06 +7.027959953e-06 -2.548199930e+02 -2.548199930e+02 +3.7428e+00 +3.7608e+00
694 +3.917918349e-06 +3.917918349e-06 -2.548199961e+02 -2.548199961e+02 +3.7414e+00 +3.7608e+00
702 +2.264053279e-06 +2.264053279e-06 -2.548199977e+02 -2.548199977e+02 +3.7411e+00 +3.7608e+00
705 +5.297796690e-07 +5.297796690e-07 -2.548199995e+02 -2.548199995e+02 +3.7413e+00 +3.7608e+00
747 +8.786003036e-09 +8.786003036e-09 -2.548200000e+02 -2.548200000e+02 +3.7408e+00 +3.7608e+00
% function evaluation | noise-free fitness - Fopt (-2.548200000000e+02) | best noise-free fitness - Fopt | measured fitness | best measured fitness | x1 | x2...
1 +9.753332531e+07 +9.753332531e+07 +9.753307049e+07 +9.753307049e+07 +5.1664e-01 +8.7969e-01
2 +1.323393281e+07 +1.323393281e+07 +1.323367799e+07 +1.323367799e+07 +4.0276e+00 +2.9681e-01
3 +8.637662070e+06 +8.637662070e+06 +8.637407250e+06 +8.637407250e+06 +2.1303e+00 +1.8606e+00
8 +8.447793343e+05 +8.447793343e+05 +8.445245143e+05 +8.445245143e+05 +3.6019e+00 +4.6799e+00
20 +1.079949137e+05 +1.079949137e+05 +1.077400937e+05 +1.077400937e+05 +5.9510e+00 +4.0894e+00
24 +4.411039783e+02 +4.411039783e+02 +1.862839783e+02 +1.862839783e+02 +3.8926e+00 +3.7398e+00
80 +3.567924197e+02 +3.567924197e+02 +1.019724197e+02 +1.019724197e+02 +6.6466e+00 +3.7795e+00
101 +3.771969734e+01 +3.771969734e+01 -2.171003027e+02 -2.171003027e+02 +6.8152e+00 +3.7555e+00
137 +1.184622436e+01 +1.184622436e+01 -2.429737756e+02 -2.429737756e+02 +6.9051e+00 +3.7622e+00
330 +9.990827229e+00 +9.990827229e+00 -2.448291728e+02 -2.448291728e+02 +6.9012e+00 +3.7607e+00
471 +6.062884441e+00 +6.062884441e+00 -2.487571156e+02 -2.487571156e+02 +6.0892e+00 +3.7601e+00
499 +6.256431534e-01 +6.256431534e-01 -2.541943568e+02 -2.541943568e+02 +4.4572e+00 +3.7605e+00
500 +3.328391193e-01 +3.328391193e-01 -2.544871609e+02 -2.544871609e+02 +3.9516e+00 +3.7603e+00
505 +1.707472698e-01 +1.707472698e-01 -2.546492527e+02 -2.546492527e+02 +3.8466e+00 +3.7604e+00
532 +1.261866078e-01 +1.261866078e-01 -2.546938134e+02 -2.546938134e+02 +3.7713e+00 +3.7612e+00
542 +1.579036265e-02 +1.579036265e-02 -2.548042096e+02 -2.548042096e+02 +3.8092e+00 +3.7607e+00
580 +7.988018840e-03 +7.988018840e-03 -2.548120120e+02 -2.548120120e+02 +3.7874e+00 +3.7607e+00
600 +5.932257753e-03 +5.932257753e-03 -2.548140677e+02 -2.548140677e+02 +3.8112e+00 +3.7608e+00
622 +1.596197026e-03 +1.596197026e-03 -2.548184038e+02 -2.548184038e+02 +3.7800e+00 +3.7608e+00
668 +5.350065711e-04 +5.350065711e-04 -2.548194650e+02 -2.548194650e+02 +3.7572e+00 +3.7608e+00
677 +1.350612218e-04 +1.350612218e-04 -2.548198649e+02 -2.548198649e+02 +3.7484e+00 +3.7608e+00
710 +6.814254425e-05 +6.814254425e-05 -2.548199319e+02 -2.548199319e+02 +3.7491e+00 +3.7608e+00
719 +2.001377143e-05 +2.001377143e-05 -2.548199800e+02 -2.548199800e+02 +3.7449e+00 +3.7608e+00
739 +1.179883301e-05 +1.179883301e-05 -2.548199882e+02 -2.548199882e+02 +3.7442e+00 +3.7608e+00
755 +6.849009850e-06 +6.849009850e-06 -2.548199932e+02 -2.548199932e+02 +3.7434e+00 +3.7608e+00
762 +3.636883861e-06 +3.636883861e-06 -2.548199964e+02 -2.548199964e+02 +3.7424e+00 +3.7608e+00
769 +5.736555124e-07 +5.736555124e-07 -2.548199994e+02 -2.548199994e+02 +3.7415e+00 +3.7608e+00
791 +2.722845807e-07 +2.722845807e-07 -2.548199997e+02 -2.548199997e+02 +3.7412e+00 +3.7608e+00
801 +1.494363175e-07 +1.494363175e-07 -2.548199999e+02 -2.548199999e+02 +3.7412e+00 +3.7608e+00
812 +5.180271501e-08 +5.180271501e-08 -2.548199999e+02 -2.548199999e+02 +3.7407e+00 +3.7608e+00
824 +2.267572086e-08 +2.267572086e-08 -2.548200000e+02 -2.548200000e+02 +3.7408e+00 +3.7608e+00
831 +1.077634693e-08 +1.077634693e-08 -2.548200000e+02 -2.548200000e+02 +3.7407e+00 +3.7608e+00
853 +6.584173207e-10 +6.584173207e-10 -2.548200000e+02 -2.548200000e+02 +3.7408e+00 +3.7608e+00
% function evaluation | noise-free fitness - Fopt (-2.548200000000e+02) | best noise-free fitness - Fopt | measured fitness | best measured fitness | x1 | x2...
1 +5.582012216e+08 +5.582012216e+08 +5.582009668e+08 +5.582009668e+08 +1.8246e+00 -3.8516e+00
2 +1.547339368e+08 +1.547339368e+08 +1.547336820e+08 +1.547336820e+08 +3.7955e+00 -3.9788e+00
9 +2.677816139e+07 +2.677816139e+07 +2.677790657e+07 +2.677790657e+07 +5.1576e+00 -1.3315e+00
15 +3.266997424e+06 +3.266997424e+06 +3.266742604e+06 +3.266742604e+06 +6.9213e+00 +1.9533e+00
22 +2.050159407e+06 +2.050159407e+06 +2.049904587e+06 +2.049904587e+06 +7.2290e+00 +5.1926e+00
35 +2.458372356e+03 +2.458372356e+03 +2.203552356e+03 +2.203552356e+03 +6.5870e+00 +3.7113e+00
143 +1.770229136e+02 +1.770229136e+02 -7.779708641e+01 -7.779708641e+01 +1.3113e+01 +3.7702e+00
159 +5.958699145e+01 +5.958699145e+01 -1.952330085e+02 -1.952330085e+02 +1.0078e+01 +3.7564e+00
432 +3.780230822e+01 +3.780230822e+01 -2.170176918e+02 -2.170176918e+02 +9.7055e+00 +3.7593e+00
443 +2.406023618e+01 +2.406023618e+01 -2.307597638e+02 -2.307597638e+02 +8.6424e+00 +3.7610e+00
453 +8.211360944e+00 +8.211360944e+00 -2.466086391e+02 -2.466086391e+02 +6.4702e+00 +3.7599e+00
460 +3.912775587e+00 +3.912775587e+00 -2.509072244e+02 -2.509072244e+02 +5.4589e+00 +3.7618e+00
478 +2.022538085e+00 +2.022538085e+00 -2.527974619e+02 -2.527974619e+02 +5.1023e+00 +3.7604e+00
479 +6.921118771e-01 +6.921118771e-01 -2.541278881e+02 -2.541278881e+02 +4.0581e+00 +3.7616e+00
482 +4.107584494e-01 +4.107584494e-01 -2.544092416e+02 -2.544092416e+02 +4.2598e+00 +3.7604e+00
485 +1.758112792e-01 +1.758112792e-01 -2.546441887e+02 -2.546441887e+02 +4.1389e+00 +3.7609e+00
567 +7.463484194e-02 +7.463484194e-02 -2.547453652e+02 -2.547453652e+02 +3.9249e+00 +3.7610e+00
595 +3.982216582e-02 +3.982216582e-02 -2.547801778e+02 -2.547801778e+02 +3.8784e+00 +3.7609e+00
599 +8.627093688e-03 +8.627093688e-03 -2.548113729e+02 -2.548113729e+02 +3.8057e+00 +3.7609e+00
625 +2.730764086e-03 +2.730764086e-03 -2.548172692e+02 -2.548172692e+02 +3.7900e+00 +3.7608e+00
642 +2.118969522e-03 +2.118969522e-03 -2.548178810e+02 -2.548178810e+02 +3.7754e+00 +3.7608e+00
655 +1.044109380e-03 +1.044109380e-03 -2.548189559e+02 -2.548189559e+02 +3.7433e+00 +3.7608e+00
659 +1.539993523e-04 +1.539993523e-04 -2.548198460e+02 -2.548198460e+02 +3.7476e+00 +3.7608e+00
695 +6.397231209e-05 +6.397231209e-05 -2.548199360e+02 -2.548199360e+02 +3.7433e+00 +3.7608e+00
696 +2.302022241e-05 +2.302022241e-05 -2.548199770e+02 -2.548199770e+02 +3.7456e+00 +3.7608e+00
698 +9.439368682e-07 +9.439368682e-07 -2.548199991e+02 -2.548199991e+02 +3.7403e+00 +3.7608e+00
765 +2.098192624e-07 +2.098192624e-07 -2.548199998e+02 -2.548199998e+02 +3.7413e+00 +3.7608e+00
784 +2.843717084e-08 +2.843717084e-08 -2.548200000e+02 -2.548200000e+02 +3.7409e+00 +3.7608e+00
800 +4.823334621e-09 +4.823334621e-09 -2.548200000e+02 -2.548200000e+02 +3.7408e+00 +3.7608e+00
% function evaluation | noise-free fitness - Fopt (5.661000000000e+01) | best noise-free fitness - Fopt | measured fitness | best measured fitness | x1 | x2...
1 +1.979967842e+09 +1.979967842e+09 +1.979967899e+09 +1.979967899e+09 -3.7247e+00 +3.7725e+00
2 +4.733335560e+08 +4.733335560e+08 +4.733336126e+08 +4.733336126e+08 -1.2455e+00 +1.6169e+00
16 +2.191751149e+08 +2.191751149e+08 +2.191751715e+08 +2.191751715e+08 -5.3220e+00 +2.4926e+00
19 +6.705867950e+06 +6.705867950e+06 +6.705924560e+06 +6.705924560e+06 -4.9119e+00 +2.1032e-01
20 +1.496184582e+06 +1.496184582e+06 +1.496241192e+06 +1.496241192e+06 -7.0558e+00 -1.3841e+00
29 +4.069725594e+04 +4.069725594e+04 +4.075386594e+04 +4.075386594e+04 -5.0597e+00 -1.5059e+00
41 +1.934499097e+04 +1.934499097e+04 +1.940160097e+04 +1.940160097e+04 -6.6036e+00 -1.3139e-01
44 +1.324208175e+04 +1.324208175e+04 +1.329869175e+04 +1.329869175e+04 -6.2771e+00 -3.3850e-01
46 +1.101295873e+02 +1.101295873e+02 +1.667395873e+02 +1.667395873e+02 -6.4745e+00 -3.1715e-01
81 +4.685582328e+01 +4.685582328e+01 +1.034658233e+02 +1.034658233e+02 -5.9388e+00 -6.4520e-01
87 +1.902984309e+01 +1.902984309e+01 +7.563984309e+01 +7.563984309e+01 -5.1470e+00 -1.1679e+00
119 +7.688236966e+00 +7.688236966e+00 +6.429823697e+01 +6.429823697e+01 -5.7362e+00 -7.7128e-01
155 +5.976880678e+00 +5.976880678e+00 +6.258688068e+01 +6.258688068e+01 -5.7779e+00 -7.4287e-01
743 +3.971754584e+00 +3.971754584e+00 +6.058175458e+01 +6.058175458e+01 -5.4079e+00 -9.8934e-01
1111 +2.509159568e+00 +2.509159568e+00 +5.911915957e+01 +5.911915957e+01 -5.0752e+00 -1.2243e+00
1213 +1.553388136e+00 +1.553388136e+00 +5.816338814e+01 +5.816338814e+01 -4.8008e+00 -1.4304e+00
1429 +9.620942714e-01 +9.620942714e-01 +5.757209427e+01 +5.757209427e+01 -4.5998e+00 -1.5908e+00
1684 +6.289687825e-01 +6.289687825e-01 +5.723896878e+01 +5.723896878e+01 -4.4533e+00 -1.7135e+00
1869 +3.747799638e-01 +3.747799638e-01 +5.698477996e+01 +5.698477996e+01 -4.3134e+00 -1.8364e+00
1999 +2.438999245e-01 +2.438999245e-01 +5.685389992e+01 +5.685389992e+01 -4.2232e+00 -1.9188e+00
2219 +1.578299709e-01 +1.578299709e-01 +5.676782997e+01 +5.676782997e+01 -4.1465e+00 -1.9912e+00
2354 +9.779510868e-02 +9.779510868e-02 +5.670779511e+01 +5.670779511e+01 -4.0823e+00 -2.0534e+00
2444 +5.764246413e-02 +5.764246413e-02 +5.666764246e+01 +5.666764246e+01 -4.0315e+00 -2.1037e+00
2467 +3.528307937e-02 +3.528307937e-02 +5.664528308e+01 +5.664528308e+01 -3.9921e+00 -2.1430e+00
2523 +7.498681996e-03 +7.498681996e-03 +5.661749868e+01 +5.661749868e+01 -3.8949e+00 -2.2402e+00
2584 +6.187506685e-03 +6.187506685e-03 +5.661618751e+01 +5.661618751e+01 -3.9045e+00 -2.2308e+00
2616 +3.791068335e-03 +3.791068335e-03 +5.661379107e+01 +5.661379107e+01 -3.8969e+00 -2.2384e+00
2758 +2.291287049e-03 +2.291287049e-03 +5.661229129e+01 +5.661229129e+01 -3.8871e+00 -2.2479e+00
2809 +1.372328479e-03 +1.372328479e-03 +5.661137233e+01 +5.661137233e+01 -3.8795e+00 -2.2552e+00
2871 +9.459590669e-04 +9.459590669e-04 +5.661094596e+01 +5.661094596e+01 -3.8742e+00 -2.2602e+00
2975 +5.808860495e-04 +5.808860495e-04 +5.661058089e+01 +5.661058089e+01 -3.8696e+00 -2.2645e+00
3062 +3.934685562e-04 +3.934685562e-04 +5.661039347e+01 +5.661039347e+01 -3.8661e+00 -2.2678e+00
3206 +2.359147233e-04 +2.359147233e-04 +5.661023591e+01 +5.661023591e+01 -3.8629e+00 -2.2707e+00
3244 +1.486743863e-04 +1.486743863e-04 +5.661014867e+01 +5.661014867e+01 -3.8605e+00 -2.2728e+00
3465 +9.993503343e-05 +9.993503343e-05 +5.661009994e+01 +5.661009994e+01 -3.8590e+00 -2.2742e+00
3564 +6.035647272e-05 +6.035647272e-05 +5.661006036e+01 +5.661006036e+01 -3.8573e+00 -2.2757e+00
3663 +3.799880204e-05 +3.799880204e-05 +5.661003800e+01 +5.661003800e+01 -3.8559e+00 -2.2769e+00
4488 +1.750420623e-06 +1.750420623e-06 +5.661000175e+01 +5.661000175e+01 -3.8503e+00 -2.2814e+00
4575 +6.190537079e-07 +6.190537079e-07 +5.661000062e+01 +5.661000062e+01 -3.8510e+00 -2.2810e+00
4595 +1.603720747e-07 +1.603720747e-07 +5.661000016e+01 +5.661000016e+01 -3.8512e+00 -2.2808e+00
4597 +1.301618013e-07 +1.301618013e-07 +5.661000013e+01 +5.661000013e+01 -3.8509e+00 -2.2810e+00
4605 +1.443597597e-08 +1.443597597e-08 +5.661000001e+01 +5.661000001e+01 -3.8511e+00 -2.2808e+00
4644 +1.681186745e-09 +1.681186745e-09 +5.661000000e+01 +5.661000000e+01 -3.8512e+00 -2.2808e+00
% function evaluation | noise-free fitness - Fopt (5.661000000000e+01) | best noise-free fitness - Fopt | measured fitness | best measured fitness | x1 | x2...
1 +7.090183880e+07 +7.090183880e+07 +7.090189541e+07 +7.090189541e+07 +2.5671e-01 -4.9837e-01
2 +3.714856142e+07 +3.714856142e+07 +3.714861803e+07 +3.714861803e+07 +2.4658e+00 -1.9460e+00
8 +4.360970149e+06 +4.360970149e+06 +4.361026759e+06 +4.361026759e+06 +2.2655e+00 -4.2838e+00
17 +7.276843475e+05 +7.276843475e+05 +7.277409575e+05 +7.277409575e+05 +2.1086e+00 -5.7334e+00
37 +4.569974242e+05 +4.569974242e+05 +4.570540342e+05 +4.570540342e+05 +2.3953e+00 -6.1733e+00
38 +3.538163667e+05 +3.538163667e+05 +3.538729767e+05 +3.538729767e+05 +7.7944e-02 -4.5163e+00
42 +1.294675799e+05 +1.294675799e+05 +1.295241899e+05 +1.295241899e+05 +4.9151e-01 -5.1252e+00
50 +8.541025153e+03 +8.541025153e+03 +8.597635153e+03 +8.597635153e+03 +2.1056e+00 -6.9176e+00
53 +6.679868447e+02 +6.679868447e+02 +7.245968447e+02 +7.245968447e+02 +2.5887e+00 -7.1995e+00
72 +5.741269253e+02 +5.741269253e+02 +6.307369253e+02 +6.307369253e+02 +8.0205e-01 -5.7834e+00
85 +5.452998894e+01 +5.452998894e+01 +1.111399889e+02 +1.111399889e+02 +1.6684e+00 -6.4670e+00
300 +3.935970893e+01 +3.935970893e+01 +9.596970893e+01 +9.596970893e+01 +1.1429e+00 -6.0716e+00
359 +2.334390418e+01 +2.334390418e+01 +7.995390418e+01 +7.995390418e+01 -1.0745e-02 -5.1961e+00
374 +1.516528372e+01 +1.516528372e+01 +7.177528372e+01 +7.177528372e+01 -1.0884e+00 -4.3755e+00
395 +8.191726045e+00 +8.191726045e+00 +6.480172604e+01 +6.480172604e+01 -1.8139e+00 -3.8255e+00
402 +5.307813891e+00 +5.307813891e+00 +6.191781389e+01 +6.191781389e+01 -2.1115e+00 -3.6003e+00
406 +2.114753187e+00 +2.114753187e+00 +5.872475319e+01 +5.872475319e+01 -2.8133e+00 -3.0694e+00
462 +1.048383153e+00 +1.048383153e+00 +5.765838315e+01 +5.765838315e+01 -3.2492e+00 -2.7368e+00
466 +7.811081016e-01 +7.811081016e-01 +5.739110810e+01 +5.739110810e+01 -3.1659e+00 -2.8012e+00
467 +4.723865372e-01 +4.723865372e-01 +5.708238654e+01 +5.708238654e+01 -3.6633e+00 -2.4226e+00
483 +1.353498407e-01 +1.353498407e-01 +5.674534984e+01 +5.674534984e+01 -3.5839e+00 -2.4835e+00
489 +9.297125664e-02 +9.297125664e-02 +5.670297126e+01 +5.670297126e+01 -3.6267e+00 -2.4511e+00
504 +3.077083542e-02 +3.077083542e-02 +5.664077084e+01 +5.664077084e+01 -3.7474e+00 -2.3594e+00
511 +6.435827153e-03 +6.435827153e-03 +5.661643583e+01 +5.661643583e+01 -3.8045e+00 -2.3161e+00
536 +5.665539512e-03 +5.665539512e-03 +5.661566554e+01 +5.661566554e+01 -3.8296e+00 -2.2973e+00
547 +1.937112527e-03 +1.937112527e-03 +5.661193711e+01 +5.661193711e+01 -3.8408e+00 -2.2886e+00
549 +7.752664434e-04 +7.752664434e-04 +5.661077527e+01 +5.661077527e+01 -3.8358e+00 -2.2924e+00
575 +1.847813734e-04 +1.847813734e-04 +5.661018478e+01 +5.661018478e+01 -3.8424e+00 -2.2874e+00
580 +2.612502516e-05 +2.612502516e-05 +5.661002613e+01 +5.661002613e+01 -3.8489e+00 -2.2826e+00
614 +1.203679618e-05 +1.203679618e-05 +5.661001204e+01 +5.661001204e+01 -3.8496e+00 -2.2820e+00
638 +3.754104853e-06 +3.754104853e-06 +5.661000375e+01 +5.661000375e+01 -3.8514e+00 -2.2806e+00
651 +1.634759798e-06 +1.634759798e-06 +5.661000163e+01 +5.661000163e+01 -3.8505e+00 -2.2813e+00
659 +2.180363978e-07 +2.180363978e-07 +5.661000022e+01 +5.661000022e+01 -3.8508e+00 -2.2811e+00
675 +4.268912335e-08 +4.268912335e-08 +5.661000004e+01 +5.661000004e+01 -3.8513e+00 -2.2807e+00
694 +1.904369640e-08 +1.904369640e-08 +5.661000002e+01 +5.661000002e+01 -3.8513e+00 -2.2808e+00
723 +1.009110662e-08 +1.009110662e-08 +5.661000001e+01 +5.661000001e+01 -3.8511e+00 -2.2808e+00
727 +1.864378874e-09 +1.864378874e-09 +5.661000000e+01 +5.661000000e+01 -3.8512e+00 -2.2808e+00
% function evaluation | noise-free fitness - Fopt (5.661000000000e+01) | best noise-free fitness - Fopt | measured fitness | best measured fitness | x1 | x2...
1 +3.976176211e+08 +3.976176211e+08 +3.976176777e+08 +3.976176777e+08 -2.8924e+00 +2.0694e+00
3 +5.819811899e+07 +5.819811899e+07 +5.819817560e+07 +5.819817560e+07 -4.1782e+00 +1.1205e+00
4 +7.809020287e+06 +7.809020287e+06 +7.809076897e+06 +7.809076897e+06 -3.0495e+00 -5.7500e-01
8 +9.030800204e+00 +9.030800204e+00 +6.564080020e+01 +6.564080020e+01 -4.1178e+00 -2.0133e+00
539 +2.389908309e+00 +2.389908309e+00 +5.899990831e+01 +5.899990831e+01 -2.6226e+00 -3.2132e+00
548 +3.224218863e-01 +3.224218863e-01 +5.693242189e+01 +5.693242189e+01 -3.4100e+00 -2.6155e+00
595 +2.417813307e-01 +2.417813307e-01 +5.685178133e+01 +5.685178133e+01 -3.6682e+00 -2.4192e+00
596 +4.350853848e-02 +4.350853848e-02 +5.665350854e+01 +5.665350854e+01 -3.7725e+00 -2.3403e+00
597 +2.955510704e-02 +2.955510704e-02 +5.663955511e+01 +5.663955511e+01 -3.7217e+00 -2.3791e+00
626 +2.130219438e-02 +2.130219438e-02 +5.663130219e+01 +5.663130219e+01 -3.7816e+00 -2.3338e+00
632 +1.246688951e-02 +1.246688951e-02 +5.662246689e+01 +5.662246689e+01 -3.7729e+00 -2.3402e+00
640 +1.256137033e-03 +1.256137033e-03 +5.661125614e+01 +5.661125614e+01 -3.8473e+00 -2.2837e+00
678 +9.740878859e-04 +9.740878859e-04 +5.661097409e+01 +5.661097409e+01 -3.8307e+00 -2.2964e+00
679 +4.599462386e-04 +4.599462386e-04 +5.661045995e+01 +5.661045995e+01 -3.8514e+00 -2.2806e+00
692 +3.940697034e-04 +3.940697034e-04 +5.661039407e+01 +5.661039407e+01 -3.8396e+00 -2.2896e+00
714 +5.745541912e-05 +5.745541912e-05 +5.661005746e+01 +5.661005746e+01 -3.8460e+00 -2.2847e+00
732 +2.884606919e-05 +2.884606919e-05 +5.661002885e+01 +5.661002885e+01 -3.8493e+00 -2.2823e+00
737 +4.678566064e-06 +4.678566064e-06 +5.661000468e+01 +5.661000468e+01 -3.8509e+00 -2.2810e+00
777 +3.742782710e-06 +3.742782710e-06 +5.661000374e+01 +5.661000374e+01 -3.8498e+00 -2.2819e+00
809 +1.868826175e-06 +1.868826175e-06 +5.661000187e+01 +5.661000187e+01 -3.8502e+00 -2.2816e+00
810 +1.177712932e-07 +1.177712932e-07 +5.661000012e+01 +5.661000012e+01 -3.8515e+00 -2.2806e+00
856 +3.679360816e-08 +3.679360816e-08 +5.661000004e+01 +5.661000004e+01 -3.8511e+00 -2.2809e+00
867 +1.774473901e-08 +1.774473901e-08 +5.661000002e+01 +5.661000002e+01 -3.8511e+00 -2.2809e+00
901 +7.051205841e-09 +7.051205841e-09 +5.661000001e+01 +5.661000001e+01 -3.8511e+00 -2.2808e+00
% function evaluation | noise-free fitness - Fopt (-1.810000000000e+01) | best noise-free fitness - Fopt | measured fitness | best measured fitness | x1 | x2...
1 +5.879008220e+04 +5.879008220e+04 +5.877198220e+04 +5.877198220e+04 -4.5291e-01 +4.3570e-01
11 +2.010657176e+02 +2.010657176e+02 +1.829657176e+02 +1.829657176e+02 +2.6865e+00 +1.1693e-02
29 +5.914400488e+01 +5.914400488e+01 +4.104400488e+01 +4.104400488e+01 +5.7053e+00 -6.5809e-01
353 +3.710154530e+01 +3.710154530e+01 +1.900154530e+01 +1.900154530e+01 +5.3084e+00 -5.7497e-01
358 +2.442197217e+01 +2.442197217e+01 +6.321972167e+00 +6.321972167e+00 +3.8667e+00 -2.5853e-01
375 +7.832876182e+00 +7.832876182e+00 -1.026712382e+01 -1.026712382e+01 +1.2306e+00 +3.1797e-01
399 +1.947608122e+00 +1.947608122e+00 -1.615239188e+01 -1.615239188e+01 +3.7446e-01 +5.0204e-01
411 +9.867489119e-01 +9.867489119e-01 -1.711325109e+01 -1.711325109e+01 +1.4479e-01 +5.5387e-01
416 +1.174828064e-01 +1.174828064e-01 -1.798251719e+01 -1.798251719e+01 -3.8138e-01 +6.6851e-01
442 +1.755279402e-02 +1.755279402e-02 -1.808244721e+01 -1.808244721e+01 -5.1467e-01 +6.9748e-01
445 +7.916382782e-03 +7.916382782e-03 -1.809208362e+01 -1.809208362e+01 -6.7286e-01 +7.3016e-01
513 +4.943162167e-03 +4.943162167e-03 -1.809505684e+01 -1.809505684e+01 -5.4579e-01 +7.0421e-01
525 +1.642667102e-03 +1.642667102e-03 -1.809835733e+01 -1.809835733e+01 -5.7794e-01 +7.1121e-01
552 +1.572875048e-04 +1.572875048e-04 -1.809984271e+01 -1.809984271e+01 -6.0967e-01 +7.1815e-01
570 +9.119322893e-06 +9.119322893e-06 -1.809999088e+01 -1.809999088e+01 -6.1362e-01 +7.1903e-01
597 +1.246847699e-06 +1.246847699e-06 -1.809999875e+01 -1.809999875e+01 -6.1341e-01 +7.1898e-01
633 +6.526949825e-07 +6.526949825e-07 -1.809999935e+01 -1.809999935e+01 -6.1438e-01 +7.1920e-01
671 +4.072705089e-07 +4.072705089e-07 -1.809999959e+01 -1.809999959e+01 -6.1504e-01 +7.1933e-01
678 +2.932743293e-07 +2.932743293e-07 -1.809999971e+01 -1.809999971e+01 -6.1494e-01 +7.1931e-01
690 +1.763219686e-07 +1.763219686e-07 -1.809999982e+01 -1.809999982e+01 -6.1484e-01 +7.1929e-01
766 +1.001681582e-08 +1.001681582e-08 -1.809999999e+01 -1.809999999e+01 -6.1437e-01 +7.1919e-01
782 +9.427260750e-09 +9.427260750e-09 -1.809999999e+01 -1.809999999e+01 -6.1431e-01 +7.1918e-01
% function evaluation | noise-free fitness - Fopt (-1.810000000000e+01) | best noise-free fitness - Fopt | measured fitness | best measured fitness | x1 | x2...
1 +1.409197861e+06 +1.409197861e+06 +1.409179761e+06 +1.409179761e+06 -5.3305e-01 -5.1372e-01
2 +3.771350980e+05 +3.771350980e+05 +3.771169980e+05 +3.771169980e+05 +9.4188e-01 -2.4963e-01
4 +1.763617193e+05 +1.763617193e+05 +1.763436193e+05 +1.763436193e+05 -4.1012e+00 +1.9931e+00
5 +1.761788605e+04 +1.761788605e+04 +1.759978605e+04 +1.759978605e+04 -4.5209e-01 +8.1958e-01
31 +1.780322503e+03 +1.780322503e+03 +1.762222503e+03 +1.762222503e+03 -1.8352e+00 +9.6023e-01
36 +7.790113860e+02 +7.790113860e+02 +7.609113860e+02 +7.609113860e+02 -4.9585e-01 +7.2185e-01
79 +4.522710809e+02 +4.522710809e+02 +4.341710809e+02 +4.341710809e+02 -7.1535e-01 +7.1614e-01
90 +1.127156008e+02 +1.127156008e+02 +9.461560085e+01 +9.461560085e+01 -5.5492e-01 +7.1706e-01
91 +3.192745357e+01 +3.192745357e+01 +1.382745357e+01 +1.382745357e+01 -1.1370e+00 +8.1565e-01
93 +1.697998435e+01 +1.697998435e+01 -1.120015648e+00 -1.120015648e+00 -6.5014e-01 +7.3014e-01
104 +2.220925480e+00 +2.220925480e+00 -1.587907452e+01 -1.587907452e+01 -6.4166e-01 +7.2589e-01
114 +2.584947176e-01 +2.584947176e-01 -1.784150528e+01 -1.784150528e+01 -5.7094e-01 +7.0918e-01
140 +1.277799507e-01 +1.277799507e-01 -1.797222005e+01 -1.797222005e+01 -6.4896e-01 +7.2608e-01
168 +9.960547195e-02 +9.960547195e-02 -1.800039453e+01 -1.800039453e+01 -7.4427e-01 +7.4344e-01
230 +1.333441022e-02 +1.333441022e-02 -1.808666559e+01 -1.808666559e+01 -7.7763e-01 +7.4931e-01
282 +9.715487695e-03 +9.715487695e-03 -1.809028451e+01 -1.809028451e+01 -7.5121e-01 +7.4439e-01
368 +6.047778400e-03 +6.047778400e-03 -1.809395222e+01 -1.809395222e+01 -7.2371e-01 +7.3935e-01
388 +3.236814508e-03 +3.236814508e-03 -1.809676319e+01 -1.809676319e+01 -6.9415e-01 +7.3396e-01
410 +1.205359875e-03 +1.205359875e-03 -1.809879464e+01 -1.809879464e+01 -6.5705e-01 +7.2718e-01
420 +1.916124424e-04 +1.916124424e-04 -1.809980839e+01 -1.809980839e+01 -6.3035e-01 +7.2227e-01
527 +1.518255420e-04 +1.518255420e-04 -1.809984817e+01 -1.809984817e+01 -6.3007e-01 +7.2222e-01
557 +8.612013193e-05 +8.612013193e-05 -1.809991388e+01 -1.809991388e+01 -6.2591e-01 +7.2144e-01
574 +6.081247567e-05 +6.081247567e-05 -1.809993919e+01 -1.809993919e+01 -6.2393e-01 +7.2107e-01
596 +3.785633623e-05 +3.785633623e-05 -1.809996214e+01 -1.809996214e+01 -6.2119e-01 +7.2054e-01
645 +2.187200920e-05 +2.187200920e-05 -1.809997813e+01 -1.809997813e+01 -6.1921e-01 +7.2016e-01
658 +9.692559502e-06 +9.692559502e-06 -1.809999031e+01 -1.809999031e+01 -6.1772e-01 +7.1987e-01
772 +6.196647064e-06 +6.196647064e-06 -1.809999380e+01 -1.809999380e+01 -6.1708e-01 +7.1974e-01
789 +3.153472402e-06 +3.153472402e-06 -1.809999685e+01 -1.809999685e+01 -6.1635e-01 +7.1960e-01
802 +1.846998135e-06 +1.846998135e-06 -1.809999815e+01 -1.809999815e+01 -6.1548e-01 +7.1942e-01
914 +1.502700769e-06 +1.502700769e-06 -1.809999850e+01 -1.809999850e+01 -6.1566e-01 +7.1946e-01
961 +9.483338204e-07 +9.483338204e-07 -1.809999905e+01 -1.809999905e+01 -6.1541e-01 +7.1941e-01
974 +4.912039557e-07 +4.912039557e-07 -1.809999951e+01 -1.809999951e+01 -6.1514e-01 +7.1935e-01
1008 +3.610139494e-07 +3.610139494e-07 -1.809999964e+01 -1.809999964e+01 -6.1503e-01 +7.1933e-01
1018 +2.427638286e-07 +2.427638286e-07 -1.809999976e+01 -1.809999976e+01 -6.1487e-01 +7.1930e-01
1065 +1.510803607e-07 +1.510803607e-07 -1.809999985e+01 -1.809999985e+01 -6.1481e-01 +7.1929e-01
1089 +9.693997427e-08 +9.693997427e-08 -1.809999990e+01 -1.809999990e+01 -6.1462e-01 +7.1925e-01
1097 +3.017950334e-08 +3.017950334e-08 -1.809999997e+01 -1.809999997e+01 -6.1457e-01 +7.1924e-01
1148 +1.932082938e-08 +1.932082938e-08 -1.809999998e+01 -1.809999998e+01 -6.1454e-01 +7.1923e-01
1154 +1.502750635e-08 +1.502750635e-08 -1.809999998e+01 -1.809999998e+01 -6.1451e-01 +7.1922e-01
1165 +6.823462684e-09 +6.823462684e-09 -1.809999999e+01 -1.809999999e+01 -6.1444e-01 +7.1921e-01
1166 +5.084590526e-09 +5.084590526e-09 -1.809999999e+01 -1.809999999e+01 -6.1446e-01 +7.1921e-01
% function evaluation | noise-free fitness - Fopt (-1.810000000000e+01) | best noise-free fitness - Fopt | measured fitness | best measured fitness | x1 | x2...
1 +3.004999935e+06 +3.004999935e+06 +3.004981835e+06 +3.004981835e+06 +5.0701e-01 +2.2485e+00
4 +2.187889738e+06 +2.187889738e+06 +2.187871638e+06 +2.187871638e+06 +3.6030e+00 +1.3113e+00
14 +1.887078960e+05 +1.887078960e+05 +1.886897960e+05 +1.886897960e+05 -1.2961e+00 +1.3030e+00
17 +4.304319516e+04 +4.304319516e+04 +4.302509516e+04 +4.302509516e+04 +4.5077e+00 -1.8823e-01
30 +1.097165430e+03 +1.097165430e+03 +1.079065430e+03 +1.079065430e+03 +8.0788e-01 +3.7440e-01
40 +8.336334676e+02 +8.336334676e+02 +8.155334676e+02 +8.155334676e+02 +1.8052e+00 +2.1970e-01
64 +2.228886254e+02 +2.228886254e+02 +2.047886254e+02 +2.047886254e+02 +2.3820e+00 +7.9112e-02
89 +7.381467475e+01 +7.381467475e+01 +5.571467475e+01 +5.571467475e+01 +2.3172e+00 +8.6574e-02
109 +7.983045630e+00 +7.983045630e+00 -1.011695437e+01 -1.011695437e+01 +2.1413e+00 +1.1661e-01
429 +6.220724951e+00 +6.220724951e+00 -1.187927505e+01 -1.187927505e+01 +1.8166e+00 +1.8758e-01
471 +2.852754392e+00 +2.852754392e+00 -1.524724561e+01 -1.524724561e+01 +1.0296e+00 +3.5996e-01
478 +1.745974368e+00 +1.745974368e+00 -1.635402563e+01 -1.635402563e+01 +6.3921e-01 +4.4483e-01
495 +1.351236398e-01 +1.351236398e-01 -1.796487636e+01 -1.796487636e+01 -3.3825e-01 +6.5907e-01
513 +2.866189771e-02 +2.866189771e-02 -1.807133810e+01 -1.807133810e+01 -5.0441e-01 +6.9529e-01
592 +1.195398389e-02 +1.195398389e-02 -1.808804602e+01 -1.808804602e+01 -5.9545e-01 +7.1517e-01
616 +2.155892021e-03 +2.155892021e-03 -1.809784411e+01 -1.809784411e+01 -6.0753e-01 +7.1765e-01
649 +1.146539182e-03 +1.146539182e-03 -1.809885346e+01 -1.809885346e+01 -5.8877e-01 +7.1357e-01
656 +1.453336440e-05 +1.453336440e-05 -1.809998547e+01 -1.809998547e+01 -6.1497e-01 +7.1931e-01
710 +5.949894650e-06 +5.949894650e-06 -1.809999405e+01 -1.809999405e+01 -6.1450e-01 +7.1922e-01
720 +3.568416354e-06 +3.568416354e-06 -1.809999643e+01 -1.809999643e+01 -6.1413e-01 +7.1914e-01
778 +2.182625856e-06 +2.182625856e-06 -1.809999782e+01 -1.809999782e+01 -6.1297e-01 +7.1889e-01
794 +3.672242350e-07 +3.672242350e-07 -1.809999963e+01 -1.809999963e+01 -6.1405e-01 +7.1912e-01
795 +1.502407123e-07 +1.502407123e-07 -1.809999985e+01 -1.809999985e+01 -6.1420e-01 +7.1916e-01
813 +4.678091869e-08 +4.678091869e-08 -1.809999995e+01 -1.809999995e+01 -6.1452e-01 +7.1923e-01
835 +4.590326341e-09 +4.590326341e-09 -1.810000000e+01 -1.810000000e+01 -6.1445e-01 +7.1921e-01
% function evaluation | noise-free fitness - Fopt (3.777000000000e+01) | best noise-free fitness - Fopt | measured fitness | best measured fitness | x1 | x2...
1 +5.683566016e+06 +5.683566016e+06 +5.683603786e+06 +5.683603786e+06 -2.6798e+00 -3.2482e-01
2 +2.706214620e+06 +2.706214620e+06 +2.706252390e+06 +2.706252390e+06 -1.7139e+00 +4.1414e-01
3 +6.960646893e+03 +6.960646893e+03 +6.998416893e+03 +6.998416893e+03 -4.2165e+00 +2.1426e+00
27 +3.764772450e+03 +3.764772450e+03 +3.802542450e+03 +3.802542450e+03 -5.1485e+00 +2.1204e+00
109 +8.294172619e+01 +8.294172619e+01 +1.207117262e+02 +1.207117262e+02 -8.6570e+00 +2.0543e+00
161 +3.493389610e+01 +3.493389610e+01 +7.270389610e+01 +7.270389610e+01 -6.4028e+00 +2.0615e+00
221 +2.362367589e+01 +2.362367589e+01 +6.139367589e+01 +6.139367589e+01 -5.8201e+00 +2.0596e+00
371 +1.351551681e+01 +1.351551681e+01 +5.128551681e+01 +5.128551681e+01 -4.5894e+00 +2.0599e+00
427 +8.904236537e+00 +8.904236537e+00 +4.667423654e+01 +4.667423654e+01 -3.1936e+00 +2.0572e+00
434 +2.259672724e+00 +2.259672724e+00 +4.002967272e+01 +4.002967272e+01 -2.2881e+00 +2.0585e+00
444 +1.346337527e+00 +1.346337527e+00 +3.911633753e+01 +3.911633753e+01 -1.9601e+00 +2.0598e+00
446 +1.121844985e-01 +1.121844985e-01 +3.788218450e+01 +3.788218450e+01 -1.0031e+00 +2.0589e+00
477 +4.870253109e-02 +4.870253109e-02 +3.781870253e+01 +3.781870253e+01 -1.0345e+00 +2.0590e+00
504 +1.799401220e-03 +1.799401220e-03 +3.777179940e+01 +3.777179940e+01 -1.0189e+00 +2.0592e+00
575 +8.447840180e-06 +8.447840180e-06 +3.777000845e+01 +3.777000845e+01 -9.8172e-01 +2.0592e+00
691 +1.426867868e-08 +1.426867868e-08 +3.777000001e+01 +3.777000001e+01 -9.7910e-01 +2.0592e+00
829 +9.044782701e-10 +9.044782701e-10 +3.777000000e+01 +3.777000000e+01 -9.7922e-01 +2.0592e+00
% function evaluation | noise-free fitness - Fopt (3.777000000000e+01) | best noise-free fitness - Fopt | measured fitness | best measured fitness | x1 | x2...
1 +5.478256001e+06 +5.478256001e+06 +5.478293771e+06 +5.478293771e+06 +2.6647e+00 +2.1164e+00
5 +1.107350449e+05 +1.107350449e+05 +1.107728149e+05 +1.107728149e+05 +3.8233e+00 +6.1372e-01
6 +4.968506755e+03 +4.968506755e+03 +5.006276755e+03 +5.006276755e+03 +1.1180e+00 +1.8132e+00
64 +1.378122854e+03 +1.378122854e+03 +1.415892854e+03 +1.415892854e+03 +6.6962e-01 +1.9695e+00
67 +2.789157772e+01 +2.789157772e+01 +6.566157772e+01 +6.566157772e+01 +5.1604e-01 +2.0310e+00
118 +2.343792078e+00 +2.343792078e+00 +4.011379208e+01 +4.011379208e+01 +4.9402e-01 +2.0402e+00
527 +1.583214457e+00 +1.583214457e+00 +3.935321446e+01 +3.935321446e+01 +2.9915e-01 +2.0789e+00
1025 +9.862205039e-01 +9.862205039e-01 +3.875622050e+01 +3.875622050e+01 +6.8160e-02 +2.1126e+00
1288 +6.269314176e-01 +6.269314176e-01 +3.839693142e+01 +3.839693142e+01 -1.1471e-01 +2.1289e+00
1658 +3.854228557e-01 +3.854228557e-01 +3.815542286e+01 +3.815542286e+01 -2.8094e-01 +2.1347e+00
1968 +2.412469681e-01 +2.412469681e-01 +3.801124697e+01 +3.801124697e+01 -4.1091e-01 +2.1328e+00
2270 +1.581492026e-01 +1.581492026e-01 +3.792814920e+01 +3.792814920e+01 -5.1188e-01 +2.1274e+00
2458 +9.817940099e-02 +9.817940099e-02 +3.786817940e+01 +3.786817940e+01 -6.0495e-01 +2.1190e+00
2821 +6.162116260e-02 +6.162116260e-02 +3.783162116e+01 +3.783162116e+01 -6.7805e-01 +2.1102e+00
2952 +3.965465245e-02 +3.965465245e-02 +3.780965465e+01 +3.780965465e+01 -7.3860e-01 +2.1015e+00
3227 +2.476426002e-02 +2.476426002e-02 +3.779476426e+01 +3.779476426e+01 -7.8546e-01 +2.0939e+00
3295 +1.582488545e-02 +1.582488545e-02 +3.778582489e+01 +3.778582489e+01 -8.2928e-01 +2.0862e+00
3362 +8.574600230e-03 +8.574600230e-03 +3.777857460e+01 +3.777857460e+01 -8.6559e-01 +2.0794e+00
3413 +5.308653161e-03 +5.308653161e-03 +3.777530865e+01 +3.777530865e+01 -8.9011e-01 +2.0747e+00
3427 +2.048247308e-03 +2.048247308e-03 +3.777204825e+01 +3.777204825e+01 -9.3657e-01 +2.0658e+00
3441 +7.780124743e-04 +7.780124743e-04 +3.777077801e+01 +3.777077801e+01 -9.6332e-01 +2.0611e+00
3446 +4.962496504e-04 +4.962496504e-04 +3.777049625e+01 +3.777049625e+01 -9.6078e-01 +2.0616e+00
8776 +2.050183028e-04 +2.050183028e-04 +3.777020502e+01 +3.777020502e+01 -9.8411e-01 +2.0592e+00
8781 +3.869572868e-05 +3.869572868e-05 +3.777003870e+01 +3.777003870e+01 -9.8103e-01 +2.0592e+00
8886 +1.312932586e-05 +1.312932586e-05 +3.777001313e+01 +3.777001313e+01 -9.8193e-01 +2.0592e+00
8919 +9.218025454e-07 +9.218025454e-07 +3.777000092e+01 +3.777000092e+01 -9.7920e-01 +2.0592e+00
9061 +4.672001523e-07 +4.672001523e-07 +3.777000047e+01 +3.777000047e+01 -9.7954e-01 +2.0592e+00
9072 +2.358016573e-07 +2.358016573e-07 +3.777000024e+01 +3.777000024e+01 -9.7963e-01 +2.0592e+00
9079 +1.043930098e-08 +1.043930098e-08 +3.777000001e+01 +3.777000001e+01 -9.7920e-01 +2.0592e+00
9084 +1.547114437e-09 +1.547114437e-09 +3.777000000e+01 +3.777000000e+01 -9.7916e-01 +2.0592e+00
% function evaluation | noise-free fitness - Fopt (3.777000000000e+01) | best noise-free fitness - Fopt | measured fitness | best measured fitness | x1 | x2...
1 +2.172503525e+05 +2.172503525e+05 +2.172881225e+05 +2.172881225e+05 +2.8701e+00 +8.2188e-01
10 +2.057204382e+04 +2.057204382e+04 +2.060981382e+04 +2.060981382e+04 +2.0992e+00 +1.5271e+00
16 +5.769415200e+02 +5.769415200e+02 +6.147115200e+02 +6.147115200e+02 +1.6531e+00 +1.6676e+00
20 +4.779215568e+01 +4.779215568e+01 +8.556215568e+01 +8.556215568e+01 +1.7735e+00 +1.5976e+00
90 +2.209458800e+01 +2.209458800e+01 +5.986458800e+01 +5.986458800e+01 -4.7327e+00 +2.0620e+00
108 +1.269560520e+01 +1.269560520e+01 +5.046560520e+01 +5.046560520e+01 -1.2249e+00 +2.0556e+00
112 +3.622134117e+00 +3.622134117e+00 +4.139213412e+01 +4.139213412e+01 -2.8284e+00 +2.0597e+00
164 +1.704883203e+00 +1.704883203e+00 +3.947488320e+01 +3.947488320e+01 -2.2078e+00 +2.0588e+00
356 +1.534143284e+00 +1.534143284e+00 +3.930414328e+01 +3.930414328e+01 -2.2167e+00 +2.0591e+00
383 +9.895804294e-01 +9.895804294e-01 +3.875958043e+01 +3.875958043e+01 -1.9679e+00 +2.0591e+00
398 +4.555226205e-01 +4.555226205e-01 +3.822552262e+01 +3.822552262e+01 -1.6349e+00 +2.0590e+00
404 +3.718014530e-01 +3.718014530e-01 +3.814180145e+01 +3.814180145e+01 -1.5875e+00 +2.0592e+00
417 +2.356162688e-01 +2.356162688e-01 +3.800561627e+01 +3.800561627e+01 -1.4646e+00 +2.0592e+00
428 +1.475565226e-01 +1.475565226e-01 +3.791755652e+01 +3.791755652e+01 -1.3002e+00 +2.0594e+00
437 +4.172216111e-02 +4.172216111e-02 +3.781172216e+01 +3.781172216e+01 -1.1807e+00 +2.0592e+00
443 +1.812361700e-02 +1.812361700e-02 +3.778812362e+01 +3.778812362e+01 -1.0589e+00 +2.0593e+00
453 +1.077620725e-02 +1.077620725e-02 +3.778077621e+01 +3.778077621e+01 -1.0739e+00 +2.0592e+00
468 +2.402342913e-05 +2.402342913e-05 +3.777002402e+01 +3.777002402e+01 -9.7875e-01 +2.0592e+00
563 +5.224740541e-06 +5.224740541e-06 +3.777000522e+01 +3.777000522e+01 -9.8042e-01 +2.0592e+00
567 +3.021845494e-06 +3.021845494e-06 +3.777000302e+01 +3.777000302e+01 -9.8093e-01 +2.0592e+00
574 +2.129647129e-06 +2.129647129e-06 +3.777000213e+01 +3.777000213e+01 -9.7978e-01 +2.0592e+00
604 +9.708399844e-07 +9.708399844e-07 +3.777000097e+01 +3.777000097e+01 -9.7966e-01 +2.0592e+00
605 +1.294809024e-07 +1.294809024e-07 +3.777000013e+01 +3.777000013e+01 -9.7956e-01 +2.0592e+00
621 +3.137508031e-09 +3.137508031e-09 +3.777000000e+01 +3.777000000e+01 -9.7920e-01 +2.0592e+00
