% function evaluation | noise-free fitness - Fopt (-6.211100000000e+02) | best noise-free fitness - Fopt | measured fitness | best measured fitness | x1 | x2...
1 +1.210076282e+07 +1.210076282e+07 +1.210014171e+07 +1.210014171e+07 -8.8985e-01 -2.8258e-01 +5.8466e-01
2 +5.464139767e+06 +5.464139767e+06 +5.463518657e+06 +5.463518657e+06 -5.3743e-01 +2.7519e+00 +2.1936e+00
7 +3.111306848e+06 +3.111306848e+06 +3.110685738e+06 +3.110685738e+06 +8.2676e-01 +5.2585e-01 -6.5611e-01
8 +2.068585452e+06 +2.068585452e+06 +2.067964342e+06 +2.067964342e+06 -3.1056e-01 +1.9387e+00 +4.8768e-01
15 +7.387834232e+05 +7.387834232e+05 +7.381623132e+05 +7.381623132e+05 -2.1019e+00 +3.9582e+00 -2.8673e-03
31 +5.827819419e+05 +5.827819419e+05 +5.821608319e+05 +5.821608319e+05 -6.6258e-01 +4.1374e+00 -6.9520e-01
52 +3.585934385e+05 +3.585934385e+05 +3.579723285e+05 +3.579723285e+05 +1.0689e+00 +3.2721e+00 -4.8705e-01
59 +1.621545370e+05 +1.621545370e+05 +1.615334270e+05 +1.615334270e+05 +1.6355e-01 +3.6745e+00 +3.4268e-02
88 +1.233255604e+05 +1.233255604e+05 +1.227044504e+05 +1.227044504e+05 +3.1832e-01 +3.5013e+00 -1.3117e-01
94 +6.002367932e+03 +6.002367932e+03 +5.381257932e+03 +5.381257932e+03 -1.1381e-01 +3.3940e+00 -1.9152e-01
146 +6.933696580e+02 +6.933696580e+02 +7.225965801e+01 +7.225965801e+01 -7.7438e-02 +3.3359e+00 -1.5768e-01
171 +4.391947926e+02 +4.391947926e+02 -1.819152074e+02 -1.819152074e+02 -3.6248e-01 +3.5420e+00 -2.2949e-02
186 +5.172122489e+01 +5.172122489e+01 -5.693887751e+02 -5.693887751e+02 -1.2790e-01 +3.3420e+00 -1.3338e-01
232 +1.294970983e+01 +1.294970983e+01 -6.081602902e+02 -6.081602902e+02 -1.5152e-01 +3.3678e+00 -1.1769e-01
253 +4.221559820e+00 +4.221559820e+00 -6.168884402e+02 -6.168884402e+02 -1.8793e-01 +3.4015e+00 -1.0701e-01
255 +3.855352449e+00 +3.855352449e+00 -6.172546476e+02 -6.172546476e+02 -1.8444e-01 +3.3959e+00 -1.0793e-01
263 +9.334299283e-01 +9.334299283e-01 -6.201765701e+02 -6.201765701e+02 -1.9236e-01 +3.4029e+00 -1.0708e-01
695 +6.071448663e-01 +6.071448663e-01 -6.205028551e+02 -6.205028551e+02 -3.0839e-01 +3.4987e+00 -6.5899e-02
835 +3.836286687e-01 +3.836286687e-01 -6.207263713e+02 -6.207263713e+02 -4.2844e-01 +3.5985e+00 -2.1114e-02
1009 +2.437927061e-01 +2.437927061e-01 -6.208662073e+02 -6.208662073e+02 -5.2258e-01 +3.6775e+00 +1.5697e-02
1142 +1.482871615e-01 +1.482871615e-01 -6.209617128e+02 -6.209617128e+02 -6.0303e-01 +3.7454e+00 +4.8405e-02
1275 +9.780700732e-02 +9.780700732e-02 -6.210121930e+02 -6.210121930e+02 -6.5746e-01 +3.7915e+00 +7.1174e-02
1336 +6.034544056e-02 +6.034544056e-02 -6.210496546e+02 -6.210496546e+02 -7.1009e-01 +3.8363e+00 +9.3563e-02
1368 +3.797106739e-02 +3.797106739e-02 -6.210720289e+02 -6.210720289e+02 -7.7067e-01 +3.8880e+00 +1.1971e-01
1453 +2.454584787e-02 +2.454584787e-02 -6.210854542e+02 -6.210854542e+02 -7.7970e-01 +3.8958e+00 +1.2372e-01
1488 +1.486552016e-02 +1.486552016e-02 -6.210951345e+02 -6.210951345e+02 -8.0711e-01 +3.9192e+00 +1.3568e-01
1499 +8.547040610e-03 +8.547040610e-03 -6.211014530e+02 -6.211014530e+02 -8.2542e-01 +3.9349e+00 +1.4364e-01
1509 +5.483505856e-03 +5.483505856e-03 -6.211045165e+02 -6.211045165e+02 -8.4255e-01 +3.9495e+00 +1.5101e-01
1572 +3.819053588e-03 +3.819053588e-03 -6.211061809e+02 -6.211061809e+02 -8.5315e-01 +3.9585e+00 +1.5559e-01
1626 +2.115859885e-03 +2.115859885e-03 -6.211078841e+02 -6.211078841e+02 -8.5778e-01 +3.9624e+00 +1.5751e-01
1704 +1.554676790e-03 +1.554676790e-03 -6.211084453e+02 -6.211084453e+02 -8.6351e-01 +3.9673e+00 +1.5991e-01
1809 +8.377688597e-04 +8.377688597e-04 -6.211091622e+02 -6.211091622e+02 -8.7078e-01 +3.9734e+00 +1.6291e-01
1851 +5.499147275e-04 +5.499147275e-04 -6.211094501e+02 -6.211094501e+02 -8.7489e-01 +3.9769e+00 +1.6460e-01
1887 +3.582456452e-04 +3.582456452e-04 -6.211096418e+02 -6.211096418e+02 -8.7795e-01 +3.9795e+00 +1.6583e-01
1980 +2.347323982e-04 +2.347323982e-04 -6.211097653e+02 -6.211097653e+02 -8.8101e-01 +3.9820e+00 +1.6706e-01
2053 +1.569586688e-04 +1.569586688e-04 -6.211098430e+02 -6.211098430e+02 -8.8278e-01 +3.9835e+00 +1.6775e-01
2175 +8.207901647e-05 +8.207901647e-05 -6.211099179e+02 -6.211099179e+02 -8.8538e-01 +3.9857e+00 +1.6876e-01
2200 +5.688598810e-05 +5.688598810e-05 -6.211099431e+02 -6.211099431e+02 -8.8649e-01 +3.9866e+00 +1.6918e-01
2274 +3.225623220e-05 +3.225623220e-05 -6.211099677e+02 -6.211099677e+02 -8.8847e-01 +3.9883e+00 +1.6993e-01
2307 +2.457296057e-05 +2.457296057e-05 -6.211099754e+02 -6.211099754e+02 -8.8851e-01 +3.9883e+00 +1.6995e-01
2357 +1.298893767e-05 +1.298893767e-05 -6.211099870e+02 -6.211099870e+02 -8.8931e-01 +3.9890e+00 +1.7024e-01
2495 +8.995308690e-06 +8.995308690e-06 -6.211099910e+02 -6.211099910e+02 -8.8975e-01 +3.9893e+00 +1.7041e-01
2534 +6.271944699e-06 +6.271944699e-06 -6.211099937e+02 -6.211099937e+02 -8.9014e-01 +3.9897e+00 +1.7055e-01
2552 +3.577270718e-06 +3.577270718e-06 -6.211099964e+02 -6.211099964e+02 -8.9094e-01 +3.9903e+00 +1.7083e-01
2602 +2.323374474e-06 +2.323374474e-06 -6.211099977e+02 -6.211099977e+02 -8.9086e-01 +3.9903e+00 +1.7081e-01
2663 +1.222070182e-06 +1.222070182e-06 -6.211099988e+02 -6.211099988e+02 -8.9130e-01 +3.9906e+00 +1.7096e-01
2676 +9.022717222e-07 +9.022717222e-07 -6.211099991e+02 -6.211099991e+02 -8.9140e-01 +3.9907e+00 +1.7099e-01
2749 +5.297297321e-07 +5.297297321e-07 -6.211099995e+02 -6.211099995e+02 -8.9147e-01 +3.9908e+00 +1.7102e-01
2774 +3.936895610e-07 +3.936895610e-07 -6.211099996e+02 -6.211099996e+02 -8.9154e-01 +3.9908e+00 +1.7105e-01
2810 +2.365723049e-07 +2.365723049e-07 -6.211099998e+02 -6.211099998e+02 -8.9171e-01 +3.9910e+00 +1.7110e-01
2849 +1.553906941e-07 +1.553906941e-07 -6.211099998e+02 -6.211099998e+02 -8.9174e-01 +3.9910e+00 +1.7111e-01
2882 +8.817005437e-08 +8.817005437e-08 -6.211099999e+02 -6.211099999e+02 -8.9178e-01 +3.9910e+00 +1.7113e-01
2936 +6.306709111e-08 +6.306709111e-08 -6.211099999e+02 -6.211099999e+02 -8.9182e-01 +3.9910e+00 +1.7114e-01
2968 +3.914647095e-08 +3.914647095e-08 -6.211100000e+02 -6.211100000e+02 -8.9185e-01 +3.9911e+00 +1.7115e-01
2983 +2.454896730e-08 +2.454896730e-08 -6.211100000e+02 -6.211100000e+02 -8.9190e-01 +3.9911e+00 +1.7117e-01
3000 +8.163397069e-09 +8.163397069e-09 -6.211100000e+02 -6.211100000e+02 -8.9194e-01 +3.9911e+00 +1.7118e-01
% function evaluation | noise-free fitness - Fopt (-6.211100000000e+02) | best noise-free fitness - Fopt | measured fitness | best measured fitness | x1 | x2...
1 +7.632424268e+06 +7.632424268e+06 +7.631803158e+06 +7.631803158e+06 +3.1992e+00 +1.2914e+00 -2.2097e+00
10 +1.491214092e+06 +1.491214092e+06 +1.490592982e+06 +1.490592982e+06 +3.2769e+00 +1.2663e+00 +5.6692e-02
25 +6.706907520e+05 +6.706907520e+05 +6.700696420e+05 +6.700696420e+05 +1.2845e+00 +1.2710e+00 -2.8877e-01
29 +1.391229060e+05 +1.391229060e+05 +1.385017960e+05 +1.385017960e+05 +2.1716e+00 +1.7094e+00 -3.7289e-01
45 +1.587834130e+04 +1.587834130e+04 +1.525723130e+04 +1.525723130e+04 +2.1285e+00 +1.6247e+00 -5.3736e-01
136 +1.641056474e+03 +1.641056474e+03 +1.019946474e+03 +1.019946474e+03 +1.6958e+00 +1.9522e+00 -5.8573e-01
179 +3.171286421e+02 +3.171286421e+02 -3.039813579e+02 -3.039813579e+02 +1.0341e+00 +2.4401e+00 -4.2333e-01
247 +4.993556753e+01 +4.993556753e+01 -5.711744325e+02 -5.711744325e+02 +1.3807e+00 +2.1577e+00 -5.0163e-01
293 +3.303108057e+01 +3.303108057e+01 -5.880789194e+02 -5.880789194e+02 +1.3814e+00 +2.1620e+00 -5.0109e-01
303 +1.390517248e+01 +1.390517248e+01 -6.072048275e+02 -6.072048275e+02 +1.3854e+00 +2.1609e+00 -5.0389e-01
354 +9.968555201e+00 +9.968555201e+00 -6.111414448e+02 -6.111414448e+02 +1.4103e+00 +2.1417e+00 -5.0952e-01
850 +6.298029095e+00 +6.298029095e+00 -6.148119709e+02 -6.148119709e+02 +9.4998e-01 +2.4952e+00 -4.1832e-01
1170 +3.883869889e+00 +3.883869889e+00 -6.172261301e+02 -6.172261301e+02 +5.8239e-01 +2.7817e+00 -3.3340e-01
1306 +2.208744579e+00 +2.208744579e+00 -6.189012554e+02 -6.189012554e+02 +1.8132e-01 +3.0995e+00 -2.2567e-01
1662 +1.566869507e+00 +1.566869507e+00 -6.195431305e+02 -6.195431305e+02 +2.0935e-02 +3.2289e+00 -1.7670e-01
1887 +9.996782080e-01 +9.996782080e-01 -6.201103218e+02 -6.201103218e+02 -1.4528e-01 +3.3644e+00 -1.2297e-01
2175 +6.221887444e-01 +6.221887444e-01 -6.204878113e+02 -6.204878113e+02 -3.0479e-01 +3.4959e+00 -6.7171e-02
2387 +3.925858018e-01 +3.925858018e-01 -6.207174142e+02 -6.207174142e+02 -4.2932e-01 +3.5993e+00 -2.0633e-02
2484 +2.074125312e-01 +2.074125312e-01 -6.209025875e+02 -6.209025875e+02 -5.5713e-01 +3.7067e+00 +2.9621e-02
2672 +1.535458437e-01 +1.535458437e-01 -6.209564542e+02 -6.209564542e+02 -6.0711e-01 +3.7489e+00 +5.0010e-02
2713 +9.723442538e-02 +9.723442538e-02 -6.210127656e+02 -6.210127656e+02 -6.6504e-01 +3.7980e+00 +7.4297e-02
2844 +6.268584626e-02 +6.268584626e-02 -6.210473142e+02 -6.210473142e+02 -7.0520e-01 +3.8321e+00 +9.1523e-02
2957 +3.859223268e-02 +3.859223268e-02 -6.210714078e+02 -6.210714078e+02 -7.5750e-01 +3.8769e+00 +1.1410e-01
2984 +1.962509668e-02 +1.962509668e-02 -6.210903749e+02 -6.210903749e+02 -7.9424e-01 +3.9082e+00 +1.3016e-01
3006 +7.418081318e-03 +7.418081318e-03 -6.211025819e+02 -6.211025819e+02 -8.4903e-01 +3.9550e+00 +1.5379e-01
3062 +5.006800670e-03 +5.006800670e-03 -6.211049932e+02 -6.211049932e+02 -8.5010e-01 +3.9559e+00 +1.5423e-01
3072 +3.299295276e-03 +3.299295276e-03 -6.211067007e+02 -6.211067007e+02 -8.5997e-01 +3.9643e+00 +1.5842e-01
3124 +2.475702059e-03 +2.475702059e-03 -6.211075243e+02 -6.211075243e+02 -8.6119e-01 +3.9653e+00 +1.5897e-01
3205 +1.308419095e-03 +1.308419095e-03 -6.211086916e+02 -6.211086916e+02 -8.6525e-01 +3.9687e+00 +1.6062e-01
3254 +9.290558836e-04 +9.290558836e-04 -6.211090709e+02 -6.211090709e+02 -8.7005e-01 +3.9728e+00 +1.6263e-01
3283 +4.876550723e-04 +4.876550723e-04 -6.211095123e+02 -6.211095123e+02 -8.7678e-01 +3.9785e+00 +1.6537e-01
3377 +3.687537386e-04 +3.687537386e-04 -6.211096312e+02 -6.211096312e+02 -8.7838e-01 +3.9798e+00 +1.6601e-01
3488 +2.470807925e-04 +2.470807925e-04 -6.211097529e+02 -6.211097529e+02 -8.8055e-01 +3.9817e+00 +1.6687e-01
3587 +1.477417369e-04 +1.477417369e-04 -6.211098523e+02 -6.211098523e+02 -8.8287e-01 +3.9836e+00 +1.6778e-01
3615 +8.222153588e-05 +8.222153588e-05 -6.211099178e+02 -6.211099178e+02 -8.8527e-01 +3.9856e+00 +1.6872e-01
3637 +5.234670755e-05 +5.234670755e-05 -6.211099477e+02 -6.211099477e+02 -8.8668e-01 +3.9868e+00 +1.6926e-01
3809 +3.671754712e-05 +3.671754712e-05 -6.211099633e+02 -6.211099633e+02 -8.8765e-01 +3.9876e+00 +1.6963e-01
3838 +2.382143032e-05 +2.382143032e-05 -6.211099762e+02 -6.211099762e+02 -8.8866e-01 +3.9884e+00 +1.7001e-01
3909 +1.506991885e-05 +1.506991885e-05 -6.211099849e+02 -6.211099849e+02 -8.8911e-01 +3.9888e+00 +1.7017e-01
3957 +8.953213978e-06 +8.953213978e-06 -6.211099910e+02 -6.211099910e+02 -8.8976e-01 +3.9894e+00 +1.7041e-01
4004 +6.179236266e-06 +6.179236266e-06 -6.211099938e+02 -6.211099938e+02 -8.9016e-01 +3.9897e+00 +1.7055e-01
4094 +3.010401997e-06 +3.010401997e-06 -6.211099970e+02 -6.211099970e+02 -8.9092e-01 +3.9903e+00 +1.7083e-01
4134 +2.486961648e-06 +2.486961648e-06 -6.211099975e+02 -6.211099975e+02 -8.9095e-01 +3.9903e+00 +1.7084e-01
4189 +1.537478624e-06 +1.537478624e-06 -6.211099985e+02 -6.211099985e+02 -8.9116e-01 +3.9905e+00 +1.7091e-01
4248 +9.933949059e-07 +9.933949059e-07 -6.211099990e+02 -6.211099990e+02 -8.9129e-01 +3.9906e+00 +1.7096e-01
4253 +5.767768698e-07 +5.767768698e-07 -6.211099994e+02 -6.211099994e+02 -8.9144e-01 +3.9907e+00 +1.7101e-01
4305 +2.446431608e-07 +2.446431608e-07 -6.211099998e+02 -6.211099998e+02 -8.9174e-01 +3.9910e+00 +1.7111e-01
4357 +1.207525884e-07 +1.207525884e-07 -6.211099999e+02 -6.211099999e+02 -8.9183e-01 +3.9911e+00 +1.7114e-01
4376 +8.563461051e-08 +8.563461051e-08 -6.211099999e+02 -6.211099999e+02 -8.9182e-01 +3.9911e+00 +1.7114e-01
4403 +3.913032742e-08 +3.913032742e-08 -6.211100000e+02 -6.211100000e+02 -8.9188e-01 +3.9911e+00 +1.7116e-01
4434 +2.020601642e-08 +2.020601642e-08 -6.211100000e+02 -6.211100000e+02 -8.9190e-01 +3.9911e+00 +1.7117e-01
4474 +1.506782610e-08 +1.506782610e-08 -6.211100000e+02 -6.211100000e+02 -8.9191e-01 +3.9911e+00 +1.7117e-01
4539 +9.841983228e-09 +9.841983228e-09 -6.211100000e+02 -6.211100000e+02 -8.9193e-01 +3.9911e+00 +1.7118e-01
% function evaluation | noise-free fitness - Fopt (-6.211100000000e+02) | best noise-free fitness - Fopt | measured fitness | best measured fitness | x1 | x2...
1 +7.228890492e+06 +7.228890492e+06 +7.228269382e+06 +7.228269382e+06 +3.5463e+00 +2.8729e+00 -1.7294e+00
2 +1.947090400e+06 +1.947090400e+06 +1.946469290e+06 +1.946469290e+06 +4.4902e+00 +1.1114e+00 -3.6641e-01
14 +1.220650356e+05 +1.220650356e+05 +1.214439256e+05 +1.214439256e+05 +4.7051e+00 -5.6806e-01 -9.4630e-01
62 +6.342064449e+04 +6.342064449e+04 +6.279953449e+04 +6.279953449e+04 +4.0839e+00 -7.2057e-02 -8.7511e-01
85 +3.205278690e+04 +3.205278690e+04 +3.143167690e+04 +3.143167690e+04 +4.3133e+00 -9.1074e-02 -9.1381e-01
109 +7.777796723e+03 +7.777796723e+03 +7.156686723e+03 +7.156686723e+03 +4.3452e+00 +8.5023e-02 -8.6006e-01
125 +2.879443299e+03 +2.879443299e+03 +2.258333299e+03 +2.258333299e+03 +3.8915e+00 +3.6798e-01 -8.2789e-01
130 +6.203252744e+02 +6.203252744e+02 -7.847255549e-01 -7.847255549e-01 +4.0442e+00 +2.2544e-01 -8.2492e-01
194 +5.809381136e+01 +5.809381136e+01 -5.630161886e+02 -5.630161886e+02 +4.1594e+00 +1.1045e-01 -8.3092e-01
607 +3.767045105e+01 +3.767045105e+01 -5.834395490e+02 -5.834395490e+02 +3.6266e+00 +4.9731e-01 -7.9048e-01
906 +2.435900658e+01 +2.435900658e+01 -5.967509934e+02 -5.967509934e+02 +2.8107e+00 +1.0949e+00 -7.1136e-01
1124 +1.526627631e+01 +1.526627631e+01 -6.058437237e+02 -6.058437237e+02 +2.0399e+00 +1.6664e+00 -6.1326e-01
1468 +9.918657877e+00 +9.918657877e+00 -6.111913421e+02 -6.111913421e+02 +1.4782e+00 +2.0898e+00 -5.2225e-01
1818 +6.268817345e+00 +6.268817345e+00 -6.148411827e+02 -6.148411827e+02 +9.5158e-01 +2.4930e+00 -4.1917e-01
2013 +3.933349205e+00 +3.933349205e+00 -6.171766508e+02 -6.171766508e+02 +5.8218e-01 +2.7818e+00 -3.3378e-01
2256 +2.508462278e+00 +2.508462278e+00 -6.186015377e+02 -6.186015377e+02 +2.8483e-01 +3.0171e+00 -2.5526e-01
2403 +1.580719726e+00 +1.580719726e+00 -6.195292803e+02 -6.195292803e+02 +9.1493e-03 +3.2385e+00 -1.7284e-01
2610 +9.547807381e-01 +9.547807381e-01 -6.201552193e+02 -6.201552193e+02 -1.6712e-01 +3.3822e+00 -1.1558e-01
2755 +6.298801254e-01 +6.298801254e-01 -6.204801199e+02 -6.204801199e+02 -3.0435e-01 +3.4953e+00 -6.7443e-02
2932 +3.779697351e-01 +3.779697351e-01 -6.207320303e+02 -6.207320303e+02 -4.3125e-01 +3.6009e+00 -1.9974e-02
2967 +2.257466789e-01 +2.257466789e-01 -6.208842533e+02 -6.208842533e+02 -5.3653e-01 +3.6893e+00 +2.1361e-02
3172 +1.449397902e-01 +1.449397902e-01 -6.209650602e+02 -6.209650602e+02 -6.1106e-01 +3.7521e+00 +5.1774e-02
3197 +9.385254368e-02 +9.385254368e-02 -6.210161475e+02 -6.210161475e+02 -6.6990e-01 +3.8020e+00 +7.6464e-02
3347 +6.157927371e-02 +6.157927371e-02 -6.210484207e+02 -6.210484207e+02 -7.1298e-01 +3.8387e+00 +9.4888e-02
3382 +3.533791031e-02 +3.533791031e-02 -6.210746621e+02 -6.210746621e+02 -7.6892e-01 +3.8865e+00 +1.1896e-01
3383 +2.313730808e-02 +2.313730808e-02 -6.210868627e+02 -6.210868627e+02 -7.8894e-01 +3.9038e+00 +1.2784e-01
3442 +1.468156741e-02 +1.468156741e-02 -6.210953184e+02 -6.210953184e+02 -8.0850e-01 +3.9204e+00 +1.3637e-01
3451 +7.377181102e-03 +7.377181102e-03 -6.211026228e+02 -6.211026228e+02 -8.3036e-01 +3.9391e+00 +1.4576e-01
3465 +5.668360758e-03 +5.668360758e-03 -6.211043316e+02 -6.211043316e+02 -8.3580e-01 +3.9437e+00 +1.4812e-01
3471 +3.358965324e-03 +3.358965324e-03 -6.211066410e+02 -6.211066410e+02 -8.4895e-01 +3.9549e+00 +1.5375e-01
3514 +2.034418558e-03 +2.034418558e-03 -6.211079656e+02 -6.211079656e+02 -8.6956e-01 +3.9724e+00 +1.6243e-01
3600 +1.547222853e-03 +1.547222853e-03 -6.211084528e+02 -6.211084528e+02 -8.7117e-01 +3.9738e+00 +1.6309e-01
3645 +8.254826711e-04 +8.254826711e-04 -6.211091745e+02 -6.211091745e+02 -8.7265e-01 +3.9750e+00 +1.6369e-01
3717 +5.834627972e-04 +5.834627972e-04 -6.211094165e+02 -6.211094165e+02 -8.7462e-01 +3.9767e+00 +1.6449e-01
3772 +3.348116511e-04 +3.348116511e-04 -6.211096652e+02 -6.211096652e+02 -8.7872e-01 +3.9801e+00 +1.6614e-01
3818 +2.471000828e-04 +2.471000828e-04 -6.211097529e+02 -6.211097529e+02 -8.8304e-01 +3.9838e+00 +1.6785e-01
3829 +1.393585909e-04 +1.393585909e-04 -6.211098606e+02 -6.211098606e+02 -8.8412e-01 +3.9847e+00 +1.6827e-01
4003 +9.715296858e-05 +9.715296858e-05 -6.211099028e+02 -6.211099028e+02 -8.8461e-01 +3.9851e+00 +1.6846e-01
4068 +5.237505559e-05 +5.237505559e-05 -6.211099476e+02 -6.211099476e+02 -8.8656e-01 +3.9867e+00 +1.6921e-01
4142 +3.259783591e-05 +3.259783591e-05 -6.211099674e+02 -6.211099674e+02 -8.8775e-01 +3.9877e+00 +1.6966e-01
4155 +2.011398351e-05 +2.011398351e-05 -6.211099799e+02 -6.211099799e+02 -8.8864e-01 +3.9884e+00 +1.6999e-01
4329 +1.451439528e-05 +1.451439528e-05 -6.211099855e+02 -6.211099855e+02 -8.8923e-01 +3.9889e+00 +1.7021e-01
4380 +9.667649579e-06 +9.667649579e-06 -6.211099903e+02 -6.211099903e+02 -8.8981e-01 +3.9894e+00 +1.7043e-01
4399 +6.138661092e-06 +6.138661092e-06 -6.211099939e+02 -6.211099939e+02 -8.9028e-01 +3.9898e+00 +1.7060e-01
4454 +3.113918751e-06 +3.113918751e-06 -6.211099969e+02 -6.211099969e+02 -8.9070e-01 +3.9901e+00 +1.7075e-01
4474 +2.476064424e-06 +2.476064424e-06 -6.211099975e+02 -6.211099975e+02 -8.9084e-01 +3.9902e+00 +1.7080e-01
4543 +1.344653697e-06 +1.344653697e-06 -6.211099987e+02 -6.211099987e+02 -8.9115e-01 +3.9905e+00 +1.7091e-01
4580 +9.892962680e-07 +9.892962680e-07 -6.211099990e+02 -6.211099990e+02 -8.9132e-01 +3.9906e+00 +1.7097e-01
4610 +6.290978263e-07 +6.290978263e-07 -6.211099994e+02 -6.211099994e+02 -8.9148e-01 +3.9908e+00 +1.7102e-01
4631 +2.170032758e-07 +2.170032758e-07 -6.211099998e+02 -6.211099998e+02 -8.9168e-01 +3.9909e+00 +1.7109e-01
4743 +1.538118113e-07 +1.538118113e-07 -6.211099998e+02 -6.211099998e+02 -8.9172e-01 +3.9910e+00 +1.7111e-01
4757 +8.698418696e-08 +8.698418696e-08 -6.211099999e+02 -6.211099999e+02 -8.9178e-01 +3.9910e+00 +1.7113e-01
4857 +4.723904112e-08 +4.723904112e-08 -6.211100000e+02 -6.211100000e+02 -8.9186e-01 +3.9911e+00 +1.7115e-01
4878 +3.738375653e-08 +3.738375653e-08 -6.211100000e+02 -6.211100000e+02 -8.9186e-01 +3.9911e+00 +1.7115e-01
4922 +1.698276719e-08 +1.698276719e-08 -6.211100000e+02 -6.211100000e+02 -8.9190e-01 +3.9911e+00 +1.7117e-01
4934 +1.320836418e-08 +1.320836418e-08 -6.211100000e+02 -6.211100000e+02 -8.9192e-01 +3.9911e+00 +1.7117e-01
4970 +9.627456166e-09 +9.627456166e-09 -6.211100000e+02 -6.211100000e+02 -8.9193e-01 +3.9911e+00 +1.7118e-01
% function evaluation | noise-free fitness - Fopt (-2.548200000000e+02) | best noise-free fitness - Fopt | measured fitness | best measured fitness | x1 | x2...
1 +3.318068682e+09 +3.318068682e+09 +3.318068427e+09 +3.318068427e+09 -1.5064e+00 +3.8409e+00 +3.7929e+00
4 +1.224800882e+09 +1.224800882e+09 +1.224800628e+09 +1.224800628e+09 -1.8234e+00 +1.0063e+01 +3.8561e+00
7 +2.233996855e+08 +2.233996855e+08 +2.233994307e+08 +2.233994307e+08 +4.0918e-01 +6.5697e+00 +2.9710e+00
10 +2.396064049e+07 +2.396064049e+07 +2.396038567e+07 +2.396038567e+07 +2.3111e+00 +5.0275e+00 +2.1455e+00
16 +1.023040396e+06 +1.023040396e+06 +1.022785576e+06 +1.022785576e+06 +4.4805e+00 +6.9929e+00 -5.1081e-01
66 +9.911385223e+05 +9.911385223e+05 +9.908837023e+05 +9.908837023e+05 +3.1342e+00 +5.0062e+00 +1.3218e-01
67 +7.652141788e+03 +7.652141788e+03 +7.397321788e+03 +7.397321788e+03 +3.2500e+00 +2.3664e+00 -4.2165e-01
157 +2.183562464e+03 +2.183562464e+03 +1.928742464e+03 +1.928742464e+03 +3.7816e+00 +3.8787e+00 -2.2542e-02
188 +5.365312969e+02 +5.365312969e+02 +2.817112969e+02 +2.817112969e+02 +3.9418e+00 +4.2719e+00 +5.7824e-02
189 +6.002554305e+01 +6.002554305e+01 -1.947944569e+02 -1.947944569e+02 +3.8908e+00 +4.1111e+00 -8.2019e-03
230 +2.243865066e+01 +2.243865066e+01 -2.323813493e+02 -2.323813493e+02 +3.9071e+00 +4.1494e+00 +8.0605e-03
247 +3.356581095e+00 +3.356581095e+00 -2.514634189e+02 -2.514634189e+02 +3.9121e+00 +4.1472e+00 +1.1280e-02
306 +2.156692690e+00 +2.156692690e+00 -2.526633073e+02 -2.526633073e+02 +3.9161e+00 +4.1601e+00 +1.1829e-02
307 +2.966929321e-01 +2.966929321e-01 -2.545233071e+02 -2.545233071e+02 +3.9150e+00 +4.1566e+00 +1.2683e-02
356 +2.431353197e-01 +2.431353197e-01 -2.545768647e+02 -2.545768647e+02 +3.9171e+00 +4.1619e+00 +1.3551e-02
699 +1.555416693e-01 +1.555416693e-01 -2.546644583e+02 -2.546644583e+02 +3.9104e+00 +4.1457e+00 +9.1090e-03
879 +9.957066194e-02 +9.957066194e-02 -2.547204293e+02 -2.547204293e+02 +3.8790e+00 +4.0704e+00 -1.3519e-02
1089 +6.306473997e-02 +6.306473997e-02 -2.547569353e+02 -2.547569353e+02 +3.8522e+00 +4.0084e+00 -3.3002e-02
1219 +3.860699193e-02 +3.860699193e-02 -2.547813930e+02 -2.547813930e+02 +3.8274e+00 +3.9520e+00 -5.1288e-02
1353 +2.406425558e-02 +2.406425558e-02 -2.547959357e+02 -2.547959357e+02 +3.8100e+00 +3.9133e+00 -6.4273e-02
1396 +1.577724946e-02 +1.577724946e-02 -2.548042228e+02 -2.548042228e+02 +3.7920e+00 +3.8736e+00 -7.7792e-02
1430 +9.791295612e-03 +9.791295612e-03 -2.548102087e+02 -2.548102087e+02 +3.7801e+00 +3.8476e+00 -8.6723e-02
1487 +4.331890110e-03 +4.331890110e-03 -2.548156681e+02 -2.548156681e+02 +3.7683e+00 +3.8220e+00 -9.5519e-02
1496 +3.942315871e-03 +3.942315871e-03 -2.548160577e+02 -2.548160577e+02 +3.7629e+00 +3.8103e+00 -9.9578e-02
1548 +2.039738112e-03 +2.039738112e-03 -2.548179603e+02 -2.548179603e+02 +3.7503e+00 +3.7826e+00 -1.0905e-01
1550 +1.318439588e-03 +1.318439588e-03 -2.548186816e+02 -2.548186816e+02 +3.7544e+00 +3.7915e+00 -1.0600e-01
1593 +8.723028990e-04 +8.723028990e-04 -2.548191277e+02 -2.548191277e+02 +3.7529e+00 +3.7882e+00 -1.0712e-01
1635 +5.708594470e-04 +5.708594470e-04 -2.548194291e+02 -2.548194291e+02 +3.7509e+00 +3.7838e+00 -1.0860e-01
1690 +3.472578285e-04 +3.472578285e-04 -2.548196527e+02 -2.548196527e+02 +3.7486e+00 +3.7787e+00 -1.1028e-01
1808 +2.330161294e-04 +2.330161294e-04 -2.548197670e+02 -2.548197670e+02 +3.7471e+00 +3.7753e+00 -1.1142e-01
1908 +1.563290667e-04 +1.563290667e-04 -2.548198437e+02 -2.548198437e+02 +3.7459e+00 +3.7727e+00 -1.1227e-01
2013 +9.421602033e-05 +9.421602033e-05 -2.548199058e+02 -2.548199058e+02 +3.7447e+00 +3.7698e+00 -1.1321e-01
2071 +6.085828409e-05 +6.085828409e-05 -2.548199391e+02 -2.548199391e+02 +3.7439e+00 +3.7681e+00 -1.1377e-01
2126 +3.809581472e-05 +3.809581472e-05 -2.548199619e+02 -2.548199619e+02 +3.7433e+00 +3.7667e+00 -1.1422e-01
2203 +2.280480095e-05 +2.280480095e-05 -2.548199772e+02 -2.548199772e+02 +3.7426e+00 +3.7651e+00 -1.1472e-01
2280 +1.545024139e-05 +1.545024139e-05 -2.548199845e+02 -2.548199845e+02 +3.7423e+00 +3.7645e+00 -1.1489e-01
2332 +8.768097103e-06 +8.768097103e-06 -2.548199912e+02 -2.548199912e+02 +3.7419e+00 +3.7635e+00 -1.1520e-01
2355 +4.299387115e-06 +4.299387115e-06 -2.548199957e+02 -2.548199957e+02 +3.7416e+00 +3.7627e+00 -1.1545e-01
2371 +3.609042210e-06 +3.609042210e-06 -2.548199964e+02 -2.548199964e+02 +3.7415e+00 +3.7626e+00 -1.1549e-01
2447 +2.085491388e-06 +2.085491388e-06 -2.548199979e+02 -2.548199979e+02 +3.7412e+00 +3.7617e+00 -1.1575e-01
2595 +1.357835970e-06 +1.357835970e-06 -2.548199986e+02 -2.548199986e+02 +3.7412e+00 +3.7619e+00 -1.1569e-01
2677 +9.188586318e-07 +9.188586318e-07 -2.548199991e+02 -2.548199991e+02 +3.7412e+00 +3.7617e+00 -1.1575e-01
2764 +6.186375572e-07 +6.186375572e-07 -2.548199994e+02 -2.548199994e+02 +3.7411e+00 +3.7615e+00 -1.1580e-01
2815 +3.953249745e-07 +3.953249745e-07 -2.548199996e+02 -2.548199996e+02 +3.7410e+00 +3.7614e+00 -1.1584e-01
2872 +1.890946351e-07 +1.890946351e-07 -2.548199998e+02 -2.548199998e+02 +3.7409e+00 +3.7612e+00 -1.1590e-01
2960 +1.377270280e-07 +1.377270280e-07 -2.548199999e+02 -2.548199999e+02 +3.7409e+00 +3.7611e+00 -1.1591e-01
2992 +8.850560107e-08 +8.850560107e-08 -2.548199999e+02 -2.548199999e+02 +3.7409e+00 +3.7611e+00 -1.1592e-01
3063 +5.828158578e-08 +5.828158578e-08 -2.548199999e+02 -2.548199999e+02 +3.7409e+00 +3.7610e+00 -1.1594e-01
3101 +3.762556844e-08 +3.762556844e-08 -2.548200000e+02 -2.548200000e+02 +3.7409e+00 +3.7610e+00 -1.1596e-01
3171 +2.338342142e-08 +2.338342142e-08 -2.548200000e+02 -2.548200000e+02 +3.7409e+00 +3.7609e+00 -1.1596e-01
3189 +1.230867497e-08 +1.230867497e-08 -2.548200000e+02 -2.548200000e+02 +3.7408e+00 +3.7609e+00 -1.1598e-01
3198 +9.215710861e-09 +9.215710861e-09 -2.548200000e+02 -2.548200000e+02 +3.7408e+00 +3.7609e+00 -1.1598e-01
% function evaluation | noise-free fitness - Fopt (-2.548200000000e+02) | best noise-free fitness - Fopt | measured fitness | best measured fitness | x1 | x2...
1 +1.058798036e+06 +1.058798036e+06 +1.058543216e+06 +1.058543216e+06 +2.4205e+00 -1.5567e+00 -7.5605e-01
14 +6.128308740e+05 +6.128308740e+05 +6.125760540e+05 +6.125760540e+05 +3.0286e+00 -1.1495e-01 -9.0175e-01
25 +5.322620104e+04 +5.322620104e+04 +5.297138104e+04 +5.297138104e+04 +1.6500e+00 -1.9723e+00 -1.8241e+00
65 +6.434757676e+03 +6.434757676e+03 +6.179937676e+03 +6.179937676e+03 +1.6744e+00 -1.9174e+00 -1.6531e+00
68 +2.798427321e+03 +2.798427321e+03 +2.543607321e+03 +2.543607321e+03 +1.1734e+00 -3.1911e+00 -2.1445e+00
124 +2.315133377e+03 +2.315133377e+03 +2.060313377e+03 +2.060313377e+03 +1.1094e+00 -3.4465e+00 -2.2165e+00
139 +5.637997233e+02 +5.637997233e+02 +3.089797233e+02 +3.089797233e+02 +1.1655e+00 -3.1477e+00 -2.1030e+00
143 +6.651591807e+01 +6.651591807e+01 -1.883040819e+02 -1.883040819e+02 +1.1150e+00 -3.3565e+00 -2.1708e+00
360 +6.284962966e+01 +6.284962966e+01 -1.919703703e+02 -1.919703703e+02 +1.1089e+00 -3.3798e+00 -2.1788e+00
861 +3.786541561e+01 +3.786541561e+01 -2.169545844e+02 -2.169545844e+02 +1.6678e+00 -1.7122e+00 -1.6081e+00
1092 +2.505415975e+01 +2.505415975e+01 -2.297658403e+02 -2.297658403e+02 +1.9922e+00 -7.7050e-01 -1.2986e+00
1290 +1.576651526e+01 +1.576651526e+01 -2.390534847e+02 -2.390534847e+02 +2.3277e+00 +1.8009e-01 -1.0016e+00
1487 +9.968871897e+00 +9.968871897e+00 -2.448511281e+02 -2.448511281e+02 +2.5853e+00 +8.8633e-01 -7.9187e-01
1713 +6.266419373e+00 +6.266419373e+00 -2.485535806e+02 -2.485535806e+02 +2.8059e+00 +1.4772e+00 -6.2634e-01
1816 +3.840402738e+00 +3.840402738e+00 -2.509795973e+02 -2.509795973e+02 +3.0392e+00 +2.0828e+00 -4.6828e-01
2089 +2.357319805e+00 +2.357319805e+00 -2.524626802e+02 -2.524626802e+02 +3.1537e+00 +2.3701e+00 -3.9857e-01
2179 +1.577393584e+00 +1.577393584e+00 -2.532426064e+02 -2.532426064e+02 +3.2518e+00 +2.6120e+00 -3.4265e-01
2369 +9.641223040e-01 +9.641223040e-01 -2.538558777e+02 -2.538558777e+02 +3.3532e+00 +2.8578e+00 -2.8922e-01
2446 +6.053521023e-01 +6.053521023e-01 -2.542146479e+02 -2.542146479e+02 +3.4565e+00 +3.1035e+00 -2.3883e-01
2608 +3.703299703e-01 +3.703299703e-01 -2.544496700e+02 -2.544496700e+02 +3.4998e+00 +3.2039e+00 -2.1941e-01
2706 +2.491838668e-01 +2.491838668e-01 -2.545708161e+02 -2.545708161e+02 +3.5461e+00 +3.3116e+00 -1.9906e-01
2795 +1.492563581e-01 +1.492563581e-01 -2.546707436e+02 -2.546707436e+02 +3.5995e+00 +3.4346e+00 -1.7659e-01
2847 +9.636432570e-02 +9.636432570e-02 -2.547236357e+02 -2.547236357e+02 +3.6260e+00 +3.4951e+00 -1.6589e-01
2892 +5.568387825e-02 +5.568387825e-02 -2.547643161e+02 -2.547643161e+02 +3.6903e+00 +3.6419e+00 -1.3987e-01
2893 +6.578133492e-03 +6.578133492e-03 -2.548134219e+02 -2.548134219e+02 +3.7144e+00 +3.6976e+00 -1.2926e-01
3008 +4.832831359e-03 +4.832831359e-03 -2.548151672e+02 -2.548151672e+02 +3.7144e+00 +3.6977e+00 -1.2921e-01
3076 +3.351352512e-03 +3.351352512e-03 -2.548166486e+02 -2.548166486e+02 +3.7200e+00 +3.7108e+00 -1.2666e-01
3095 +2.370516083e-03 +2.370516083e-03 -2.548176295e+02 -2.548176295e+02 +3.7225e+00 +3.7166e+00 -1.2551e-01
3169 +1.559906804e-03 +1.559906804e-03 -2.548184401e+02 -2.548184401e+02 +3.7291e+00 +3.7323e+00 -1.2234e-01
3243 +8.886773431e-04 +8.886773431e-04 -2.548191113e+02 -2.548191113e+02 +3.7298e+00 +3.7341e+00 -1.2194e-01
3295 +5.800503021e-04 +5.800503021e-04 -2.548194199e+02 -2.548194199e+02 +3.7318e+00 +3.7388e+00 -1.2094e-01
3369 +3.966184845e-04 +3.966184845e-04 -2.548196034e+02 -2.548196034e+02 +3.7335e+00 +3.7428e+00 -1.2010e-01
3384 +1.998677230e-04 +1.998677230e-04 -2.548198001e+02 -2.548198001e+02 +3.7360e+00 +3.7490e+00 -1.1874e-01
3400 +1.324559915e-04 +1.324559915e-04 -2.548198675e+02 -2.548198675e+02 +3.7371e+00 +3.7517e+00 -1.1816e-01
3547 +8.911406408e-05 +8.911406408e-05 -2.548199109e+02 -2.548199109e+02 +3.7376e+00 +3.7528e+00 -1.1789e-01
3638 +6.212496857e-05 +6.212496857e-05 -2.548199379e+02 -2.548199379e+02 +3.7380e+00 +3.7538e+00 -1.1766e-01
3734 +3.939551260e-05 +3.939551260e-05 -2.548199606e+02 -2.548199606e+02 +3.7385e+00 +3.7551e+00 -1.1737e-01
3860 +2.448921160e-05 +2.448921160e-05 -2.548199755e+02 -2.548199755e+02 +3.7390e+00 +3.7564e+00 -1.1707e-01
3909 +1.436217818e-05 +1.436217818e-05 -2.548199856e+02 -2.548199856e+02 +3.7395e+00 +3.7574e+00 -1.1683e-01
3923 +9.472976558e-06 +9.472976558e-06 -2.548199905e+02 -2.548199905e+02 +3.7398e+00 +3.7582e+00 -1.1665e-01
4010 +6.177596788e-06 +6.177596788e-06 -2.548199938e+02 -2.548199938e+02 +3.7400e+00 +3.7586e+00 -1.1653e-01
4111 +3.940791061e-06 +3.940791061e-06 -2.548199961e+02 -2.548199961e+02 +3.7401e+00 +3.7590e+00 -1.1644e-01
4163 +2.407894357e-06 +2.407894357e-06 -2.548199976e+02 -2.548199976e+02 +3.7403e+00 +3.7595e+00 -1.1632e-01
4184 +1.300929938e-06 +1.300929938e-06 -2.548199987e+02 -2.548199987e+02 +3.7404e+00 +3.7599e+00 -1.1623e-01
4188 +7.583018373e-07 +7.583018373e-07 -2.548199992e+02 -2.548199992e+02 +3.7406e+00 +3.7603e+00 -1.1613e-01
4246 +4.222247298e-07 +4.222247298e-07 -2.548199996e+02 -2.548199996e+02 +3.7406e+00 +3.7603e+00 -1.1612e-01
4253 +2.029520658e-07 +2.029520658e-07 -2.548199998e+02 -2.548199998e+02 +3.7408e+00 +3.7607e+00 -1.1603e-01
4286 +1.420361571e-07 +1.420361571e-07 -2.548199999e+02 -2.548199999e+02 +3.7407e+00 +3.7606e+00 -1.1604e-01
4309 +8.469865520e-08 +8.469865520e-08 -2.548199999e+02 -2.548199999e+02 +3.7407e+00 +3.7606e+00 -1.1606e-01
4385 +5.838182915e-08 +5.838182915e-08 -2.548199999e+02 -2.548199999e+02 +3.7407e+00 +3.7606e+00 -1.1605e-01
4398 +3.772800028e-08 +3.772800028e-08 -2.548200000e+02 -2.548200000e+02 +3.7407e+00 +3.7606e+00 -1.1604e-01
4489 +2.156184564e-08 +2.156184564e-08 -2.548200000e+02 -2.548200000e+02 +3.7407e+00 +3.7607e+00 -1.1603e-01
4517 +1.432573526e-08 +1.432573526e-08 -2.548200000e+02 -2.548200000e+02 +3.7408e+00 +3.7607e+00 -1.1603e-01
4524 +9.899764564e-09 +9.899764564e-09 -2.548200000e+02 -2.548200000e+02 +3.7408e+00 +3.7607e+00 -1.1602e-01
% function evaluation | noise-free fitness - Fopt (-2.548200000000e+02) | best noise-free fitness - Fopt | measured fitness | best measured fitness | x1 | x2...
1 +4.814267182e+08 +4.814267182e+08 +4.814264634e+08 +4.814264634e+08 +1.3447e-01 +4.6614e-01 +2.1640e+00
2 +3.682814535e+07 +3.682814535e+07 +3.682789053e+07 +3.682789053e+07 +1.5075e+00 +4.2600e-01 +9.9199e-01
3 +6.899098927e+05 +6.899098927e+05 +6.896550727e+05 +6.896550727e+05 +3.0860e+00 +8.5388e-01 -9.8241e-02
58 +5.413165512e+04 +5.413165512e+04 +5.387683512e+04 +5.387683512e+04 +4.0827e+00 +4.3841e+00 -1.4633e-01
76 +7.318638526e+03 +7.318638526e+03 +7.063818526e+03 +7.063818526e+03 +2.9198e+00 +1.7110e+00 -4.7799e-01
86 +3.813661027e+03 +3.813661027e+03 +3.558841027e+03 +3.558841027e+03 +2.9199e+00 +1.8594e+00 -4.7296e-01
104 +1.898743025e+03 +1.898743025e+03 +1.643923025e+03 +1.643923025e+03 +2.7277e+00 +1.3460e+00 -6.3433e-01
163 +8.340763236e+02 +8.340763236e+02 +5.792563236e+02 +5.792563236e+02 +3.3460e+00 +2.8532e+00 -3.2407e-01
187 +4.019933659e+02 +4.019933659e+02 +1.471733659e+02 +1.471733659e+02 +3.4021e+00 +2.9190e+00 -2.7691e-01
188 +2.063748501e+02 +2.063748501e+02 -4.844514993e+01 -4.844514993e+01 +3.4062e+00 +3.0034e+00 -2.7308e-01
196 +2.121923470e+01 +2.121923470e+01 -2.336007653e+02 -2.336007653e+02 +3.4861e+00 +3.1594e+00 -2.2968e-01
226 +2.480737243e+00 +2.480737243e+00 -2.523392628e+02 -2.523392628e+02 +3.3985e+00 +2.9694e+00 -2.6521e-01
332 +1.184590614e+00 +1.184590614e+00 -2.536354094e+02 -2.536354094e+02 +3.4609e+00 +3.1112e+00 -2.3826e-01
363 +9.690446261e-01 +9.690446261e-01 -2.538509554e+02 -2.538509554e+02 +3.4553e+00 +3.1008e+00 -2.3868e-01
376 +5.099798696e-01 +5.099798696e-01 -2.543100201e+02 -2.543100201e+02 +3.4595e+00 +3.1099e+00 -2.3785e-01
589 +3.968422179e-01 +3.968422179e-01 -2.544231578e+02 -2.544231578e+02 +3.4917e+00 +3.1849e+00 -2.2307e-01
724 +2.461078405e-01 +2.461078405e-01 -2.545738922e+02 -2.545738922e+02 +3.5532e+00 +3.3281e+00 -1.9601e-01
768 +1.249678248e-01 +1.249678248e-01 -2.546950322e+02 -2.546950322e+02 +3.6011e+00 +3.4377e+00 -1.7618e-01
820 +8.382162500e-02 +8.382162500e-02 -2.547361784e+02 -2.547361784e+02 +3.6309e+00 +3.5060e+00 -1.6388e-01
879 +4.683180655e-02 +4.683180655e-02 -2.547731682e+02 -2.547731682e+02 +3.6647e+00 +3.5831e+00 -1.5011e-01
896 +3.623834740e-02 +3.623834740e-02 -2.547837617e+02 -2.547837617e+02 +3.6689e+00 +3.5927e+00 -1.4855e-01
898 +1.275388752e-02 +1.275388752e-02 -2.548072461e+02 -2.548072461e+02 +3.7015e+00 +3.6678e+00 -1.3478e-01
935 +6.507999687e-03 +6.507999687e-03 -2.548134920e+02 -2.548134920e+02 +3.7144e+00 +3.6978e+00 -1.2922e-01
953 +6.207771600e-03 +6.207771600e-03 -2.548137922e+02 -2.548137922e+02 +3.7158e+00 +3.7010e+00 -1.2861e-01
1041 +3.292449243e-03 +3.292449243e-03 -2.548167076e+02 -2.548167076e+02 +3.7197e+00 +3.7100e+00 -1.2680e-01
1117 +2.344689640e-03 +2.344689640e-03 -2.548176553e+02 -2.548176553e+02 +3.7226e+00 +3.7168e+00 -1.2546e-01
1193 +1.283731663e-03 +1.283731663e-03 -2.548187163e+02 -2.548187163e+02 +3.7275e+00 +3.7286e+00 -1.2308e-01
1274 +9.386248213e-04 +9.386248213e-04 -2.548190614e+02 -2.548190614e+02 +3.7307e+00 +3.7360e+00 -1.2152e-01
1320 +5.345793387e-04 +5.345793387e-04 -2.548194654e+02 -2.548194654e+02 +3.7324e+00 +3.7403e+00 -1.2063e-01
1396 +3.004111037e-04 +3.004111037e-04 -2.548196996e+02 -2.548196996e+02 +3.7344e+00 +3.7451e+00 -1.1960e-01
1414 +2.301072840e-04 +2.301072840e-04 -2.548197699e+02 -2.548197699e+02 +3.7354e+00 +3.7474e+00 -1.1910e-01
1519 +1.440310503e-04 +1.440310503e-04 -2.548198560e+02 -2.548198560e+02 +3.7366e+00 +3.7504e+00 -1.1844e-01
1533 +9.314164527e-05 +9.314164527e-05 -2.548199069e+02 -2.548199069e+02 +3.7377e+00 +3.7530e+00 -1.1785e-01
1698 +5.894126903e-05 +5.894126903e-05 -2.548199411e+02 -2.548199411e+02 +3.7381e+00 +3.7541e+00 -1.1760e-01
1730 +3.585004589e-05 +3.585004589e-05 -2.548199641e+02 -2.548199641e+02 +3.7386e+00 +3.7554e+00 -1.1730e-01
1736 +2.506574754e-05 +2.506574754e-05 -2.548199749e+02 -2.548199749e+02 +3.7393e+00 +3.7569e+00 -1.1695e-01
1807 +1.569209059e-05 +1.569209059e-05 -2.548199843e+02 -2.548199843e+02 +3.7394e+00 +3.7573e+00 -1.1685e-01
1843 +9.001341937e-06 +9.001341937e-06 -2.548199910e+02 -2.548199910e+02 +3.7398e+00 +3.7582e+00 -1.1665e-01
1850 +6.194382138e-06 +6.194382138e-06 -2.548199938e+02 -2.548199938e+02 +3.7399e+00 +3.7585e+00 -1.1656e-01
1976 +3.734287674e-06 +3.734287674e-06 -2.548199963e+02 -2.548199963e+02 +3.7401e+00 +3.7591e+00 -1.1642e-01
1991 +2.444698310e-06 +2.444698310e-06 -2.548199976e+02 -2.548199976e+02 +3.7404e+00 +3.7598e+00 -1.1626e-01
2029 +1.556700255e-06 +1.556700255e-06 -2.548199984e+02 -2.548199984e+02 +3.7404e+00 +3.7597e+00 -1.1628e-01
2139 +9.166562620e-07 +9.166562620e-07 -2.548199991e+02 -2.548199991e+02 +3.7405e+00 +3.7600e+00 -1.1619e-01
2161 +4.616341016e-07 +4.616341016e-07 -2.548199995e+02 -2.548199995e+02 +3.7406e+00 +3.7603e+00 -1.1612e-01
2167 +3.168965748e-07 +3.168965748e-07 -2.548199997e+02 -2.548199997e+02 +3.7406e+00 +3.7603e+00 -1.1613e-01
2249 +2.263809336e-07 +2.263809336e-07 -2.548199998e+02 -2.548199998e+02 +3.7407e+00 +3.7606e+00 -1.1604e-01
2256 +9.287992953e-08 +9.287992953e-08 -2.548199999e+02 -2.548199999e+02 +3.7407e+00 +3.7606e+00 -1.1605e-01
2312 +5.923672575e-08 +5.923672575e-08 -2.548199999e+02 -2.548199999e+02 +3.7407e+00 +3.7606e+00 -1.1604e-01
2325 +3.835009466e-08 +3.835009466e-08 -2.548200000e+02 -2.548200000e+02 +3.7407e+00 +3.7606e+00 -1.1604e-01
2360 +2.343318783e-08 +2.343318783e-08 -2.548200000e+02 -2.548200000e+02 +3.7408e+00 +3.7607e+00 -1.1602e-01
2380 +8.550927078e-09 +8.550927078e-09 -2.548200000e+02 -2.548200000e+02 +3.7408e+00 +3.7607e+00 -1.1602e-01
% function evaluation | noise-free fitness - Fopt (5.661000000000e+01) | best noise-free fitness - Fopt | measured fitness | best measured fitness | x1 | x2...
1 +5.271444738e+09 +5.271444738e+09 +5.271444795e+09 +5.271444795e+09 +1.0776e+00 +3.6198e+00 +6.4385e-01
2 +1.833027373e+09 +1.833027373e+09 +1.833027429e+09 +1.833027429e+09 +2.5988e+00 +1.2947e+00 +1.0526e+00
6 +2.143121904e+08 +2.143121904e+08 +2.143122470e+08 +2.143122470e+08 +9.4400e-02 -3.4134e-01 -1.0985e-01
13 +4.837572688e+07 +4.837572688e+07 +4.837578349e+07 +4.837578349e+07 -3.0040e-01 +1.2755e-01 -4.6881e+00
20 +1.261919382e+07 +1.261919382e+07 +1.261925043e+07 +1.261925043e+07 +1.8191e-01 -3.4917e+00 -5.2484e+00
25 +4.378694544e+05 +4.378694544e+05 +4.379260644e+05 +4.379260644e+05 +7.4448e-01 -7.9256e+00 -7.7775e+00
58 +8.652960845e+04 +8.652960845e+04 +8.658621845e+04 +8.658621845e+04 -2.1694e+00 -3.1629e+00 -4.5535e+00
139 +4.254793899e+04 +4.254793899e+04 +4.260454899e+04 +4.260454899e+04 -3.7335e+00 -2.0707e+00 -3.7218e+00
142 +2.861973286e+04 +2.861973286e+04 +2.867634286e+04 +2.867634286e+04 -3.6630e+00 -2.2264e+00 -3.7600e+00
170 +7.035722213e+03 +7.035722213e+03 +7.092332213e+03 +7.092332213e+03 -3.2450e+00 -2.7003e+00 -4.1785e+00
171 +5.590849943e+03 +5.590849943e+03 +5.647459943e+03 +5.647459943e+03 -3.7189e+00 -2.2904e+00 -3.8499e+00
196 +2.835181460e+03 +2.835181460e+03 +2.891791460e+03 +2.891791460e+03 -3.4170e+00 -2.4921e+00 -4.1209e+00
215 +5.839279677e+02 +5.839279677e+02 +6.405379677e+02 +6.405379677e+02 -3.4822e+00 -2.4617e+00 -4.0599e+00
254 +2.794179622e+00 +2.794179622e+00 +5.940417962e+01 +5.940417962e+01 -3.4467e+00 -2.4853e+00 -4.0533e+00
356 +1.490546253e+00 +1.490546253e+00 +5.810054625e+01 +5.810054625e+01 -3.4749e+00 -2.4694e+00 -4.0369e+00
363 +5.478414785e-01 +5.478414785e-01 +5.715784148e+01 +5.715784148e+01 -3.4775e+00 -2.4677e+00 -4.0363e+00
400 +3.172781763e-01 +3.172781763e-01 +5.692727818e+01 +5.692727818e+01 -3.4727e+00 -2.4709e+00 -4.0390e+00
425 +2.495032255e-01 +2.495032255e-01 +5.685950323e+01 +5.685950323e+01 -3.4774e+00 -2.4678e+00 -4.0368e+00
820 +1.583667404e-01 +1.583667404e-01 +5.676836674e+01 +5.676836674e+01 -3.4939e+00 -2.4591e+00 -4.0292e+00
1006 +9.859558727e-02 +9.859558727e-02 +5.670859559e+01 +5.670859559e+01 -3.5664e+00 -2.4209e+00 -3.9955e+00
1201 +6.154237687e-02 +6.154237687e-02 +5.667154238e+01 +5.667154238e+01 -3.6246e+00 -2.3912e+00 -3.9688e+00
1351 +3.965172492e-02 +3.965172492e-02 +5.664965172e+01 +5.664965172e+01 -3.6693e+00 -2.3690e+00 -3.9485e+00
1448 +2.263087065e-02 +2.263087065e-02 +5.663263087e+01 +5.663263087e+01 -3.7141e+00 -2.3473e+00 -3.9285e+00
1490 +1.576625481e-02 +1.576625481e-02 +5.662576625e+01 +5.662576625e+01 -3.7427e+00 -2.3335e+00 -3.9157e+00
1600 +9.710024195e-03 +9.710024195e-03 +5.661971002e+01 +5.661971002e+01 -3.7674e+00 -2.3218e+00 -3.9048e+00
1626 +6.073877481e-03 +6.073877481e-03 +5.661607388e+01 +5.661607388e+01 -3.7949e+00 -2.3086e+00 -3.8926e+00
1657 +2.422813107e-03 +2.422813107e-03 +5.661242281e+01 +5.661242281e+01 -3.8082e+00 -2.3023e+00 -3.8867e+00
1705 +1.250321981e-03 +1.250321981e-03 +5.661125032e+01 +5.661125032e+01 -3.8214e+00 -2.2959e+00 -3.8808e+00
1813 +9.902300668e-04 +9.902300668e-04 +5.661099023e+01 +5.661099023e+01 -3.8233e+00 -2.2950e+00 -3.8800e+00
1952 +6.026298764e-04 +6.026298764e-04 +5.661060263e+01 +5.661060263e+01 -3.8297e+00 -2.2919e+00 -3.8771e+00
2041 +3.912721048e-04 +3.912721048e-04 +5.661039127e+01 +5.661039127e+01 -3.8339e+00 -2.2898e+00 -3.8752e+00
2145 +2.484239986e-04 +2.484239986e-04 +5.661024842e+01 +5.661024842e+01 -3.8381e+00 -2.2877e+00 -3.8733e+00
2208 +1.439855753e-04 +1.439855753e-04 +5.661014399e+01 +5.661014399e+01 -3.8416e+00 -2.2859e+00 -3.8717e+00
2271 +9.283294263e-05 +9.283294263e-05 +5.661009283e+01 +5.661009283e+01 -3.8430e+00 -2.2852e+00 -3.8711e+00
2446 +5.711647282e-05 +5.711647282e-05 +5.661005712e+01 +5.661005712e+01 -3.8451e+00 -2.2841e+00 -3.8701e+00
2502 +3.880368259e-05 +3.880368259e-05 +5.661003880e+01 +5.661003880e+01 -3.8459e+00 -2.2837e+00 -3.8697e+00
2544 +2.446210769e-05 +2.446210769e-05 +5.661002446e+01 +5.661002446e+01 -3.8470e+00 -2.2831e+00 -3.8692e+00
2691 +1.561549083e-05 +1.561549083e-05 +5.661001562e+01 +5.661001562e+01 -3.8479e+00 -2.2826e+00 -3.8688e+00
2761 +9.747640505e-06 +9.747640505e-06 +5.661000975e+01 +5.661000975e+01 -3.8486e+00 -2.2822e+00 -3.8684e+00
2808 +4.460633569e-06 +4.460633569e-06 +5.661000446e+01 +5.661000446e+01 -3.8495e+00 -2.2817e+00 -3.8680e+00
2822 +2.602379830e-06 +2.602379830e-06 +5.661000260e+01 +5.661000260e+01 -3.8499e+00 -2.2815e+00 -3.8678e+00
2897 +2.352878973e-06 +2.352878973e-06 +5.661000235e+01 +5.661000235e+01 -3.8501e+00 -2.2814e+00 -3.8677e+00
2933 +1.179250475e-06 +1.179250475e-06 +5.661000118e+01 +5.661000118e+01 -3.8504e+00 -2.2812e+00 -3.8676e+00
3101 +9.284931224e-07 +9.284931224e-07 +5.661000093e+01 +5.661000093e+01 -3.8505e+00 -2.2812e+00 -3.8675e+00
3174 +6.153308050e-07 +6.153308050e-07 +5.661000062e+01 +5.661000062e+01 -3.8506e+00 -2.2812e+00 -3.8675e+00
3196 +3.980158141e-07 +3.980158141e-07 +5.661000040e+01 +5.661000040e+01 -3.8507e+00 -2.2811e+00 -3.8674e+00
3227 +1.771238161e-07 +1.771238161e-07 +5.661000018e+01 +5.661000018e+01 -3.8509e+00 -2.2810e+00 -3.8674e+00
3234 +1.415365460e-07 +1.415365460e-07 +5.661000014e+01 +5.661000014e+01 -3.8509e+00 -2.2810e+00 -3.8673e+00
3364 +9.917543764e-08 +9.917543764e-08 +5.661000010e+01 +5.661000010e+01 -3.8510e+00 -2.2809e+00 -3.8673e+00
3386 +5.165034622e-08 +5.165034622e-08 +5.661000005e+01 +5.661000005e+01 -3.8510e+00 -2.2809e+00 -3.8673e+00
3444 +3.562406903e-08 +3.562406903e-08 +5.661000004e+01 +5.661000004e+01 -3.8511e+00 -2.2809e+00 -3.8673e+00
3470 +2.204449601e-08 +2.204449601e-08 +5.661000002e+01 +5.661000002e+01 -3.8511e+00 -2.2809e+00 -3.8673e+00
3494 +1.061809485e-08 +1.061809485e-08 +5.661000001e+01 +5.661000001e+01 -3.8511e+00 -2.2808e+00 -3.8672e+00
3541 +7.989584105e-09 +7.989584105e-09 +5.661000001e+01 +5.661000001e+01 -3.8511e+00 -2.2808e+00 -3.8672e+00
% function evaluation | noise-free fitness - Fopt (5.661000000000e+01) | best noise-free fitness - Fopt | measured fitness | best measured fitness | x1 | x2...
1 +2.261908839e+08 +2.261908839e+08 +2.261909405e+08 +2.261909405e+08 +5.3321e-01 -3.8082e+00 +3.2839e+00
2 +8.010255449e+07 +8.010255449e+07 +8.010261110e+07 +8.010261110e+07 +1.6853e+00 -6.1358e+00 +2.1454e+00
4 +6.185148050e+07 +6.185148050e+07 +6.185153711e+07 +6.185153711e+07 -1.6262e+00 -4.4967e+00 +1.9841e+00
9 +3.896546227e+07 +3.896546227e+07 +3.896551888e+07 +3.896551888e+07 -1.1792e+00 -5.9291e+00 +9.0609e-01
10 +2.199152952e+07 +2.199152952e+07 +2.199158613e+07 +2.199158613e+07 -3.2121e+00 -4.5812e+00 +1.2235e-01
13 +7.912980452e+06 +7.912980452e+06 +7.913037062e+06 +7.913037062e+06 -3.9270e+00 -5.0397e+00 -2.8495e+00
23 +2.031091592e+06 +2.031091592e+06 +2.031148202e+06 +2.031148202e+06 -6.3602e+00 -2.2836e+00 -2.1751e+00
54 +1.999545232e+04 +1.999545232e+04 +2.005206232e+04 +2.005206232e+04 -3.4104e-01 -5.7815e+00 -6.3061e+00
143 +1.543989450e+04 +1.543989450e+04 +1.549650450e+04 +1.549650450e+04 -2.7461e+00 -2.8367e+00 -4.4757e+00
193 +6.360560853e+03 +6.360560853e+03 +6.417170853e+03 +6.417170853e+03 -3.6953e+00 -2.4447e+00 -3.9213e+00
199 +5.200736785e+02 +5.200736785e+02 +5.766836785e+02 +5.766836785e+02 -4.2644e+00 -1.9339e+00 -3.5776e+00
253 +1.711473562e+02 +1.711473562e+02 +2.277573562e+02 +2.277573562e+02 -3.5261e+00 -2.4333e+00 -4.0004e+00
255 +9.035532756e+01 +9.035532756e+01 +1.469653276e+02 +1.469653276e+02 -3.5793e+00 -2.4245e+00 -3.9963e+00
321 +4.487135258e+01 +4.487135258e+01 +1.014813526e+02 +1.014813526e+02 -3.4423e+00 -2.4844e+00 -4.0462e+00
323 +2.303191263e+00 +2.303191263e+00 +5.891319126e+01 +5.891319126e+01 -3.5401e+00 -2.4363e+00 -4.0081e+00
376 +2.740875111e-01 +2.740875111e-01 +5.688408751e+01 +5.688408751e+01 -3.4197e+00 -2.5000e+00 -4.0644e+00
473 +2.427731233e-01 +2.427731233e-01 +5.685277312e+01 +5.685277312e+01 -3.4233e+00 -2.4978e+00 -4.0628e+00
800 +1.526193130e-01 +1.526193130e-01 +5.676261931e+01 +5.676261931e+01 -3.5064e+00 -2.4523e+00 -4.0233e+00
995 +9.849981393e-02 +9.849981393e-02 +5.670849981e+01 +5.670849981e+01 -3.5800e+00 -2.4137e+00 -3.9891e+00
1204 +6.138409013e-02 +6.138409013e-02 +5.667138409e+01 +5.667138409e+01 -3.6267e+00 -2.3901e+00 -3.9678e+00
1315 +3.866222133e-02 +3.866222133e-02 +5.664866222e+01 +5.664866222e+01 -3.6792e+00 -2.3642e+00 -3.9441e+00
1439 +2.351078109e-02 +2.351078109e-02 +5.663351078e+01 +5.663351078e+01 -3.7109e+00 -2.3488e+00 -3.9299e+00
1466 +1.341301035e-02 +1.341301035e-02 +5.662341301e+01 +5.662341301e+01 -3.7545e+00 -2.3278e+00 -3.9105e+00
1539 +8.944626225e-03 +8.944626225e-03 +5.661894463e+01 +5.661894463e+01 -3.7680e+00 -2.3215e+00 -3.9046e+00
1581 +6.266826106e-03 +6.266826106e-03 +5.661626683e+01 +5.661626683e+01 -3.7850e+00 -2.3134e+00 -3.8970e+00
1596 +2.683342349e-03 +2.683342349e-03 +5.661268334e+01 +5.661268334e+01 -3.8050e+00 -2.3038e+00 -3.8881e+00
1608 +1.290617470e-03 +1.290617470e-03 +5.661129062e+01 +5.661129062e+01 -3.8241e+00 -2.2946e+00 -3.8796e+00
1665 +7.680654318e-04 +7.680654318e-04 +5.661076807e+01 +5.661076807e+01 -3.8288e+00 -2.2923e+00 -3.8775e+00
1712 +6.035921396e-04 +6.035921396e-04 +5.661060359e+01 +5.661060359e+01 -3.8315e+00 -2.2910e+00 -3.8763e+00
1799 +3.943863130e-04 +3.943863130e-04 +5.661039439e+01 +5.661039439e+01 -3.8375e+00 -2.2880e+00 -3.8736e+00
1925 +2.444167812e-04 +2.444167812e-04 +5.661024442e+01 +5.661024442e+01 -3.8394e+00 -2.2871e+00 -3.8727e+00
1984 +1.464501564e-04 +1.464501564e-04 +5.661014645e+01 +5.661014645e+01 -3.8413e+00 -2.2861e+00 -3.8718e+00
2025 +8.507167097e-05 +8.507167097e-05 +5.661008507e+01 +5.661008507e+01 -3.8433e+00 -2.2850e+00 -3.8709e+00
2120 +5.778143910e-05 +5.778143910e-05 +5.661005778e+01 +5.661005778e+01 -3.8453e+00 -2.2840e+00 -3.8700e+00
2145 +2.998864839e-05 +2.998864839e-05 +5.661002999e+01 +5.661002999e+01 -3.8467e+00 -2.2833e+00 -3.8693e+00
2179 +1.851255404e-05 +1.851255404e-05 +5.661001851e+01 +5.661001851e+01 -3.8479e+00 -2.2826e+00 -3.8688e+00
2211 +1.298778874e-05 +1.298778874e-05 +5.661001299e+01 +5.661001299e+01 -3.8488e+00 -2.2821e+00 -3.8683e+00
2379 +9.237067509e-06 +9.237067509e-06 +5.661000924e+01 +5.661000924e+01 -3.8488e+00 -2.2821e+00 -3.8683e+00
2439 +6.285187865e-06 +6.285187865e-06 +5.661000629e+01 +5.661000629e+01 -3.8496e+00 -2.2817e+00 -3.8680e+00
2453 +3.823763031e-06 +3.823763031e-06 +5.661000382e+01 +5.661000382e+01 -3.8497e+00 -2.2817e+00 -3.8679e+00
2579 +2.441719374e-06 +2.441719374e-06 +5.661000244e+01 +5.661000244e+01 -3.8499e+00 -2.2815e+00 -3.8678e+00
2690 +1.496316074e-06 +1.496316074e-06 +5.661000150e+01 +5.661000150e+01 -3.8502e+00 -2.2814e+00 -3.8677e+00
2750 +9.820722013e-07 +9.820722013e-07 +5.661000098e+01 +5.661000098e+01 -3.8504e+00 -2.2813e+00 -3.8676e+00
2804 +6.005362181e-07 +6.005362181e-07 +5.661000060e+01 +5.661000060e+01 -3.8506e+00 -2.2812e+00 -3.8675e+00
2854 +3.303568690e-07 +3.303568690e-07 +5.661000033e+01 +5.661000033e+01 -3.8507e+00 -2.2811e+00 -3.8674e+00
2902 +2.246853725e-07 +2.246853725e-07 +5.661000022e+01 +5.661000022e+01 -3.8509e+00 -2.2810e+00 -3.8674e+00
2927 +1.359391106e-07 +1.359391106e-07 +5.661000014e+01 +5.661000014e+01 -3.8509e+00 -2.2809e+00 -3.8673e+00
2999 +7.719707185e-08 +7.719707185e-08 +5.661000008e+01 +5.661000008e+01 -3.8510e+00 -2.2809e+00 -3.8673e+00
3012 +6.109907247e-08 +6.109907247e-08 +5.661000006e+01 +5.661000006e+01 -3.8510e+00 -2.2809e+00 -3.8673e+00
3046 +3.961240225e-08 +3.961240225e-08 +5.661000004e+01 +5.661000004e+01 -3.8510e+00 -2.2809e+00 -3.8673e+00
3117 +2.507491104e-08 +2.507491104e-08 +5.661000003e+01 +5.661000003e+01 -3.8511e+00 -2.2809e+00 -3.8673e+00
3137 +8.992152800e-09 +8.992152800e-09 +5.661000001e+01 +5.661000001e+01 -3.8511e+00 -2.2808e+00 -3.8672e+00
% function evaluation | noise-free fitness - Fopt (5.661000000000e+01) | best noise-free fitness - Fopt | measured fitness | best measured fitness | x1 | x2...
1 +1.729078060e+10 +1.729078060e+10 +1.729078066e+10 +1.729078066e+10 -3.2445e+00 +1.9665e+00 +3.7511e+00
4 +1.359182631e+10 +1.359182631e+10 +1.359182636e+10 +1.359182636e+10 -4.1726e+00 +2.4077e+00 +2.8753e+00
5 +4.128220744e+09 +4.128220744e+09 +4.128220800e+09 +4.128220800e+09 -4.4734e+00 -1.5630e+00 +4.9648e+00
9 +1.622427939e+09 +1.622427939e+09 +1.622427995e+09 +1.622427995e+09 -1.6273e+00 -4.8351e-01 +2.9460e+00
15 +1.474457628e+09 +1.474457628e+09 +1.474457684e+09 +1.474457684e+09 -3.5633e+00 +1.3954e+00 +9.0034e-01
16 +6.707206188e+08 +6.707206188e+08 +6.707206754e+08 +6.707206754e+08 -3.6395e+00 +6.9663e-01 +5.9194e-01
25 +7.194572419e+06 +7.194572419e+06 +7.194629029e+06 +7.194629029e+06 -4.4791e+00 -2.4555e+00 -1.2437e+00
30 +4.370715044e+05 +4.370715044e+05 +4.371281144e+05 +4.371281144e+05 -4.0378e+00 -2.6860e+00 -3.3562e+00
85 +2.018756133e+05 +2.018756133e+05 +2.019322233e+05 +2.019322233e+05 -4.0442e+00 -2.5064e+00 -4.2174e+00
117 +1.133378511e+05 +1.133378511e+05 +1.133944611e+05 +1.133944611e+05 -5.0024e+00 -1.7913e+00 -3.0323e+00
141 +4.597371589e+04 +4.597371589e+04 +4.603032589e+04 +4.603032589e+04 -4.4675e+00 -1.7221e+00 -3.6672e+00
147 +2.324108176e+04 +2.324108176e+04 +2.329769176e+04 +2.329769176e+04 -5.2372e+00 -1.5777e+00 -3.3109e+00
174 +2.541568816e+02 +2.541568816e+02 +3.107668816e+02 +3.107668816e+02 -4.2510e+00 -1.9838e+00 -3.6127e+00
227 +1.383456591e+02 +1.383456591e+02 +1.949556591e+02 +1.949556591e+02 -4.0410e+00 -2.1131e+00 -3.7105e+00
243 +6.116769094e+01 +6.116769094e+01 +1.177776909e+02 +1.177776909e+02 -3.9973e+00 -2.1632e+00 -3.7683e+00
252 +3.286582181e+00 +3.286582181e+00 +5.989658218e+01 +5.989658218e+01 -4.0101e+00 -2.1453e+00 -3.7490e+00
315 +1.245955087e+00 +1.245955087e+00 +5.785595509e+01 +5.785595509e+01 -4.0132e+00 -2.1430e+00 -3.7446e+00
340 +6.382796050e-01 +6.382796050e-01 +5.724827960e+01 +5.724827960e+01 -4.0139e+00 -2.1435e+00 -3.7443e+00
352 +5.715070584e-01 +5.715070584e-01 +5.718150706e+01 +5.718150706e+01 -4.0084e+00 -2.1473e+00 -3.7489e+00
360 +2.360833261e-01 +2.360833261e-01 +5.684608333e+01 +5.684608333e+01 -4.0067e+00 -2.1491e+00 -3.7501e+00
364 +5.765913272e-02 +5.765913272e-02 +5.666765913e+01 +5.666765913e+01 -4.0104e+00 -2.1466e+00 -3.7477e+00
688 +3.950170199e-02 +3.950170199e-02 +5.664950170e+01 +5.664950170e+01 -4.0117e+00 -2.1457e+00 -3.7470e+00
946 +2.463021984e-02 +2.463021984e-02 +5.663463022e+01 +5.663463022e+01 -3.9778e+00 -2.1736e+00 -3.7718e+00
1123 +1.520837904e-02 +1.520837904e-02 +5.662520838e+01 +5.662520838e+01 -3.9514e+00 -2.1960e+00 -3.7917e+00
1207 +9.476640551e-03 +9.476640551e-03 +5.661947664e+01 +5.661947664e+01 -3.9278e+00 -2.2163e+00 -3.8098e+00
1250 +5.783864104e-03 +5.783864104e-03 +5.661578386e+01 +5.661578386e+01 -3.9081e+00 -2.2333e+00 -3.8250e+00
1274 +3.933030951e-03 +3.933030951e-03 +5.661393303e+01 +5.661393303e+01 -3.8902e+00 -2.2489e+00 -3.8389e+00
1278 +1.351223428e-03 +1.351223428e-03 +5.661135122e+01 +5.661135122e+01 -3.8778e+00 -2.2595e+00 -3.8484e+00
1493 +8.736469753e-04 +8.736469753e-04 +5.661087365e+01 +5.661087365e+01 -3.8744e+00 -2.2623e+00 -3.8510e+00
1574 +6.060306271e-04 +6.060306271e-04 +5.661060603e+01 +5.661060603e+01 -3.8709e+00 -2.2653e+00 -3.8536e+00
1763 +3.872153929e-04 +3.872153929e-04 +5.661038722e+01 +5.661038722e+01 -3.8668e+00 -2.2687e+00 -3.8566e+00
1882 +2.422524028e-04 +2.422524028e-04 +5.661024225e+01 +5.661024225e+01 -3.8637e+00 -2.2713e+00 -3.8589e+00
1996 +1.501455714e-04 +1.501455714e-04 +5.661015015e+01 +5.661015015e+01 -3.8610e+00 -2.2734e+00 -3.8608e+00
2185 +9.808310554e-05 +9.808310554e-05 +5.661009808e+01 +5.661009808e+01 -3.8591e+00 -2.2749e+00 -3.8621e+00
2273 +5.499366608e-05 +5.499366608e-05 +5.661005499e+01 +5.661005499e+01 -3.8569e+00 -2.2766e+00 -3.8636e+00
2417 +3.891152817e-05 +3.891152817e-05 +5.661003891e+01 +5.661003891e+01 -3.8562e+00 -2.2772e+00 -3.8641e+00
2519 +2.281829404e-05 +2.281829404e-05 +5.661002282e+01 +5.661002282e+01 -3.8549e+00 -2.2782e+00 -3.8650e+00
2564 +1.562487908e-05 +1.562487908e-05 +5.661001562e+01 +5.661001562e+01 -3.8543e+00 -2.2786e+00 -3.8653e+00
2720 +9.991935137e-06 +9.991935137e-06 +5.661000999e+01 +5.661000999e+01 -3.8537e+00 -2.2791e+00 -3.8657e+00
2794 +6.074217112e-06 +6.074217112e-06 +5.661000607e+01 +5.661000607e+01 -3.8531e+00 -2.2795e+00 -3.8661e+00
2945 +3.665571292e-06 +3.665571292e-06 +5.661000367e+01 +5.661000367e+01 -3.8527e+00 -2.2798e+00 -3.8663e+00
3070 +2.480748535e-06 +2.480748535e-06 +5.661000248e+01 +5.661000248e+01 -3.8524e+00 -2.2800e+00 -3.8665e+00
3132 +1.544588372e-06 +1.544588372e-06 +5.661000154e+01 +5.661000154e+01 -3.8522e+00 -2.2802e+00 -3.8667e+00
3172 +9.050690366e-07 +9.050690366e-07 +5.661000091e+01 +5.661000091e+01 -3.8519e+00 -2.2803e+00 -3.8668e+00
3334 +6.178495440e-07 +6.178495440e-07 +5.661000062e+01 +5.661000062e+01 -3.8517e+00 -2.2805e+00 -3.8669e+00
3422 +3.917607287e-07 +3.917607287e-07 +5.661000039e+01 +5.661000039e+01 -3.8517e+00 -2.2805e+00 -3.8669e+00
3499 +2.490026034e-07 +2.490026034e-07 +5.661000025e+01 +5.661000025e+01 -3.8516e+00 -2.2806e+00 -3.8670e+00
3571 +1.583649478e-07 +1.583649478e-07 +5.661000016e+01 +5.661000016e+01 -3.8515e+00 -2.2806e+00 -3.8671e+00
3598 +9.028332215e-08 +9.028332215e-08 +5.661000009e+01 +5.661000009e+01 -3.8514e+00 -2.2807e+00 -3.8671e+00
3713 +5.712117712e-08 +5.712117712e-08 +5.661000006e+01 +5.661000006e+01 -3.8514e+00 -2.2807e+00 -3.8671e+00
3754 +3.980602514e-08 +3.980602514e-08 +5.661000004e+01 +5.661000004e+01 -3.8514e+00 -2.2807e+00 -3.8671e+00
3828 +2.417822031e-08 +2.417822031e-08 +5.661000002e+01 +5.661000002e+01 -3.8513e+00 -2.2807e+00 -3.8671e+00
3904 +1.493203428e-08 +1.493203428e-08 +5.661000001e+01 +5.661000001e+01 -3.8513e+00 -2.2807e+00 -3.8672e+00
3959 +7.942638547e-09 +7.942638547e-09 +5.661000001e+01 +5.661000001e+01 -3.8513e+00 -2.2808e+00 -3.8672e+00
% function evaluation | noise-free fitness - Fopt (-1.810000000000e+01) | best noise-free fitness - Fopt | measured fitness | best measured fitness | x1 | x2...
1 +7.160139973e+06 +7.160139973e+06 +7.160121873e+06 +7.160121873e+06 +1.3127e+00 +1.1530e-01 +1.1697e+00
5 +5.649419962e+06 +5.649419962e+06 +5.649401862e+06 +5.649401862e+06 +2.0904e+00 +1.5102e+00 +4.3254e+00
6 +6.513797869e+05 +6.513797869e+05 +6.513616869e+05 +6.513616869e+05 +3.7271e+00 +3.3196e+00 +1.0548e+00
30 +4.136898585e+04 +4.136898585e+04 +4.135088585e+04 +4.135088585e+04 +7.0020e-01 +1.1150e+00 +2.2095e+00
52 +2.304203108e+04 +2.304203108e+04 +2.302393108e+04 +2.302393108e+04 +2.0139e+00 +2.0850e+00 +1.7356e+00
91 +6.493829363e+03 +6.493829363e+03 +6.475729363e+03 +6.475729363e+03 +1.9100e+00 +1.9366e+00 +1.8016e+00
93 +2.430884324e+03 +2.430884324e+03 +2.412784324e+03 +2.412784324e+03 +2.4989e+00 +2.1746e+00 +1.7242e+00
137 +2.901309177e+02 +2.901309177e+02 +2.720309177e+02 +2.720309177e+02 +2.5350e+00 +2.2089e+00 +1.6882e+00
172 +1.378547465e+02 +1.378547465e+02 +1.197547465e+02 +1.197547465e+02 +2.2566e+00 +2.1175e+00 +1.7641e+00
179 +3.772980689e+01 +3.772980689e+01 +1.962980689e+01 +1.962980689e+01 +2.1982e+00 +2.0692e+00 +1.7820e+00
196 +1.858456689e+01 +1.858456689e+01 +4.845668912e-01 +4.845668912e-01 +2.2446e+00 +2.0990e+00 +1.7705e+00
303 +1.466840249e+01 +1.466840249e+01 -3.431597511e+00 -3.431597511e+00 +2.2704e+00 +2.1071e+00 +1.7618e+00
765 +9.714019518e+00 +9.714019518e+00 -8.385980482e+00 -8.385980482e+00 +2.0014e+00 +1.9856e+00 +1.8395e+00
988 +6.197807176e+00 +6.197807176e+00 -1.190219282e+01 -1.190219282e+01 +1.4384e+00 +1.7258e+00 +2.0167e+00
1283 +3.955376747e+00 +3.955376747e+00 -1.414462325e+01 -1.414462325e+01 +1.0215e+00 +1.5305e+00 +2.1617e+00
1694 +2.470519857e+00 +2.470519857e+00 -1.562948014e+01 -1.562948014e+01 +6.8097e-01 +1.3681e+00 +2.2902e+00
1928 +1.449139664e+00 +1.449139664e+00 -1.665086034e+01 -1.665086034e+01 +3.8920e-01 +1.2282e+00 +2.4096e+00
2214 +9.769922059e-01 +9.769922059e-01 -1.712300779e+01 -1.712300779e+01 +2.0872e-01 +1.1401e+00 +2.4880e+00
2435 +5.788939934e-01 +5.788939934e-01 -1.752110601e+01 -1.752110601e+01 +1.1753e-02 +1.0426e+00 +2.5783e+00
2626 +3.906475504e-01 +3.906475504e-01 -1.770935245e+01 -1.770935245e+01 -1.0972e-01 +9.8183e-01 +2.6363e+00
2781 +2.236479561e-01 +2.236479561e-01 -1.787635204e+01 -1.787635204e+01 -2.4390e-01 +9.1357e-01 +2.7030e+00
2865 +1.323417075e-01 +1.323417075e-01 -1.796765829e+01 -1.796765829e+01 -3.1160e-01 +8.7866e-01 +2.7379e+00
2965 +8.242536533e-02 +8.242536533e-02 -1.801757463e+01 -1.801757463e+01 -3.8016e-01 +8.4312e-01 +2.7736e+00
3025 +5.373709846e-02 +5.373709846e-02 -1.804626290e+01 -1.804626290e+01 -4.2184e-01 +8.2133e-01 +2.7957e+00
3077 +3.939036152e-02 +3.939036152e-02 -1.806060964e+01 -1.806060964e+01 -4.7168e-01 +7.9527e-01 +2.8221e+00
3098 +2.361938177e-02 +2.361938177e-02 -1.807638062e+01 -1.807638062e+01 -4.9977e-01 +7.8037e-01 +2.8372e+00
3219 +1.575811789e-02 +1.575811789e-02 -1.808424188e+01 -1.808424188e+01 -5.1244e-01 +7.7358e-01 +2.8439e+00
3284 +9.249975577e-03 +9.249975577e-03 -1.809075002e+01 -1.809075002e+01 -5.3882e-01 +7.5956e-01 +2.8580e+00
3346 +6.156858445e-03 +6.156858445e-03 -1.809384314e+01 -1.809384314e+01 -5.7315e-01 +7.4129e-01 +2.8760e+00
3367 +3.919857615e-03 +3.919857615e-03 -1.809608014e+01 -1.809608014e+01 -5.6618e-01 +7.4494e-01 +2.8725e+00
3440 +2.076105946e-03 +2.076105946e-03 -1.809792389e+01 -1.809792389e+01 -5.7709e-01 +7.3911e-01 +2.8781e+00
3504 +1.547093892e-03 +1.547093892e-03 -1.809845291e+01 -1.809845291e+01 -5.8316e-01 +7.3588e-01 +2.8813e+00
3516 +9.930696161e-04 +9.930696161e-04 -1.809900693e+01 -1.809900693e+01 -5.8910e-01 +7.3268e-01 +2.8843e+00
3612 +6.035451470e-04 +6.035451470e-04 -1.809939645e+01 -1.809939645e+01 -5.9445e-01 +7.2982e-01 +2.8871e+00
3688 +3.963744657e-04 +3.963744657e-04 -1.809960363e+01 -1.809960363e+01 -5.9836e-01 +7.2774e-01 +2.8890e+00
3769 +2.294134677e-04 +2.294134677e-04 -1.809977059e+01 -1.809977059e+01 -6.0335e-01 +7.2507e-01 +2.8915e+00
3806 +1.388739545e-04 +1.388739545e-04 -1.809986113e+01 -1.809986113e+01 -6.0520e-01 +7.2408e-01 +2.8924e+00
3833 +8.010987243e-05 +8.010987243e-05 -1.809991989e+01 -1.809991989e+01 -6.0787e-01 +7.2266e-01 +2.8937e+00
3892 +6.094479046e-05 +6.094479046e-05 -1.809993906e+01 -1.809993906e+01 -6.0867e-01 +7.2225e-01 +2.8941e+00
3957 +3.823241565e-05 +3.823241565e-05 -1.809996177e+01 -1.809996177e+01 -6.0930e-01 +7.2191e-01 +2.8944e+00
3971 +2.374750418e-05 +2.374750418e-05 -1.809997625e+01 -1.809997625e+01 -6.1038e-01 +7.2133e-01 +2.8949e+00
4111 +1.471908833e-05 +1.471908833e-05 -1.809998528e+01 -1.809998528e+01 -6.1142e-01 +7.2077e-01 +2.8954e+00
4209 +8.662425717e-06 +8.662425717e-06 -1.809999134e+01 -1.809999134e+01 -6.1197e-01 +7.2049e-01 +2.8957e+00
4229 +5.959430929e-06 +5.959430929e-06 -1.809999404e+01 -1.809999404e+01 -6.1239e-01 +7.2026e-01 +2.8959e+00
4286 +3.762351483e-06 +3.762351483e-06 -1.809999624e+01 -1.809999624e+01 -6.1291e-01 +7.1999e-01 +2.8961e+00
4338 +2.403680512e-06 +2.403680512e-06 -1.809999760e+01 -1.809999760e+01 -6.1315e-01 +7.1986e-01 +2.8962e+00
4378 +1.511635102e-06 +1.511635102e-06 -1.809999849e+01 -1.809999849e+01 -6.1343e-01 +7.1971e-01 +2.8964e+00
4437 +8.839929571e-07 +8.839929571e-07 -1.809999912e+01 -1.809999912e+01 -6.1370e-01 +7.1957e-01 +2.8965e+00
4484 +6.117907674e-07 +6.117907674e-07 -1.809999939e+01 -1.809999939e+01 -6.1377e-01 +7.1953e-01 +2.8965e+00
4502 +3.879428654e-07 +3.879428654e-07 -1.809999961e+01 -1.809999961e+01 -6.1392e-01 +7.1945e-01 +2.8966e+00
4533 +2.077561767e-07 +2.077561767e-07 -1.809999979e+01 -1.809999979e+01 -6.1402e-01 +7.1940e-01 +2.8966e+00
4645 +1.567530106e-07 +1.567530106e-07 -1.809999984e+01 -1.809999984e+01 -6.1407e-01 +7.1937e-01 +2.8967e+00
4673 +9.723814287e-08 +9.723814287e-08 -1.809999990e+01 -1.809999990e+01 -6.1414e-01 +7.1934e-01 +2.8967e+00
4728 +5.943452663e-08 +5.943452663e-08 -1.809999994e+01 -1.809999994e+01 -6.1420e-01 +7.1930e-01 +2.8967e+00
4765 +2.992589643e-08 +2.992589643e-08 -1.809999997e+01 -1.809999997e+01 -6.1426e-01 +7.1928e-01 +2.8967e+00
4775 +2.376251729e-08 +2.376251729e-08 -1.809999998e+01 -1.809999998e+01 -6.1427e-01 +7.1927e-01 +2.8967e+00
4828 +1.147660456e-08 +1.147660456e-08 -1.809999999e+01 -1.809999999e+01 -6.1433e-01 +7.1924e-01 +2.8968e+00
4830 +8.387139872e-09 +8.387139872e-09 -1.809999999e+01 -1.809999999e+01 -6.1434e-01 +7.1923e-01 +2.8968e+00
% function evaluation | noise-free fitness - Fopt (-1.810000000000e+01) | best noise-free fitness - Fopt | measured fitness | best measured fitness | x1 | x2...
1 +5.011645388e+07 +5.011645388e+07 +5.011643578e+07 +5.011643578e+07 -2.2563e+00 +1.9606e+00 -5.6293e-01
2 +2.605964774e+07 +2.605964774e+07 +2.605962964e+07 +2.605962964e+07 -2.4353e+00 -3.1996e-01 -2.7586e-01
3 +1.706837822e+07 +1.706837822e+07 +1.706836012e+07 +1.706836012e+07 -1.8043e+00 +4.5877e+00 +2.2774e+00
8 +1.203151502e+07 +1.203151502e+07 +1.203149692e+07 +1.203149692e+07 -2.3818e+00 -7.5989e-02 +5.4406e-01
9 +3.008647446e+06 +3.008647446e+06 +3.008629346e+06 +3.008629346e+06 -1.6743e+00 +2.1395e+00 +2.9161e+00
16 +3.461875304e+05 +3.461875304e+05 +3.461694304e+05 +3.461694304e+05 -7.9627e-01 +1.1467e+00 +2.4211e+00
31 +1.277078731e+05 +1.277078731e+05 +1.276897731e+05 +1.276897731e+05 +2.4298e-01 +6.9685e-01 +2.7283e+00
33 +4.551655157e+04 +4.551655157e+04 +4.549845157e+04 +4.549845157e+04 +4.5399e-01 +9.5236e-01 +2.4237e+00
40 +1.164690666e+04 +1.164690666e+04 +1.162880666e+04 +1.162880666e+04 +8.4474e-01 +1.5438e+00 +2.1448e+00
143 +3.848333546e+03 +3.848333546e+03 +3.830233546e+03 +3.830233546e+03 -4.9530e+00 -1.6102e+00 +4.7080e+00
177 +2.046697073e+03 +2.046697073e+03 +2.028597073e+03 +2.028597073e+03 -5.1012e+00 -1.6216e+00 +4.7564e+00
192 +5.824518069e+01 +5.824518069e+01 +4.014518069e+01 +4.014518069e+01 -5.0461e+00 -1.6024e+00 +4.7764e+00
245 +3.610855520e+01 +3.610855520e+01 +1.800855520e+01 +1.800855520e+01 -4.9105e+00 -1.5336e+00 +4.7208e+00
553 +2.450717883e+01 +2.450717883e+01 +6.407178832e+00 +6.407178832e+00 -4.6737e+00 -1.4108e+00 +4.6225e+00
634 +1.550916838e+01 +1.550916838e+01 -2.590831621e+00 -2.590831621e+00 -3.7202e+00 -9.1061e-01 +4.2190e+00
662 +8.903687779e+00 +8.903687779e+00 -9.196312221e+00 -9.196312221e+00 -2.2274e+00 -1.2575e-01 +3.5846e+00
663 +3.608081727e+00 +3.608081727e+00 -1.449191827e+01 -1.449191827e+01 -1.8647e+00 +6.2426e-02 +3.4276e+00
669 +2.261296218e+00 +2.261296218e+00 -1.583870378e+01 -1.583870378e+01 -1.0636e+00 +4.8252e-01 +3.0892e+00
727 +8.639566715e-01 +8.639566715e-01 -1.723604333e+01 -1.723604333e+01 -9.8620e-01 +5.2495e-01 +3.0551e+00
733 +2.058403303e-01 +2.058403303e-01 -1.789415967e+01 -1.789415967e+01 -8.5768e-01 +5.9153e-01 +2.9999e+00
755 +4.387949781e-02 +4.387949781e-02 -1.805612050e+01 -1.805612050e+01 -7.5454e-01 +6.4569e-01 +2.9563e+00
773 +2.823408787e-02 +2.823408787e-02 -1.807176591e+01 -1.807176591e+01 -6.7242e-01 +6.8892e-01 +2.9215e+00
775 +2.164118267e-02 +2.164118267e-02 -1.807835882e+01 -1.807835882e+01 -6.0766e-01 +7.2294e-01 +2.8935e+00
811 +1.287161900e-02 +1.287161900e-02 -1.808712838e+01 -1.808712838e+01 -6.9662e-01 +6.7600e-01 +2.9318e+00
819 +7.974453420e-03 +7.974453420e-03 -1.809202555e+01 -1.809202555e+01 -6.7401e-01 +6.8790e-01 +2.9221e+00
825 +5.562064277e-03 +5.562064277e-03 -1.809443794e+01 -1.809443794e+01 -6.7131e-01 +6.8937e-01 +2.9210e+00
871 +3.281986675e-03 +3.281986675e-03 -1.809671801e+01 -1.809671801e+01 -6.3314e-01 +7.0943e-01 +2.9047e+00
891 +2.154536319e-03 +2.154536319e-03 -1.809784546e+01 -1.809784546e+01 -6.3651e-01 +7.0763e-01 +2.9062e+00
893 +9.481480604e-04 +9.481480604e-04 -1.809905185e+01 -1.809905185e+01 -6.3353e-01 +7.0915e-01 +2.9049e+00
909 +1.916431429e-04 +1.916431429e-04 -1.809980836e+01 -1.809980836e+01 -6.2353e-01 +7.1440e-01 +2.9007e+00
923 +1.399251623e-04 +1.399251623e-04 -1.809986007e+01 -1.809986007e+01 -6.1523e-01 +7.1878e-01 +2.8971e+00
954 +1.566517927e-05 +1.566517927e-05 -1.809998433e+01 -1.809998433e+01 -6.1693e-01 +7.1787e-01 +2.8979e+00
969 +5.478326997e-06 +5.478326997e-06 -1.809999452e+01 -1.809999452e+01 -6.1420e-01 +7.1930e-01 +2.8967e+00
995 +1.256080420e-06 +1.256080420e-06 -1.809999874e+01 -1.809999874e+01 -6.1473e-01 +7.1903e-01 +2.8969e+00
1072 +5.047104423e-07 +5.047104423e-07 -1.809999950e+01 -1.809999950e+01 -6.1464e-01 +7.1907e-01 +2.8969e+00
1081 +3.845420942e-07 +3.845420942e-07 -1.809999962e+01 -1.809999962e+01 -6.1472e-01 +7.1903e-01 +2.8969e+00
1121 +2.477079981e-07 +2.477079981e-07 -1.809999975e+01 -1.809999975e+01 -6.1452e-01 +7.1914e-01 +2.8969e+00
1133 +1.115305821e-07 +1.115305821e-07 -1.809999989e+01 -1.809999989e+01 -6.1433e-01 +7.1924e-01 +2.8968e+00
1145 +2.920510411e-08 +2.920510411e-08 -1.809999997e+01 -1.809999997e+01 -6.1450e-01 +7.1915e-01 +2.8968e+00
1171 +1.842460406e-08 +1.842460406e-08 -1.809999998e+01 -1.809999998e+01 -6.1440e-01 +7.1920e-01 +2.8968e+00
1173 +8.460109058e-09 +8.460109058e-09 -1.809999999e+01 -1.809999999e+01 -6.1444e-01 +7.1918e-01 +2.8968e+00
1178 +3.289194694e-09 +3.289194694e-09 -1.810000000e+01 -1.810000000e+01 -6.1444e-01 +7.1918e-01 +2.8968e+00
% function evaluation | noise-free fitness - Fopt (-1.810000000000e+01) | best noise-free fitness - Fopt | measured fitness | best measured fitness | x1 | x2...
1 +8.599652836e+06 +8.599652836e+06 +8.599634736e+06 +8.599634736e+06 +3.0562e+00 +2.6963e+00 +4.5358e-02
3 +5.459657250e+06 +5.459657250e+06 +5.459639150e+06 +5.459639150e+06 +1.6046e+00 +3.0994e+00 +8.0335e-01
10 +3.937021853e+06 +3.937021853e+06 +3.937003753e+06 +3.937003753e+06 +3.2401e+00 +4.5707e+00 +1.2569e+00
27 +7.731035254e+05 +7.731035254e+05 +7.730854254e+05 +7.730854254e+05 +2.3233e+00 +1.4667e+00 +2.3621e+00
40 +5.601596881e+05 +5.601596881e+05 +5.601415881e+05 +5.601415881e+05 +3.9310e+00 +3.6302e+00 +1.7012e+00
41 +1.692714111e+05 +1.692714111e+05 +1.692533111e+05 +1.692533111e+05 +4.1748e+00 +3.3822e+00 +1.5252e+00
67 +5.842254027e+04 +5.842254027e+04 +5.840444027e+04 +5.840444027e+04 +2.1400e+00 +1.9978e+00 +1.9931e+00
68 +2.589138385e+04 +2.589138385e+04 +2.587328385e+04 +2.587328385e+04 +2.4938e+00 +2.0528e+00 +1.7656e+00
121 +7.016094796e+03 +7.016094796e+03 +6.997994796e+03 +6.997994796e+03 +1.0028e+00 +1.4275e+00 +2.2210e+00
122 +4.022856753e+03 +4.022856753e+03 +4.004756753e+03 +4.004756753e+03 +7.8125e-01 +1.4084e+00 +2.3153e+00
128 +4.148238756e+02 +4.148238756e+02 +3.967238756e+02 +3.967238756e+02 +7.6743e-01 +1.4296e+00 +2.2726e+00
172 +9.938694735e+01 +9.938694735e+01 +8.128694735e+01 +8.128694735e+01 +1.0644e+00 +1.5425e+00 +2.1539e+00
201 +4.897622754e+01 +4.897622754e+01 +3.087622754e+01 +3.087622754e+01 +1.0651e+00 +1.5405e+00 +2.1449e+00
245 +3.691450894e+01 +3.691450894e+01 +1.881450894e+01 +1.881450894e+01 +1.0607e+00 +1.5408e+00 +2.1447e+00
260 +2.455065244e+01 +2.455065244e+01 +6.450652441e+00 +6.450652441e+00 +1.0896e+00 +1.5565e+00 +2.1345e+00
261 +5.777248624e+00 +5.777248624e+00 -1.232275138e+01 -1.232275138e+01 +1.0397e+00 +1.5368e+00 +2.1543e+00
478 +3.917567621e+00 +3.917567621e+00 -1.418243238e+01 -1.418243238e+01 +1.0393e+00 +1.5385e+00 +2.1551e+00
796 +2.484037209e+00 +2.484037209e+00 -1.561596279e+01 -1.561596279e+01 +6.9869e-01 +1.3766e+00 +2.2833e+00
997 +1.558696699e+00 +1.558696699e+00 -1.654130330e+01 -1.654130330e+01 +4.2635e-01 +1.2462e+00 +2.3939e+00
1197 +9.453359349e-01 +9.453359349e-01 -1.715466407e+01 -1.715466407e+01 +1.7993e-01 +1.1260e+00 +2.5010e+00
1412 +6.297569658e-01 +6.297569658e-01 -1.747024303e+01 -1.747024303e+01 +4.2570e-03 +1.0391e+00 +2.5815e+00
1574 +3.978065148e-01 +3.978065148e-01 -1.770219349e+01 -1.770219349e+01 -9.9633e-02 +9.8659e-01 +2.6314e+00
1649 +2.453883437e-01 +2.453883437e-01 -1.785461166e+01 -1.785461166e+01 -2.3645e-01 +9.1713e-01 +2.6997e+00
1826 +1.460864316e-01 +1.460864316e-01 -1.795391357e+01 -1.795391357e+01 -3.1390e-01 +8.7757e-01 +2.7392e+00
1890 +9.789146653e-02 +9.789146653e-02 -1.800210853e+01 -1.800210853e+01 -3.6565e-01 +8.5078e-01 +2.7660e+00
1952 +6.173026661e-02 +6.173026661e-02 -1.803826973e+01 -1.803826973e+01 -4.3665e-01 +8.1365e-01 +2.8033e+00
2027 +3.921873905e-02 +3.921873905e-02 -1.806078126e+01 -1.806078126e+01 -4.5948e-01 +8.0151e-01 +2.8157e+00
2054 +2.387632145e-02 +2.387632145e-02 -1.807612368e+01 -1.807612368e+01 -5.1185e-01 +7.7378e-01 +2.8435e+00
2085 +1.431851272e-02 +1.431851272e-02 -1.808568149e+01 -1.808568149e+01 -5.4733e-01 +7.5508e-01 +2.8626e+00
2088 +9.695617955e-03 +9.695617955e-03 -1.809030438e+01 -1.809030438e+01 -5.3416e-01 +7.6203e-01 +2.8555e+00
2106 +4.972771346e-03 +4.972771346e-03 -1.809502723e+01 -1.809502723e+01 -5.5675e-01 +7.4996e-01 +2.8675e+00
2185 +3.590438252e-03 +3.590438252e-03 -1.809640956e+01 -1.809640956e+01 -5.6664e-01 +7.4468e-01 +2.8727e+00
2211 +2.325981922e-03 +2.325981922e-03 -1.809767402e+01 -1.809767402e+01 -5.7560e-01 +7.3991e-01 +2.8774e+00
2339 +1.346147294e-03 +1.346147294e-03 -1.809865385e+01 -1.809865385e+01 -5.8421e-01 +7.3530e-01 +2.8818e+00
2359 +7.008814882e-04 +7.008814882e-04 -1.809929912e+01 -1.809929912e+01 -5.9275e-01 +7.3074e-01 +2.8862e+00
2401 +5.083409575e-04 +5.083409575e-04 -1.809949166e+01 -1.809949166e+01 -5.9802e-01 +7.2792e-01 +2.8889e+00
2498 +3.903473836e-04 +3.903473836e-04 -1.809960965e+01 -1.809960965e+01 -5.9816e-01 +7.2785e-01 +2.8889e+00
2570 +2.170359010e-04 +2.170359010e-04 -1.809978296e+01 -1.809978296e+01 -6.0237e-01 +7.2559e-01 +2.8910e+00
2610 +1.496805023e-04 +1.496805023e-04 -1.809985032e+01 -1.809985032e+01 -6.0519e-01 +7.2409e-01 +2.8924e+00
2646 +9.592106937e-05 +9.592106937e-05 -1.809990408e+01 -1.809990408e+01 -6.0644e-01 +7.2343e-01 +2.8930e+00
2692 +5.613770367e-05 +5.613770367e-05 -1.809994386e+01 -1.809994386e+01 -6.0862e-01 +7.2226e-01 +2.8941e+00
2735 +3.507145556e-05 +3.507145556e-05 -1.809996493e+01 -1.809996493e+01 -6.0978e-01 +7.2165e-01 +2.8947e+00
2753 +2.113017910e-05 +2.113017910e-05 -1.809997887e+01 -1.809997887e+01 -6.1100e-01 +7.2100e-01 +2.8952e+00
2875 +1.532486914e-05 +1.532486914e-05 -1.809998468e+01 -1.809998468e+01 -6.1125e-01 +7.2087e-01 +2.8954e+00
2928 +9.782234535e-06 +9.782234535e-06 -1.809999022e+01 -1.809999022e+01 -6.1200e-01 +7.2047e-01 +2.8957e+00
2958 +6.170416796e-06 +6.170416796e-06 -1.809999383e+01 -1.809999383e+01 -6.1242e-01 +7.2025e-01 +2.8959e+00
3021 +3.834798196e-06 +3.834798196e-06 -1.809999617e+01 -1.809999617e+01 -6.1331e-01 +7.1978e-01 +2.8963e+00
3066 +1.889909143e-06 +1.889909143e-06 -1.809999811e+01 -1.809999811e+01 -6.1328e-01 +7.1979e-01 +2.8963e+00
3124 +1.523749486e-06 +1.523749486e-06 -1.809999848e+01 -1.809999848e+01 -6.1338e-01 +7.1974e-01 +2.8963e+00
3174 +8.980735373e-07 +8.980735373e-07 -1.809999910e+01 -1.809999910e+01 -6.1362e-01 +7.1961e-01 +2.8965e+00
3203 +5.434097190e-07 +5.434097190e-07 -1.809999946e+01 -1.809999946e+01 -6.1393e-01 +7.1945e-01 +2.8966e+00
3235 +3.785234277e-07 +3.785234277e-07 -1.809999962e+01 -1.809999962e+01 -6.1403e-01 +7.1940e-01 +2.8966e+00
3304 +2.054496875e-07 +2.054496875e-07 -1.809999979e+01 -1.809999979e+01 -6.1403e-01 +7.1939e-01 +2.8966e+00
3348 +1.401474670e-07 +1.401474670e-07 -1.809999986e+01 -1.809999986e+01 -6.1409e-01 +7.1936e-01 +2.8967e+00
3369 +9.625613373e-08 +9.625613373e-08 -1.809999990e+01 -1.809999990e+01 -6.1415e-01 +7.1933e-01 +2.8967e+00
3414 +6.097423366e-08 +6.097423366e-08 -1.809999994e+01 -1.809999994e+01 -6.1423e-01 +7.1929e-01 +2.8967e+00
3428 +3.880852617e-08 +3.880852617e-08 -1.809999996e+01 -1.809999996e+01 -6.1425e-01 +7.1928e-01 +2.8967e+00
3442 +2.045351266e-08 +2.045351266e-08 -1.809999998e+01 -1.809999998e+01 -6.1431e-01 +7.1925e-01 +2.8968e+00
3458 +1.545324579e-08 +1.545324579e-08 -1.809999998e+01 -1.809999998e+01 -6.1435e-01 +7.1923e-01 +2.8968e+00
3518 +4.071839754e-09 +4.071839754e-09 -1.810000000e+01 -1.810000000e+01 -6.1435e-01 +7.1923e-01 +2.8968e+00
% function evaluation | noise-free fitness - Fopt (3.777000000000e+01) | best noise-free fitness - Fopt | measured fitness | best measured fitness | x1 | x2...
1 +3.163076789e+07 +3.163076789e+07 +3.163080566e+07 +3.163080566e+07 +3.3671e+00 -3.3208e-01 -3.5194e+00
10 +2.400546908e+07 +2.400546908e+07 +2.400550685e+07 +2.400550685e+07 +1.7669e+00 -8.2105e-01 -1.5808e+00
13 +1.563114817e+07 +1.563114817e+07 +1.563118594e+07 +1.563118594e+07 +3.8901e+00 +1.1002e+00 -1.8763e+00
14 +9.834249171e+06 +9.834249171e+06 +9.834286941e+06 +9.834286941e+06 +3.3543e+00 +2.4091e+00 -2.9001e+00
17 +4.151616763e+06 +4.151616763e+06 +4.151654533e+06 +4.151654533e+06 +3.8576e+00 +4.9044e+00 +5.9321e-01
22 +1.866293170e+06 +1.866293170e+06 +1.866330940e+06 +1.866330940e+06 +3.4414e+00 +4.0660e+00 -1.9237e+00
26 +1.394940843e+06 +1.394940843e+06 +1.394978613e+06 +1.394978613e+06 +8.3837e-01 +2.8778e+00 -1.3250e+00
27 +6.881699257e+05 +6.881699257e+05 +6.882076957e+05 +6.882076957e+05 +4.7209e+00 +6.2414e+00 -2.7714e+00
56 +3.274873492e+05 +3.274873492e+05 +3.275251192e+05 +3.275251192e+05 +3.4317e+00 +6.0944e+00 -1.1973e+00
60 +4.934869131e+04 +4.934869131e+04 +4.938646131e+04 +4.938646131e+04 +2.0546e+00 +4.4726e+00 -1.0728e+00
79 +3.692110763e+04 +3.692110763e+04 +3.695887763e+04 +3.695887763e+04 +2.8372e+00 +4.8807e+00 -9.8197e-01
100 +9.954808511e+03 +9.954808511e+03 +9.992578511e+03 +9.992578511e+03 +2.5846e+00 +4.8329e+00 -1.1633e+00
109 +4.058795278e+03 +4.058795278e+03 +4.096565278e+03 +4.096565278e+03 +2.5962e+00 +4.9176e+00 -1.1172e+00
117 +6.114437233e+02 +6.114437233e+02 +6.492137233e+02 +6.492137233e+02 +2.6019e+00 +4.8640e+00 -1.0447e+00
139 +1.536116746e+02 +1.536116746e+02 +1.913816746e+02 +1.913816746e+02 +2.5545e+00 +4.8305e+00 -1.0427e+00
173 +6.770019889e+01 +6.770019889e+01 +1.054701989e+02 +1.054701989e+02 +2.5515e+00 +4.8169e+00 -1.0532e+00
180 +3.229913658e+01 +3.229913658e+01 +7.006913658e+01 +7.006913658e+01 +2.4678e+00 +4.7538e+00 -1.0079e+00
258 +2.180168740e+01 +2.180168740e+01 +5.957168740e+01 +5.957168740e+01 +2.4672e+00 +4.7498e+00 -1.0100e+00
593 +1.432618510e+01 +1.432618510e+01 +5.209618510e+01 +5.209618510e+01 +1.7279e+00 +4.1740e+00 -6.9220e-01
716 +9.986513214e+00 +9.986513214e+00 +4.775651321e+01 +4.775651321e+01 +1.3677e+00 +3.8916e+00 -5.3561e-01
773 +6.265415253e+00 +6.265415253e+00 +4.403541525e+01 +4.403541525e+01 +8.6896e-01 +3.5027e+00 -3.2080e-01
800 +3.788509018e+00 +3.788509018e+00 +4.155850902e+01 +4.155850902e+01 +3.9979e-01 +3.1365e+00 -1.1956e-01
819 +1.502717505e+00 +1.502717505e+00 +3.927271750e+01 +3.927271750e+01 -4.3988e-01 +2.4816e+00 +2.4274e-01
826 +8.475720229e-02 +8.475720229e-02 +3.785475720e+01 +3.785475720e+01 -8.8187e-01 +2.1355e+00 +4.3320e-01
908 +8.968802951e-03 +8.968802951e-03 +3.777896880e+01 +3.777896880e+01 -9.1077e-01 +2.1126e+00 +4.4573e-01
942 +3.880933137e-03 +3.880933137e-03 +3.777388093e+01 +3.777388093e+01 -9.7191e-01 +2.0649e+00 +4.7209e-01
962 +2.002420404e-03 +2.002420404e-03 +3.777200242e+01 +3.777200242e+01 -9.5676e-01 +2.0768e+00 +4.6551e-01
966 +1.008832564e-03 +1.008832564e-03 +3.777100883e+01 +3.777100883e+01 -9.5908e-01 +2.0749e+00 +4.6653e-01
1035 +9.206726580e-04 +9.206726580e-04 +3.777092067e+01 +3.777092067e+01 -9.5754e-01 +2.0761e+00 +4.6588e-01
1043 +5.515460688e-04 +5.515460688e-04 +3.777055155e+01 +3.777055155e+01 -9.7491e-01 +2.0625e+00 +4.7338e-01
1055 +2.979326032e-04 +2.979326032e-04 +3.777029793e+01 +3.777029793e+01 -9.7562e-01 +2.0620e+00 +4.7368e-01
1069 +2.353683960e-04 +2.353683960e-04 +3.777023537e+01 +3.777023537e+01 -9.7977e-01 +2.0588e+00 +4.7542e-01
1102 +9.680077539e-05 +9.680077539e-05 +3.777009680e+01 +3.777009680e+01 -9.7579e-01 +2.0619e+00 +4.7373e-01
1111 +1.748920736e-05 +1.748920736e-05 +3.777001749e+01 +3.777001749e+01 -9.7991e-01 +2.0587e+00 +4.7549e-01
1131 +1.410402517e-05 +1.410402517e-05 +3.777001410e+01 +3.777001410e+01 -9.7910e-01 +2.0593e+00 +4.7515e-01
1155 +7.934254988e-06 +7.934254988e-06 +3.777000793e+01 +3.777000793e+01 -9.7792e-01 +2.0602e+00 +4.7465e-01
1157 +2.380125672e-06 +2.380125672e-06 +3.777000238e+01 +3.777000238e+01 -9.7935e-01 +2.0591e+00 +4.7526e-01
1221 +1.192797527e-06 +1.192797527e-06 +3.777000119e+01 +3.777000119e+01 -9.7914e-01 +2.0592e+00 +4.7517e-01
1229 +4.814445234e-07 +4.814445234e-07 +3.777000048e+01 +3.777000048e+01 -9.7900e-01 +2.0594e+00 +4.7511e-01
1234 +2.929123752e-07 +2.929123752e-07 +3.777000029e+01 +3.777000029e+01 -9.7898e-01 +2.0594e+00 +4.7511e-01
1241 +4.121528008e-08 +4.121528008e-08 +3.777000004e+01 +3.777000004e+01 -9.7906e-01 +2.0593e+00 +4.7514e-01
1295 +2.852413417e-08 +2.852413417e-08 +3.777000003e+01 +3.777000003e+01 -9.7908e-01 +2.0593e+00 +4.7515e-01
1309 +1.342534262e-08 +1.342534262e-08 +3.777000001e+01 +3.777000001e+01 -9.7916e-01 +2.0592e+00 +4.7518e-01
1327 +6.556810206e-09 +6.556810206e-09 +3.777000001e+01 +3.777000001e+01 -9.7916e-01 +2.0592e+00 +4.7518e-01
% function evaluation | noise-free fitness - Fopt (3.777000000000e+01) | best noise-free fitness - Fopt | measured fitness | best measured fitness | x1 | x2...
1 +5.105315479e+06 +5.105315479e+06 +5.105353249e+06 +5.105353249e+06 -3.1832e+00 +1.9189e+00 +1.3592e-01
2 +4.328462129e+05 +4.328462129e+05 +4.328839829e+05 +4.328839829e+05 +1.2405e+00 +3.9992e+00 -1.1975e+00
16 +1.899883354e+05 +1.899883354e+05 +1.900261054e+05 +1.900261054e+05 +4.1103e-01 +2.5918e+00 -1.3109e-02
69 +1.787021085e+04 +1.787021085e+04 +1.790798085e+04 +1.790798085e+04 -1.0917e+00 +1.7903e+00 +5.9402e-01
78 +5.350060986e+03 +5.350060986e+03 +5.387830986e+03 +5.387830986e+03 -1.3449e+00 +1.8263e+00 +6.6954e-01
99 +2.395515212e+02 +2.395515212e+02 +2.773215212e+02 +2.773215212e+02 -9.4481e-01 +2.0962e+00 +4.4426e-01
138 +1.536266542e+01 +1.536266542e+01 +5.313266542e+01 +5.313266542e+01 -1.1943e+00 +1.9069e+00 +5.4328e-01
149 +6.204000286e+00 +6.204000286e+00 +4.397400029e+01 +4.397400029e+01 -1.1696e+00 +1.9206e+00 +5.4149e-01
252 +1.068397521e+00 +1.068397521e+00 +3.883839752e+01 +3.883839752e+01 -1.0940e+00 +1.9771e+00 +5.1325e-01
287 +1.722019664e-01 +1.722019664e-01 +3.794220197e+01 +3.794220197e+01 -1.0889e+00 +1.9829e+00 +5.1084e-01
326 +1.070085108e-01 +1.070085108e-01 +3.787700851e+01 +3.787700851e+01 -1.0914e+00 +1.9803e+00 +5.1152e-01
352 +2.279597265e-02 +2.279597265e-02 +3.779279597e+01 +3.779279597e+01 -1.0981e+00 +1.9757e+00 +5.1411e-01
425 +1.470478080e-02 +1.470478080e-02 +3.778470478e+01 +3.778470478e+01 -1.0949e+00 +1.9780e+00 +5.1302e-01
698 +9.995229037e-03 +9.995229037e-03 +3.777999523e+01 +3.777999523e+01 -1.0892e+00 +1.9820e+00 +5.1108e-01
828 +6.279063865e-03 +6.279063865e-03 +3.777627906e+01 +3.777627906e+01 -1.0653e+00 +1.9990e+00 +5.0322e-01
914 +3.440030464e-03 +3.440030464e-03 +3.777344003e+01 +3.777344003e+01 -1.0349e+00 +2.0203e+00 +4.9342e-01
948 +2.004926940e-03 +2.004926940e-03 +3.777200493e+01 +3.777200493e+01 -1.0271e+00 +2.0256e+00 +4.9098e-01
1011 +1.500081837e-03 +1.500081837e-03 +3.777150008e+01 +3.777150008e+01 -1.0175e+00 +2.0324e+00 +4.8790e-01
1073 +9.496316351e-04 +9.496316351e-04 +3.777094963e+01 +3.777094963e+01 -1.0081e+00 +2.0389e+00 +4.8491e-01
1105 +5.268038543e-04 +5.268038543e-04 +3.777052680e+01 +3.777052680e+01 -1.0011e+00 +2.0437e+00 +4.8265e-01
1137 +3.631283460e-04 +3.631283460e-04 +3.777036313e+01 +3.777036313e+01 -9.9758e-01 +2.0462e+00 +4.8151e-01
1221 +2.402199336e-04 +2.402199336e-04 +3.777024022e+01 +3.777024022e+01 -9.9460e-01 +2.0482e+00 +4.8053e-01
1273 +1.580061644e-04 +1.580061644e-04 +3.777015801e+01 +3.777015801e+01 -9.9122e-01 +2.0506e+00 +4.7941e-01
1347 +9.732304331e-05 +9.732304331e-05 +3.777009732e+01 +3.777009732e+01 -9.8861e-01 +2.0524e+00 +4.7854e-01
1402 +6.202978157e-05 +6.202978157e-05 +3.777006203e+01 +3.777006203e+01 -9.8620e-01 +2.0541e+00 +4.7772e-01
1437 +3.196057668e-05 +3.196057668e-05 +3.777003196e+01 +3.777003196e+01 -9.8369e-01 +2.0559e+00 +4.7685e-01
1521 +2.326662253e-05 +2.326662253e-05 +3.777002327e+01 +3.777002327e+01 -9.8318e-01 +2.0563e+00 +4.7667e-01
1566 +1.270650559e-05 +1.270650559e-05 +3.777001271e+01 +3.777001271e+01 -9.8238e-01 +2.0569e+00 +4.7639e-01
1658 +9.297620913e-06 +9.297620913e-06 +3.777000930e+01 +3.777000930e+01 -9.8184e-01 +2.0573e+00 +4.7620e-01
1746 +6.246084276e-06 +6.246084276e-06 +3.777000625e+01 +3.777000625e+01 -9.8123e-01 +2.0577e+00 +4.7597e-01
1872 +3.912134751e-06 +3.912134751e-06 +3.777000391e+01 +3.777000391e+01 -9.8076e-01 +2.0580e+00 +4.7580e-01
1936 +2.276231434e-06 +2.276231434e-06 +3.777000228e+01 +3.777000228e+01 -9.8048e-01 +2.0582e+00 +4.7570e-01
1985 +1.505468745e-06 +1.505468745e-06 +3.777000151e+01 +3.777000151e+01 -9.8023e-01 +2.0584e+00 +4.7560e-01
2033 +8.568929957e-07 +8.568929957e-07 +3.777000086e+01 +3.777000086e+01 -9.7992e-01 +2.0587e+00 +4.7549e-01
2085 +5.397926230e-07 +5.397926230e-07 +3.777000054e+01 +3.777000054e+01 -9.7970e-01 +2.0588e+00 +4.7540e-01
2145 +3.625249505e-07 +3.625249505e-07 +3.777000036e+01 +3.777000036e+01 -9.7964e-01 +2.0589e+00 +4.7538e-01
2245 +2.338825027e-07 +2.338825027e-07 +3.777000023e+01 +3.777000023e+01 -9.7959e-01 +2.0589e+00 +4.7536e-01
2306 +1.523093687e-07 +1.523093687e-07 +3.777000015e+01 +3.777000015e+01 -9.7951e-01 +2.0590e+00 +4.7533e-01
2362 +9.981496163e-08 +9.981496163e-08 +3.777000010e+01 +3.777000010e+01 -9.7944e-01 +2.0590e+00 +4.7530e-01
2400 +6.153649679e-08 +6.153649679e-08 +3.777000006e+01 +3.777000006e+01 -9.7939e-01 +2.0591e+00 +4.7528e-01
2469 +3.288724315e-08 +3.288724315e-08 +3.777000003e+01 +3.777000003e+01 -9.7934e-01 +2.0591e+00 +4.7526e-01
2522 +2.497912277e-08 +2.497912277e-08 +3.777000002e+01 +3.777000002e+01 -9.7930e-01 +2.0591e+00 +4.7524e-01
2547 +1.565774710e-08 +1.565774710e-08 +3.777000002e+01 +3.777000002e+01 -9.7927e-01 +2.0591e+00 +4.7523e-01
2557 +7.935540225e-09 +7.935540225e-09 +3.777000001e+01 +3.777000001e+01 -9.7926e-01 +2.0592e+00 +4.7522e-01
% function evaluation | noise-free fitness - Fopt (3.777000000000e+01) | best noise-free fitness - Fopt | measured fitness | best measured fitness | x1 | x2...
1 +9.958854749e+06 +9.958854749e+06 +9.958892519e+06 +9.958892519e+06 -6.1732e-01 +3.6827e+00 +3.1793e+00
2 +5.274338385e+06 +5.274338385e+06 +5.274376155e+06 +5.274376155e+06 +1.7273e+00 +1.4996e+00 -1.1865e+00
5 +3.351552378e+06 +3.351552378e+06 +3.351590148e+06 +3.351590148e+06 -2.7980e+00 +2.7095e+00 +5.5837e-01
10 +1.217000130e+06 +1.217000130e+06 +1.217037900e+06 +1.217037900e+06 -7.2646e-01 +2.3508e+00 -8.1579e-01
22 +7.977246830e+05 +7.977246830e+05 +7.977624530e+05 +7.977624530e+05 -1.8960e+00 +2.3493e+00 +1.1206e+00
25 +4.194562303e+05 +4.194562303e+05 +4.194940003e+05 +4.194940003e+05 -1.4199e+00 +2.2341e+00 +1.0829e+00
35 +2.675914171e+05 +2.675914171e+05 +2.676291871e+05 +2.676291871e+05 -3.9377e-01 +1.8582e+00 +1.9816e-01
39 +2.066653446e+04 +2.066653446e+04 +2.070430446e+04 +2.070430446e+04 -1.0720e+00 +1.8689e+00 +4.1626e-01
53 +4.952599591e+03 +4.952599591e+03 +4.990369591e+03 +4.990369591e+03 -1.6695e+00 +1.4464e+00 +8.5538e-01
89 +9.364793616e+01 +9.364793616e+01 +1.314179362e+02 +1.314179362e+02 -2.0579e+00 +1.0816e+00 +1.0625e+00
224 +5.188573738e+01 +5.188573738e+01 +8.965573738e+01 +8.965573738e+01 -1.7302e+00 +1.4198e+00 +8.2009e-01
235 +2.359545222e+00 +2.359545222e+00 +4.012954522e+01 +4.012954522e+01 -1.7212e+00 +1.4379e+00 +8.1101e-01
308 +9.635480678e-01 +9.635480678e-01 +3.873354807e+01 +3.873354807e+01 -1.7008e+00 +1.4587e+00 +7.9714e-01
534 +6.227428814e-01 +6.227428814e-01 +3.839274288e+01 +3.839274288e+01 -1.6271e+00 +1.5314e+00 +7.5226e-01
800 +3.978801998e-01 +3.978801998e-01 +3.816788020e+01 +3.816788020e+01 -1.5278e+00 +1.6253e+00 +6.9692e-01
1329 +2.498879904e-01 +2.498879904e-01 +3.801988799e+01 +3.801988799e+01 -1.4440e+00 +1.7004e+00 +6.5435e-01
1599 +1.521890711e-01 +1.521890711e-01 +3.792218907e+01 +3.792218907e+01 -1.3581e+00 +1.7742e+00 +6.1438e-01
1902 +9.769749887e-02 +9.769749887e-02 +3.786769750e+01 +3.786769750e+01 -1.2975e+00 +1.8240e+00 +5.8839e-01
2133 +6.294673615e-02 +6.294673615e-02 +3.783294674e+01 +3.783294674e+01 -1.2369e+00 +1.8721e+00 +5.6398e-01
2347 +3.934577742e-02 +3.934577742e-02 +3.780934578e+01 +3.780934578e+01 -1.1887e+00 +1.9090e+00 +5.4579e-01
2567 +2.383685086e-02 +2.383685086e-02 +3.779383685e+01 +3.779383685e+01 -1.1441e+00 +1.9423e+00 +5.2980e-01
2706 +1.561349804e-02 +1.561349804e-02 +3.778561350e+01 +3.778561350e+01 -1.1163e+00 +1.9626e+00 +5.2018e-01
2902 +9.855163795e-03 +9.855163795e-03 +3.777985516e+01 +3.777985516e+01 -1.0877e+00 +1.9831e+00 +5.1057e-01
3062 +6.183297405e-03 +6.183297405e-03 +3.777618330e+01 +3.777618330e+01 -1.0642e+00 +1.9998e+00 +5.0289e-01
3131 +3.320553034e-03 +3.320553034e-03 +3.777332055e+01 +3.777332055e+01 -1.0408e+00 +2.0162e+00 +4.9534e-01
3247 +2.436373316e-03 +2.436373316e-03 +3.777243637e+01 +3.777243637e+01 -1.0293e+00 +2.0241e+00 +4.9165e-01
3274 +1.489227919e-03 +1.489227919e-03 +3.777148923e+01 +3.777148923e+01 -1.0171e+00 +2.0326e+00 +4.8776e-01
3289 +8.208579775e-04 +8.208579775e-04 +3.777082086e+01 +3.777082086e+01 -1.0014e+00 +2.0435e+00 +4.8272e-01
3290 +5.693612453e-04 +5.693612453e-04 +3.777056936e+01 +3.777056936e+01 -1.0021e+00 +2.0431e+00 +4.8296e-01
3322 +3.615573834e-04 +3.615573834e-04 +3.777036156e+01 +3.777036156e+01 -9.9524e-01 +2.0478e+00 +4.8075e-01
3395 +2.332110986e-04 +2.332110986e-04 +3.777023321e+01 +3.777023321e+01 -9.9354e-01 +2.0490e+00 +4.8019e-01
3544 +1.507120070e-04 +1.507120070e-04 +3.777015071e+01 +3.777015071e+01 -9.9118e-01 +2.0506e+00 +4.7940e-01
3664 +9.914807835e-05 +9.914807835e-05 +3.777009915e+01 +3.777009915e+01 -9.8860e-01 +2.0524e+00 +4.7854e-01
3767 +6.162545238e-05 +6.162545238e-05 +3.777006163e+01 +3.777006163e+01 -9.8639e-01 +2.0540e+00 +4.7779e-01
3817 +3.848820290e-05 +3.848820290e-05 +3.777003849e+01 +3.777003849e+01 -9.8476e-01 +2.0552e+00 +4.7723e-01
3970 +2.510263909e-05 +2.510263909e-05 +3.777002510e+01 +3.777002510e+01 -9.8358e-01 +2.0560e+00 +4.7682e-01
4022 +1.375982254e-05 +1.375982254e-05 +3.777001376e+01 +3.777001376e+01 -9.8240e-01 +2.0569e+00 +4.7640e-01
4050 +6.174465007e-06 +6.174465007e-06 +3.777000617e+01 +3.777000617e+01 -9.8129e-01 +2.0577e+00 +4.7600e-01
4083 +3.166408732e-06 +3.166408732e-06 +3.777000317e+01 +3.777000317e+01 -9.8062e-01 +2.0581e+00 +4.7575e-01
4243 +2.403613053e-06 +2.403613053e-06 +3.777000240e+01 +3.777000240e+01 -9.8040e-01 +2.0583e+00 +4.7567e-01
4318 +1.572164599e-06 +1.572164599e-06 +3.777000157e+01 +3.777000157e+01 -9.8004e-01 +2.0586e+00 +4.7553e-01
4451 +9.174302917e-07 +9.174302917e-07 +3.777000092e+01 +3.777000092e+01 -9.7998e-01 +2.0586e+00 +4.7551e-01
4501 +6.109353947e-07 +6.109353947e-07 +3.777000061e+01 +3.777000061e+01 -9.7984e-01 +2.0587e+00 +4.7545e-01
4597 +3.905874806e-07 +3.905874806e-07 +3.777000039e+01 +3.777000039e+01 -9.7970e-01 +2.0588e+00 +4.7540e-01
4644 +2.375115713e-07 +2.375115713e-07 +3.777000024e+01 +3.777000024e+01 -9.7958e-01 +2.0589e+00 +4.7535e-01
4698 +1.576151760e-07 +1.576151760e-07 +3.777000016e+01 +3.777000016e+01 -9.7950e-01 +2.0590e+00 +4.7532e-01
4746 +7.743584263e-08 +7.743584263e-08 +3.777000008e+01 +3.777000008e+01 -9.7942e-01 +2.0590e+00 +4.7529e-01
4811 +5.342845100e-08 +5.342845100e-08 +3.777000005e+01 +3.777000005e+01 -9.7938e-01 +2.0591e+00 +4.7527e-01
4868 +3.069423826e-08 +3.069423826e-08 +3.777000003e+01 +3.777000003e+01 -9.7934e-01 +2.0591e+00 +4.7526e-01
4888 +2.228665608e-08 +2.228665608e-08 +3.777000002e+01 +3.777000002e+01 -9.7931e-01 +2.0591e+00 +4.7525e-01
4939 +1.235921587e-08 +1.235921587e-08 +3.777000001e+01 +3.777000001e+01 -9.7927e-01 +2.0591e+00 +4.7523e-01
4956 +7.356774745e-09 +7.356774745e-09 +3.777000001e+01 +3.777000001e+01 -9.7927e-01 +2.0591e+00 +4.7523e-01
