% function evaluation | noise-free fitness - Fopt (-2.098800000000e+02) | best noise-free fitness - Fopt | measured fitness | best measured fitness | x1 | x2...
1 +7.989522894e+05 +7.989522894e+05 +7.987424094e+05 +7.987424094e+05 -6.8363e-01 -4.7556e-01
2 +7.811010188e+04 +7.811010188e+04 +7.790022188e+04 +7.790022188e+04 +1.3176e-01 +1.6926e-01
20 +2.121063974e+04 +2.121063974e+04 +2.100075974e+04 +2.100075974e+04 -2.1290e+00 +5.9906e-01
25 +5.470530347e+02 +5.470530347e+02 +3.371730347e+02 +3.371730347e+02 -1.5634e+00 +4.2457e-01
63 +1.326791251e+02 +1.326791251e+02 -7.720087493e+01 -7.720087493e+01 -3.1471e+00 +4.3699e-01
125 +9.967142522e+01 +9.967142522e+01 -1.102085748e+02 -1.102085748e+02 -4.9355e+00 +4.3920e-01
128 +5.449505334e+01 +5.449505334e+01 -1.553849467e+02 -1.553849467e+02 -5.0983e+00 +4.4401e-01
129 +3.597896871e+01 +3.597896871e+01 -1.739010313e+02 -1.739010313e+02 -5.0968e+00 +4.4718e-01
380 +2.497230768e+01 +2.497230768e+01 -1.849076923e+02 -1.849076923e+02 -3.8892e+00 +4.4848e-01
424 +1.367812436e+01 +1.367812436e+01 -1.962018756e+02 -1.962018756e+02 -2.4641e+00 +4.4847e-01
437 +5.871524805e+00 +5.871524805e+00 -2.040084752e+02 -2.040084752e+02 -1.2291e+00 +4.4752e-01
451 +1.727818614e+00 +1.727818614e+00 -2.081521814e+02 -2.081521814e+02 +5.9611e-02 +4.4852e-01
454 +9.994776695e-01 +9.994776695e-01 -2.088805223e+02 -2.088805223e+02 +3.7132e-01 +4.4862e-01
466 +5.290177567e-02 +5.290177567e-02 -2.098270982e+02 -2.098270982e+02 +1.1809e+00 +4.4775e-01
548 +1.030381135e-02 +1.030381135e-02 -2.098696962e+02 -2.098696962e+02 +1.2637e+00 +4.4808e-01
552 +5.158836397e-03 +5.158836397e-03 -2.098748412e+02 -2.098748412e+02 +1.2065e+00 +4.4807e-01
564 +3.257195409e-03 +3.257195409e-03 -2.098767428e+02 -2.098767428e+02 +1.1604e+00 +4.4803e-01
571 +1.918271614e-03 +1.918271614e-03 -2.098780817e+02 -2.098780817e+02 +1.2487e+00 +4.4798e-01
596 +7.459326248e-04 +7.459326248e-04 -2.098792541e+02 -2.098792541e+02 +1.2205e+00 +4.4802e-01
608 +3.558222898e-04 +3.558222898e-04 -2.098796442e+02 -2.098796442e+02 +1.1923e+00 +4.4801e-01
615 +1.156120677e-04 +1.156120677e-04 -2.098798844e+02 -2.098798844e+02 +1.2177e+00 +4.4800e-01
634 +2.987949372e-05 +2.987949372e-05 -2.098799701e+02 -2.098799701e+02 +1.2119e+00 +4.4800e-01
643 +2.250750853e-05 +2.250750853e-05 -2.098799775e+02 -2.098799775e+02 +1.2110e+00 +4.4800e-01
652 +1.195104346e-06 +1.195104346e-06 -2.098799988e+02 -2.098799988e+02 +1.2079e+00 +4.4800e-01
690 +5.442141173e-07 +5.442141173e-07 -2.098799995e+02 -2.098799995e+02 +1.2074e+00 +4.4800e-01
694 +2.313911693e-07 +2.313911693e-07 -2.098799998e+02 -2.098799998e+02 +1.2069e+00 +4.4800e-01
700 +8.104836979e-08 +8.104836979e-08 -2.098799999e+02 -2.098799999e+02 +1.2069e+00 +4.4800e-01
702 +2.468172511e-08 +2.468172511e-08 -2.098800000e+02 -2.098800000e+02 +1.2073e+00 +4.4800e-01
735 +7.517627409e-09 +7.517627409e-09 -2.098800000e+02 -2.098800000e+02 +1.2073e+00 +4.4800e-01
740 +4.864887160e-09 +4.864887160e-09 -2.098800000e+02 -2.098800000e+02 +1.2072e+00 +4.4800e-01
% function evaluation | noise-free fitness - Fopt (-2.098800000000e+02) | best noise-free fitness - Fopt | measured fitness | best measured fitness | x1 | x2...
1 +5.089556810e+06 +5.089556810e+06 +5.089346930e+06 +5.089346930e+06 -6.5605e-01 -1.8609e+00
2 +6.127639639e+05 +6.127639639e+05 +6.125540839e+05 +6.125540839e+05 +1.7824e+00 +1.3083e+00
7 +1.343194488e+05 +1.343194488e+05 +1.341095688e+05 +1.341095688e+05 +2.8127e-01 +8.2773e-01
8 +7.875796937e+04 +7.875796937e+04 +7.854808937e+04 +7.854808937e+04 +1.3699e+00 +7.2359e-01
19 +5.526915889e+04 +5.526915889e+04 +5.505927889e+04 +5.505927889e+04 +1.0254e-01 +2.1267e-01
29 +3.670722416e+04 +3.670722416e+04 +3.649734416e+04 +3.649734416e+04 -1.2981e+00 +2.6314e-01
37 +1.443077189e+02 +1.443077189e+02 -6.557228109e+01 -6.557228109e+01 -9.6687e-01 +4.5977e-01
55 +1.826193468e+00 +1.826193468e+00 -2.080538065e+02 -2.080538065e+02 +6.5304e-01 +4.4920e-01
76 +1.173517678e+00 +1.173517678e+00 -2.087064823e+02 -2.087064823e+02 +1.1674e+00 +4.4903e-01
142 +2.650722134e-01 +2.650722134e-01 -2.096149278e+02 -2.096149278e+02 +9.8436e-01 +4.4847e-01
180 +2.060832583e-01 +2.060832583e-01 -2.096739167e+02 -2.096739167e+02 +8.8451e-01 +4.4831e-01
201 +1.173944545e-01 +1.173944545e-01 -2.097626055e+02 -2.097626055e+02 +8.7341e-01 +4.4798e-01
309 +9.672510040e-02 +9.672510040e-02 -2.097832749e+02 -2.097832749e+02 +9.1218e-01 +4.4808e-01
322 +5.213596105e-02 +5.213596105e-02 -2.098278640e+02 -2.098278640e+02 +9.9017e-01 +4.4794e-01
328 +1.098138789e-02 +1.098138789e-02 -2.098690186e+02 -2.098690186e+02 +1.1006e+00 +4.4801e-01
363 +4.052557977e-03 +4.052557977e-03 -2.098759474e+02 -2.098759474e+02 +1.1391e+00 +4.4799e-01
385 +3.949912822e-03 +3.949912822e-03 -2.098760501e+02 -2.098760501e+02 +1.2012e+00 +4.4794e-01
394 +4.325070583e-04 +4.325070583e-04 -2.098795675e+02 -2.098795675e+02 +1.2261e+00 +4.4801e-01
421 +2.565169647e-04 +2.565169647e-04 -2.098797435e+02 -2.098797435e+02 +1.2227e+00 +4.4800e-01
424 +1.453384961e-04 +1.453384961e-04 -2.098798547e+02 -2.098798547e+02 +1.1951e+00 +4.4800e-01
427 +3.605623121e-05 +3.605623121e-05 -2.098799639e+02 -2.098799639e+02 +1.2068e+00 +4.4799e-01
454 +2.221759576e-05 +2.221759576e-05 -2.098799778e+02 -2.098799778e+02 +1.2029e+00 +4.4800e-01
458 +3.012410843e-06 +3.012410843e-06 -2.098799970e+02 -2.098799970e+02 +1.2071e+00 +4.4800e-01
475 +1.041683561e-06 +1.041683561e-06 -2.098799990e+02 -2.098799990e+02 +1.2069e+00 +4.4800e-01
501 +4.748758613e-07 +4.748758613e-07 -2.098799995e+02 -2.098799995e+02 +1.2076e+00 +4.4800e-01
505 +2.600760638e-07 +2.600760638e-07 -2.098799997e+02 -2.098799997e+02 +1.2071e+00 +4.4800e-01
518 +1.833749934e-07 +1.833749934e-07 -2.098799998e+02 -2.098799998e+02 +1.2070e+00 +4.4800e-01
522 +1.015984026e-07 +1.015984026e-07 -2.098799999e+02 -2.098799999e+02 +1.2074e+00 +4.4800e-01
529 +2.547005806e-08 +2.547005806e-08 -2.098800000e+02 -2.098800000e+02 +1.2071e+00 +4.4800e-01
532 +1.034683805e-08 +1.034683805e-08 -2.098800000e+02 -2.098800000e+02 +1.2071e+00 +4.4800e-01
538 +3.328068487e-09 +3.328068487e-09 -2.098800000e+02 -2.098800000e+02 +1.2072e+00 +4.4800e-01
% function evaluation | noise-free fitness - Fopt (-2.098800000000e+02) | best noise-free fitness - Fopt | measured fitness | best measured fitness | x1 | x2...
1 +4.843996239e+03 +4.843996239e+03 +4.634116239e+03 +4.634116239e+03 +1.7662e+00 +5.2346e-01
28 +4.045998108e+02 +4.045998108e+02 +1.947198108e+02 +1.947198108e+02 +6.3966e-01 +4.6842e-01
54 +2.406935901e+02 +2.406935901e+02 +3.081359010e+01 +3.081359010e+01 +2.6163e-01 +4.3286e-01
67 +2.544183635e+00 +2.544183635e+00 -2.073358164e+02 -2.073358164e+02 +4.0004e-01 +4.4953e-01
120 +2.171359625e+00 +2.171359625e+00 -2.077086404e+02 -2.077086404e+02 +1.1288e+00 +4.4959e-01
125 +1.427775003e+00 +1.427775003e+00 -2.084522250e+02 -2.084522250e+02 +1.1665e+00 +4.4913e-01
129 +1.359190639e-01 +1.359190639e-01 -2.097440809e+02 -2.097440809e+02 +1.4702e+00 +4.4773e-01
414 +9.044576584e-02 +9.044576584e-02 -2.097895542e+02 -2.097895542e+02 +1.4998e+00 +4.4800e-01
416 +6.137444616e-02 +6.137444616e-02 -2.098186256e+02 -2.098186256e+02 +1.4318e+00 +4.4810e-01
419 +2.822145027e-03 +2.822145027e-03 -2.098771779e+02 -2.098771779e+02 +1.1726e+00 +4.4804e-01
445 +2.644006824e-04 +2.644006824e-04 -2.098797356e+02 -2.098797356e+02 +1.2010e+00 +4.4799e-01
506 +1.063167364e-04 +1.063167364e-04 -2.098798937e+02 -2.098798937e+02 +1.2101e+00 +4.4801e-01
520 +8.078286584e-05 +8.078286584e-05 -2.098799192e+02 -2.098799192e+02 +1.2148e+00 +4.4800e-01
529 +4.630331711e-05 +4.630331711e-05 -2.098799537e+02 -2.098799537e+02 +1.2073e+00 +4.4799e-01
548 +6.278530321e-06 +6.278530321e-06 -2.098799937e+02 -2.098799937e+02 +1.2046e+00 +4.4800e-01
571 +2.103296680e-06 +2.103296680e-06 -2.098799979e+02 -2.098799979e+02 +1.2072e+00 +4.4800e-01
596 +1.426281955e-06 +1.426281955e-06 -2.098799986e+02 -2.098799986e+02 +1.2069e+00 +4.4800e-01
608 +9.179934182e-07 +9.179934182e-07 -2.098799991e+02 -2.098799991e+02 +1.2077e+00 +4.4800e-01
613 +5.867308062e-07 +5.867308062e-07 -2.098799994e+02 -2.098799994e+02 +1.2073e+00 +4.4800e-01
623 +2.198822813e-08 +2.198822813e-08 -2.098800000e+02 -2.098800000e+02 +1.2071e+00 +4.4800e-01
665 +1.427997631e-08 +1.427997631e-08 -2.098800000e+02 -2.098800000e+02 +1.2072e+00 +4.4800e-01
679 +1.138204198e-09 +1.138204198e-09 -2.098800000e+02 -2.098800000e+02 +1.2072e+00 +4.4800e-01
680 +1.324735877e-10 +1.324735877e-10 -2.098800000e+02 -2.098800000e+02 +1.2072e+00 +4.4800e-01
% function evaluation | noise-free fitness - Fopt (-9.209000000000e+01) | best noise-free fitness - Fopt | measured fitness | best measured fitness | x1 | x2...
1 +2.069882652e+01 +2.069882652e+01 -7.139117348e+01 -7.139117348e+01 -3.6751e+00 +2.6204e+00
93 +1.583137525e+01 +1.583137525e+01 -7.625862475e+01 -7.625862475e+01 -3.0256e+00 +2.6203e+00
170 +9.912778194e+00 +9.912778194e+00 -8.217722181e+01 -8.217722181e+01 -2.4618e+00 +2.6219e+00
380 +5.538723151e+00 +5.538723151e+00 -8.655127685e+01 -8.655127685e+01 -1.6972e+00 +2.6215e+00
406 +3.550144350e+00 +3.550144350e+00 -8.853985565e+01 -8.853985565e+01 -1.0791e+00 +2.6215e+00
410 +7.012080756e-01 +7.012080756e-01 -9.138879192e+01 -9.138879192e+01 -1.5501e-01 +2.6216e+00
438 +4.135926190e-01 +4.135926190e-01 -9.167640738e+01 -9.167640738e+01 +7.1266e-01 +2.6210e+00
467 +4.410575319e-02 +4.410575319e-02 -9.204589425e+01 -9.204589425e+01 +5.1884e-01 +2.6216e+00
487 +3.356932998e-03 +3.356932998e-03 -9.208664307e+01 -9.208664307e+01 +7.0144e-01 +2.6217e+00
508 +1.753925818e-03 +1.753925818e-03 -9.208824607e+01 -9.208824607e+01 +6.8660e-01 +2.6216e+00
538 +7.803793268e-04 +7.803793268e-04 -9.208921962e+01 -9.208921962e+01 +6.9871e-01 +2.6216e+00
545 +3.606273250e-04 +3.606273250e-04 -9.208963937e+01 -9.208963937e+01 +7.2562e-01 +2.6216e+00
548 +2.388430540e-04 +2.388430540e-04 -9.208976116e+01 -9.208976116e+01 +7.3324e-01 +2.6216e+00
554 +1.126239238e-04 +1.126239238e-04 -9.208988738e+01 -9.208988738e+01 +7.2745e-01 +2.6216e+00
567 +9.063682526e-06 +9.063682526e-06 -9.208999094e+01 -9.208999094e+01 +7.2271e-01 +2.6216e+00
582 +4.609780092e-06 +4.609780092e-06 -9.208999539e+01 -9.208999539e+01 +7.2706e-01 +2.6216e+00
608 +2.075433144e-06 +2.075433144e-06 -9.208999792e+01 -9.208999792e+01 +7.2451e-01 +2.6216e+00
617 +9.029500063e-07 +9.029500063e-07 -9.208999910e+01 -9.208999910e+01 +7.2512e-01 +2.6216e+00
635 +2.101773475e-07 +2.101773475e-07 -9.208999979e+01 -9.208999979e+01 +7.2537e-01 +2.6216e+00
668 +9.326271311e-09 +9.326271311e-09 -9.208999999e+01 -9.208999999e+01 +7.2551e-01 +2.6216e+00
674 +7.682388059e-11 +7.682388059e-11 -9.209000000e+01 -9.209000000e+01 +7.2560e-01 +2.6216e+00
% function evaluation | noise-free fitness - Fopt (-9.209000000000e+01) | best noise-free fitness - Fopt | measured fitness | best measured fitness | x1 | x2...
1 +7.869679385e+06 +7.869679385e+06 +7.869587295e+06 +7.869587295e+06 -2.3114e+00 -2.6481e-01
2 +1.281369632e+06 +1.281369632e+06 +1.281277542e+06 +1.281277542e+06 -5.3632e-01 +1.5296e+00
5 +2.606650993e+01 +2.606650993e+01 -6.602349007e+01 -6.602349007e+01 +2.1118e+00 +2.6262e+00
116 +1.950353330e+01 +1.950353330e+01 -7.258646670e+01 -7.258646670e+01 +3.5012e+00 +2.6183e+00
124 +8.217445018e+00 +8.217445018e+00 -8.387255498e+01 -8.387255498e+01 +3.5920e+00 +2.6216e+00
412 +5.579296439e+00 +5.579296439e+00 -8.651070356e+01 -8.651070356e+01 +2.8920e+00 +2.6223e+00
423 +3.897520713e+00 +3.897520713e+00 -8.819247929e+01 -8.819247929e+01 +2.6968e+00 +2.6219e+00
428 +1.995293011e+00 +1.995293011e+00 -9.009470699e+01 -9.009470699e+01 +2.0541e+00 +2.6218e+00
447 +4.950909551e-01 +4.950909551e-01 -9.159490904e+01 -9.159490904e+01 +1.3980e+00 +2.6217e+00
467 +2.231637130e-01 +2.231637130e-01 -9.186683629e+01 -9.186683629e+01 +1.1884e+00 +2.6218e+00
512 +2.664235397e-02 +2.664235397e-02 -9.206335765e+01 -9.206335765e+01 +7.0168e-01 +2.6214e+00
529 +7.860598799e-03 +7.860598799e-03 -9.208213940e+01 -9.208213940e+01 +6.4097e-01 +2.6216e+00
548 +3.856825701e-03 +3.856825701e-03 -9.208614317e+01 -9.208614317e+01 +7.3898e-01 +2.6215e+00
551 +1.374837699e-03 +1.374837699e-03 -9.208862516e+01 -9.208862516e+01 +6.9091e-01 +2.6216e+00
585 +3.023420571e-04 +3.023420571e-04 -9.208969766e+01 -9.208969766e+01 +7.3494e-01 +2.6216e+00
588 +1.813421979e-04 +1.813421979e-04 -9.208981866e+01 -9.208981866e+01 +7.3858e-01 +2.6216e+00
603 +4.166693495e-05 +4.166693495e-05 -9.208995833e+01 -9.208995833e+01 +7.2648e-01 +2.6216e+00
614 +3.363089192e-06 +3.363089192e-06 -9.208999664e+01 -9.208999664e+01 +7.2565e-01 +2.6216e+00
639 +2.221398461e-06 +2.221398461e-06 -9.208999778e+01 -9.208999778e+01 +7.2611e-01 +2.6216e+00
696 +2.008940214e-07 +2.008940214e-07 -9.208999980e+01 -9.208999980e+01 +7.2519e-01 +2.6216e+00
710 +8.010660224e-08 +8.010660224e-08 -9.208999992e+01 -9.208999992e+01 +7.2552e-01 +2.6216e+00
727 +5.593562946e-08 +5.593562946e-08 -9.208999994e+01 -9.208999994e+01 +7.2577e-01 +2.6216e+00
737 +1.626702328e-08 +1.626702328e-08 -9.208999998e+01 -9.208999998e+01 +7.2549e-01 +2.6216e+00
746 +9.370353382e-10 +9.370353382e-10 -9.209000000e+01 -9.209000000e+01 +7.2557e-01 +2.6216e+00
% function evaluation | noise-free fitness - Fopt (-9.209000000000e+01) | best noise-free fitness - Fopt | measured fitness | best measured fitness | x1 | x2...
1 +1.369563602e+07 +1.369563602e+07 +1.369554393e+07 +1.369554393e+07 +9.9773e-02 -1.0793e+00
2 +5.592298794e+06 +5.592298794e+06 +5.592206704e+06 +5.592206704e+06 +3.1089e+00 +1.8490e-01
6 +1.733497656e+06 +1.733497656e+06 +1.733405566e+06 +1.733405566e+06 -3.9957e-01 +1.3973e+00
13 +2.624291605e+05 +2.624291605e+05 +2.623370705e+05 +2.623370705e+05 +3.3784e+00 +2.0959e+00
32 +9.772008900e+04 +9.772008900e+04 +9.762799900e+04 +9.762799900e+04 +1.2910e+00 +2.3135e+00
40 +3.722015506e+04 +3.722015506e+04 +3.712806506e+04 +3.712806506e+04 -9.0154e-01 +2.8121e+00
49 +1.551839778e+03 +1.551839778e+03 +1.459749778e+03 +1.459749778e+03 +1.3056e+00 +2.5848e+00
65 +4.513644919e+01 +4.513644919e+01 -4.695355081e+01 -4.695355081e+01 +6.0748e-01 +2.6285e+00
124 +2.365050333e-01 +2.365050333e-01 -9.185349497e+01 -9.185349497e+01 +1.1016e+00 +2.6219e+00
159 +1.449659589e-01 +1.449659589e-01 -9.194503404e+01 -9.194503404e+01 +1.1035e+00 +2.6217e+00
440 +8.736039245e-02 +8.736039245e-02 -9.200263961e+01 -9.200263961e+01 +1.0126e+00 +2.6216e+00
458 +6.142572284e-02 +6.142572284e-02 -9.202857428e+01 -9.202857428e+01 +9.7322e-01 +2.6216e+00
476 +2.814572013e-02 +2.814572013e-02 -9.206185428e+01 -9.206185428e+01 +7.7827e-01 +2.6214e+00
482 +5.438386246e-03 +5.438386246e-03 -9.208456161e+01 -9.208456161e+01 +7.4976e-01 +2.6215e+00
486 +9.161732000e-04 +9.161732000e-04 -9.208908383e+01 -9.208908383e+01 +7.5323e-01 +2.6216e+00
498 +4.897761835e-04 +4.897761835e-04 -9.208951022e+01 -9.208951022e+01 +7.3770e-01 +2.6216e+00
550 +1.342129448e-04 +1.342129448e-04 -9.208986579e+01 -9.208986579e+01 +7.2554e-01 +2.6216e+00
552 +2.521735433e-05 +2.521735433e-05 -9.208997478e+01 -9.208997478e+01 +7.2358e-01 +2.6216e+00
573 +1.757459314e-05 +1.757459314e-05 -9.208998243e+01 -9.208998243e+01 +7.2728e-01 +2.6216e+00
581 +1.416496990e-05 +1.416496990e-05 -9.208998584e+01 -9.208998584e+01 +7.2300e-01 +2.6216e+00
601 +5.528289748e-06 +5.528289748e-06 -9.208999447e+01 -9.208999447e+01 +7.2450e-01 +2.6216e+00
614 +1.874601168e-06 +1.874601168e-06 -9.208999813e+01 -9.208999813e+01 +7.2432e-01 +2.6216e+00
622 +7.967314133e-07 +7.967314133e-07 -9.208999920e+01 -9.208999920e+01 +7.2523e-01 +2.6216e+00
644 +5.631901274e-07 +5.631901274e-07 -9.208999944e+01 -9.208999944e+01 +7.2506e-01 +2.6216e+00
651 +2.488019675e-07 +2.488019675e-07 -9.208999975e+01 -9.208999975e+01 +7.2599e-01 +2.6216e+00
655 +1.875677924e-08 +1.875677924e-08 -9.208999998e+01 -9.208999998e+01 +7.2555e-01 +2.6216e+00
686 +1.129421889e-08 +1.129421889e-08 -9.208999999e+01 -9.208999999e+01 +7.2560e-01 +2.6216e+00
690 +4.690150490e-10 +4.690150490e-10 -9.209000000e+01 -9.209000000e+01 +7.2558e-01 +2.6216e+00
% function evaluation | noise-free fitness - Fopt (-8.789000000000e+01) | best noise-free fitness - Fopt | measured fitness | best measured fitness | x1 | x2...
1 +2.529731730e+07 +2.529731730e+07 +2.529722941e+07 +2.529722941e+07 +1.7103e+00 -1.5205e+00
2 +4.704797780e+06 +4.704797780e+06 +4.704709890e+06 +4.704709890e+06 +4.2685e+00 +1.4458e+00
4 +1.883848540e+02 +1.883848540e+02 +1.004948540e+02 +1.004948540e+02 +1.7887e+00 +3.6321e+00
109 +7.583770451e+00 +7.583770451e+00 -8.030622955e+01 -8.030622955e+01 +2.9137e+00 +3.6456e+00
350 +6.251530886e+00 +6.251530886e+00 -8.163846911e+01 -8.163846911e+01 +2.5577e+00 +3.6452e+00
380 +3.620490203e+00 +3.620490203e+00 -8.426950980e+01 -8.426950980e+01 +2.1479e+00 +3.6452e+00
383 +2.345759637e+00 +2.345759637e+00 -8.554424036e+01 -8.554424036e+01 +1.7805e+00 +3.6452e+00
393 +1.576159220e+00 +1.576159220e+00 -8.631384078e+01 -8.631384078e+01 +1.3488e+00 +3.6460e+00
396 +5.369944410e-01 +5.369944410e-01 -8.735300556e+01 -8.735300556e+01 +9.6637e-01 +3.6458e+00
399 +2.357488109e-01 +2.357488109e-01 -8.765425119e+01 -8.765425119e+01 +7.1330e-01 +3.6455e+00
414 +1.226483494e-01 +1.226483494e-01 -8.776735165e+01 -8.776735165e+01 +5.8622e-01 +3.6456e+00
441 +6.353520520e-03 +6.353520520e-03 -8.788364648e+01 -8.788364648e+01 +2.0170e-01 +3.6457e+00
462 +4.527929191e-03 +4.527929191e-03 -8.788547207e+01 -8.788547207e+01 +1.6977e-01 +3.6456e+00
472 +9.618535740e-04 +9.618535740e-04 -8.788903815e+01 -8.788903815e+01 +2.4536e-01 +3.6456e+00
506 +4.458919131e-04 +4.458919131e-04 -8.788955411e+01 -8.788955411e+01 +2.1801e-01 +3.6456e+00
523 +4.682087680e-05 +4.682087680e-05 -8.788995318e+01 -8.788995318e+01 +2.3714e-01 +3.6456e+00
526 +2.599297201e-05 +2.599297201e-05 -8.788997401e+01 -8.788997401e+01 +2.3598e-01 +3.6456e+00
547 +8.852348216e-06 +8.852348216e-06 -8.788999115e+01 -8.788999115e+01 +2.4114e-01 +3.6456e+00
572 +5.217199401e-07 +5.217199401e-07 -8.788999948e+01 -8.788999948e+01 +2.3954e-01 +3.6456e+00
631 +1.321240006e-08 +1.321240006e-08 -8.788999999e+01 -8.788999999e+01 +2.3933e-01 +3.6456e+00
686 +4.724796554e-09 +4.724796554e-09 -8.789000000e+01 -8.789000000e+01 +2.3916e-01 +3.6456e+00
687 +2.801385790e-10 +2.801385790e-10 -8.789000000e+01 -8.789000000e+01 +2.3920e-01 +3.6456e+00
692 +1.499813607e-10 +1.499813607e-10 -8.789000000e+01 -8.789000000e+01 +2.3921e-01 +3.6456e+00
% function evaluation | noise-free fitness - Fopt (-8.789000000000e+01) | best noise-free fitness - Fopt | measured fitness | best measured fitness | x1 | x2...
1 +5.058031539e+07 +5.058031539e+07 +5.058022750e+07 +5.058022750e+07 +3.2823e+00 -3.8385e+00
4 +1.271226703e+07 +1.271226703e+07 +1.271217914e+07 +1.271217914e+07 +3.8865e+00 +6.9664e-02
12 +1.311782164e+06 +1.311782164e+06 +1.311694274e+06 +1.311694274e+06 +5.0582e+00 +2.5443e+00
31 +2.961130333e+03 +2.961130333e+03 +2.873240333e+03 +2.873240333e+03 +8.1804e+00 +3.5918e+00
66 +6.371596303e+02 +6.371596303e+02 +5.492696303e+02 +5.492696303e+02 +5.3673e+00 +3.6690e+00
90 +1.069038046e+02 +1.069038046e+02 +1.901380456e+01 +1.901380456e+01 +6.2354e+00 +3.6538e+00
119 +5.753563909e+01 +5.753563909e+01 -3.035436091e+01 -3.035436091e+01 +3.1242e+00 +3.6380e+00
200 +3.908847415e+01 +3.908847415e+01 -4.880152585e+01 -4.880152585e+01 +5.1521e+00 +3.6420e+00
224 +1.810731419e+01 +1.810731419e+01 -6.978268581e+01 -6.978268581e+01 +4.2727e+00 +3.6471e+00
270 +1.453369892e+01 +1.453369892e+01 -7.335630108e+01 -7.335630108e+01 +3.8817e+00 +3.6443e+00
361 +9.881177163e+00 +9.881177163e+00 -7.800882284e+01 -7.800882284e+01 +3.4221e+00 +3.6451e+00
368 +5.580032747e+00 +5.580032747e+00 -8.230996725e+01 -8.230996725e+01 +2.4609e+00 +3.6453e+00
374 +3.208720712e+00 +3.208720712e+00 -8.468127929e+01 -8.468127929e+01 +2.1065e+00 +3.6454e+00
405 +1.888558456e+00 +1.888558456e+00 -8.600144154e+01 -8.600144154e+01 -2.1027e-02 +3.6471e+00
412 +8.354371590e-01 +8.354371590e-01 -8.705456284e+01 -8.705456284e+01 +1.1736e+00 +3.6459e+00
423 +3.547425924e-01 +3.547425924e-01 -8.753525741e+01 -8.753525741e+01 +2.3223e-01 +3.6450e+00
430 +2.158503749e-01 +2.158503749e-01 -8.767414963e+01 -8.767414963e+01 -2.0298e-01 +3.6457e+00
440 +1.538339256e-01 +1.538339256e-01 -8.773616607e+01 -8.773616607e+01 +2.7503e-01 +3.6460e+00
455 +8.413194939e-02 +8.413194939e-02 -8.780586805e+01 -8.780586805e+01 +5.8370e-02 +3.6458e+00
466 +5.483572485e-03 +5.483572485e-03 -8.788451643e+01 -8.788451643e+01 +2.9055e-01 +3.6456e+00
480 +3.669369482e-03 +3.669369482e-03 -8.788633063e+01 -8.788633063e+01 +2.6428e-01 +3.6455e+00
493 +1.638436035e-03 +1.638436035e-03 -8.788836156e+01 -8.788836156e+01 +2.4192e-01 +3.6456e+00
496 +7.759300979e-04 +7.759300979e-04 -8.788922407e+01 -8.788922407e+01 +2.1815e-01 +3.6456e+00
507 +2.102551190e-04 +2.102551190e-04 -8.788978974e+01 -8.788978974e+01 +2.3754e-01 +3.6456e+00
549 +7.565502312e-05 +7.565502312e-05 -8.788992434e+01 -8.788992434e+01 +2.4472e-01 +3.6456e+00
554 +2.829127989e-05 +2.829127989e-05 -8.788997171e+01 -8.788997171e+01 +2.4401e-01 +3.6456e+00
566 +9.748645468e-06 +9.748645468e-06 -8.788999025e+01 -8.788999025e+01 +2.3614e-01 +3.6456e+00
580 +3.264352884e-06 +3.264352884e-06 -8.788999674e+01 -8.788999674e+01 +2.3766e-01 +3.6456e+00
597 +4.214177096e-07 +4.214177096e-07 -8.788999958e+01 -8.788999958e+01 +2.3985e-01 +3.6456e+00
605 +3.969421698e-07 +3.969421698e-07 -8.788999960e+01 -8.788999960e+01 +2.3926e-01 +3.6456e+00
606 +6.580356171e-08 +6.580356171e-08 -8.788999993e+01 -8.788999993e+01 +2.3931e-01 +3.6456e+00
607 +5.876600540e-09 +5.876600540e-09 -8.788999999e+01 -8.788999999e+01 +2.3916e-01 +3.6456e+00
% function evaluation | noise-free fitness - Fopt (-8.789000000000e+01) | best noise-free fitness - Fopt | measured fitness | best measured fitness | x1 | x2...
1 +3.481330502e+06 +3.481330502e+06 +3.481242612e+06 +3.481242612e+06 +2.0456e+00 +1.8638e+00
3 +1.616173745e+06 +1.616173745e+06 +1.616085855e+06 +1.616085855e+06 +3.3017e+00 +2.4548e+00
5 +3.636917146e+05 +3.636917146e+05 +3.636038246e+05 +3.636038246e+05 +4.8102e+00 +4.2067e+00
26 +2.100843697e+04 +2.100843697e+04 +2.092054697e+04 +2.092054697e+04 +4.5820e+00 +3.7960e+00
29 +8.605885115e+02 +8.605885115e+02 +7.726985115e+02 +7.726985115e+02 +8.0385e+00 +3.6719e+00
31 +3.923779864e+02 +3.923779864e+02 +3.044879864e+02 +3.044879864e+02 +2.0308e+00 +3.6658e+00
86 +3.704321590e+01 +3.704321590e+01 -5.084678410e+01 -5.084678410e+01 -1.0396e+00 +3.6397e+00
124 +9.480851477e+00 +9.480851477e+00 -7.840914852e+01 -7.840914852e+01 -8.3712e-01 +3.6427e+00
139 +3.714873052e+00 +3.714873052e+00 -8.417512695e+01 -8.417512695e+01 -3.5387e-01 +3.6474e+00
152 +2.306488695e+00 +2.306488695e+00 -8.558351131e+01 -8.558351131e+01 -9.9653e-01 +3.6448e+00
284 +9.731084783e-01 +9.731084783e-01 -8.691689152e+01 -8.691689152e+01 -7.2639e-01 +3.6459e+00
298 +4.197503055e-01 +4.197503055e-01 -8.747024969e+01 -8.747024969e+01 -4.2642e-01 +3.6454e+00
315 +2.087221975e-01 +2.087221975e-01 -8.768127780e+01 -8.768127780e+01 +2.7261e-02 +3.6460e+00
340 +8.491982798e-02 +8.491982798e-02 -8.780508017e+01 -8.780508017e+01 +5.2083e-01 +3.6456e+00
345 +4.293289299e-02 +4.293289299e-02 -8.784706711e+01 -8.784706711e+01 +4.0996e-01 +3.6457e+00
346 +3.559438536e-03 +3.559438536e-03 -8.788644056e+01 -8.788644056e+01 +1.9244e-01 +3.6456e+00
386 +9.442785537e-04 +9.442785537e-04 -8.788905572e+01 -8.788905572e+01 +2.6821e-01 +3.6456e+00
418 +1.646236452e-04 +1.646236452e-04 -8.788983538e+01 -8.788983538e+01 +2.4970e-01 +3.6456e+00
422 +2.501804721e-05 +2.501804721e-05 -8.788997498e+01 -8.788997498e+01 +2.4384e-01 +3.6456e+00
446 +4.415833104e-06 +4.415833104e-06 -8.788999558e+01 -8.788999558e+01 +2.3709e-01 +3.6456e+00
478 +2.700355708e-07 +2.700355708e-07 -8.788999973e+01 -8.788999973e+01 +2.3901e-01 +3.6456e+00
523 +1.976453916e-07 +1.976453916e-07 -8.788999980e+01 -8.788999980e+01 +2.3959e-01 +3.6456e+00
529 +3.932541404e-08 +3.932541404e-08 -8.788999996e+01 -8.788999996e+01 +2.3909e-01 +3.6456e+00
538 +1.849831222e-08 +1.849831222e-08 -8.788999998e+01 -8.788999998e+01 +2.3911e-01 +3.6456e+00
540 +1.498690949e-09 +1.498690949e-09 -8.789000000e+01 -8.789000000e+01 +2.3924e-01 +3.6456e+00
% function evaluation | noise-free fitness - Fopt (3.201900000000e+02) | best noise-free fitness - Fopt | measured fitness | best measured fitness | x1 | x2...
1 +1.102747922e+06 +1.102747922e+06 +1.103068112e+06 +1.103068112e+06 +6.5623e-01 -3.3959e+00
2 +5.933134899e+05 +5.933134899e+05 +5.936336799e+05 +5.936336799e+05 +2.6742e+00 -3.1868e+00
3 +3.135251363e+05 +3.135251363e+05 +3.138453263e+05 +3.138453263e+05 -7.4735e-01 -2.9575e+00
9 +1.708006092e+03 +1.708006092e+03 +2.028196092e+03 +2.028196092e+03 -9.4646e-02 -2.3993e+00
45 +8.513493075e+02 +8.513493075e+02 +1.171539307e+03 +1.171539307e+03 -5.7560e-01 -2.3330e+00
50 +6.116920464e+01 +6.116920464e+01 +3.813592046e+02 +3.813592046e+02 +1.0365e+00 -2.3532e+00
82 +2.764632107e+01 +2.764632107e+01 +3.478363211e+02 +3.478363211e+02 +5.7529e-01 -2.3557e+00
110 +2.980634800e+00 +2.980634800e+00 +3.231706348e+02 +3.231706348e+02 +1.1962e+00 -2.3617e+00
174 +2.098117029e+00 +2.098117029e+00 +3.222881170e+02 +3.222881170e+02 +1.0924e+00 -2.3609e+00
268 +1.550837838e+00 +1.550837838e+00 +3.217408378e+02 +3.217408378e+02 +6.9424e-01 -2.3610e+00
288 +8.664177379e-01 +8.664177379e-01 +3.210564177e+02 +3.210564177e+02 +3.2669e-01 -2.3602e+00
310 +7.217137546e-02 +7.217137546e-02 +3.202621714e+02 +3.202621714e+02 -4.6661e-01 -2.3605e+00
362 +3.827851035e-02 +3.827851035e-02 +3.202282785e+02 +3.202282785e+02 -2.5254e-01 -2.3607e+00
368 +1.579388086e-03 +1.579388086e-03 +3.201915794e+02 +3.201915794e+02 -4.6425e-01 -2.3608e+00
398 +8.161504498e-04 +8.161504498e-04 +3.201908162e+02 +3.201908162e+02 -4.3651e-01 -2.3608e+00
441 +2.871281744e-04 +2.871281744e-04 +3.201902871e+02 +3.201902871e+02 -4.2561e-01 -2.3608e+00
458 +1.948120416e-04 +1.948120416e-04 +3.201901948e+02 +3.201901948e+02 -4.2168e-01 -2.3608e+00
475 +1.076380123e-04 +1.076380123e-04 +3.201901076e+02 +3.201901076e+02 -4.2522e-01 -2.3608e+00
476 +3.063385788e-05 +3.063385788e-05 +3.201900306e+02 +3.201900306e+02 -4.3433e-01 -2.3608e+00
488 +2.264146474e-06 +2.264146474e-06 +3.201900023e+02 +3.201900023e+02 -4.3395e-01 -2.3608e+00
539 +8.800323599e-07 +8.800323599e-07 +3.201900009e+02 +3.201900009e+02 -4.3194e-01 -2.3608e+00
548 +5.422740514e-07 +5.422740514e-07 +3.201900005e+02 +3.201900005e+02 -4.3304e-01 -2.3608e+00
549 +3.782737963e-07 +3.782737963e-07 +3.201900004e+02 +3.201900004e+02 -4.3228e-01 -2.3608e+00
551 +3.250505642e-08 +3.250505642e-08 +3.201900000e+02 +3.201900000e+02 -4.3286e-01 -2.3608e+00
573 +1.906431635e-08 +1.906431635e-08 +3.201900000e+02 +3.201900000e+02 -4.3267e-01 -2.3608e+00
595 +2.249123554e-09 +2.249123554e-09 +3.201900000e+02 +3.201900000e+02 -4.3277e-01 -2.3608e+00
% function evaluation | noise-free fitness - Fopt (3.201900000000e+02) | best noise-free fitness - Fopt | measured fitness | best measured fitness | x1 | x2...
1 +2.688506638e+05 +2.688506638e+05 +2.691708538e+05 +2.691708538e+05 -3.7288e+00 -2.8958e+00
3 +1.911547839e+05 +1.911547839e+05 +1.914749739e+05 +1.914749739e+05 -4.0929e+00 -2.7869e+00
10 +6.687958989e+04 +6.687958989e+04 +6.719977989e+04 +6.719977989e+04 -2.2686e+00 -2.6200e+00
13 +6.487279870e+03 +6.487279870e+03 +6.807469870e+03 +6.807469870e+03 -4.2335e+00 -2.4482e+00
20 +5.543673902e+03 +5.543673902e+03 +5.863863902e+03 +5.863863902e+03 -4.5480e+00 -2.2819e+00
46 +4.854076605e+02 +4.854076605e+02 +8.055976605e+02 +8.055976605e+02 -4.2460e+00 -2.3393e+00
47 +1.322114117e+02 +1.322114117e+02 +4.524014117e+02 +4.524014117e+02 -4.3496e+00 -2.3500e+00
102 +7.819678919e+01 +7.819678919e+01 +3.983867892e+02 +3.983867892e+02 -5.2248e+00 -2.3689e+00
103 +3.869722269e+01 +3.869722269e+01 +3.588872227e+02 +3.588872227e+02 -4.9788e+00 -2.3568e+00
136 +2.388537240e+01 +2.388537240e+01 +3.440753724e+02 +3.440753724e+02 -5.1737e+00 -2.3593e+00
356 +1.125378367e+01 +1.125378367e+01 +3.314437837e+02 +3.314437837e+02 -3.8116e+00 -2.3610e+00
380 +9.592092029e+00 +9.592092029e+00 +3.297820920e+02 +3.297820920e+02 -3.5847e+00 -2.3607e+00
458 +5.616978944e+00 +5.616978944e+00 +3.258069789e+02 +3.258069789e+02 -2.7897e+00 -2.3602e+00
472 +3.935479442e+00 +3.935479442e+00 +3.241254794e+02 +3.241254794e+02 -2.1414e+00 -2.3617e+00
489 +1.774335052e+00 +1.774335052e+00 +3.219643351e+02 +3.219643351e+02 -9.2288e-01 -2.3620e+00
490 +8.086980587e-01 +8.086980587e-01 +3.209986981e+02 +3.209986981e+02 -1.3577e+00 -2.3607e+00
508 +3.437815534e-01 +3.437815534e-01 +3.205337816e+02 +3.205337816e+02 +8.7871e-02 -2.3606e+00
520 +9.005645350e-02 +9.005645350e-02 +3.202800565e+02 +3.202800565e+02 -7.2956e-01 -2.3608e+00
526 +5.686498189e-02 +5.686498189e-02 +3.202468650e+02 +3.202468650e+02 -2.2642e-01 -2.3607e+00
527 +9.800207078e-03 +9.800207078e-03 +3.201998002e+02 +3.201998002e+02 -3.5440e-01 -2.3609e+00
625 +3.747209225e-03 +3.747209225e-03 +3.201937472e+02 +3.201937472e+02 -3.7399e-01 -2.3608e+00
631 +1.835285549e-03 +1.835285549e-03 +3.201918353e+02 +3.201918353e+02 -3.9056e-01 -2.3608e+00
645 +6.405601027e-05 +6.405601027e-05 +3.201900641e+02 +3.201900641e+02 -4.2655e-01 -2.3608e+00
679 +7.476842995e-06 +7.476842995e-06 +3.201900075e+02 +3.201900075e+02 -4.3386e-01 -2.3608e+00
692 +2.556731886e-06 +2.556731886e-06 +3.201900026e+02 +3.201900026e+02 -4.3186e-01 -2.3608e+00
719 +3.764025678e-07 +3.764025678e-07 +3.201900004e+02 +3.201900004e+02 -4.3332e-01 -2.3608e+00
738 +8.221320513e-08 +8.221320513e-08 +3.201900001e+02 +3.201900001e+02 -4.3282e-01 -2.3608e+00
747 +1.506009539e-08 +1.506009539e-08 +3.201900000e+02 +3.201900000e+02 -4.3291e-01 -2.3608e+00
762 +3.378886504e-09 +3.378886504e-09 +3.201900000e+02 +3.201900000e+02 -4.3274e-01 -2.3608e+00
% function evaluation | noise-free fitness - Fopt (3.201900000000e+02) | best noise-free fitness - Fopt | measured fitness | best measured fitness | x1 | x2...
1 +5.055086336e+05 +5.055086336e+05 +5.058288236e+05 +5.058288236e+05 +2.3750e+00 -1.6200e+00
7 +1.490089430e+05 +1.490089430e+05 +1.493291330e+05 +1.493291330e+05 +1.6114e+00 -2.7343e+00
8 +6.233028840e+04 +6.233028840e+04 +6.265047840e+04 +6.265047840e+04 +4.2161e+00 -2.6111e+00
16 +1.963778140e+04 +1.963778140e+04 +1.995797140e+04 +1.995797140e+04 +4.5545e+00 -2.4940e+00
34 +4.016107686e+01 +4.016107686e+01 +3.603510769e+02 +3.603510769e+02 +2.4290e+00 -2.3662e+00
98 +2.838483730e+01 +2.838483730e+01 +3.485748373e+02 +3.485748373e+02 +1.7202e+00 -2.3652e+00
99 +1.005653228e+01 +1.005653228e+01 +3.302465323e+02 +3.302465323e+02 +1.9953e+00 -2.3590e+00
133 +5.641359421e+00 +5.641359421e+00 +3.258313594e+02 +3.258313594e+02 +1.8183e+00 -2.3608e+00
376 +3.765360770e+00 +3.765360770e+00 +3.239553608e+02 +3.239553608e+02 +1.5348e+00 -2.3607e+00
403 +2.402921946e+00 +2.402921946e+00 +3.225929219e+02 +3.225929219e+02 +1.2337e+00 -2.3606e+00
435 +1.126534025e+00 +1.126534025e+00 +3.213165340e+02 +3.213165340e+02 +5.8322e-01 -2.3605e+00
439 +5.716224740e-01 +5.716224740e-01 +3.207616225e+02 +3.207616225e+02 +3.4113e-01 -2.3610e+00
441 +2.005020983e-01 +2.005020983e-01 +3.203905021e+02 +3.203905021e+02 -1.9492e-03 -2.3610e+00
456 +1.053320601e-01 +1.053320601e-01 +3.202953321e+02 +3.202953321e+02 -1.1829e-01 -2.3608e+00
475 +1.737700717e-03 +1.737700717e-03 +3.201917377e+02 +3.201917377e+02 -3.9311e-01 -2.3608e+00
535 +4.044478625e-04 +4.044478625e-04 +3.201904044e+02 +3.201904044e+02 -4.4964e-01 -2.3608e+00
564 +1.898722399e-04 +1.898722399e-04 +3.201901899e+02 +3.201901899e+02 -4.1923e-01 -2.3608e+00
568 +8.066115367e-05 +8.066115367e-05 +3.201900807e+02 +3.201900807e+02 -4.4224e-01 -2.3608e+00
595 +4.849402836e-05 +4.849402836e-05 +3.201900485e+02 +3.201900485e+02 -4.3512e-01 -2.3608e+00
596 +1.999791419e-05 +1.999791419e-05 +3.201900200e+02 +3.201900200e+02 -4.3416e-01 -2.3608e+00
609 +3.598108890e-06 +3.598108890e-06 +3.201900036e+02 +3.201900036e+02 -4.3438e-01 -2.3608e+00
629 +1.823651132e-07 +1.823651132e-07 +3.201900002e+02 +3.201900002e+02 -4.3238e-01 -2.3608e+00
648 +3.489935807e-08 +3.489935807e-08 +3.201900000e+02 +3.201900000e+02 -4.3263e-01 -2.3608e+00
661 +2.254796527e-08 +2.254796527e-08 +3.201900000e+02 +3.201900000e+02 -4.3295e-01 -2.3608e+00
669 +1.229005875e-08 +1.229005875e-08 +3.201900000e+02 +3.201900000e+02 -4.3270e-01 -2.3608e+00
686 +3.076024768e-09 +3.076024768e-09 +3.201900000e+02 +3.201900000e+02 -4.3275e-01 -2.3608e+00
689 +4.289972821e-10 +4.289972821e-10 +3.201900000e+02 +3.201900000e+02 -4.3278e-01 -2.3608e+00
% function evaluation | noise-free fitness - Fopt (-1.042400000000e+02) | best noise-free fitness - Fopt | measured fitness | best measured fitness | x1 | x2...
1 +6.423206293e+07 +6.423206293e+07 +6.423195869e+07 +6.423195869e+07 +1.2712e+00 +3.9169e+00
2 +3.617066207e+07 +3.617066207e+07 +3.617055783e+07 +3.617055783e+07 +2.5194e+00 +2.0460e+00
7 +2.205667971e+07 +2.205667971e+07 +2.205657547e+07 +2.205657547e+07 -5.7854e+00 +8.0299e-01
10 +1.304348084e+06 +1.304348084e+06 +1.304243844e+06 +1.304243844e+06 -5.0177e+00 -5.0190e+00
41 +6.826920201e+05 +6.826920201e+05 +6.825877801e+05 +6.825877801e+05 +8.9845e-01 -3.0240e+00
50 +2.028003694e+04 +2.028003694e+04 +2.017579694e+04 +2.017579694e+04 +5.2678e-01 -3.7717e+00
80 +8.093475374e+01 +8.093475374e+01 -2.330524626e+01 -2.330524626e+01 -6.2321e+00 -3.9268e+00
207 +5.972395522e+01 +5.972395522e+01 -4.451604478e+01 -4.451604478e+01 -7.5175e+00 -3.9185e+00
339 +3.955766900e+01 +3.955766900e+01 -6.468233100e+01 -6.468233100e+01 -6.1873e+00 -3.9211e+00
412 +2.334281537e+01 +2.334281537e+01 -8.089718463e+01 -8.089718463e+01 -4.5001e+00 -3.9196e+00
422 +6.880624705e+00 +6.880624705e+00 -9.735937529e+01 -9.735937529e+01 -2.1498e+00 -3.9209e+00
425 +5.751252430e+00 +5.751252430e+00 -9.848874757e+01 -9.848874757e+01 -1.4633e+00 -3.9214e+00
439 +1.643893959e+00 +1.643893959e+00 -1.025961060e+02 -1.025961060e+02 -1.5902e-01 -3.9189e+00
443 +1.382295531e+00 +1.382295531e+00 -1.028577045e+02 -1.028577045e+02 -7.2452e-01 -3.9199e+00
481 +7.331668665e-02 +7.331668665e-02 -1.041666833e+02 -1.041666833e+02 +4.7588e-01 -3.9197e+00
504 +7.355784363e-05 +7.355784363e-05 -1.042399264e+02 -1.042399264e+02 +3.9726e-01 -3.9200e+00
601 +7.638026474e-06 +7.638026474e-06 -1.042399924e+02 -1.042399924e+02 +3.9289e-01 -3.9200e+00
642 +5.918611848e-06 +5.918611848e-06 -1.042399941e+02 -1.042399941e+02 +3.9409e-01 -3.9200e+00
645 +1.115678558e-06 +1.115678558e-06 -1.042399989e+02 -1.042399989e+02 +3.9540e-01 -3.9200e+00
678 +3.458320776e-07 +3.458320776e-07 -1.042399997e+02 -1.042399997e+02 +3.9494e-01 -3.9200e+00
694 +3.329715526e-08 +3.329715526e-08 -1.042400000e+02 -1.042400000e+02 +3.9427e-01 -3.9200e+00
717 +2.308738090e-08 +2.308738090e-08 -1.042400000e+02 -1.042400000e+02 +3.9455e-01 -3.9200e+00
738 +1.046677767e-08 +1.046677767e-08 -1.042400000e+02 -1.042400000e+02 +3.9446e-01 -3.9200e+00
741 +1.629700819e-10 +1.629700819e-10 -1.042400000e+02 -1.042400000e+02 +3.9439e-01 -3.9200e+00
% function evaluation | noise-free fitness - Fopt (-1.042400000000e+02) | best noise-free fitness - Fopt | measured fitness | best measured fitness | x1 | x2...
1 +1.028774966e+03 +1.028774966e+03 +9.245349664e+02 +9.245349664e+02 +8.4134e-01 -3.9510e+00
73 +3.222787814e+01 +3.222787814e+01 -7.201212186e+01 -7.201212186e+01 +3.5885e+00 -3.9156e+00
88 +4.993985177e+00 +4.993985177e+00 -9.924601482e+01 -9.924601482e+01 +2.5371e+00 -3.9197e+00
333 +2.442106045e+00 +2.442106045e+00 -1.017978940e+02 -1.017978940e+02 +1.9301e+00 -3.9205e+00
351 +1.214155900e-01 +1.214155900e-01 -1.041185844e+02 -1.041185844e+02 +4.0298e-01 -3.9203e+00
405 +8.424276697e-02 +8.424276697e-02 -1.041557572e+02 -1.041557572e+02 +2.6972e-01 -3.9203e+00
406 +2.502570724e-02 +2.502570724e-02 -1.042149743e+02 -1.042149743e+02 +4.6182e-01 -3.9201e+00
441 +5.671795010e-03 +5.671795010e-03 -1.042343282e+02 -1.042343282e+02 +3.6990e-01 -3.9201e+00
447 +2.602900884e-03 +2.602900884e-03 -1.042373971e+02 -1.042373971e+02 +4.1796e-01 -3.9200e+00
483 +4.698433883e-04 +4.698433883e-04 -1.042395302e+02 -1.042395302e+02 +3.8056e-01 -3.9200e+00
500 +3.766898752e-04 +3.766898752e-04 -1.042396233e+02 -1.042396233e+02 +3.9804e-01 -3.9200e+00
512 +3.866887870e-05 +3.866887870e-05 -1.042399613e+02 -1.042399613e+02 +3.9442e-01 -3.9200e+00
526 +1.742891271e-06 +1.742891271e-06 -1.042399983e+02 -1.042399983e+02 +3.9554e-01 -3.9200e+00
560 +1.018988414e-06 +1.018988414e-06 -1.042399990e+02 -1.042399990e+02 +3.9481e-01 -3.9200e+00
574 +3.242075053e-07 +3.242075053e-07 -1.042399997e+02 -1.042399997e+02 +3.9401e-01 -3.9200e+00
580 +2.284945424e-07 +2.284945424e-07 -1.042399998e+02 -1.042399998e+02 +3.9483e-01 -3.9200e+00
587 +1.576497652e-07 +1.576497652e-07 -1.042399998e+02 -1.042399998e+02 +3.9438e-01 -3.9200e+00
606 +7.265705904e-08 +7.265705904e-08 -1.042399999e+02 -1.042399999e+02 +3.9461e-01 -3.9200e+00
610 +7.403272662e-09 +7.403272662e-09 -1.042400000e+02 -1.042400000e+02 +3.9434e-01 -3.9200e+00
614 +3.908652957e-09 +3.908652957e-09 -1.042400000e+02 -1.042400000e+02 +3.9439e-01 -3.9200e+00
% function evaluation | noise-free fitness - Fopt (-1.042400000000e+02) | best noise-free fitness - Fopt | measured fitness | best measured fitness | x1 | x2...
1 +1.321363490e+07 +1.321363490e+07 +1.321353066e+07 +1.321353066e+07 +3.6607e+00 -2.2997e-01
4 +1.407540289e+06 +1.407540289e+06 +1.407436049e+06 +1.407436049e+06 +3.0149e+00 -2.8185e+00
11 +4.086004854e+05 +4.086004854e+05 +4.084962454e+05 +4.084962454e+05 +4.5806e+00 -3.3318e+00
14 +3.817534479e+04 +3.817534479e+04 +3.807110479e+04 +3.807110479e+04 +3.3615e+00 -4.1094e+00
30 +1.378447009e+04 +1.378447009e+04 +1.368023009e+04 +1.368023009e+04 +3.8205e+00 -3.8074e+00
48 +8.619953225e+01 +8.619953225e+01 -1.804046775e+01 -1.804046775e+01 +4.0556e+00 -3.9292e+00
150 +4.590924035e+01 +4.590924035e+01 -5.833075965e+01 -5.833075965e+01 +6.5143e+00 -3.9227e+00
154 +3.930176038e+01 +3.930176038e+01 -6.493823962e+01 -6.493823962e+01 +6.1942e+00 -3.9178e+00
374 +2.471499275e+01 +2.471499275e+01 -7.952500725e+01 -7.952500725e+01 +5.4221e+00 -3.9201e+00
460 +1.434544516e+01 +1.434544516e+01 -8.989455484e+01 -8.989455484e+01 +4.2106e+00 -3.9202e+00
472 +9.515971201e+00 +9.515971201e+00 -9.472402880e+01 -9.472402880e+01 +3.0871e+00 -3.9185e+00
485 +1.342293021e-01 +1.342293021e-01 -1.041057707e+02 -1.041057707e+02 +1.6664e-01 -3.9197e+00
493 +4.051125267e-02 +4.051125267e-02 -1.041994887e+02 -1.041994887e+02 +2.8721e-01 -3.9202e+00
507 +2.361620829e-02 +2.361620829e-02 -1.042163838e+02 -1.042163838e+02 +2.9077e-01 -3.9199e+00
536 +7.165099739e-03 +7.165099739e-03 -1.042328349e+02 -1.042328349e+02 +3.6864e-01 -3.9201e+00
586 +3.478267729e-03 +3.478267729e-03 -1.042365217e+02 -1.042365217e+02 +4.2930e-01 -3.9200e+00
597 +4.853659185e-04 +4.853659185e-04 -1.042395146e+02 -1.042395146e+02 +3.7333e-01 -3.9200e+00
603 +2.440129067e-04 +2.440129067e-04 -1.042397560e+02 -1.042397560e+02 +3.8226e-01 -3.9200e+00
610 +4.695111816e-05 +4.695111816e-05 -1.042399530e+02 -1.042399530e+02 +3.8763e-01 -3.9200e+00
647 +2.827873634e-05 +2.827873634e-05 -1.042399717e+02 -1.042399717e+02 +3.9738e-01 -3.9200e+00
653 +5.882555058e-06 +5.882555058e-06 -1.042399941e+02 -1.042399941e+02 +3.9445e-01 -3.9200e+00
656 +3.016018553e-06 +3.016018553e-06 -1.042399970e+02 -1.042399970e+02 +3.9400e-01 -3.9200e+00
662 +1.348412269e-06 +1.348412269e-06 -1.042399987e+02 -1.042399987e+02 +3.9527e-01 -3.9200e+00
671 +2.573273292e-07 +2.573273292e-07 -1.042399997e+02 -1.042399997e+02 +3.9470e-01 -3.9200e+00
699 +2.009687705e-08 +2.009687705e-08 -1.042400000e+02 -1.042400000e+02 +3.9451e-01 -3.9200e+00
716 +1.509265246e-08 +1.509265246e-08 -1.042400000e+02 -1.042400000e+02 +3.9451e-01 -3.9200e+00
761 +8.719226230e-09 +8.719226230e-09 -1.042400000e+02 -1.042400000e+02 +3.9449e-01 -3.9200e+00
