% function evaluation | noise-free fitness - Fopt (-2.098800000000e+02) | best noise-free fitness - Fopt | measured fitness | best measured fitness | x1 | x2...
1 +4.643214748e+07 +4.643214748e+07 +4.643193760e+07 +4.643193760e+07 +2.7726e+00 -2.0823e+00 -3.6544e+00
2 +1.666127103e+07 +1.666127103e+07 +1.666106115e+07 +1.666106115e+07 +5.0321e+00 +9.0307e-01 -5.1632e-01
11 +7.242009207e+06 +7.242009207e+06 +7.241799327e+06 +7.241799327e+06 +6.0143e+00 +1.0269e+00 +7.7735e-01
16 +9.636790841e+03 +9.636790841e+03 +9.426910841e+03 +9.426910841e+03 +1.0319e+01 -3.5576e-02 +3.4539e+00
197 +5.218047298e+03 +5.218047298e+03 +5.008167298e+03 +5.008167298e+03 +1.2307e+01 +2.5875e+00 +3.5685e+00
206 +2.191318090e+03 +2.191318090e+03 +1.981438090e+03 +1.981438090e+03 +1.2435e+01 +1.8351e+00 +3.5453e+00
264 +3.364619042e+02 +3.364619042e+02 +1.265819042e+02 +1.265819042e+02 +1.1964e+01 +9.2923e-01 +3.5514e+00
274 +2.111327683e+02 +2.111327683e+02 +1.252768321e+00 +1.252768321e+00 +1.2540e+01 +2.8344e-01 +3.5619e+00
332 +1.393488524e+02 +1.393488524e+02 -7.053114760e+01 -7.053114760e+01 +1.2321e+01 +5.8772e-01 +3.5519e+00
568 +9.972549853e+01 +9.972549853e+01 -1.101545015e+02 -1.101545015e+02 +1.1790e+01 +4.3943e-01 +3.5548e+00
669 +5.678699291e+01 +5.678699291e+01 -1.530930071e+02 -1.530930071e+02 +8.1883e+00 +4.5331e-01 +3.5525e+00
686 +2.188806533e+01 +2.188806533e+01 -1.879919347e+02 -1.879919347e+02 +5.8611e+00 +4.3993e-01 +3.5538e+00
712 +1.278928091e+01 +1.278928091e+01 -1.970907191e+02 -1.970907191e+02 +4.1416e+00 +3.7677e-01 +3.5541e+00
716 +8.188831936e+00 +8.188831936e+00 -2.016911681e+02 -2.016911681e+02 +3.9794e+00 +4.6068e-01 +3.5547e+00
782 +2.102507329e+00 +2.102507329e+00 -2.077774927e+02 -2.077774927e+02 +2.3013e+00 +4.5007e-01 +3.5553e+00
786 +6.867965504e-01 +6.867965504e-01 -2.091932034e+02 -2.091932034e+02 +2.0079e+00 +4.5633e-01 +3.5541e+00
851 +5.553488525e-01 +5.553488525e-01 -2.093246511e+02 -2.093246511e+02 +1.5363e+00 +4.5842e-01 +3.5539e+00
858 +3.569011672e-01 +3.569011672e-01 -2.095230988e+02 -2.095230988e+02 +1.2397e+00 +4.6507e-01 +3.5541e+00
859 +1.860152194e-01 +1.860152194e-01 -2.096939848e+02 -2.096939848e+02 +1.3762e+00 +4.4395e-01 +3.5548e+00
865 +9.759543973e-02 +9.759543973e-02 -2.097824046e+02 -2.097824046e+02 +1.2083e+00 +4.5593e-01 +3.5542e+00
877 +4.211930287e-02 +4.211930287e-02 -2.098378807e+02 -2.098378807e+02 +1.0500e+00 +4.4756e-01 +3.5545e+00
885 +8.152323132e-03 +8.152323132e-03 -2.098718477e+02 -2.098718477e+02 +1.1636e+00 +4.4572e-01 +3.5544e+00
951 +1.509301275e-03 +1.509301275e-03 -2.098784907e+02 -2.098784907e+02 +1.2244e+00 +4.4695e-01 +3.5544e+00
961 +5.397860382e-04 +5.397860382e-04 -2.098794602e+02 -2.098794602e+02 +1.1977e+00 +4.4769e-01 +3.5544e+00
1003 +3.284006540e-04 +3.284006540e-04 -2.098796716e+02 -2.098796716e+02 +1.2010e+00 +4.4785e-01 +3.5544e+00
1010 +1.653814279e-04 +1.653814279e-04 -2.098798346e+02 -2.098798346e+02 +1.2049e+00 +4.4765e-01 +3.5544e+00
1019 +6.855767623e-05 +6.855767623e-05 -2.098799314e+02 -2.098799314e+02 +1.2053e+00 +4.4796e-01 +3.5544e+00
1039 +3.567134689e-05 +3.567134689e-05 -2.098799643e+02 -2.098799643e+02 +1.2013e+00 +4.4802e-01 +3.5544e+00
1070 +1.275575173e-05 +1.275575173e-05 -2.098799872e+02 -2.098799872e+02 +1.2103e+00 +4.4797e-01 +3.5544e+00
1095 +6.761911521e-06 +6.761911521e-06 -2.098799932e+02 -2.098799932e+02 +1.2088e+00 +4.4800e-01 +3.5544e+00
1096 +3.127823391e-06 +3.127823391e-06 -2.098799969e+02 -2.098799969e+02 +1.2082e+00 +4.4803e-01 +3.5544e+00
1108 +1.735674374e-06 +1.735674374e-06 -2.098799983e+02 -2.098799983e+02 +1.2064e+00 +4.4802e-01 +3.5544e+00
1116 +1.171871162e-06 +1.171871162e-06 -2.098799988e+02 -2.098799988e+02 +1.2065e+00 +4.4803e-01 +3.5544e+00
1144 +6.320735793e-07 +6.320735793e-07 -2.098799994e+02 -2.098799994e+02 +1.2078e+00 +4.4800e-01 +3.5544e+00
1148 +4.395247117e-07 +4.395247117e-07 -2.098799996e+02 -2.098799996e+02 +1.2074e+00 +4.4800e-01 +3.5544e+00
1154 +3.859375965e-07 +3.859375965e-07 -2.098799996e+02 -2.098799996e+02 +1.2074e+00 +4.4800e-01 +3.5544e+00
1158 +1.660010867e-07 +1.660010867e-07 -2.098799998e+02 -2.098799998e+02 +1.2072e+00 +4.4800e-01 +3.5544e+00
1162 +7.710355021e-08 +7.710355021e-08 -2.098799999e+02 -2.098799999e+02 +1.2069e+00 +4.4800e-01 +3.5544e+00
1187 +4.455679914e-08 +4.455679914e-08 -2.098800000e+02 -2.098800000e+02 +1.2073e+00 +4.4800e-01 +3.5544e+00
1192 +2.474831717e-08 +2.474831717e-08 -2.098800000e+02 -2.098800000e+02 +1.2073e+00 +4.4800e-01 +3.5544e+00
1203 +8.585857358e-09 +8.585857358e-09 -2.098800000e+02 -2.098800000e+02 +1.2073e+00 +4.4800e-01 +3.5544e+00
1206 +4.226393457e-09 +4.226393457e-09 -2.098800000e+02 -2.098800000e+02 +1.2072e+00 +4.4800e-01 +3.5544e+00
% function evaluation | noise-free fitness - Fopt (-2.098800000000e+02) | best noise-free fitness - Fopt | measured fitness | best measured fitness | x1 | x2...
1 +1.699011262e+05 +1.699011262e+05 +1.696912462e+05 +1.696912462e+05 -2.3728e+00 +1.2137e-01 +3.9908e+00
2 +2.171701711e+04 +2.171701711e+04 +2.150713711e+04 +2.150713711e+04 -6.8459e-01 -4.2758e-01 +3.7049e+00
26 +8.124410258e+03 +8.124410258e+03 +7.914530258e+03 +7.914530258e+03 -2.1794e+00 +4.1016e-01 +3.4589e+00
36 +3.707669791e+03 +3.707669791e+03 +3.497789791e+03 +3.497789791e+03 -6.9100e-01 +1.1680e+00 +3.4959e+00
93 +1.194419201e+02 +1.194419201e+02 -9.043807993e+01 -9.043807993e+01 -2.1174e+00 +4.2991e-01 +3.5648e+00
169 +3.467838823e+01 +3.467838823e+01 -1.752016118e+02 -1.752016118e+02 -1.8861e+00 +2.9891e-01 +3.5550e+00
216 +1.326779495e+01 +1.326779495e+01 -1.966122051e+02 -1.966122051e+02 -1.8815e+00 +5.1517e-01 +3.5539e+00
276 +9.494397077e+00 +9.494397077e+00 -2.003856029e+02 -2.003856029e+02 -1.8939e+00 +4.5663e-01 +3.5548e+00
723 +6.115994977e+00 +6.115994977e+00 -2.037640050e+02 -2.037640050e+02 -1.3312e+00 +4.3851e-01 +3.5544e+00
845 +3.967730427e+00 +3.967730427e+00 -2.059122696e+02 -2.059122696e+02 -6.4575e-01 +4.6371e-01 +3.5546e+00
889 +2.477853285e+00 +2.477853285e+00 -2.074021467e+02 -2.074021467e+02 -1.5996e-01 +4.5351e-01 +3.5549e+00
895 +9.175741536e-01 +9.175741536e-01 -2.089624258e+02 -2.089624258e+02 +3.0809e-01 +4.5067e-01 +3.5548e+00
919 +6.058026447e-01 +6.058026447e-01 -2.092741974e+02 -2.092741974e+02 +6.6614e-01 +4.6123e-01 +3.5548e+00
948 +2.366510338e-01 +2.366510338e-01 -2.096433490e+02 -2.096433490e+02 +1.0165e+00 +4.6175e-01 +3.5545e+00
967 +1.369307689e-01 +1.369307689e-01 -2.097430692e+02 -2.097430692e+02 +1.1367e+00 +4.5833e-01 +3.5542e+00
971 +5.338991781e-02 +5.338991781e-02 -2.098266101e+02 -2.098266101e+02 +1.1373e+00 +4.5497e-01 +3.5544e+00
990 +2.152201847e-02 +2.152201847e-02 -2.098584780e+02 -2.098584780e+02 +1.2018e+00 +4.4710e-01 +3.5543e+00
1016 +5.052887817e-03 +5.052887817e-03 -2.098749471e+02 -2.098749471e+02 +1.1506e+00 +4.4947e-01 +3.5544e+00
1022 +3.469955229e-03 +3.469955229e-03 -2.098765300e+02 -2.098765300e+02 +1.2301e+00 +4.4736e-01 +3.5544e+00
1045 +2.002122600e-03 +2.002122600e-03 -2.098779979e+02 -2.098779979e+02 +1.1745e+00 +4.4780e-01 +3.5544e+00
1062 +7.582246612e-04 +7.582246612e-04 -2.098792418e+02 -2.098792418e+02 +1.1878e+00 +4.4858e-01 +3.5544e+00
1087 +4.608605346e-04 +4.608605346e-04 -2.098795391e+02 -2.098795391e+02 +1.2004e+00 +4.4831e-01 +3.5544e+00
1096 +3.611821049e-04 +3.611821049e-04 -2.098796388e+02 -2.098796388e+02 +1.1985e+00 +4.4853e-01 +3.5544e+00
1102 +2.026604253e-04 +2.026604253e-04 -2.098797973e+02 -2.098797973e+02 +1.2021e+00 +4.4766e-01 +3.5544e+00
1118 +9.538951119e-05 +9.538951119e-05 -2.098799046e+02 -2.098799046e+02 +1.2003e+00 +4.4821e-01 +3.5544e+00
1122 +4.620975821e-05 +4.620975821e-05 -2.098799538e+02 -2.098799538e+02 +1.2035e+00 +4.4797e-01 +3.5544e+00
1125 +2.005985542e-05 +2.005985542e-05 -2.098799799e+02 -2.098799799e+02 +1.2091e+00 +4.4793e-01 +3.5544e+00
1133 +7.081129780e-06 +7.081129780e-06 -2.098799929e+02 -2.098799929e+02 +1.2100e+00 +4.4799e-01 +3.5544e+00
1218 +5.396077910e-06 +5.396077910e-06 -2.098799946e+02 -2.098799946e+02 +1.2062e+00 +4.4794e-01 +3.5544e+00
1221 +1.408029249e-06 +1.408029249e-06 -2.098799986e+02 -2.098799986e+02 +1.2068e+00 +4.4801e-01 +3.5544e+00
1222 +5.093443463e-07 +5.093443463e-07 -2.098799995e+02 -2.098799995e+02 +1.2074e+00 +4.4800e-01 +3.5544e+00
1258 +3.140258968e-07 +3.140258968e-07 -2.098799997e+02 -2.098799997e+02 +1.2074e+00 +4.4799e-01 +3.5544e+00
1264 +1.828998393e-07 +1.828998393e-07 -2.098799998e+02 -2.098799998e+02 +1.2076e+00 +4.4800e-01 +3.5544e+00
1274 +1.257131714e-07 +1.257131714e-07 -2.098799999e+02 -2.098799999e+02 +1.2073e+00 +4.4799e-01 +3.5544e+00
1281 +5.439810025e-08 +5.439810025e-08 -2.098799999e+02 -2.098799999e+02 +1.2074e+00 +4.4800e-01 +3.5544e+00
1304 +3.586640673e-08 +3.586640673e-08 -2.098800000e+02 -2.098800000e+02 +1.2071e+00 +4.4800e-01 +3.5544e+00
1313 +3.451276598e-09 +3.451276598e-09 -2.098800000e+02 -2.098800000e+02 +1.2071e+00 +4.4800e-01 +3.5544e+00
% function evaluation | noise-free fitness - Fopt (-2.098800000000e+02) | best noise-free fitness - Fopt | measured fitness | best measured fitness | x1 | x2...
1 +2.186007218e+06 +2.186007218e+06 +2.185797338e+06 +2.185797338e+06 +1.2563e+00 +2.3898e+00 +2.2019e+00
6 +1.442060315e+06 +1.442060315e+06 +1.441850435e+06 +1.441850435e+06 +5.5222e+00 +2.0007e+00 +4.6641e+00
8 +5.360346551e+05 +5.360346551e+05 +5.358247751e+05 +5.358247751e+05 +2.8932e-02 +2.9366e+00 +2.7662e+00
11 +2.275016695e+05 +2.275016695e+05 +2.272917895e+05 +2.272917895e+05 +1.9650e-01 +1.1785e+00 +3.0798e+00
15 +9.810096898e+04 +9.810096898e+04 +9.789108898e+04 +9.789108898e+04 +1.0357e+00 +2.7164e+00 +3.8499e+00
26 +1.863424658e+04 +1.863424658e+04 +1.842436658e+04 +1.842436658e+04 +3.5058e+00 +2.0124e+00 +3.6876e+00
100 +1.111436470e+04 +1.111436470e+04 +1.090448470e+04 +1.090448470e+04 +1.5262e+00 +3.5979e+00 +3.5160e+00
102 +4.706532542e+03 +4.706532542e+03 +4.496652542e+03 +4.496652542e+03 +1.8253e+00 +2.0209e+00 +3.5057e+00
114 +3.563859100e+03 +3.563859100e+03 +3.353979100e+03 +3.353979100e+03 +1.7758e+00 +2.2201e+00 +3.5824e+00
158 +1.883252186e+03 +1.883252186e+03 +1.673372186e+03 +1.673372186e+03 +1.3159e+00 +1.6663e+00 +3.5638e+00
178 +1.215423066e+03 +1.215423066e+03 +1.005543066e+03 +1.005543066e+03 +9.3542e-01 +1.4916e+00 +3.5612e+00
189 +7.468005172e+02 +7.468005172e+02 +5.369205172e+02 +5.369205172e+02 +6.6931e-01 +1.0412e+00 +3.5364e+00
195 +2.719612624e+02 +2.719612624e+02 +6.208126238e+01 +6.208126238e+01 +1.4487e-01 -2.6439e-02 +3.5612e+00
229 +2.157846064e+01 +2.157846064e+01 -1.883015394e+02 -1.883015394e+02 +9.0050e-02 +4.6579e-01 +3.5503e+00
264 +1.366220833e+01 +1.366220833e+01 -1.962177917e+02 -1.962177917e+02 +3.6720e-01 +3.9798e-01 +3.5513e+00
281 +5.185290173e+00 +5.185290173e+00 -2.046947098e+02 -2.046947098e+02 +4.3644e-01 +4.6563e-01 +3.5522e+00
298 +3.099001998e+00 +3.099001998e+00 -2.067809980e+02 -2.067809980e+02 +4.3378e-01 +4.6564e-01 +3.5560e+00
320 +8.780366614e-01 +8.780366614e-01 -2.090019633e+02 -2.090019633e+02 +3.9443e-01 +4.6608e-01 +3.5543e+00
435 +6.095722608e-01 +6.095722608e-01 -2.092704277e+02 -2.092704277e+02 +3.7817e-01 +4.4705e-01 +3.5545e+00
737 +3.663992722e-01 +3.663992722e-01 -2.095136007e+02 -2.095136007e+02 +5.5496e-01 +4.4694e-01 +3.5545e+00
807 +2.393827348e-01 +2.393827348e-01 -2.096406173e+02 -2.096406173e+02 +7.2062e-01 +4.4909e-01 +3.5544e+00
846 +1.189651103e-01 +1.189651103e-01 -2.097610349e+02 -2.097610349e+02 +8.7238e-01 +4.4771e-01 +3.5544e+00
864 +9.972717341e-02 +9.972717341e-02 -2.097802728e+02 -2.097802728e+02 +9.0789e-01 +4.5113e-01 +3.5544e+00
884 +4.807256029e-02 +4.807256029e-02 -2.098319274e+02 -2.098319274e+02 +1.0250e+00 +4.4906e-01 +3.5543e+00
895 +3.228438720e-02 +3.228438720e-02 -2.098477156e+02 -2.098477156e+02 +1.0616e+00 +4.4523e-01 +3.5544e+00
903 +1.518600060e-02 +1.518600060e-02 -2.098648140e+02 -2.098648140e+02 +1.1566e+00 +4.4481e-01 +3.5544e+00
938 +9.245686133e-03 +9.245686133e-03 -2.098707543e+02 -2.098707543e+02 +1.2018e+00 +4.5050e-01 +3.5545e+00
954 +3.553192091e-03 +3.553192091e-03 -2.098764468e+02 -2.098764468e+02 +1.1598e+00 +4.4713e-01 +3.5544e+00
974 +1.219860703e-03 +1.219860703e-03 -2.098787801e+02 -2.098787801e+02 +1.2348e+00 +4.4800e-01 +3.5544e+00
976 +2.620589075e-04 +2.620589075e-04 -2.098797379e+02 -2.098797379e+02 +1.2231e+00 +4.4798e-01 +3.5544e+00
1015 +1.824737090e-04 +1.824737090e-04 -2.098798175e+02 -2.098798175e+02 +1.1999e+00 +4.4795e-01 +3.5544e+00
1024 +2.986484262e-05 +2.986484262e-05 -2.098799701e+02 -2.098799701e+02 +1.2038e+00 +4.4811e-01 +3.5544e+00
1050 +9.899822231e-06 +9.899822231e-06 -2.098799901e+02 -2.098799901e+02 +1.2093e+00 +4.4794e-01 +3.5544e+00
1074 +1.936516611e-06 +1.936516611e-06 -2.098799981e+02 -2.098799981e+02 +1.2061e+00 +4.4801e-01 +3.5544e+00
1112 +1.439253339e-06 +1.439253339e-06 -2.098799986e+02 -2.098799986e+02 +1.2063e+00 +4.4803e-01 +3.5544e+00
1117 +2.744727396e-07 +2.744727396e-07 -2.098799997e+02 -2.098799997e+02 +1.2069e+00 +4.4801e-01 +3.5544e+00
1143 +1.336548223e-07 +1.336548223e-07 -2.098799999e+02 -2.098799999e+02 +1.2069e+00 +4.4800e-01 +3.5544e+00
1166 +8.013705610e-08 +8.013705610e-08 -2.098799999e+02 -2.098799999e+02 +1.2073e+00 +4.4800e-01 +3.5544e+00
1201 +4.210019711e-08 +4.210019711e-08 -2.098800000e+02 -2.098800000e+02 +1.2072e+00 +4.4801e-01 +3.5544e+00
1202 +3.015634320e-08 +3.015634320e-08 -2.098800000e+02 -2.098800000e+02 +1.2072e+00 +4.4800e-01 +3.5544e+00
1222 +1.423578055e-08 +1.423578055e-08 -2.098800000e+02 -2.098800000e+02 +1.2073e+00 +4.4800e-01 +3.5544e+00
1230 +5.599844144e-09 +5.599844144e-09 -2.098800000e+02 -2.098800000e+02 +1.2072e+00 +4.4800e-01 +3.5544e+00
1234 +2.842313052e-09 +2.842313052e-09 -2.098800000e+02 -2.098800000e+02 +1.2072e+00 +4.4800e-01 +3.5544e+00
% function evaluation | noise-free fitness - Fopt (-9.209000000000e+01) | best noise-free fitness - Fopt | measured fitness | best measured fitness | x1 | x2...
1 +9.690085486e+06 +9.690085486e+06 +9.689993396e+06 +9.689993396e+06 -1.0901e+00 -3.6061e+00 +3.2854e+00
4 +2.362507698e+06 +2.362507698e+06 +2.362415608e+06 +2.362415608e+06 -2.5058e+00 -1.9829e+00 +1.7535e+00
12 +7.131036274e+05 +7.131036274e+05 +7.130115374e+05 +7.130115374e+05 -2.5412e+00 -2.2687e+00 +9.8958e-01
13 +1.916577890e+05 +1.916577890e+05 +1.915656990e+05 +1.915656990e+05 -3.2943e+00 -3.0158e+00 +5.1825e-01
14 +3.529023909e+04 +3.529023909e+04 +3.519814909e+04 +3.519814909e+04 +7.0243e-01 -3.1926e+00 +1.5606e-02
141 +2.466994560e+04 +2.466994560e+04 +2.457785560e+04 +2.457785560e+04 -1.7669e-01 -2.3623e+00 +6.2432e-02
190 +1.424249945e+04 +1.424249945e+04 +1.415040945e+04 +1.415040945e+04 -2.5227e-02 -1.1302e+00 +1.0223e-01
214 +6.193736163e+03 +6.193736163e+03 +6.101646163e+03 +6.101646163e+03 +6.6699e-01 +2.8115e-01 +1.2453e-01
233 +3.333109973e+03 +3.333109973e+03 +3.241019973e+03 +3.241019973e+03 +1.2041e+00 +1.0800e+00 +6.7057e-02
237 +1.884278725e+03 +1.884278725e+03 +1.792188725e+03 +1.792188725e+03 +1.0755e+00 +1.4100e+00 +7.6658e-02
246 +1.384303594e+03 +1.384303594e+03 +1.292213594e+03 +1.292213594e+03 +1.3213e+00 +1.4989e+00 +8.9347e-02
254 +8.429415565e+02 +8.429415565e+02 +7.508515565e+02 +7.508515565e+02 +1.7919e+00 +2.9280e+00 +1.1571e-01
278 +3.892570757e+02 +3.892570757e+02 +2.971670757e+02 +2.971670757e+02 +2.3379e+00 +3.1591e+00 +8.1556e-02
293 +1.588795382e+02 +1.588795382e+02 +6.678953820e+01 +6.678953820e+01 +1.6804e+00 +2.2370e+00 +9.0387e-02
316 +4.422977411e+01 +4.422977411e+01 -4.786022589e+01 -4.786022589e+01 +2.0194e+00 +2.7853e+00 +9.4259e-02
343 +3.073290112e+01 +3.073290112e+01 -6.135709888e+01 -6.135709888e+01 +2.1635e+00 +2.6399e+00 +9.5939e-02
349 +1.467028016e+01 +1.467028016e+01 -7.741971984e+01 -7.741971984e+01 +2.0896e+00 +2.5151e+00 +9.1810e-02
351 +9.430274650e+00 +9.430274650e+00 -8.265972535e+01 -8.265972535e+01 +1.9894e+00 +2.6908e+00 +9.2243e-02
380 +6.152816998e+00 +6.152816998e+00 -8.593718300e+01 -8.593718300e+01 +1.9549e+00 +2.5535e+00 +9.1038e-02
381 +2.891851469e+00 +2.891851469e+00 -8.919814853e+01 -8.919814853e+01 +1.9797e+00 +2.6537e+00 +9.0084e-02
398 +2.013334967e+00 +2.013334967e+00 -9.007666503e+01 -9.007666503e+01 +1.9716e+00 +2.6290e+00 +9.0075e-02
793 +1.555615067e+00 +1.555615067e+00 -9.053438493e+01 -9.053438493e+01 +1.8583e+00 +2.6270e+00 +9.0407e-02
839 +8.882884661e-01 +8.882884661e-01 -9.120171153e+01 -9.120171153e+01 +1.6350e+00 +2.6330e+00 +9.0592e-02
889 +6.179371226e-01 +6.179371226e-01 -9.147206288e+01 -9.147206288e+01 +1.4368e+00 +2.6266e+00 +9.0088e-02
899 +3.294822604e-01 +3.294822604e-01 -9.176051774e+01 -9.176051774e+01 +1.2563e+00 +2.6237e+00 +9.0274e-02
927 +1.539131006e-01 +1.539131006e-01 -9.193608690e+01 -9.193608690e+01 +1.0073e+00 +2.6127e+00 +9.0345e-02
949 +7.676129954e-02 +7.676129954e-02 -9.201323870e+01 -9.201323870e+01 +9.7325e-01 +2.6219e+00 +9.0278e-02
973 +1.977337902e-02 +1.977337902e-02 -9.207022662e+01 -9.207022662e+01 +8.1581e-01 +2.6250e+00 +9.0371e-02
988 +1.279215925e-02 +1.279215925e-02 -9.207720784e+01 -9.207720784e+01 +6.7984e-01 +2.6197e+00 +9.0315e-02
1009 +7.201676670e-03 +7.201676670e-03 -9.208279832e+01 -9.208279832e+01 +7.0262e-01 +2.6190e+00 +9.0419e-02
1036 +5.359747251e-03 +5.359747251e-03 -9.208464025e+01 -9.208464025e+01 +7.2922e-01 +2.6202e+00 +9.0461e-02
1063 +3.648476305e-03 +3.648476305e-03 -9.208635152e+01 -9.208635152e+01 +7.0904e-01 +2.6203e+00 +9.0439e-02
1067 +9.706307255e-04 +9.706307255e-04 -9.208902937e+01 -9.208902937e+01 +7.1226e-01 +2.6208e+00 +9.0389e-02
1070 +3.287357998e-04 +3.287357998e-04 -9.208967126e+01 -9.208967126e+01 +7.4155e-01 +2.6216e+00 +9.0409e-02
1130 +2.501202393e-04 +2.501202393e-04 -9.208974988e+01 -9.208974988e+01 +7.2279e-01 +2.6216e+00 +9.0385e-02
1155 +5.972437872e-05 +5.972437872e-05 -9.208994028e+01 -9.208994028e+01 +7.2235e-01 +2.6218e+00 +9.0399e-02
1157 +3.178962385e-05 +3.178962385e-05 -9.208996821e+01 -9.208996821e+01 +7.2875e-01 +2.6216e+00 +9.0405e-02
1165 +4.038221462e-06 +4.038221462e-06 -9.208999596e+01 -9.208999596e+01 +7.2641e-01 +2.6216e+00 +9.0398e-02
1177 +3.399608630e-06 +3.399608630e-06 -9.208999660e+01 -9.208999660e+01 +7.2660e-01 +2.6216e+00 +9.0399e-02
1227 +3.566481297e-07 +3.566481297e-07 -9.208999964e+01 -9.208999964e+01 +7.2590e-01 +2.6216e+00 +9.0400e-02
1235 +2.359156355e-07 +2.359156355e-07 -9.208999976e+01 -9.208999976e+01 +7.2598e-01 +2.6216e+00 +9.0400e-02
1285 +1.063346815e-07 +1.063346815e-07 -9.208999989e+01 -9.208999989e+01 +7.2541e-01 +2.6216e+00 +9.0400e-02
1290 +3.460426967e-08 +3.460426967e-08 -9.208999997e+01 -9.208999997e+01 +7.2548e-01 +2.6216e+00 +9.0400e-02
1329 +5.683389759e-09 +5.683389759e-09 -9.208999999e+01 -9.208999999e+01 +7.2566e-01 +2.6216e+00 +9.0400e-02
1332 +1.251166282e-09 +1.251166282e-09 -9.209000000e+01 -9.209000000e+01 +7.2562e-01 +2.6216e+00 +9.0400e-02
% function evaluation | noise-free fitness - Fopt (-9.209000000000e+01) | best noise-free fitness - Fopt | measured fitness | best measured fitness | x1 | x2...
1 +5.469391778e+06 +5.469391778e+06 +5.469299688e+06 +5.469299688e+06 +1.1779e+00 +3.3345e+00 -2.3163e+00
4 +4.193906701e+05 +4.193906701e+05 +4.192985801e+05 +4.192985801e+05 -2.0142e-01 +2.0930e+00 -6.1752e-01
16 +1.679111611e+05 +1.679111611e+05 +1.678190711e+05 +1.678190711e+05 +1.3916e+00 +8.5753e+00 -2.6209e-01
18 +1.465893025e+05 +1.465893025e+05 +1.464972125e+05 +1.464972125e+05 +4.3388e+00 +5.2070e+00 +4.8116e-01
23 +4.513118662e+04 +4.513118662e+04 +4.503909662e+04 +4.503909662e+04 +1.3773e+00 +4.1248e+00 -1.1361e-01
32 +1.496874985e+04 +1.496874985e+04 +1.487665985e+04 +1.487665985e+04 -2.3154e-01 +5.3509e+00 +1.7563e-01
196 +9.737341942e+03 +9.737341942e+03 +9.645251942e+03 +9.645251942e+03 +9.1707e-01 +5.4791e+00 +5.3549e-02
203 +3.600784592e+03 +3.600784592e+03 +3.508694592e+03 +3.508694592e+03 +1.2333e+00 +4.3279e+00 +5.8183e-02
206 +5.236801055e+02 +5.236801055e+02 +4.315901055e+02 +4.315901055e+02 +1.6317e+00 +3.2540e+00 +8.1859e-02
267 +3.033174104e+02 +3.033174104e+02 +2.112274104e+02 +2.112274104e+02 +1.9659e+00 +2.8082e+00 +1.0734e-01
327 +1.736064879e+02 +1.736064879e+02 +8.151648794e+01 +8.151648794e+01 +2.9821e+00 +2.3944e+00 +7.9296e-02
365 +9.666976319e+01 +9.666976319e+01 +4.579763186e+00 +4.579763186e+00 +3.0577e+00 +2.3246e+00 +9.1202e-02
367 +2.308009690e+01 +2.308009690e+01 -6.900990310e+01 -6.900990310e+01 +2.8937e+00 +2.5166e+00 +9.3404e-02
435 +4.599979730e+00 +4.599979730e+00 -8.749002027e+01 -8.749002027e+01 +2.7872e+00 +2.6266e+00 +9.0857e-02
491 +3.903772723e+00 +3.903772723e+00 -8.818622728e+01 -8.818622728e+01 +2.6652e+00 +2.6361e+00 +9.0736e-02
722 +2.467590398e+00 +2.467590398e+00 -8.962240960e+01 -8.962240960e+01 +2.4299e+00 +2.6194e+00 +9.0447e-02
844 +1.260024891e+00 +1.260024891e+00 -9.082997511e+01 -9.082997511e+01 +1.7890e+00 +2.6245e+00 +9.0375e-02
849 +8.439878765e-01 +8.439878765e-01 -9.124601212e+01 -9.124601212e+01 +1.3910e+00 +2.6212e+00 +9.0999e-02
859 +5.515906308e-01 +5.515906308e-01 -9.153840937e+01 -9.153840937e+01 +1.3507e+00 +2.6119e+00 +9.0533e-02
870 +3.638713779e-01 +3.638713779e-01 -9.172612862e+01 -9.172612862e+01 +8.0362e-01 +2.6134e+00 +9.0950e-02
872 +1.594024601e-01 +1.594024601e-01 -9.193059754e+01 -9.193059754e+01 +1.0655e+00 +2.6282e+00 +9.0438e-02
888 +7.338596811e-02 +7.338596811e-02 -9.201661403e+01 -9.201661403e+01 +7.2849e-01 +2.6157e+00 +9.0579e-02
931 +5.832285550e-03 +5.832285550e-03 -9.208416771e+01 -9.208416771e+01 +7.5172e-01 +2.6237e+00 +9.0396e-02
984 +2.535496026e-03 +2.535496026e-03 -9.208746450e+01 -9.208746450e+01 +6.9951e-01 +2.6231e+00 +9.0401e-02
986 +2.230341443e-03 +2.230341443e-03 -9.208776966e+01 -9.208776966e+01 +6.9210e-01 +2.6209e+00 +9.0375e-02
1009 +3.374802234e-04 +3.374802234e-04 -9.208966252e+01 -9.208966252e+01 +7.2156e-01 +2.6214e+00 +9.0384e-02
1039 +1.641604677e-04 +1.641604677e-04 -9.208983584e+01 -9.208983584e+01 +7.2282e-01 +2.6218e+00 +9.0390e-02
1047 +3.211919513e-05 +3.211919513e-05 -9.208996788e+01 -9.208996788e+01 +7.2063e-01 +2.6216e+00 +9.0399e-02
1060 +8.519534518e-06 +8.519534518e-06 -9.208999148e+01 -9.208999148e+01 +7.2580e-01 +2.6215e+00 +9.0399e-02
1087 +2.725947610e-06 +2.725947610e-06 -9.208999727e+01 -9.208999727e+01 +7.2568e-01 +2.6217e+00 +9.0400e-02
1088 +1.441718453e-06 +1.441718453e-06 -9.208999856e+01 -9.208999856e+01 +7.2619e-01 +2.6216e+00 +9.0400e-02
1121 +7.347481983e-07 +7.347481983e-07 -9.208999927e+01 -9.208999927e+01 +7.2497e-01 +2.6216e+00 +9.0400e-02
1122 +5.782469827e-07 +5.782469827e-07 -9.208999942e+01 -9.208999942e+01 +7.2597e-01 +2.6216e+00 +9.0399e-02
1154 +2.739157594e-07 +2.739157594e-07 -9.208999973e+01 -9.208999973e+01 +7.2606e-01 +2.6216e+00 +9.0400e-02
1156 +1.434957682e-07 +1.434957682e-07 -9.208999986e+01 -9.208999986e+01 +7.2549e-01 +2.6216e+00 +9.0400e-02
1158 +1.569812014e-08 +1.569812014e-08 -9.208999998e+01 -9.208999998e+01 +7.2551e-01 +2.6216e+00 +9.0400e-02
1201 +7.392827683e-09 +7.392827683e-09 -9.208999999e+01 -9.208999999e+01 +7.2567e-01 +2.6216e+00 +9.0400e-02
% function evaluation | noise-free fitness - Fopt (-9.209000000000e+01) | best noise-free fitness - Fopt | measured fitness | best measured fitness | x1 | x2...
1 +2.320202217e+06 +2.320202217e+06 +2.320110127e+06 +2.320110127e+06 +1.8241e+00 -6.6025e-01 -1.2995e+00
3 +6.494038773e+04 +6.494038773e+04 +6.484829773e+04 +6.484829773e+04 -1.4094e+00 -7.5812e-01 -1.4137e-01
24 +4.468238431e+04 +4.468238431e+04 +4.459029431e+04 +4.459029431e+04 +2.2361e+00 -2.2366e+00 -4.9058e-02
46 +3.699804300e+04 +3.699804300e+04 +3.690595300e+04 +3.690595300e+04 -8.6819e-01 -9.9171e-01 +2.4907e-01
62 +2.117913237e+04 +2.117913237e+04 +2.108704237e+04 +2.108704237e+04 -9.4819e-01 -1.8568e+00 +1.2872e-01
205 +1.397636744e+04 +1.397636744e+04 +1.388427744e+04 +1.388427744e+04 +4.1577e-01 -1.1107e+00 +9.6285e-02
234 +8.922402215e+03 +8.922402215e+03 +8.830312215e+03 +8.830312215e+03 +6.5154e-01 -3.0150e-01 +6.2015e-02
245 +3.975733246e+03 +3.975733246e+03 +3.883643246e+03 +3.883643246e+03 +9.1322e-01 +7.8339e-01 +1.0958e-01
267 +1.534385635e+03 +1.534385635e+03 +1.442295635e+03 +1.442295635e+03 +1.4304e+00 +1.5009e+00 +1.0283e-01
315 +6.638759010e+02 +6.638759010e+02 +5.717859010e+02 +5.717859010e+02 +5.9859e+00 +2.6670e+00 +6.5131e-02
319 +2.682323559e+02 +2.682323559e+02 +1.761423559e+02 +1.761423559e+02 +7.0419e+00 +2.9881e+00 +1.0020e-01
370 +1.584227856e+02 +1.584227856e+02 +6.633278565e+01 +6.633278565e+01 +4.1564e+00 +2.2602e+00 +8.7542e-02
389 +3.810587614e+01 +3.810587614e+01 -5.398412386e+01 -5.398412386e+01 +5.3460e+00 +2.7239e+00 +9.2422e-02
458 +1.867555215e+01 +1.867555215e+01 -7.341444785e+01 -7.341444785e+01 +4.4754e+00 +2.6406e+00 +8.8154e-02
566 +1.551878695e+01 +1.551878695e+01 -7.657121305e+01 -7.657121305e+01 +4.6075e+00 +2.6230e+00 +8.9571e-02
610 +9.960078674e+00 +9.960078674e+00 -8.212992133e+01 -8.212992133e+01 +3.9451e+00 +2.6087e+00 +9.0411e-02
728 +5.615197329e+00 +5.615197329e+00 -8.647480267e+01 -8.647480267e+01 +2.9059e+00 +2.6425e+00 +9.0374e-02
730 +3.492848795e+00 +3.492848795e+00 -8.859715120e+01 -8.859715120e+01 +2.4984e+00 +2.6221e+00 +8.9472e-02
743 +2.458123303e+00 +2.458123303e+00 -8.963187670e+01 -8.963187670e+01 +2.4286e+00 +2.6219e+00 +9.0435e-02
757 +1.305836948e+00 +1.305836948e+00 -9.078416305e+01 -9.078416305e+01 +1.0538e+00 +2.5923e+00 +9.0944e-02
783 +1.314168955e-01 +1.314168955e-01 -9.195858310e+01 -9.195858310e+01 +8.4051e-01 +2.6180e+00 +9.0079e-02
845 +7.763760258e-02 +7.763760258e-02 -9.201236240e+01 -9.201236240e+01 +5.0657e-01 +2.6266e+00 +9.0458e-02
863 +2.593566230e-02 +2.593566230e-02 -9.206406434e+01 -9.206406434e+01 +7.6804e-01 +2.6249e+00 +9.0534e-02
868 +2.484963504e-02 +2.484963504e-02 -9.206515036e+01 -9.206515036e+01 +7.1587e-01 +2.6240e+00 +9.0544e-02
893 +1.115380307e-02 +1.115380307e-02 -9.207884620e+01 -9.207884620e+01 +7.0660e-01 +2.6246e+00 +9.0462e-02
899 +8.101541213e-03 +8.101541213e-03 -9.208189846e+01 -9.208189846e+01 +7.1307e-01 +2.6247e+00 +9.0409e-02
914 +2.172935629e-03 +2.172935629e-03 -9.208782706e+01 -9.208782706e+01 +7.6041e-01 +2.6205e+00 +9.0395e-02
927 +5.413487907e-04 +5.413487907e-04 -9.208945865e+01 -9.208945865e+01 +7.3062e-01 +2.6210e+00 +9.0391e-02
962 +3.190135732e-04 +3.190135732e-04 -9.208968099e+01 -9.208968099e+01 +7.3516e-01 +2.6216e+00 +9.0414e-02
978 +2.464985420e-04 +2.464985420e-04 -9.208975350e+01 -9.208975350e+01 +7.3390e-01 +2.6216e+00 +9.0388e-02
995 +1.279965974e-04 +1.279965974e-04 -9.208987200e+01 -9.208987200e+01 +7.1905e-01 +2.6215e+00 +9.0409e-02
996 +6.953086925e-05 +6.953086925e-05 -9.208993047e+01 -9.208993047e+01 +7.3028e-01 +2.6218e+00 +9.0405e-02
1003 +4.862523191e-05 +4.862523191e-05 -9.208995137e+01 -9.208995137e+01 +7.2967e-01 +2.6216e+00 +9.0406e-02
1023 +1.594908989e-05 +1.594908989e-05 -9.208998405e+01 -9.208998405e+01 +7.2510e-01 +2.6215e+00 +9.0403e-02
1028 +1.197396600e-05 +1.197396600e-05 -9.208998803e+01 -9.208998803e+01 +7.2806e-01 +2.6217e+00 +9.0400e-02
1036 +2.594230281e-06 +2.594230281e-06 -9.208999741e+01 -9.208999741e+01 +7.2406e-01 +2.6216e+00 +9.0400e-02
1067 +1.647960246e-06 +1.647960246e-06 -9.208999835e+01 -9.208999835e+01 +7.2613e-01 +2.6216e+00 +9.0399e-02
1082 +2.797082317e-07 +2.797082317e-07 -9.208999972e+01 -9.208999972e+01 +7.2610e-01 +2.6216e+00 +9.0400e-02
1121 +2.198899836e-07 +2.198899836e-07 -9.208999978e+01 -9.208999978e+01 +7.2579e-01 +2.6216e+00 +9.0400e-02
1131 +1.578202813e-07 +1.578202813e-07 -9.208999984e+01 -9.208999984e+01 +7.2575e-01 +2.6216e+00 +9.0400e-02
1133 +2.054993331e-08 +2.054993331e-08 -9.208999998e+01 -9.208999998e+01 +7.2572e-01 +2.6216e+00 +9.0400e-02
1154 +1.489844692e-08 +1.489844692e-08 -9.208999999e+01 -9.208999999e+01 +7.2556e-01 +2.6216e+00 +9.0400e-02
1200 +2.798827836e-09 +2.798827836e-09 -9.209000000e+01 -9.209000000e+01 +7.2563e-01 +2.6216e+00 +9.0400e-02
% function evaluation | noise-free fitness - Fopt (-8.789000000000e+01) | best noise-free fitness - Fopt | measured fitness | best measured fitness | x1 | x2...
1 +1.228207240e+06 +1.228207240e+06 +1.228119350e+06 +1.228119350e+06 +3.9977e+00 +2.6662e+00 +2.3068e+00
3 +1.660799594e+05 +1.660799594e+05 +1.659920694e+05 +1.659920694e+05 +5.6710e+00 +2.8028e+00 +8.5594e-01
9 +1.742306942e+04 +1.742306942e+04 +1.733517942e+04 +1.733517942e+04 +5.6456e+00 +2.5505e+00 +1.3806e+00
14 +3.026584397e+03 +3.026584397e+03 +2.938694397e+03 +2.938694397e+03 +8.8113e+00 +2.8467e+00 +1.2028e+00
41 +1.306522968e+03 +1.306522968e+03 +1.218632968e+03 +1.218632968e+03 +3.4466e+00 +4.0258e+00 +1.2170e+00
100 +9.669027576e+02 +9.669027576e+02 +8.790127576e+02 +8.790127576e+02 +3.6831e+00 +3.0641e+00 +1.2240e+00
117 +2.589575003e+02 +2.589575003e+02 +1.710675003e+02 +1.710675003e+02 +3.3356e+00 +3.1558e+00 +1.2463e+00
210 +1.673483288e+02 +1.673483288e+02 +7.945832884e+01 +7.945832884e+01 +5.1532e+00 +3.3815e+00 +1.2580e+00
214 +4.238983804e+01 +4.238983804e+01 -4.550016196e+01 -4.550016196e+01 +5.8805e+00 +3.6760e+00 +1.2530e+00
220 +3.295139410e+01 +3.295139410e+01 -5.493860590e+01 -5.493860590e+01 +5.9594e+00 +3.6265e+00 +1.2494e+00
523 +2.439049822e+01 +2.439049822e+01 -6.349950178e+01 -6.349950178e+01 +5.1959e+00 +3.6424e+00 +1.2491e+00
610 +1.578548457e+01 +1.578548457e+01 -7.210451543e+01 -7.210451543e+01 +4.0640e+00 +3.6108e+00 +1.2494e+00
636 +9.289629846e+00 +9.289629846e+00 -7.860037015e+01 -7.860037015e+01 +2.8915e+00 +3.6785e+00 +1.2486e+00
649 +4.236683051e+00 +4.236683051e+00 -8.365331695e+01 -8.365331695e+01 +2.2535e+00 +3.6588e+00 +1.2497e+00
657 +2.421278661e+00 +2.421278661e+00 -8.546872134e+01 -8.546872134e+01 +1.5030e+00 +3.6491e+00 +1.2503e+00
703 +8.172882856e-01 +8.172882856e-01 -8.707271171e+01 -8.707271171e+01 +1.1531e+00 +3.6417e+00 +1.2493e+00
762 +5.603448099e-01 +5.603448099e-01 -8.732965519e+01 -8.732965519e+01 +4.8406e-01 +3.6673e+00 +1.2497e+00
765 +3.444173834e-01 +3.444173834e-01 -8.754558262e+01 -8.754558262e+01 +5.9358e-01 +3.6338e+00 +1.2499e+00
768 +1.078707807e-01 +1.078707807e-01 -8.778212922e+01 -8.778212922e+01 +5.0599e-01 +3.6451e+00 +1.2494e+00
774 +8.483368209e-02 +8.483368209e-02 -8.780516632e+01 -8.780516632e+01 +4.3153e-01 +3.6506e+00 +1.2495e+00
804 +7.397982276e-03 +7.397982276e-03 -8.788260202e+01 -8.788260202e+01 +1.9314e-01 +3.6477e+00 +1.2496e+00
831 +4.461223960e-03 +4.461223960e-03 -8.788553878e+01 -8.788553878e+01 +2.1540e-01 +3.6454e+00 +1.2497e+00
855 +3.031768705e-03 +3.031768705e-03 -8.788696823e+01 -8.788696823e+01 +2.5792e-01 +3.6464e+00 +1.2496e+00
874 +2.149408879e-03 +2.149408879e-03 -8.788785059e+01 -8.788785059e+01 +1.9593e-01 +3.6456e+00 +1.2496e+00
883 +6.182294894e-04 +6.182294894e-04 -8.788938177e+01 -8.788938177e+01 +2.4392e-01 +3.6451e+00 +1.2496e+00
903 +6.433806558e-05 +6.433806558e-05 -8.788993566e+01 -8.788993566e+01 +2.3836e-01 +3.6457e+00 +1.2496e+00
906 +2.075572304e-05 +2.075572304e-05 -8.788997924e+01 -8.788997924e+01 +2.4048e-01 +3.6457e+00 +1.2496e+00
969 +1.289740537e-05 +1.289740537e-05 -8.788998710e+01 -8.788998710e+01 +2.3594e-01 +3.6456e+00 +1.2496e+00
991 +7.943811354e-06 +7.943811354e-06 -8.788999206e+01 -8.788999206e+01 +2.4040e-01 +3.6456e+00 +1.2496e+00
997 +5.279105693e-06 +5.279105693e-06 -8.788999472e+01 -8.788999472e+01 +2.3970e-01 +3.6456e+00 +1.2496e+00
999 +2.943825351e-06 +2.943825351e-06 -8.788999706e+01 -8.788999706e+01 +2.3968e-01 +3.6456e+00 +1.2496e+00
1005 +1.812808918e-06 +1.812808918e-06 -8.788999819e+01 -8.788999819e+01 +2.3836e-01 +3.6456e+00 +1.2496e+00
1020 +1.242201819e-06 +1.242201819e-06 -8.788999876e+01 -8.788999876e+01 +2.3949e-01 +3.6456e+00 +1.2496e+00
1022 +4.371189846e-07 +4.371189846e-07 -8.788999956e+01 -8.788999956e+01 +2.3936e-01 +3.6456e+00 +1.2496e+00
1061 +2.796004139e-07 +2.796004139e-07 -8.788999972e+01 -8.788999972e+01 +2.3956e-01 +3.6456e+00 +1.2496e+00
1072 +2.082626338e-07 +2.082626338e-07 -8.788999979e+01 -8.788999979e+01 +2.3954e-01 +3.6456e+00 +1.2496e+00
1077 +6.215897486e-08 +6.215897486e-08 -8.788999994e+01 -8.788999994e+01 +2.3898e-01 +3.6456e+00 +1.2496e+00
1119 +1.530797533e-08 +1.530797533e-08 -8.788999998e+01 -8.788999998e+01 +2.3930e-01 +3.6456e+00 +1.2496e+00
1120 +6.927947993e-09 +6.927947993e-09 -8.788999999e+01 -8.788999999e+01 +2.3921e-01 +3.6456e+00 +1.2496e+00
% function evaluation | noise-free fitness - Fopt (-8.789000000000e+01) | best noise-free fitness - Fopt | measured fitness | best measured fitness | x1 | x2...
1 +1.293130802e+07 +1.293130802e+07 +1.293122013e+07 +1.293122013e+07 +4.0002e-01 -3.4042e+00 -2.3487e+00
4 +8.370426950e+06 +8.370426950e+06 +8.370339060e+06 +8.370339060e+06 +2.6567e+00 -4.2454e+00 -1.7096e+00
8 +1.605618860e+06 +1.605618860e+06 +1.605530970e+06 +1.605530970e+06 -2.7593e-01 -3.7058e+00 +7.5798e-02
13 +4.718475645e+05 +4.718475645e+05 +4.717596745e+05 +4.717596745e+05 +1.4417e+00 -3.8260e+00 +1.8467e+00
29 +3.075535671e+05 +3.075535671e+05 +3.074656771e+05 +3.074656771e+05 -7.7874e-01 -3.1341e+00 +7.1754e-01
32 +1.702843710e+05 +1.702843710e+05 +1.701964810e+05 +1.701964810e+05 +1.7153e+00 -4.5273e+00 +9.2832e-01
38 +1.513336424e+05 +1.513336424e+05 +1.512457524e+05 +1.512457524e+05 +1.5298e+00 -6.9783e+00 +1.1056e+00
39 +7.413184543e+04 +7.413184543e+04 +7.404395543e+04 +7.404395543e+04 +9.8077e-01 -3.0041e+00 +1.4345e+00
53 +6.280124627e+04 +6.280124627e+04 +6.271335627e+04 +6.271335627e+04 -2.4526e-01 -3.0270e+00 +1.1056e+00
134 +3.977930106e+04 +3.977930106e+04 +3.969141106e+04 +3.969141106e+04 -1.3825e+00 -2.7310e+00 +1.3106e+00
175 +1.724791514e+04 +1.724791514e+04 +1.716002514e+04 +1.716002514e+04 -1.3269e+00 -4.8585e-01 +1.2593e+00
188 +8.969706206e+03 +8.969706206e+03 +8.881816206e+03 +8.881816206e+03 -1.5075e+00 +6.2413e-01 +1.2662e+00
201 +5.318152785e+03 +5.318152785e+03 +5.230262785e+03 +5.230262785e+03 -2.0050e+00 +1.3331e+00 +1.2640e+00
252 +3.031717780e+03 +3.031717780e+03 +2.943827780e+03 +2.943827780e+03 -4.6752e+00 +2.0333e+00 +1.2504e+00
260 +6.396363625e+02 +6.396363625e+02 +5.517463625e+02 +5.517463625e+02 -6.6948e+00 +3.6807e+00 +1.2728e+00
263 +5.022989496e+02 +5.022989496e+02 +4.144089496e+02 +4.144089496e+02 -5.8956e+00 +4.2471e+00 +1.2429e+00
267 +2.218150708e+02 +2.218150708e+02 +1.339250708e+02 +1.339250708e+02 -3.7955e+00 +3.7451e+00 +1.2359e+00
284 +3.185488893e+01 +3.185488893e+01 -5.603511107e+01 -5.603511107e+01 -1.4639e+00 +3.6863e+00 +1.2448e+00
381 +2.245853926e+01 +2.245853926e+01 -6.543146074e+01 -6.543146074e+01 -3.9249e+00 +3.6965e+00 +1.2482e+00
518 +1.495357681e+01 +1.495357681e+01 -7.293642319e+01 -7.293642319e+01 -3.5559e+00 +3.6440e+00 +1.2503e+00
588 +9.300276214e+00 +9.300276214e+00 -7.858972379e+01 -7.858972379e+01 -2.8275e+00 +3.6292e+00 +1.2497e+00
631 +4.394419714e+00 +4.394419714e+00 -8.349558029e+01 -8.349558029e+01 -1.8523e+00 +3.6427e+00 +1.2494e+00
643 +3.632374729e+00 +3.632374729e+00 -8.425762527e+01 -8.425762527e+01 -9.8561e-01 +3.6694e+00 +1.2485e+00
654 +1.117578218e+00 +1.117578218e+00 -8.677242178e+01 -8.677242178e+01 -2.8950e-01 +3.6175e+00 +1.2494e+00
662 +6.754836542e-01 +6.754836542e-01 -8.721451635e+01 -8.721451635e+01 -4.0825e-01 +3.6602e+00 +1.2499e+00
720 +4.101937888e-01 +4.101937888e-01 -8.747980621e+01 -8.747980621e+01 +1.3361e-01 +3.6631e+00 +1.2499e+00
760 +2.754809332e-01 +2.754809332e-01 -8.761451907e+01 -8.761451907e+01 -1.6892e-01 +3.6358e+00 +1.2497e+00
761 +1.510507783e-01 +1.510507783e-01 -8.773894922e+01 -8.773894922e+01 -1.0292e-01 +3.6422e+00 +1.2495e+00
792 +3.318891201e-02 +3.318891201e-02 -8.785681109e+01 -8.785681109e+01 +7.1980e-02 +3.6446e+00 +1.2496e+00
817 +1.256679888e-02 +1.256679888e-02 -8.787743320e+01 -8.787743320e+01 +2.1697e-01 +3.6479e+00 +1.2495e+00
850 +9.128168587e-03 +9.128168587e-03 -8.788087183e+01 -8.788087183e+01 +2.1136e-01 +3.6437e+00 +1.2495e+00
860 +3.418733927e-03 +3.418733927e-03 -8.788658127e+01 -8.788658127e+01 +2.3628e-01 +3.6439e+00 +1.2496e+00
869 +1.356648465e-03 +1.356648465e-03 -8.788864335e+01 -8.788864335e+01 +2.3769e-01 +3.6465e+00 +1.2496e+00
884 +9.245630522e-04 +9.245630522e-04 -8.788907544e+01 -8.788907544e+01 +2.6536e-01 +3.6457e+00 +1.2496e+00
889 +3.470670855e-04 +3.470670855e-04 -8.788965293e+01 -8.788965293e+01 +2.3579e-01 +3.6457e+00 +1.2496e+00
905 +3.270427113e-05 +3.270427113e-05 -8.788996730e+01 -8.788996730e+01 +2.3535e-01 +3.6457e+00 +1.2496e+00
983 +1.858274074e-05 +1.858274074e-05 -8.788998142e+01 -8.788998142e+01 +2.4210e-01 +3.6455e+00 +1.2496e+00
993 +1.203488877e-05 +1.203488877e-05 -8.788998797e+01 -8.788998797e+01 +2.4264e-01 +3.6456e+00 +1.2496e+00
1014 +8.849854851e-06 +8.849854851e-06 -8.788999115e+01 -8.788999115e+01 +2.3981e-01 +3.6456e+00 +1.2496e+00
1031 +3.632598478e-06 +3.632598478e-06 -8.788999637e+01 -8.788999637e+01 +2.4093e-01 +3.6456e+00 +1.2496e+00
1042 +5.354806802e-07 +5.354806802e-07 -8.788999946e+01 -8.788999946e+01 +2.3961e-01 +3.6456e+00 +1.2496e+00
1084 +3.854996464e-07 +3.854996464e-07 -8.788999961e+01 -8.788999961e+01 +2.3979e-01 +3.6456e+00 +1.2496e+00
1102 +4.881599125e-08 +4.881599125e-08 -8.788999995e+01 -8.788999995e+01 +2.3904e-01 +3.6456e+00 +1.2496e+00
1135 +1.675458350e-08 +1.675458350e-08 -8.788999998e+01 -8.788999998e+01 +2.3910e-01 +3.6456e+00 +1.2496e+00
1145 +4.613227134e-09 +4.613227134e-09 -8.789000000e+01 -8.789000000e+01 +2.3920e-01 +3.6456e+00 +1.2496e+00
1150 +1.241730274e-09 +1.241730274e-09 -8.789000000e+01 -8.789000000e+01 +2.3922e-01 +3.6456e+00 +1.2496e+00
% function evaluation | noise-free fitness - Fopt (-8.789000000000e+01) | best noise-free fitness - Fopt | measured fitness | best measured fitness | x1 | x2...
1 +1.827985118e+07 +1.827985118e+07 +1.827976329e+07 +1.827976329e+07 +3.0314e+00 +1.2659e+00 -3.0225e+00
2 +1.018578787e+07 +1.018578787e+07 +1.018569998e+07 +1.018569998e+07 +4.9129e+00 +5.0203e+00 -1.9891e+00
4 +9.487126785e+06 +9.487126785e+06 +9.487038895e+06 +9.487038895e+06 +1.9814e-01 -1.4131e+00 -1.8857e+00
5 +4.966011095e+06 +4.966011095e+06 +4.965923205e+06 +4.965923205e+06 +7.1874e+00 +8.8278e-01 -1.0235e+00
6 +2.714175975e+06 +2.714175975e+06 +2.714088085e+06 +2.714088085e+06 +3.4880e-01 +1.9848e+00 -2.6394e-01
10 +2.313600652e+06 +2.313600652e+06 +2.313512762e+06 +2.313512762e+06 +4.7568e+00 +3.0272e+00 +2.9016e+00
13 +2.901882184e+04 +2.901882184e+04 +2.893093184e+04 +2.893093184e+04 +6.1621e+00 +2.4463e+00 +1.4165e+00
66 +9.788690089e+03 +9.788690089e+03 +9.700800089e+03 +9.700800089e+03 +5.9781e+00 +2.8168e+00 +1.3412e+00
73 +5.163207436e+03 +5.163207436e+03 +5.075317436e+03 +5.075317436e+03 +6.4727e+00 +2.3861e+00 +1.3016e+00
79 +1.107344462e+03 +1.107344462e+03 +1.019454462e+03 +1.019454462e+03 +6.6205e+00 +3.3256e+00 +1.2829e+00
81 +7.851830086e+02 +7.851830086e+02 +6.972930086e+02 +6.972930086e+02 +6.9508e+00 +2.9310e+00 +1.2323e+00
134 +7.451424073e+01 +7.451424073e+01 -1.337575927e+01 -1.337575927e+01 +6.7789e+00 +3.5751e+00 +1.2543e+00
269 +6.120249697e+01 +6.120249697e+01 -2.668750303e+01 -2.668750303e+01 +6.9226e+00 +3.7513e+00 +1.2500e+00
473 +3.929086591e+01 +3.929086591e+01 -4.859913409e+01 -4.859913409e+01 +6.2614e+00 +3.6693e+00 +1.2483e+00
550 +2.190487251e+01 +2.190487251e+01 -6.598512749e+01 -6.598512749e+01 +4.9020e+00 +3.6285e+00 +1.2494e+00
574 +1.094493629e+01 +1.094493629e+01 -7.694506371e+01 -7.694506371e+01 +3.1113e+00 +3.6392e+00 +1.2479e+00
604 +5.418964471e+00 +5.418964471e+00 -8.247103553e+01 -8.247103553e+01 +1.1664e+00 +3.5760e+00 +1.2504e+00
636 +3.448742006e+00 +3.448742006e+00 -8.444125799e+01 -8.444125799e+01 +7.2836e-01 +3.6877e+00 +1.2508e+00
658 +2.257306081e+00 +2.257306081e+00 -8.563269392e+01 -8.563269392e+01 +1.7386e+00 +3.6591e+00 +1.2496e+00
672 +8.322662751e-01 +8.322662751e-01 -8.705773372e+01 -8.705773372e+01 +9.1771e-01 +3.6301e+00 +1.2499e+00
675 +5.169142713e-01 +5.169142713e-01 -8.737308573e+01 -8.737308573e+01 +3.1359e-01 +3.6605e+00 +1.2491e+00
707 +2.658795895e-01 +2.658795895e-01 -8.762412041e+01 -8.762412041e+01 +6.5674e-01 +3.6543e+00 +1.2498e+00
710 +2.304642789e-01 +2.304642789e-01 -8.765953572e+01 -8.765953572e+01 +5.7426e-01 +3.6491e+00 +1.2499e+00
719 +1.001985272e-01 +1.001985272e-01 -8.778980147e+01 -8.778980147e+01 +3.4573e-01 +3.6545e+00 +1.2495e+00
728 +9.100577866e-02 +9.100577866e-02 -8.779899422e+01 -8.779899422e+01 +4.0614e-01 +3.6460e+00 +1.2499e+00
761 +4.320693316e-03 +4.320693316e-03 -8.788567931e+01 -8.788567931e+01 +2.3048e-01 +3.6451e+00 +1.2497e+00
801 +3.152035963e-03 +3.152035963e-03 -8.788684796e+01 -8.788684796e+01 +2.5548e-01 +3.6466e+00 +1.2496e+00
830 +2.055494847e-03 +2.055494847e-03 -8.788794451e+01 -8.788794451e+01 +2.8073e-01 +3.6450e+00 +1.2496e+00
844 +1.415759485e-03 +1.415759485e-03 -8.788858424e+01 -8.788858424e+01 +2.6427e-01 +3.6462e+00 +1.2496e+00
850 +5.568008585e-04 +5.568008585e-04 -8.788944320e+01 -8.788944320e+01 +2.5671e-01 +3.6452e+00 +1.2496e+00
861 +6.304441942e-05 +6.304441942e-05 -8.788993696e+01 -8.788993696e+01 +2.3152e-01 +3.6455e+00 +1.2496e+00
895 +3.498333936e-05 +3.498333936e-05 -8.788996502e+01 -8.788996502e+01 +2.4389e-01 +3.6457e+00 +1.2496e+00
920 +1.489330887e-05 +1.489330887e-05 -8.788998511e+01 -8.788998511e+01 +2.3713e-01 +3.6457e+00 +1.2496e+00
943 +2.396981856e-06 +2.396981856e-06 -8.788999760e+01 -8.788999760e+01 +2.3791e-01 +3.6456e+00 +1.2496e+00
945 +4.400246780e-07 +4.400246780e-07 -8.788999956e+01 -8.788999956e+01 +2.3902e-01 +3.6456e+00 +1.2496e+00
968 +1.711122621e-07 +1.711122621e-07 -8.788999983e+01 -8.788999983e+01 +2.3913e-01 +3.6456e+00 +1.2496e+00
1055 +1.550022262e-07 +1.550022262e-07 -8.788999984e+01 -8.788999984e+01 +2.3953e-01 +3.6456e+00 +1.2496e+00
1088 +7.113555966e-08 +7.113555966e-08 -8.788999993e+01 -8.788999993e+01 +2.3937e-01 +3.6456e+00 +1.2496e+00
1093 +1.189937393e-08 +1.189937393e-08 -8.788999999e+01 -8.788999999e+01 +2.3926e-01 +3.6456e+00 +1.2496e+00
1119 +4.210377824e-09 +4.210377824e-09 -8.789000000e+01 -8.789000000e+01 +2.3917e-01 +3.6456e+00 +1.2496e+00
% function evaluation | noise-free fitness - Fopt (3.201900000000e+02) | best noise-free fitness - Fopt | measured fitness | best measured fitness | x1 | x2...
1 +6.638859068e+06 +6.638859068e+06 +6.639179258e+06 +6.639179258e+06 +3.1547e+00 -1.5844e+00 +3.8343e+00
2 +2.987434222e+06 +2.987434222e+06 +2.987754412e+06 +2.987754412e+06 +4.0534e+00 -5.8361e-01 +3.2368e+00
3 +2.046616884e+06 +2.046616884e+06 +2.046937074e+06 +2.046937074e+06 -9.1748e-02 -5.9957e-01 +2.8693e+00
9 +5.015098060e+05 +5.015098060e+05 +5.018299960e+05 +5.018299960e+05 +5.4374e+00 -1.0843e+00 +2.1230e+00
11 +7.963536645e+04 +7.963536645e+04 +7.995555645e+04 +7.995555645e+04 +2.0867e+00 +5.6584e-01 +1.1362e+00
17 +2.016669993e+03 +2.016669993e+03 +2.336859993e+03 +2.336859993e+03 +2.1711e+00 -2.2594e+00 +1.4468e+00
180 +5.605288211e+02 +5.605288211e+02 +8.807188211e+02 +8.807188211e+02 +3.3937e+00 -1.5667e+00 +1.4068e+00
252 +3.700459189e+02 +3.700459189e+02 +6.902359189e+02 +6.902359189e+02 +3.7127e+00 -1.8223e+00 +1.3980e+00
266 +2.773305288e+01 +2.773305288e+01 +3.479230529e+02 +3.479230529e+02 +4.0678e+00 -2.3234e+00 +1.4006e+00
338 +2.382856398e+01 +2.382856398e+01 +3.440185640e+02 +3.440185640e+02 +4.2095e+00 -2.3659e+00 +1.4016e+00
585 +1.583050313e+01 +1.583050313e+01 +3.360205031e+02 +3.360205031e+02 +3.4583e+00 -2.3353e+00 +1.4035e+00
655 +8.898145548e+00 +8.898145548e+00 +3.290881455e+02 +3.290881455e+02 +2.5697e+00 -2.3720e+00 +1.4030e+00
795 +6.145501105e+00 +6.145501105e+00 +3.263355011e+02 +3.263355011e+02 +1.8981e+00 -2.3570e+00 +1.4033e+00
801 +3.449603937e+00 +3.449603937e+00 +3.236396039e+02 +3.236396039e+02 +1.4864e+00 -2.3599e+00 +1.4032e+00
813 +2.082675634e+00 +2.082675634e+00 +3.222726756e+02 +3.222726756e+02 +1.0339e+00 -2.3558e+00 +1.4033e+00
827 +1.077289798e+00 +1.077289798e+00 +3.212672898e+02 +3.212672898e+02 -1.1490e-01 -2.3807e+00 +1.4024e+00
834 +8.429901600e-02 +8.429901600e-02 +3.202742990e+02 +3.202742990e+02 -5.2588e-01 -2.3680e+00 +1.4034e+00
917 +4.993168985e-02 +4.993168985e-02 +3.202399317e+02 +3.202399317e+02 -3.3680e-01 -2.3553e+00 +1.4033e+00
928 +1.104687523e-02 +1.104687523e-02 +3.202010469e+02 +3.202010469e+02 -4.7162e-01 -2.3576e+00 +1.4032e+00
947 +6.784250342e-03 +6.784250342e-03 +3.201967843e+02 +3.201967843e+02 -4.5833e-01 -2.3621e+00 +1.4031e+00
965 +2.498052685e-03 +2.498052685e-03 +3.201924981e+02 +3.201924981e+02 -4.5387e-01 -2.3621e+00 +1.4032e+00
1009 +6.585018054e-04 +6.585018054e-04 +3.201906585e+02 +3.201906585e+02 -4.4810e-01 -2.3602e+00 +1.4032e+00
1019 +5.133761331e-04 +5.133761331e-04 +3.201905134e+02 +3.201905134e+02 -4.4284e-01 -2.3604e+00 +1.4032e+00
1035 +3.690139388e-04 +3.690139388e-04 +3.201903690e+02 +3.201903690e+02 -4.2532e-01 -2.3603e+00 +1.4032e+00
1037 +1.753303868e-04 +1.753303868e-04 +3.201901753e+02 +3.201901753e+02 -4.3136e-01 -2.3604e+00 +1.4032e+00
1049 +3.760597860e-05 +3.760597860e-05 +3.201900376e+02 +3.201900376e+02 -4.2638e-01 -2.3608e+00 +1.4032e+00
1083 +1.590703829e-05 +1.590703829e-05 +3.201900159e+02 +3.201900159e+02 -4.3238e-01 -2.3609e+00 +1.4032e+00
1098 +6.095053664e-06 +6.095053664e-06 +3.201900061e+02 +3.201900061e+02 -4.3108e-01 -2.3608e+00 +1.4032e+00
1116 +3.520710266e-06 +3.520710266e-06 +3.201900035e+02 +3.201900035e+02 -4.3385e-01 -2.3608e+00 +1.4032e+00
1141 +1.845895099e-07 +1.845895099e-07 +3.201900002e+02 +3.201900002e+02 -4.3299e-01 -2.3608e+00 +1.4032e+00
1184 +1.201725581e-07 +1.201725581e-07 +3.201900001e+02 +3.201900001e+02 -4.3263e-01 -2.3608e+00 +1.4032e+00
1199 +9.426412362e-08 +9.426412362e-08 +3.201900001e+02 +3.201900001e+02 -4.3278e-01 -2.3608e+00 +1.4032e+00
1200 +5.566460004e-08 +5.566460004e-08 +3.201900001e+02 +3.201900001e+02 -4.3298e-01 -2.3608e+00 +1.4032e+00
1201 +1.755472567e-08 +1.755472567e-08 +3.201900000e+02 +3.201900000e+02 -4.3270e-01 -2.3608e+00 +1.4032e+00
1235 +1.364594482e-08 +1.364594482e-08 +3.201900000e+02 +3.201900000e+02 -4.3270e-01 -2.3608e+00 +1.4032e+00
1252 +4.648768481e-09 +4.648768481e-09 +3.201900000e+02 +3.201900000e+02 -4.3277e-01 -2.3608e+00 +1.4032e+00
% function evaluation | noise-free fitness - Fopt (3.201900000000e+02) | best noise-free fitness - Fopt | measured fitness | best measured fitness | x1 | x2...
1 +3.102280396e+05 +3.102280396e+05 +3.105482296e+05 +3.105482296e+05 -3.5221e+00 -3.6645e+00 +8.1347e-01
2 +8.423137148e+03 +8.423137148e+03 +8.743327148e+03 +8.743327148e+03 -1.8346e+00 -4.8534e+00 +1.4503e+00
23 +1.177270478e+03 +1.177270478e+03 +1.497460478e+03 +1.497460478e+03 -4.6521e+00 -3.2770e+00 +1.3838e+00
81 +2.239678763e+02 +2.239678763e+02 +5.441578763e+02 +5.441578763e+02 -1.4280e+00 -2.1540e+00 +1.3900e+00
226 +9.327377817e+01 +9.327377817e+01 +4.134637782e+02 +4.134637782e+02 -2.2986e+00 -2.0981e+00 +1.4073e+00
237 +5.981785196e+01 +5.981785196e+01 +3.800078520e+02 +3.800078520e+02 -2.5688e+00 -2.1410e+00 +1.4005e+00
297 +1.584253605e+01 +1.584253605e+01 +3.360325361e+02 +3.360325361e+02 -1.3574e+00 -2.2527e+00 +1.4047e+00
359 +1.607097086e+00 +1.607097086e+00 +3.217970971e+02 +3.217970971e+02 -1.0632e+00 -2.3862e+00 +1.4040e+00
397 +4.786091778e-01 +4.786091778e-01 +3.206686092e+02 +3.206686092e+02 -1.0168e+00 -2.3583e+00 +1.4036e+00
439 +3.715195092e-01 +3.715195092e-01 +3.205615195e+02 +3.205615195e+02 -9.8473e-01 -2.3520e+00 +1.4033e+00
696 +2.446940367e-01 +2.446940367e-01 +3.204346940e+02 +3.204346940e+02 -9.3224e-01 -2.3603e+00 +1.4032e+00
769 +1.574852895e-01 +1.574852895e-01 +3.203474853e+02 +3.203474853e+02 -8.0137e-01 -2.3615e+00 +1.4031e+00
786 +8.923517326e-02 +8.923517326e-02 +3.202792352e+02 +3.202792352e+02 -6.8595e-01 -2.3560e+00 +1.4032e+00
802 +5.515083883e-02 +5.515083883e-02 +3.202451508e+02 +3.202451508e+02 -6.5232e-01 -2.3627e+00 +1.4033e+00
815 +3.842748549e-02 +3.842748549e-02 +3.202284275e+02 +3.202284275e+02 -5.0929e-01 -2.3555e+00 +1.4031e+00
816 +1.285500907e-02 +1.285500907e-02 +3.202028550e+02 +3.202028550e+02 -5.0759e-01 -2.3593e+00 +1.4033e+00
824 +8.042728415e-03 +8.042728415e-03 +3.201980427e+02 +3.201980427e+02 -3.8048e-01 -2.3609e+00 +1.4033e+00
827 +6.054542065e-03 +6.054542065e-03 +3.201960545e+02 +3.201960545e+02 -4.3966e-01 -2.3596e+00 +1.4031e+00
885 +3.157117638e-03 +3.157117638e-03 +3.201931571e+02 +3.201931571e+02 -4.1108e-01 -2.3592e+00 +1.4032e+00
907 +2.120412636e-03 +2.120412636e-03 +3.201921204e+02 +3.201921204e+02 -4.3387e-01 -2.3621e+00 +1.4032e+00
908 +1.354150009e-03 +1.354150009e-03 +3.201913542e+02 +3.201913542e+02 -3.9624e-01 -2.3612e+00 +1.4032e+00
913 +6.674435239e-04 +6.674435239e-04 +3.201906674e+02 +3.201906674e+02 -4.2980e-01 -2.3604e+00 +1.4032e+00
915 +1.489756667e-04 +1.489756667e-04 +3.201901490e+02 +3.201901490e+02 -4.4164e-01 -2.3608e+00 +1.4032e+00
947 +4.441671803e-05 +4.441671803e-05 +3.201900444e+02 +3.201900444e+02 -4.3714e-01 -2.3607e+00 +1.4032e+00
954 +2.917695389e-05 +2.917695389e-05 +3.201900292e+02 +3.201900292e+02 -4.2810e-01 -2.3608e+00 +1.4032e+00
985 +1.877447971e-05 +1.877447971e-05 +3.201900188e+02 +3.201900188e+02 -4.3662e-01 -2.3608e+00 +1.4032e+00
996 +1.537630021e-05 +1.537630021e-05 +3.201900154e+02 +3.201900154e+02 -4.3329e-01 -2.3609e+00 +1.4032e+00
1005 +8.203792277e-06 +8.203792277e-06 +3.201900082e+02 +3.201900082e+02 -4.3490e-01 -2.3608e+00 +1.4032e+00
1012 +6.457762538e-07 +6.457762538e-07 +3.201900006e+02 +3.201900006e+02 -4.3318e-01 -2.3608e+00 +1.4032e+00
1021 +1.625139134e-07 +1.625139134e-07 +3.201900002e+02 +3.201900002e+02 -4.3267e-01 -2.3608e+00 +1.4032e+00
1078 +1.412894335e-08 +1.412894335e-08 +3.201900000e+02 +3.201900000e+02 -4.3289e-01 -2.3608e+00 +1.4032e+00
1138 +9.292762115e-09 +9.292762115e-09 +3.201900000e+02 +3.201900000e+02 -4.3277e-01 -2.3608e+00 +1.4032e+00
1141 +4.549747246e-10 +4.549747246e-10 +3.201900000e+02 +3.201900000e+02 -4.3282e-01 -2.3608e+00 +1.4032e+00
% function evaluation | noise-free fitness - Fopt (3.201900000000e+02) | best noise-free fitness - Fopt | measured fitness | best measured fitness | x1 | x2...
1 +2.305241484e+07 +2.305241484e+07 +2.305273503e+07 +2.305273503e+07 -1.1057e+00 +7.7456e-01 -3.4752e+00
4 +1.538566993e+07 +1.538566993e+07 +1.538599012e+07 +1.538599012e+07 -3.1369e+00 +1.5495e+00 -2.5071e+00
5 +3.757468161e+06 +3.757468161e+06 +3.757788351e+06 +3.757788351e+06 +7.2636e-01 +1.2381e+00 -4.7529e-01
10 +8.232751101e+05 +8.232751101e+05 +8.235953001e+05 +8.235953001e+05 +2.0605e-01 +9.6447e-01 +2.3484e+00
11 +4.657495331e+05 +4.657495331e+05 +4.660697231e+05 +4.660697231e+05 -3.4937e-01 +2.1483e+00 +6.7367e-01
27 +1.662939878e+05 +1.662939878e+05 +1.666141778e+05 +1.666141778e+05 -9.9785e-02 +4.2849e+00 +1.7451e+00
28 +9.729474195e+04 +9.729474195e+04 +9.761493195e+04 +9.761493195e+04 -3.6280e+00 +2.5716e+00 +1.6708e+00
49 +2.953828412e+04 +2.953828412e+04 +2.985847412e+04 +2.985847412e+04 -4.2714e-01 -3.4085e-02 +1.2590e+00
54 +1.582798466e+04 +1.582798466e+04 +1.614817466e+04 +1.614817466e+04 -5.6400e-01 +1.9389e-01 +1.3054e+00
73 +4.318684776e+03 +4.318684776e+03 +4.638874776e+03 +4.638874776e+03 +1.9526e+00 -3.6842e+00 +1.4482e+00
110 +3.888929176e+03 +3.888929176e+03 +4.209119176e+03 +4.209119176e+03 -3.4064e-01 -4.2910e+00 +1.4041e+00
113 +9.898396423e+02 +9.898396423e+02 +1.310029642e+03 +1.310029642e+03 +1.3857e+00 -1.4513e+00 +1.4204e+00
120 +5.934578509e+02 +5.934578509e+02 +9.136478509e+02 +9.136478509e+02 +1.1831e+00 -1.9591e+00 +1.4243e+00
387 +2.436848866e+02 +2.436848866e+02 +5.638748866e+02 +5.638748866e+02 +1.2139e+00 -1.8763e+00 +1.4068e+00
406 +8.638217649e+01 +8.638217649e+01 +4.065721765e+02 +4.065721765e+02 +1.1107e+00 -2.0968e+00 +1.4068e+00
411 +5.371295947e+01 +5.371295947e+01 +3.739029595e+02 +3.739029595e+02 +1.1000e+00 -2.1499e+00 +1.4006e+00
437 +7.658984852e+00 +7.658984852e+00 +3.278489849e+02 +3.278489849e+02 +1.0976e+00 -2.2819e+00 +1.4034e+00
458 +6.035168318e+00 +6.035168318e+00 +3.262251683e+02 +3.262251683e+02 +1.2159e+00 -2.3031e+00 +1.4028e+00
495 +3.598761431e+00 +3.598761431e+00 +3.237887614e+02 +3.237887614e+02 +1.2413e+00 -2.3845e+00 +1.4023e+00
499 +2.439368989e+00 +2.439368989e+00 +3.226293690e+02 +3.226293690e+02 +1.2308e+00 -2.3551e+00 +1.4035e+00
1099 +1.202109251e+00 +1.202109251e+00 +3.213921093e+02 +3.213921093e+02 +6.1217e-01 -2.3562e+00 +1.4032e+00
1103 +7.518483200e-01 +7.518483200e-01 +3.209418483e+02 +3.209418483e+02 +4.1201e-01 -2.3484e+00 +1.4033e+00
1110 +6.124911773e-01 +6.124911773e-01 +3.208024912e+02 +3.208024912e+02 +3.0006e-01 -2.3590e+00 +1.4029e+00
1122 +2.194359296e-01 +2.194359296e-01 +3.204094359e+02 +3.204094359e+02 -2.5192e-01 -2.3474e+00 +1.4032e+00
1139 +1.365773776e-01 +1.365773776e-01 +3.203265774e+02 +3.203265774e+02 -5.8746e-01 -2.3676e+00 +1.4029e+00
1160 +8.840979241e-02 +8.840979241e-02 +3.202784098e+02 +3.202784098e+02 -3.7687e-01 -2.3673e+00 +1.4034e+00
1165 +5.733639997e-02 +5.733639997e-02 +3.202473364e+02 +3.202473364e+02 -2.3822e-01 -2.3610e+00 +1.4033e+00
1190 +3.227925916e-02 +3.227925916e-02 +3.202222793e+02 +3.202222793e+02 -5.0513e-01 -2.3555e+00 +1.4032e+00
1194 +1.803628267e-02 +1.803628267e-02 +3.202080363e+02 +3.202080363e+02 -4.3255e-01 -2.3593e+00 +1.4033e+00
1203 +1.297982189e-02 +1.297982189e-02 +3.202029798e+02 +3.202029798e+02 -4.9670e-01 -2.3586e+00 +1.4033e+00
1206 +6.745470678e-03 +6.745470678e-03 +3.201967455e+02 +3.201967455e+02 -4.0745e-01 -2.3589e+00 +1.4032e+00
1212 +1.895633192e-04 +1.895633192e-04 +3.201901896e+02 +3.201901896e+02 -4.2064e-01 -2.3610e+00 +1.4032e+00
1273 +1.072677774e-04 +1.072677774e-04 +3.201901073e+02 +3.201901073e+02 -4.2724e-01 -2.3611e+00 +1.4032e+00
1291 +9.591161614e-05 +9.591161614e-05 +3.201900959e+02 +3.201900959e+02 -4.3150e-01 -2.3606e+00 +1.4032e+00
1317 +2.622593553e-05 +2.622593553e-05 +3.201900262e+02 +3.201900262e+02 -4.2868e-01 -2.3609e+00 +1.4032e+00
1338 +2.336219450e-05 +2.336219450e-05 +3.201900234e+02 +3.201900234e+02 -4.3504e-01 -2.3609e+00 +1.4032e+00
1365 +1.399202336e-05 +1.399202336e-05 +3.201900140e+02 +3.201900140e+02 -4.3121e-01 -2.3607e+00 +1.4032e+00
1371 +1.157947509e-06 +1.157947509e-06 +3.201900012e+02 +3.201900012e+02 -4.3254e-01 -2.3608e+00 +1.4032e+00
1466 +7.793719874e-07 +7.793719874e-07 +3.201900008e+02 +3.201900008e+02 -4.3274e-01 -2.3608e+00 +1.4032e+00
1471 +3.974291189e-07 +3.974291189e-07 +3.201900004e+02 +3.201900004e+02 -4.3333e-01 -2.3608e+00 +1.4032e+00
1473 +2.297077799e-07 +2.297077799e-07 +3.201900002e+02 +3.201900002e+02 -4.3282e-01 -2.3608e+00 +1.4032e+00
1485 +1.478509262e-07 +1.478509262e-07 +3.201900001e+02 +3.201900001e+02 -4.3301e-01 -2.3608e+00 +1.4032e+00
1503 +9.444278248e-08 +9.444278248e-08 +3.201900001e+02 +3.201900001e+02 -4.3287e-01 -2.3608e+00 +1.4032e+00
1513 +2.529355925e-08 +2.529355925e-08 +3.201900000e+02 +3.201900000e+02 -4.3276e-01 -2.3608e+00 +1.4032e+00
1526 +2.213403150e-08 +2.213403150e-08 +3.201900000e+02 +3.201900000e+02 -4.3281e-01 -2.3608e+00 +1.4032e+00
1534 +1.057270538e-08 +1.057270538e-08 +3.201900000e+02 +3.201900000e+02 -4.3279e-01 -2.3608e+00 +1.4032e+00
1537 +6.194568414e-09 +6.194568414e-09 +3.201900000e+02 +3.201900000e+02 -4.3284e-01 -2.3608e+00 +1.4032e+00
1541 +2.918852715e-09 +2.918852715e-09 +3.201900000e+02 +3.201900000e+02 -4.3275e-01 -2.3608e+00 +1.4032e+00
1542 +8.281517694e-10 +8.281517694e-10 +3.201900000e+02 +3.201900000e+02 -4.3279e-01 -2.3608e+00 +1.4032e+00
% function evaluation | noise-free fitness - Fopt (-1.042400000000e+02) | best noise-free fitness - Fopt | measured fitness | best measured fitness | x1 | x2...
1 +2.165951848e+07 +2.165951848e+07 +2.165941424e+07 +2.165941424e+07 +9.3050e-01 +8.4298e-01 -3.3847e+00
5 +1.543039272e+07 +1.543039272e+07 +1.543028848e+07 +1.543028848e+07 +1.0611e+00 -1.2084e-01 -2.6024e+00
9 +9.081678179e+06 +9.081678179e+06 +9.081573939e+06 +9.081573939e+06 +3.2359e+00 -1.5808e+00 -1.7641e+00
17 +4.308698730e+06 +4.308698730e+06 +4.308594490e+06 +4.308594490e+06 +1.4774e+00 -2.5087e+00 -7.6126e-01
18 +6.828528707e+04 +6.828528707e+04 +6.818104707e+04 +6.818104707e+04 +1.5986e+00 -1.1849e+00 +1.0669e+00
32 +2.152890566e+04 +2.152890566e+04 +2.142466566e+04 +2.142466566e+04 +1.2501e+00 -1.4115e+00 +1.4330e+00
74 +3.140806763e+03 +3.140806763e+03 +3.036566763e+03 +3.036566763e+03 +4.3322e+00 -2.3838e+00 +1.3485e+00
97 +7.834084777e+02 +7.834084777e+02 +6.791684777e+02 +6.791684777e+02 +4.8414e+00 -3.9845e+00 +1.3392e+00
111 +4.996745822e+02 +4.996745822e+02 +3.954345822e+02 +3.954345822e+02 +4.2623e+00 -4.5995e+00 +1.3032e+00
165 +9.782381691e+01 +9.782381691e+01 -6.416183090e+00 -6.416183090e+00 +4.9988e+00 -3.9772e+00 +1.3219e+00
273 +2.549158091e+01 +2.549158091e+01 -7.874841909e+01 -7.874841909e+01 +5.2945e+00 -3.9596e+00 +1.3133e+00
360 +2.499485397e+01 +2.499485397e+01 -7.924514603e+01 -7.924514603e+01 +5.2870e+00 -3.9020e+00 +1.3125e+00
784 +1.567273223e+01 +1.567273223e+01 -8.856726777e+01 -8.856726777e+01 +4.1768e+00 -3.9315e+00 +1.3148e+00
818 +8.528767379e+00 +8.528767379e+00 -9.571123262e+01 -9.571123262e+01 +3.2611e+00 -3.9313e+00 +1.3132e+00
829 +4.797019932e+00 +4.797019932e+00 -9.944298007e+01 -9.944298007e+01 +1.9653e+00 -3.9700e+00 +1.3137e+00
844 +2.250124921e-01 +2.250124921e-01 -1.040149875e+02 -1.040149875e+02 +1.6107e-01 -3.9135e+00 +1.3132e+00
895 +4.398360520e-02 +4.398360520e-02 -1.041960164e+02 -1.041960164e+02 +5.1701e-01 -3.9150e+00 +1.3137e+00
942 +3.077605733e-02 +3.077605733e-02 -1.042092239e+02 -1.042092239e+02 +5.5809e-01 -3.9221e+00 +1.3136e+00
946 +1.603069586e-02 +1.603069586e-02 -1.042239693e+02 -1.042239693e+02 +3.8953e-01 -3.9178e+00 +1.3137e+00
967 +8.619752049e-03 +8.619752049e-03 -1.042313802e+02 -1.042313802e+02 +3.5646e-01 -3.9221e+00 +1.3137e+00
969 +5.967246873e-03 +5.967246873e-03 -1.042340328e+02 -1.042340328e+02 +4.5427e-01 -3.9215e+00 +1.3136e+00
971 +3.452395579e-03 +3.452395579e-03 -1.042365476e+02 -1.042365476e+02 +4.2762e-01 -3.9214e+00 +1.3136e+00
973 +2.006933133e-03 +2.006933133e-03 -1.042379931e+02 -1.042379931e+02 +3.5994e-01 -3.9203e+00 +1.3136e+00
988 +1.066190452e-03 +1.066190452e-03 -1.042389338e+02 -1.042389338e+02 +4.0105e-01 -3.9199e+00 +1.3136e+00
989 +6.089163747e-04 +6.089163747e-04 -1.042393911e+02 -1.042393911e+02 +3.9750e-01 -3.9206e+00 +1.3136e+00
1005 +1.775286086e-04 +1.775286086e-04 -1.042398225e+02 -1.042398225e+02 +3.9080e-01 -3.9203e+00 +1.3136e+00
1025 +9.493332266e-05 +9.493332266e-05 -1.042399051e+02 -1.042399051e+02 +4.0217e-01 -3.9201e+00 +1.3136e+00
1035 +1.710059473e-05 +1.710059473e-05 -1.042399829e+02 -1.042399829e+02 +3.9605e-01 -3.9201e+00 +1.3136e+00
1067 +1.416209712e-05 +1.416209712e-05 -1.042399858e+02 -1.042399858e+02 +3.9209e-01 -3.9201e+00 +1.3136e+00
1082 +5.045293364e-06 +5.045293364e-06 -1.042399950e+02 -1.042399950e+02 +3.9266e-01 -3.9200e+00 +1.3136e+00
1096 +7.311030714e-07 +7.311030714e-07 -1.042399993e+02 -1.042399993e+02 +3.9461e-01 -3.9200e+00 +1.3136e+00
1107 +1.703292298e-07 +1.703292298e-07 -1.042399998e+02 -1.042399998e+02 +3.9474e-01 -3.9200e+00 +1.3136e+00
1155 +1.152779134e-07 +1.152779134e-07 -1.042399999e+02 -1.042399999e+02 +3.9423e-01 -3.9200e+00 +1.3136e+00
1165 +9.560672254e-08 +9.560672254e-08 -1.042399999e+02 -1.042399999e+02 +3.9428e-01 -3.9200e+00 +1.3136e+00
1175 +5.623616062e-08 +5.623616062e-08 -1.042399999e+02 -1.042399999e+02 +3.9465e-01 -3.9200e+00 +1.3136e+00
1177 +2.181266723e-08 +2.181266723e-08 -1.042400000e+02 -1.042400000e+02 +3.9443e-01 -3.9200e+00 +1.3136e+00
1184 +1.277096828e-08 +1.277096828e-08 -1.042400000e+02 -1.042400000e+02 +3.9450e-01 -3.9200e+00 +1.3136e+00
1189 +9.537146184e-09 +9.537146184e-09 -1.042400000e+02 -1.042400000e+02 +3.9446e-01 -3.9200e+00 +1.3136e+00
1192 +4.956476118e-09 +4.956476118e-09 -1.042400000e+02 -1.042400000e+02 +3.9446e-01 -3.9200e+00 +1.3136e+00
% function evaluation | noise-free fitness - Fopt (-1.042400000000e+02) | best noise-free fitness - Fopt | measured fitness | best measured fitness | x1 | x2...
1 +2.095618692e+06 +2.095618692e+06 +2.095514452e+06 +2.095514452e+06 +1.1665e+00 +7.4657e-01 +2.8186e+00
5 +1.273184395e+04 +1.273184395e+04 +1.262760395e+04 +1.262760395e+04 +2.6811e+00 -5.9456e-01 +1.2683e+00
19 +2.235064615e+03 +2.235064615e+03 +2.130824615e+03 +2.130824615e+03 +3.2698e+00 -2.9099e+00 +1.3511e+00
61 +8.373223746e+02 +8.373223746e+02 +7.330823746e+02 +7.330823746e+02 +2.3203e+00 -3.6636e+00 +1.3394e+00
77 +2.377256304e+02 +2.377256304e+02 +1.334856304e+02 +1.334856304e+02 +1.9832e+00 -3.5821e+00 +1.3024e+00
166 +1.010234463e+02 +1.010234463e+02 -3.216553658e+00 -3.216553658e+00 +5.0208e-01 -3.9759e+00 +1.3234e+00
226 +4.740434838e+01 +4.740434838e+01 -5.683565162e+01 -5.683565162e+01 +1.0989e+00 -4.0591e+00 +1.3184e+00
237 +1.378666503e+01 +1.378666503e+01 -9.045333497e+01 -9.045333497e+01 +1.2932e+00 -4.0083e+00 +1.3110e+00
267 +3.386801906e+00 +3.386801906e+00 -1.008531981e+02 -1.008531981e+02 +9.9174e-01 -3.9462e+00 +1.3152e+00
294 +2.195080879e+00 +2.195080879e+00 -1.020449191e+02 -1.020449191e+02 +1.0871e+00 -3.9575e+00 +1.3139e+00
320 +1.464543039e+00 +1.464543039e+00 -1.027754570e+02 -1.027754570e+02 +1.1179e+00 -3.9297e+00 +1.3145e+00
335 +5.540466965e-01 +5.540466965e-01 -1.036859533e+02 -1.036859533e+02 +1.0625e+00 -3.9138e+00 +1.3134e+00
715 +3.555206978e-01 +3.555206978e-01 -1.038844793e+02 -1.038844793e+02 +9.4881e-01 -3.9188e+00 +1.3136e+00
726 +2.275068574e-01 +2.275068574e-01 -1.040124931e+02 -1.040124931e+02 +8.5511e-01 -3.9156e+00 +1.3135e+00
747 +1.363036708e-01 +1.363036708e-01 -1.041036963e+02 -1.041036963e+02 +6.8288e-01 -3.9226e+00 +1.3138e+00
761 +8.281525523e-02 +8.281525523e-02 -1.041571847e+02 -1.041571847e+02 +6.5582e-01 -3.9172e+00 +1.3137e+00
772 +2.948194182e-02 +2.948194182e-02 -1.042105181e+02 -1.042105181e+02 +5.1355e-01 -3.9224e+00 +1.3137e+00
791 +9.479277190e-03 +9.479277190e-03 -1.042305207e+02 -1.042305207e+02 +3.4093e-01 -3.9174e+00 +1.3136e+00
826 +1.921591659e-03 +1.921591659e-03 -1.042380784e+02 -1.042380784e+02 +3.7856e-01 -3.9187e+00 +1.3136e+00
852 +6.457728693e-04 +6.457728693e-04 -1.042393542e+02 -1.042393542e+02 +3.9937e-01 -3.9193e+00 +1.3136e+00
875 +2.398525874e-04 +2.398525874e-04 -1.042397601e+02 -1.042397601e+02 +3.8256e-01 -3.9197e+00 +1.3136e+00
902 +3.178341916e-05 +3.178341916e-05 -1.042399682e+02 -1.042399682e+02 +4.0034e-01 -3.9200e+00 +1.3136e+00
927 +1.157660923e-05 +1.157660923e-05 -1.042399884e+02 -1.042399884e+02 +3.9364e-01 -3.9201e+00 +1.3136e+00
947 +7.132472803e-06 +7.132472803e-06 -1.042399929e+02 -1.042399929e+02 +3.9276e-01 -3.9201e+00 +1.3136e+00
956 +5.157208022e-06 +5.157208022e-06 -1.042399948e+02 -1.042399948e+02 +3.9288e-01 -3.9200e+00 +1.3136e+00
970 +3.441529444e-06 +3.441529444e-06 -1.042399966e+02 -1.042399966e+02 +3.9333e-01 -3.9200e+00 +1.3136e+00
1009 +6.490640772e-07 +6.490640772e-07 -1.042399994e+02 -1.042399994e+02 +3.9402e-01 -3.9200e+00 +1.3136e+00
1015 +5.357145341e-07 +5.357145341e-07 -1.042399995e+02 -1.042399995e+02 +3.9424e-01 -3.9200e+00 +1.3136e+00
1042 +1.096005491e-07 +1.096005491e-07 -1.042399999e+02 -1.042399999e+02 +3.9416e-01 -3.9200e+00 +1.3136e+00
1100 +7.423076909e-08 +7.423076909e-08 -1.042399999e+02 -1.042399999e+02 +3.9444e-01 -3.9200e+00 +1.3136e+00
1101 +3.646601954e-08 +3.646601954e-08 -1.042400000e+02 -1.042400000e+02 +3.9423e-01 -3.9200e+00 +1.3136e+00
1121 +7.247138001e-09 +7.247138001e-09 -1.042400000e+02 -1.042400000e+02 +3.9435e-01 -3.9200e+00 +1.3136e+00
1122 +1.106599257e-09 +1.106599257e-09 -1.042400000e+02 -1.042400000e+02 +3.9443e-01 -3.9200e+00 +1.3136e+00
% function evaluation | noise-free fitness - Fopt (-1.042400000000e+02) | best noise-free fitness - Fopt | measured fitness | best measured fitness | x1 | x2...
1 +7.730050072e+05 +7.730050072e+05 +7.729007672e+05 +7.729007672e+05 -3.3482e+00 +2.6644e+00 +2.2278e+00
2 +2.867659298e+04 +2.867659298e+04 +2.857235298e+04 +2.857235298e+04 -5.3530e-01 +1.4916e+00 +1.3085e+00
41 +2.402343627e+04 +2.402343627e+04 +2.391919627e+04 +2.391919627e+04 -4.6705e-01 +6.5691e-01 +1.2556e+00
52 +1.500875828e+04 +1.500875828e+04 +1.490451828e+04 +1.490451828e+04 +8.8424e-01 -1.7857e-01 +1.2789e+00
78 +2.244013801e+03 +2.244013801e+03 +2.139773801e+03 +2.139773801e+03 +1.5416e+00 -3.5345e+00 +1.2706e+00
124 +4.211992181e+02 +4.211992181e+02 +3.169592181e+02 +3.169592181e+02 +1.8626e+00 -3.4110e+00 +1.3258e+00
132 +2.590346401e+02 +2.590346401e+02 +1.547946401e+02 +1.547946401e+02 +1.9515e+00 -3.6559e+00 +1.3002e+00
217 +1.560592849e+02 +1.560592849e+02 +5.181928489e+01 +5.181928489e+01 +2.5111e+00 -3.5091e+00 +1.3126e+00
221 +1.911622332e+01 +1.911622332e+01 -8.512377668e+01 -8.512377668e+01 +2.9388e+00 -4.0243e+00 +1.3149e+00
230 +6.127115559e+00 +6.127115559e+00 -9.811288444e+01 -9.811288444e+01 +2.5321e+00 -3.9441e+00 +1.3127e+00
566 +3.850541268e+00 +3.850541268e+00 -1.003894587e+02 -1.003894587e+02 +2.3756e+00 -3.9237e+00 +1.3136e+00
626 +2.453411218e+00 +2.453411218e+00 -1.017865888e+02 -1.017865888e+02 +2.0506e+00 -3.9265e+00 +1.3139e+00
675 +1.423832557e+00 +1.423832557e+00 -1.028161674e+02 -1.028161674e+02 +1.4851e+00 -3.9276e+00 +1.3135e+00
688 +9.563891432e-01 +9.563891432e-01 -1.032836109e+02 -1.032836109e+02 +1.0035e+00 -3.9064e+00 +1.3131e+00
697 +3.357116554e-01 +3.357116554e-01 -1.039042883e+02 -1.039042883e+02 +8.1854e-01 -3.9069e+00 +1.3136e+00
702 +2.423864552e-01 +2.423864552e-01 -1.039976135e+02 -1.039976135e+02 +7.1413e-01 -3.9088e+00 +1.3135e+00
741 +1.570654631e-01 +1.570654631e-01 -1.040829345e+02 -1.040829345e+02 +2.4472e-02 -3.9186e+00 +1.3137e+00
765 +5.326829506e-02 +5.326829506e-02 -1.041867317e+02 -1.041867317e+02 +2.5118e-01 -3.9147e+00 +1.3136e+00
773 +3.485501510e-02 +3.485501510e-02 -1.042051450e+02 -1.042051450e+02 +5.4681e-01 -3.9164e+00 +1.3136e+00
782 +6.364080385e-04 +6.364080385e-04 -1.042393636e+02 -1.042393636e+02 +4.0130e-01 -3.9198e+00 +1.3136e+00
854 +5.070869620e-04 +5.070869620e-04 -1.042394929e+02 -1.042394929e+02 +4.0175e-01 -3.9206e+00 +1.3136e+00
881 +3.160711714e-04 +3.160711714e-04 -1.042396839e+02 -1.042396839e+02 +4.0897e-01 -3.9197e+00 +1.3136e+00
882 +2.033566098e-04 +2.033566098e-04 -1.042397966e+02 -1.042397966e+02 +4.0447e-01 -3.9199e+00 +1.3136e+00
898 +1.008405145e-04 +1.008405145e-04 -1.042398992e+02 -1.042398992e+02 +3.9913e-01 -3.9202e+00 +1.3136e+00
903 +5.779152370e-05 +5.779152370e-05 -1.042399422e+02 -1.042399422e+02 +3.9665e-01 -3.9198e+00 +1.3136e+00
921 +2.641615173e-05 +2.641615173e-05 -1.042399736e+02 -1.042399736e+02 +3.9714e-01 -3.9199e+00 +1.3136e+00
953 +5.137710261e-06 +5.137710261e-06 -1.042399949e+02 -1.042399949e+02 +3.9228e-01 -3.9200e+00 +1.3136e+00
970 +3.530638878e-06 +3.530638878e-06 -1.042399965e+02 -1.042399965e+02 +3.9339e-01 -3.9200e+00 +1.3136e+00
976 +1.692665293e-06 +1.692665293e-06 -1.042399983e+02 -1.042399983e+02 +3.9439e-01 -3.9200e+00 +1.3136e+00
982 +6.282875802e-07 +6.282875802e-07 -1.042399994e+02 -1.042399994e+02 +3.9504e-01 -3.9200e+00 +1.3136e+00
1014 +3.018889885e-07 +3.018889885e-07 -1.042399997e+02 -1.042399997e+02 +3.9415e-01 -3.9200e+00 +1.3136e+00
1033 +1.866045238e-07 +1.866045238e-07 -1.042399998e+02 -1.042399998e+02 +3.9459e-01 -3.9200e+00 +1.3136e+00
1040 +1.489682546e-07 +1.489682546e-07 -1.042399999e+02 -1.042399999e+02 +3.9406e-01 -3.9200e+00 +1.3136e+00
1045 +8.096070303e-08 +8.096070303e-08 -1.042399999e+02 -1.042399999e+02 +3.9461e-01 -3.9200e+00 +1.3136e+00
1061 +5.882726839e-08 +5.882726839e-08 -1.042399999e+02 -1.042399999e+02 +3.9460e-01 -3.9200e+00 +1.3136e+00
1078 +3.823942052e-08 +3.823942052e-08 -1.042400000e+02 -1.042400000e+02 +3.9436e-01 -3.9200e+00 +1.3136e+00
1085 +1.573067721e-08 +1.573067721e-08 -1.042400000e+02 -1.042400000e+02 +3.9449e-01 -3.9200e+00 +1.3136e+00
1086 +7.842729133e-09 +7.842729133e-09 -1.042400000e+02 -1.042400000e+02 +3.9448e-01 -3.9200e+00 +1.3136e+00
1087 +6.176719580e-09 +6.176719580e-09 -1.042400000e+02 -1.042400000e+02 +3.9447e-01 -3.9200e+00 +1.3136e+00
