% function evaluation | noise-free fitness - Fopt (-9.210000000000e+00) | best noise-free fitness - Fopt | measured fitness | best measured fitness | x1 | x2...
1 +1.224370555e+02 +1.224370555e+02 +1.132270555e+02 +1.132270555e+02 +1.6122e+00 +2.1055e+00 +1.5114e-01 +2.2364e+00 +3.3028e+00
5 +9.754616060e+01 +9.754616060e+01 +8.833616060e+01 +8.833616060e+01 +5.0755e+00 -2.6424e+00 -3.4646e+00 +2.0644e+00 -9.3198e-01
21 +6.040682289e+01 +6.040682289e+01 +5.119682289e+01 +5.119682289e+01 +7.7453e+00 -1.6037e+00 -4.0484e+00 +6.4412e+00 -2.9950e+00
22 +3.524140671e+01 +3.524140671e+01 +2.603140671e+01 +2.603140671e+01 +8.8704e+00 +2.6663e+00 +8.6854e-01 +2.6957e+00 -4.4931e+00
32 +1.540723074e+01 +1.540723074e+01 +6.197230740e+00 +6.197230740e+00 +1.0287e+01 +2.8367e-01 +2.7800e+00 +5.4434e+00 -7.1978e+00
34 +8.488083399e+00 +8.488083399e+00 -7.219166011e-01 -7.219166011e-01 +1.1514e+01 +2.2680e-01 +5.4830e+00 +9.8383e+00 -5.7025e+00
35 -7.105427358e-15 -7.105427358e-15 -9.210000000e+00 -9.210000000e+00 +1.2200e+01 +6.5265e+00 +5.3965e+00 +1.2468e+01 -1.0061e+01
% function evaluation | noise-free fitness - Fopt (-9.210000000000e+00) | best noise-free fitness - Fopt | measured fitness | best measured fitness | x1 | x2...
1 +1.451084759e+02 +1.451084759e+02 +1.358984759e+02 +1.358984759e+02 -5.5567e-01 -5.0480e-02 -2.6568e+00 -3.5221e+00 +8.4351e-01
4 +9.693740409e+01 +9.693740409e+01 +8.772740409e+01 +8.772740409e+01 +1.5356e+00 +2.5010e+00 -3.3561e+00 -4.3287e+00 -3.9854e+00
20 +6.138832926e+01 +6.138832926e+01 +5.217832926e+01 +5.217832926e+01 -3.7888e+00 +5.4571e+00 -7.4626e+00 +3.3185e+00 -4.6266e+00
30 +2.285798645e+01 +2.285798645e+01 +1.364798645e+01 +1.364798645e+01 -7.1930e-02 +4.8582e+00 -5.4472e-01 +6.2086e+00 -5.1133e+00
59 +8.854327110e+00 +8.854327110e+00 -3.556728898e-01 -3.556728898e-01 +2.1675e+00 +2.8610e+00 +4.2986e+00 +8.8661e+00 -1.3654e+01
71 +1.443085586e+00 +1.443085586e+00 -7.766914414e+00 -7.766914414e+00 +9.9827e+00 +4.1885e+00 +7.3987e+00 +1.1346e+01 -1.4133e+01
80 -7.105427358e-15 -7.105427358e-15 -9.210000000e+00 -9.210000000e+00 +8.5919e+00 +7.6542e+00 +7.1830e+00 +1.5653e+01 -1.0443e+01
% function evaluation | noise-free fitness - Fopt (-9.210000000000e+00) | best noise-free fitness - Fopt | measured fitness | best measured fitness | x1 | x2...
1 +1.216172937e+02 +1.216172937e+02 +1.124072937e+02 +1.124072937e+02 -9.2624e-03 -2.7356e-02 +1.8918e+00 +1.4839e-01 +2.0556e+00
6 +9.264150447e+01 +9.264150447e+01 +8.343150447e+01 +8.343150447e+01 -7.7427e-01 +3.3619e+00 +1.9268e-01 +2.7319e+00 +5.9978e-01
14 +6.139490392e+01 +6.139490392e+01 +5.218490392e+01 +5.218490392e+01 +2.3908e+00 -8.2322e-01 +2.6408e+00 +4.5205e+00 -1.1726e+00
27 +3.748527397e+01 +3.748527397e+01 +2.827527397e+01 +2.827527397e+01 +6.5294e+00 +2.7266e+00 +3.6912e+00 +2.6707e+00 -3.3795e+00
28 +2.280810201e+01 +2.280810201e+01 +1.359810201e+01 +1.359810201e+01 +3.6931e+00 +3.5293e+00 +1.1087e+00 +3.8298e+00 -7.8034e+00
38 +1.508686086e+01 +1.508686086e+01 +5.876860860e+00 +5.876860860e+00 +2.4867e+00 +6.8480e+00 +2.0358e+00 +4.4310e+00 -6.9266e+00
44 +9.550767718e+00 +9.550767718e+00 +3.407677181e-01 +3.407677181e-01 +9.5573e+00 +7.4759e+00 +1.9798e+00 +5.6743e+00 -1.7681e+01
48 -7.105427358e-15 -7.105427358e-15 -9.210000000e+00 -9.210000000e+00 +9.2491e+00 +6.1330e+00 +5.5480e+00 +7.0106e+00 -1.2170e+01
% function evaluation | noise-free fitness - Fopt (6.559900000000e+02) | best noise-free fitness - Fopt | measured fitness | best measured fitness | x1 | x2...
1 +1.145847576e+02 +1.145847576e+02 +7.705747576e+02 +7.705747576e+02 +2.6421e+00 +3.5147e-01 -1.3001e+00 +3.2040e+00 +3.0911e+00
3 +9.576929248e+01 +9.576929248e+01 +7.517592925e+02 +7.517592925e+02 +4.9861e+00 -1.2908e+00 -2.9484e+00 +4.3110e+00 +2.8798e+00
14 +6.119228961e+01 +6.119228961e+01 +7.171822896e+02 +7.171822896e+02 +4.9624e+00 +1.2017e+00 -4.3050e+00 +4.4390e+00 -5.2261e-01
19 +3.047412595e+01 +3.047412595e+01 +6.864641260e+02 +6.864641260e+02 +5.3587e+00 -1.5340e+00 -5.0223e+00 +6.0743e+00 -2.5689e+00
28 +8.119062303e+00 +8.119062303e+00 +6.641090623e+02 +6.641090623e+02 +4.2653e+00 -5.9643e+00 -9.3799e+00 +7.5088e+00 -4.2616e+00
35 +5.095288912e-01 +5.095288912e-01 +6.564995289e+02 +6.564995289e+02 +9.2067e+00 -4.7135e+00 -6.7437e+00 +5.3786e+00 -5.3574e+00
39 +0.000000000e+00 +0.000000000e+00 +6.559900000e+02 +6.559900000e+02 +6.0488e+00 -5.1443e+00 -8.5543e+00 +6.3016e+00 -8.3686e+00
% function evaluation | noise-free fitness - Fopt (6.559900000000e+02) | best noise-free fitness - Fopt | measured fitness | best measured fitness | x1 | x2...
1 +1.078754951e+02 +1.078754951e+02 +7.638654951e+02 +7.638654951e+02 -3.0726e+00 -2.5295e+00 +8.2584e-01 +1.2563e+00 +5.9345e-01
2 +7.092166456e+01 +7.092166456e+01 +7.269116646e+02 +7.269116646e+02 -3.1940e+00 -1.6780e+00 +8.1489e-01 +3.8329e+00 -1.8131e+00
5 +5.659020377e+01 +5.659020377e+01 +7.125802038e+02 +7.125802038e+02 -2.5201e+00 -3.9498e+00 -3.2649e+00 +1.7180e+00 -2.6740e+00
12 +2.519684254e+01 +2.519684254e+01 +6.811868425e+02 +6.811868425e+02 -2.2537e+00 -2.7110e+00 -2.5789e+00 +3.8945e+00 -5.2873e+00
18 +2.232710180e+01 +2.232710180e+01 +6.783171018e+02 +6.783171018e+02 -3.3370e+00 -5.3416e+00 -3.4307e+00 +3.3947e+00 -7.5116e+00
37 +9.338818195e+00 +9.338818195e+00 +6.653288182e+02 +6.653288182e+02 -4.3388e+00 -5.8410e+00 -5.7732e+00 +8.3190e+00 -9.9511e+00
42 +3.962692589e+00 +3.962692589e+00 +6.599526926e+02 +6.599526926e+02 +1.0373e+00 -6.3601e+00 -6.7953e+00 +6.3984e+00 -1.6283e+01
59 +1.569935379e+00 +1.569935379e+00 +6.575599354e+02 +6.575599354e+02 +3.4301e+00 -5.6751e+00 -1.4234e+01 +6.9081e+00 -2.1533e+01
61 +0.000000000e+00 +0.000000000e+00 +6.559900000e+02 +6.559900000e+02 +5.5714e+00 -9.6825e+00 -1.0716e+01 +1.2680e+01 -2.2153e+01
% function evaluation | noise-free fitness - Fopt (6.559900000000e+02) | best noise-free fitness - Fopt | measured fitness | best measured fitness | x1 | x2...
1 +6.792265753e+01 +6.792265753e+01 +7.239126575e+02 +7.239126575e+02 +1.8660e+00 +1.3510e+00 +9.1178e-01 +2.7481e+00 -2.7863e+00
2 +3.546975175e+01 +3.546975175e+01 +6.914597517e+02 +6.914597517e+02 +1.7776e+00 +3.0985e+00 -3.9772e+00 +4.2519e+00 -3.9595e+00
12 +2.274154316e+01 +2.274154316e+01 +6.787315432e+02 +6.787315432e+02 +3.9857e+00 +1.8243e-01 -1.0436e+00 +6.0846e+00 -6.0649e+00
31 +1.195175361e+01 +1.195175361e+01 +6.679417536e+02 +6.679417536e+02 +7.3742e+00 +8.2872e-01 -4.4983e+00 +7.6240e+00 -1.1785e+01
33 +4.967064434e+00 +4.967064434e+00 +6.609570644e+02 +6.609570644e+02 +9.7063e+00 -4.9088e+00 -3.4805e+00 +7.4485e+00 -7.8920e+00
42 +0.000000000e+00 +0.000000000e+00 +6.559900000e+02 +6.559900000e+02 +1.1828e+01 -5.6438e+00 -5.3032e+00 +6.3667e+00 -1.2947e+01
% function evaluation | noise-free fitness - Fopt (6.671000000000e+01) | best noise-free fitness - Fopt | measured fitness | best measured fitness | x1 | x2...
1 +1.076271303e+02 +1.076271303e+02 +1.743371303e+02 +1.743371303e+02 +3.1678e-01 -1.5481e-01 +2.0931e+00 +3.1520e+00 +1.0872e+00
3 +9.915583128e+01 +9.915583128e+01 +1.658658313e+02 +1.658658313e+02 +1.0748e+00 +4.4514e+00 +2.1939e+00 +3.9109e+00 -2.5995e-01
21 +4.725233722e+01 +4.725233722e+01 +1.139623372e+02 +1.139623372e+02 -8.6945e+00 -1.7481e+00 -4.8718e-01 +1.6331e-01 -6.0224e+00
26 +3.903655101e+01 +3.903655101e+01 +1.057465510e+02 +1.057465510e+02 -1.1834e+01 -8.6419e-01 -4.3583e+00 -2.7309e-01 -1.1495e+01
42 +1.740359701e+01 +1.740359701e+01 +8.411359701e+01 +8.411359701e+01 -1.1888e+01 -3.2103e-01 -7.0869e+00 +3.3848e+00 -1.1052e+01
62 +1.518273786e+01 +1.518273786e+01 +8.189273786e+01 +8.189273786e+01 -1.2850e+01 -8.5537e+00 -1.9880e-01 +1.2725e+01 -7.6647e+00
70 +7.683150533e+00 +7.683150533e+00 +7.439315053e+01 +7.439315053e+01 -2.0703e+01 -1.8867e+00 -4.3211e+00 +1.5491e+01 -1.2308e+01
77 +1.990652491e+00 +1.990652491e+00 +6.870065249e+01 +6.870065249e+01 -2.5985e+01 -5.8467e+00 -4.3705e+00 +8.2425e+00 -8.8086e+00
79 +6.760087702e-01 +6.760087702e-01 +6.738600877e+01 +6.738600877e+01 -2.7257e+01 -4.6199e+00 -5.8143e+00 +1.8306e+01 -2.2172e+01
80 +1.421085472e-14 +1.421085472e-14 +6.671000000e+01 +6.671000000e+01 -1.5098e+01 -7.2104e+00 -1.0992e+01 +1.8031e+01 -1.5750e+01
% function evaluation | noise-free fitness - Fopt (6.671000000000e+01) | best noise-free fitness - Fopt | measured fitness | best measured fitness | x1 | x2...
1 +1.000141984e+02 +1.000141984e+02 +1.667241984e+02 +1.667241984e+02 +7.7351e-01 -2.0799e+00 -2.2148e+00 -3.9627e+00 -2.0161e+00
2 +9.921595904e+01 +9.921595904e+01 +1.659259590e+02 +1.659259590e+02 +9.4866e-01 -4.8288e+00 -2.6130e+00 -2.7752e+00 -8.3086e-01
17 +4.785128638e+01 +4.785128638e+01 +1.145612864e+02 +1.145612864e+02 +3.4295e+00 -3.3805e+00 -9.2576e-01 +7.9297e-01 -5.8472e+00
28 +2.489155898e+01 +2.489155898e+01 +9.160155898e+01 +9.160155898e+01 -4.7074e-02 -1.9079e+00 -4.4899e+00 +2.7190e+00 -1.1015e+01
34 +7.062958278e+00 +7.062958278e+00 +7.377295828e+01 +7.377295828e+01 +7.5112e-01 -4.2623e+00 -6.0601e+00 +6.6935e+00 -1.3746e+01
47 +5.050318073e+00 +5.050318073e+00 +7.176031807e+01 +7.176031807e+01 +5.0318e-02 -8.8617e+00 -1.0655e+01 +1.1650e+01 -1.3579e+01
61 +3.578481750e+00 +3.578481750e+00 +7.028848175e+01 +7.028848175e+01 -1.4215e+00 -1.7083e+01 -1.0455e+01 +8.8609e+00 -2.0976e+01
65 +1.421085472e-14 +1.421085472e-14 +6.671000000e+01 +6.671000000e+01 -1.1319e+01 -2.0148e+01 -2.0652e+01 +1.4950e+01 -1.3952e+01
% function evaluation | noise-free fitness - Fopt (6.671000000000e+01) | best noise-free fitness - Fopt | measured fitness | best measured fitness | x1 | x2...
1 +1.386597360e+02 +1.386597360e+02 +2.053697360e+02 +2.053697360e+02 -2.0710e+00 +3.9937e+00 +3.8349e+00 +6.4144e-01 +1.7289e+00
10 +9.919021235e+01 +9.919021235e+01 +1.659002123e+02 +1.659002123e+02 -1.9730e+00 +7.9521e-01 +5.2425e+00 +2.7974e-01 -2.3076e+00
26 +6.282154352e+01 +6.282154352e+01 +1.295315435e+02 +1.295315435e+02 +7.3247e-01 +5.5503e+00 +4.7190e+00 +3.6496e+00 -5.3049e+00
39 +3.939361009e+01 +3.939361009e+01 +1.061036101e+02 +1.061036101e+02 +4.6861e-01 -4.0409e+00 +5.1887e+00 +7.4517e+00 -7.2936e+00
46 +2.418973972e+01 +2.418973972e+01 +9.089973972e+01 +9.089973972e+01 -3.4507e+00 -6.2830e+00 +1.7282e+00 +4.7575e+00 -1.5250e+01
64 +1.057983831e+01 +1.057983831e+01 +7.728983831e+01 +7.728983831e+01 +5.5798e+00 -7.3942e+00 -1.0122e+01 +8.2027e+00 -8.6575e+00
69 +5.116384471e+00 +5.116384471e+00 +7.182638447e+01 +7.182638447e+01 -1.9568e+00 -4.3985e+00 -1.6527e+01 +4.8216e+00 -6.1961e+00
86 +1.696246360e+00 +1.696246360e+00 +6.840624636e+01 +6.840624636e+01 -1.3240e+01 -3.6972e+01 -4.4636e+00 +1.4600e+01 -1.9867e+01
87 +1.421085472e-14 +1.421085472e-14 +6.671000000e+01 +6.671000000e+01 -8.0961e+00 -3.4250e+01 -1.2814e+01 +2.0032e+01 -1.8447e+01
% function evaluation | noise-free fitness - Fopt (9.416700000000e+02) | best noise-free fitness - Fopt | measured fitness | best measured fitness | x1 | x2...
1 +1.333743826e+02 +1.333743826e+02 +1.075044383e+03 +1.075044383e+03 -2.7412e+00 +2.3130e-01 +3.0022e+00 -3.2570e+00 +1.9063e+00
10 +9.805404827e+01 +9.805404827e+01 +1.039724048e+03 +1.039724048e+03 +1.1355e+00 -1.1363e+00 +1.7038e+00 -5.8280e-01 -6.7703e-01
26 +6.036147210e+01 +6.036147210e+01 +1.002031472e+03 +1.002031472e+03 -2.6280e+00 -1.0730e-02 +3.4047e+00 +5.9695e+00 -5.9278e-01
29 +3.471299666e+01 +3.471299666e+01 +9.763829967e+02 +9.763829967e+02 -7.0559e-01 -2.2759e+00 +2.7386e+00 +1.7238e+00 -5.3701e+00
35 +1.457183054e+01 +1.457183054e+01 +9.562418305e+02 +9.562418305e+02 +1.9133e+00 -6.9327e-01 +8.8074e+00 +5.7138e+00 -6.2597e+00
44 +9.589659621e+00 +9.589659621e+00 +9.512596596e+02 +9.512596596e+02 +2.2218e+00 -3.6685e+00 +7.8952e+00 +8.3755e+00 -6.8244e+00
60 +2.119953548e+00 +2.119953548e+00 +9.437899535e+02 +9.437899535e+02 -6.3771e+00 -3.8079e+00 +1.6328e+01 +2.1652e+01 -1.4569e+01
88 -1.136868377e-13 -1.136868377e-13 +9.416700000e+02 +9.416700000e+02 -9.7070e+00 -1.6060e+01 +2.8773e+01 +3.4040e+01 -2.9336e+01
% function evaluation | noise-free fitness - Fopt (9.416700000000e+02) | best noise-free fitness - Fopt | measured fitness | best measured fitness | x1 | x2...
1 +1.188308155e+02 +1.188308155e+02 +1.060500815e+03 +1.060500815e+03 -1.9347e+00 +3.2182e-01 +3.3169e+00 -1.5985e+00 +1.3873e+00
6 +7.678711614e+01 +7.678711614e+01 +1.018457116e+03 +1.018457116e+03 -2.5040e+00 -2.9634e-01 +4.4956e+00 -1.4636e+00 -2.2016e+00
15 +5.554598053e+01 +5.554598053e+01 +9.972159805e+02 +9.972159805e+02 -2.6972e+00 -6.3759e-03 +2.6104e+00 +2.2673e-01 -4.0035e+00
21 +3.963097547e+01 +3.963097547e+01 +9.813009755e+02 +9.813009755e+02 -1.5043e+00 -3.3391e-01 +1.5500e+00 +3.0886e+00 -4.3821e+00
31 +1.834722451e+01 +1.834722451e+01 +9.600172245e+02 +9.600172245e+02 +5.8913e-01 -4.5581e+00 +1.2140e+00 +7.8009e+00 -6.2315e+00
36 +4.522498952e+00 +4.522498952e+00 +9.461924990e+02 +9.461924990e+02 -4.7750e-01 -7.5532e+00 +6.9846e+00 +6.6322e+00 -1.1504e+01
63 +3.590917383e+00 +3.590917383e+00 +9.452609174e+02 +9.452609174e+02 -1.4091e+00 -8.7489e+00 +7.1388e+00 +6.5249e+00 -1.4541e+01
75 -1.136868377e-13 -1.136868377e-13 +9.416700000e+02 +9.416700000e+02 -5.0790e+00 -1.4014e+01 +7.3565e+00 +1.4166e+01 -2.0882e+01
% function evaluation | noise-free fitness - Fopt (9.416700000000e+02) | best noise-free fitness - Fopt | measured fitness | best measured fitness | x1 | x2...
1 +9.303860140e+01 +9.303860140e+01 +1.034708601e+03 +1.034708601e+03 +2.8914e+00 +1.3206e+00 +1.0408e-02 -1.4160e+00 -2.7951e+00
19 +5.870262622e+01 +5.870262622e+01 +1.000372626e+03 +1.000372626e+03 +2.0188e+00 +2.3203e+00 +1.8210e+00 -8.8242e-02 -6.4698e+00
29 +3.923777902e+01 +3.923777902e+01 +9.809077790e+02 +9.809077790e+02 +6.4835e+00 -2.7030e-01 +9.0702e-01 +3.8618e+00 -6.5363e+00
45 +2.212493483e+01 +2.212493483e+01 +9.637949348e+02 +9.637949348e+02 +5.9427e+00 -1.8633e+00 +3.2278e+00 +1.5171e+01 -7.0525e+00
53 +9.614510133e+00 +9.614510133e+00 +9.512845101e+02 +9.512845101e+02 +4.6145e+00 -6.2987e+00 +5.4767e+00 +7.2777e+00 -6.0290e+00
70 +2.893479599e+00 +2.893479599e+00 +9.445634796e+02 +9.445634796e+02 -2.1065e+00 -1.5212e+01 +7.7342e+00 +1.2443e+01 -1.2567e+01
75 -1.136868377e-13 -1.136868377e-13 +9.416700000e+02 +9.416700000e+02 -8.2540e+00 -7.4737e+00 +8.2939e+00 +8.1318e+00 -1.6736e+01
% function evaluation | noise-free fitness - Fopt (-3.745000000000e+01) | best noise-free fitness - Fopt | measured fitness | best measured fitness | x1 | x2...
1 +8.262491424e+01 +8.262491424e+01 +4.517491424e+01 +4.517491424e+01 +1.3871e+00 +8.2288e-02 +2.0663e+00 -2.4627e+00 -3.2785e-01
2 +5.660500158e+01 +5.660500158e+01 +1.915500158e+01 +1.915500158e+01 +1.5118e+00 -1.8267e-01 +5.1897e+00 -4.5669e+00 -8.5350e-01
13 +1.905799924e+01 +1.905799924e+01 -1.839200076e+01 -1.839200076e+01 +5.0669e+00 -2.4381e+00 +3.1561e+00 -8.3079e+00 -5.4095e+00
19 +8.529614412e+00 +8.529614412e+00 -2.892038559e+01 -2.892038559e+01 +4.8748e+00 +7.3222e-01 +4.7422e+00 -9.8095e+00 -6.0214e+00
31 +5.244836284e+00 +5.244836284e+00 -3.220516372e+01 -3.220516372e+01 +7.6730e+00 +2.2302e+00 +5.3751e+00 -4.9432e+00 -9.2489e+00
36 +2.372243605e+00 +2.372243605e+00 -3.507775640e+01 -3.507775640e+01 +6.5413e+00 +5.3500e+00 +4.2498e+00 -7.6226e+00 -7.2870e+00
39 +3.122876746e-01 +3.122876746e-01 -3.713771233e+01 -3.713771233e+01 +1.1578e+01 +4.8244e+00 +8.8653e+00 -1.2032e+01 -1.1020e+01
47 +0.000000000e+00 +0.000000000e+00 -3.745000000e+01 -3.745000000e+01 +1.3283e+01 +1.2239e+01 +8.3358e+00 -7.0717e+00 -1.2077e+01
% function evaluation | noise-free fitness - Fopt (-3.745000000000e+01) | best noise-free fitness - Fopt | measured fitness | best measured fitness | x1 | x2...
1 +8.446542399e+01 +8.446542399e+01 +4.701542399e+01 +4.701542399e+01 -3.3842e+00 +3.3297e+00 -2.5770e+00 -2.9407e+00 -1.2430e+00
2 +4.172826317e+01 +4.172826317e+01 +4.278263173e+00 +4.278263173e+00 -3.1958e+00 +1.3136e+00 -1.6053e-01 -3.6263e+00 -4.7067e+00
13 +3.231719693e+01 +3.231719693e+01 -5.132803069e+00 -5.132803069e+00 -7.6717e+00 +4.1062e+00 -7.0983e-01 -5.5503e+00 -6.7741e+00
28 +1.369440633e+01 +1.369440633e+01 -2.375559367e+01 -2.375559367e+01 -4.3719e+00 +7.3202e+00 +3.6331e+00 -5.6296e+00 -6.0913e+00
62 +6.203285430e+00 +6.203285430e+00 -3.124671457e+01 -3.124671457e+01 -1.2033e+00 +5.7797e+00 +6.3456e+00 -7.1659e+00 -1.0279e+01
79 +1.562737369e+00 +1.562737369e+00 -3.588726263e+01 -3.588726263e+01 +3.4373e+00 +8.8311e+00 +8.1238e+00 -8.3816e+00 -7.1930e+00
86 +0.000000000e+00 +0.000000000e+00 -3.745000000e+01 -3.745000000e+01 +1.1056e+01 +1.2836e+01 +1.0260e+01 -9.6888e+00 -1.1034e+01
% function evaluation | noise-free fitness - Fopt (-3.745000000000e+01) | best noise-free fitness - Fopt | measured fitness | best measured fitness | x1 | x2...
1 +9.441344535e+01 +9.441344535e+01 +5.696344535e+01 +5.696344535e+01 +6.7333e-01 -2.3520e+00 +3.7529e+00 +2.4311e+00 -1.8719e+00
13 +4.806298806e+01 +4.806298806e+01 +1.061298806e+01 +1.061298806e+01 -1.6435e+00 -1.2044e+00 +7.4705e+00 -9.5856e-02 -4.7192e+00
28 +3.567431283e+01 +3.567431283e+01 -1.775687167e+00 -1.775687167e+00 +6.2885e-02 -2.5922e+00 +1.1564e+01 -2.0140e+00 -4.9556e+00
38 +1.509759259e+01 +1.509759259e+01 -2.235240741e+01 -2.235240741e+01 -7.0674e+00 +3.2960e+00 +8.5939e+00 -5.6486e+00 -7.2744e+00
54 +9.246092963e+00 +9.246092963e+00 -2.820390704e+01 -2.820390704e+01 -4.2461e+00 +7.0356e+00 +1.1521e+01 -6.3600e+00 -9.2738e+00
66 +1.014335644e+00 +1.014335644e+00 -3.643566436e+01 -3.643566436e+01 +3.9857e+00 +1.2092e+01 +1.2599e+01 -1.1367e+01 -1.8250e+01
85 +0.000000000e+00 +0.000000000e+00 -3.745000000e+01 -3.745000000e+01 +5.9213e+00 +1.2085e+01 +1.2418e+01 -5.5988e+00 -1.0267e+01
