% function evaluation | noise-free fitness - Fopt (-9.210000000000e+00) | best noise-free fitness - Fopt | measured fitness | best measured fitness | x1 | x2...
1 +3.675951319e+02 +3.675951319e+02 +3.583851319e+02 +3.583851319e+02 +3.3241e+00 -2.2663e+00 -3.8849e+00 +3.9809e+00 +3.8378e+00 +2.0465e+00 +2.8464e+00 -3.3344e-01 -1.9872e+00 -7.7627e-01 +3.1885e+00 -1.6922e+00 +1.5023e+00 +1.7426e+00 -1.4494e-01 -5.9344e-01 -1.6905e+00 +3.8023e+00 +3.5859e+00 +2.9113e+00
26 +2.451803431e+02 +2.451803431e+02 +2.359703431e+02 +2.359703431e+02 +7.2696e+00 -4.3435e+00 -2.7360e+00 +6.4935e+00 +1.2035e+00 +1.4334e+00 +4.7824e+00 +2.2805e+00 +6.9849e-01 -4.7776e+00 +4.5022e+00 -2.3887e+00 +2.0002e+00 +4.3305e+00 +2.7036e-02 -1.2007e+00 +1.3806e+00 +7.3006e+00 +1.2612e+00 +5.2820e+00
72 +1.577095816e+02 +1.577095816e+02 +1.484995816e+02 +1.484995816e+02 +6.7143e+00 -8.2942e+00 +1.6505e+00 +7.5018e+00 -1.7992e+00 -2.6273e+00 +7.4577e+00 +7.4192e-01 +1.0936e+00 -2.4085e+00 -1.1132e+00 -5.1245e+00 +4.9071e+00 +4.6447e+00 -3.0624e+00 -1.7994e+00 +3.2605e+00 +8.8242e+00 -1.1903e+00 +7.1843e+00
80 +8.262822706e+01 +8.262822706e+01 +7.341822706e+01 +7.341822706e+01 +7.1908e+00 -6.4999e+00 +1.9273e+00 +7.0408e+00 -3.5528e-01 -3.3075e+00 +8.6032e+00 +2.6225e+00 +3.2695e+00 -5.7607e+00 -2.5212e+00 -6.3081e+00 +3.8355e+00 +2.7346e+00 -4.8491e+00 -3.7400e+00 +5.0571e+00 +7.8478e+00 -5.4898e+00 +5.6231e+00
105 +5.998914938e+01 +5.998914938e+01 +5.077914938e+01 +5.077914938e+01 +1.3216e+01 -6.2301e+00 +2.6339e+00 +1.0230e+01 -1.6082e+00 -2.1517e+00 +6.3445e+00 +1.0062e+00 +4.9381e+00 -7.6127e+00 -4.8139e+00 -9.0763e+00 +7.0685e+00 +6.2824e+00 -4.6993e+00 -7.4608e+00 +2.9972e+00 +6.1419e+00 -6.9781e+00 +1.0370e+01
113 +3.537627612e+01 +3.537627612e+01 +2.616627612e+01 +2.616627612e+01 +1.5396e+01 -9.7896e+00 +7.3799e+00 +1.0567e+01 -4.1440e+00 +4.5152e+00 +7.9257e+00 +4.8705e+00 -1.0058e+00 -8.7347e+00 -1.2033e+01 -7.4573e+00 +8.8230e+00 +4.9452e+00 -7.1691e+00 -8.2400e+00 +8.8653e+00 +7.3841e+00 -1.0688e+01 +1.3472e+01
136 +1.312862419e+01 +1.312862419e+01 +3.918624186e+00 +3.918624186e+00 +1.5904e+01 -1.2549e+00 +6.7215e+00 +1.2617e+01 -2.3216e+00 +4.0623e+00 +5.3314e+00 +1.1184e+01 +6.3337e+00 -5.4140e+00 -5.0732e+00 -1.0048e+01 +5.9827e+00 +1.2863e+01 -6.2406e+00 -7.5637e+00 +9.5790e+00 +1.3235e+01 -7.4514e+00 +9.5235e+00
175 +3.819681290e+00 +3.819681290e+00 -5.390318710e+00 -5.390318710e+00 +3.1089e+01 +3.4985e+00 +6.5260e+00 +1.4464e+01 -1.2348e+01 +3.8408e+00 +8.9106e+00 +9.1539e+00 +7.3991e+00 -1.3881e+01 -5.6193e+00 -7.6097e+00 +5.3963e+00 +8.6931e+00 -8.1263e+00 -1.0820e+01 +1.0160e+01 +1.6004e+01 -9.7837e+00 +1.3055e+01
231 +2.131628207e-14 +2.131628207e-14 -9.210000000e+00 -9.210000000e+00 +3.9129e+01 +1.4564e+01 +5.7787e+00 +7.2512e+00 -1.0785e+01 +1.0209e+01 +8.6483e+00 +8.8889e+00 +1.5774e+01 -1.9607e+01 -1.1444e+01 -1.0316e+01 +1.0992e+01 +1.1857e+01 -2.2547e+01 -8.3717e+00 +2.0113e+01 +1.7682e+01 -2.6082e+01 +7.3745e+00
% function evaluation | noise-free fitness - Fopt (-9.210000000000e+00) | best noise-free fitness - Fopt | measured fitness | best measured fitness | x1 | x2...
1 +3.446716820e+02 +3.446716820e+02 +3.354616820e+02 +3.354616820e+02 +3.4970e+00 +2.4233e+00 -1.5407e+00 +3.4515e+00 -1.2865e+00 +3.6034e+00 +2.1078e+00 +2.4388e+00 +2.5567e+00 -2.7078e-01 +5.9582e-01 +3.0967e+00 -1.5955e+00 +7.8194e-02 +1.7478e+00 -8.1111e-01 +2.2801e-01 +1.3570e+00 -5.8431e-01 +2.6401e+00
7 +2.499014396e+02 +2.499014396e+02 +2.406914396e+02 +2.406914396e+02 +3.7991e+00 +2.6484e+00 +1.3279e+00 -2.3346e-01 -8.5151e-01 +1.4221e+00 +2.8780e+00 +5.9588e+00 +3.2412e+00 -1.5287e+00 +3.5066e-01 +2.0435e+00 +1.5992e+00 +4.3870e+00 +1.5780e+00 +3.3186e+00 +1.6069e+00 +1.4281e+00 -5.1088e+00 +4.9767e+00
45 +1.506590435e+02 +1.506590435e+02 +1.414490435e+02 +1.414490435e+02 +4.9341e+00 +3.9981e+00 +3.7393e-01 +3.5296e+00 -7.5289e-01 +4.6907e+00 +4.1440e+00 +5.9012e+00 +4.5565e+00 -2.5454e+00 -2.6158e+00 +9.0576e-01 +1.8682e+00 +3.8203e+00 -1.8700e+00 +1.8275e+00 +4.8115e+00 +3.2427e+00 -7.9822e+00 +8.7509e+00
72 +9.708961198e+01 +9.708961198e+01 +8.787961198e+01 +8.787961198e+01 +3.2905e+00 +2.3547e+00 -7.6004e-01 +4.1877e+00 -8.4555e-01 +6.4934e+00 +5.1629e+00 +6.0866e+00 +8.4491e-01 -2.6591e+00 -4.5680e+00 -1.6090e+00 +6.9984e+00 +5.7341e+00 -3.7669e+00 +8.7984e-01 +4.8492e+00 +4.8831e+00 -6.9136e+00 +5.0995e+00
121 +5.908759259e+01 +5.908759259e+01 +4.987759259e+01 +4.987759259e+01 +5.5105e+00 +3.1758e+00 +2.4932e-01 +3.0972e+00 -8.9955e-01 +9.2258e+00 +9.0302e+00 +4.8294e+00 +5.0695e+00 -7.3927e+00 -6.8710e+00 -2.3990e+00 +4.7821e+00 +6.1433e+00 -3.0693e+00 -2.4570e+00 +4.3974e+00 +7.6547e+00 -5.4704e+00 +1.1291e+01
130 +3.850534601e+01 +3.850534601e+01 +2.929534601e+01 +2.929534601e+01 +7.1640e+00 +4.8406e+00 +3.4973e+00 +2.3459e+00 -1.6316e+00 +1.5937e+01 +7.5366e+00 +4.2872e+00 +4.1071e+00 -1.0492e+01 -1.1138e+01 -8.2769e+00 +7.6540e+00 +8.7738e+00 -4.1554e+00 -4.9853e+00 +2.9998e+00 +1.5149e+01 -4.4921e+00 +1.5650e+01
145 +1.939981824e+01 +1.939981824e+01 +1.018981824e+01 +1.018981824e+01 +7.2160e+00 +2.6896e+00 +9.7508e+00 +1.0439e+01 -2.7457e+00 +9.8988e+00 +9.6295e+00 +6.1078e+00 +1.2590e+00 -1.0901e+01 -5.2466e+00 -6.8842e+00 +6.5628e+00 +1.1997e+01 -8.7954e+00 -4.4694e+00 +7.8013e+00 +1.2052e+01 -5.7989e+00 +1.1930e+01
146 +5.420856543e+00 +5.420856543e+00 -3.789143457e+00 -3.789143457e+00 +1.1035e+01 +3.7984e+00 +4.6917e+00 +4.0786e+00 -6.0462e+00 +1.2159e+01 +6.0801e+00 +7.8646e+00 +4.9809e+00 -5.4653e+00 -4.4803e+00 -7.3983e+00 +6.8926e+00 +1.1552e+01 -5.8012e+00 -4.9107e+00 +7.2744e+00 +1.3404e+01 -1.1110e+01 +1.3184e+01
188 +3.370308879e+00 +3.370308879e+00 -5.839691121e+00 -5.839691121e+00 +5.0162e+00 +6.4856e+00 +7.2243e+00 +6.1126e+00 -6.7890e+00 +1.2364e+01 +8.0255e+00 +7.2284e+00 +9.0462e+00 -9.4849e+00 -8.2988e+00 -1.1668e+01 +8.8732e+00 +1.4707e+01 -6.7687e+00 -4.4527e+00 +8.3038e+00 +1.0345e+01 -1.4486e+01 +1.4134e+01
205 +2.283776850e+00 +2.283776850e+00 -6.926223150e+00 -6.926223150e+00 +3.4596e+00 +1.0709e+01 +5.8292e+00 +1.2760e+01 -1.0905e+01 +2.2952e+01 +1.2187e+01 +4.9762e+00 +1.2607e+01 -1.4940e+01 -8.0546e+00 -1.0202e+01 +1.0134e+01 +2.0430e+01 -4.8739e+00 -7.1229e+00 +1.1187e+01 +1.0573e+01 -9.9165e+00 +1.2771e+01
213 +2.131628207e-14 +2.131628207e-14 -9.210000000e+00 -9.210000000e+00 +9.6979e+00 +5.2219e+00 +1.1299e+01 +1.1198e+01 -9.3805e+00 +1.8874e+01 +8.4445e+00 +5.3389e+00 +7.8441e+00 -1.3178e+01 -1.8727e+01 -1.3260e+01 +8.3115e+00 +2.5252e+01 -1.0978e+01 -6.8020e+00 +9.8463e+00 +1.6311e+01 -1.2314e+01 +1.1691e+01
% function evaluation | noise-free fitness - Fopt (-9.210000000000e+00) | best noise-free fitness - Fopt | measured fitness | best measured fitness | x1 | x2...
1 +3.372904130e+02 +3.372904130e+02 +3.280804130e+02 +3.280804130e+02 +2.7087e+00 +1.0206e+00 +3.9293e-01 -5.5889e-01 -3.8842e-01 +3.7090e+00 -2.6788e+00 +1.7827e+00 +2.6488e+00 -2.4955e+00 -3.9836e+00 +1.7467e+00 -1.7048e+00 +1.6802e+00 -3.9322e+00 -1.9909e+00 -3.7344e+00 +2.5529e+00 +4.4127e-01 +6.5073e-01
17 +2.340110748e+02 +2.340110748e+02 +2.248010748e+02 +2.248010748e+02 +1.4298e+00 +6.5491e+00 -2.6165e+00 -2.7387e-01 +7.1869e-01 +2.9638e+00 -3.9566e+00 +4.1931e+00 +4.8019e+00 -5.3405e+00 -9.0630e+00 -9.9892e-01 +1.8550e+00 +1.2796e+00 -4.0241e+00 -3.2135e+00 -1.9380e+00 +6.2331e+00 -1.9286e+00 +9.1959e-01
44 +1.474854124e+02 +1.474854124e+02 +1.382754124e+02 +1.382754124e+02 +2.9170e+00 +7.0428e+00 +7.3377e-01 +6.7080e-01 +3.4756e+00 +4.3113e+00 -1.7981e+00 +3.8377e+00 +3.5339e+00 -5.3115e+00 -5.0678e+00 +1.6184e-01 +3.1342e+00 +7.9818e-01 -7.8690e+00 -4.8288e+00 +3.8610e-02 +6.1512e+00 -3.3774e+00 +4.9725e+00
65 +7.652442182e+01 +7.652442182e+01 +6.731442182e+01 +6.731442182e+01 +4.8651e+00 +6.1278e+00 +2.9736e+00 +4.2619e+00 +2.1271e+00 +5.7982e+00 -3.2807e+00 +3.6820e+00 +7.0363e+00 -4.9634e+00 -6.8664e+00 -4.9596e+00 +3.2520e+00 +3.8096e+00 -6.4184e+00 -3.1838e+00 +2.7952e+00 +4.8791e+00 -8.4006e+00 +6.7927e+00
99 +6.209004721e+01 +6.209004721e+01 +5.288004721e+01 +5.288004721e+01 +5.4926e+00 +1.2908e+00 -1.0256e-02 +3.8737e+00 -2.9849e+00 +1.0315e+01 -3.3471e+00 +3.3940e+00 +2.8344e+00 -1.2023e+01 -1.0398e+01 -4.3839e+00 +5.6601e+00 +1.0446e+01 -8.7057e+00 -5.1850e+00 +3.7405e+00 +3.8785e+00 -1.2011e+01 +5.3082e+00
115 +3.726730115e+01 +3.726730115e+01 +2.805730115e+01 +2.805730115e+01 +3.6997e+00 +7.3900e+00 +1.7722e+00 +8.2343e+00 -2.2694e+00 +6.9126e+00 -4.7938e+00 +2.4402e+00 +9.6743e+00 -8.7419e+00 -1.0577e+01 -1.0265e+01 +8.5678e+00 +5.7995e+00 -9.0228e+00 -9.9195e+00 +6.1555e+00 +4.8501e+00 -9.6327e+00 +1.0081e+01
149 +2.191228898e+01 +2.191228898e+01 +1.270228898e+01 +1.270228898e+01 +1.1948e+01 +6.8464e+00 +3.7872e+00 +7.9990e+00 -2.8551e+00 +7.2855e+00 +1.0832e+00 +5.7771e+00 +1.3154e+01 -6.8024e+00 -8.5033e+00 -1.0628e+01 +5.4628e+00 +1.1852e+01 -3.3907e+00 -7.9807e+00 +9.1803e+00 +7.4293e+00 -1.5169e+01 +1.2869e+01
154 +1.385672303e+01 +1.385672303e+01 +4.646723035e+00 +4.646723035e+00 +4.3800e+00 +1.2114e+01 +6.3002e+00 +9.6960e+00 +2.2839e+00 +1.1108e+01 +4.3189e+00 +9.1158e+00 +1.0741e+01 -1.2134e+01 -1.3582e+01 -7.9092e+00 +8.3383e+00 +1.1761e+01 -7.8351e+00 -1.3646e+01 +1.4176e+01 +7.8994e+00 -1.2048e+01 +9.7727e+00
195 +8.331016638e+00 +8.331016638e+00 -8.789833621e-01 -8.789833621e-01 +1.2356e+01 +8.2738e+00 +9.7330e+00 +1.1625e+01 -2.4519e-01 +1.0036e+01 +4.7051e+00 +1.0499e+01 +1.1937e+01 -1.9228e+01 -1.1050e+01 -6.4032e+00 +1.1445e+01 +9.7062e+00 -8.8356e+00 -1.5341e+01 +8.9130e+00 +1.0730e+01 -2.2339e+01 +1.1756e+01
199 +1.815245664e+00 +1.815245664e+00 -7.394754336e+00 -7.394754336e+00 +6.5644e+00 +8.3917e+00 +7.0473e+00 +1.0955e+01 -9.1220e+00 +1.2126e+01 +8.5836e+00 +1.0951e+01 +1.2589e+01 -1.1491e+01 -1.8412e+01 -4.5214e+00 +1.2406e+01 +1.1908e+01 -1.8099e+01 -8.9375e+00 +1.1667e+01 +1.1590e+01 -1.9170e+01 +1.2531e+01
210 +1.186251921e+00 +1.186251921e+00 -8.023748079e+00 -8.023748079e+00 +1.0521e+01 +8.6763e+00 +8.3183e+00 +1.6305e+01 -4.2694e+00 +1.0596e+01 +5.7096e+00 +1.5827e+01 +1.0446e+01 -1.0489e+01 -9.6739e+00 -1.1129e+01 +1.6661e+01 +1.6037e+01 -6.3836e+00 -1.1642e+01 +5.4864e+00 +9.7280e+00 -2.1124e+01 +8.7063e+00
214 +5.816589584e-01 +5.816589584e-01 -8.628341042e+00 -8.628341042e+00 +1.1171e+01 +4.4847e+00 +5.1073e+00 +5.8231e+00 -6.4174e+00 +7.2297e+00 +9.9388e+00 +1.0513e+01 +9.8467e+00 -1.8810e+01 -1.7281e+01 -9.7326e+00 +1.9818e+01 +5.1141e+00 -1.2226e+01 -1.7074e+01 +1.3571e+01 +6.6271e+00 -1.7066e+01 +1.4832e+01
232 +2.131628207e-14 +2.131628207e-14 -9.210000000e+00 -9.210000000e+00 +5.2089e+00 +8.9161e+00 +1.0948e+01 +5.3659e+00 -9.3399e+00 +1.3120e+01 +1.1707e+01 +1.1318e+01 +1.3153e+01 -1.6332e+01 -1.9248e+01 -6.1657e+00 +2.1465e+01 +2.0300e+01 -7.3536e+00 -1.6665e+01 +2.3867e+01 +1.0073e+01 -2.2603e+01 +1.5091e+01
% function evaluation | noise-free fitness - Fopt (6.559900000000e+02) | best noise-free fitness - Fopt | measured fitness | best measured fitness | x1 | x2...
1 +4.009397366e+02 +4.009397366e+02 +1.056929737e+03 +1.056929737e+03 +1.4381e-01 -3.6572e+00 -2.3621e+00 +1.0656e-01 -7.4361e-01 -3.3464e+00 -8.3491e-01 +2.4101e+00 -9.0748e-01 +7.0630e-01 -3.1439e+00 -2.9646e+00 +6.1899e-01 -3.0541e+00 -9.9688e-01 -1.7914e+00 +3.7345e+00 -3.8967e+00 +2.5488e+00 -3.0418e+00
2 +3.766240085e+02 +3.766240085e+02 +1.032614009e+03 +1.032614009e+03 -5.3876e-01 -3.6286e+00 -2.7798e+00 -1.8429e+00 -3.7985e+00 -7.7708e+00 -4.4380e+00 +1.9778e+00 -3.3387e+00 -1.7441e-01 -5.0521e+00 -4.3634e+00 +1.0236e+00 -3.8879e+00 -6.8095e-01 -1.9932e+00 +2.4331e+00 -3.5453e+00 +5.6376e-01 -9.8139e-01
28 +2.420202494e+02 +2.420202494e+02 +8.980102494e+02 +8.980102494e+02 +7.3053e-01 -6.7732e+00 +1.3760e+00 +1.3036e+00 +9.4443e-01 -4.5531e+00 -1.7434e+00 +4.9686e+00 +3.8416e+00 -1.4801e-01 -6.3525e+00 +3.5085e-01 +2.5066e+00 -8.9403e+00 -1.4996e+00 +1.4360e+00 -2.4495e+00 -8.2694e+00 +5.1723e+00 +2.2316e+00
65 +1.549543032e+02 +1.549543032e+02 +8.109443032e+02 +8.109443032e+02 +2.6295e+00 -8.6590e+00 -4.4514e+00 +6.9928e-01 +2.3822e+00 -2.7629e+00 -3.1118e-01 +4.1289e+00 +8.4553e-01 -2.6489e-01 -2.7463e+00 +5.6703e+00 +1.1559e+00 -7.6177e+00 +1.7486e+00 +3.2667e+00 -7.5864e+00 -6.8972e+00 +9.5686e+00 +3.2528e+00
79 +9.633554907e+01 +9.633554907e+01 +7.523255491e+02 +7.523255491e+02 +4.0476e+00 -8.1651e+00 -6.2766e-01 +2.3033e+00 +1.4796e+00 -3.3308e+00 -4.0254e-01 +5.2985e+00 +1.6235e+00 -3.5736e+00 -3.3649e+00 +6.4674e+00 +5.0252e+00 -6.6048e+00 +2.8716e+00 +7.5623e+00 -4.7967e+00 -5.0227e+00 +8.6711e+00 +5.2738e+00
112 +5.756137283e+01 +5.756137283e+01 +7.135513728e+02 +7.135513728e+02 +1.4029e+00 -7.1712e+00 -6.0867e+00 +4.9168e+00 -2.2920e+00 -6.7278e+00 +2.2719e+00 +9.9379e+00 -1.6438e+00 -3.7241e+00 +2.6626e+00 +1.4816e+01 +6.3071e+00 -7.8931e+00 +2.4520e+00 +1.3105e+01 -8.0387e+00 -5.5751e+00 +1.0506e+01 +7.9274e+00
152 +3.927815059e+01 +3.927815059e+01 +6.952681506e+02 +6.952681506e+02 +9.1715e+00 -8.1972e+00 -4.8480e+00 +9.6254e+00 -2.4466e+00 -1.0343e+01 +5.8900e+00 +1.9507e+01 -4.2758e+00 -8.7063e+00 +1.8761e+00 +1.2560e+01 +8.8579e+00 -1.0729e+01 +8.8188e+00 +1.7730e+01 -7.0220e+00 -1.2180e+01 +9.4493e+00 +6.5099e+00
180 +2.510132334e+01 +2.510132334e+01 +6.810913233e+02 +6.810913233e+02 +1.1488e+01 -9.7556e+00 +1.4852e+00 +1.3208e+01 -1.3742e+01 -1.1585e+01 +1.6604e+00 +1.4818e+01 -3.8409e+00 -1.1169e+01 +5.2800e+00 +1.2623e+01 +7.9745e+00 -6.4273e+00 +8.8995e+00 +8.7385e+00 -7.4724e+00 -1.4716e+01 +1.1252e+01 +9.8494e+00
196 +1.387043921e+01 +1.387043921e+01 +6.698604392e+02 +6.698604392e+02 +6.5504e+00 -1.2730e+01 -4.8377e+00 +1.3564e+01 -8.9046e+00 -1.4459e+01 -3.4272e+00 +1.7511e+01 -9.9219e+00 -1.6723e+01 +1.9018e+00 +1.6312e+01 +6.3008e+00 -5.8265e+00 +9.5143e+00 +1.7555e+01 -1.1285e+01 -1.6201e+01 +1.2742e+01 +1.6869e+01
205 +7.130041073e+00 +7.130041073e+00 +6.631200411e+02 +6.631200411e+02 +1.2754e+01 -6.5285e+00 -1.4966e+01 +6.8832e+00 -1.8014e+00 -1.7082e+01 -5.5387e+00 +1.8226e+01 -8.0648e+00 -1.7394e+01 +4.4237e+00 +1.5801e+01 +9.8182e+00 -5.0490e+00 +1.4105e+01 +1.2211e+01 -2.0210e+01 -2.3784e+01 +1.3632e+01 +3.0353e+01
219 +7.765604683e-01 +7.765604683e-01 +6.567665605e+02 +6.567665605e+02 +9.8064e+00 -6.9799e+00 -1.6452e+01 +1.3766e+01 -4.5218e+00 -1.5764e+01 -1.1077e+01 +2.1183e+01 -2.4306e+01 -2.1232e+01 +1.8447e+01 +2.1426e+01 +1.3510e+01 -1.2425e+01 +1.2453e+01 +2.2442e+01 -1.6828e+01 -3.1959e+01 +2.9295e+01 +2.5818e+01
235 +1.136868377e-13 +1.136868377e-13 +6.559900000e+02 +6.559900000e+02 +1.2950e+01 -5.9083e+00 -1.4090e+01 +2.3921e+01 -2.0299e+01 -2.1967e+01 -7.7398e+00 +2.1988e+01 -2.1776e+01 -1.0587e+01 +1.1601e+01 +2.1304e+01 +1.0661e+01 -1.1824e+01 +2.0342e+01 +1.5543e+01 -1.4844e+01 -2.9905e+01 +2.1696e+01 +2.4342e+01
% function evaluation | noise-free fitness - Fopt (6.559900000000e+02) | best noise-free fitness - Fopt | measured fitness | best measured fitness | x1 | x2...
1 +3.567626795e+02 +3.567626795e+02 +1.012752680e+03 +1.012752680e+03 -3.6870e+00 +2.9606e+00 +3.7285e+00 +1.1970e+00 +1.2781e+00 +3.1027e+00 -1.6316e+00 +2.2306e+00 -3.0870e+00 +2.7588e+00 +1.0289e+00 -3.7936e+00 +1.2160e+00 -6.1675e-01 +7.3191e-01 -2.8766e+00 +1.2866e+00 -3.5584e+00 +2.9108e+00 +2.3520e+00
43 +2.218237668e+02 +2.218237668e+02 +8.778137668e+02 +8.778137668e+02 -2.6382e+00 +6.5588e-01 +1.2720e+00 +1.6136e+00 +1.4454e+00 -2.1503e+00 +7.9523e-01 +5.1067e+00 -7.7230e+00 -4.7608e-01 -1.0880e-01 -3.9600e+00 +2.8690e+00 -3.2467e+00 +1.6467e+00 -1.0832e+00 -1.6297e+00 -8.3850e+00 +6.5829e+00 +4.4140e+00
88 +1.169994491e+02 +1.169994491e+02 +7.729894491e+02 +7.729894491e+02 -1.1112e-01 -2.4382e+00 +1.8780e+00 +3.5769e+00 -3.7623e+00 -5.9872e+00 +1.5876e+00 +3.3864e+00 -6.6566e+00 +2.2678e-01 +3.5136e+00 -7.9988e-01 +3.7469e+00 -4.3836e+00 +6.4544e+00 +2.0904e+00 -7.2219e+00 -3.9250e+00 +4.8275e+00 +7.4962e+00
113 +9.648583399e+01 +9.648583399e+01 +7.524758340e+02 +7.524758340e+02 +1.8249e+00 -1.9987e+00 -1.2535e+00 +1.4185e+00 -4.1987e+00 -1.8788e+00 +5.0817e+00 +6.7353e+00 -9.4610e+00 -7.3829e+00 +4.3224e+00 +3.4218e+00 +4.9531e+00 -6.7404e+00 +3.4517e+00 +2.2025e+00 -5.1887e+00 -2.7094e+00 +1.0822e+01 +8.6211e+00
130 +6.168710378e+01 +6.168710378e+01 +7.176771038e+02 +7.176771038e+02 +6.9814e-01 -3.7547e+00 -3.0599e+00 +6.6105e+00 -2.8992e-01 -3.3173e+00 +1.0053e+01 +4.9588e+00 -6.0417e+00 -3.0741e+00 +8.7231e+00 +3.4706e+00 +9.2233e+00 -9.7690e+00 +9.2867e+00 +1.0830e+01 -1.0228e+01 -8.5274e+00 +9.0226e+00 +9.1708e+00
171 +3.360043023e+01 +3.360043023e+01 +6.895904302e+02 +6.895904302e+02 +4.6192e+00 +1.9077e+00 -3.2624e+00 +5.3285e+00 -3.1545e+00 -1.0824e+01 +8.6201e-01 +8.2273e+00 -1.0880e+01 -1.2317e+01 +1.0788e+01 +2.8691e+00 +1.2077e+01 -9.6612e+00 +1.2083e+01 +1.0692e+01 -7.5609e+00 -1.1835e+01 +6.5392e+00 +1.3300e+01
175 +2.344900552e+01 +2.344900552e+01 +6.794390055e+02 +6.794390055e+02 +9.1098e+00 -3.2772e+00 +3.5759e-02 +7.8092e+00 -4.1736e+00 -8.8030e+00 -5.0922e-01 +8.7787e+00 -1.2871e+01 -4.2378e+00 +7.2878e+00 +4.4239e+00 +1.3084e+01 -1.2562e+01 +8.9878e+00 +6.6846e+00 -1.1538e+01 -1.6772e+01 +6.8468e+00 +6.5699e+00
192 +1.526981232e+01 +1.526981232e+01 +6.712598123e+02 +6.712598123e+02 +4.4300e+00 -4.9285e+00 -1.0714e+00 +7.3222e+00 -1.5206e+00 -1.3758e+01 -5.4198e+00 +3.3033e+00 -1.3334e+01 -1.2064e+01 +7.0498e+00 +5.7657e+00 +1.5586e+01 -1.5525e+01 +1.3213e+01 +8.5123e+00 -1.1694e+01 -1.0824e+01 +8.3764e+00 +1.4325e+01
212 +9.502216162e+00 +9.502216162e+00 +6.654922162e+02 +6.654922162e+02 +1.0252e+00 -5.8397e+00 -2.5900e+00 +6.2170e+00 -3.5302e+00 -1.4467e+01 -4.9663e+00 +5.8370e+00 -1.0829e+01 -1.0125e+01 +7.5827e+00 +1.2862e+01 +1.2266e+01 -5.9310e+00 +1.4558e+01 +7.7192e+00 -1.5308e+01 -1.6320e+01 +8.8459e+00 +1.5218e+01
231 +1.466435769e+00 +1.466435769e+00 +6.574564358e+02 +6.574564358e+02 +1.1520e+01 -9.3745e+00 -1.3356e+01 +7.5639e+00 -7.4117e+00 -1.9648e+01 -6.2394e+00 +4.3722e+00 -2.0813e+01 -8.0982e+00 +5.9914e+00 +1.2084e+01 +1.5552e+01 -1.4043e+01 +2.7595e+01 +2.0758e+01 -1.9125e+01 -2.0479e+01 +1.6600e+01 +1.7924e+01
256 +3.397252766e-01 +3.397252766e-01 +6.563297253e+02 +6.563297253e+02 +1.8035e+01 -1.0712e+01 -7.6711e+00 +6.8145e+00 -6.3647e+00 -2.4840e+01 -8.0922e+00 +1.4755e+01 -2.4623e+01 -1.3967e+01 +1.0503e+01 +6.1620e+00 +1.4667e+01 -2.0775e+01 +2.5739e+01 +1.1505e+01 -3.2549e+01 -4.9567e+00 +1.8005e+01 +2.0095e+01
268 +1.136868377e-13 +1.136868377e-13 +6.559900000e+02 +6.559900000e+02 +1.8927e+01 -1.4292e+01 -9.4251e+00 +1.4801e+01 -1.1084e+01 -2.3852e+01 -1.3947e+01 +1.9244e+01 -2.6975e+01 -2.0455e+01 +1.5096e+01 +1.4594e+01 +2.4195e+01 -2.6718e+01 +2.5923e+01 +2.4005e+01 -1.8076e+01 -1.7836e+01 +1.7694e+01 +1.9333e+01
% function evaluation | noise-free fitness - Fopt (6.559900000000e+02) | best noise-free fitness - Fopt | measured fitness | best measured fitness | x1 | x2...
1 +4.576128112e+02 +4.576128112e+02 +1.113602811e+03 +1.113602811e+03 +3.2159e+00 -3.7373e+00 +1.4428e+00 +2.4905e+00 +5.8400e-01 +1.6616e+00 -3.5876e+00 -1.5815e+00 +3.4502e+00 -1.8975e+00 +5.5529e-01 +9.4816e-01 +7.9100e-01 +3.6058e+00 -1.4322e+00 -2.1152e+00 +3.4131e+00 -2.9776e+00 -1.7339e+00 -1.8662e+00
30 +3.518864616e+02 +3.518864616e+02 +1.007876462e+03 +1.007876462e+03 +4.5933e+00 -2.9224e+00 +9.0693e-01 +2.1341e+00 +2.9626e+00 -3.9190e+00 -4.6096e+00 -8.8615e-02 +5.8927e+00 -3.4500e-01 +3.4690e+00 +2.3224e+00 +2.8537e+00 +1.6707e+00 +1.5457e+00 -1.6779e+00 +1.9219e+00 -3.6577e+00 -1.9923e+00 +1.9989e+00
62 +2.445577127e+02 +2.445577127e+02 +9.005477127e+02 +9.005477127e+02 +4.9390e+00 -6.3521e+00 +4.9657e+00 +3.6584e+00 +2.3559e+00 -2.4296e+00 -2.7642e+00 +7.3950e+00 +6.5751e+00 -2.2850e+00 -2.1491e+00 +1.6195e+00 +4.5713e+00 +5.8944e+00 +2.0496e+00 +3.1882e+00 -7.6860e-01 -8.0785e+00 +3.8823e+00 +3.7914e+00
101 +1.542750294e+02 +1.542750294e+02 +8.102650294e+02 +8.102650294e+02 -5.7035e-01 -1.0549e+01 +3.3253e+00 -3.5928e-01 -7.9284e+00 -8.7254e+00 -7.4354e+00 +5.5129e+00 +5.1228e+00 -6.5554e+00 +4.3811e+00 +6.7218e+00 +5.9915e+00 +8.5136e-01 +3.5919e+00 +2.9339e+00 -3.4847e+00 -8.3763e+00 +2.1399e-01 +9.0237e+00
132 +9.890704975e+01 +9.890704975e+01 +7.548970498e+02 +7.548970498e+02 +1.2595e+00 -5.6591e+00 +6.4920e+00 +6.8353e+00 -4.6664e+00 -6.6621e+00 -6.0137e+00 +5.3784e+00 +6.0599e+00 -1.0502e+00 +6.4419e+00 +4.7019e+00 +9.3224e+00 +1.2604e-01 +6.6821e+00 +6.8686e+00 -3.1071e+00 -6.5398e+00 +1.1121e+01 +1.2539e+01
136 +6.267902844e+01 +6.267902844e+01 +7.186690284e+02 +7.186690284e+02 +5.7487e+00 -1.9219e+00 +6.4993e+00 +2.3451e+00 -8.2307e+00 -7.0200e+00 -5.2660e+00 +6.1859e+00 +8.0789e+00 -3.4947e+00 +8.2683e+00 +9.4661e+00 +8.5990e+00 -4.6343e+00 +5.4287e+00 +6.4120e+00 -6.1625e+00 -8.0553e+00 +9.0037e+00 +1.2156e+01
201 +3.632604844e+01 +3.632604844e+01 +6.923160484e+02 +6.923160484e+02 +8.1307e+00 -1.3100e+01 +9.1978e-01 +1.1555e+00 -4.2343e+00 -1.2667e+01 -1.1174e+01 +1.4098e+00 -2.9457e+00 -1.1535e+01 +3.8951e+00 +1.7633e+01 +1.2410e+01 -4.0700e+00 +7.9142e+00 +1.5349e+01 -1.2598e+01 -2.5365e+01 +1.6997e+01 +1.2855e+01
207 +2.218646838e+01 +2.218646838e+01 +6.781764684e+02 +6.781764684e+02 +2.2187e+00 +2.1728e-01 -4.1497e+00 +4.9553e+00 -9.5378e+00 -1.0346e+01 -9.5719e+00 -2.9512e-01 -7.8254e+00 -8.2220e+00 +1.3457e+01 +1.6598e+01 +2.1447e+01 -6.5226e+00 +8.7635e+00 +1.3917e+01 -1.0375e+01 -2.7614e+01 +9.5453e+00 +1.7922e+01
214 +1.466381395e+01 +1.466381395e+01 +6.706538140e+02 +6.706538140e+02 +7.8187e+00 -1.0741e+01 +5.9457e+00 +4.5023e+00 -1.4936e+01 -9.5588e+00 -9.9027e+00 +6.6257e+00 -6.6803e+00 -1.0156e+01 +1.4599e+01 +2.2013e+01 +1.4899e+01 -7.3027e+00 +1.4574e+01 +5.9367e+00 -8.9934e+00 -2.7054e+01 +6.7867e+00 +1.5744e+01
224 +7.994381889e+00 +7.994381889e+00 +6.639843819e+02 +6.639843819e+02 +4.7222e+00 -5.5763e+00 +1.0556e+00 +5.7945e+00 -2.1607e+01 -1.1382e+01 -2.3377e+01 +1.5126e+01 -9.9584e+00 -1.1398e+01 +1.6416e+01 +2.0300e+01 +1.8950e+01 -1.3587e+01 +6.8099e+00 +1.0721e+01 -1.3041e+01 -3.0069e+01 +6.2524e+00 +2.1858e+01
313 +1.136868377e-13 +1.136868377e-13 +6.559900000e+02 +6.559900000e+02 +6.6894e+00 -6.1692e+00 -7.3901e+00 +1.5188e+01 -2.1539e+01 -2.2472e+01 -1.4944e+01 +1.5946e+01 -1.4700e+01 -1.2541e+01 +1.4196e+01 +1.6960e+01 +4.6426e+01 -8.5848e+00 +3.0272e+01 +9.3421e+00 -1.7949e+01 -4.4974e+01 +1.1375e+01 +1.5612e+01
% function evaluation | noise-free fitness - Fopt (6.671000000000e+01) | best noise-free fitness - Fopt | measured fitness | best measured fitness | x1 | x2...
1 +4.088780919e+02 +4.088780919e+02 +4.755880919e+02 +4.755880919e+02 +3.2303e+00 -2.7346e+00 -2.6628e+00 +3.7838e+00 +3.7723e+00 -1.7652e-01 -1.4110e+00 +1.2329e+00 +2.8003e+00 +3.5685e-01 +3.4265e+00 +2.4363e+00 +3.8352e+00 +8.2710e-01 +1.8346e-01 -1.7354e+00 +1.9991e+00 -7.7142e-01 +1.8178e+00 -1.5762e+00
3 +3.291583235e+02 +3.291583235e+02 +3.958683235e+02 +3.958683235e+02 +8.7799e-01 -4.7543e+00 -7.8029e-04 +5.7530e+00 +4.4946e+00 +1.3098e+00 +1.1310e-01 -1.3371e+00 -7.0547e-01 +1.0279e+00 +1.4634e+00 -2.4818e-01 +3.9452e+00 +9.8053e-01 +7.3089e-01 -3.7341e+00 -3.4144e+00 +4.8922e-01 -2.2686e+00 -2.6724e+00
50 +2.488308803e+02 +2.488308803e+02 +3.155408803e+02 +3.155408803e+02 +2.0935e+00 -5.1320e+00 -7.1543e+00 +7.3364e+00 +1.7023e+00 -1.1059e+00 +5.0884e-01 -2.3938e+00 +4.7133e+00 +5.1546e-01 +1.5322e+00 -1.4513e+00 +3.0227e+00 +6.4609e+00 +3.2915e+00 -3.2499e+00 +1.2767e+00 -2.2280e+00 -5.1267e+00 -3.4383e+00
88 +1.549824413e+02 +1.549824413e+02 +2.216924413e+02 +2.216924413e+02 -2.6447e+00 -4.9436e+00 -2.7881e+00 +1.0278e+00 -5.4225e+00 -2.9993e+00 +1.1330e+00 +2.7082e-01 +6.3489e-01 +6.9100e-01 +5.0797e-01 -5.0489e+00 +8.6583e+00 +8.2885e+00 +3.2731e+00 -2.7929e+00 -7.4415e+00 -5.0965e+00 -7.9808e+00 -1.0403e+01
125 +9.119306083e+01 +9.119306083e+01 +1.579030608e+02 +1.579030608e+02 -5.5246e+00 -1.1532e+01 -4.7809e+00 +8.3453e+00 -1.9384e+00 -1.0373e+00 +4.6640e+00 -5.4040e+00 +2.4661e-02 -1.9596e+00 -2.3952e+00 -1.3594e+01 +1.1952e+01 +1.5534e+01 +3.3813e+00 +2.5432e+00 -5.0735e+00 -8.7105e+00 -1.2158e+01 -8.0878e+00
135 +5.677180443e+01 +5.677180443e+01 +1.234818044e+02 +1.234818044e+02 -3.3778e+00 -7.8512e+00 -8.9787e+00 +4.9443e+00 -4.1397e+00 -7.7759e-02 -1.8196e+00 +5.4537e-01 +2.1373e+00 -3.2153e+00 -3.7925e+00 -5.8935e+00 +7.8504e+00 +1.2851e+01 +5.1686e+00 +4.5206e+00 -4.6196e+00 -7.6434e+00 -1.3274e+01 -4.7682e+00
156 +3.555322656e+01 +3.555322656e+01 +1.022632266e+02 +1.022632266e+02 -5.0133e+00 -9.5784e+00 -1.1040e+01 +4.3271e+00 -2.0738e+00 -1.5477e+00 -7.7333e-01 -5.1789e+00 +6.3175e+00 -5.9744e+00 -5.2420e+00 -7.1335e+00 +1.5363e+01 +9.1047e+00 +5.3885e+00 +3.5246e+00 -1.1593e+01 -9.9623e+00 -1.1850e+01 -6.0188e+00
177 +1.681650432e+01 +1.681650432e+01 +8.352650432e+01 +8.352650432e+01 -6.8075e+00 -1.1835e+01 -2.0876e+01 +4.3802e+00 -7.2665e+00 +2.7451e+00 -6.4721e+00 -4.7745e+00 +6.6223e+00 -3.5221e+00 -1.2713e+01 -8.6123e+00 +3.3962e+00 +9.6253e+00 +5.3889e+00 +8.6445e+00 -6.3626e+00 -1.1707e+01 -1.6051e+01 -9.5093e+00
201 +3.216067060e+00 +3.216067060e+00 +6.992606706e+01 +6.992606706e+01 -1.1338e+01 -1.5977e+01 -1.5431e+01 +4.1821e+00 -4.3265e+00 +4.4840e+00 -5.9711e+00 -9.5766e+00 +8.4742e+00 -5.5548e+00 -1.3756e+01 -9.2190e+00 +1.2970e+01 +1.1189e+01 +1.4764e+01 +1.1329e+01 -1.5825e+01 -1.6440e+01 -2.1555e+01 -1.0578e+01
241 +1.013145241e+00 +1.013145241e+00 +6.772314524e+01 +6.772314524e+01 -9.5364e+00 -1.5297e+01 -1.4733e+01 +9.6754e+00 -1.3054e+01 +4.8465e+00 -1.6059e+01 -1.0645e+01 +6.1288e+00 -5.5796e+00 -1.2755e+01 -1.1145e+01 +4.8291e+00 +1.7227e+01 +7.0613e+00 +1.4411e+01 -1.4502e+01 -2.2204e+01 -2.6499e+01 -1.3745e+01
248 -1.421085472e-14 -1.421085472e-14 +6.671000000e+01 +6.671000000e+01 -2.0256e+01 -1.5656e+01 -2.9181e+01 +5.7513e+00 -8.1911e+00 +1.0753e+01 -1.8951e+01 -5.7695e+00 +1.5683e+01 -1.1774e+01 -1.0701e+01 -1.7743e+01 +1.0090e+01 +1.2667e+01 +2.2354e+01 +1.4623e+01 -2.2902e+01 -2.0791e+01 -3.0072e+01 -1.6226e+01
% function evaluation | noise-free fitness - Fopt (6.671000000000e+01) | best noise-free fitness - Fopt | measured fitness | best measured fitness | x1 | x2...
1 +4.125632594e+02 +4.125632594e+02 +4.792732594e+02 +4.792732594e+02 -1.7865e+00 -8.8772e-01 +2.3947e-01 +2.9401e+00 +2.2093e+00 +2.7795e+00 +1.6140e+00 -2.2952e+00 -1.3145e+00 +2.2729e+00 +1.5463e+00 -2.4027e+00 +1.5442e+00 -6.0825e-01 +1.4820e+00 +8.3419e-02 -3.9862e-01 +4.6840e-01 +4.7187e-01 +2.4401e+00
9 +3.500869275e+02 +3.500869275e+02 +4.167969275e+02 +4.167969275e+02 +1.1507e+00 -2.4135e-01 +2.4257e+00 +4.5647e+00 +1.2237e+00 +1.4189e+00 +1.7080e+00 -2.1893e+00 +3.7625e-01 +6.1479e-01 +1.8768e+00 -2.9911e+00 +3.4449e+00 +3.6755e+00 +4.4846e-01 -2.1608e-01 -1.8511e+00 -5.4268e-01 -6.0437e-01 +1.5911e+00
38 +2.276824504e+02 +2.276824504e+02 +2.943924504e+02 +2.943924504e+02 +1.9357e-01 +5.8370e+00 +5.0169e+00 +4.2151e+00 -3.9959e+00 +2.4316e+00 +7.2260e+00 +1.9208e+00 -1.8088e+00 +4.0142e+00 -4.8667e+00 -4.1152e+00 +4.4354e+00 +7.6529e-01 +4.6095e+00 +7.0028e+00 -5.5396e-01 -4.6474e+00 -4.6081e+00 -1.2185e+00
63 +1.475202036e+02 +1.475202036e+02 +2.142302036e+02 +2.142302036e+02 -1.6853e+00 +6.0173e+00 -1.3453e-01 +7.4099e+00 -1.6989e+00 +5.9051e+00 +1.1240e+00 +3.8665e+00 +1.2851e-01 -1.6861e+00 +1.5336e+00 -4.4277e+00 +9.6240e+00 +1.6610e+00 +8.0367e+00 +8.5215e+00 -9.4900e+00 -1.9596e+00 -5.0136e+00 -6.4844e+00
83 +9.960631218e+01 +9.960631218e+01 +1.663163122e+02 +1.663163122e+02 +1.9132e+00 +5.6636e+00 +2.5120e+00 +1.1700e+01 -4.7315e+00 +2.3722e+00 -7.4235e-01 -3.4143e+00 -2.1543e+00 +3.8495e+00 -3.2935e+00 -7.2248e+00 +6.8172e+00 +6.4356e+00 +4.6760e+00 +7.5330e+00 -4.9118e+00 -9.0162e+00 -7.2866e+00 -6.6883e+00
109 +3.955809070e+01 +3.955809070e+01 +1.062680907e+02 +1.062680907e+02 -5.6732e+00 +1.1228e+00 +9.3906e-01 +1.3393e+01 -6.1160e+00 +3.0923e+00 +9.7213e-01 -6.6659e+00 +5.5002e+00 -9.5384e+00 -2.2544e+00 -5.3237e+00 +5.1922e+00 +7.2322e+00 +5.6258e+00 +6.8005e+00 -7.7984e+00 -5.0245e+00 -7.5556e+00 -8.2590e+00
175 +1.837512258e+01 +1.837512258e+01 +8.508512258e+01 +8.508512258e+01 -1.7535e+00 -3.2136e+00 -1.9835e+00 +1.6831e+01 -2.2477e+01 +2.5191e+00 -1.6435e+01 -5.0153e+00 +3.2095e+00 -7.0912e+00 -1.4889e+01 -2.0629e+01 +9.1317e+00 +1.6224e+01 +1.3367e+01 +5.9238e+00 -1.4235e+01 -2.0142e+01 -2.5654e+01 -1.2197e+01
211 +1.531354660e+01 +1.531354660e+01 +8.202354660e+01 +8.202354660e+01 -5.4847e-01 +4.6223e+00 -1.7822e+01 +3.2836e+01 -1.0728e+01 +6.2933e+00 -2.3004e+01 -1.0311e+01 +7.8821e+00 -1.4673e+01 -1.4719e+01 -1.0876e+01 +1.2901e+01 +2.8565e+01 +1.2109e+01 +1.6228e+01 -1.5245e+01 -1.6910e+01 -2.4016e+01 -2.1819e+01
240 +7.171959670e+00 +7.171959670e+00 +7.388195967e+01 +7.388195967e+01 -6.3912e+00 -4.3019e+00 +9.8305e-03 +7.8101e+00 -1.2348e+01 +9.4497e+00 -2.7666e+01 -1.9681e+01 +1.1435e+01 -2.5469e+01 -3.1846e+01 -1.9165e+01 +1.0492e+01 +1.8959e+01 +2.9377e+01 +1.4329e+01 -1.7913e+01 -1.7999e+01 -3.1256e+01 -2.8332e+01
324 -1.421085472e-14 -1.421085472e-14 +6.671000000e+01 +6.671000000e+01 -2.4136e+01 -9.4902e+00 -2.6303e+01 +3.5375e+01 -8.1173e+00 +1.1867e+01 -2.9834e+01 -2.9560e+01 +3.8865e+01 -3.0192e+01 -3.8376e+01 -6.5834e+00 +7.0088e+00 +1.6349e+01 +2.3196e+01 +1.5743e+01 -3.3502e+01 -4.1237e+01 -3.3811e+01 -2.0589e+01
% function evaluation | noise-free fitness - Fopt (6.671000000000e+01) | best noise-free fitness - Fopt | measured fitness | best measured fitness | x1 | x2...
1 +3.430773842e+02 +3.430773842e+02 +4.097873842e+02 +4.097873842e+02 +1.4642e+00 -6.9267e-01 -1.2530e+00 +6.2581e-01 -1.5051e+00 +1.7521e+00 -9.1886e-01 +1.7309e+00 +1.4500e+00 +1.2617e-01 +8.2266e-01 -2.8807e+00 +1.6045e+00 +3.1982e+00 +9.5835e-01 -3.3180e+00 -1.3195e+00 +1.6709e+00 -1.1994e-01 -3.5017e+00
20 +2.503537948e+02 +2.503537948e+02 +3.170637948e+02 +3.170637948e+02 +3.7045e+00 +1.5050e+00 -1.1515e+00 +6.4332e-01 -8.1931e-01 +5.3035e+00 -4.6370e-01 +4.3746e+00 -1.7465e+00 -1.0807e+00 -3.1480e+00 -5.9842e+00 +9.2545e-01 +5.1971e+00 +3.4557e+00 -1.4975e+00 -1.8542e+00 -5.8785e-01 -1.9510e+00 -8.0484e+00
67 +1.433331173e+02 +1.433331173e+02 +2.100431173e+02 +2.100431173e+02 +8.5185e+00 -3.9602e+00 -6.9661e+00 +1.0132e+00 -8.7192e-01 +5.8051e+00 -2.1661e+00 +2.2440e+00 -4.3506e+00 -3.2379e+00 -9.4463e+00 -5.9864e+00 +1.0689e+01 +4.6715e+00 +1.1333e+01 +5.7807e+00 -5.6509e+00 -2.6635e-01 -2.2022e+00 -1.1149e+01
93 +9.711713603e+01 +9.711713603e+01 +1.638271360e+02 +1.638271360e+02 +6.9830e+00 -7.7738e+00 -8.8429e+00 +2.9497e+00 -2.5194e+00 +8.1892e+00 -5.5630e+00 +2.9850e+00 -1.8896e-01 -9.3413e-01 -6.5545e+00 -3.1053e+00 +9.4629e+00 +5.3461e+00 +7.4270e+00 +5.6466e+00 -6.1763e+00 -3.7539e+00 -3.1082e+00 -1.3736e+01
120 +5.364962008e+01 +5.364962008e+01 +1.203596201e+02 +1.203596201e+02 +3.7833e+00 -3.4689e+00 -1.0622e+01 +6.1374e+00 -1.2587e+00 +6.4480e+00 -6.8308e+00 +3.2200e+00 -1.0211e+00 -5.2619e+00 -7.9619e+00 -5.5103e+00 +4.5357e+00 +5.9134e+00 +6.9987e+00 +7.3249e+00 -9.8171e+00 -5.0309e+00 -8.1341e+00 -1.1874e+01
164 +3.409740185e+01 +3.409740185e+01 +1.008074018e+02 +1.008074018e+02 +1.9451e+00 -9.5252e+00 -2.3491e+01 +1.4559e+01 -5.7293e-01 +5.8619e+00 -2.5045e+00 -1.0791e+01 -6.0628e-01 -1.0181e+01 -1.6623e+01 -4.9952e+00 +6.5186e+00 +1.0904e+01 +8.1308e+00 +9.8819e+00 -1.3205e+01 -5.9760e+00 -1.1412e+01 -1.7457e+01
174 +2.289074214e+01 +2.289074214e+01 +8.960074214e+01 +8.960074214e+01 +8.1438e+00 -1.0225e+01 -1.9354e+01 +7.9798e+00 -7.8643e+00 +7.6894e+00 -5.9249e+00 -5.7973e+00 +1.3033e+00 -7.6717e+00 -1.6789e+01 -5.0844e+00 +6.3104e+00 +1.0528e+01 +1.1297e+01 +6.6636e+00 -1.6973e+01 -1.0015e+01 -1.0299e+01 -1.3866e+01
222 +4.427824221e+00 +4.427824221e+00 +7.113782422e+01 +7.113782422e+01 -1.6108e+00 -1.1146e+01 -2.7274e+01 +4.2780e+00 -7.0218e+00 +7.2661e+00 -1.0432e+01 -6.3089e+00 +9.0486e+00 -6.5772e+00 -3.5071e+01 -1.0259e+01 +1.4706e+01 +1.3739e+01 +1.4024e+01 +1.5992e+01 -2.1632e+01 -1.5271e+01 -1.0667e+01 -2.0575e+01
265 +5.585330579e-03 +5.585330579e-03 +6.671558533e+01 +6.671558533e+01 -7.3806e+00 -8.4347e+00 -2.5822e+01 +1.0227e+01 -1.3452e+01 +1.6443e+01 -4.9973e+00 -7.4262e+00 +9.3797e+00 -1.3425e+01 -4.2027e+01 -7.8397e+00 +1.1087e+01 +1.9178e+01 +1.3970e+01 +1.6682e+01 -2.5166e+01 -2.1807e+01 -2.8538e+01 -1.9046e+01
273 -1.421085472e-14 -1.421085472e-14 +6.671000000e+01 +6.671000000e+01 -1.3064e+01 -7.0855e+00 -1.6538e+01 +6.0437e+00 -2.0475e+01 +1.0062e+01 -1.5117e+01 -1.5968e+01 +5.8023e+00 -5.0832e+00 -2.6585e+01 -6.0928e+00 +8.2560e+00 +2.0534e+01 +1.5826e+01 +1.5152e+01 -2.7399e+01 -1.5089e+01 -1.4776e+01 -1.5584e+01
% function evaluation | noise-free fitness - Fopt (9.416700000000e+02) | best noise-free fitness - Fopt | measured fitness | best measured fitness | x1 | x2...
1 +3.921616083e+02 +3.921616083e+02 +1.333831608e+03 +1.333831608e+03 -2.7296e+00 +3.9397e+00 -5.1799e-01 -3.6677e+00 -3.8567e+00 -3.2528e+00 +2.1023e+00 +9.4937e-01 +1.0384e+00 +2.4999e+00 -1.4360e+00 -2.7773e+00 -9.9292e-01 -3.5939e-01 -1.7009e+00 -2.8034e-01 -4.0471e-01 +3.0287e+00 +1.0240e+00 -1.4637e-01
41 +2.327890457e+02 +2.327890457e+02 +1.174459046e+03 +1.174459046e+03 -6.1362e-01 +7.3093e+00 +1.1172e+00 -9.9148e-01 -2.3229e+00 -4.7439e+00 -6.0186e-01 +2.2259e+00 +3.2420e+00 +2.2182e+00 -4.5532e-01 -1.8325e+00 -2.6725e+00 -3.7214e+00 +8.3834e-01 -1.8467e+00 -2.2998e+00 +1.2378e+01 +7.0753e+00 +5.8835e+00
66 +1.534321416e+02 +1.534321416e+02 +1.095102142e+03 +1.095102142e+03 -2.9179e+00 +5.4254e+00 +5.7821e+00 -2.9922e+00 -3.8686e+00 -3.2045e+00 -3.1202e+00 +3.5386e+00 +6.6003e+00 +4.0025e+00 +1.8240e+00 +9.0997e-01 -3.6847e+00 -2.8964e+00 +6.0882e+00 +7.2141e-02 -6.8916e+00 +8.7645e+00 +6.5108e+00 +5.0398e+00
98 +9.785197803e+01 +9.785197803e+01 +1.039521978e+03 +1.039521978e+03 -9.4351e+00 +9.5448e+00 +1.0484e+01 -7.7937e-01 -4.1909e+00 -5.2984e+00 +2.0549e+00 +6.7305e+00 -1.4277e+00 -5.0920e+00 +5.8082e+00 +4.7874e+00 -5.8921e+00 -5.9328e+00 +2.7903e+00 +6.3549e+00 -7.6914e+00 +9.8447e+00 +1.1566e+01 +1.1804e+01
150 +4.359183184e+01 +4.359183184e+01 +9.852618318e+02 +9.852618318e+02 -1.1993e+01 -2.8517e+00 +1.8210e+01 +3.1244e+00 -1.1138e+01 -6.0319e+00 +1.3521e+00 -6.0234e+00 +1.7009e+00 -1.3323e+01 +4.7876e+00 +4.9914e+00 -1.0471e+01 -9.0996e+00 +8.1260e+00 +1.0073e+01 -2.7156e+00 +1.9138e+01 +7.4885e+00 +1.8239e+01
167 +3.944341047e+01 +3.944341047e+01 +9.811134105e+02 +9.811134105e+02 +1.6816e+00 -8.8982e+00 +6.3003e+00 +6.5581e+00 -5.5431e+00 +1.2913e+00 +3.2273e+00 -6.5207e+00 +3.4947e+00 -4.9202e+00 +5.5891e+00 +5.7957e+00 -1.1241e+01 -7.9324e+00 +1.2475e+01 +2.2209e+01 -7.4104e+00 +1.5072e+01 +1.0554e+01 +1.4057e+01
187 +1.042860836e+01 +1.042860836e+01 +9.520986084e+02 +9.520986084e+02 -2.0064e+01 -1.6723e+00 +3.7144e+00 +9.9477e+00 -2.3113e+00 -9.3532e+00 -5.3366e+00 -1.3146e+01 +4.7466e+00 -8.3405e+00 +7.4811e+00 +1.2016e+01 -9.9016e+00 -2.0333e+01 +1.8189e+01 +5.1128e+00 -9.8911e+00 +6.3726e+00 +1.6993e+01 +1.6874e+01
208 +4.445177165e+00 +4.445177165e+00 +9.461151772e+02 +9.461151772e+02 -1.3969e+01 -8.3676e+00 +9.3136e+00 +8.8588e+00 -2.1337e+01 -6.6970e+00 -6.6751e+00 -2.3393e+01 +3.3141e+00 -7.9110e+00 +1.0283e+01 +1.3745e+01 -9.7206e+00 -1.5948e+01 +1.0821e+01 +1.2361e+01 -1.1435e+01 +1.3657e+01 +1.0089e+01 +1.1314e+01
213 +2.616593841e+00 +2.616593841e+00 +9.442865938e+02 +9.442865938e+02 -1.3027e+01 -9.7372e+00 +1.2111e+01 +9.9231e+00 -1.1861e+01 -1.4411e+01 -1.0201e+01 -1.7726e+01 +4.0076e+00 -1.2154e+01 +1.3928e+01 +1.1388e+01 -1.2437e+01 -2.0434e+01 +1.8998e+01 +1.3313e+01 -9.7645e+00 +1.1915e+01 +9.0666e+00 +2.5538e+01
227 +1.146028799e+00 +1.146028799e+00 +9.428160288e+02 +9.428160288e+02 -1.7615e+01 -3.9848e+00 +6.8086e+00 +1.8112e+01 -1.5055e+01 -1.5204e+01 -1.0804e+01 -1.6316e+01 +8.3897e+00 -1.9478e+01 +7.3597e+00 +6.8117e+00 -9.1679e+00 -2.0734e+01 +9.1930e+00 +7.4288e+00 -2.0464e+01 +2.0584e+01 +1.1298e+01 +1.8045e+01
241 +0.000000000e+00 +0.000000000e+00 +9.416700000e+02 +9.416700000e+02 -2.2501e+01 -1.3086e+01 +2.4368e+01 +1.5644e+01 -1.8257e+01 -9.7937e+00 -1.9106e+01 -1.5645e+01 +5.9350e+00 -1.0963e+01 +2.1019e+01 +2.4328e+01 -2.0881e+01 -2.7550e+01 +8.5821e+00 +1.2701e+01 -1.7324e+01 +1.1803e+01 +2.5389e+01 +2.1968e+01
% function evaluation | noise-free fitness - Fopt (9.416700000000e+02) | best noise-free fitness - Fopt | measured fitness | best measured fitness | x1 | x2...
1 +3.543933943e+02 +3.543933943e+02 +1.296063394e+03 +1.296063394e+03 +3.6760e+00 +7.9121e-01 +1.9825e+00 -6.1657e-01 -2.3301e+00 -6.5117e-01 +1.6078e+00 +7.1750e-01 -1.7851e+00 -3.5824e+00 -3.5203e+00 +1.2420e+00 +1.3764e+00 -1.0600e+00 +5.1427e-01 +9.8839e-02 -2.0682e+00 +3.1132e+00 +1.5175e+00 -5.8976e-01
31 +2.424883576e+02 +2.424883576e+02 +1.184158358e+03 +1.184158358e+03 +2.6432e+00 +5.3725e-01 +4.1727e+00 +3.8307e+00 -5.1314e+00 +1.6211e+00 -1.0704e+00 -3.2806e+00 -8.6437e-01 -6.8175e+00 -1.8966e-01 -3.9368e+00 -3.9010e+00 -2.3368e-01 -8.7879e-01 +4.9731e+00 -3.7094e+00 +3.1475e+00 +2.1167e+00 +2.4248e+00
52 +1.567119363e+02 +1.567119363e+02 +1.098381936e+03 +1.098381936e+03 +6.7088e+00 +1.2008e+00 +6.3487e+00 +1.4236e+00 -7.8270e+00 +6.7249e-01 +1.3867e+00 -1.7515e+00 -1.4790e+00 -2.1751e+00 +6.8571e-01 +1.1080e+00 -4.4022e+00 -2.8124e+00 +4.7116e+00 +3.9388e+00 -3.0206e+00 +4.3599e+00 +4.2226e+00 +6.0496e+00
86 +9.001822507e+01 +9.001822507e+01 +1.031688225e+03 +1.031688225e+03 +7.0505e+00 -9.9399e-01 +4.4210e+00 +5.1720e+00 -9.6769e+00 +7.9474e-01 -2.3261e-01 -1.5630e+00 -7.9909e-01 -1.5632e+00 +4.3253e+00 +2.6915e+00 -4.9794e+00 -4.8304e+00 +5.6783e+00 +8.1335e+00 -5.6595e+00 +1.0909e+01 +8.3776e+00 +4.3256e+00
137 +4.158622477e+01 +4.158622477e+01 +9.832562248e+02 +9.832562248e+02 +3.7987e-01 -6.7886e+00 +3.1904e+00 +7.8127e+00 -9.8245e+00 -4.9382e+00 -5.7814e+00 +1.2594e+00 +2.8201e+00 -2.2482e+00 +5.3991e+00 +6.7258e+00 -7.3470e+00 -3.9181e+00 +7.6941e+00 +7.4899e+00 -1.8150e+01 +1.0827e+01 +1.3037e+01 +5.1176e+00
158 +2.591100598e+01 +2.591100598e+01 +9.675810060e+02 +9.675810060e+02 -1.6455e+00 -2.8945e+00 +1.6653e+01 +2.0109e+00 -1.2724e+01 -1.4410e+00 -8.1489e+00 -1.8670e+00 +6.3317e+00 -8.9979e+00 +7.2731e+00 +1.2388e+01 -1.5413e+01 -1.1821e+01 +1.0921e+01 +4.6690e+00 -1.3618e+01 +1.3550e+01 +6.2577e+00 +9.7564e+00
173 +1.116898308e+01 +1.116898308e+01 +9.528389831e+02 +9.528389831e+02 -2.3583e+00 -4.4287e+00 +1.1892e+01 +3.5819e+00 -1.3294e+01 -8.3140e+00 -9.9797e+00 -3.6889e+00 +5.0614e+00 -1.1302e+01 +1.1062e+01 +1.5627e+01 -1.5329e+01 -1.1845e+01 +1.0996e+01 +4.5486e+00 -1.5883e+01 +1.1936e+01 +1.2403e+01 +1.7507e+01
191 +9.218461103e+00 +9.218461103e+00 +9.508884611e+02 +9.508884611e+02 -8.7449e+00 -8.5591e+00 +1.5027e+01 +6.4804e+00 -1.5765e+01 -4.9731e+00 -9.1668e+00 -4.0447e+00 +5.1308e+00 -2.6690e+00 +5.9180e+00 +7.7347e+00 -1.5351e+01 -9.0353e+00 +1.3129e+01 +6.8037e+00 -2.6126e+01 +1.0350e+01 +1.6711e+01 +2.1653e+01
227 +0.000000000e+00 +0.000000000e+00 +9.416700000e+02 +9.416700000e+02 -9.6158e+00 -6.6723e+00 +1.1425e+01 +7.8530e+00 -2.0862e+01 -1.1872e+01 -8.0525e+00 -1.3298e+01 +6.3206e+00 -8.5022e+00 +8.5437e+00 +2.1369e+01 -1.4107e+01 -1.9285e+01 +1.4895e+01 +1.6582e+01 -2.0500e+01 +1.5125e+01 +1.7764e+01 +1.2147e+01
% function evaluation | noise-free fitness - Fopt (9.416700000000e+02) | best noise-free fitness - Fopt | measured fitness | best measured fitness | x1 | x2...
1 +3.968573680e+02 +3.968573680e+02 +1.338527368e+03 +1.338527368e+03 -1.9496e-01 +2.9052e+00 -1.9400e-01 +3.8025e+00 -2.1144e+00 -1.1429e+00 -1.7970e+00 +2.1450e+00 +3.3436e+00 +3.6782e+00 -3.8266e+00 -3.8265e+00 +3.6335e+00 -7.8994e-01 +2.7515e+00 +2.0694e+00 -1.4115e+00 -5.1202e-01 -6.4475e-01 +9.4461e-01
39 +2.508708458e+02 +2.508708458e+02 +1.192540846e+03 +1.192540846e+03 +6.6596e-01 +3.3304e+00 -1.0529e+00 +3.6840e+00 -5.7440e+00 -4.3433e+00 -2.6903e+00 +3.4739e-01 +7.5356e+00 +6.2680e+00 -3.2674e+00 -2.2362e+00 +8.5436e-01 -4.8340e+00 +4.6651e+00 +5.7299e+00 -8.2395e-01 +4.0589e+00 +1.3541e+00 +2.7445e+00
81 +1.582195563e+02 +1.582195563e+02 +1.099889556e+03 +1.099889556e+03 -6.2868e+00 +1.8215e+00 -1.0172e+00 +6.7882e+00 -7.2789e+00 -4.9762e+00 -3.3479e+00 -1.5572e+00 +8.4401e+00 +5.1897e+00 -1.1062e+00 -1.0932e+00 +3.0525e+00 -5.8558e+00 +5.7329e+00 +5.7856e+00 -3.9899e+00 +4.3192e+00 +3.8086e+00 +7.9826e+00
106 +8.569400936e+01 +8.569400936e+01 +1.027364009e+03 +1.027364009e+03 -5.7601e+00 +2.8388e+00 +3.4051e+00 +6.6249e+00 -5.9092e+00 -3.2258e+00 -7.7097e+00 -2.1186e+00 +7.2309e+00 +2.1676e+00 +3.7597e+00 -2.9975e-01 -1.3766e+00 -5.2968e+00 +4.3187e+00 +6.7118e+00 -7.3329e+00 +7.3579e+00 +5.8208e+00 +8.3294e+00
124 +6.278070757e+01 +6.278070757e+01 +1.004450708e+03 +1.004450708e+03 -1.9618e+00 -1.7878e+00 +2.3009e+00 +1.2080e+01 -8.6568e+00 -3.2847e+00 -5.5775e+00 -1.0633e+01 +7.0608e+00 -3.8757e-01 +3.2517e+00 +1.4897e+00 -1.1187e+00 -7.7999e+00 +9.0263e+00 +5.5697e+00 -1.1895e+01 +9.2189e+00 +1.1031e+01 +8.7230e+00
134 +3.774417627e+01 +3.774417627e+01 +9.794141763e+02 +9.794141763e+02 -2.9914e+00 -5.1311e+00 +1.8068e+00 +3.6131e+00 -4.5260e+00 -6.6871e+00 -8.8222e+00 -9.3604e+00 +7.8209e+00 -5.7709e-01 +5.8579e+00 +5.6676e+00 -4.8224e+00 -4.6224e+00 +9.0792e+00 +1.2754e+01 -1.0132e+01 +3.3240e+00 +1.0853e+01 +9.2659e+00
157 +1.590485790e+01 +1.590485790e+01 +9.575748579e+02 +9.575748579e+02 -6.1130e+00 -9.6956e+00 +1.5645e+00 +7.9743e+00 -7.1677e+00 -5.6092e+00 -6.1527e+00 -8.5603e+00 +1.3293e+01 -1.3648e+00 +7.1672e+00 +1.2139e+01 -1.0587e+01 -4.8536e+00 +7.8501e+00 +9.9354e+00 -9.4789e+00 +9.8691e+00 +6.2278e+00 +6.8963e+00
163 +1.584640501e+01 +1.584640501e+01 +9.575164050e+02 +9.575164050e+02 -1.1403e+00 -4.7378e+00 +2.3729e+00 +1.0816e+01 -9.8424e+00 -8.2564e+00 -1.1396e+01 -7.7929e+00 +1.0656e+01 -2.1969e+00 +9.9216e+00 +5.9647e+00 -7.1214e+00 -7.8869e+00 +1.2678e+01 +8.6572e+00 -1.2450e+01 +1.0447e+01 +1.2013e+01 +8.3784e+00
170 +6.487743541e+00 +6.487743541e+00 +9.481577435e+02 +9.481577435e+02 -3.4575e+00 -1.2598e+01 +1.1191e+00 +6.8068e+00 -7.2292e+00 -1.1192e+01 -5.8844e+00 -9.8302e+00 +1.0859e+01 -5.5382e+00 +1.3430e+01 +5.9116e+00 -7.7150e+00 -9.2189e+00 +1.1535e+01 +1.1661e+01 -8.8409e+00 +2.0477e+01 +1.2492e+01 +1.2390e+01
175 +1.382925418e+00 +1.382925418e+00 +9.430529254e+02 +9.430529254e+02 -6.2267e+00 -1.1367e+01 +6.2191e+00 +4.0386e+00 -7.3862e+00 -1.1608e+01 -1.4766e+01 -2.0440e+01 +1.2973e+01 -7.2726e+00 +1.7847e+01 +1.2916e+01 -9.8182e+00 -1.2076e+01 +1.4524e+01 +1.1386e+01 -1.1325e+01 +1.3681e+01 +1.1166e+01 +6.5285e+00
204 +9.013213053e-02 +9.013213053e-02 +9.417601321e+02 +9.417601321e+02 -8.3458e+00 -1.1216e+01 +8.8055e+00 +4.9373e+00 -1.4694e+01 -1.2035e+01 -2.1492e+01 -1.3744e+01 +1.3776e+01 -7.7385e+00 +1.2173e+01 +1.4196e+01 -6.7594e+00 -1.5157e+01 +1.9383e+01 +6.6100e+00 -1.7956e+01 +1.1619e+01 +1.8436e+01 +1.1319e+01
206 +0.000000000e+00 +0.000000000e+00 +9.416700000e+02 +9.416700000e+02 -9.7419e+00 -1.2892e+01 +8.4079e+00 +1.3809e+01 -1.0097e+01 -7.5065e+00 -2.1146e+01 -8.5836e+00 +2.1706e+01 -7.7001e+00 +1.4510e+01 +1.2645e+01 -8.3029e+00 -1.4299e+01 +1.1777e+01 +1.4872e+01 -1.9901e+01 +1.9921e+01 +1.7673e+01 +1.8332e+01
% function evaluation | noise-free fitness - Fopt (-3.745000000000e+01) | best noise-free fitness - Fopt | measured fitness | best measured fitness | x1 | x2...
1 +4.477204946e+02 +4.477204946e+02 +4.102704946e+02 +4.102704946e+02 -1.4919e+00 +2.9268e-01 +2.1105e+00 +1.5107e+00 -3.1932e+00 +1.3790e+00 +1.2590e+00 +3.0017e+00 +1.4056e+00 -7.1981e-01 -2.1552e+00 -2.1981e+00 +3.2365e+00 +2.1323e+00 -3.7477e+00 +1.2757e+00 -8.3107e-01 -2.4611e+00 -1.0347e+00 -2.2361e+00
5 +3.962981706e+02 +3.962981706e+02 +3.588481706e+02 +3.588481706e+02 +8.1160e-01 -3.0802e+00 +1.6025e+00 +4.9525e+00 -1.4349e-01 +2.3557e+00 +2.8969e+00 -5.9730e-01 +3.5809e+00 -3.9337e+00 -5.0559e+00 -1.9831e+00 +1.0219e+00 +1.9961e+00 -2.9014e+00 +3.0903e+00 -5.8174e-01 -1.7295e+00 -8.8095e-02 -4.6687e+00
63 +2.291752119e+02 +2.291752119e+02 +1.917252119e+02 +1.917252119e+02 -1.2855e+00 -2.3546e+00 +3.5251e+00 +4.3541e+00 -7.0873e+00 +1.6553e+00 +7.5978e+00 +3.2965e+00 +3.9881e+00 -4.1273e+00 +3.0126e-01 +1.1654e+00 -2.3333e+00 -2.2342e+00 -1.2966e+00 +5.1467e+00 -1.2563e+00 +2.3419e+00 +4.2173e+00 -4.9376e+00
87 +1.535553284e+02 +1.535553284e+02 +1.161053284e+02 +1.161053284e+02 -2.0922e-01 -1.6300e+00 +7.1292e+00 +6.5932e+00 -8.3730e+00 +4.6118e+00 +8.2194e+00 +1.0471e+00 +4.0191e+00 +1.4658e+00 -1.7497e+00 +2.0342e+00 -5.6691e+00 -4.3742e-01 -1.0049e+00 +3.7810e+00 -5.4494e+00 +5.2971e+00 +7.0431e+00 -6.3864e+00
135 +8.714624418e+01 +8.714624418e+01 +4.969624418e+01 +4.969624418e+01 -2.3826e+00 -5.9474e+00 +3.0905e+00 +2.9185e+00 -4.7327e+00 +6.9145e+00 +1.1940e+01 +2.7317e+00 +7.7234e+00 +2.4008e+00 +1.5055e+00 +3.0688e+00 -3.2750e+00 -4.8133e+00 +5.9253e+00 +1.5737e+01 -7.8694e+00 +9.9561e+00 +9.4725e+00 -1.2282e+01
158 +5.851302992e+01 +5.851302992e+01 +2.106302992e+01 +2.106302992e+01 +1.0346e+00 -4.8968e+00 +6.8714e+00 +2.2016e+00 -8.2388e+00 +7.2522e+00 +1.5626e+01 +2.5868e+00 +7.7194e+00 +5.8108e+00 +1.3226e+00 +5.5646e+00 -4.3132e+00 -9.3333e+00 +7.5525e+00 +1.4697e+01 -6.1642e+00 +9.6163e+00 +9.4210e+00 -1.1688e+01
177 +3.670673339e+01 +3.670673339e+01 -7.432666116e-01 -7.432666116e-01 +3.8092e-01 -9.1436e+00 +1.1040e+01 -6.2140e+00 -7.2038e+00 +5.5873e+00 +1.9762e+01 +9.2177e-01 +1.5467e+01 +4.2305e+00 +5.3456e+00 +6.4581e+00 -7.3352e+00 -1.0053e+01 +8.7891e+00 +1.0377e+01 -9.2558e+00 +1.2122e+01 +1.3342e+01 -2.0852e+01
189 +2.249027768e+01 +2.249027768e+01 -1.495972232e+01 -1.495972232e+01 -4.9145e+00 -2.4914e+00 +1.2021e+01 -1.3421e+01 -9.9682e+00 +1.0380e+01 +1.1777e+01 -3.2364e+00 +1.3560e+01 +7.1918e+00 +5.4202e+00 +5.3323e+00 -8.8545e+00 -1.4108e+01 +1.0557e+01 +1.6053e+01 -9.0528e+00 +1.0578e+01 +8.4778e+00 -1.7183e+01
205 +1.392829483e+01 +1.392829483e+01 -2.352170517e+01 -2.352170517e+01 -2.3994e+00 -7.8375e-01 +1.3030e+01 -1.0958e+01 -2.0266e+01 +8.2533e+00 +1.7352e+01 -5.6603e+00 +1.3539e+01 +1.2350e+01 +5.1614e+00 +6.1781e+00 -1.2573e+01 -2.1697e+01 +1.0183e+01 +1.6982e+01 -1.9565e+01 +1.6219e+01 +1.3418e+01 -2.1492e+01
219 +7.219159160e+00 +7.219159160e+00 -3.023084084e+01 -3.023084084e+01 +1.8828e+00 +5.7455e+00 +1.7260e+01 -9.5102e+00 -1.3846e+01 +1.1205e+01 +1.8345e+01 -3.2438e+00 +1.4122e+01 +1.3648e+01 +1.3697e+01 +1.4640e+01 -2.2599e+01 -1.7958e+01 +9.2607e+00 +1.9368e+01 -1.1434e+01 +1.3450e+01 +2.0691e+01 -1.8017e+01
222 +5.012177570e+00 +5.012177570e+00 -3.243782243e+01 -3.243782243e+01 +2.5942e+00 +3.8344e+00 +2.0371e+01 -8.7466e+00 -1.3472e+01 +1.3661e+01 +1.2621e+01 -5.2373e+00 +9.9301e+00 +1.2737e+01 +4.6159e+00 +1.6970e+01 -1.1971e+01 -1.0668e+01 +1.5380e+01 +1.7687e+01 -1.7767e+01 +1.1206e+01 +1.6537e+01 -1.2217e+01
235 +6.012311004e-01 +6.012311004e-01 -3.684876890e+01 -3.684876890e+01 +4.3988e+00 +5.0627e+00 +2.5824e+01 -2.1269e+01 -7.8061e+00 +1.6241e+01 +1.8019e+01 -5.2880e+00 +1.5133e+01 +9.7049e+00 +6.6277e+00 +1.5709e+01 -1.2972e+01 -1.0253e+01 +1.6422e+01 +1.7741e+01 -2.0408e+01 +2.0192e+01 +1.2841e+01 -1.7332e+01
242 +1.421085472e-14 +1.421085472e-14 -3.745000000e+01 -3.745000000e+01 +1.6856e+01 +7.0698e+00 +2.0340e+01 -2.2038e+01 -2.3635e+01 +2.7601e+01 +2.9097e+01 -9.8824e+00 +3.2030e+01 +1.1987e+01 +1.3687e+01 +1.8748e+01 -1.9092e+01 -2.1315e+01 +2.3892e+01 +1.4684e+01 -1.7762e+01 +2.0323e+01 +2.8887e+01 -1.9156e+01
% function evaluation | noise-free fitness - Fopt (-3.745000000000e+01) | best noise-free fitness - Fopt | measured fitness | best measured fitness | x1 | x2...
1 +4.001882680e+02 +4.001882680e+02 +3.627382680e+02 +3.627382680e+02 +1.0650e+00 +2.0824e+00 -1.7495e+00 -3.8794e+00 +1.9738e+00 +1.0260e+00 -2.3569e+00 +1.3943e+00 -9.1243e-02 +3.3366e+00 +3.5073e+00 -1.2210e+00 +3.6626e+00 +3.4840e+00 -2.8663e-03 +1.0136e+00 -1.9695e+00 -3.1945e+00 +2.7734e+00 +1.9630e-01
2 +3.695944906e+02 +3.695944906e+02 +3.321444906e+02 +3.321444906e+02 +7.4941e-01 +1.6235e+00 -3.0036e+00 -6.8037e+00 +5.8129e+00 +2.5102e+00 +1.6760e+00 +3.2854e-01 +4.5727e-01 +2.6923e+00 +5.8044e+00 -3.4502e+00 +5.6769e+00 +2.3654e+00 -1.3722e+00 +2.9651e-01 -5.6554e+00 -1.5297e+00 +2.2092e+00 -1.2011e+00
41 +2.361727989e+02 +2.361727989e+02 +1.987227989e+02 +1.987227989e+02 +8.7289e-01 -1.1446e+00 -2.7544e+00 -5.2599e+00 +2.1200e+00 +2.5641e+00 +6.6464e-01 +1.4944e+00 +1.7828e-02 +2.9026e+00 +2.7749e+00 +1.5117e+00 +5.7411e+00 +1.2430e+00 -1.6578e-01 +1.5683e+00 -4.4314e+00 +4.2928e+00 +6.2187e+00 -5.5874e+00
78 +1.384793782e+02 +1.384793782e+02 +1.010293782e+02 +1.010293782e+02 +2.1009e+00 +1.3446e+00 -5.1672e+00 -4.4470e+00 +3.5791e-01 +6.7823e+00 +2.7065e+00 +5.4968e+00 +5.9030e+00 +3.2122e+00 +5.7027e+00 +2.9149e+00 -1.2223e+00 +1.3393e+00 +5.5017e+00 +3.1538e+00 -3.8018e+00 +6.0185e+00 +9.7538e+00 -5.3961e+00
98 +9.704791954e+01 +9.704791954e+01 +5.959791954e+01 +5.959791954e+01 +5.9859e+00 -2.2764e+00 -6.4368e+00 -5.9323e+00 -4.5255e+00 +8.2963e+00 +1.0154e+00 +7.0425e+00 +6.5622e+00 +3.5937e+00 +3.5706e+00 +5.6362e+00 -3.7375e+00 -1.0094e+00 +4.3698e+00 +9.9592e+00 -6.5575e+00 +9.0539e+00 +1.1301e+01 -1.0092e+01
128 +4.132391092e+01 +4.132391092e+01 +3.873910924e+00 +3.873910924e+00 +3.2952e+00 +8.0217e-01 -3.5850e+00 -7.9324e+00 -2.7365e+00 +7.3829e+00 +3.9172e+00 -3.8124e+00 +6.8945e+00 +8.3936e+00 +4.6991e+00 +9.2913e+00 -1.6739e+00 -8.9963e+00 +5.6095e+00 +5.5184e+00 -5.2270e+00 +1.1168e+01 +1.2062e+01 -6.5889e+00
181 +3.569152053e+01 +3.569152053e+01 -1.758479472e+00 -1.758479472e+00 +1.0785e+01 +1.1042e+01 -4.6742e+00 -6.0466e+00 -6.5829e+00 +4.9027e+00 +1.0291e+00 -4.4095e+00 +7.4292e+00 +8.8342e+00 +2.3077e+00 +1.7065e+01 -5.1813e+00 -1.5304e+01 +5.7513e+00 +4.2621e+00 -8.0459e+00 +8.6777e+00 +1.6205e+01 -7.3220e+00
190 +1.715258375e+01 +1.715258375e+01 -2.029741625e+01 -2.029741625e+01 +1.0778e+01 +2.9647e+00 -4.3248e+00 -6.5789e+00 -4.8713e+00 +1.0566e+01 +3.6643e+00 -8.5626e+00 +7.1398e+00 +1.0166e+01 +5.2062e+00 +1.8569e+01 -5.9321e+00 -8.6079e+00 +7.9249e+00 +9.1186e+00 -1.0451e+01 +1.1969e+01 +1.6810e+01 -1.1430e+01
208 +1.233713296e+01 +1.233713296e+01 -2.511286704e+01 -2.511286704e+01 +1.5072e+01 +1.3990e+01 +1.7571e+00 -5.6203e+00 -4.8753e+00 +1.4778e+01 +1.2786e+01 -4.0369e+00 +1.2215e+01 +2.1724e+01 +3.2877e+00 +8.5793e+00 -1.0876e+01 -8.2938e+00 +6.6330e+00 +1.3267e+01 -1.3113e+01 +2.0491e+01 +1.6267e+01 -2.3799e+01
235 +8.485397434e+00 +8.485397434e+00 -2.896460257e+01 -2.896460257e+01 +1.8469e+01 +5.5387e+00 -1.6590e+00 -1.0985e+01 -1.7701e+01 +1.2355e+01 +6.9605e+00 -1.2427e+01 +1.6056e+01 +8.0953e+00 +9.1855e+00 +1.8443e+01 -1.0729e+01 -1.3331e+01 +7.4910e+00 +1.8238e+01 -1.3778e+01 +2.0492e+01 +1.9422e+01 -1.6717e+01
242 +5.144192295e+00 +5.144192295e+00 -3.230580770e+01 -3.230580770e+01 +1.7115e+01 +6.5591e+00 +9.6304e-01 -1.2925e+01 -1.4973e+01 +1.6465e+01 +1.0752e+01 -1.4807e+01 +7.3033e+00 +9.5384e+00 +5.7762e+00 +1.6693e+01 -1.1775e+01 -3.0874e+01 +5.7854e+00 +1.0058e+01 -1.1492e+01 +3.2089e+01 +1.4022e+01 -1.9841e+01
277 +2.781415115e+00 +2.781415115e+00 -3.466858488e+01 -3.466858488e+01 +2.3802e+01 +4.2462e+00 +3.4850e+00 -1.2582e+01 -5.0339e+00 +2.0673e+01 +6.8785e+00 -9.2128e+00 +7.9237e+00 +2.1370e+01 +7.0599e+00 +2.4536e+01 -1.6241e+01 -1.7514e+01 +1.9336e+01 +1.6422e+01 -1.2760e+01 +2.2226e+01 +2.8977e+01 -1.2458e+01
279 +1.450756623e+00 +1.450756623e+00 -3.599924338e+01 -3.599924338e+01 +2.3069e+01 +4.4798e+00 +8.5257e+00 -1.3278e+01 -4.4682e+00 +1.6298e+01 +1.7115e+01 -1.4363e+01 +9.4126e+00 +1.5480e+01 +1.2677e+01 +1.3336e+01 -1.0118e+01 -1.9299e+01 +2.2031e+01 +1.2257e+01 -1.6260e+01 +2.4738e+01 +3.7226e+01 -2.0273e+01
292 +3.777037215e-01 +3.777037215e-01 -3.707229628e+01 -3.707229628e+01 +2.7691e+01 +1.5818e+01 +4.7036e+00 -1.8846e+01 -1.3248e+01 +1.2237e+01 +1.3108e+01 -1.5808e+01 +1.2448e+01 +1.4242e+01 +2.1807e+01 +2.1644e+01 -5.4890e+00 -1.3399e+01 +2.3250e+01 +1.4197e+01 -1.1438e+01 +3.2069e+01 +3.3705e+01 -1.9016e+01
293 +1.421085472e-14 +1.421085472e-14 -3.745000000e+01 -3.745000000e+01 +1.3703e+01 +6.4940e+00 +8.1376e+00 -1.1777e+01 -6.5884e+00 +9.4804e+00 +9.0459e+00 -1.8248e+01 +1.7744e+01 +1.3966e+01 +1.5439e+01 +2.1606e+01 -2.0430e+01 -1.2909e+01 +2.9480e+01 +1.7956e+01 -1.1228e+01 +2.3286e+01 +3.6853e+01 -2.0276e+01
% function evaluation | noise-free fitness - Fopt (-3.745000000000e+01) | best noise-free fitness - Fopt | measured fitness | best measured fitness | x1 | x2...
1 +4.024750696e+02 +4.024750696e+02 +3.650250696e+02 +3.650250696e+02 -2.7854e+00 +3.2342e+00 -5.3235e-01 +3.8240e+00 +2.9527e+00 -6.8697e-01 -1.6023e+00 +1.9727e+00 +5.7253e-01 +4.8871e-01 +1.9366e+00 +1.4724e+00 +1.7541e+00 +3.1015e-01 -2.4863e+00 +1.3304e+00 +1.4983e+00 +3.0384e+00 +2.3799e+00 +1.9095e+00
2 +3.971816855e+02 +3.971816855e+02 +3.597316855e+02 +3.597316855e+02 -3.1645e+00 +4.0978e+00 +4.2875e+00 +3.2114e+00 +1.8556e+00 -3.9818e+00 -3.0924e+00 +3.9672e+00 +6.3858e-01 -5.0447e-01 +5.3743e-01 +2.3134e+00 +1.6519e+00 +9.0866e-01 -4.3448e+00 +4.0890e+00 -3.7491e-01 +2.2787e-01 +2.9219e+00 +5.2896e-01
51 +2.327456174e+02 +2.327456174e+02 +1.952956174e+02 +1.952956174e+02 -7.9989e-01 +1.5103e+00 -5.2463e+00 +1.9924e+00 +1.0486e+00 -2.0175e-01 +6.8044e-01 -2.4323e+00 -6.1544e-01 +4.2614e+00 +2.4954e+00 +4.9664e+00 -7.4359e-01 -1.4474e+00 +8.2797e-01 +1.2290e+00 -4.4565e+00 +4.4838e+00 +5.2349e+00 +8.4716e-02
95 +1.542057318e+02 +1.542057318e+02 +1.167557318e+02 +1.167557318e+02 +9.6838e-01 -2.8713e-01 -9.3378e+00 -1.2073e+00 -3.2205e+00 -1.0848e+00 -2.3667e+00 -5.2619e+00 +2.4861e+00 +9.2395e+00 +5.8133e+00 +6.4837e+00 +3.2810e-01 -5.0696e+00 +4.2020e+00 +8.4854e+00 -9.3438e+00 +4.5746e+00 +7.3517e+00 +4.0632e-01
117 +8.663674217e+01 +8.663674217e+01 +4.918674217e+01 +4.918674217e+01 +4.3395e-01 +2.5025e-01 -8.1667e+00 -1.2723e+00 -4.1100e+00 -1.8495e+00 +2.1585e+00 -1.9647e+00 +6.5612e+00 +1.1466e+01 +4.0221e+00 +6.1392e+00 -6.7246e+00 -1.0043e+01 +4.1860e+00 +5.5569e+00 -1.1560e+01 +5.0467e+00 +3.7960e+00 -4.0793e+00
183 +5.628478426e+01 +5.628478426e+01 +1.883478426e+01 +1.883478426e+01 +1.2705e+00 +9.2866e+00 -2.3122e+00 -7.9184e+00 -6.8648e+00 +9.5894e-01 -3.8594e+00 -1.1578e+01 +2.6320e+00 +8.7110e+00 +7.7460e+00 +2.7002e+00 -1.0162e+01 -1.4146e+01 +9.4536e+00 +9.3445e+00 -1.2922e+01 +4.6772e+00 +9.9519e+00 -6.8748e+00
206 +2.920157676e+01 +2.920157676e+01 -8.248423240e+00 -8.248423240e+00 +6.4765e+00 +3.6610e+00 +1.7314e+00 -1.7304e+01 -6.4713e+00 +6.2064e+00 +2.4539e+00 -9.7536e+00 +5.4279e+00 +2.0031e+01 +8.2053e+00 +9.7060e+00 -1.3290e+01 -1.6330e+01 +8.3970e+00 +1.5668e+01 -1.7941e+01 +1.1464e+01 +7.7299e+00 -3.1743e+00
225 +1.544800036e+01 +1.544800036e+01 -2.200199964e+01 -2.200199964e+01 +5.8567e+00 +1.2987e+00 +3.3116e+00 -1.4356e+01 -1.0286e+01 +3.0694e+00 +2.3035e+00 -1.3962e+01 +6.9757e+00 +1.8834e+01 +1.2502e+01 +1.0992e+01 -1.4889e+01 -1.0957e+01 +1.0244e+01 +1.2170e+01 -1.3732e+01 +8.4337e+00 +1.0580e+01 -6.3305e+00
235 +6.407509196e+00 +6.407509196e+00 -3.104249080e+01 -3.104249080e+01 -1.2499e-01 +4.8032e+00 +5.7484e+00 -1.3494e+01 -9.2668e+00 +4.6730e+00 +4.7772e+00 -1.1319e+01 +6.5764e+00 +2.1870e+01 +6.0449e+00 +1.4703e+01 -1.2020e+01 -1.2223e+01 +7.8461e+00 +1.6596e+01 -1.9606e+01 +1.0902e+01 +8.2532e+00 -7.6635e+00
285 +3.974260035e+00 +3.974260035e+00 -3.347573997e+01 -3.347573997e+01 +5.6979e+00 +1.4793e+00 +1.7423e+01 -2.6012e+01 -1.7966e+01 +1.8376e+01 +1.5732e+01 -2.3374e+01 +7.4378e+00 +2.4552e+01 +1.4473e+01 +8.2103e+00 -1.5717e+01 -1.2805e+01 +2.0810e+01 +2.0728e+01 -1.2193e+01 +1.6742e+01 +6.8201e+00 -1.6388e+01
300 +1.421085472e-14 +1.421085472e-14 -3.745000000e+01 -3.745000000e+01 +1.2139e+01 +6.5219e+00 +2.1949e+01 -3.2539e+01 -1.9853e+01 +1.4945e+01 +7.7807e+00 -1.9545e+01 +7.2852e+00 +2.8401e+01 +1.6337e+01 +9.4331e+00 -5.6596e+00 -2.1392e+01 +1.5052e+01 +1.9426e+01 -1.0880e+01 +1.9057e+01 +1.2857e+01 -1.8407e+01
