% function evaluation | noise-free fitness - Fopt (-4.620900000000e+02) | best noise-free fitness - Fopt | measured fitness | best measured fitness | x1 | x2...
1 +2.492833278e+02 +2.492833278e+02 -2.128066722e+02 -2.128066722e+02 +2.4264e-02 +3.6568e+00 -4.4896e-01 +3.3504e+00 -1.1226e+00
5 +1.488185577e+02 +1.488185577e+02 -3.132714423e+02 -3.132714423e+02 -1.3916e-01 +2.5570e+00 -1.5476e+00 +1.2732e+00 +1.2135e+00
28 +6.773310713e+01 +6.773310713e+01 -3.943568929e+02 -3.943568929e+02 +1.3793e-01 +9.0348e-01 +6.5711e-02 +2.0400e-01 +1.8155e+00
72 +6.136550477e+01 +6.136550477e+01 -4.007244952e+02 -4.007244952e+02 +2.1839e+00 +8.7064e-01 -7.2011e-01 -8.7567e-01 +2.3604e+00
127 +2.861078726e+01 +2.861078726e+01 -4.334792127e+02 -4.334792127e+02 +2.3015e+00 +2.8637e+00 +6.4381e-01 +6.7957e-01 +2.0552e+00
233 +2.075318886e+01 +2.075318886e+01 -4.413368111e+02 -4.413368111e+02 +1.3639e+00 +1.6139e+00 +1.7529e+00 +6.7013e-01 +2.2486e+00
258 +1.301367547e+01 +1.301367547e+01 -4.490763245e+02 -4.490763245e+02 +1.3941e+00 +1.4280e+00 +1.4837e+00 +7.3727e-01 +2.2887e+00
303 +9.873296247e+00 +9.873296247e+00 -4.522167038e+02 -4.522167038e+02 +1.3444e+00 +1.4743e+00 +1.6251e+00 +6.9434e-01 +2.2446e+00
333 +4.834282286e+00 +4.834282286e+00 -4.572557177e+02 -4.572557177e+02 +1.3347e+00 +1.4734e+00 +1.5765e+00 +6.9984e-01 +2.2897e+00
395 +3.800563621e+00 +3.800563621e+00 -4.582894364e+02 -4.582894364e+02 +1.3433e+00 +1.4989e+00 +1.5763e+00 +7.4310e-01 +2.2994e+00
285548 +2.432619512e+00 +2.432619512e+00 -4.596573805e+02 -4.596573805e+02 +2.3128e+00 +2.2921e+00 +1.6408e+00 +7.3726e-01 +1.9913e+00
% function evaluation | noise-free fitness - Fopt (-4.620900000000e+02) | best noise-free fitness - Fopt | measured fitness | best measured fitness | x1 | x2...
1 +8.486528446e+02 +8.486528446e+02 +3.865628446e+02 +3.865628446e+02 -3.7096e+00 -1.7980e+00 -2.5955e+00 -1.9533e+00 +3.1599e+00
7 +4.024254060e+02 +4.024254060e+02 -5.966459396e+01 -5.966459396e+01 -3.5771e+00 -4.5597e+00 -3.2666e+00 -2.6122e+00 -4.5471e-01
8 +2.322703747e+02 +2.322703747e+02 -2.298196253e+02 -2.298196253e+02 -5.0126e+00 -1.3670e+00 -7.4610e-01 -2.0195e+00 -1.9878e-01
9 +1.488930733e+02 +1.488930733e+02 -3.131969267e+02 -3.131969267e+02 -3.7292e+00 -3.2638e+00 +1.2055e+00 +2.7912e-01 +5.5096e-01
90 +9.854426292e+01 +9.854426292e+01 -3.635457371e+02 -3.635457371e+02 -3.8263e+00 -2.1620e+00 +2.1771e+00 +7.6858e-01 +1.8607e+00
222 +6.289149909e+01 +6.289149909e+01 -3.991985009e+02 -3.991985009e+02 -1.5392e+00 +8.6885e-02 -6.8887e-01 +7.8270e-01 +1.6567e+00
1972 +3.703290022e+01 +3.703290022e+01 -4.250570998e+02 -4.250570998e+02 -4.6812e-01 +3.7467e+00 +2.1650e+00 +4.0155e-01 +1.9621e+00
2207 +2.444500860e+01 +2.444500860e+01 -4.376449914e+02 -4.376449914e+02 +6.7683e-02 +2.9087e+00 +1.5898e+00 -1.6701e-01 +2.0089e+00
2381 +1.486928520e+01 +1.486928520e+01 -4.472207148e+02 -4.472207148e+02 +4.3609e-01 +3.0845e+00 +1.6450e+00 +6.8777e-01 +1.9420e+00
2713 +9.982581285e+00 +9.982581285e+00 -4.521074187e+02 -4.521074187e+02 +3.2895e-01 +3.1472e+00 +2.1446e+00 +3.2215e-01 +1.9954e+00
6228 +3.367742396e+00 +3.367742396e+00 -4.587222576e+02 -4.587222576e+02 +1.3334e+00 +2.3308e+00 +2.2132e+00 +7.5779e-01 +1.9928e+00
6461 +2.429945915e+00 +2.429945915e+00 -4.596600541e+02 -4.596600541e+02 +1.3267e+00 +2.3239e+00 +2.2038e+00 +7.2852e-01 +1.9857e+00
% function evaluation | noise-free fitness - Fopt (-4.620900000000e+02) | best noise-free fitness - Fopt | measured fitness | best measured fitness | x1 | x2...
1 +1.690188099e+02 +1.690188099e+02 -2.930711901e+02 -2.930711901e+02 +1.1057e+00 +3.6979e+00 +6.0153e-02 +2.3148e+00 -4.8284e-01
2 +1.290746493e+02 +1.290746493e+02 -3.330153507e+02 -3.330153507e+02 +1.2027e+00 +1.0475e+00 +6.3410e-01 +1.8133e+00 -6.5008e-01
51 +6.382023797e+01 +6.382023797e+01 -3.982697620e+02 -3.982697620e+02 +1.3224e+00 +1.3812e+00 -6.5351e-04 +1.9207e+00 +8.7305e-01
67 +5.539435232e+01 +5.539435232e+01 -4.066956477e+02 -4.066956477e+02 +3.6824e-01 +1.7178e+00 +1.7460e-01 +1.8632e+00 +1.9919e+00
150 +3.879857041e+01 +3.879857041e+01 -4.232914296e+02 -4.232914296e+02 +1.1903e+00 +2.1987e+00 +1.2441e+00 +3.7632e-01 +1.6526e+00
172 +2.449952968e+01 +2.449952968e+01 -4.375904703e+02 -4.375904703e+02 +2.4318e+00 +1.5538e+00 +6.9556e-01 +1.0723e+00 +1.5871e+00
401 +1.541031616e+01 +1.541031616e+01 -4.466796838e+02 -4.466796838e+02 +2.2114e+00 +2.3073e+00 +6.2855e-01 +3.0188e-01 +1.9921e+00
3117 +9.988519496e+00 +9.988519496e+00 -4.521014805e+02 -4.521014805e+02 +3.7092e-01 +3.1250e+00 +1.6136e+00 +7.2883e-01 +1.6096e+00
5694 +4.203044530e+00 +4.203044530e+00 -4.578869555e+02 -4.578869555e+02 +1.3658e+00 +3.0162e+00 +1.6048e+00 +7.4050e-01 +2.2876e+00
5825 +3.540345970e+00 +3.540345970e+00 -4.585496540e+02 -4.585496540e+02 +1.3374e+00 +3.0831e+00 +1.5997e+00 +7.2781e-01 +2.2872e+00
983350 +2.258891756e+00 +2.258891756e+00 -4.598311082e+02 -4.598311082e+02 +2.3178e+00 +2.2841e+00 +1.6043e+00 +7.2425e-01 +1.9893e+00
% function evaluation | noise-free fitness - Fopt (7.766000000000e+01) | best noise-free fitness - Fopt | measured fitness | best measured fitness | x1 | x2...
1 +2.322372845e+03 +2.322372845e+03 +2.400032845e+03 +2.400032845e+03 -2.2769e+00 +6.2357e-01 +3.7224e+00 -1.8572e+00 +1.8046e+00
2 +9.799814028e+02 +9.799814028e+02 +1.057641403e+03 +1.057641403e+03 -1.3129e+00 -5.9254e-01 +1.7058e+00 -6.5460e+00 +1.2046e+00
12 +4.259372512e+02 +4.259372512e+02 +5.035972512e+02 +5.035972512e+02 -2.0323e+00 +1.8429e+00 -1.0293e+00 -3.9400e+00 +9.3499e-02
19 +3.380420675e+02 +3.380420675e+02 +4.157020675e+02 +4.157020675e+02 -1.4202e+00 +3.4661e-01 +2.4866e-01 -3.6916e+00 +6.0984e-01
32 +2.029375755e+02 +2.029375755e+02 +2.805975755e+02 +2.805975755e+02 +1.2704e+00 +1.0477e-01 -1.6171e+00 -1.4516e+00 +9.7860e-01
67 +1.439537168e+02 +1.439537168e+02 +2.216137168e+02 +2.216137168e+02 -2.7263e+00 -1.2110e+00 -1.6058e+00 -8.3753e-02 +2.3797e+00
84 +9.842669369e+01 +9.842669369e+01 +1.760866937e+02 +1.760866937e+02 -2.9259e+00 -1.6348e-01 -1.4053e-01 +1.6123e+00 +1.9057e+00
133 +5.807720981e+01 +5.807720981e+01 +1.357372098e+02 +1.357372098e+02 -5.7923e-01 -2.3776e+00 +5.0942e-01 +3.5195e+00 +2.5293e+00
230 +3.714072818e+01 +3.714072818e+01 +1.148007282e+02 +1.148007282e+02 -4.4695e-01 -1.4702e-01 +1.2171e+00 +4.1183e+00 +2.4279e+00
351 +2.373893116e+01 +2.373893116e+01 +1.013989312e+02 +1.013989312e+02 +3.0068e-01 -1.6650e+00 +6.7515e-01 +3.8303e+00 +1.7402e+00
506 +1.447842688e+01 +1.447842688e+01 +9.213842688e+01 +9.213842688e+01 +4.8485e-01 -1.7664e+00 +6.9212e-01 +2.9259e+00 +2.5005e+00
519 +8.950914860e+00 +8.950914860e+00 +8.661091486e+01 +8.661091486e+01 +4.4029e-01 -1.6469e+00 +6.8753e-01 +2.8797e+00 +2.4452e+00
9065 +6.281051221e+00 +6.281051221e+00 +8.394105122e+01 +8.394105122e+01 +1.3992e+00 -8.4092e-01 +1.2605e+00 +4.2325e+00 +2.1607e+00
22996 +3.980855115e+00 +3.980855115e+00 +8.164085511e+01 +8.164085511e+01 +1.4027e+00 -8.5619e-01 +6.7671e-01 +2.9158e+00 +2.1537e+00
109542 +2.305805348e+00 +2.305805348e+00 +7.996580535e+01 +7.996580535e+01 +2.3959e+00 -5.9834e-02 +6.9983e-01 +3.3266e+00 +2.4587e+00
% function evaluation | noise-free fitness - Fopt (7.766000000000e+01) | best noise-free fitness - Fopt | measured fitness | best measured fitness | x1 | x2...
1 +9.673740885e+02 +9.673740885e+02 +1.045034089e+03 +1.045034089e+03 -1.4862e+00 -1.7734e+00 +2.8891e+00 -3.0166e+00 +2.2293e+00
7 +5.348788369e+02 +5.348788369e+02 +6.125388369e+02 +6.125388369e+02 -2.9871e+00 +2.1905e-01 +1.9092e+00 -2.9733e+00 -9.3927e-01
11 +3.258314717e+02 +3.258314717e+02 +4.034914717e+02 +4.034914717e+02 -3.3713e+00 -8.5358e-02 -2.1326e+00 -2.9403e+00 +7.3441e-01
22 +2.443369000e+02 +2.443369000e+02 +3.219969000e+02 +3.219969000e+02 -4.9171e+00 +2.9149e-01 +5.5615e-01 -1.2881e+00 +8.4806e-01
26 +1.184541698e+02 +1.184541698e+02 +1.961141698e+02 +1.961141698e+02 -2.5059e+00 -3.7668e+00 -1.0527e+00 +1.3628e+00 +2.0562e+00
61 +9.090777585e+01 +9.090777585e+01 +1.685677758e+02 +1.685677758e+02 -1.9619e+00 -1.0368e+00 -9.2143e-01 +3.6908e+00 +1.6590e+00
73 +5.512430772e+01 +5.512430772e+01 +1.327843077e+02 +1.327843077e+02 +2.2610e-01 -1.1122e+00 +7.0201e-01 +4.3635e+00 +2.4216e+00
195 +3.728903931e+01 +3.728903931e+01 +1.149490393e+02 +1.149490393e+02 +1.2595e+00 +7.8050e-01 +1.1516e-01 +2.3659e+00 +2.4415e+00
257 +2.382158349e+01 +2.382158349e+01 +1.014815835e+02 +1.014815835e+02 +1.5149e+00 +7.3477e-01 +1.1526e+00 +2.8654e+00 +2.1856e+00
273 +1.209755343e+01 +1.209755343e+01 +8.975755343e+01 +8.975755343e+01 +1.4329e+00 +6.7535e-01 +1.2506e+00 +3.6997e+00 +2.4928e+00
348 +8.625753389e+00 +8.625753389e+00 +8.628575339e+01 +8.628575339e+01 +1.4070e+00 +6.6114e-01 +6.3904e-01 +3.3278e+00 +2.1664e+00
2956 +6.167557927e+00 +6.167557927e+00 +8.382755793e+01 +8.382755793e+01 +4.7215e-01 -8.5961e-01 +6.7159e-01 +3.3309e+00 +2.1506e+00
21176 +3.965149922e+00 +3.965149922e+00 +8.162514992e+01 +8.162514992e+01 +1.4254e+00 -8.8028e-01 +6.8535e-01 +3.3425e+00 +2.1617e+00
1110425 +2.283095794e+00 +2.283095794e+00 +7.994309579e+01 +7.994309579e+01 +2.3904e+00 -8.5815e-01 +6.6200e-01 +3.3248e+00 +2.1633e+00
% function evaluation | noise-free fitness - Fopt (7.766000000000e+01) | best noise-free fitness - Fopt | measured fitness | best measured fitness | x1 | x2...
1 +5.012688455e+02 +5.012688455e+02 +5.789288455e+02 +5.789288455e+02 +1.3873e+00 +3.3264e+00 -7.5509e-01 -2.8844e+00 -2.3481e+00
9 +3.592039647e+02 +3.592039647e+02 +4.368639647e+02 +4.368639647e+02 +1.1091e+00 +3.5184e+00 -9.2586e-01 +2.0331e+00 -2.7413e+00
14 +2.484433661e+02 +2.484433661e+02 +3.261033661e+02 +3.261033661e+02 -1.9860e+00 +2.1218e+00 +2.2321e-01 +3.9527e+00 -1.5849e+00
24 +1.548335276e+02 +1.548335276e+02 +2.324935276e+02 +2.324935276e+02 +7.9259e-01 +4.7779e+00 +1.5485e-01 +2.1755e+00 +7.9014e-01
86 +9.052638689e+01 +9.052638689e+01 +1.681863869e+02 +1.681863869e+02 +1.5438e-01 +2.8203e+00 -4.4247e-01 +4.5130e+00 +2.0408e+00
95 +5.477973939e+01 +5.477973939e+01 +1.324397394e+02 +1.324397394e+02 +2.0551e+00 +6.9594e-01 -1.9189e-01 +3.0170e+00 +2.0879e+00
207 +2.561726292e+01 +2.561726292e+01 +1.032772629e+02 +1.032772629e+02 +1.3304e+00 -9.4770e-03 +5.8801e-01 +3.3155e+00 +2.0495e+00
266 +1.954553786e+01 +1.954553786e+01 +9.720553786e+01 +9.720553786e+01 +4.7442e-01 -1.7156e+00 +5.4425e-01 +4.2119e+00 +2.1471e+00
549 +1.523393316e+01 +1.523393316e+01 +9.289393316e+01 +9.289393316e+01 +4.9191e-01 -9.4571e-02 -2.6124e-01 +3.3016e+00 +2.4551e+00
3203 +9.967227186e+00 +9.967227186e+00 +8.762722719e+01 +8.762722719e+01 +4.4413e-01 -8.5031e-01 +6.7368e-01 +3.7678e+00 +1.7758e+00
9890 +6.281980387e+00 +6.281980387e+00 +8.394198039e+01 +8.394198039e+01 +4.7794e-01 -8.5444e-01 +6.9914e-01 +3.3232e+00 +2.1577e+00
31097 +3.677211940e+00 +3.677211940e+00 +8.133721194e+01 +8.133721194e+01 +1.3890e+00 -8.7295e-01 +6.6981e-01 +3.3255e+00 +2.1403e+00
644103 +2.300204090e+00 +2.300204090e+00 +7.996020409e+01 +7.996020409e+01 +2.3890e+00 -1.6364e+00 +6.6638e-01 +3.3222e+00 +2.4621e+00
% function evaluation | noise-free fitness - Fopt (1.156800000000e+02) | best noise-free fitness - Fopt | measured fitness | best measured fitness | x1 | x2...
1 +1.258029446e+02 +1.258029446e+02 +2.414829446e+02 +2.414829446e+02 -2.7593e+00 +2.3213e+00 +4.1817e-01 +1.2792e+00 +2.4053e+00
19 +9.443244489e+01 +9.443244489e+01 +2.101124449e+02 +2.101124449e+02 -3.3872e+00 +8.0097e-01 -2.2337e+00 +2.2055e+00 +2.9067e+00
51 +5.960601485e+01 +5.960601485e+01 +1.752860148e+02 +1.752860148e+02 +4.0975e-01 +1.2355e+00 -9.3410e-01 +2.5977e+00 +2.8056e+00
221 +3.556851793e+01 +3.556851793e+01 +1.512485179e+02 +1.512485179e+02 +4.4581e-02 +5.5371e-01 -2.7708e-01 +4.0523e+00 +3.6790e+00
329 +1.860211966e+01 +1.860211966e+01 +1.342821197e+02 +1.342821197e+02 +1.6146e-01 +5.7284e-01 -3.1135e-01 +3.9606e+00 +3.2709e+00
388 +1.540683647e+01 +1.540683647e+01 +1.310868365e+02 +1.310868365e+02 +2.3819e-01 +6.5572e-01 -3.2627e-01 +3.9699e+00 +3.2917e+00
5341 +7.439024192e+00 +7.439024192e+00 +1.231190242e+02 +1.231190242e+02 +1.1597e+00 -9.6090e-01 -4.3090e-01 +3.0496e+00 +3.5824e+00
5393 +4.263378731e+00 +4.263378731e+00 +1.199433787e+02 +1.199433787e+02 +1.1523e+00 -9.1969e-01 -3.1949e-01 +3.0905e+00 +3.5917e+00
5490 +3.817010600e+00 +3.817010600e+00 +1.194970106e+02 +1.194970106e+02 +1.1643e+00 -9.7101e-01 -3.4020e-01 +3.1199e+00 +3.5874e+00
5601 +2.470638114e+00 +2.470638114e+00 +1.181506381e+02 +1.181506381e+02 +1.1902e+00 -9.7641e-01 -3.6714e-01 +3.0722e+00 +3.6006e+00
% function evaluation | noise-free fitness - Fopt (1.156800000000e+02) | best noise-free fitness - Fopt | measured fitness | best measured fitness | x1 | x2...
1 +4.169227794e+02 +4.169227794e+02 +5.326027794e+02 +5.326027794e+02 +3.1077e+00 -2.4743e+00 -2.3835e-02 -2.5561e+00 +2.4612e-01
7 +3.389616910e+02 +3.389616910e+02 +4.546416910e+02 +4.546416910e+02 +2.8157e+00 -2.3903e+00 -4.3013e+00 -1.8643e+00 +9.8453e-01
18 +1.798617871e+02 +1.798617871e+02 +2.955417871e+02 +2.955417871e+02 -2.3633e-02 -2.5056e+00 -2.0255e+00 -1.3277e+00 +2.6793e+00
28 +1.125165074e+02 +1.125165074e+02 +2.281965074e+02 +2.281965074e+02 +2.1131e+00 -3.3160e+00 -2.2742e+00 +1.7564e+00 +1.7587e+00
35 +8.768044813e+01 +8.768044813e+01 +2.033604481e+02 +2.033604481e+02 -5.8926e-01 -1.7490e+00 -1.3064e+00 +8.4262e-01 +2.3909e+00
38 +4.547487453e+01 +4.547487453e+01 +1.611548745e+02 +1.611548745e+02 +1.2506e+00 -3.5886e-01 +5.0854e-01 +3.9545e+00 +3.5992e+00
161 +2.901583196e+01 +2.901583196e+01 +1.446958320e+02 +1.446958320e+02 +1.2468e+00 -3.1177e+00 -3.1483e-01 +3.5510e+00 +2.6279e+00
341 +1.757069437e+01 +1.757069437e+01 +1.332506944e+02 +1.332506944e+02 +1.1781e+00 -8.5527e-01 -4.5421e-01 +2.7094e+00 +3.3365e+00
463 +1.495756234e+01 +1.495756234e+01 +1.306375623e+02 +1.306375623e+02 +1.2526e+00 +4.7024e-01 -3.1428e-01 +2.7221e+00 +3.3199e+00
491 +9.347817821e+00 +9.347817821e+00 +1.250278178e+02 +1.250278178e+02 +1.2101e+00 +5.7401e-01 -3.1240e-01 +2.6717e+00 +3.2863e+00
2878 +6.123532657e+00 +6.123532657e+00 +1.218035327e+02 +1.218035327e+02 +1.1809e+00 -9.8383e-01 -3.7031e-01 +3.0829e+00 +2.9183e+00
6278 +3.690297574e+00 +3.690297574e+00 +1.193702976e+02 +1.193702976e+02 +1.1738e+00 -9.5974e-01 -3.8387e-01 +3.0993e+00 +3.2951e+00
552563 +2.394424495e+00 +2.394424495e+00 +1.180744245e+02 +1.180744245e+02 +2.1605e+00 -1.8074e+00 -3.3958e-01 +3.0844e+00 +3.5970e+00
% function evaluation | noise-free fitness - Fopt (1.156800000000e+02) | best noise-free fitness - Fopt | measured fitness | best measured fitness | x1 | x2...
1 +1.643236982e+03 +1.643236982e+03 +1.758916982e+03 +1.758916982e+03 -9.3407e-01 +3.9776e+00 +2.3675e+00 +1.5523e+00 +1.8574e+00
2 +8.600799510e+02 +8.600799510e+02 +9.757599510e+02 +9.757599510e+02 +5.4866e-02 +1.6980e-01 +1.7866e+00 +2.3553e+00 -1.7042e-01
8 +4.055127019e+02 +4.055127019e+02 +5.211927019e+02 +5.211927019e+02 -2.1635e+00 +3.3185e+00 +1.1353e+00 +5.2985e+00 +1.7498e+00
13 +3.979013494e+02 +3.979013494e+02 +5.135813494e+02 +5.135813494e+02 +1.1661e+00 +5.0267e+00 -1.4881e+00 +3.0254e+00 -2.0931e+00
21 +1.409968535e+02 +1.409968535e+02 +2.566768535e+02 +2.566768535e+02 -1.8422e+00 +2.8135e+00 +1.2167e-01 +1.6982e+00 +1.5929e+00
81 +7.179412663e+01 +7.179412663e+01 +1.874741266e+02 +1.874741266e+02 +1.9780e+00 +3.5298e+00 -1.1375e+00 +2.6145e+00 +3.6312e+00
107 +5.948914857e+01 +5.948914857e+01 +1.751691486e+02 +1.751691486e+02 +7.3138e-01 +2.4084e-01 -8.5570e-01 +4.3495e+00 +3.3214e+00
140 +3.477808693e+01 +3.477808693e+01 +1.504580869e+02 +1.504580869e+02 -1.1853e-01 +6.0168e-01 -2.4524e-01 +3.0672e+00 +3.5131e+00
228 +2.445616709e+01 +2.445616709e+01 +1.401361671e+02 +1.401361671e+02 +4.5086e-01 -1.4626e-01 -2.4747e-01 +3.5839e+00 +2.9187e+00
311 +1.339071234e+01 +1.339071234e+01 +1.290707123e+02 +1.290707123e+02 +8.9359e-02 -2.8735e-01 -3.2290e-01 +3.1464e+00 +3.2934e+00
485 +8.583962364e+00 +8.583962364e+00 +1.242639624e+02 +1.242639624e+02 +2.4437e-01 -3.2951e-01 -3.1487e-01 +3.0784e+00 +3.2929e+00
5869 +5.565048353e+00 +5.565048353e+00 +1.212450484e+02 +1.212450484e+02 +1.2214e+00 -1.9751e-01 -3.4721e-01 +3.1141e+00 +3.2920e+00
6591 +3.980536866e+00 +3.980536866e+00 +1.196605369e+02 +1.196605369e+02 +1.1819e+00 -1.6231e-01 -3.5173e-01 +3.0885e+00 +3.2948e+00
% function evaluation | noise-free fitness - Fopt (-3.710000000000e+00) | best noise-free fitness - Fopt | measured fitness | best measured fitness | x1 | x2...
1 +3.976482395e+02 +3.976482395e+02 +3.939382395e+02 +3.939382395e+02 +3.3281e+00 -1.5343e+00 +1.5344e+00 -1.7572e+00 +3.6061e+00
26 +1.469442070e+02 +1.469442070e+02 +1.432342070e+02 +1.432342070e+02 +3.1988e+00 -3.0002e+00 -2.2603e-01 +1.3199e+00 +7.8945e-01
49 +8.452611352e+01 +8.452611352e+01 +8.081611352e+01 +8.081611352e+01 +2.8258e+00 -3.7142e+00 -1.1252e+00 +2.5719e+00 +2.1989e+00
98 +5.931957290e+01 +5.931957290e+01 +5.560957290e+01 +5.560957290e+01 -1.7485e+00 -2.9678e+00 +1.1757e+00 +3.5063e+00 +2.6369e+00
113 +2.611878067e+01 +2.611878067e+01 +2.240878067e+01 +2.240878067e+01 +1.1782e+00 -2.4745e+00 +1.7409e+00 +3.8212e+00 +2.4773e+00
277 +2.074000286e+01 +2.074000286e+01 +1.703000286e+01 +1.703000286e+01 +1.1216e+00 -2.3627e+00 +1.0284e+00 +3.9557e+00 +2.8673e+00
508 +1.537404520e+01 +1.537404520e+01 +1.166404520e+01 +1.166404520e+01 +1.1561e+00 -2.2661e+00 +6.8097e-01 +3.5373e+00 +2.4825e+00
3027 +9.991529725e+00 +9.991529725e+00 +6.281529725e+00 +6.281529725e+00 +1.1752e+00 -1.4668e+00 +6.9909e-01 +3.5019e+00 +3.1506e+00
13386 +6.153855042e+00 +6.153855042e+00 +2.443855042e+00 +2.443855042e+00 +1.1739e+00 -1.4710e+00 +1.1733e+00 +3.9001e+00 +3.1516e+00
32227 +3.980848728e+00 +3.980848728e+00 +2.708487279e-01 +2.708487279e-01 +2.1233e+00 -1.4771e+00 +1.1884e+00 +3.9108e+00 +2.8430e+00
% function evaluation | noise-free fitness - Fopt (-3.710000000000e+00) | best noise-free fitness - Fopt | measured fitness | best measured fitness | x1 | x2...
1 +2.262847492e+02 +2.262847492e+02 +2.225747492e+02 +2.225747492e+02 -6.6488e-01 -3.8370e+00 -2.3221e-02 +2.2983e+00 -5.9479e-01
2 +1.582467473e+02 +1.582467473e+02 +1.545367473e+02 +1.545367473e+02 -1.0782e-01 -7.2413e-03 +1.0047e+00 +1.0281e+00 +9.3918e-01
39 +8.392718304e+01 +8.392718304e+01 +8.021718304e+01 +8.021718304e+01 -2.3026e-01 -3.6692e+00 +1.7676e+00 +1.5204e+00 +3.2183e+00
46 +4.700118639e+01 +4.700118639e+01 +4.329118639e+01 +4.329118639e+01 +8.4410e-01 -1.8724e+00 +1.7564e+00 +3.0021e+00 +2.5209e+00
85 +2.800469224e+01 +2.800469224e+01 +2.429469224e+01 +2.429469224e+01 +1.1641e+00 -1.4556e+00 +7.3050e-01 +3.0502e+00 +2.1598e+00
95 +1.954131003e+01 +1.954131003e+01 +1.583131003e+01 +1.583131003e+01 +1.9640e+00 -1.4199e+00 +7.3004e-01 +4.3129e+00 +3.1476e+00
710 +1.494250631e+01 +1.494250631e+01 +1.123250631e+01 +1.123250631e+01 +1.3681e-01 -1.5327e+00 +1.7484e+00 +4.3411e+00 +2.8282e+00
3003 +7.645002752e+00 +7.645002752e+00 +3.935002752e+00 +3.935002752e+00 +1.1991e+00 -3.0937e+00 +1.1447e+00 +3.9377e+00 +3.1490e+00
3163 +6.282553857e+00 +6.282553857e+00 +2.572553857e+00 +2.572553857e+00 +1.1401e+00 -3.1056e+00 +1.1701e+00 +3.9208e+00 +3.1490e+00
13199 +3.477541351e+00 +3.477541351e+00 -2.324586491e-01 -2.324586491e-01 +2.1179e+00 -2.2870e+00 +1.2190e+00 +3.9196e+00 +2.8378e+00
300752 +2.448008440e+00 +2.448008440e+00 -1.261991560e+00 -1.261991560e+00 +3.0920e+00 -2.2822e+00 +1.1942e+00 +3.4898e+00 +3.1484e+00
% function evaluation | noise-free fitness - Fopt (-3.710000000000e+00) | best noise-free fitness - Fopt | measured fitness | best measured fitness | x1 | x2...
1 +7.276108300e+02 +7.276108300e+02 +7.239008300e+02 +7.239008300e+02 -3.9244e+00 +3.9594e+00 -4.1642e-01 -2.6642e+00 -2.6545e+00
2 +2.466264146e+02 +2.466264146e+02 +2.429164146e+02 +2.429164146e+02 -3.4845e+00 +3.5050e+00 -8.7154e-01 +9.6591e-01 +1.3171e+00
24 +1.188373764e+02 +1.188373764e+02 +1.151273764e+02 +1.151273764e+02 -7.4139e-01 -1.5566e+00 -9.5723e-01 +3.2608e+00 +1.5909e+00
35 +7.488652200e+01 +7.488652200e+01 +7.117652200e+01 +7.117652200e+01 +1.4421e+00 -1.9574e+00 +9.4113e-01 +3.1600e+00 +2.4861e+00
136 +5.611521550e+01 +5.611521550e+01 +5.240521550e+01 +5.240521550e+01 -1.4309e-01 -2.3298e+00 +7.9548e-01 +3.0176e+00 +2.7222e+00
341 +3.847883760e+01 +3.847883760e+01 +3.476883760e+01 +3.476883760e+01 +1.0537e+00 -3.1628e+00 -5.8887e-01 +3.5652e+00 +2.7963e+00
2075 +1.539441921e+01 +1.539441921e+01 +1.168441921e+01 +1.168441921e+01 +2.0689e+00 -2.3643e+00 +1.2523e+00 +3.5271e+00 +2.5257e+00
5678 +8.569922412e+00 +8.569922412e+00 +4.859922412e+00 +4.859922412e+00 +1.2545e+00 -2.2948e+00 +1.1481e+00 +3.5209e+00 +2.8424e+00
15057 +5.038468130e+00 +5.038468130e+00 +1.328468130e+00 +1.328468130e+00 +2.1171e+00 -1.5589e+00 +1.1653e+00 +3.8952e+00 +2.8510e+00
16528 +3.980979893e+00 +3.980979893e+00 +2.709798929e-01 +2.709798929e-01 +2.1233e+00 -1.4740e+00 +1.1878e+00 +3.9099e+00 +2.8431e+00
133072 +2.352148497e+00 +2.352148497e+00 -1.357851503e+00 -1.357851503e+00 +2.1115e+00 -2.3043e+00 +1.1806e+00 +3.9169e+00 +3.1538e+00
% function evaluation | noise-free fitness - Fopt (1.321800000000e+02) | best noise-free fitness - Fopt | measured fitness | best measured fitness | x1 | x2...
1 +4.214928405e+02 +4.214928405e+02 +5.536728405e+02 +5.536728405e+02 +3.1080e+00 +2.1592e+00 -6.4748e-01 +3.2827e+00 -1.5546e+00
2 +2.338564797e+02 +2.338564797e+02 +3.660364797e+02 +3.660364797e+02 +3.8043e+00 +1.3769e+00 -2.9227e-01 +1.7429e+00 -1.1997e-01
14 +1.354928001e+02 +1.354928001e+02 +2.676728001e+02 +2.676728001e+02 +2.8162e+00 +3.1264e+00 -5.8605e-01 -1.4141e+00 +2.7447e-01
70 +7.887367251e+01 +7.887367251e+01 +2.110536725e+02 +2.110536725e+02 +1.4348e-01 +1.2808e+00 +6.5156e-01 -2.0371e+00 +1.8244e+00
99 +5.932259358e+01 +5.932259358e+01 +1.915025936e+02 +1.915025936e+02 +1.6231e+00 -3.3264e-01 +1.7366e+00 -1.5874e+00 +2.1678e+00
134 +3.171279737e+01 +3.171279737e+01 +1.638927974e+02 +1.638927974e+02 +9.0654e-01 +6.2028e-01 +2.8144e+00 -2.8583e+00 +2.2349e+00
322 +2.059759878e+01 +2.059759878e+01 +1.527775988e+02 +1.527775988e+02 +1.6939e+00 +1.4269e+00 +2.3573e+00 -1.6127e+00 +1.8069e+00
427 +1.459906722e+01 +1.459906722e+01 +1.467790672e+02 +1.467790672e+02 +1.8793e+00 +1.4680e+00 +2.3821e+00 -1.5367e+00 +1.8296e+00
2213 +5.918207747e+00 +5.918207747e+00 +1.380982077e+02 +1.380982077e+02 +3.6645e+00 +2.2949e+00 +2.8180e+00 -2.3525e+00 +2.4923e+00
2965 +3.980843150e+00 +3.980843150e+00 +1.361608431e+02 +1.361608431e+02 +3.7630e+00 +2.3004e+00 +2.8660e+00 -2.3731e+00 +2.1823e+00
705320 +2.202683132e+00 +2.202683132e+00 +1.343826831e+02 +1.343826831e+02 +2.7591e+00 +1.4913e+00 +2.8541e+00 -1.9759e+00 +2.4899e+00
% function evaluation | noise-free fitness - Fopt (1.321800000000e+02) | best noise-free fitness - Fopt | measured fitness | best measured fitness | x1 | x2...
1 +3.504764463e+02 +3.504764463e+02 +4.826564463e+02 +4.826564463e+02 +1.5233e+00 -2.8228e+00 +1.6696e+00 +3.8800e+00 +7.4409e-02
21 +2.269828044e+02 +2.269828044e+02 +3.591628044e+02 +3.591628044e+02 +3.3038e+00 -1.5611e+00 +2.3107e+00 +2.2918e+00 -1.9893e-01
43 +1.502650716e+02 +1.502650716e+02 +2.824450716e+02 +2.824450716e+02 +6.0933e-01 -2.2274e+00 +3.2128e+00 +3.3344e-01 +1.9413e-01
50 +9.373853906e+01 +9.373853906e+01 +2.259185391e+02 +2.259185391e+02 +2.8011e+00 -2.9430e+00 +2.4749e+00 -9.1114e-01 +1.9419e+00
52 +5.424064561e+01 +5.424064561e+01 +1.864206456e+02 +1.864206456e+02 +9.4468e-01 +6.9514e-01 +2.8995e+00 -1.2571e+00 +1.4882e+00
196 +2.273680759e+01 +2.273680759e+01 +1.549168076e+02 +1.549168076e+02 +2.6803e+00 +2.3604e+00 +2.7686e+00 -2.8412e+00 +2.2421e+00
427 +1.559199537e+01 +1.559199537e+01 +1.477719954e+02 +1.477719954e+02 +2.7763e+00 +2.2584e+00 +2.3477e+00 -2.3932e+00 +1.8530e+00
2275 +9.827507529e+00 +9.827507529e+00 +1.420075075e+02 +1.420075075e+02 +2.8192e+00 +6.8396e-01 +2.9112e+00 -1.9579e+00 +1.8348e+00
5949 +6.109555941e+00 +6.109555941e+00 +1.382895559e+02 +1.382895559e+02 +1.7831e+00 +2.2963e+00 +2.8806e+00 -1.9647e+00 +2.4906e+00
22879 +3.647288808e+00 +3.647288808e+00 +1.358272888e+02 +1.358272888e+02 +2.7743e+00 +2.2069e+00 +2.8748e+00 -1.9678e+00 +2.4844e+00
868725 +2.219492810e+00 +2.219492810e+00 +1.343994928e+02 +1.343994928e+02 +3.7439e+00 +1.4761e+00 +2.8744e+00 -1.9645e+00 +2.1756e+00
% function evaluation | noise-free fitness - Fopt (1.321800000000e+02) | best noise-free fitness - Fopt | measured fitness | best measured fitness | x1 | x2...
1 +2.540337215e+02 +2.540337215e+02 +3.862137215e+02 +3.862137215e+02 +2.2699e+00 +1.0193e+00 -3.6186e+00 -6.6570e-01 +2.7092e-01
3 +1.841857771e+02 +1.841857771e+02 +3.163657771e+02 +3.163657771e+02 +2.8485e+00 +1.5326e+00 -1.2687e+00 -1.1462e+00 -3.7282e-01
14 +1.455025181e+02 +1.455025181e+02 +2.776825181e+02 +2.776825181e+02 +2.4021e-01 +8.5044e-01 +1.9007e-01 -5.0061e-01 +1.4255e+00
38 +7.285843738e+01 +7.285843738e+01 +2.050384374e+02 +2.050384374e+02 +2.7465e+00 +6.0855e-01 +1.6460e+00 -7.7050e-01 +1.0119e+00
52 +6.190511281e+01 +6.190511281e+01 +1.940851128e+02 +1.940851128e+02 -1.1470e-01 +1.2933e+00 +3.3468e+00 -2.7456e+00 +1.5110e+00
120 +3.878239557e+01 +3.878239557e+01 +1.709623956e+02 +1.709623956e+02 +2.9714e+00 +2.1513e+00 +2.5197e+00 -2.8588e+00 +2.4628e+00
264 +1.632513601e+01 +1.632513601e+01 +1.485051360e+02 +1.485051360e+02 +1.9131e+00 +2.2431e+00 +3.4638e+00 -1.9632e+00 +2.2493e+00
290 +1.577636600e+01 +1.577636600e+01 +1.479563660e+02 +1.479563660e+02 +1.9650e+00 +2.3629e+00 +2.9367e+00 -1.9217e+00 +2.1567e+00
324 +7.996213119e+00 +7.996213119e+00 +1.401762131e+02 +1.401762131e+02 +1.8045e+00 +2.2939e+00 +3.4266e+00 -1.9828e+00 +2.5203e+00
473 +6.293797387e+00 +6.293797387e+00 +1.384737974e+02 +1.384737974e+02 +1.8130e+00 +2.2105e+00 +3.4313e+00 -1.9790e+00 +2.4922e+00
34435 +3.980431857e+00 +3.980431857e+00 +1.361604319e+02 +1.361604319e+02 +2.7673e+00 +2.3035e+00 +2.8654e+00 -1.9655e+00 +2.1821e+00
1047268 +2.401692784e+00 +2.401692784e+00 +1.345816928e+02 +1.345816928e+02 +3.7364e+00 +1.5021e+00 +2.8611e+00 -1.9567e+00 +2.1856e+00
