% function evaluation | noise-free fitness - Fopt (-4.620900000000e+02) | best noise-free fitness - Fopt | measured fitness | best measured fitness | x1 | x2...
1 +3.238475784e+03 +3.238475784e+03 +2.776385784e+03 +2.776385784e+03 +1.3805e-01 +4.9916e-01 -3.4798e+00 +1.7743e+00 +3.6192e+00 -3.5940e+00 -3.1256e+00 -3.2630e+00 +3.5539e+00 -2.8560e+00
2 +1.149163170e+03 +1.149163170e+03 +6.870731698e+02 +6.870731698e+02 +4.5594e-01 -1.3601e+00 -1.6371e+00 +2.4563e+00 +3.7424e+00 +1.7104e-01 -1.9884e+00 -1.9882e+00 -2.7737e+00 -2.6176e+00
3 +9.578299708e+02 +9.578299708e+02 +4.957399708e+02 +4.957399708e+02 +2.3666e+00 -7.3336e-01 -3.9055e+00 +2.5710e+00 +1.9678e+00 -3.5654e+00 -4.4265e+00 -2.0201e+00 +1.8507e+00 -5.4325e+00
16 +6.024145453e+02 +6.024145453e+02 +1.403245453e+02 +1.403245453e+02 +2.0591e+00 -1.4823e+00 -1.8594e+00 +3.5283e+00 +3.5750e-01 -3.0030e-01 -4.7658e+00 -1.9246e+00 +1.4239e+00 -2.8020e+00
105 +3.571571904e+02 +3.571571904e+02 -1.049328096e+02 -1.049328096e+02 +2.3017e-01 -1.6687e+00 -1.5672e+00 +4.8575e+00 -4.8118e+00 +3.5106e+00 -1.2202e+00 +2.6329e+00 +1.5771e+00 -6.5051e-01
116 +2.198562980e+02 +2.198562980e+02 -2.422337020e+02 -2.422337020e+02 +1.7735e+00 +1.2105e+00 -2.7960e+00 +2.1368e+00 -8.2021e-01 +4.1355e+00 -3.4610e-01 +2.6033e+00 +1.7408e+00 +1.7468e+00
237 +1.364525968e+02 +1.364525968e+02 -3.256374032e+02 -3.256374032e+02 +4.0616e-01 +7.6482e-01 +1.2182e-01 -1.1803e+00 +1.2066e+00 +1.3551e+00 +1.6836e+00 +2.3869e+00 +5.3713e-01 -5.2161e-01
282 +9.963417919e+01 +9.963417919e+01 -3.624558208e+02 -3.624558208e+02 +5.5956e-01 +6.6784e-01 +4.3630e-02 -5.8162e-01 +1.3098e+00 +7.0803e-01 +1.6319e+00 +2.9479e+00 +1.6626e+00 +1.0337e+00
537 +5.596775408e+01 +5.596775408e+01 -4.061222459e+02 -4.061222459e+02 +1.4373e+00 +6.0667e-01 +1.4526e+00 +1.2333e-01 +1.5964e+00 +1.5725e+00 +1.6044e+00 +2.3336e+00 +9.8185e-01 -8.5062e-03
835 +3.761633935e+01 +3.761633935e+01 -4.244736606e+02 -4.244736606e+02 +2.3105e+00 +6.9170e-01 +1.3193e+00 +6.6447e-02 +1.7040e+00 +2.2419e+00 +1.9518e+00 +3.0596e+00 +1.0258e+00 +1.3008e-01
957 +2.386273901e+01 +2.386273901e+01 -4.382272610e+02 -4.382272610e+02 +2.2238e+00 +6.0853e-01 +1.3308e+00 +4.1484e-02 +1.7154e+00 +2.1629e+00 +2.0442e+00 +2.9853e+00 +1.0142e+00 +3.4307e-02
1053 +1.506599107e+01 +1.506599107e+01 -4.470240089e+02 -4.470240089e+02 +2.2914e+00 +6.2230e-01 +1.4013e+00 -2.2522e-02 +1.6918e+00 +2.1661e+00 +2.0996e+00 +3.0312e+00 +1.0255e+00 +4.0371e-02
32131 +9.369430921e+00 +9.369430921e+00 -4.527205691e+02 -4.527205691e+02 +1.3586e+00 +2.3789e+00 +1.3583e+00 +7.3186e-01 +1.6727e+00 +1.6397e+00 +2.0783e+00 +2.5999e+00 +1.4500e+00 +3.7385e-01
67920 +6.239334076e+00 +6.239334076e+00 -4.558506659e+02 -4.558506659e+02 +1.3420e+00 +2.2936e+00 +1.3779e+00 +7.1535e-01 +1.6593e+00 +2.1699e+00 +2.1033e+00 +2.6004e+00 +1.4540e+00 +3.6599e-01
% function evaluation | noise-free fitness - Fopt (-4.620900000000e+02) | best noise-free fitness - Fopt | measured fitness | best measured fitness | x1 | x2...
1 +1.445009748e+03 +1.445009748e+03 +9.829197483e+02 +9.829197483e+02 +1.8469e-01 +2.4730e+00 -1.3924e+00 +2.7430e+00 -1.7978e+00 -2.9046e+00 -8.1607e-01 -2.4787e+00 +2.8463e+00 -3.0297e+00
6 +6.020744612e+02 +6.020744612e+02 +1.399844612e+02 +1.399844612e+02 +2.3069e+00 +2.5957e+00 -1.7052e+00 +5.9889e-01 -6.5828e-01 -1.9010e+00 +6.7715e-01 -2.4410e+00 +6.5890e-01 -5.0709e+00
24 +3.453750694e+02 +3.453750694e+02 -1.167149306e+02 -1.167149306e+02 -3.0926e+00 +2.2781e+00 -2.2373e+00 +2.0143e+00 +2.3565e-01 -6.9280e-01 +1.2439e+00 -1.6590e+00 +1.3888e+00 -1.6565e+00
51 +2.439225198e+02 +2.439225198e+02 -2.181674802e+02 -2.181674802e+02 -2.0973e+00 +4.9183e+00 -1.4571e+00 +2.7608e+00 +2.3598e+00 +2.3919e+00 +4.4760e-01 -3.0466e-01 +1.1518e-02 +4.5503e-01
129 +1.501199788e+02 +1.501199788e+02 -3.119700212e+02 -3.119700212e+02 -5.3435e-01 +2.6892e+00 -2.2314e-01 +2.7107e+00 +1.8293e+00 +6.9282e-01 +3.7070e-01 +2.0815e+00 +1.9208e+00 -2.6517e-01
254 +9.315923400e+01 +9.315923400e+01 -3.689307660e+02 -3.689307660e+02 +2.2899e-01 +3.9164e+00 -1.9678e+00 +2.1531e+00 +1.6483e+00 +2.1813e+00 +2.1037e+00 +2.6510e+00 +1.4196e+00 -6.8073e-01
784 +6.119957038e+01 +6.119957038e+01 -4.008904296e+02 -4.008904296e+02 +1.2222e+00 +1.5063e+00 -1.4852e-01 +1.3409e+00 +1.5300e+00 +2.0547e+00 +2.2324e+00 +2.5983e+00 +1.4335e+00 +6.1089e-01
965 +3.549474207e+01 +3.549474207e+01 -4.265952579e+02 -4.265952579e+02 +1.3165e+00 +1.3905e+00 -1.6622e-02 +1.5272e+00 +1.6800e+00 +2.1803e+00 +2.0734e+00 +2.1558e+00 +1.3952e+00 +6.6264e-01
1092 +2.311506596e+01 +2.311506596e+01 -4.389749340e+02 -4.389749340e+02 +1.3535e+00 +1.3669e+00 -1.4810e-01 +1.3752e+00 +1.5906e+00 +2.1873e+00 +2.0896e+00 +2.1802e+00 +1.4793e+00 +4.1031e-01
5582 +1.555220758e+01 +1.555220758e+01 -4.465377924e+02 -4.465377924e+02 +1.3282e+00 +2.3905e+00 +1.4193e+00 +1.4498e+00 +1.7251e+00 +1.6253e+00 +2.0964e+00 +2.5842e+00 +1.7446e+00 +6.8757e-02
5653 +9.395821563e+00 +9.395821563e+00 -4.526941784e+02 -4.526941784e+02 +1.3180e+00 +2.3194e+00 +1.3632e+00 +1.4500e+00 +1.6600e+00 +1.6222e+00 +2.0777e+00 +2.6063e+00 +1.7911e+00 +2.6715e-02
6154 +6.303613430e+00 +6.303613430e+00 -4.557863866e+02 -4.557863866e+02 +1.3476e+00 +2.2941e+00 +1.3875e+00 +1.3942e+00 +1.6562e+00 +1.6243e+00 +2.0964e+00 +2.5967e+00 +1.7961e+00 +5.0256e-02
% function evaluation | noise-free fitness - Fopt (-4.620900000000e+02) | best noise-free fitness - Fopt | measured fitness | best measured fitness | x1 | x2...
1 +8.140435652e+02 +8.140435652e+02 +3.519535652e+02 +3.519535652e+02 -3.3369e+00 +1.3146e+00 -1.3542e-03 +3.5712e+00 -4.8613e-01 +3.6771e-01 -2.1998e+00 -3.6763e+00 -3.7482e+00 -2.7260e+00
3 +5.817084037e+02 +5.817084037e+02 +1.196184037e+02 +1.196184037e+02 -4.2041e+00 +2.6233e+00 +2.7956e+00 +1.2318e+00 -8.1794e-01 +8.9923e-01 -3.8875e+00 -3.0103e-01 -3.9905e-01 -3.3244e+00
14 +3.918026731e+02 +3.918026731e+02 -7.028732691e+01 -7.028732691e+01 -2.5493e+00 +1.3513e+00 +1.4174e+00 +3.2870e+00 +1.3188e+00 -1.2425e-01 -2.4344e+00 -9.4579e-01 -3.8956e-01 -1.7771e+00
80 +2.263216391e+02 +2.263216391e+02 -2.357683609e+02 -2.357683609e+02 -3.3034e+00 -1.0936e+00 -1.6569e+00 +1.2425e+00 -2.7988e-01 -2.0023e-01 +2.3526e+00 +2.9600e+00 +1.4830e+00 +1.5143e+00
138 +1.579716953e+02 +1.579716953e+02 -3.041183047e+02 -3.041183047e+02 +2.5356e+00 -9.2512e-02 -3.3837e-01 +1.7832e-01 +2.5479e-03 +4.0714e+00 +1.3064e+00 +2.3614e+00 +1.0365e+00 -1.5060e-01
190 +9.730509917e+01 +9.730509917e+01 -3.647849008e+02 -3.647849008e+02 +5.9618e-01 +2.4349e+00 -9.4543e-01 +1.5175e+00 +1.7750e+00 +2.7288e+00 +8.6976e-01 +2.7725e+00 +1.0215e+00 -1.1328e+00
446 +5.573561891e+01 +5.573561891e+01 -4.063543811e+02 -4.063543811e+02 +2.3305e+00 +2.0691e+00 +1.3635e+00 +2.5614e-02 +1.9083e+00 +7.1213e-01 +2.0569e+00 +2.9378e+00 +1.3759e+00 -2.5913e-01
672 +3.741712683e+01 +3.741712683e+01 -4.246728732e+02 -4.246728732e+02 +2.1900e+00 +2.3025e+00 +1.7528e+00 -7.6456e-02 +1.5867e+00 +1.6193e+00 +2.5286e+00 +2.6657e+00 +1.4394e+00 +3.4588e-01
867 +2.290084779e+01 +2.290084779e+01 -4.391891522e+02 -4.391891522e+02 +2.2989e+00 +2.3403e+00 +1.4008e+00 -3.7416e-02 +1.6851e+00 +1.6524e+00 +2.5064e+00 +2.5162e+00 +1.4434e+00 +3.0588e-01
916 +1.551642144e+01 +1.551642144e+01 -4.465735786e+02 -4.465735786e+02 +2.3307e+00 +2.3730e+00 +1.3941e+00 +9.2347e-02 +1.6485e+00 +1.6105e+00 +2.5086e+00 +2.5550e+00 +1.4589e+00 +3.8946e-01
971 +9.332052175e+00 +9.332052175e+00 -4.527579478e+02 -4.527579478e+02 +2.2871e+00 +2.2758e+00 +1.3858e+00 -5.1723e-02 +1.5918e+00 +1.6465e+00 +2.5257e+00 +2.6005e+00 +1.4501e+00 +3.6533e-01
1235 +6.217431262e+00 +6.217431262e+00 -4.558725687e+02 -4.558725687e+02 +2.3227e+00 +2.2913e+00 +1.3909e+00 -5.1348e-03 +1.6537e+00 +1.6446e+00 +2.5408e+00 +2.5950e+00 +1.4566e+00 +3.5977e-01
% function evaluation | noise-free fitness - Fopt (7.766000000000e+01) | best noise-free fitness - Fopt | measured fitness | best measured fitness | x1 | x2...
1 +1.127359408e+04 +1.127359408e+04 +1.135125408e+04 +1.135125408e+04 +2.5580e+00 -1.6531e+00 -1.2377e+00 +2.9821e+00 +1.4218e+00 +5.0872e-01 +1.4816e+00 +2.8896e+00 +3.9017e+00 +1.5214e+00
2 +9.686347139e+03 +9.686347139e+03 +9.764007139e+03 +9.764007139e+03 +3.5033e+00 -2.3918e+00 -1.2173e+00 +3.3265e+00 +3.1151e+00 -3.4815e+00 -1.3165e+00 +3.4082e+00 +3.6661e+00 +6.6058e-01
4 +1.857606134e+03 +1.857606134e+03 +1.935266134e+03 +1.935266134e+03 -1.6890e+00 +2.5486e-01 -3.7329e+00 +2.4877e+00 +4.3159e+00 +2.0671e+00 +1.7612e+00 -2.4294e-01 +2.2173e-01 -1.8340e+00
9 +6.771803771e+02 +6.771803771e+02 +7.548403771e+02 +7.548403771e+02 +1.3788e-01 -1.3824e+00 -1.4423e+00 +5.6493e-01 -2.1096e+00 +1.6400e+00 +1.3712e+00 +2.8128e+00 +3.2793e-01 -3.8703e-02
21 +2.782614357e+02 +2.782614357e+02 +3.559214357e+02 +3.559214357e+02 -3.3941e+00 -2.1715e+00 -4.2015e+00 -5.4809e-01 +2.0036e+00 +1.5070e+00 +2.4560e-01 +7.6531e-01 +2.8191e-01 -1.9169e+00
102 +2.391309359e+02 +2.391309359e+02 +3.167909359e+02 +3.167909359e+02 -7.6650e-01 -4.3110e+00 -3.1348e+00 +4.0140e+00 -6.5516e-01 -3.8545e-01 -2.7902e+00 +1.6975e+00 -6.8036e-01 -2.9380e+00
209 +1.505944652e+02 +1.505944652e+02 +2.282544652e+02 +2.282544652e+02 +6.1689e-01 -2.9128e+00 -1.6348e+00 +2.5026e+00 -1.2117e-01 -9.6773e-01 -1.1361e+00 -3.5771e-01 -1.3629e+00 -3.8719e+00
282 +8.386347019e+01 +8.386347019e+01 +1.615234702e+02 +1.615234702e+02 +4.2256e-01 -9.8541e-01 -5.4166e-01 +2.8234e+00 +1.4232e+00 -5.7141e-01 +7.3826e-01 -7.3476e-01 -8.8078e-01 -3.5374e+00
592 +5.722855272e+01 +5.722855272e+01 +1.348885527e+02 +1.348885527e+02 +1.6365e+00 -8.9032e-01 +3.6426e-01 +4.5887e+00 +7.3037e-01 -1.0667e+00 -7.7236e-03 +1.1224e-01 -1.7406e-01 -4.2553e+00
691 +3.912959082e+01 +3.912959082e+01 +1.167895908e+02 +1.167895908e+02 +1.5279e+00 -7.3647e-01 +4.6598e-01 +4.6574e+00 +7.1822e-01 -1.1151e+00 +1.9402e-01 +1.4654e-01 +1.0095e-01 -4.1873e+00
798 +2.466493241e+01 +2.466493241e+01 +1.023249324e+02 +1.023249324e+02 +1.4332e+00 -8.4103e-01 +4.0941e-01 +4.6574e+00 +7.9189e-01 -1.0847e+00 +8.3122e-02 +1.3435e-01 +1.3154e-01 -4.1547e+00
5828 +1.548615695e+01 +1.548615695e+01 +9.314615695e+01 +9.314615695e+01 +4.6890e-01 -1.7456e+00 +4.6971e-01 +2.6063e+00 +1.8254e+00 -1.1021e+00 +1.6325e-01 -2.7073e-01 -1.8898e-01 -3.5746e+00
12526 +9.444060018e+00 +9.444060018e+00 +8.710406002e+01 +8.710406002e+01 +2.3089e+00 -7.7717e-01 +4.7132e-01 +3.9776e+00 +1.8071e+00 -5.0852e-01 +1.0773e-01 +1.0865e-01 -1.7486e-01 -3.8487e+00
12741 +6.258337846e+00 +6.258337846e+00 +8.391833785e+01 +8.391833785e+01 +2.3612e+00 -8.5100e-01 +4.5827e-01 +4.0208e+00 +1.8443e+00 -5.4616e-01 +1.1554e-01 +1.0681e-01 -1.8034e-01 -3.8681e+00
% function evaluation | noise-free fitness - Fopt (7.766000000000e+01) | best noise-free fitness - Fopt | measured fitness | best measured fitness | x1 | x2...
1 +9.727618829e+02 +9.727618829e+02 +1.050421883e+03 +1.050421883e+03 +3.5695e+00 +1.7418e+00 +1.7341e+00 +1.7589e+00 -1.7175e+00 +1.4895e+00 -3.7482e+00 -3.8447e+00 +1.0043e+00 -3.8414e+00
13 +4.691989174e+02 +4.691989174e+02 +5.468589174e+02 +5.468589174e+02 +2.4624e+00 -1.5110e+00 +9.1444e-01 +1.4209e+00 -3.8454e+00 +2.7123e+00 -3.8504e+00 -3.1423e+00 -2.5505e+00 -2.1676e+00
32 +3.136647495e+02 +3.136647495e+02 +3.913247495e+02 +3.913247495e+02 +2.3533e+00 -3.8395e+00 -9.8836e-01 +8.8331e-01 -2.6431e+00 +2.8005e+00 +7.9617e-01 +5.2829e-01 -2.2552e-01 -1.5729e+00
42 +2.194707880e+02 +2.194707880e+02 +2.971307880e+02 +2.971307880e+02 +2.1726e+00 -2.8343e+00 -5.2535e-01 +4.5052e+00 -3.1752e+00 +1.1854e+00 +2.3943e-01 -1.9607e+00 -1.5239e+00 -3.1813e+00
99 +1.539886246e+02 +1.539886246e+02 +2.316486246e+02 +2.316486246e+02 -5.1457e-01 +7.4329e-01 -6.3102e-01 +4.6364e+00 +4.1464e-01 -1.1868e+00 +3.3547e-01 -8.5230e-01 -1.1318e+00 -4.1669e+00
264 +8.876601498e+01 +8.876601498e+01 +1.664260150e+02 +1.664260150e+02 -1.5509e+00 -2.1200e-01 +1.1241e+00 +1.3925e+00 +1.2208e+00 -4.9212e-02 -6.2923e-01 +6.1897e-02 -1.6594e-01 -3.4394e+00
835 +5.988243590e+01 +5.988243590e+01 +1.375424359e+02 +1.375424359e+02 -1.4796e+00 +1.7344e+00 +4.7766e-01 +3.4976e+00 +2.3732e+00 -6.0093e-01 +5.0164e-01 +5.2225e-01 -6.3966e-01 -3.8377e+00
1044 +3.635132646e+01 +3.635132646e+01 +1.140113265e+02 +1.140113265e+02 -1.5676e+00 +1.7529e+00 +4.2582e-01 +3.2362e+00 +2.4533e+00 -5.2954e-01 +5.8466e-01 +5.2686e-01 -5.9620e-01 -3.8555e+00
5315 +2.453858819e+01 +2.453858819e+01 +1.021985882e+02 +1.021985882e+02 +4.0756e-01 +6.2839e-02 +4.4702e-01 +2.6018e+00 +1.8361e+00 -1.2387e+00 +8.4339e-02 +1.2218e-01 -6.2467e-01 -3.8712e+00
5506 +1.576120170e+01 +1.576120170e+01 +9.342120170e+01 +9.342120170e+01 +4.1519e-01 +8.0075e-02 +4.2878e-01 +2.5920e+00 +1.8117e+00 -1.1144e+00 +1.3797e-01 +8.6287e-02 -5.9998e-01 -3.8663e+00
34120 +9.976068547e+00 +9.976068547e+00 +8.763606855e+01 +8.763606855e+01 +1.4013e+00 +7.1494e-02 +4.4494e-01 +3.9462e+00 +1.8225e+00 -1.0826e+00 +1.3402e-01 +5.4779e-01 -1.7872e-01 -3.5550e+00
95095 +6.309277634e+00 +6.309277634e+00 +8.396927763e+01 +8.396927763e+01 +1.3938e+00 -8.6517e-01 +4.3482e-01 +3.9570e+00 +1.8258e+00 -5.3374e-01 +1.3402e-01 +1.0634e-01 -1.8477e-01 -3.8619e+00
% function evaluation | noise-free fitness - Fopt (7.766000000000e+01) | best noise-free fitness - Fopt | measured fitness | best measured fitness | x1 | x2...
1 +2.921636856e+02 +2.921636856e+02 +3.698236856e+02 +3.698236856e+02 -3.7110e+00 +1.0086e+00 +6.5100e-01 -1.5617e+00 +2.7988e+00 +6.9054e-02 -1.1806e+00 -3.1153e+00 -1.2460e-01 -2.2704e+00
59 +2.135632188e+02 +2.135632188e+02 +2.912232188e+02 +2.912232188e+02 -2.9943e+00 +1.0265e+00 -1.4089e+00 +4.9721e-01 +7.8362e-01 +4.6463e-02 -2.3133e+00 -1.8087e+00 -7.4023e-02 -4.9563e+00
169 +1.508526680e+02 +1.508526680e+02 +2.285126680e+02 +2.285126680e+02 -1.5795e+00 -6.4871e-01 -6.9259e-01 -6.9802e-01 +1.2901e+00 -3.5834e-01 -6.4892e-01 +1.1988e+00 -1.6619e-01 -2.7266e+00
442 +8.537263041e+01 +8.537263041e+01 +1.630326304e+02 +1.630326304e+02 +4.5707e-01 -8.0804e-01 -2.9683e-01 +9.6171e-01 +1.8903e+00 +1.1353e+00 -3.1150e-01 +1.0730e+00 -5.7955e-01 -4.1718e+00
766 +6.308902854e+01 +6.308902854e+01 +1.407490285e+02 +1.407490285e+02 +5.6062e-01 -1.7493e+00 -1.1567e+00 +2.5301e+00 +1.8387e+00 -3.1070e-01 +2.1567e-01 -3.6618e-01 -6.6032e-01 -4.1476e+00
868 +3.912881961e+01 +3.912881961e+01 +1.167888196e+02 +1.167888196e+02 +4.5100e-01 -1.8790e+00 -1.0218e+00 +2.6316e+00 +1.8643e+00 -4.8484e-01 +1.6463e-01 -2.5874e-01 -6.4911e-01 -4.1514e+00
1038 +2.482987414e+01 +2.482987414e+01 +1.024898741e+02 +1.024898741e+02 +4.3913e-01 -1.7897e+00 -1.0696e+00 +2.6143e+00 +1.8199e+00 -5.5762e-01 +1.5349e-01 -2.5949e-01 -6.0731e-01 -4.1790e+00
5445 +1.472806219e+01 +1.472806219e+01 +9.238806219e+01 +9.238806219e+01 +4.9575e-01 +4.6463e-02 +4.2986e-01 +4.0780e+00 +1.8495e+00 -1.1288e+00 +1.2945e-01 +5.5143e-01 -1.9060e-01 -3.8685e+00
12477 +9.469214594e+00 +9.469214594e+00 +8.712921459e+01 +8.712921459e+01 +1.4134e+00 -1.7618e+00 +4.6703e-01 +3.9627e+00 +1.8221e+00 -1.0911e+00 +1.3911e-01 +1.0638e-01 -1.7805e-01 -3.5623e+00
133603 +6.252263607e+00 +6.252263607e+00 +8.391226361e+01 +8.391226361e+01 +1.4046e+00 -8.4589e-01 +4.4288e-01 +3.9726e+00 +1.8376e+00 -5.3825e-01 +1.4177e-01 +1.1094e-01 -1.7846e-01 -3.8602e+00
% function evaluation | noise-free fitness - Fopt (1.156800000000e+02) | best noise-free fitness - Fopt | measured fitness | best measured fitness | x1 | x2...
1 +9.931377511e+02 +9.931377511e+02 +1.108817751e+03 +1.108817751e+03 +1.7712e+00 -5.1393e-01 +1.5746e+00 +2.9023e+00 -3.1592e+00 -3.3168e+00 +1.3549e+00 +3.1450e+00 -3.6644e+00 -3.3984e+00
10 +4.709193951e+02 +4.709193951e+02 +5.865993951e+02 +5.865993951e+02 +1.0862e+00 -9.8010e-01 +1.2084e+00 +2.9971e+00 +4.5840e-01 -3.1222e+00 +2.3773e+00 +5.2906e+00 -8.7519e-01 -3.1141e+00
36 +3.004106627e+02 +3.004106627e+02 +4.160906627e+02 +4.160906627e+02 -7.1017e-01 -2.3192e+00 -1.9625e+00 +1.9340e-01 -1.9072e+00 +8.7658e-01 +1.7737e+00 -1.7651e-01 +2.5529e+00 -2.2009e+00
79 +1.819957341e+02 +1.819957341e+02 +2.976757341e+02 +2.976757341e+02 -6.2556e-01 +9.8161e-02 -2.2379e+00 +4.3448e+00 +8.7254e-01 +4.4550e-01 +3.0077e+00 +1.9325e+00 +2.6670e+00 -1.7359e+00
246 +1.514837695e+02 +1.514837695e+02 +2.671637695e+02 +2.671637695e+02 -4.3117e+00 +4.3113e-01 -2.0446e+00 +2.6723e+00 +2.5282e+00 -2.7083e+00 +1.0989e+00 +3.5282e+00 +3.9297e+00 -1.8987e+00
341 +9.227174005e+01 +9.227174005e+01 +2.079517400e+02 +2.079517400e+02 -8.1251e-01 -1.9402e+00 -6.3473e-01 +3.3007e+00 +2.2258e+00 -2.1790e+00 +2.2346e+00 +1.9987e+00 +3.2117e+00 -2.5966e+00
781 +5.067450034e+01 +5.067450034e+01 +1.663545003e+02 +1.663545003e+02 +1.3632e+00 -7.9437e-02 -4.0310e-01 +3.8073e+00 +2.9135e+00 -2.7170e+00 +3.4034e+00 +2.3178e+00 +3.6302e+00 -1.9750e+00
902 +3.942286334e+01 +3.942286334e+01 +1.551028633e+02 +1.551028633e+02 +1.3816e+00 -6.8101e-02 -6.4600e-01 +3.8144e+00 +2.7768e+00 -3.2858e+00 +3.5318e+00 +1.8954e+00 +3.5863e+00 -1.9587e+00
905 +2.455524501e+01 +2.455524501e+01 +1.402352450e+02 +1.402352450e+02 +1.1177e+00 -1.0099e-01 -6.4358e-01 +3.7574e+00 +2.8584e+00 -3.2310e+00 +3.5330e+00 +1.9220e+00 +3.5137e+00 -1.9393e+00
937 +1.317801305e+01 +1.317801305e+01 +1.288580130e+02 +1.288580130e+02 +1.2328e+00 -9.0673e-02 -5.7119e-01 +3.7327e+00 +2.9072e+00 -3.2521e+00 +3.5483e+00 +1.9362e+00 +3.5605e+00 -1.9824e+00
1158 +9.399434558e+00 +9.399434558e+00 +1.250794346e+02 +1.250794346e+02 +1.1929e+00 -6.3560e-02 -5.3476e-01 +3.7163e+00 +2.9547e+00 -3.2832e+00 +3.5498e+00 +1.9572e+00 +3.5797e+00 -1.9503e+00
39759 +6.293439084e+00 +6.293439084e+00 +1.219734391e+02 +1.219734391e+02 +1.1725e+00 -1.8796e+00 -5.9013e-01 +3.0973e+00 +2.9631e+00 -3.2400e+00 +3.0943e+00 +2.3522e+00 +3.5809e+00 -1.9487e+00
% function evaluation | noise-free fitness - Fopt (1.156800000000e+02) | best noise-free fitness - Fopt | measured fitness | best measured fitness | x1 | x2...
1 +4.102195605e+02 +4.102195605e+02 +5.258995605e+02 +5.258995605e+02 -3.0153e+00 -4.5124e-01 +2.5781e-01 +8.6900e-01 +1.0497e+00 -5.0607e-01 -1.4525e+00 -9.9774e-01 +1.2266e+00 -1.7904e+00
32 +2.054404625e+02 +2.054404625e+02 +3.211204625e+02 +3.211204625e+02 -1.0670e+00 -2.2695e+00 -4.8950e-01 +5.0716e+00 +3.5385e+00 +5.6392e-01 +3.2908e+00 +2.1712e+00 +1.3557e+00 -2.6755e+00
109 +1.503757586e+02 +1.503757586e+02 +2.660557586e+02 +2.660557586e+02 -2.4640e+00 -9.6136e-02 -5.1756e-01 +3.1877e+00 +7.1079e-01 -6.7910e-01 +2.9830e+00 +1.6087e+00 +3.8566e+00 -9.7112e-01
198 +8.807567686e+01 +8.807567686e+01 +2.037556769e+02 +2.037556769e+02 +9.7984e-01 -6.8387e-01 -5.3775e-01 +2.3701e+00 +2.9481e+00 -1.7120e+00 +2.2117e+00 +2.0335e+00 +2.9170e+00 -1.9542e+00
460 +6.228356428e+01 +6.228356428e+01 +1.779635643e+02 +1.779635643e+02 +2.1603e+00 -7.3079e-02 -9.5300e-01 +3.8441e+00 +2.8795e+00 -3.9523e+00 +2.5729e+00 +2.0752e+00 +3.1224e+00 -1.6480e+00
899 +3.557565183e+01 +3.557565183e+01 +1.512556518e+02 +1.512556518e+02 +1.1120e+00 -6.2665e-02 -6.0410e-01 +2.3299e+00 +2.8944e+00 -3.3233e+00 +3.0750e+00 +1.8636e+00 +3.5351e+00 -1.5438e+00
917 +2.362015052e+01 +2.362015052e+01 +1.393001505e+02 +1.393001505e+02 +1.2146e+00 -4.3954e-02 -5.3783e-01 +2.4258e+00 +3.0077e+00 -3.1656e+00 +3.1636e+00 +1.9347e+00 +3.5672e+00 -1.5828e+00
995 +1.352206928e+01 +1.352206928e+01 +1.292020693e+02 +1.292020693e+02 +1.1912e+00 -6.9915e-02 -5.9263e-01 +2.3626e+00 +3.0514e+00 -3.2040e+00 +3.0814e+00 +1.9664e+00 +3.5710e+00 -1.6262e+00
1168 +9.852532672e+00 +9.852532672e+00 +1.255325327e+02 +1.255325327e+02 +1.1817e+00 -3.6343e-02 -5.9271e-01 +2.3497e+00 +2.9743e+00 -3.2465e+00 +3.1170e+00 +1.9733e+00 +3.5835e+00 -1.6560e+00
13585 +6.300514535e+00 +6.300514535e+00 +1.219805145e+02 +1.219805145e+02 +1.1935e+00 -9.8438e-01 -5.7422e-01 +3.7376e+00 +2.9644e+00 -3.2356e+00 +3.1057e+00 +2.3493e+00 +3.5754e+00 -1.9588e+00
% function evaluation | noise-free fitness - Fopt (1.156800000000e+02) | best noise-free fitness - Fopt | measured fitness | best measured fitness | x1 | x2...
1 +1.449879248e+03 +1.449879248e+03 +1.565559248e+03 +1.565559248e+03 +9.2162e-01 +2.6027e+00 +2.1026e+00 -3.9453e+00 -2.0847e+00 +2.0460e+00 -2.3759e+00 -5.4529e-01 -3.1296e+00 -3.5423e-01
2 +8.522286357e+02 +8.522286357e+02 +9.679086357e+02 +9.679086357e+02 +3.9486e-01 +3.1041e-01 -1.0935e+00 -2.1654e+00 -2.9803e+00 +1.3937e+00 +6.0337e-01 -2.1361e+00 -2.8210e+00 -5.0321e-01
22 +6.067775374e+02 +6.067775374e+02 +7.224575374e+02 +7.224575374e+02 -1.2239e+00 -3.7838e+00 -2.2076e+00 -4.0092e-01 -1.9615e+00 +2.3017e+00 +1.0593e+00 -1.8332e+00 -4.0009e-01 -2.9794e+00
56 +2.947598009e+02 +2.947598009e+02 +4.104398009e+02 +4.104398009e+02 -7.8419e-01 -2.6787e+00 -1.6239e+00 -1.9812e-01 -3.5034e+00 -3.0691e+00 +3.1623e+00 +2.3621e-01 +1.7728e+00 -2.6467e+00
77 +2.393907635e+02 +2.393907635e+02 +3.550707635e+02 +3.550707635e+02 -2.6748e-01 -5.3257e-01 -2.3356e-01 -1.0522e+00 +5.5322e-01 -7.9294e-01 +3.1541e+00 +4.4659e+00 +1.7283e+00 -2.9122e+00
190 +1.484812223e+02 +1.484812223e+02 +2.641612223e+02 +2.641612223e+02 -7.5344e-02 -6.4457e-01 -2.0465e+00 +7.0456e-02 +3.8362e+00 -2.7425e+00 +2.5878e+00 +1.5552e+00 +3.3068e+00 -2.1282e+00
216 +9.808764815e+01 +9.808764815e+01 +2.137676481e+02 +2.137676481e+02 +1.1106e+00 -1.1215e+00 -1.4385e+00 +1.0849e+00 +2.3479e+00 -3.7574e+00 +2.1332e+00 +1.5448e+00 +3.8665e+00 -1.5914e+00
494 +5.416334983e+01 +5.416334983e+01 +1.698433498e+02 +1.698433498e+02 +1.2228e+00 -6.7592e-01 -6.2097e-01 +2.4199e+00 +3.5871e+00 -4.0537e+00 +3.0157e+00 +1.9437e+00 +3.6118e+00 -1.6326e+00
633 +3.675418216e+01 +3.675418216e+01 +1.524341822e+02 +1.524341822e+02 +1.1418e+00 -1.1108e+00 -4.9931e-01 +2.3409e+00 +2.9951e+00 -3.7610e+00 +3.2067e+00 +1.9023e+00 +3.2001e+00 -1.6013e+00
878 +2.148110942e+01 +2.148110942e+01 +1.371611094e+02 +1.371611094e+02 +1.2163e+00 -1.0155e+00 -5.2320e-01 +2.3191e+00 +2.9545e+00 -3.8172e+00 +3.1323e+00 +1.9328e+00 +3.1742e+00 -1.3482e+00
1078 +1.573102901e+01 +1.573102901e+01 +1.314110290e+02 +1.314110290e+02 +1.1801e+00 -9.7353e-01 -5.7176e-01 +2.3570e+00 +2.9541e+00 -3.7706e+00 +3.0837e+00 +1.9676e+00 +3.1440e+00 -1.3608e+00
12408 +9.810003791e+00 +9.810003791e+00 +1.254900038e+02 +1.254900038e+02 +1.1677e+00 -9.3415e-01 -5.9155e-01 +3.7766e+00 +2.9989e+00 -3.7708e+00 +3.0922e+00 +2.3598e+00 +3.5794e+00 -1.6508e+00
71144 +6.203831973e+00 +6.203831973e+00 +1.218838320e+02 +1.218838320e+02 +1.1759e+00 -9.9687e-01 -5.7923e-01 +3.1020e+00 +2.9586e+00 -3.7984e+00 +3.1018e+00 +2.3621e+00 +3.5790e+00 -1.9526e+00
% function evaluation | noise-free fitness - Fopt (-3.710000000000e+00) | best noise-free fitness - Fopt | measured fitness | best measured fitness | x1 | x2...
1 +3.887890334e+02 +3.887890334e+02 +3.850790334e+02 +3.850790334e+02 +3.1571e+00 -2.8333e-01 +1.7959e+00 +1.9919e+00 -3.1346e+00 +1.0111e+00 -1.1686e+00 -3.4058e+00 -2.2155e+00 +6.3978e-01
32 +2.211302509e+02 +2.211302509e+02 +2.174202509e+02 +2.174202509e+02 -1.4286e+00 -3.6687e+00 +8.1905e-02 +2.5529e+00 -3.8320e-01 +4.4156e+00 -2.2423e+00 -3.3140e+00 +1.4977e+00 +6.9305e-02
115 +1.458860531e+02 +1.458860531e+02 +1.421760531e+02 +1.421760531e+02 +9.4469e-01 +6.4994e-01 +2.1506e-01 +3.0938e+00 +1.5305e+00 +3.9237e+00 -3.1990e-01 -2.7345e+00 +7.4826e-01 +1.8293e+00
322 +8.990963201e+01 +8.990963201e+01 +8.619963201e+01 +8.619963201e+01 +9.8721e-02 -4.1395e-01 +3.6360e-01 +2.0626e+00 +2.0633e+00 +4.1885e+00 -1.0706e+00 -1.7870e+00 +1.3333e+00 +7.1314e-01
678 +5.461984001e+01 +5.461984001e+01 +5.090984001e+01 +5.090984001e+01 +8.0426e-01 +7.4144e-02 +1.0621e+00 +3.8392e+00 +2.5849e+00 +4.2116e+00 +1.2624e-01 -2.0059e+00 +2.2858e+00 +2.9554e-01
808 +3.791774732e+01 +3.791774732e+01 +3.420774732e+01 +3.420774732e+01 +1.1932e+00 +2.6937e-01 +1.0131e+00 +3.8742e+00 +2.5783e+00 +4.2170e+00 +1.6507e-01 -2.0555e+00 +2.0159e+00 +6.0545e-01
894 +2.318060242e+01 +2.318060242e+01 +1.947060242e+01 +1.947060242e+01 +1.1891e+00 +2.9141e-01 +9.6337e-01 +3.9698e+00 +2.4991e+00 +4.1564e+00 +1.5693e-01 -1.9585e+00 +2.0064e+00 +6.7029e-01
11445 +1.375620893e+01 +1.375620893e+01 +1.004620893e+01 +1.004620893e+01 +1.1384e+00 -2.2751e+00 +9.1859e-01 +4.6224e+00 +2.4991e+00 +3.1438e+00 -2.9237e-01 -1.9811e+00 +1.9508e+00 +6.7072e-01
12511 +9.990537224e+00 +9.990537224e+00 +6.280537224e+00 +6.280537224e+00 +1.1643e+00 -2.2968e+00 +9.6111e-01 +4.5384e+00 +2.5050e+00 +3.1195e+00 -2.9357e-01 -1.9915e+00 +1.9886e+00 +6.7372e-01
68408 +6.260360660e+00 +6.260360660e+00 +2.550360660e+00 +2.550360660e+00 +2.1074e+00 -2.2917e+00 +9.5811e-01 +4.5775e+00 +2.5135e+00 +3.6751e+00 -3.0091e-01 -1.9939e+00 +1.9904e+00 +6.7238e-01
% function evaluation | noise-free fitness - Fopt (-3.710000000000e+00) | best noise-free fitness - Fopt | measured fitness | best measured fitness | x1 | x2...
1 +1.692249649e+03 +1.692249649e+03 +1.688539649e+03 +1.688539649e+03 +2.9223e+00 -1.2489e+00 +2.7169e+00 -2.7208e+00 +3.9101e+00 -2.6528e+00 +1.4901e+00 -3.8524e+00 -1.3222e+00 -2.1321e+00
5 +1.496593100e+03 +1.496593100e+03 +1.492883100e+03 +1.492883100e+03 +1.9181e+00 -2.9580e+00 +3.9723e+00 -6.3336e-03 +2.0669e+00 -2.8538e+00 -6.0926e-01 -4.5073e+00 -3.7128e+00 -1.4048e+00
7 +9.735574962e+02 +9.735574962e+02 +9.698474962e+02 +9.698474962e+02 +4.1793e+00 -3.2314e-01 +5.2493e-01 -6.0121e+00 +2.6609e+00 -2.0930e+00 +6.0489e-01 -2.3663e+00 -7.5551e-01 -3.3084e+00
16 +5.168449512e+02 +5.168449512e+02 +5.131349512e+02 +5.131349512e+02 +1.5708e+00 -2.2345e+00 +1.6587e+00 -1.3274e+00 +1.8636e+00 +1.7151e+00 +2.9574e-01 -1.9412e-01 +3.6039e-01 -4.8133e+00
33 +3.150281273e+02 +3.150281273e+02 +3.113181273e+02 +3.113181273e+02 +2.6185e+00 -2.2984e+00 -1.0333e+00 -4.6438e-01 +1.3324e+00 +1.6699e+00 -2.3187e+00 -3.5187e+00 -6.1192e-02 -1.4684e+00
97 +2.300806324e+02 +2.300806324e+02 +2.263706324e+02 +2.263706324e+02 +1.1000e+00 -1.1032e+00 -3.1005e+00 +8.5228e-01 +3.3100e+00 +1.4538e+00 -9.6015e-01 -2.7156e+00 +2.4347e+00 -3.4224e-01
140 +1.571350743e+02 +1.571350743e+02 +1.534250743e+02 +1.534250743e+02 +5.4198e-01 +7.5898e-02 +6.9722e-01 -9.8107e-01 +1.9874e+00 +3.0479e+00 -1.1716e+00 -2.3535e+00 +1.9711e+00 +1.9869e-01
279 +7.676536275e+01 +7.676536275e+01 +7.305536275e+01 +7.305536275e+01 +1.9958e+00 -1.5947e+00 -7.9959e-01 +2.6020e+00 +2.5760e+00 +3.6361e+00 -7.9777e-02 -1.5116e+00 +2.0018e+00 +1.2256e+00
752 +6.112346372e+01 +6.112346372e+01 +5.741346372e+01 +5.741346372e+01 +2.8864e+00 -1.4964e+00 +1.7475e+00 +1.8484e+00 +2.3783e+00 +2.1825e+00 -2.7470e-01 -1.5619e+00 +2.0561e+00 +3.1054e-01
865 +3.864421587e+01 +3.864421587e+01 +3.493421587e+01 +3.493421587e+01 +3.0595e+00 -1.4392e+00 +1.7404e+00 +1.9256e+00 +2.5464e+00 +2.2799e+00 -3.7343e-01 -1.6006e+00 +2.3026e+00 +6.2120e-01
1105 +2.484422883e+01 +2.484422883e+01 +2.113422883e+01 +2.113422883e+01 +3.0692e+00 -1.3553e+00 +1.7221e+00 +1.9028e+00 +2.5417e+00 +2.2342e+00 -3.0934e-01 -1.5408e+00 +2.3262e+00 +6.6995e-01
5891 +1.541846021e+01 +1.541846021e+01 +1.170846021e+01 +1.170846021e+01 +1.1220e+00 -1.4037e+00 +1.7684e+00 +4.6093e+00 +3.1332e+00 +3.6502e+00 +1.5678e-01 -2.4083e+00 +2.2966e+00 +1.0243e+00
6208 +9.661076280e+00 +9.661076280e+00 +5.951076280e+00 +5.951076280e+00 +1.1101e+00 -1.3785e+00 +1.7709e+00 +4.6094e+00 +3.1502e+00 +3.6569e+00 +1.4864e-01 -2.3813e+00 +2.3135e+00 +9.7822e-01
108628 +6.304299792e+00 +6.304299792e+00 +2.594299792e+00 +2.594299792e+00 +3.1081e+00 -1.3772e+00 +1.7729e+00 +4.5441e+00 +2.4954e+00 +3.6702e+00 +1.4769e-01 -1.5640e+00 +1.9878e+00 +9.7403e-01
% function evaluation | noise-free fitness - Fopt (-3.710000000000e+00) | best noise-free fitness - Fopt | measured fitness | best measured fitness | x1 | x2...
1 +5.250135102e+03 +5.250135102e+03 +5.246425102e+03 +5.246425102e+03 +1.9129e+00 +1.6233e+00 +3.8799e+00 +3.7424e+00 -1.2672e-01 -2.9270e+00 +3.2103e+00 -1.2091e+00 +1.4371e+00 +9.2143e-01
14 +1.932437466e+03 +1.932437466e+03 +1.928727466e+03 +1.928727466e+03 +2.6516e+00 +5.4396e-01 +3.0597e+00 +4.4725e+00 -1.6265e+00 -8.6153e-01 +1.9480e+00 +6.6857e-01 +5.4707e-01 +1.5362e+00
32 +2.883813238e+02 +2.883813238e+02 +2.846713238e+02 +2.846713238e+02 +6.6790e-01 -1.7102e+00 +2.4423e+00 +5.5095e+00 +2.2065e+00 +2.8456e+00 -1.9339e-01 +2.2197e-01 +1.1998e+00 +1.3534e+00
106 +1.867661290e+02 +1.867661290e+02 +1.830561290e+02 +1.830561290e+02 +2.1926e+00 -3.2233e+00 -7.4759e-01 +3.7711e+00 +2.6386e+00 +2.9796e+00 -2.3178e+00 +8.9037e-01 +2.2076e+00 -1.2546e+00
130 +1.405005296e+02 +1.405005296e+02 +1.367905296e+02 +1.367905296e+02 +1.4961e+00 -1.0334e+00 -3.6084e-01 +3.9120e+00 +2.9832e+00 +1.6374e+00 -1.9285e+00 -1.9838e+00 +1.8920e+00 -3.2579e-02
388 +9.112437676e+01 +9.112437676e+01 +8.741437676e+01 +8.741437676e+01 +1.9993e-01 -1.7913e+00 -6.8626e-01 +3.8935e+00 +1.9624e+00 +2.6784e+00 -2.3861e-01 -2.4683e+00 +1.2174e+00 +1.0302e+00
641 +6.250059223e+01 +6.250059223e+01 +5.879059223e+01 +5.879059223e+01 +1.9290e-02 -2.2130e+00 -6.2311e-01 +3.8100e+00 +2.6147e+00 +3.0156e+00 -2.9688e-01 -2.6121e+00 +1.5953e+00 +7.0399e-01
846 +3.573058567e+01 +3.573058567e+01 +3.202058567e+01 +3.202058567e+01 +1.5685e-02 -2.3600e+00 -6.3422e-01 +3.9265e+00 +2.5299e+00 +3.0794e+00 +1.3416e-01 -2.8926e+00 +1.5873e+00 +6.7549e-01
5304 +2.440884225e+01 +2.440884225e+01 +2.069884225e+01 +2.069884225e+01 +2.1661e+00 -2.3264e+00 +9.7337e-01 +3.2064e+00 +1.9979e+00 +4.1366e+00 -3.4558e-01 -2.0355e+00 +1.9536e+00 +1.0158e+00
5375 +1.553285104e+01 +1.553285104e+01 +1.182285104e+01 +1.182285104e+01 +2.1416e+00 -2.3204e+00 +1.0217e+00 +3.1839e+00 +2.0466e+00 +4.1699e+00 -3.2624e-01 -1.9749e+00 +1.9803e+00 +9.6485e-01
30690 +9.996363182e+00 +9.996363182e+00 +6.286363182e+00 +6.286363182e+00 +1.1610e+00 -3.2066e+00 +9.5908e-01 +3.1727e+00 +2.5128e+00 +3.6757e+00 -3.0088e-01 -1.9932e+00 +1.9868e+00 +6.7200e-01
66249 +5.693741194e+00 +5.693741194e+00 +1.983741194e+00 +1.983741194e+00 +2.1185e+00 -2.2664e+00 +9.6677e-01 +3.8898e+00 +2.4922e+00 +3.6859e+00 -2.9323e-01 -1.9864e+00 +1.9847e+00 +6.7154e-01
% function evaluation | noise-free fitness - Fopt (1.321800000000e+02) | best noise-free fitness - Fopt | measured fitness | best measured fitness | x1 | x2...
1 +1.853061586e+03 +1.853061586e+03 +1.985241586e+03 +1.985241586e+03 -3.9568e+00 +2.0204e-01 +3.6923e+00 +3.3915e+00 -5.1055e-01 +9.9313e-02 +6.8474e-01 -2.9330e+00 +2.1758e+00 -2.8320e+00
12 +6.361753922e+02 +6.361753922e+02 +7.683553922e+02 +7.683553922e+02 -3.3155e+00 +8.5251e-01 +5.9246e-01 +3.1067e+00 -2.6347e+00 -1.3457e+00 +5.6911e-01 -3.8972e+00 +1.1762e+00 -3.7775e+00
26 +5.941916069e+02 +5.941916069e+02 +7.263716069e+02 +7.263716069e+02 -4.0762e+00 -3.9985e-01 +4.1315e+00 +4.7186e+00 -1.2111e+00 -1.2844e+00 -3.3950e-01 -1.3452e+00 +2.0394e-01 -3.5846e+00
45 +2.883316640e+02 +2.883316640e+02 +4.205116640e+02 +4.205116640e+02 +1.3456e-01 +2.6727e+00 +2.6122e+00 +2.8164e+00 +1.5686e+00 -9.9045e-01 +1.3703e+00 -3.4549e+00 -7.2917e-01 -8.8239e-01
68 +2.484747710e+02 +2.484747710e+02 +3.806547710e+02 +3.806547710e+02 +6.3522e-01 -1.1278e+00 +2.6371e+00 +5.4228e-01 +1.1114e+00 -6.0059e-01 +1.5707e-01 -2.2513e+00 -1.6341e+00 +2.3379e+00
168 +1.390400930e+02 +1.390400930e+02 +2.712200930e+02 +2.712200930e+02 -1.8906e-01 +1.6337e+00 +9.1770e-01 -3.4132e+00 -1.0093e+00 -1.5573e+00 +1.2926e+00 +1.1875e+00 -1.4265e-01 +1.0912e+00
240 +8.277681282e+01 +8.277681282e+01 +2.149568128e+02 +2.149568128e+02 -1.6100e+00 +1.4806e+00 +2.4479e+00 -1.3604e+00 +1.3446e+00 -1.6088e+00 +2.1577e+00 -2.2348e-01 +5.0106e-01 +4.0621e-01
815 +5.734541062e+01 +5.734541062e+01 +1.895254106e+02 +1.895254106e+02 -2.0459e-01 +1.4406e+00 +2.7811e+00 -2.5094e+00 +2.5439e+00 -1.6509e+00 +1.3907e+00 +4.3058e-01 +5.3701e-01 +7.3102e-01
1210 +3.438351339e+01 +3.438351339e+01 +1.665635134e+02 +1.665635134e+02 +7.6451e-01 +1.2576e+00 +2.6555e+00 -1.9177e+00 +1.8951e+00 -1.0452e+00 +1.8517e+00 +5.0858e-01 +1.3250e-01 +7.4745e-01
1332 +2.489724260e+01 +2.489724260e+01 +1.570772426e+02 +1.570772426e+02 +7.5121e-01 +1.4127e+00 +2.6256e+00 -1.9600e+00 +1.8872e+00 -1.0234e+00 +1.7995e+00 +5.0894e-01 +1.5400e-01 +7.7610e-01
5456 +1.464700212e+01 +1.464700212e+01 +1.468270021e+02 +1.468270021e+02 +2.7457e+00 +1.5469e+00 +2.6707e+00 -1.3641e+00 +1.3456e+00 -5.5128e-01 +1.7948e+00 -2.9847e-01 +5.9097e-01 +7.1423e-01
12964 +9.985024069e+00 +9.985024069e+00 +1.421650241e+02 +1.421650241e+02 +1.8020e+00 +5.7539e-01 +3.4579e+00 -1.3332e+00 +1.8420e+00 -1.5977e+00 +1.8208e+00 +9.6167e-02 +5.8207e-01 +4.0719e-01
69332 +6.238315055e+00 +6.238315055e+00 +1.384183151e+02 +1.384183151e+02 +2.7592e+00 +1.4837e+00 +2.6514e+00 -1.9692e+00 +1.8460e+00 -1.6046e+00 +1.8228e+00 +1.0402e-01 +5.8598e-01 +4.0966e-01
% function evaluation | noise-free fitness - Fopt (1.321800000000e+02) | best noise-free fitness - Fopt | measured fitness | best measured fitness | x1 | x2...
1 +6.201149586e+03 +6.201149586e+03 +6.333329586e+03 +6.333329586e+03 +2.2450e+00 +3.9433e+00 -3.4213e+00 +2.4453e+00 +8.6010e-01 +1.6713e-01 -1.5635e+00 -2.2220e+00 +3.5741e+00 -1.9138e+00
2 +2.021915321e+03 +2.021915321e+03 +2.154095321e+03 +2.154095321e+03 +2.8235e+00 +5.7387e+00 -6.6515e+00 +4.9054e+00 +2.5737e+00 +3.0412e+00 -2.0514e-02 -3.5361e-01 +2.0492e+00 -2.2084e+00
9 +5.589394492e+02 +5.589394492e+02 +6.911194492e+02 +6.911194492e+02 +2.9015e+00 +3.4409e+00 -5.3985e+00 +1.8779e+00 +1.8137e+00 -4.2417e-01 +8.0819e-01 -1.1857e+00 +9.7495e-01 -4.4445e+00
62 +3.308780161e+02 +3.308780161e+02 +4.630580161e+02 +4.630580161e+02 +2.5109e+00 +5.8350e+00 -4.2977e+00 +9.2671e-01 +7.2037e-01 +1.0708e+00 +2.2127e+00 -1.1738e+00 +8.6950e-02 -2.4983e-01
99 +1.907911742e+02 +1.907911742e+02 +3.229711742e+02 +3.229711742e+02 +2.2783e+00 +4.8145e+00 -7.5034e-01 -3.9777e+00 -1.9632e-01 -8.6269e-03 +1.0770e+00 +4.0271e-01 +1.3325e-01 +1.1393e+00
183 +1.434501677e+02 +1.434501677e+02 +2.756301677e+02 +2.756301677e+02 +1.0220e+00 +3.2504e+00 +2.7938e+00 -1.3349e+00 +1.8168e+00 -4.3119e-01 +6.9680e-01 +1.4763e+00 +2.1796e-01 -6.1071e-01
255 +9.654712530e+01 +9.654712530e+01 +2.287271253e+02 +2.287271253e+02 +9.0396e-01 +4.3074e+00 +2.1202e+00 -2.0112e+00 +1.8236e+00 -4.6287e-02 +7.2890e-01 -7.2339e-01 -1.4344e-01 +7.0634e-01
831 +6.229858439e+01 +6.229858439e+01 +1.944785844e+02 +1.944785844e+02 +3.7140e+00 +5.5057e-01 +1.9108e+00 -1.8852e+00 +1.8518e+00 +4.4987e-01 +1.8008e+00 +5.7479e-01 +9.4005e-02 +4.9773e-01
891 +3.325784654e+01 +3.325784654e+01 +1.654378465e+02 +1.654378465e+02 +3.7550e+00 +5.3017e-01 +2.0505e+00 -1.9685e+00 +1.7534e+00 +6.0291e-01 +1.6964e+00 +5.1985e-01 +1.3723e-01 +4.1813e-01
1060 +2.472700294e+01 +2.472700294e+01 +1.569070029e+02 +1.569070029e+02 +3.7664e+00 +5.4025e-01 +2.0499e+00 -1.9615e+00 +1.8423e+00 +6.1157e-01 +1.8045e+00 +5.3075e-01 +1.1877e-01 +4.0331e-01
4996 +1.560406086e+01 +1.560406086e+01 +1.477840609e+02 +1.477840609e+02 +1.8006e+00 +2.3972e+00 +2.6489e+00 -7.3054e-01 +1.8773e+00 -1.0688e+00 +1.7863e+00 +9.3163e-02 +5.6669e-01 +7.2228e-01
31289 +9.985893428e+00 +9.985893428e+00 +1.421658934e+02 +1.421658934e+02 +1.8038e+00 +1.4804e+00 +2.6341e+00 -1.9630e+00 +1.8422e+00 -1.6003e+00 +1.8158e+00 -2.9265e-01 +5.7802e-01 +4.0925e-01
48626 +6.208955916e+00 +6.208955916e+00 +1.383889559e+02 +1.383889559e+02 +2.7694e+00 +1.4603e+00 +2.6355e+00 -1.3337e+00 +1.8566e+00 -1.0472e+00 +1.8139e+00 +9.8045e-02 +5.8068e-01 +4.0715e-01
90335 +3.981065697e+00 +3.981065697e+00 +1.361610657e+02 +1.361610657e+02 +3.7625e+00 +1.4818e+00 +2.6360e+00 -1.9649e+00 +1.8451e+00 -1.6011e+00 +1.8177e+00 +9.7401e-02 +9.2782e-01 +4.0904e-01
% function evaluation | noise-free fitness - Fopt (1.321800000000e+02) | best noise-free fitness - Fopt | measured fitness | best measured fitness | x1 | x2...
1 +5.534847912e+02 +5.534847912e+02 +6.856647912e+02 +6.856647912e+02 +1.3492e+00 -2.6467e+00 -2.8038e+00 +1.1275e+00 -4.9963e-01 -1.3115e-01 -3.3697e+00 -2.6468e+00 -8.3722e-01 -2.3812e+00
17 +2.694129517e+02 +2.694129517e+02 +4.015929517e+02 +4.015929517e+02 +4.1636e+00 -3.7134e+00 -5.7315e-01 -1.5098e-01 +8.4564e-01 -1.3719e+00 +1.0862e+00 -2.4582e+00 +9.8392e-01 -9.1065e-01
33 +1.898559111e+02 +1.898559111e+02 +3.220359111e+02 +3.220359111e+02 +3.7798e+00 -3.3086e-01 -4.3641e-01 +5.8728e-01 +1.5539e+00 -1.0941e+00 -8.4541e-02 -1.2684e+00 +1.0608e-01 -1.5305e+00
71 +1.541397796e+02 +1.541397796e+02 +2.863197796e+02 +2.863197796e+02 +3.0328e+00 +6.7294e-01 +1.8981e+00 +5.6665e-02 +1.6224e-01 -3.8375e-01 +2.0433e+00 -1.7217e-01 +4.5103e-02 -2.0949e-02
195 +9.028260296e+01 +9.028260296e+01 +2.224626030e+02 +2.224626030e+02 +1.7410e+00 +1.3718e+00 +2.8078e+00 -1.0403e+00 +2.5129e+00 -1.1990e+00 +1.3394e+00 +5.5423e-01 -6.5699e-02 +1.0452e+00
515 +5.103213785e+01 +5.103213785e+01 +1.832121378e+02 +1.832121378e+02 +2.7456e+00 +1.2539e+00 +1.0666e+00 -7.0944e-01 +1.8785e+00 -9.4085e-01 +1.6816e+00 +1.4572e-01 +1.6329e-01 +4.2692e-01
687 +2.830187958e+01 +2.830187958e+01 +1.604818796e+02 +1.604818796e+02 +2.7343e+00 +1.5332e+00 +1.0359e+00 -5.4951e-01 +1.8121e+00 -1.0181e+00 +1.7831e+00 +5.1059e-01 +1.5755e-01 +7.3232e-01
773 +2.407394766e+01 +2.407394766e+01 +1.562539477e+02 +1.562539477e+02 +2.7614e+00 +1.5237e+00 +1.0604e+00 -6.5510e-01 +1.8208e+00 -1.0240e+00 +1.8226e+00 +5.3258e-01 +1.5268e-01 +7.0975e-01
5511 +1.525713638e+01 +1.525713638e+01 +1.474371364e+02 +1.474371364e+02 +1.7989e+00 +1.4973e+00 +3.4568e+00 -2.7548e+00 +1.8660e+00 -1.5763e+00 +1.8237e+00 -3.1136e-01 +9.1482e-01 +9.7982e-01
12458 +9.718343176e+00 +9.718343176e+00 +1.418983432e+02 +1.418983432e+02 +2.7304e+00 +1.4732e+00 +2.6184e+00 -1.9769e+00 +1.8696e+00 -1.0142e+00 +1.8002e+00 +8.0748e-02 +5.7266e-01 +6.9414e-01
12967 +6.297488059e+00 +6.297488059e+00 +1.384774881e+02 +1.384774881e+02 +2.7711e+00 +1.4859e+00 +2.6579e+00 -1.9665e+00 +1.8500e+00 -1.0507e+00 +1.8280e+00 +9.7788e-02 +5.7858e-01 +7.1632e-01
303160 +3.980726372e+00 +3.980726372e+00 +1.361607264e+02 +1.361607264e+02 +3.7629e+00 +1.4828e+00 +3.4615e+00 -1.3348e+00 +2.4918e+00 -1.0565e+00 +1.8178e+00 +9.8010e-02 +5.8082e-01 +9.8865e-02
