% function evaluation | noise-free fitness - Fopt (7.135000000000e+01) | best noise-free fitness - Fopt | measured fitness | best measured fitness | x1 | x2...
1 +2.510213579e+02 +2.510213579e+02 +3.223713579e+02 +3.223713579e+02 +1.0169e-01 +1.8674e+00 -3.8506e+00
4 +7.088239326e+01 +7.088239326e+01 +1.422323933e+02 +1.422323933e+02 -2.6426e+00 +4.0781e+00 -6.0525e+00
8 +4.692344281e+01 +4.692344281e+01 +1.182734428e+02 +1.182734428e+02 +5.5975e-01 +1.9851e+00 -2.5986e+00
11 +2.883547798e+00 +2.883547798e+00 +7.423354780e+01 +7.423354780e+01 -2.9227e+00 +4.7987e+00 -5.2727e+00
1572 +2.006128757e+00 +2.006128757e+00 +7.335612876e+01 +7.335612876e+01 +2.1982e+00 -5.3883e+00 +9.1643e-01
1662 +1.570649167e+00 +1.570649167e+00 +7.292064917e+01 +7.292064917e+01 +2.2204e+00 -5.3607e+00 +9.2681e-01
1720 +8.089851705e-01 +8.089851705e-01 +7.215898517e+01 +7.215898517e+01 +2.2113e+00 -5.4206e+00 +7.9296e-01
3762 +3.888278483e-01 +3.888278483e-01 +7.173882785e+01 +7.173882785e+01 +1.4948e+00 +1.4004e+00 -3.4519e+00
3893 +1.076036300e-01 +1.076036300e-01 +7.145760363e+01 +7.145760363e+01 +1.3853e+00 +1.5430e+00 -3.2879e+00
3942 +4.435535020e-02 +4.435535020e-02 +7.139435535e+01 +7.139435535e+01 +1.4713e+00 +1.4514e+00 -3.3295e+00
3976 +3.357603706e-02 +3.357603706e-02 +7.138357604e+01 +7.138357604e+01 +1.4314e+00 +1.4997e+00 -3.3364e+00
3989 +1.933463438e-02 +1.933463438e-02 +7.136933463e+01 +7.136933463e+01 +1.4216e+00 +1.5069e+00 -3.3115e+00
4003 +1.162767113e-02 +1.162767113e-02 +7.136162767e+01 +7.136162767e+01 +1.4099e+00 +1.5229e+00 -3.3162e+00
4060 +6.201596963e-03 +6.201596963e-03 +7.135620160e+01 +7.135620160e+01 +1.4139e+00 +1.5166e+00 -3.3135e+00
4080 +8.982425851e-04 +8.982425851e-04 +7.135089824e+01 +7.135089824e+01 +1.4220e+00 +1.5062e+00 -3.3219e+00
4139 +5.230052170e-04 +5.230052170e-04 +7.135052301e+01 +7.135052301e+01 +1.4241e+00 +1.5035e+00 -3.3219e+00
4229 +2.361314912e-04 +2.361314912e-04 +7.135023613e+01 +7.135023613e+01 +1.4225e+00 +1.5059e+00 -3.3190e+00
4247 +6.745767686e-05 +6.745767686e-05 +7.135006746e+01 +7.135006746e+01 +1.4217e+00 +1.5069e+00 -3.3192e+00
4261 +3.532369116e-05 +3.532369116e-05 +7.135003532e+01 +7.135003532e+01 +1.4206e+00 +1.5081e+00 -3.3189e+00
4396 +1.343644698e-05 +1.343644698e-05 +7.135001344e+01 +7.135001344e+01 +1.4208e+00 +1.5079e+00 -3.3191e+00
4440 +1.206758540e-06 +1.206758540e-06 +7.135000121e+01 +7.135000121e+01 +1.4212e+00 +1.5077e+00 -3.3195e+00
4567 +8.113216694e-07 +8.113216694e-07 +7.135000081e+01 +7.135000081e+01 +1.4210e+00 +1.5077e+00 -3.3194e+00
4594 +5.372498748e-07 +5.372498748e-07 +7.135000054e+01 +7.135000054e+01 +1.4211e+00 +1.5078e+00 -3.3194e+00
4647 +2.747745498e-07 +2.747745498e-07 +7.135000027e+01 +7.135000027e+01 +1.4210e+00 +1.5078e+00 -3.3194e+00
4652 +1.884875331e-07 +1.884875331e-07 +7.135000019e+01 +7.135000019e+01 +1.4211e+00 +1.5076e+00 -3.3194e+00
4658 +1.578436439e-07 +1.578436439e-07 +7.135000016e+01 +7.135000016e+01 +1.4211e+00 +1.5077e+00 -3.3194e+00
4693 +1.086277734e-10 +1.086277734e-10 +7.135000000e+01 +7.135000000e+01 +1.4211e+00 +1.5077e+00 -3.3194e+00
% function evaluation | noise-free fitness - Fopt (7.135000000000e+01) | best noise-free fitness - Fopt | measured fitness | best measured fitness | x1 | x2...
1 +9.892234133e+01 +9.892234133e+01 +1.702723413e+02 +1.702723413e+02 +7.4222e-01 -3.4768e+00 +3.2186e+00
2 +4.760081460e+01 +4.760081460e+01 +1.189508146e+02 +1.189508146e+02 +3.0915e+00 -1.9443e+00 +5.9175e-01
9 +3.096784258e+01 +3.096784258e+01 +1.023178426e+02 +1.023178426e+02 +2.2475e+00 -4.7989e+00 -3.0662e-01
42 +2.325416096e+01 +2.325416096e+01 +9.460416096e+01 +9.460416096e+01 -1.9235e+00 -4.6036e+00 +3.1541e+00
47 +1.293499411e+01 +1.293499411e+01 +8.428499411e+01 +8.428499411e+01 -1.7625e+00 -4.5044e+00 +3.6191e+00
56 +8.661010272e+00 +8.661010272e+00 +8.001101027e+01 +8.001101027e+01 -1.9792e+00 -4.7173e+00 +2.8265e+00
281 +3.893709873e+00 +3.893709873e+00 +7.524370987e+01 +7.524370987e+01 -5.1582e+00 -4.8315e+00 +3.7856e+00
312 +2.405355337e+00 +2.405355337e+00 +7.375535534e+01 +7.375535534e+01 -4.8605e+00 -5.4478e+00 +3.9255e+00
321 +1.440980570e+00 +1.440980570e+00 +7.279098057e+01 +7.279098057e+01 -4.9435e+00 -5.0626e+00 +3.9481e+00
322 +5.753409921e-01 +5.753409921e-01 +7.192534099e+01 +7.192534099e+01 -4.7493e+00 -5.3684e+00 +3.7153e+00
439 +3.608295658e-01 +3.608295658e-01 +7.171082957e+01 +7.171082957e+01 -4.8961e+00 -5.2207e+00 +3.7266e+00
630 +2.486765408e-01 +2.486765408e-01 +7.159867654e+01 +7.159867654e+01 -4.8799e+00 -5.2399e+00 +3.7159e+00
1893 +4.551293738e-02 +4.551293738e-02 +7.139551294e+01 +7.139551294e+01 -2.6284e+00 +3.3882e+00 -2.9352e+00
2021 +2.081984201e-02 +2.081984201e-02 +7.137081984e+01 +7.137081984e+01 -2.6921e+00 +3.4612e+00 -2.9494e+00
2071 +6.937974569e-03 +6.937974569e-03 +7.135693797e+01 +7.135693797e+01 -2.6984e+00 +3.4656e+00 -2.9375e+00
2098 +5.405696842e-03 +5.405696842e-03 +7.135540570e+01 +7.135540570e+01 -2.7093e+00 +3.4772e+00 -2.9223e+00
2135 +8.760424981e-04 +8.760424981e-04 +7.135087604e+01 +7.135087604e+01 -2.6941e+00 +3.4608e+00 -2.9301e+00
2158 +5.173704497e-04 +5.173704497e-04 +7.135051737e+01 +7.135051737e+01 -2.6915e+00 +3.4576e+00 -2.9288e+00
2194 +3.782701772e-04 +3.782701772e-04 +7.135037827e+01 +7.135037827e+01 -2.6962e+00 +3.4634e+00 -2.9241e+00
2215 +5.381504575e-05 +5.381504575e-05 +7.135005382e+01 +7.135005382e+01 -2.6938e+00 +3.4597e+00 -2.9281e+00
2263 +2.108868023e-05 +2.108868023e-05 +7.135002109e+01 +7.135002109e+01 -2.6935e+00 +3.4591e+00 -2.9287e+00
2298 +7.932793125e-06 +7.932793125e-06 +7.135000793e+01 +7.135000793e+01 -2.6928e+00 +3.4584e+00 -2.9286e+00
2321 +5.525516201e-06 +5.525516201e-06 +7.135000553e+01 +7.135000553e+01 -2.6930e+00 +3.4586e+00 -2.9286e+00
2328 +3.179200803e-06 +3.179200803e-06 +7.135000318e+01 +7.135000318e+01 -2.6931e+00 +3.4587e+00 -2.9283e+00
2378 +1.264153951e-06 +1.264153951e-06 +7.135000126e+01 +7.135000126e+01 -2.6934e+00 +3.4590e+00 -2.9282e+00
2389 +6.896370053e-08 +6.896370053e-08 +7.135000007e+01 +7.135000007e+01 -2.6935e+00 +3.4591e+00 -2.9282e+00
2492 +4.066160386e-08 +4.066160386e-08 +7.135000004e+01 +7.135000004e+01 -2.6934e+00 +3.4590e+00 -2.9283e+00
2505 +1.766039759e-08 +1.766039759e-08 +7.135000002e+01 +7.135000002e+01 -2.6935e+00 +3.4591e+00 -2.9283e+00
2528 +1.143718009e-09 +1.143718009e-09 +7.135000000e+01 +7.135000000e+01 -2.6935e+00 +3.4591e+00 -2.9283e+00
2531 +9.607958873e-10 +9.607958873e-10 +7.135000000e+01 +7.135000000e+01 -2.6935e+00 +3.4591e+00 -2.9283e+00
% function evaluation | noise-free fitness - Fopt (7.135000000000e+01) | best noise-free fitness - Fopt | measured fitness | best measured fitness | x1 | x2...
1 +6.746197429e+01 +6.746197429e+01 +1.388119743e+02 +1.388119743e+02 +3.0792e+00 +3.5699e+00 -2.8060e+00
3 +1.523749366e+01 +1.523749366e+01 +8.658749366e+01 +8.658749366e+01 +5.2850e+00 +9.3101e-01 -5.5344e+00
87 +8.878147108e+00 +8.878147108e+00 +8.022814711e+01 +8.022814711e+01 +2.8099e+00 +3.8664e+00 -9.0766e-01
130 +5.730428618e+00 +5.730428618e+00 +7.708042862e+01 +7.708042862e+01 +2.9645e+00 +3.6473e+00 -1.2152e+00
131 +3.581379066e+00 +3.581379066e+00 +7.493137907e+01 +7.493137907e+01 +4.2733e+00 +3.1930e+00 -3.0466e+00
226 +2.240610499e+00 +2.240610499e+00 +7.359061050e+01 +7.359061050e+01 +3.5912e+00 +3.7626e+00 -2.9208e+00
234 +6.128261768e-01 +6.128261768e-01 +7.196282618e+01 +7.196282618e+01 +3.5041e+00 +3.8893e+00 -3.0744e+00
283 +1.774383381e-01 +1.774383381e-01 +7.152743834e+01 +7.152743834e+01 +3.6298e+00 +3.8150e+00 -3.0413e+00
317 +1.458030216e-01 +1.458030216e-01 +7.149580302e+01 +7.149580302e+01 +3.6927e+00 +3.6856e+00 -3.1189e+00
350 +4.464341748e-02 +4.464341748e-02 +7.139464342e+01 +7.139464342e+01 +3.7525e+00 +3.6425e+00 -3.1262e+00
388 +3.109912554e-02 +3.109912554e-02 +7.138109913e+01 +7.138109913e+01 +3.7352e+00 +3.6566e+00 -3.1245e+00
404 +1.352134207e-02 +1.352134207e-02 +7.136352134e+01 +7.136352134e+01 +3.7185e+00 +3.6825e+00 -3.1203e+00
406 +4.905016526e-03 +4.905016526e-03 +7.135490502e+01 +7.135490502e+01 +3.7121e+00 +3.6838e+00 -3.1208e+00
446 +2.426472927e-03 +2.426472927e-03 +7.135242647e+01 +7.135242647e+01 +3.7201e+00 +3.6761e+00 -3.1239e+00
453 +1.166398320e-03 +1.166398320e-03 +7.135116640e+01 +7.135116640e+01 +3.7175e+00 +3.6791e+00 -3.1251e+00
491 +8.671324515e-04 +8.671324515e-04 +7.135086713e+01 +7.135086713e+01 +3.7222e+00 +3.6757e+00 -3.1270e+00
492 +2.005528885e-04 +2.005528885e-04 +7.135020055e+01 +7.135020055e+01 +3.7178e+00 +3.6812e+00 -3.1264e+00
500 +1.431235581e-04 +1.431235581e-04 +7.135014312e+01 +7.135014312e+01 +3.7161e+00 +3.6816e+00 -3.1268e+00
526 +9.107400817e-05 +9.107400817e-05 +7.135009107e+01 +7.135009107e+01 +3.7173e+00 +3.6813e+00 -3.1269e+00
528 +5.556796597e-05 +5.556796597e-05 +7.135005557e+01 +7.135005557e+01 +3.7163e+00 +3.6825e+00 -3.1271e+00
548 +2.426935490e-05 +2.426935490e-05 +7.135002427e+01 +7.135002427e+01 +3.7159e+00 +3.6826e+00 -3.1272e+00
561 +8.774784263e-06 +8.774784263e-06 +7.135000877e+01 +7.135000877e+01 +3.7169e+00 +3.6813e+00 -3.1274e+00
564 +3.742134510e-06 +3.742134510e-06 +7.135000374e+01 +7.135000374e+01 +3.7168e+00 +3.6815e+00 -3.1274e+00
610 +7.400718260e-07 +7.400718260e-07 +7.135000074e+01 +7.135000074e+01 +3.7166e+00 +3.6818e+00 -3.1273e+00
634 +4.952651409e-07 +4.952651409e-07 +7.135000050e+01 +7.135000050e+01 +3.7168e+00 +3.6816e+00 -3.1273e+00
667 +1.057983638e-07 +1.057983638e-07 +7.135000011e+01 +7.135000011e+01 +3.7167e+00 +3.6817e+00 -3.1273e+00
677 +8.742270552e-08 +8.742270552e-08 +7.135000009e+01 +7.135000009e+01 +3.7167e+00 +3.6817e+00 -3.1273e+00
681 +5.094338462e-08 +5.094338462e-08 +7.135000005e+01 +7.135000005e+01 +3.7167e+00 +3.6817e+00 -3.1273e+00
699 +1.608664491e-08 +1.608664491e-08 +7.135000002e+01 +7.135000002e+01 +3.7167e+00 +3.6816e+00 -3.1273e+00
741 +4.693021083e-09 +4.693021083e-09 +7.135000000e+01 +7.135000000e+01 +3.7167e+00 +3.6817e+00 -3.1273e+00
% function evaluation | noise-free fitness - Fopt (-3.552200000000e+02) | best noise-free fitness - Fopt | measured fitness | best measured fitness | x1 | x2...
1 +3.914828229e+01 +3.914828229e+01 -3.160717177e+02 -3.160717177e+02 +1.4496e-01 +1.9391e+00 -2.6121e-01
18 +2.018826251e+01 +2.018826251e+01 -3.350317375e+02 -3.350317375e+02 -4.5999e+00 +2.0948e+00 -3.7972e+00
45 +1.465092355e+01 +1.465092355e+01 -3.405690764e+02 -3.405690764e+02 -3.7960e+00 +2.9442e+00 -5.1554e+00
112 +8.949958828e+00 +8.949958828e+00 -3.462700412e+02 -3.462700412e+02 -1.2059e-01 +4.6445e+00 -1.6864e+00
689 +6.270435120e+00 +6.270435120e+00 -3.489495649e+02 -3.489495649e+02 -4.6946e+00 +6.3159e+00 -3.6137e+00
2021 +1.933343865e+00 +1.933343865e+00 -3.532866561e+02 -3.532866561e+02 +1.3335e-01 -1.0795e+00 +1.4288e+00
2139 +1.094085581e+00 +1.094085581e+00 -3.541259144e+02 -3.541259144e+02 +1.7979e-01 -1.2282e+00 +1.5443e+00
2145 +4.516446467e-01 +4.516446467e-01 -3.547683554e+02 -3.547683554e+02 +1.5767e-01 -1.0967e+00 +1.4374e+00
2247 +3.633540115e-01 +3.633540115e-01 -3.548566460e+02 -3.548566460e+02 +1.6324e-01 -1.2196e+00 +1.3206e+00
2267 +2.609760716e-02 +2.609760716e-02 -3.551939024e+02 -3.551939024e+02 +1.8710e-01 -1.2806e+00 +1.3626e+00
2288 +4.648222147e-03 +4.648222147e-03 -3.552153518e+02 -3.552153518e+02 +1.8482e-01 -1.3055e+00 +1.3326e+00
6996 +6.586246419e-04 +6.586246419e-04 -3.552193414e+02 -3.552193414e+02 -4.1963e+00 -4.8739e+00 -2.8063e+00
7106 +4.547279099e-04 +4.547279099e-04 -3.552195453e+02 -3.552195453e+02 -4.1977e+00 -4.8751e+00 -2.8054e+00
7111 +1.023288787e-04 +1.023288787e-04 -3.552198977e+02 -3.552198977e+02 -4.1976e+00 -4.8741e+00 -2.8072e+00
7132 +6.160111997e-05 +6.160111997e-05 -3.552199384e+02 -3.552199384e+02 -4.1974e+00 -4.8762e+00 -2.8070e+00
7174 +2.269314734e-05 +2.269314734e-05 -3.552199773e+02 -3.552199773e+02 -4.1976e+00 -4.8758e+00 -2.8078e+00
7264 +1.218731074e-05 +1.218731074e-05 -3.552199878e+02 -3.552199878e+02 -4.1976e+00 -4.8747e+00 -2.8070e+00
7275 +8.731606499e-06 +8.731606499e-06 -3.552199913e+02 -3.552199913e+02 -4.1975e+00 -4.8752e+00 -2.8074e+00
7295 +3.135460474e-06 +3.135460474e-06 -3.552199969e+02 -3.552199969e+02 -4.1976e+00 -4.8754e+00 -2.8076e+00
7340 +1.375535533e-06 +1.375535533e-06 -3.552199986e+02 -3.552199986e+02 -4.1976e+00 -4.8751e+00 -2.8073e+00
7359 +5.035219601e-07 +5.035219601e-07 -3.552199995e+02 -3.552199995e+02 -4.1976e+00 -4.8751e+00 -2.8072e+00
7396 +3.594861369e-07 +3.594861369e-07 -3.552199996e+02 -3.552199996e+02 -4.1976e+00 -4.8751e+00 -2.8072e+00
7401 +1.609285505e-07 +1.609285505e-07 -3.552199998e+02 -3.552199998e+02 -4.1976e+00 -4.8751e+00 -2.8073e+00
7417 +5.339092013e-08 +5.339092013e-08 -3.552199999e+02 -3.552199999e+02 -4.1976e+00 -4.8752e+00 -2.8073e+00
7472 +3.347730626e-08 +3.347730626e-08 -3.552200000e+02 -3.552200000e+02 -4.1976e+00 -4.8751e+00 -2.8073e+00
7484 +1.687232043e-08 +1.687232043e-08 -3.552200000e+02 -3.552200000e+02 -4.1976e+00 -4.8751e+00 -2.8073e+00
7494 +5.445940587e-09 +5.445940587e-09 -3.552200000e+02 -3.552200000e+02 -4.1976e+00 -4.8752e+00 -2.8073e+00
7507 +2.102069629e-10 +2.102069629e-10 -3.552200000e+02 -3.552200000e+02 -4.1976e+00 -4.8752e+00 -2.8073e+00
% function evaluation | noise-free fitness - Fopt (-3.552200000000e+02) | best noise-free fitness - Fopt | measured fitness | best measured fitness | x1 | x2...
1 +1.282508921e+02 +1.282508921e+02 -2.269691079e+02 -2.269691079e+02 -1.6370e-01 +1.2374e+00 +3.8642e+00
2 +9.796691763e+01 +9.796691763e+01 -2.572530824e+02 -2.572530824e+02 +1.1240e+00 -1.4488e+00 +6.2825e+00
5 +5.266643969e+01 +5.266643969e+01 -3.025535603e+02 -3.025535603e+02 +1.0784e-01 +4.9990e-01 +3.4529e+00
15 +2.381160082e+01 +2.381160082e+01 -3.314083992e+02 -3.314083992e+02 +2.0337e+00 +1.2302e+00 +1.9236e+00
24 +9.589034788e+00 +9.589034788e+00 -3.456309652e+02 -3.456309652e+02 -8.3883e-01 +1.7251e+00 +3.6587e+00
74 +5.919809576e+00 +5.919809576e+00 -3.493001904e+02 -3.493001904e+02 +1.3824e+00 +8.2576e-01 +3.2436e+00
121 +3.529874841e+00 +3.529874841e+00 -3.516901252e+02 -3.516901252e+02 +3.2207e+00 +1.0540e+00 +4.2250e-01
140 +2.100929998e+00 +2.100929998e+00 -3.531190700e+02 -3.531190700e+02 +2.2343e+00 +1.2577e+00 +1.5063e+00
252 +1.286892189e+00 +1.286892189e+00 -3.539331078e+02 -3.539331078e+02 +3.1225e+00 +1.7585e+00 +5.6894e-01
278 +7.586033227e-01 +7.586033227e-01 -3.544613967e+02 -3.544613967e+02 +3.1270e+00 +1.7486e+00 +5.1755e-01
329 +5.374970882e-01 +5.374970882e-01 -3.546825029e+02 -3.546825029e+02 +3.1237e+00 +1.7699e+00 +5.5039e-01
383 +3.975671686e-01 +3.975671686e-01 -3.548224328e+02 -3.548224328e+02 +3.1255e+00 +1.7699e+00 +5.5321e-01
1646 +2.050852029e-01 +2.050852029e-01 -3.550149148e+02 -3.550149148e+02 +1.7296e+00 +2.1403e+00 -4.0388e+00
1650 +3.276114592e-02 +3.276114592e-02 -3.551872389e+02 -3.551872389e+02 +1.7189e+00 +2.0945e+00 -4.0774e+00
1718 +3.889071683e-03 +3.889071683e-03 -3.552161109e+02 -3.552161109e+02 +1.7195e+00 +2.0582e+00 -4.1318e+00
1773 +1.204104642e-03 +1.204104642e-03 -3.552187959e+02 -3.552187959e+02 +1.7182e+00 +2.0484e+00 -4.1447e+00
1828 +7.013849270e-04 +7.013849270e-04 -3.552192986e+02 -3.552192986e+02 +1.7171e+00 +2.0529e+00 -4.1392e+00
1848 +1.255304344e-04 +1.255304344e-04 -3.552198745e+02 -3.552198745e+02 +1.7173e+00 +2.0450e+00 -4.1463e+00
1908 +7.077405462e-05 +7.077405462e-05 -3.552199292e+02 -3.552199292e+02 +1.7177e+00 +2.0456e+00 -4.1436e+00
1911 +4.616299526e-05 +4.616299526e-05 -3.552199538e+02 -3.552199538e+02 +1.7173e+00 +2.0463e+00 -4.1453e+00
1947 +4.551746144e-06 +4.551746144e-06 -3.552199954e+02 -3.552199954e+02 +1.7175e+00 +2.0471e+00 -4.1431e+00
2033 +3.291275505e-06 +3.291275505e-06 -3.552199967e+02 -3.552199967e+02 +1.7175e+00 +2.0475e+00 -4.1427e+00
2054 +2.225112667e-06 +2.225112667e-06 -3.552199978e+02 -3.552199978e+02 +1.7175e+00 +2.0469e+00 -4.1436e+00
2105 +1.236711796e-06 +1.236711796e-06 -3.552199988e+02 -3.552199988e+02 +1.7174e+00 +2.0475e+00 -4.1430e+00
2129 +2.271514745e-07 +2.271514745e-07 -3.552199998e+02 -3.552199998e+02 +1.7174e+00 +2.0471e+00 -4.1434e+00
2158 +1.352723871e-07 +1.352723871e-07 -3.552199999e+02 -3.552199999e+02 +1.7174e+00 +2.0472e+00 -4.1432e+00
2183 +8.795581152e-08 +8.795581152e-08 -3.552199999e+02 -3.552199999e+02 +1.7174e+00 +2.0472e+00 -4.1432e+00
2184 +3.730633580e-09 +3.730633580e-09 -3.552200000e+02 -3.552200000e+02 +1.7174e+00 +2.0471e+00 -4.1433e+00
2188 +2.291358214e-10 +2.291358214e-10 -3.552200000e+02 -3.552200000e+02 +1.7174e+00 +2.0471e+00 -4.1432e+00
% function evaluation | noise-free fitness - Fopt (-3.552200000000e+02) | best noise-free fitness - Fopt | measured fitness | best measured fitness | x1 | x2...
1 +7.852683552e+01 +7.852683552e+01 -2.766931645e+02 -2.766931645e+02 +3.8694e+00 +6.1137e-01 -1.7239e-01
2 +1.937711213e+01 +1.937711213e+01 -3.358428879e+02 -3.358428879e+02 +6.5011e+00 +1.7533e-01 -2.4471e+00
35 +3.035458495e+00 +3.035458495e+00 -3.521845415e+02 -3.521845415e+02 +5.5097e+00 -7.7726e-01 -1.4092e+00
68 +2.385810001e+00 +2.385810001e+00 -3.528341900e+02 -3.528341900e+02 +5.4912e+00 -9.0842e-01 -1.7752e+00
170 +1.417333714e+00 +1.417333714e+00 -3.538026663e+02 -3.538026663e+02 +5.5216e+00 -9.2339e-01 -1.5908e+00
220 +9.511289409e-01 +9.511289409e-01 -3.542688711e+02 -3.542688711e+02 +5.5215e+00 -1.0459e+00 -1.7782e+00
5139 +3.810188554e-01 +3.810188554e-01 -3.548389811e+02 -3.548389811e+02 +1.2330e+00 -1.8477e-01 +1.3881e+00
5237 +2.003581803e-01 +2.003581803e-01 -3.550196418e+02 -3.550196418e+02 +1.2392e+00 -2.2619e-01 +1.2693e+00
5326 +1.416700007e-01 +1.416700007e-01 -3.550783300e+02 -3.550783300e+02 +1.2493e+00 -3.1429e-01 +1.2599e+00
5371 +5.853192227e-02 +5.853192227e-02 -3.551614681e+02 -3.551614681e+02 +1.2601e+00 -2.1885e-01 +1.3230e+00
5457 +6.114033172e-03 +6.114033172e-03 -3.552138860e+02 -3.552138860e+02 +1.2546e+00 -2.4623e-01 +1.2847e+00
5571 +3.589286560e-03 +3.589286560e-03 -3.552164107e+02 -3.552164107e+02 +1.2530e+00 -2.3700e-01 +1.2807e+00
5625 +1.331000667e-03 +1.331000667e-03 -3.552186690e+02 -3.552186690e+02 +1.2528e+00 -2.4737e-01 +1.2820e+00
5706 +7.561831201e-04 +7.561831201e-04 -3.552192438e+02 -3.552192438e+02 +1.2540e+00 -2.3424e-01 +1.2867e+00
5712 +5.267524251e-04 +5.267524251e-04 -3.552194732e+02 -3.552194732e+02 +1.2519e+00 -2.4381e-01 +1.2835e+00
5728 +3.409115387e-04 +3.409115387e-04 -3.552196591e+02 -3.552196591e+02 +1.2538e+00 -2.4058e-01 +1.2821e+00
5773 +5.394510174e-05 +5.394510174e-05 -3.552199461e+02 -3.552199461e+02 +1.2537e+00 -2.4027e-01 +1.2857e+00
5793 +2.445644947e-05 +2.445644947e-05 -3.552199755e+02 -3.552199755e+02 +1.2535e+00 -2.4163e-01 +1.2827e+00
5902 +1.029015323e-06 +1.029015323e-06 -3.552199990e+02 -3.552199990e+02 +1.2534e+00 -2.4161e-01 +1.2836e+00
5989 +8.794573887e-07 +8.794573887e-07 -3.552199991e+02 -3.552199991e+02 +1.2535e+00 -2.4176e-01 +1.2833e+00
6035 +4.782597784e-07 +4.782597784e-07 -3.552199995e+02 -3.552199995e+02 +1.2535e+00 -2.4175e-01 +1.2835e+00
6133 +2.942767310e-07 +2.942767310e-07 -3.552199997e+02 -3.552199997e+02 +1.2535e+00 -2.4156e-01 +1.2836e+00
6197 +2.420192686e-07 +2.420192686e-07 -3.552199998e+02 -3.552199998e+02 +1.2535e+00 -2.4158e-01 +1.2836e+00
6216 +1.110338985e-07 +1.110338985e-07 -3.552199999e+02 -3.552199999e+02 +1.2535e+00 -2.4168e-01 +1.2835e+00
6219 +5.092357469e-08 +5.092357469e-08 -3.552199999e+02 -3.552199999e+02 +1.2535e+00 -2.4163e-01 +1.2836e+00
6224 +2.096493290e-08 +2.096493290e-08 -3.552200000e+02 -3.552200000e+02 +1.2535e+00 -2.4156e-01 +1.2836e+00
6241 +7.696769444e-09 +7.696769444e-09 -3.552200000e+02 -3.552200000e+02 +1.2535e+00 -2.4161e-01 +1.2836e+00
6266 +2.398792276e-11 +2.398792276e-11 -3.552200000e+02 -3.552200000e+02 +1.2535e+00 -2.4162e-01 +1.2836e+00
% function evaluation | noise-free fitness - Fopt (9.917000000000e+01) | best noise-free fitness - Fopt | measured fitness | best measured fitness | x1 | x2...
1 +6.067419827e+01 +6.067419827e+01 +1.598441983e+02 +1.598441983e+02 +1.7475e+00 -2.3099e+00 +3.0528e+00
3 +2.856881138e+01 +2.856881138e+01 +1.277388114e+02 +1.277388114e+02 +2.5870e+00 -5.7366e+00 +4.4841e+00
29 +1.678934346e+01 +1.678934346e+01 +1.159593435e+02 +1.159593435e+02 +1.4573e+00 -3.4667e+00 +3.2780e+00
31 +1.357010623e+01 +1.357010623e+01 +1.127401062e+02 +1.127401062e+02 +1.0510e+00 -1.4264e+00 +3.9487e+00
47 +2.683875414e+00 +2.683875414e+00 +1.018538754e+02 +1.018538754e+02 -1.4832e+00 -1.1074e+00 +5.6559e+00
287 +5.664996842e-01 +5.664996842e-01 +9.973649968e+01 +9.973649968e+01 +2.9652e+00 -4.8162e+00 +3.9072e+00
327 +2.887080314e-01 +2.887080314e-01 +9.945870803e+01 +9.945870803e+01 +3.1218e+00 -4.6712e+00 +3.7770e+00
331 +2.330329037e-01 +2.330329037e-01 +9.940303290e+01 +9.940303290e+01 +3.0732e+00 -4.7558e+00 +3.8036e+00
334 +9.205603283e-02 +9.205603283e-02 +9.926205603e+01 +9.926205603e+01 +3.1084e+00 -4.7166e+00 +3.7769e+00
362 +1.014295732e-02 +1.014295732e-02 +9.918014296e+01 +9.918014296e+01 +3.1154e+00 -4.7029e+00 +3.7604e+00
442 +2.361590317e-03 +2.361590317e-03 +9.917236159e+01 +9.917236159e+01 +3.0997e+00 -4.7151e+00 +3.7717e+00
481 +1.288530229e-03 +1.288530229e-03 +9.917128853e+01 +9.917128853e+01 +3.1128e+00 -4.7046e+00 +3.7593e+00
521 +3.789927661e-04 +3.789927661e-04 +9.917037899e+01 +9.917037899e+01 +3.1083e+00 -4.7098e+00 +3.7632e+00
563 +1.862624067e-04 +1.862624067e-04 +9.917018626e+01 +9.917018626e+01 +3.1109e+00 -4.7070e+00 +3.7595e+00
576 +9.871674749e-05 +9.871674749e-05 +9.917009872e+01 +9.917009872e+01 +3.1096e+00 -4.7077e+00 +3.7612e+00
579 +3.908068962e-05 +3.908068962e-05 +9.917003908e+01 +9.917003908e+01 +3.1090e+00 -4.7090e+00 +3.7622e+00
620 +2.046835235e-06 +2.046835235e-06 +9.917000205e+01 +9.917000205e+01 +3.1091e+00 -4.7083e+00 +3.7622e+00
689 +1.336486363e-06 +1.336486363e-06 +9.917000134e+01 +9.917000134e+01 +3.1090e+00 -4.7083e+00 +3.7622e+00
693 +9.953488131e-07 +9.953488131e-07 +9.917000100e+01 +9.917000100e+01 +3.1090e+00 -4.7083e+00 +3.7623e+00
710 +4.042188522e-07 +4.042188522e-07 +9.917000040e+01 +9.917000040e+01 +3.1091e+00 -4.7083e+00 +3.7622e+00
714 +1.239027938e-07 +1.239027938e-07 +9.917000012e+01 +9.917000012e+01 +3.1090e+00 -4.7083e+00 +3.7623e+00
752 +9.533358991e-08 +9.533358991e-08 +9.917000010e+01 +9.917000010e+01 +3.1090e+00 -4.7083e+00 +3.7623e+00
758 +2.897724016e-08 +2.897724016e-08 +9.917000003e+01 +9.917000003e+01 +3.1090e+00 -4.7083e+00 +3.7623e+00
772 +1.846240139e-08 +1.846240139e-08 +9.917000002e+01 +9.917000002e+01 +3.1090e+00 -4.7084e+00 +3.7623e+00
783 +1.478271372e-08 +1.478271372e-08 +9.917000001e+01 +9.917000001e+01 +3.1090e+00 -4.7084e+00 +3.7623e+00
800 +2.992067039e-09 +2.992067039e-09 +9.917000000e+01 +9.917000000e+01 +3.1090e+00 -4.7083e+00 +3.7623e+00
807 +1.487876489e-11 +1.487876489e-11 +9.917000000e+01 +9.917000000e+01 +3.1090e+00 -4.7083e+00 +3.7623e+00
% function evaluation | noise-free fitness - Fopt (9.917000000000e+01) | best noise-free fitness - Fopt | measured fitness | best measured fitness | x1 | x2...
1 +1.061040162e+02 +1.061040162e+02 +2.052740162e+02 +2.052740162e+02 -2.4443e+00 +3.1564e+00 -1.9766e+00
4 +5.741037744e+01 +5.741037744e+01 +1.565803774e+02 +1.565803774e+02 +9.2996e-01 +2.1341e+00 -1.5547e+00
11 +3.246598964e+01 +3.246598964e+01 +1.316359896e+02 +1.316359896e+02 +5.6151e+00 +4.9714e-01 -2.4778e+00
13 +4.557431919e+00 +4.557431919e+00 +1.037274319e+02 +1.037274319e+02 -6.9850e-01 +5.2767e+00 -1.4300e-01
350 +3.844488732e+00 +3.844488732e+00 +1.030144887e+02 +1.030144887e+02 +2.5177e+00 +2.8023e+00 +3.0740e+00
450 +2.391587302e+00 +2.391587302e+00 +1.015615873e+02 +1.015615873e+02 +2.5311e+00 +2.8015e+00 +2.9989e+00
748 +1.569883759e+00 +1.569883759e+00 +1.007398838e+02 +1.007398838e+02 +2.5429e+00 +2.8245e+00 +2.9955e+00
2120 +7.271877326e-01 +7.271877326e-01 +9.989718773e+01 +9.989718773e+01 -2.6139e+00 -4.7380e+00 +2.9800e-01
2134 +4.525435658e-01 +4.525435658e-01 +9.962254357e+01 +9.962254357e+01 -2.7536e+00 -4.6258e+00 +4.8960e-01
2164 +3.379693398e-01 +3.379693398e-01 +9.950796934e+01 +9.950796934e+01 -2.7034e+00 -4.6079e+00 +4.5973e-01
2182 +2.482512635e-01 +2.482512635e-01 +9.941825126e+01 +9.941825126e+01 -2.6089e+00 -4.6899e+00 +2.8894e-01
2210 +1.544634781e-01 +1.544634781e-01 +9.932446348e+01 +9.932446348e+01 -2.6159e+00 -4.5972e+00 +3.0288e-01
2240 +8.838505255e-02 +8.838505255e-02 +9.925838505e+01 +9.925838505e+01 -2.6722e+00 -4.5766e+00 +3.7035e-01
2298 +1.308409061e-02 +1.308409061e-02 +9.918308409e+01 +9.918308409e+01 -2.7104e+00 -4.5994e+00 +4.0188e-01
2441 +5.298898350e-03 +5.298898350e-03 +9.917529890e+01 +9.917529890e+01 -2.6945e+00 -4.5833e+00 +3.7893e-01
2478 +2.181390083e-03 +2.181390083e-03 +9.917218139e+01 +9.917218139e+01 -2.7038e+00 -4.5835e+00 +4.0301e-01
2484 +1.061068545e-03 +1.061068545e-03 +9.917106107e+01 +9.917106107e+01 -2.6985e+00 -4.5864e+00 +3.9250e-01
2518 +5.275552668e-04 +5.275552668e-04 +9.917052756e+01 +9.917052756e+01 -2.7017e+00 -4.5904e+00 +3.9527e-01
2536 +3.522603220e-04 +3.522603220e-04 +9.917035226e+01 +9.917035226e+01 -2.7049e+00 -4.5925e+00 +3.9980e-01
2572 +8.153941540e-05 +8.153941540e-05 +9.917008154e+01 +9.917008154e+01 -2.7039e+00 -4.5921e+00 +4.0010e-01
2578 +4.072172229e-05 +4.072172229e-05 +9.917004072e+01 +9.917004072e+01 -2.7044e+00 -4.5924e+00 +3.9977e-01
2621 +1.468084659e-05 +1.468084659e-05 +9.917001468e+01 +9.917001468e+01 -2.7037e+00 -4.5914e+00 +3.9884e-01
2690 +7.828672750e-07 +7.828672750e-07 +9.917000078e+01 +9.917000078e+01 -2.7036e+00 -4.5917e+00 +3.9865e-01
2743 +4.414245467e-07 +4.414245467e-07 +9.917000044e+01 +9.917000044e+01 -2.7036e+00 -4.5917e+00 +3.9861e-01
2787 +3.929104366e-07 +3.929104366e-07 +9.917000039e+01 +9.917000039e+01 -2.7037e+00 -4.5918e+00 +3.9873e-01
2792 +2.356204618e-07 +2.356204618e-07 +9.917000024e+01 +9.917000024e+01 -2.7037e+00 -4.5918e+00 +3.9869e-01
2804 +1.479341591e-07 +1.479341591e-07 +9.917000015e+01 +9.917000015e+01 -2.7037e+00 -4.5917e+00 +3.9874e-01
2824 +3.883845068e-08 +3.883845068e-08 +9.917000004e+01 +9.917000004e+01 -2.7037e+00 -4.5917e+00 +3.9874e-01
2836 +2.244290442e-08 +2.244290442e-08 +9.917000002e+01 +9.917000002e+01 -2.7037e+00 -4.5917e+00 +3.9868e-01
2863 +1.156493568e-08 +1.156493568e-08 +9.917000001e+01 +9.917000001e+01 -2.7037e+00 -4.5917e+00 +3.9872e-01
2880 +7.548479175e-09 +7.548479175e-09 +9.917000001e+01 +9.917000001e+01 -2.7037e+00 -4.5917e+00 +3.9869e-01
2881 +3.815756600e-09 +3.815756600e-09 +9.917000000e+01 +9.917000000e+01 -2.7036e+00 -4.5917e+00 +3.9868e-01
% function evaluation | noise-free fitness - Fopt (9.917000000000e+01) | best noise-free fitness - Fopt | measured fitness | best measured fitness | x1 | x2...
1 +1.864304333e+02 +1.864304333e+02 +2.856004333e+02 +2.856004333e+02 -3.6098e+00 +3.6267e+00 +2.4819e+00
2 +8.645567081e+01 +8.645567081e+01 +1.856256708e+02 +1.856256708e+02 -8.4691e-01 +2.8161e+00 -3.9325e-01
5 +5.575444566e+01 +5.575444566e+01 +1.549244457e+02 +1.549244457e+02 -4.4844e+00 +1.1260e+00 +1.4214e+00
11 +8.820340324e+00 +8.820340324e+00 +1.079903403e+02 +1.079903403e+02 -2.8066e+00 +3.0511e+00 +4.1776e+00
19 +4.476188158e+00 +4.476188158e+00 +1.036461882e+02 +1.036461882e+02 -6.5451e-01 +2.4067e+00 +5.9099e+00
256 +2.324902136e+00 +2.324902136e+00 +1.014949021e+02 +1.014949021e+02 -4.2849e+00 +2.0054e+00 +1.0008e+00
433 +5.100377852e-01 +5.100377852e-01 +9.968003779e+01 +9.968003779e+01 -3.9960e+00 +2.3875e+00 +6.7906e-01
446 +3.024359586e-01 +3.024359586e-01 +9.947243596e+01 +9.947243596e+01 -3.9384e+00 +2.4285e+00 +6.9044e-01
469 +1.880705176e-01 +1.880705176e-01 +9.935807052e+01 +9.935807052e+01 -3.9924e+00 +2.3723e+00 +7.0928e-01
520 +1.131887634e-01 +1.131887634e-01 +9.928318876e+01 +9.928318876e+01 -3.9658e+00 +2.3854e+00 +6.4185e-01
536 +5.707542649e-02 +5.707542649e-02 +9.922707543e+01 +9.922707543e+01 -3.8995e+00 +2.4475e+00 +5.9078e-01
554 +3.376905423e-02 +3.376905423e-02 +9.920376905e+01 +9.920376905e+01 -3.9147e+00 +2.4683e+00 +6.1726e-01
562 +4.646496436e-03 +4.646496436e-03 +9.917464650e+01 +9.917464650e+01 -3.9159e+00 +2.4594e+00 +6.1798e-01
594 +1.413730453e-03 +1.413730453e-03 +9.917141373e+01 +9.917141373e+01 -3.9167e+00 +2.4527e+00 +6.1611e-01
646 +9.602595643e-04 +9.602595643e-04 +9.917096026e+01 +9.917096026e+01 -3.9251e+00 +2.4461e+00 +6.2435e-01
662 +2.725725852e-04 +2.725725852e-04 +9.917027257e+01 +9.917027257e+01 -3.9248e+00 +2.4450e+00 +6.2354e-01
704 +2.495688629e-04 +2.495688629e-04 +9.917024957e+01 +9.917024957e+01 -3.9234e+00 +2.4432e+00 +6.2107e-01
725 +6.617368160e-05 +6.617368160e-05 +9.917006617e+01 +9.917006617e+01 -3.9234e+00 +2.4437e+00 +6.2092e-01
739 +5.942538364e-05 +5.942538364e-05 +9.917005943e+01 +9.917005943e+01 -3.9237e+00 +2.4432e+00 +6.2120e-01
749 +3.947574650e-05 +3.947574650e-05 +9.917003948e+01 +9.917003948e+01 -3.9253e+00 +2.4417e+00 +6.2269e-01
754 +1.917165685e-05 +1.917165685e-05 +9.917001917e+01 +9.917001917e+01 -3.9248e+00 +2.4420e+00 +6.2188e-01
758 +1.130644537e-05 +1.130644537e-05 +9.917001131e+01 +9.917001131e+01 -3.9249e+00 +2.4419e+00 +6.2217e-01
760 +6.479940623e-06 +6.479940623e-06 +9.917000648e+01 +9.917000648e+01 -3.9251e+00 +2.4420e+00 +6.2240e-01
774 +3.184665033e-06 +3.184665033e-06 +9.917000318e+01 +9.917000318e+01 -3.9249e+00 +2.4420e+00 +6.2216e-01
806 +2.360514458e-06 +2.360514458e-06 +9.917000236e+01 +9.917000236e+01 -3.9251e+00 +2.4414e+00 +6.2222e-01
817 +5.603089761e-07 +5.603089761e-07 +9.917000056e+01 +9.917000056e+01 -3.9251e+00 +2.4415e+00 +6.2218e-01
822 +8.453672251e-08 +8.453672251e-08 +9.917000008e+01 +9.917000008e+01 -3.9250e+00 +2.4417e+00 +6.2209e-01
871 +6.586674317e-09 +6.586674317e-09 +9.917000001e+01 +9.917000001e+01 -3.9250e+00 +2.4416e+00 +6.2216e-01
877 +4.111868179e-09 +4.111868179e-09 +9.917000000e+01 +9.917000000e+01 -3.9250e+00 +2.4416e+00 +6.2216e-01
% function evaluation | noise-free fitness - Fopt (-5.179100000000e+02) | best noise-free fitness - Fopt | measured fitness | best measured fitness | x1 | x2...
1 +9.053244010e+01 +9.053244010e+01 -4.273775599e+02 -4.273775599e+02 -2.6205e-01 -1.9415e+00 +8.6810e-02
2 +4.069303669e+01 +4.069303669e+01 -4.772169633e+02 -4.772169633e+02 +2.6898e+00 -2.9934e+00 -3.7904e+00
12 +1.395854763e+01 +1.395854763e+01 -5.039514524e+02 -5.039514524e+02 +4.5052e+00 -5.0029e+00 -6.0281e+00
172 +9.264503001e+00 +9.264503001e+00 -5.086454970e+02 -5.086454970e+02 +4.5586e+00 -6.5961e+00 -4.0363e+00
1507 +3.816447182e+00 +3.816447182e+00 -5.140935528e+02 -5.140935528e+02 +4.6944e+00 +2.5113e+00 -3.0684e+00
1586 +6.778089597e-01 +6.778089597e-01 -5.172321910e+02 -5.172321910e+02 +5.0601e+00 +2.1621e+00 -2.6692e+00
1655 +3.468533053e-01 +3.468533053e-01 -5.175631467e+02 -5.175631467e+02 +5.0640e+00 +2.0667e+00 -2.5689e+00
1677 +2.250465740e-01 +2.250465740e-01 -5.176849534e+02 -5.176849534e+02 +5.1069e+00 +2.0879e+00 -2.4521e+00
1683 +1.409525261e-01 +1.409525261e-01 -5.177690475e+02 -5.177690475e+02 +5.0263e+00 +2.1432e+00 -2.6348e+00
1721 +5.821847922e-02 +5.821847922e-02 -5.178517815e+02 -5.178517815e+02 +5.0529e+00 +2.1142e+00 -2.5433e+00
1750 +2.295939921e-02 +2.295939921e-02 -5.178870406e+02 -5.178870406e+02 +5.0447e+00 +2.1096e+00 -2.5619e+00
1772 +1.130750100e-02 +1.130750100e-02 -5.178986925e+02 -5.178986925e+02 +5.0479e+00 +2.1127e+00 -2.5673e+00
1824 +9.380423096e-03 +9.380423096e-03 -5.179006196e+02 -5.179006196e+02 +5.0505e+00 +2.1074e+00 -2.5641e+00
5069 +3.620973347e-03 +3.620973347e-03 -5.179063790e+02 -5.179063790e+02 -7.6371e-01 +9.2717e-01 +4.0072e+00
5115 +1.661439269e-03 +1.661439269e-03 -5.179083386e+02 -5.179083386e+02 -7.6139e-01 +9.2070e-01 +4.0171e+00
5162 +1.485341454e-03 +1.485341454e-03 -5.179085147e+02 -5.179085147e+02 -7.5700e-01 +9.1911e-01 +4.0214e+00
5173 +5.397053326e-04 +5.397053326e-04 -5.179094603e+02 -5.179094603e+02 -7.6159e-01 +9.2124e-01 +4.0168e+00
5251 +2.955144641e-04 +2.955144641e-04 -5.179097045e+02 -5.179097045e+02 -7.6185e-01 +9.2150e-01 +4.0168e+00
5263 +1.435082677e-04 +1.435082677e-04 -5.179098565e+02 -5.179098565e+02 -7.6304e-01 +9.2332e-01 +4.0135e+00
5286 +8.072919513e-05 +8.072919513e-05 -5.179099193e+02 -5.179099193e+02 -7.6230e-01 +9.2336e-01 +4.0158e+00
5289 +5.499899430e-05 +5.499899430e-05 -5.179099450e+02 -5.179099450e+02 -7.6276e-01 +9.2382e-01 +4.0144e+00
5296 +2.492044780e-05 +2.492044780e-05 -5.179099751e+02 -5.179099751e+02 -7.6145e-01 +9.2211e-01 +4.0170e+00
5399 +6.701603866e-06 +6.701603866e-06 -5.179099933e+02 -5.179099933e+02 -7.6204e-01 +9.2285e-01 +4.0158e+00
5419 +1.204393584e-06 +1.204393584e-06 -5.179099988e+02 -5.179099988e+02 -7.6183e-01 +9.2266e-01 +4.0158e+00
5503 +7.644432571e-07 +7.644432571e-07 -5.179099992e+02 -5.179099992e+02 -7.6203e-01 +9.2288e-01 +4.0156e+00
5517 +5.579489653e-07 +5.579489653e-07 -5.179099994e+02 -5.179099994e+02 -7.6198e-01 +9.2279e-01 +4.0156e+00
5603 +2.058361588e-07 +2.058361588e-07 -5.179099998e+02 -5.179099998e+02 -7.6198e-01 +9.2282e-01 +4.0157e+00
5606 +9.909717846e-08 +9.909717846e-08 -5.179099999e+02 -5.179099999e+02 -7.6195e-01 +9.2277e-01 +4.0157e+00
5632 +4.306684787e-08 +4.306684787e-08 -5.179100000e+02 -5.179100000e+02 -7.6194e-01 +9.2276e-01 +4.0157e+00
5640 +4.616254046e-09 +4.616254046e-09 -5.179100000e+02 -5.179100000e+02 -7.6196e-01 +9.2279e-01 +4.0157e+00
5655 +4.955609256e-10 +4.955609256e-10 -5.179100000e+02 -5.179100000e+02 -7.6197e-01 +9.2279e-01 +4.0157e+00
% function evaluation | noise-free fitness - Fopt (-5.179100000000e+02) | best noise-free fitness - Fopt | measured fitness | best measured fitness | x1 | x2...
1 +1.765651012e+02 +1.765651012e+02 -3.413448988e+02 -3.413448988e+02 +3.8424e+00 -2.2575e+00 +2.5989e+00
2 +1.576735183e+02 +1.576735183e+02 -3.602364817e+02 -3.602364817e+02 +7.3996e+00 -2.6760e+00 +1.6101e+00
4 +1.698374211e+01 +1.698374211e+01 -5.009262579e+02 -5.009262579e+02 +3.6851e+00 -1.0676e+00 +1.4262e+00
17 +1.045219137e+01 +1.045219137e+01 -5.074578086e+02 -5.074578086e+02 +3.9086e+00 -3.1235e+00 +3.5822e+00
142 +9.780568739e+00 +9.780568739e+00 -5.081294313e+02 -5.081294313e+02 +2.5922e+00 +9.7492e-02 +5.0158e+00
274 +5.170912210e+00 +5.170912210e+00 -5.127390878e+02 -5.127390878e+02 +2.6898e+00 +5.1127e-03 +5.3035e+00
457 +3.869246753e+00 +3.869246753e+00 -5.140407532e+02 -5.140407532e+02 +2.7193e+00 -2.2283e-02 +5.3252e+00
2183 +1.891687365e+00 +1.891687365e+00 -5.160183126e+02 -5.160183126e+02 +7.3532e-01 +3.2547e+00 +5.7099e+00
2188 +1.579852280e+00 +1.579852280e+00 -5.163301477e+02 -5.163301477e+02 +6.7252e-01 +3.3554e+00 +5.6742e+00
2406 +8.747928152e-01 +8.747928152e-01 -5.170352072e+02 -5.170352072e+02 +5.8323e-01 +3.4753e+00 +5.4781e+00
4719 +2.800806713e-01 +2.800806713e-01 -5.176299193e+02 -5.176299193e+02 -3.7014e+00 +4.6138e+00 +2.9911e+00
4794 +1.515540254e-01 +1.515540254e-01 -5.177584460e+02 -5.177584460e+02 -3.7289e+00 +4.6813e+00 +2.9251e+00
4890 +8.957445029e-02 +8.957445029e-02 -5.178204255e+02 -5.178204255e+02 -3.7382e+00 +4.7488e+00 +2.9154e+00
4908 +4.343517652e-02 +4.343517652e-02 -5.178665648e+02 -5.178665648e+02 -3.6840e+00 +4.6678e+00 +2.9383e+00
4965 +1.087160642e-02 +1.087160642e-02 -5.178991284e+02 -5.178991284e+02 -3.6861e+00 +4.6901e+00 +2.9154e+00
5000 +9.724837921e-03 +9.724837921e-03 -5.179002752e+02 -5.179002752e+02 -3.7007e+00 +4.7226e+00 +2.9083e+00
5124 +4.271237823e-03 +4.271237823e-03 -5.179057288e+02 -5.179057288e+02 -3.6972e+00 +4.7074e+00 +2.9130e+00
5137 +2.487008029e-03 +2.487008029e-03 -5.179075130e+02 -5.179075130e+02 -3.7071e+00 +4.7192e+00 +2.9034e+00
5151 +9.347347137e-04 +9.347347137e-04 -5.179090653e+02 -5.179090653e+02 -3.7032e+00 +4.7180e+00 +2.9106e+00
5158 +4.681646749e-04 +4.681646749e-04 -5.179095318e+02 -5.179095318e+02 -3.7040e+00 +4.7189e+00 +2.9046e+00
5263 +1.100437631e-04 +1.100437631e-04 -5.179098900e+02 -5.179098900e+02 -3.7037e+00 +4.7150e+00 +2.9098e+00
5333 +8.099753518e-05 +8.099753518e-05 -5.179099190e+02 -5.179099190e+02 -3.7042e+00 +4.7162e+00 +2.9082e+00
5358 +5.368538382e-05 +5.368538382e-05 -5.179099463e+02 -5.179099463e+02 -3.7045e+00 +4.7169e+00 +2.9076e+00
5414 +1.776926206e-05 +1.776926206e-05 -5.179099822e+02 -5.179099822e+02 -3.7042e+00 +4.7168e+00 +2.9087e+00
5425 +1.111022505e-05 +1.111022505e-05 -5.179099889e+02 -5.179099889e+02 -3.7044e+00 +4.7169e+00 +2.9087e+00
5442 +1.172532734e-06 +1.172532734e-06 -5.179099988e+02 -5.179099988e+02 -3.7042e+00 +4.7165e+00 +2.9088e+00
5504 +7.077119335e-09 +7.077119335e-09 -5.179100000e+02 -5.179100000e+02 -3.7041e+00 +4.7164e+00 +2.9087e+00
% function evaluation | noise-free fitness - Fopt (-5.179100000000e+02) | best noise-free fitness - Fopt | measured fitness | best measured fitness | x1 | x2...
1 +1.314089618e+01 +1.314089618e+01 -5.047691038e+02 -5.047691038e+02 +2.0094e+00 -6.9451e-01 -5.3481e-01
157 +8.091633824e+00 +8.091633824e+00 -5.098183662e+02 -5.098183662e+02 -2.6293e-01 -2.7357e-01 -4.8366e+00
326 +5.120890959e+00 +5.120890959e+00 -5.127891090e+02 -5.127891090e+02 -6.5606e-01 +4.9979e-01 -5.5124e+00
464 +3.910590310e+00 +3.910590310e+00 -5.139994097e+02 -5.139994097e+02 -4.2079e-01 +6.5540e-01 -5.0062e+00
538 +2.399886625e+00 +2.399886625e+00 -5.155101134e+02 -5.155101134e+02 -4.0487e-01 +6.3626e-01 -5.0382e+00
634 +1.553055093e+00 +1.553055093e+00 -5.163569449e+02 -5.163569449e+02 -4.2238e-01 +6.5775e-01 -5.0502e+00
1793 +6.428585104e-01 +6.428585104e-01 -5.172671415e+02 -5.172671415e+02 -4.3206e+00 -5.2582e-01 +4.0114e+00
2088 +2.808794269e-01 +2.808794269e-01 -5.176291206e+02 -5.176291206e+02 -4.3603e+00 -5.2448e-01 +3.8829e+00
2207 +7.255769836e-02 +7.255769836e-02 -5.178374423e+02 -5.178374423e+02 -4.2744e+00 -5.8626e-01 +4.0696e+00
2229 +5.384448223e-02 +5.384448223e-02 -5.178561555e+02 -5.178561555e+02 -4.2887e+00 -5.8071e-01 +4.0525e+00
2259 +1.827952184e-02 +1.827952184e-02 -5.178917205e+02 -5.178917205e+02 -4.2742e+00 -5.9588e-01 +4.0603e+00
2322 +7.911024417e-03 +7.911024417e-03 -5.179020890e+02 -5.179020890e+02 -4.2739e+00 -6.0468e-01 +4.0538e+00
2342 +6.010532307e-03 +6.010532307e-03 -5.179039895e+02 -5.179039895e+02 -4.2889e+00 -5.9260e-01 +4.0419e+00
2362 +5.989686900e-04 +5.989686900e-04 -5.179094010e+02 -5.179094010e+02 -4.2768e+00 -5.9942e-01 +4.0647e+00
2450 +1.477493233e-04 +1.477493233e-04 -5.179098523e+02 -5.179098523e+02 -4.2801e+00 -5.9840e-01 +4.0583e+00
2479 +5.442977397e-05 +5.442977397e-05 -5.179099456e+02 -5.179099456e+02 -4.2791e+00 -5.9906e-01 +4.0603e+00
2555 +3.578288863e-05 +3.578288863e-05 -5.179099642e+02 -5.179099642e+02 -4.2791e+00 -5.9882e-01 +4.0608e+00
2557 +5.593645710e-06 +5.593645710e-06 -5.179099944e+02 -5.179099944e+02 -4.2795e+00 -5.9876e-01 +4.0608e+00
2562 +3.634898803e-06 +3.634898803e-06 -5.179099964e+02 -5.179099964e+02 -4.2792e+00 -5.9892e-01 +4.0609e+00
2622 +1.767877734e-06 +1.767877734e-06 -5.179099982e+02 -5.179099982e+02 -4.2793e+00 -5.9898e-01 +4.0609e+00
2628 +3.729828677e-07 +3.729828677e-07 -5.179099996e+02 -5.179099996e+02 -4.2794e+00 -5.9886e-01 +4.0606e+00
2718 +2.429479764e-07 +2.429479764e-07 -5.179099998e+02 -5.179099998e+02 -4.2794e+00 -5.9891e-01 +4.0607e+00
2726 +1.447211844e-07 +1.447211844e-07 -5.179099999e+02 -5.179099999e+02 -4.2794e+00 -5.9891e-01 +4.0607e+00
2763 +6.924233276e-08 +6.924233276e-08 -5.179099999e+02 -5.179099999e+02 -4.2794e+00 -5.9883e-01 +4.0605e+00
2764 +1.627893198e-08 +1.627893198e-08 -5.179100000e+02 -5.179100000e+02 -4.2794e+00 -5.9887e-01 +4.0606e+00
2787 +7.757307685e-09 +7.757307685e-09 -5.179100000e+02 -5.179100000e+02 -4.2794e+00 -5.9886e-01 +4.0606e+00
2790 +1.819671525e-09 +1.819671525e-09 -5.179100000e+02 -5.179100000e+02 -4.2794e+00 -5.9885e-01 +4.0606e+00
% function evaluation | noise-free fitness - Fopt (-5.721000000000e+01) | best noise-free fitness - Fopt | measured fitness | best measured fitness | x1 | x2...
1 +8.510698417e+01 +8.510698417e+01 +2.789698417e+01 +2.789698417e+01 -2.4074e+00 -2.6951e+00 -8.6964e-01
3 +1.100013383e+01 +1.100013383e+01 -4.620986617e+01 -4.620986617e+01 -4.1379e+00 -1.6167e+00 -9.5070e-01
39 +3.814747349e+00 +3.814747349e+00 -5.339525265e+01 -5.339525265e+01 +2.1958e+00 -1.6227e+00 +3.3808e+00
223 +1.762786195e+00 +1.762786195e+00 -5.544721381e+01 -5.544721381e+01 -2.3457e+00 -4.3849e+00 -3.8710e-01
462 +1.174535956e+00 +1.174535956e+00 -5.603546404e+01 -5.603546404e+01 -1.9172e+00 -3.7167e+00 -3.6594e+00
539 +6.455758620e-01 +6.455758620e-01 -5.656442414e+01 -5.656442414e+01 -1.8583e+00 -3.6716e+00 -3.7240e+00
555 +5.756460874e-01 +5.756460874e-01 -5.663435391e+01 -5.663435391e+01 -1.8599e+00 -3.6701e+00 -3.7309e+00
756 +3.952555382e-01 +3.952555382e-01 -5.681474446e+01 -5.681474446e+01 -1.8750e+00 -3.6850e+00 -3.7017e+00
4207 +1.130765520e-01 +1.130765520e-01 -5.709692345e+01 -5.709692345e+01 +3.1054e+00 -7.1651e-01 +3.4286e-01
4342 +3.966188728e-02 +3.966188728e-02 -5.717033811e+01 -5.717033811e+01 +3.2135e+00 -5.8523e-01 +9.3186e-02
4424 +2.318037889e-02 +2.318037889e-02 -5.718681962e+01 -5.718681962e+01 +3.1709e+00 -6.4365e-01 +2.0959e-01
4439 +7.487899723e-03 +7.487899723e-03 -5.720251210e+01 -5.720251210e+01 +3.1752e+00 -6.4070e-01 +1.9685e-01
4459 +3.359380213e-03 +3.359380213e-03 -5.720664062e+01 -5.720664062e+01 +3.1554e+00 -6.5681e-01 +2.2121e-01
4514 +4.894945000e-04 +4.894945000e-04 -5.720951051e+01 -5.720951051e+01 +3.1704e+00 -6.4052e-01 +1.8960e-01
4594 +1.763393758e-04 +1.763393758e-04 -5.720982366e+01 -5.720982366e+01 +3.1698e+00 -6.4082e-01 +1.9447e-01
4654 +1.230166430e-04 +1.230166430e-04 -5.720987698e+01 -5.720987698e+01 +3.1689e+00 -6.4246e-01 +1.9718e-01
4754 +8.460562953e-05 +8.460562953e-05 -5.720991539e+01 -5.720991539e+01 +3.1681e+00 -6.4277e-01 +1.9682e-01
4758 +5.615078241e-05 +5.615078241e-05 -5.720994385e+01 -5.720994385e+01 +3.1662e+00 -6.4502e-01 +2.0211e-01
4774 +3.606340536e-05 +3.606340536e-05 -5.720996394e+01 -5.720996394e+01 +3.1681e+00 -6.4308e-01 +1.9801e-01
4846 +1.185905809e-05 +1.185905809e-05 -5.720998814e+01 -5.720998814e+01 +3.1672e+00 -6.4387e-01 +1.9992e-01
4881 +1.294598661e-06 +1.294598661e-06 -5.720999871e+01 -5.720999871e+01 +3.1674e+00 -6.4369e-01 +1.9922e-01
5056 +4.653569974e-07 +4.653569974e-07 -5.720999953e+01 -5.720999953e+01 +3.1674e+00 -6.4379e-01 +1.9941e-01
5069 +1.609493481e-07 +1.609493481e-07 -5.720999984e+01 -5.720999984e+01 +3.1675e+00 -6.4365e-01 +1.9920e-01
5112 +7.895241794e-08 +7.895241794e-08 -5.720999992e+01 -5.720999992e+01 +3.1675e+00 -6.4370e-01 +1.9926e-01
5207 +5.895111599e-08 +5.895111599e-08 -5.720999994e+01 -5.720999994e+01 +3.1674e+00 -6.4374e-01 +1.9935e-01
5236 +1.625952706e-08 +1.625952706e-08 -5.720999998e+01 -5.720999998e+01 +3.1674e+00 -6.4370e-01 +1.9928e-01
5246 +1.385765103e-08 +1.385765103e-08 -5.720999999e+01 -5.720999999e+01 +3.1674e+00 -6.4373e-01 +1.9935e-01
5312 +8.632056847e-09 +8.632056847e-09 -5.720999999e+01 -5.720999999e+01 +3.1674e+00 -6.4374e-01 +1.9935e-01
5319 +3.542822924e-09 +3.542822924e-09 -5.721000000e+01 -5.721000000e+01 +3.1674e+00 -6.4373e-01 +1.9933e-01
% function evaluation | noise-free fitness - Fopt (-5.721000000000e+01) | best noise-free fitness - Fopt | measured fitness | best measured fitness | x1 | x2...
1 +3.987014521e+01 +3.987014521e+01 -1.733985479e+01 -1.733985479e+01 +2.9410e+00 +3.2181e+00 -3.7912e+00
11 +1.359441658e+01 +1.359441658e+01 -4.361558342e+01 -4.361558342e+01 +4.7559e-01 +6.0262e+00 -2.4545e+00
220 +4.252741566e+00 +4.252741566e+00 -5.295725843e+01 -5.295725843e+01 +3.5630e+00 +4.5990e+00 -5.4632e+00
292 +3.818819887e+00 +3.818819887e+00 -5.339118011e+01 -5.339118011e+01 +3.6276e+00 +4.6333e+00 -5.4395e+00
295 +1.819265703e+00 +1.819265703e+00 -5.539073430e+01 -5.539073430e+01 +3.5394e+00 +4.4821e+00 -5.3065e+00
338 +1.234762356e+00 +1.234762356e+00 -5.597523764e+01 -5.597523764e+01 +3.5904e+00 +4.5182e+00 -5.2946e+00
519 +9.761871424e-01 +9.761871424e-01 -5.623381286e+01 -5.623381286e+01 +3.6108e+00 +4.5551e+00 -5.3437e+00
3836 +4.922099031e-01 +4.922099031e-01 -5.671779010e+01 -5.671779010e+01 -2.3309e+00 -1.4385e+00 +5.0046e-01
3853 +3.615614220e-01 +3.615614220e-01 -5.684843858e+01 -5.684843858e+01 -2.3467e+00 -1.4919e+00 +3.7076e-01
3930 +1.527330075e-01 +1.527330075e-01 -5.705726699e+01 -5.705726699e+01 -2.2184e+00 -1.3519e+00 +2.7982e-01
3993 +9.837446542e-02 +9.837446542e-02 -5.711162553e+01 -5.711162553e+01 -2.2324e+00 -1.3624e+00 +2.5468e-01
4027 +4.838879077e-02 +4.838879077e-02 -5.716161121e+01 -5.716161121e+01 -2.2193e+00 -1.3279e+00 +2.3278e-01
4056 +2.735854353e-02 +2.735854353e-02 -5.718264146e+01 -5.718264146e+01 -2.2501e+00 -1.3580e+00 +2.2025e-01
4149 +1.814803480e-02 +1.814803480e-02 -5.719185197e+01 -5.719185197e+01 -2.2045e+00 -1.3189e+00 +1.8527e-01
4171 +4.566021318e-03 +4.566021318e-03 -5.720543398e+01 -5.720543398e+01 -2.2198e+00 -1.3310e+00 +2.0237e-01
4260 +3.028073548e-03 +3.028073548e-03 -5.720697193e+01 -5.720697193e+01 -2.2013e+00 -1.3070e+00 +1.7601e-01
4287 +1.444622304e-03 +1.444622304e-03 -5.720855538e+01 -5.720855538e+01 -2.2222e+00 -1.3292e+00 +2.0086e-01
4300 +7.270243834e-04 +7.270243834e-04 -5.720927298e+01 -5.720927298e+01 -2.2138e+00 -1.3190e+00 +1.8732e-01
4353 +2.821390055e-04 +2.821390055e-04 -5.720971786e+01 -5.720971786e+01 -2.2188e+00 -1.3245e+00 +1.8933e-01
4392 +1.766442883e-04 +1.766442883e-04 -5.720982336e+01 -5.720982336e+01 -2.2227e+00 -1.3279e+00 +1.9501e-01
4414 +1.464611329e-04 +1.464611329e-04 -5.720985354e+01 -5.720985354e+01 -2.2203e+00 -1.3262e+00 +1.9459e-01
4479 +9.491531376e-05 +9.491531376e-05 -5.720990508e+01 -5.720990508e+01 -2.2181e+00 -1.3236e+00 +1.9111e-01
4496 +2.236059348e-05 +2.236059348e-05 -5.720997764e+01 -5.720997764e+01 -2.2204e+00 -1.3261e+00 +1.9310e-01
4512 +1.528188014e-05 +1.528188014e-05 -5.720998472e+01 -5.720998472e+01 -2.2217e+00 -1.3274e+00 +1.9489e-01
4581 +5.587187893e-06 +5.587187893e-06 -5.720999441e+01 -5.720999441e+01 -2.2209e+00 -1.3267e+00 +1.9416e-01
4618 +2.059194948e-06 +2.059194948e-06 -5.720999794e+01 -5.720999794e+01 -2.2211e+00 -1.3269e+00 +1.9435e-01
4638 +1.509012492e-06 +1.509012492e-06 -5.720999849e+01 -5.720999849e+01 -2.2206e+00 -1.3263e+00 +1.9382e-01
4643 +4.489272243e-07 +4.489272243e-07 -5.720999955e+01 -5.720999955e+01 -2.2208e+00 -1.3265e+00 +1.9405e-01
4700 +2.660814360e-07 +2.660814360e-07 -5.720999973e+01 -5.720999973e+01 -2.2210e+00 -1.3267e+00 +1.9426e-01
4733 +4.539612775e-08 +4.539612775e-08 -5.720999995e+01 -5.720999995e+01 -2.2208e+00 -1.3266e+00 +1.9415e-01
4776 +2.452448911e-08 +2.452448911e-08 -5.720999998e+01 -5.720999998e+01 -2.2208e+00 -1.3266e+00 +1.9415e-01
4812 +2.679342970e-09 +2.679342970e-09 -5.721000000e+01 -5.721000000e+01 -2.2209e+00 -1.3266e+00 +1.9415e-01
4829 +1.373045677e-09 +1.373045677e-09 -5.721000000e+01 -5.721000000e+01 -2.2209e+00 -1.3266e+00 +1.9417e-01
% function evaluation | noise-free fitness - Fopt (-5.721000000000e+01) | best noise-free fitness - Fopt | measured fitness | best measured fitness | x1 | x2...
1 +1.533352607e+02 +1.533352607e+02 +9.612526069e+01 +9.612526069e+01 -6.2365e-01 -3.8862e+00 +1.1865e+00
2 +8.554362476e+01 +8.554362476e+01 +2.833362476e+01 +2.833362476e+01 +9.3873e-03 -7.2053e+00 +2.8963e+00
5 +2.354652055e+01 +2.354652055e+01 -3.366347945e+01 -3.366347945e+01 +6.3996e-02 -4.6207e+00 +2.2019e+00
155 +6.388623335e+00 +6.388623335e+00 -5.082137666e+01 -5.082137666e+01 -1.9391e+00 -5.7679e+00 +5.2742e+00
262 +5.977981106e+00 +5.977981106e+00 -5.123201889e+01 -5.123201889e+01 -1.9366e+00 -5.8205e+00 +5.4536e+00
387 +3.538806016e+00 +3.538806016e+00 -5.367119398e+01 -5.367119398e+01 -1.8573e+00 -5.7252e+00 +5.3193e+00
827 +2.511406986e+00 +2.511406986e+00 -5.469859301e+01 -5.469859301e+01 -1.8318e+00 -5.7115e+00 +5.3325e+00
1719 +1.237402488e+00 +1.237402488e+00 -5.597259751e+01 -5.597259751e+01 +8.7425e-01 -3.1253e+00 -2.9747e+00
1912 +4.300569727e-01 +4.300569727e-01 -5.677994303e+01 -5.677994303e+01 +7.6491e-01 -3.2520e+00 -2.3846e+00
1956 +3.074402550e-01 +3.074402550e-01 -5.690255975e+01 -5.690255975e+01 +5.8631e-01 -3.3826e+00 -2.3740e+00
1960 +2.084237315e-01 +2.084237315e-01 -5.700157627e+01 -5.700157627e+01 +6.4759e-01 -3.3396e+00 -2.4016e+00
2009 +9.125649299e-02 +9.125649299e-02 -5.711874351e+01 -5.711874351e+01 +5.6287e-01 -3.4258e+00 -2.3211e+00
2014 +5.844740727e-02 +5.844740727e-02 -5.715155259e+01 -5.715155259e+01 +6.2806e-01 -3.3831e+00 -2.3249e+00
2038 +1.362080120e-02 +1.362080120e-02 -5.719637920e+01 -5.719637920e+01 +6.3860e-01 -3.3571e+00 -2.3397e+00
2083 +8.107474605e-03 +8.107474605e-03 -5.720189253e+01 -5.720189253e+01 +6.4878e-01 -3.3432e+00 -2.3589e+00
2094 +1.598925773e-03 +1.598925773e-03 -5.720840107e+01 -5.720840107e+01 +6.3298e-01 -3.3586e+00 -2.3503e+00
2133 +2.683131091e-04 +2.683131091e-04 -5.720973169e+01 -5.720973169e+01 +6.4012e-01 -3.3550e+00 -2.3499e+00
2156 +5.509938809e-05 +5.509938809e-05 -5.720994490e+01 -5.720994490e+01 +6.3802e-01 -3.3563e+00 -2.3500e+00
2241 +3.847455073e-05 +3.847455073e-05 -5.720996153e+01 -5.720996153e+01 +6.3816e-01 -3.3564e+00 -2.3505e+00
2250 +3.862655689e-06 +3.862655689e-06 -5.720999614e+01 -5.720999614e+01 +6.3798e-01 -3.3565e+00 -2.3500e+00
2361 +2.399548272e-06 +2.399548272e-06 -5.720999760e+01 -5.720999760e+01 +6.3750e-01 -3.3570e+00 -2.3497e+00
2364 +1.396470566e-07 +1.396470566e-07 -5.720999986e+01 -5.720999986e+01 +6.3759e-01 -3.3569e+00 -2.3498e+00
2445 +9.031208492e-08 +9.031208492e-08 -5.720999991e+01 -5.720999991e+01 +6.3762e-01 -3.3569e+00 -2.3498e+00
2470 +3.770677637e-08 +3.770677637e-08 -5.720999996e+01 -5.720999996e+01 +6.3761e-01 -3.3569e+00 -2.3498e+00
2483 +1.911252667e-08 +1.911252667e-08 -5.720999998e+01 -5.720999998e+01 +6.3762e-01 -3.3569e+00 -2.3498e+00
2484 +7.091216503e-12 +7.091216503e-12 -5.721000000e+01 -5.721000000e+01 +6.3763e-01 -3.3569e+00 -2.3498e+00
