% function evaluation | noise-free fitness - Fopt (7.135000000000e+01) | best noise-free fitness - Fopt | measured fitness | best measured fitness | x1 | x2...
1 +5.648990795e+01 +5.648990795e+01 +1.278399080e+02 +1.278399080e+02 -3.4476e+00 -1.7206e+00 +3.0879e-01 +3.2371e+00 -3.3600e+00
20 +3.079597404e+01 +3.079597404e+01 +1.021459740e+02 +1.021459740e+02 -3.4913e+00 -6.5551e-01 +5.2059e+00 +1.9451e+00 -2.7715e+00
82 +2.142069613e+01 +2.142069613e+01 +9.277069613e+01 +9.277069613e+01 -3.3113e+00 -2.2230e+00 +1.1405e-01 +1.3921e+00 -2.1898e+00
107 +5.333134014e+00 +5.333134014e+00 +7.668313401e+01 +7.668313401e+01 -3.3453e+00 -3.5814e-02 -1.7855e+00 -5.0957e-01 -1.3654e-01
121 +3.738036003e+00 +3.738036003e+00 +7.508803600e+01 +7.508803600e+01 -9.5754e-01 -1.7568e+00 +1.8445e+00 -1.0678e+00 -2.2592e+00
766 +2.459430016e+00 +2.459430016e+00 +7.380943002e+01 +7.380943002e+01 +6.4142e-01 -3.4316e+00 +5.6191e+00 -1.1673e+00 -5.3290e+00
910 +1.565433620e+00 +1.565433620e+00 +7.291543362e+01 +7.291543362e+01 +6.3963e-01 -3.4193e+00 +5.6437e+00 -1.1458e+00 -5.3114e+00
3125 +8.059904038e-01 +8.059904038e-01 +7.215599040e+01 +7.215599040e+01 +3.4559e+00 -2.0729e+00 +9.2397e-01 +1.8623e+00 +1.7687e+00
3144 +6.015846723e-01 +6.015846723e-01 +7.195158467e+01 +7.195158467e+01 +3.4799e+00 -2.0807e+00 +1.0815e+00 +1.3741e+00 +1.6422e+00
3164 +2.353120095e-01 +2.353120095e-01 +7.158531201e+01 +7.158531201e+01 +3.5127e+00 -2.0834e+00 +1.1042e+00 +1.6429e+00 +1.6390e+00
3233 +1.389653871e-01 +1.389653871e-01 +7.148896539e+01 +7.148896539e+01 +3.5014e+00 -2.1061e+00 +1.0027e+00 +1.6502e+00 +1.6812e+00
3257 +6.964366350e-02 +6.964366350e-02 +7.141964366e+01 +7.141964366e+01 +3.5937e+00 -2.1139e+00 +9.3982e-01 +1.6366e+00 +1.6254e+00
3281 +4.933441266e-02 +4.933441266e-02 +7.139933441e+01 +7.139933441e+01 +3.6068e+00 -2.1199e+00 +9.5278e-01 +1.6977e+00 +1.6333e+00
3316 +3.607551817e-02 +3.607551817e-02 +7.138607552e+01 +7.138607552e+01 +3.5853e+00 -2.1120e+00 +9.6391e-01 +1.6672e+00 +1.6271e+00
3374 +2.434121500e-02 +2.434121500e-02 +7.137434122e+01 +7.137434122e+01 +3.5722e+00 -2.1216e+00 +9.5396e-01 +1.7111e+00 +1.6462e+00
3376 +1.515195008e-02 +1.515195008e-02 +7.136515195e+01 +7.136515195e+01 +3.5889e+00 -2.1195e+00 +9.5898e-01 +1.7011e+00 +1.6285e+00
3389 +5.101256406e-03 +5.101256406e-03 +7.135510126e+01 +7.135510126e+01 +3.5955e+00 -2.1192e+00 +9.4602e-01 +1.7167e+00 +1.6340e+00
3430 +1.097656810e-03 +1.097656810e-03 +7.135109766e+01 +7.135109766e+01 +3.6072e+00 -2.1216e+00 +9.3916e-01 +1.7148e+00 +1.6276e+00
3497 +8.265801332e-04 +8.265801332e-04 +7.135082658e+01 +7.135082658e+01 +3.6071e+00 -2.1218e+00 +9.3466e-01 +1.7221e+00 +1.6305e+00
3588 +6.117972885e-04 +6.117972885e-04 +7.135061180e+01 +7.135061180e+01 +3.6065e+00 -2.1218e+00 +9.3817e-01 +1.7229e+00 +1.6307e+00
3598 +3.184630595e-04 +3.184630595e-04 +7.135031846e+01 +7.135031846e+01 +3.6109e+00 -2.1219e+00 +9.3571e-01 +1.7214e+00 +1.6279e+00
3647 +1.147317766e-04 +1.147317766e-04 +7.135011473e+01 +7.135011473e+01 +3.6088e+00 -2.1221e+00 +9.3889e-01 +1.7205e+00 +1.6288e+00
3648 +4.494482567e-05 +4.494482567e-05 +7.135004494e+01 +7.135004494e+01 +3.6079e+00 -2.1222e+00 +9.3836e-01 +1.7198e+00 +1.6296e+00
3711 +3.774077506e-05 +3.774077506e-05 +7.135003774e+01 +7.135003774e+01 +3.6087e+00 -2.1226e+00 +9.3847e-01 +1.7215e+00 +1.6289e+00
3780 +1.593443363e-05 +1.593443363e-05 +7.135001593e+01 +7.135001593e+01 +3.6087e+00 -2.1226e+00 +9.3841e-01 +1.7217e+00 +1.6293e+00
3791 +1.332210606e-05 +1.332210606e-05 +7.135001332e+01 +7.135001332e+01 +3.6086e+00 -2.1223e+00 +9.3846e-01 +1.7202e+00 +1.6291e+00
3810 +7.696123149e-06 +7.696123149e-06 +7.135000770e+01 +7.135000770e+01 +3.6079e+00 -2.1222e+00 +9.3878e-01 +1.7201e+00 +1.6297e+00
3896 +1.099847154e-06 +1.099847154e-06 +7.135000110e+01 +7.135000110e+01 +3.6079e+00 -2.1223e+00 +9.3889e-01 +1.7202e+00 +1.6296e+00
3983 +8.752083147e-07 +8.752083147e-07 +7.135000088e+01 +7.135000088e+01 +3.6077e+00 -2.1222e+00 +9.3909e-01 +1.7198e+00 +1.6295e+00
3991 +3.279198353e-07 +3.279198353e-07 +7.135000033e+01 +7.135000033e+01 +3.6078e+00 -2.1223e+00 +9.3903e-01 +1.7200e+00 +1.6295e+00
4009 +1.888518995e-07 +1.888518995e-07 +7.135000019e+01 +7.135000019e+01 +3.6079e+00 -2.1223e+00 +9.3894e-01 +1.7199e+00 +1.6295e+00
4073 +6.780061312e-08 +6.780061312e-08 +7.135000007e+01 +7.135000007e+01 +3.6079e+00 -2.1223e+00 +9.3896e-01 +1.7200e+00 +1.6295e+00
4146 +5.651843082e-08 +5.651843082e-08 +7.135000006e+01 +7.135000006e+01 +3.6079e+00 -2.1223e+00 +9.3895e-01 +1.7200e+00 +1.6295e+00
4156 +1.567799757e-08 +1.567799757e-08 +7.135000002e+01 +7.135000002e+01 +3.6079e+00 -2.1223e+00 +9.3897e-01 +1.7200e+00 +1.6295e+00
4237 +4.997133374e-09 +4.997133374e-09 +7.135000000e+01 +7.135000000e+01 +3.6079e+00 -2.1223e+00 +9.3898e-01 +1.7200e+00 +1.6295e+00
4244 +3.192141662e-09 +3.192141662e-09 +7.135000000e+01 +7.135000000e+01 +3.6079e+00 -2.1223e+00 +9.3896e-01 +1.7200e+00 +1.6295e+00
% function evaluation | noise-free fitness - Fopt (7.135000000000e+01) | best noise-free fitness - Fopt | measured fitness | best measured fitness | x1 | x2...
1 +1.547644499e+02 +1.547644499e+02 +2.261144499e+02 +2.261144499e+02 +9.4302e-01 +2.4864e+00 +1.5955e+00 +3.1293e+00 +1.4245e+00
2 +8.607959653e+01 +8.607959653e+01 +1.574295965e+02 +1.574295965e+02 +1.8150e-02 +1.8094e+00 +5.5674e+00 +5.6954e+00 +1.1410e+00
3 +5.517127534e+01 +5.517127534e+01 +1.265212753e+02 +1.265212753e+02 +2.2984e+00 +1.9780e+00 -2.5057e-01 +2.2827e+00 +2.0297e+00
10 +3.883360360e+01 +3.883360360e+01 +1.101836036e+02 +1.101836036e+02 -8.7582e-01 +1.5070e+00 +1.9787e+00 +2.0106e+00 +3.3073e+00
205 +2.464892598e+01 +2.464892598e+01 +9.599892598e+01 +9.599892598e+01 -4.5430e+00 +3.5010e-01 -1.7646e+00 +4.7773e+00 -2.4124e+00
305 +1.198293831e+01 +1.198293831e+01 +8.333293831e+01 +8.333293831e+01 -3.8221e+00 -1.0462e-02 -9.7612e-01 +5.0822e+00 -1.7429e+00
309 +5.663573419e+00 +5.663573419e+00 +7.701357342e+01 +7.701357342e+01 -3.7161e+00 -7.8851e-02 -1.1915e+00 +5.0832e+00 -1.6094e+00
472 +3.036740418e+00 +3.036740418e+00 +7.438674042e+01 +7.438674042e+01 -4.1236e+00 -8.9668e-02 -6.2600e-01 +4.2202e+00 -1.6406e+00
504 +1.410202180e+00 +1.410202180e+00 +7.276020218e+01 +7.276020218e+01 -4.5876e+00 +3.7563e-02 -2.0713e-01 +3.9932e+00 -1.6022e+00
599 +9.561628689e-01 +9.561628689e-01 +7.230616287e+01 +7.230616287e+01 -4.2126e+00 -2.2583e-02 -3.4803e-01 +3.8675e+00 -1.8490e+00
636 +5.573961086e-01 +5.573961086e-01 +7.190739611e+01 +7.190739611e+01 -4.2355e+00 -1.1555e-01 -2.5019e-01 +3.8498e+00 -1.9564e+00
676 +3.501858372e-01 +3.501858372e-01 +7.170018584e+01 +7.170018584e+01 -4.1822e+00 -6.0148e-02 -2.9402e-01 +3.8445e+00 -1.9675e+00
771 +2.131586416e-01 +2.131586416e-01 +7.156315864e+01 +7.156315864e+01 -4.1336e+00 -7.3702e-02 -3.2545e-01 +3.8452e+00 -1.9804e+00
881 +1.555755642e-01 +1.555755642e-01 +7.150557556e+01 +7.150557556e+01 -4.1354e+00 -8.0396e-02 -3.3027e-01 +3.8750e+00 -1.9724e+00
954 +7.909897529e-02 +7.909897529e-02 +7.142909898e+01 +7.142909898e+01 -4.1180e+00 -8.3145e-02 -3.4245e-01 +3.8846e+00 -1.9796e+00
4250 +6.104646448e-02 +6.104646448e-02 +7.141104646e+01 +7.141104646e+01 -7.0168e-01 -7.8127e-02 -3.5749e-01 +1.4817e+00 +3.2741e+00
22264 +2.222167951e-02 +2.222167951e-02 +7.137222168e+01 +7.137222168e+01 +2.9707e+00 -4.4573e-01 +2.8113e+00 +1.1918e+00 -2.2545e+00
22362 +1.260269495e-02 +1.260269495e-02 +7.136260269e+01 +7.136260269e+01 +2.9994e+00 -4.4239e-01 +2.8066e+00 +1.2382e+00 -2.2786e+00
22382 +7.745133080e-03 +7.745133080e-03 +7.135774513e+01 +7.135774513e+01 +3.0021e+00 -4.4709e-01 +2.8190e+00 +1.2714e+00 -2.2837e+00
22484 +3.293411842e-03 +3.293411842e-03 +7.135329341e+01 +7.135329341e+01 +2.9988e+00 -4.4501e-01 +2.8150e+00 +1.2501e+00 -2.2788e+00
22590 +1.560348689e-03 +1.560348689e-03 +7.135156035e+01 +7.135156035e+01 +3.0055e+00 -4.4701e-01 +2.8157e+00 +1.2561e+00 -2.2854e+00
22591 +3.458672155e-04 +3.458672155e-04 +7.135034587e+01 +7.135034587e+01 +2.9989e+00 -4.4625e-01 +2.8153e+00 +1.2479e+00 -2.2816e+00
22902 +8.052583124e-05 +8.052583124e-05 +7.135008053e+01 +7.135008053e+01 +2.9973e+00 -4.4655e-01 +2.8150e+00 +1.2421e+00 -2.2816e+00
23036 +5.979756445e-05 +5.979756445e-05 +7.135005980e+01 +7.135005980e+01 +2.9981e+00 -4.4683e-01 +2.8155e+00 +1.2450e+00 -2.2813e+00
23100 +2.078663272e-05 +2.078663272e-05 +7.135002079e+01 +7.135002079e+01 +2.9984e+00 -4.4660e-01 +2.8152e+00 +1.2449e+00 -2.2817e+00
23178 +1.562503304e-05 +1.562503304e-05 +7.135001563e+01 +7.135001563e+01 +2.9974e+00 -4.4668e-01 +2.8155e+00 +1.2424e+00 -2.2812e+00
23263 +4.331319175e-06 +4.331319175e-06 +7.135000433e+01 +7.135000433e+01 +2.9975e+00 -4.4679e-01 +2.8156e+00 +1.2433e+00 -2.2811e+00
23347 +3.780858322e-06 +3.780858322e-06 +7.135000378e+01 +7.135000378e+01 +2.9976e+00 -4.4660e-01 +2.8153e+00 +1.2437e+00 -2.2811e+00
23361 +2.360120348e-06 +2.360120348e-06 +7.135000236e+01 +7.135000236e+01 +2.9981e+00 -4.4672e-01 +2.8153e+00 +1.2439e+00 -2.2813e+00
23476 +7.057556957e-07 +7.057556957e-07 +7.135000071e+01 +7.135000071e+01 +2.9979e+00 -4.4668e-01 +2.8154e+00 +1.2438e+00 -2.2814e+00
23584 +6.143987576e-07 +6.143987576e-07 +7.135000061e+01 +7.135000061e+01 +2.9977e+00 -4.4662e-01 +2.8153e+00 +1.2435e+00 -2.2813e+00
23672 +2.590969785e-07 +2.590969785e-07 +7.135000026e+01 +7.135000026e+01 +2.9978e+00 -4.4665e-01 +2.8154e+00 +1.2435e+00 -2.2813e+00
23758 +1.456647141e-07 +1.456647141e-07 +7.135000015e+01 +7.135000015e+01 +2.9978e+00 -4.4665e-01 +2.8154e+00 +1.2434e+00 -2.2813e+00
23871 +1.922811066e-08 +1.922811066e-08 +7.135000002e+01 +7.135000002e+01 +2.9977e+00 -4.4666e-01 +2.8154e+00 +1.2434e+00 -2.2813e+00
23956 +1.261999216e-08 +1.261999216e-08 +7.135000001e+01 +7.135000001e+01 +2.9978e+00 -4.4666e-01 +2.8154e+00 +1.2435e+00 -2.2813e+00
24090 +3.751893018e-09 +3.751893018e-09 +7.135000000e+01 +7.135000000e+01 +2.9978e+00 -4.4665e-01 +2.8154e+00 +1.2435e+00 -2.2813e+00
24114 +7.655671652e-10 +7.655671652e-10 +7.135000000e+01 +7.135000000e+01 +2.9978e+00 -4.4666e-01 +2.8154e+00 +1.2435e+00 -2.2813e+00
% function evaluation | noise-free fitness - Fopt (7.135000000000e+01) | best noise-free fitness - Fopt | measured fitness | best measured fitness | x1 | x2...
1 +4.761526552e+01 +4.761526552e+01 +1.189652655e+02 +1.189652655e+02 +4.4225e-01 +3.0419e+00 +8.3326e-01 +3.5900e+00 +8.2969e-01
8 +3.973252900e+01 +3.973252900e+01 +1.110825290e+02 +1.110825290e+02 -7.2921e-01 +2.6429e+00 +8.9420e-01 +5.0558e+00 +1.6131e+00
19 +2.385125523e+01 +2.385125523e+01 +9.520125523e+01 +9.520125523e+01 +1.4252e+00 +2.0491e+00 +1.3625e+00 +1.7260e+00 +2.3961e+00
151 +1.157757924e+01 +1.157757924e+01 +8.292757924e+01 +8.292757924e+01 +1.3583e+00 +4.1770e+00 +3.9315e-01 -2.1136e+00 -1.4514e-01
174 +8.540006171e+00 +8.540006171e+00 +7.989000617e+01 +7.989000617e+01 +8.2554e-01 +4.2020e+00 +7.6601e-01 -2.7394e+00 +2.0362e-01
298 +4.608632657e+00 +4.608632657e+00 +7.595863266e+01 +7.595863266e+01 +5.1973e-01 +3.6513e+00 +1.1374e+00 -1.7158e+00 +9.9179e-01
340 +2.435472747e+00 +2.435472747e+00 +7.378547275e+01 +7.378547275e+01 +6.0753e-01 +3.8391e+00 +1.1106e+00 -1.8876e+00 +9.3729e-01
456 +9.808029327e-01 +9.808029327e-01 +7.233080293e+01 +7.233080293e+01 +9.3887e-01 +3.9162e+00 +1.0544e+00 -2.3038e+00 +5.9957e-01
591 +2.644279132e-01 +2.644279132e-01 +7.161442791e+01 +7.161442791e+01 +8.5776e-01 +3.9488e+00 +9.9994e-01 -2.1931e+00 +5.7680e-01
611 +1.853541498e-01 +1.853541498e-01 +7.153535415e+01 +7.153535415e+01 +9.6235e-01 +3.9120e+00 +8.7581e-01 -2.0401e+00 +5.2866e-01
654 +6.082491589e-02 +6.082491589e-02 +7.141082492e+01 +7.141082492e+01 +9.9241e-01 +3.9540e+00 +8.6394e-01 -2.0990e+00 +4.8227e-01
708 +2.082467537e-02 +2.082467537e-02 +7.137082468e+01 +7.137082468e+01 +9.7747e-01 +3.9474e+00 +8.4824e-01 -2.0529e+00 +5.2773e-01
735 +2.569927091e-03 +2.569927091e-03 +7.135256993e+01 +7.135256993e+01 +9.9585e-01 +3.9442e+00 +8.3848e-01 -2.0603e+00 +5.1845e-01
868 +1.517222034e-03 +1.517222034e-03 +7.135151722e+01 +7.135151722e+01 +1.0130e+00 +3.9547e+00 +8.1624e-01 -2.0514e+00 +4.9658e-01
872 +7.001723957e-04 +7.001723957e-04 +7.135070017e+01 +7.135070017e+01 +1.0073e+00 +3.9524e+00 +8.2123e-01 -2.0491e+00 +5.0847e-01
954 +5.693899477e-04 +5.693899477e-04 +7.135056939e+01 +7.135056939e+01 +1.0092e+00 +3.9520e+00 +8.2295e-01 -2.0524e+00 +5.0448e-01
968 +2.023050574e-05 +2.023050574e-05 +7.135002023e+01 +7.135002023e+01 +1.0095e+00 +3.9512e+00 +8.2146e-01 -2.0496e+00 +5.0329e-01
1073 +1.558348023e-05 +1.558348023e-05 +7.135001558e+01 +7.135001558e+01 +1.0104e+00 +3.9518e+00 +8.2014e-01 -2.0487e+00 +5.0190e-01
1129 +3.677680141e-06 +3.677680141e-06 +7.135000368e+01 +7.135000368e+01 +1.0100e+00 +3.9518e+00 +8.2093e-01 -2.0499e+00 +5.0232e-01
1152 +1.577054505e-06 +1.577054505e-06 +7.135000158e+01 +7.135000158e+01 +1.0102e+00 +3.9516e+00 +8.2096e-01 -2.0501e+00 +5.0242e-01
1188 +7.467949388e-07 +7.467949388e-07 +7.135000075e+01 +7.135000075e+01 +1.0103e+00 +3.9517e+00 +8.2065e-01 -2.0498e+00 +5.0245e-01
1192 +6.305854185e-07 +6.305854185e-07 +7.135000063e+01 +7.135000063e+01 +1.0103e+00 +3.9517e+00 +8.2075e-01 -2.0498e+00 +5.0236e-01
1206 +1.074418350e-07 +1.074418350e-07 +7.135000011e+01 +7.135000011e+01 +1.0102e+00 +3.9517e+00 +8.2079e-01 -2.0499e+00 +5.0241e-01
1266 +8.060148105e-08 +8.060148105e-08 +7.135000008e+01 +7.135000008e+01 +1.0102e+00 +3.9517e+00 +8.2073e-01 -2.0499e+00 +5.0234e-01
1268 +3.058582365e-08 +3.058582365e-08 +7.135000003e+01 +7.135000003e+01 +1.0102e+00 +3.9517e+00 +8.2071e-01 -2.0498e+00 +5.0238e-01
1293 +5.893525667e-09 +5.893525667e-09 +7.135000001e+01 +7.135000001e+01 +1.0102e+00 +3.9517e+00 +8.2073e-01 -2.0498e+00 +5.0240e-01
1298 +2.361446150e-09 +2.361446150e-09 +7.135000000e+01 +7.135000000e+01 +1.0102e+00 +3.9517e+00 +8.2072e-01 -2.0498e+00 +5.0240e-01
% function evaluation | noise-free fitness - Fopt (-3.552200000000e+02) | best noise-free fitness - Fopt | measured fitness | best measured fitness | x1 | x2...
1 +2.434118712e+02 +2.434118712e+02 -1.118081288e+02 -1.118081288e+02 +6.2914e-01 -1.0107e+00 -1.6803e+00 +2.9480e+00 -1.7074e+00
2 +1.571534168e+02 +1.571534168e+02 -1.980665832e+02 -1.980665832e+02 +2.3077e-01 -2.2399e+00 -4.3500e-01 +2.7230e+00 -3.8822e+00
3 +7.316319871e+01 +7.316319871e+01 -2.820568013e+02 -2.820568013e+02 -1.2096e+00 -4.4942e+00 -3.3088e+00 +3.1281e+00 +7.1676e-01
4 +4.203563800e+01 +4.203563800e+01 -3.131843620e+02 -3.131843620e+02 +1.2250e+00 -1.4246e+00 -1.9781e-01 +3.6048e+00 -3.2860e+00
14 +3.184661824e+01 +3.184661824e+01 -3.233733818e+02 -3.233733818e+02 +1.5926e+00 -7.2515e-01 -2.2901e+00 +4.1145e-01 -2.7935e+00
33 +2.146440676e+01 +2.146440676e+01 -3.337555932e+02 -3.337555932e+02 +3.1625e-01 -2.0872e+00 -5.6170e+00 +8.2143e-01 -4.0387e+00
259 +1.551673067e+01 +1.551673067e+01 -3.397032693e+02 -3.397032693e+02 -1.6413e+00 -2.5998e+00 -7.0771e+00 +4.3961e+00 -5.3344e+00
377 +9.239291818e+00 +9.239291818e+00 -3.459807082e+02 -3.459807082e+02 -1.8148e+00 -2.2506e+00 -6.3453e+00 +3.4976e+00 -4.4392e+00
469 +5.877730416e+00 +5.877730416e+00 -3.493422696e+02 -3.493422696e+02 -2.7669e+00 -2.2161e-01 -5.9964e+00 +3.5727e+00 -4.7993e+00
729 +3.970531290e+00 +3.970531290e+00 -3.512494687e+02 -3.512494687e+02 -2.4049e+00 -1.1322e+00 -6.3906e+00 +3.3984e+00 -4.6051e+00
3147 +2.436400467e+00 +2.436400467e+00 -3.527835995e+02 -3.527835995e+02 +1.1780e+00 -3.7225e+00 +3.3869e+00 +4.5066e+00 -6.0349e-01
3182 +4.312711491e-01 +4.312711491e-01 -3.547887289e+02 -3.547887289e+02 +1.4863e+00 -4.2492e+00 +3.3029e+00 +4.0570e+00 -2.9915e-01
3318 +3.018227405e-01 +3.018227405e-01 -3.549181773e+02 -3.549181773e+02 +1.4544e+00 -4.0762e+00 +3.1583e+00 +4.1027e+00 -3.6158e-01
3393 +2.174695727e-01 +2.174695727e-01 -3.550025304e+02 -3.550025304e+02 +1.4770e+00 -4.2163e+00 +3.2283e+00 +4.2009e+00 -3.5888e-01
3406 +1.372337821e-01 +1.372337821e-01 -3.550827662e+02 -3.550827662e+02 +1.4004e+00 -4.1124e+00 +3.3263e+00 +4.1879e+00 -3.6813e-01
3462 +9.490558869e-02 +9.490558869e-02 -3.551250944e+02 -3.551250944e+02 +1.4639e+00 -4.1952e+00 +3.2338e+00 +4.1470e+00 -3.6319e-01
3508 +2.800904829e-02 +2.800904829e-02 -3.551919910e+02 -3.551919910e+02 +1.4714e+00 -4.2505e+00 +3.2679e+00 +4.1892e+00 -3.5403e-01
3555 +1.476241278e-02 +1.476241278e-02 -3.552052376e+02 -3.552052376e+02 +1.4632e+00 -4.2088e+00 +3.2384e+00 +4.1634e+00 -3.3780e-01
3608 +5.977605310e-03 +5.977605310e-03 -3.552140224e+02 -3.552140224e+02 +1.4754e+00 -4.2241e+00 +3.2366e+00 +4.1408e+00 -3.3777e-01
3670 +2.742704328e-03 +2.742704328e-03 -3.552172573e+02 -3.552172573e+02 +1.4727e+00 -4.2307e+00 +3.2335e+00 +4.1560e+00 -3.4722e-01
3682 +2.179739750e-03 +2.179739750e-03 -3.552178203e+02 -3.552178203e+02 +1.4649e+00 -4.2127e+00 +3.2386e+00 +4.1639e+00 -3.5534e-01
3725 +1.631698069e-04 +1.631698069e-04 -3.552198368e+02 -3.552198368e+02 +1.4659e+00 -4.2165e+00 +3.2401e+00 +4.1521e+00 -3.4662e-01
3836 +1.210284753e-04 +1.210284753e-04 -3.552198790e+02 -3.552198790e+02 +1.4673e+00 -4.2211e+00 +3.2403e+00 +4.1532e+00 -3.4750e-01
3910 +7.623851639e-05 +7.623851639e-05 -3.552199238e+02 -3.552199238e+02 +1.4675e+00 -4.2206e+00 +3.2392e+00 +4.1550e+00 -3.4795e-01
3920 +2.603866409e-05 +2.603866409e-05 -3.552199740e+02 -3.552199740e+02 +1.4667e+00 -4.2190e+00 +3.2394e+00 +4.1531e+00 -3.4755e-01
3977 +2.008743263e-05 +2.008743263e-05 -3.552199799e+02 -3.552199799e+02 +1.4677e+00 -4.2216e+00 +3.2389e+00 +4.1535e+00 -3.4733e-01
4014 +1.094367440e-05 +1.094367440e-05 -3.552199891e+02 -3.552199891e+02 +1.4666e+00 -4.2193e+00 +3.2403e+00 +4.1538e+00 -3.4751e-01
4055 +5.434290927e-06 +5.434290927e-06 -3.552199946e+02 -3.552199946e+02 +1.4672e+00 -4.2203e+00 +3.2398e+00 +4.1531e+00 -3.4694e-01
4069 +3.242935122e-06 +3.242935122e-06 -3.552199968e+02 -3.552199968e+02 +1.4670e+00 -4.2199e+00 +3.2398e+00 +4.1537e+00 -3.4735e-01
4079 +2.109188358e-06 +2.109188358e-06 -3.552199979e+02 -3.552199979e+02 +1.4672e+00 -4.2203e+00 +3.2397e+00 +4.1538e+00 -3.4742e-01
4096 +9.176320077e-07 +9.176320077e-07 -3.552199991e+02 -3.552199991e+02 +1.4672e+00 -4.2202e+00 +3.2398e+00 +4.1536e+00 -3.4728e-01
4159 +5.735028026e-07 +5.735028026e-07 -3.552199994e+02 -3.552199994e+02 +1.4673e+00 -4.2204e+00 +3.2397e+00 +4.1537e+00 -3.4726e-01
4176 +2.773452934e-07 +2.773452934e-07 -3.552199997e+02 -3.552199997e+02 +1.4672e+00 -4.2204e+00 +3.2397e+00 +4.1536e+00 -3.4725e-01
4205 +1.883283289e-07 +1.883283289e-07 -3.552199998e+02 -3.552199998e+02 +1.4671e+00 -4.2202e+00 +3.2398e+00 +4.1537e+00 -3.4729e-01
4228 +1.662829163e-08 +1.662829163e-08 -3.552200000e+02 -3.552200000e+02 +1.4672e+00 -4.2203e+00 +3.2397e+00 +4.1536e+00 -3.4728e-01
4308 +1.177932063e-08 +1.177932063e-08 -3.552200000e+02 -3.552200000e+02 +1.4672e+00 -4.2203e+00 +3.2398e+00 +4.1536e+00 -3.4728e-01
4314 +5.072706699e-09 +5.072706699e-09 -3.552200000e+02 -3.552200000e+02 +1.4672e+00 -4.2203e+00 +3.2397e+00 +4.1536e+00 -3.4727e-01
% function evaluation | noise-free fitness - Fopt (-3.552200000000e+02) | best noise-free fitness - Fopt | measured fitness | best measured fitness | x1 | x2...
1 +3.816717356e+01 +3.816717356e+01 -3.170528264e+02 -3.170528264e+02 +1.8047e+00 -1.3980e-01 +3.0496e-01 +1.7783e+00 +1.0125e+00
3 +1.112652190e+01 +1.112652190e+01 -3.440934781e+02 -3.440934781e+02 +4.9675e+00 +3.0874e+00 +9.9951e-01 +1.6183e+00 +5.3323e-01
718 +5.415191928e+00 +5.415191928e+00 -3.498048081e+02 -3.498048081e+02 -5.4502e+00 -2.4231e+00 +2.6838e+00 +9.4754e-01 +3.9664e+00
818 +1.675257095e+00 +1.675257095e+00 -3.535447429e+02 -3.535447429e+02 -5.1447e+00 -2.8414e+00 +2.4315e+00 +6.3177e-01 +4.1274e+00
958 +1.460237338e+00 +1.460237338e+00 -3.537597627e+02 -3.537597627e+02 -5.1961e+00 -2.7814e+00 +2.4568e+00 +7.6354e-01 +4.0698e+00
1021 +9.502178104e-01 +9.502178104e-01 -3.542697822e+02 -3.542697822e+02 -5.2339e+00 -2.6928e+00 +2.4529e+00 +7.3296e-01 +4.0613e+00
1320 +6.301830536e-01 +6.301830536e-01 -3.545898169e+02 -3.545898169e+02 -5.2155e+00 -2.7280e+00 +2.4627e+00 +7.1627e-01 +4.0604e+00
8032 +3.240413139e-01 +3.240413139e-01 -3.548959587e+02 -3.548959587e+02 +2.7513e+00 -2.5879e+00 +1.5338e+00 -3.0824e+00 +9.4720e-01
8117 +2.244512738e-01 +2.244512738e-01 -3.549955487e+02 -3.549955487e+02 +2.7514e+00 -2.6575e+00 +1.5298e+00 -3.0403e+00 +8.8785e-01
8135 +1.550742988e-01 +1.550742988e-01 -3.550649257e+02 -3.550649257e+02 +2.7886e+00 -2.6709e+00 +1.4684e+00 -3.1141e+00 +9.5994e-01
8274 +8.536036827e-02 +8.536036827e-02 -3.551346396e+02 -3.551346396e+02 +2.8255e+00 -2.7383e+00 +1.4475e+00 -3.1311e+00 +9.7960e-01
8303 +4.362765964e-02 +4.362765964e-02 -3.551763723e+02 -3.551763723e+02 +2.8127e+00 -2.6895e+00 +1.4876e+00 -3.1582e+00 +9.6695e-01
8418 +3.453903474e-02 +3.453903474e-02 -3.551854610e+02 -3.551854610e+02 +2.8158e+00 -2.7378e+00 +1.4634e+00 -3.1090e+00 +9.5713e-01
8419 +2.177892111e-02 +2.177892111e-02 -3.551982211e+02 -3.551982211e+02 +2.8288e+00 -2.7410e+00 +1.4765e+00 -3.1314e+00 +9.7924e-01
8455 +1.382272995e-02 +1.382272995e-02 -3.552061773e+02 -3.552061773e+02 +2.8233e+00 -2.7193e+00 +1.4600e+00 -3.1291e+00 +9.7573e-01
8553 +5.810177554e-03 +5.810177554e-03 -3.552141898e+02 -3.552141898e+02 +2.8222e+00 -2.7201e+00 +1.4669e+00 -3.1371e+00 +9.6775e-01
8621 +3.655457845e-03 +3.655457845e-03 -3.552163445e+02 -3.552163445e+02 +2.8228e+00 -2.7122e+00 +1.4713e+00 -3.1422e+00 +9.7618e-01
8682 +2.178101830e-03 +2.178101830e-03 -3.552178219e+02 -3.552178219e+02 +2.8297e+00 -2.7265e+00 +1.4639e+00 -3.1423e+00 +9.7574e-01
8687 +1.210082475e-03 +1.210082475e-03 -3.552187899e+02 -3.552187899e+02 +2.8220e+00 -2.7227e+00 +1.4669e+00 -3.1305e+00 +9.6805e-01
8760 +8.554499871e-04 +8.554499871e-04 -3.552191446e+02 -3.552191446e+02 +2.8246e+00 -2.7232e+00 +1.4661e+00 -3.1348e+00 +9.7127e-01
8773 +5.902480138e-04 +5.902480138e-04 -3.552194098e+02 -3.552194098e+02 +2.8225e+00 -2.7228e+00 +1.4681e+00 -3.1326e+00 +9.7191e-01
8838 +3.817849607e-04 +3.817849607e-04 -3.552196182e+02 -3.552196182e+02 +2.8205e+00 -2.7194e+00 +1.4690e+00 -3.1319e+00 +9.6925e-01
8840 +2.491692190e-04 +2.491692190e-04 -3.552197508e+02 -3.552197508e+02 +2.8218e+00 -2.7194e+00 +1.4684e+00 -3.1331e+00 +9.7034e-01
8898 +7.049218544e-05 +7.049218544e-05 -3.552199295e+02 -3.552199295e+02 +2.8209e+00 -2.7170e+00 +1.4684e+00 -3.1343e+00 +9.7002e-01
8977 +5.990047708e-05 +5.990047708e-05 -3.552199401e+02 -3.552199401e+02 +2.8219e+00 -2.7200e+00 +1.4681e+00 -3.1335e+00 +9.7025e-01
8981 +1.155508210e-05 +1.155508210e-05 -3.552199884e+02 -3.552199884e+02 +2.8217e+00 -2.7188e+00 +1.4685e+00 -3.1347e+00 +9.7070e-01
9129 +5.591987986e-06 +5.591987986e-06 -3.552199944e+02 -3.552199944e+02 +2.8219e+00 -2.7191e+00 +1.4681e+00 -3.1345e+00 +9.7087e-01
9242 +3.687010917e-06 +3.687010917e-06 -3.552199963e+02 -3.552199963e+02 +2.8218e+00 -2.7191e+00 +1.4682e+00 -3.1345e+00 +9.7077e-01
9259 +1.214754150e-06 +1.214754150e-06 -3.552199988e+02 -3.552199988e+02 +2.8217e+00 -2.7190e+00 +1.4684e+00 -3.1342e+00 +9.7061e-01
9367 +4.161963716e-07 +4.161963716e-07 -3.552199996e+02 -3.552199996e+02 +2.8218e+00 -2.7189e+00 +1.4683e+00 -3.1344e+00 +9.7066e-01
9392 +1.903247266e-07 +1.903247266e-07 -3.552199998e+02 -3.552199998e+02 +2.8217e+00 -2.7188e+00 +1.4683e+00 -3.1344e+00 +9.7066e-01
9481 +7.924313650e-08 +7.924313650e-08 -3.552199999e+02 -3.552199999e+02 +2.8217e+00 -2.7188e+00 +1.4684e+00 -3.1343e+00 +9.7061e-01
9494 +3.110949365e-08 +3.110949365e-08 -3.552200000e+02 -3.552200000e+02 +2.8217e+00 -2.7187e+00 +1.4684e+00 -3.1343e+00 +9.7061e-01
9576 +2.458722292e-08 +2.458722292e-08 -3.552200000e+02 -3.552200000e+02 +2.8217e+00 -2.7188e+00 +1.4684e+00 -3.1343e+00 +9.7064e-01
9605 +4.530477327e-09 +4.530477327e-09 -3.552200000e+02 -3.552200000e+02 +2.8217e+00 -2.7188e+00 +1.4684e+00 -3.1343e+00 +9.7062e-01
9606 +1.895671176e-09 +1.895671176e-09 -3.552200000e+02 -3.552200000e+02 +2.8217e+00 -2.7188e+00 +1.4684e+00 -3.1344e+00 +9.7063e-01
% function evaluation | noise-free fitness - Fopt (-3.552200000000e+02) | best noise-free fitness - Fopt | measured fitness | best measured fitness | x1 | x2...
1 +3.098212838e+01 +3.098212838e+01 -3.242378716e+02 -3.242378716e+02 +4.2395e-01 +3.8339e+00 +3.9686e-02 -6.7609e-01 -2.1715e+00
13 +2.330787257e+01 +2.330787257e+01 -3.319121274e+02 -3.319121274e+02 +1.1783e+00 +4.9709e+00 +3.0400e-01 -1.2485e+00 -4.7924e-01
170 +1.575225517e+01 +1.575225517e+01 -3.394677448e+02 -3.394677448e+02 +4.5631e+00 -2.4423e+00 +4.7786e+00 +5.9487e+00 +3.3914e+00
543 +9.357673527e+00 +9.357673527e+00 -3.458623265e+02 -3.458623265e+02 +3.4993e+00 +1.6314e+00 +3.6531e+00 +5.4421e+00 +1.9238e+00
581 +6.077140321e+00 +6.077140321e+00 -3.491428597e+02 -3.491428597e+02 +3.3047e+00 +1.7286e+00 +4.0477e+00 +5.7699e+00 +2.1010e+00
627 +2.199484324e+00 +2.199484324e+00 -3.530205157e+02 -3.530205157e+02 +3.2407e+00 +2.1138e+00 +3.9508e+00 +5.3769e+00 +2.1219e+00
703 +1.217877331e+00 +1.217877331e+00 -3.540021227e+02 -3.540021227e+02 +3.0001e+00 +2.5321e+00 +3.9397e+00 +5.4416e+00 +2.0672e+00
725 +6.556404099e-01 +6.556404099e-01 -3.545643596e+02 -3.545643596e+02 +3.0627e+00 +2.3587e+00 +3.8382e+00 +5.4334e+00 +1.9828e+00
778 +5.910628515e-01 +5.910628515e-01 -3.546289371e+02 -3.546289371e+02 +2.9671e+00 +2.5529e+00 +4.0112e+00 +5.4514e+00 +1.9867e+00
1065 +3.955091201e-01 +3.955091201e-01 -3.548244909e+02 -3.548244909e+02 +2.9770e+00 +2.5621e+00 +3.9593e+00 +5.4054e+00 +1.9902e+00
7247 +2.226098717e-01 +2.226098717e-01 -3.549973901e+02 -3.549973901e+02 -1.1005e+00 +1.2574e+00 +1.1441e+00 -3.9728e+00 -6.7474e-01
7255 +1.090767354e-01 +1.090767354e-01 -3.551109233e+02 -3.551109233e+02 -1.0415e+00 +1.1584e+00 +1.1000e+00 -3.9766e+00 -7.1420e-01
7355 +9.452160988e-02 +9.452160988e-02 -3.551254784e+02 -3.551254784e+02 -1.0068e+00 +1.0923e+00 +9.7153e-01 -3.8440e+00 -7.8573e-01
7527 +3.897893796e-02 +3.897893796e-02 -3.551810211e+02 -3.551810211e+02 -1.0361e+00 +1.1666e+00 +1.0069e+00 -3.9197e+00 -7.5053e-01
7622 +2.001650303e-02 +2.001650303e-02 -3.551999835e+02 -3.551999835e+02 -1.0628e+00 +1.2097e+00 +1.0648e+00 -3.9243e+00 -7.3144e-01
7714 +1.273630947e-02 +1.273630947e-02 -3.552072637e+02 -3.552072637e+02 -1.0426e+00 +1.1717e+00 +9.5279e-01 -3.8862e+00 -7.8420e-01
7739 +5.703257866e-03 +5.703257866e-03 -3.552142967e+02 -3.552142967e+02 -1.0473e+00 +1.1880e+00 +9.5936e-01 -3.8834e+00 -7.8100e-01
7832 +3.398306932e-03 +3.398306932e-03 -3.552166017e+02 -3.552166017e+02 -1.0416e+00 +1.1753e+00 +9.2801e-01 -3.8726e+00 -7.9517e-01
7950 +6.278227586e-04 +6.278227586e-04 -3.552193722e+02 -3.552193722e+02 -1.0343e+00 +1.1619e+00 +9.2483e-01 -3.8647e+00 -7.9749e-01
8168 +2.767539983e-04 +2.767539983e-04 -3.552197232e+02 -3.552197232e+02 -1.0340e+00 +1.1582e+00 +9.3313e-01 -3.8713e+00 -7.8946e-01
8203 +2.264881614e-04 +2.264881614e-04 -3.552197735e+02 -3.552197735e+02 -1.0336e+00 +1.1579e+00 +9.3117e-01 -3.8707e+00 -7.8979e-01
8258 +8.162935217e-05 +8.162935217e-05 -3.552199184e+02 -3.552199184e+02 -1.0335e+00 +1.1613e+00 +9.2284e-01 -3.8614e+00 -7.9849e-01
8274 +2.964437112e-05 +2.964437112e-05 -3.552199704e+02 -3.552199704e+02 -1.0318e+00 +1.1576e+00 +9.2227e-01 -3.8627e+00 -7.9714e-01
8309 +2.310134624e-05 +2.310134624e-05 -3.552199769e+02 -3.552199769e+02 -1.0320e+00 +1.1579e+00 +9.2261e-01 -3.8632e+00 -7.9678e-01
8436 +1.045540859e-05 +1.045540859e-05 -3.552199895e+02 -3.552199895e+02 -1.0326e+00 +1.1593e+00 +9.2326e-01 -3.8627e+00 -7.9739e-01
8485 +4.979724451e-06 +4.979724451e-06 -3.552199950e+02 -3.552199950e+02 -1.0325e+00 +1.1590e+00 +9.2338e-01 -3.8629e+00 -7.9713e-01
8559 +3.422606198e-06 +3.422606198e-06 -3.552199966e+02 -3.552199966e+02 -1.0327e+00 +1.1598e+00 +9.2246e-01 -3.8624e+00 -7.9779e-01
8642 +1.819771569e-06 +1.819771569e-06 -3.552199982e+02 -3.552199982e+02 -1.0325e+00 +1.1590e+00 +9.2290e-01 -3.8628e+00 -7.9720e-01
8648 +1.411688004e-06 +1.411688004e-06 -3.552199986e+02 -3.552199986e+02 -1.0326e+00 +1.1592e+00 +9.2345e-01 -3.8632e+00 -7.9697e-01
8684 +8.514775232e-07 +8.514775232e-07 -3.552199991e+02 -3.552199991e+02 -1.0324e+00 +1.1591e+00 +9.2252e-01 -3.8626e+00 -7.9748e-01
8693 +5.956950417e-07 +5.956950417e-07 -3.552199994e+02 -3.552199994e+02 -1.0325e+00 +1.1591e+00 +9.2287e-01 -3.8628e+00 -7.9726e-01
8769 +2.163209842e-07 +2.163209842e-07 -3.552199998e+02 -3.552199998e+02 -1.0325e+00 +1.1591e+00 +9.2298e-01 -3.8629e+00 -7.9719e-01
8854 +1.263043146e-07 +1.263043146e-07 -3.552199999e+02 -3.552199999e+02 -1.0324e+00 +1.1591e+00 +9.2281e-01 -3.8628e+00 -7.9727e-01
8889 +6.729123925e-08 +6.729123925e-08 -3.552199999e+02 -3.552199999e+02 -1.0325e+00 +1.1591e+00 +9.2289e-01 -3.8628e+00 -7.9726e-01
8919 +3.127127002e-08 +3.127127002e-08 -3.552200000e+02 -3.552200000e+02 -1.0325e+00 +1.1591e+00 +9.2282e-01 -3.8628e+00 -7.9732e-01
9026 +1.382062464e-08 +1.382062464e-08 -3.552200000e+02 -3.552200000e+02 -1.0325e+00 +1.1592e+00 +9.2296e-01 -3.8628e+00 -7.9727e-01
9055 +8.516224170e-09 +8.516224170e-09 -3.552200000e+02 -3.552200000e+02 -1.0325e+00 +1.1592e+00 +9.2293e-01 -3.8628e+00 -7.9726e-01
9062 +1.573084774e-09 +1.573084774e-09 -3.552200000e+02 -3.552200000e+02 -1.0325e+00 +1.1591e+00 +9.2291e-01 -3.8628e+00 -7.9727e-01
% function evaluation | noise-free fitness - Fopt (9.917000000000e+01) | best noise-free fitness - Fopt | measured fitness | best measured fitness | x1 | x2...
1 +6.152528475e+01 +6.152528475e+01 +1.606952848e+02 +1.606952848e+02 -1.5675e+00 -3.9468e+00 -5.8405e-01 -3.0517e+00 +1.3563e+00
2 +1.726238649e+01 +1.726238649e+01 +1.164323865e+02 +1.164323865e+02 -7.3910e-01 -5.9695e+00 -5.3813e-01 -1.4333e+00 +6.2336e+00
176 +1.408976368e+01 +1.408976368e+01 +1.132597637e+02 +1.132597637e+02 -3.4609e+00 +2.6491e-01 -1.0346e+00 -2.2516e+00 +5.3307e+00
356 +8.908479904e+00 +8.908479904e+00 +1.080784799e+02 +1.080784799e+02 -4.2537e+00 +5.0450e-01 +3.9269e-01 -1.5802e+00 +6.6345e+00
493 +5.786110742e+00 +5.786110742e+00 +1.049561107e+02 +1.049561107e+02 -4.2876e+00 +4.9388e-01 +6.6603e-01 -1.6613e+00 +6.4224e+00
3505 +2.039449927e+00 +2.039449927e+00 +1.012094499e+02 +1.012094499e+02 +4.4256e+00 -4.1142e+00 -1.0208e+00 -3.8942e+00 -4.6893e+00
3611 +9.605004186e-01 +9.605004186e-01 +1.001305004e+02 +1.001305004e+02 +4.2351e+00 -4.1524e+00 -8.0428e-01 -4.1283e+00 -4.7839e+00
3632 +3.580252072e-01 +3.580252072e-01 +9.952802521e+01 +9.952802521e+01 +4.2230e+00 -3.9416e+00 -1.1171e+00 -3.8550e+00 -4.5929e+00
3806 +2.136769608e-01 +2.136769608e-01 +9.938367696e+01 +9.938367696e+01 +4.1646e+00 -3.9582e+00 -1.0801e+00 -3.9883e+00 -4.5967e+00
3823 +9.098804768e-02 +9.098804768e-02 +9.926098805e+01 +9.926098805e+01 +4.1742e+00 -3.9654e+00 -1.0583e+00 -3.9694e+00 -4.6271e+00
3934 +3.612287201e-02 +3.612287201e-02 +9.920612287e+01 +9.920612287e+01 +4.1825e+00 -3.9113e+00 -1.2462e+00 -3.8836e+00 -4.5747e+00
3953 +2.318557343e-02 +2.318557343e-02 +9.919318557e+01 +9.919318557e+01 +4.1672e+00 -3.8784e+00 -1.3347e+00 -3.8320e+00 -4.5465e+00
4019 +4.844151523e-03 +4.844151523e-03 +9.917484415e+01 +9.917484415e+01 +4.1926e+00 -3.8948e+00 -1.2906e+00 -3.8234e+00 -4.5654e+00
4101 +1.966071539e-03 +1.966071539e-03 +9.917196607e+01 +9.917196607e+01 +4.1894e+00 -3.9046e+00 -1.2525e+00 -3.8475e+00 -4.5674e+00
4136 +1.535904712e-03 +1.535904712e-03 +9.917153590e+01 +9.917153590e+01 +4.1847e+00 -3.8914e+00 -1.2789e+00 -3.8345e+00 -4.5601e+00
4197 +6.748080940e-04 +6.748080940e-04 +9.917067481e+01 +9.917067481e+01 +4.1883e+00 -3.8968e+00 -1.2790e+00 -3.8335e+00 -4.5630e+00
4209 +2.836810005e-04 +2.836810005e-04 +9.917028368e+01 +9.917028368e+01 +4.1849e+00 -3.8955e+00 -1.2782e+00 -3.8345e+00 -4.5608e+00
4235 +1.329896057e-04 +1.329896057e-04 +9.917013299e+01 +9.917013299e+01 +4.1871e+00 -3.8969e+00 -1.2762e+00 -3.8352e+00 -4.5620e+00
4295 +9.422631554e-05 +9.422631554e-05 +9.917009423e+01 +9.917009423e+01 +4.1857e+00 -3.8950e+00 -1.2772e+00 -3.8357e+00 -4.5609e+00
4372 +4.337798933e-05 +4.337798933e-05 +9.917004338e+01 +9.917004338e+01 +4.1854e+00 -3.8956e+00 -1.2764e+00 -3.8364e+00 -4.5613e+00
4396 +2.551708172e-05 +2.551708172e-05 +9.917002552e+01 +9.917002552e+01 +4.1864e+00 -3.8953e+00 -1.2785e+00 -3.8344e+00 -4.5613e+00
4407 +2.247649434e-05 +2.247649434e-05 +9.917002248e+01 +9.917002248e+01 +4.1858e+00 -3.8951e+00 -1.2775e+00 -3.8351e+00 -4.5610e+00
4452 +9.750393318e-06 +9.750393318e-06 +9.917000975e+01 +9.917000975e+01 +4.1859e+00 -3.8953e+00 -1.2781e+00 -3.8349e+00 -4.5612e+00
4463 +2.708567138e-06 +2.708567138e-06 +9.917000271e+01 +9.917000271e+01 +4.1859e+00 -3.8951e+00 -1.2787e+00 -3.8344e+00 -4.5610e+00
4527 +2.096148904e-06 +2.096148904e-06 +9.917000210e+01 +9.917000210e+01 +4.1857e+00 -3.8949e+00 -1.2788e+00 -3.8345e+00 -4.5609e+00
4559 +1.409977386e-06 +1.409977386e-06 +9.917000141e+01 +9.917000141e+01 +4.1858e+00 -3.8950e+00 -1.2787e+00 -3.8345e+00 -4.5610e+00
4563 +8.530470268e-07 +8.530470268e-07 +9.917000085e+01 +9.917000085e+01 +4.1858e+00 -3.8951e+00 -1.2782e+00 -3.8346e+00 -4.5610e+00
4600 +5.967628738e-07 +5.967628738e-07 +9.917000060e+01 +9.917000060e+01 +4.1858e+00 -3.8951e+00 -1.2785e+00 -3.8345e+00 -4.5610e+00
4657 +3.251413006e-07 +3.251413006e-07 +9.917000033e+01 +9.917000033e+01 +4.1858e+00 -3.8951e+00 -1.2784e+00 -3.8345e+00 -4.5610e+00
4702 +1.556437041e-07 +1.556437041e-07 +9.917000016e+01 +9.917000016e+01 +4.1857e+00 -3.8950e+00 -1.2784e+00 -3.8346e+00 -4.5610e+00
4730 +4.977212598e-08 +4.977212598e-08 +9.917000005e+01 +9.917000005e+01 +4.1857e+00 -3.8950e+00 -1.2784e+00 -3.8346e+00 -4.5610e+00
4818 +3.271433968e-08 +3.271433968e-08 +9.917000003e+01 +9.917000003e+01 +4.1857e+00 -3.8950e+00 -1.2784e+00 -3.8346e+00 -4.5610e+00
4830 +1.761192436e-08 +1.761192436e-08 +9.917000002e+01 +9.917000002e+01 +4.1857e+00 -3.8950e+00 -1.2784e+00 -3.8346e+00 -4.5610e+00
4848 +6.074643011e-09 +6.074643011e-09 +9.917000001e+01 +9.917000001e+01 +4.1857e+00 -3.8950e+00 -1.2785e+00 -3.8346e+00 -4.5610e+00
4852 +2.528835807e-09 +2.528835807e-09 +9.917000000e+01 +9.917000000e+01 +4.1857e+00 -3.8950e+00 -1.2784e+00 -3.8346e+00 -4.5610e+00
4860 +5.923084245e-10 +5.923084245e-10 +9.917000000e+01 +9.917000000e+01 +4.1857e+00 -3.8950e+00 -1.2785e+00 -3.8346e+00 -4.5610e+00
% function evaluation | noise-free fitness - Fopt (9.917000000000e+01) | best noise-free fitness - Fopt | measured fitness | best measured fitness | x1 | x2...
1 +6.336825024e+01 +6.336825024e+01 +1.625382502e+02 +1.625382502e+02 -1.3355e+00 -2.2918e+00 -1.0756e+00 -7.1368e-01 -3.3910e+00
3 +6.153176250e+01 +6.153176250e+01 +1.607017625e+02 +1.607017625e+02 -2.1234e+00 -4.1601e+00 +1.0600e+00 +3.1721e-02 -4.4239e+00
4 +3.102400203e+01 +3.102400203e+01 +1.301940020e+02 +1.301940020e+02 -4.2483e+00 -1.8064e+00 -2.1547e+00 +1.1724e+00 -6.3072e+00
11 +2.415216531e+01 +2.415216531e+01 +1.233221653e+02 +1.233221653e+02 -3.2513e-02 -4.8880e+00 -2.7081e+00 +1.0684e+00 -5.2690e+00
130 +1.467742505e+01 +1.467742505e+01 +1.138474251e+02 +1.138474251e+02 -3.0734e+00 -2.8580e+00 +3.1111e+00 +4.0524e+00 -3.3616e+00
515 +7.034768823e+00 +7.034768823e+00 +1.062047688e+02 +1.062047688e+02 -1.1120e+00 -4.6761e+00 +2.2015e+00 +2.6884e+00 -6.1642e+00
550 +5.797618773e+00 +5.797618773e+00 +1.049676188e+02 +1.049676188e+02 -1.5375e+00 -4.3484e+00 +2.5842e+00 +2.4403e+00 -6.1596e+00
648 +3.932401258e+00 +3.932401258e+00 +1.031024013e+02 +1.031024013e+02 -1.6736e+00 -4.3262e+00 +2.2531e+00 +2.7770e+00 -6.0454e+00
3316 +1.156119422e+00 +1.156119422e+00 +1.003261194e+02 +1.003261194e+02 +2.4668e+00 -1.6437e+00 +1.3142e-01 +1.8033e+00 -1.9821e+00
3341 +4.118440041e-01 +4.118440041e-01 +9.958184400e+01 +9.958184400e+01 +2.4596e+00 -1.5203e+00 +3.8135e-01 +1.7923e+00 -1.9254e+00
3368 +3.770930377e-01 +3.770930377e-01 +9.954709304e+01 +9.954709304e+01 +2.2945e+00 -1.4773e+00 +2.9554e-01 +1.7286e+00 -1.8760e+00
3412 +1.424710700e-01 +1.424710700e-01 +9.931247107e+01 +9.931247107e+01 +2.4338e+00 -1.5564e+00 +6.4698e-01 +1.6110e+00 -2.0202e+00
3436 +5.823232624e-02 +5.823232624e-02 +9.922823233e+01 +9.922823233e+01 +2.4297e+00 -1.5528e+00 +3.9977e-01 +1.8242e+00 -1.9472e+00
3566 +3.066901837e-02 +3.066901837e-02 +9.920066902e+01 +9.920066902e+01 +2.4560e+00 -1.5595e+00 +5.7279e-01 +1.6688e+00 -1.9659e+00
3662 +1.532098424e-02 +1.532098424e-02 +9.918532098e+01 +9.918532098e+01 +2.4737e+00 -1.5592e+00 +5.3261e-01 +1.7128e+00 -1.9875e+00
3692 +8.627310969e-03 +8.627310969e-03 +9.917862731e+01 +9.917862731e+01 +2.4546e+00 -1.5615e+00 +5.5772e-01 +1.6585e+00 -1.9894e+00
3756 +5.208667724e-03 +5.208667724e-03 +9.917520867e+01 +9.917520867e+01 +2.4724e+00 -1.5627e+00 +5.1904e-01 +1.6914e+00 -1.9838e+00
3800 +2.157329771e-03 +2.157329771e-03 +9.917215733e+01 +9.917215733e+01 +2.4612e+00 -1.5614e+00 +5.5127e-01 +1.6678e+00 -1.9912e+00
3817 +1.436300235e-03 +1.436300235e-03 +9.917143630e+01 +9.917143630e+01 +2.4680e+00 -1.5574e+00 +5.2202e-01 +1.6952e+00 -1.9856e+00
3829 +5.361234423e-04 +5.361234423e-04 +9.917053612e+01 +9.917053612e+01 +2.4654e+00 -1.5590e+00 +5.3805e-01 +1.6865e+00 -1.9850e+00
3915 +1.862144658e-04 +1.862144658e-04 +9.917018621e+01 +9.917018621e+01 +2.4656e+00 -1.5561e+00 +5.2722e-01 +1.6902e+00 -1.9843e+00
3963 +1.207188849e-04 +1.207188849e-04 +9.917012072e+01 +9.917012072e+01 +2.4672e+00 -1.5585e+00 +5.3064e-01 +1.6885e+00 -1.9862e+00
4002 +2.828591960e-05 +2.828591960e-05 +9.917002829e+01 +9.917002829e+01 +2.4655e+00 -1.5577e+00 +5.3205e-01 +1.6861e+00 -1.9853e+00
4067 +8.699841473e-06 +8.699841473e-06 +9.917000870e+01 +9.917000870e+01 +2.4657e+00 -1.5575e+00 +5.3174e-01 +1.6868e+00 -1.9853e+00
4113 +4.376179220e-06 +4.376179220e-06 +9.917000438e+01 +9.917000438e+01 +2.4656e+00 -1.5576e+00 +5.3207e-01 +1.6867e+00 -1.9852e+00
4162 +2.818780573e-06 +2.818780573e-06 +9.917000282e+01 +9.917000282e+01 +2.4659e+00 -1.5576e+00 +5.3221e-01 +1.6874e+00 -1.9852e+00
4181 +2.482019156e-06 +2.482019156e-06 +9.917000248e+01 +9.917000248e+01 +2.4662e+00 -1.5579e+00 +5.3217e-01 +1.6873e+00 -1.9854e+00
4209 +1.427984913e-06 +1.427984913e-06 +9.917000143e+01 +9.917000143e+01 +2.4658e+00 -1.5577e+00 +5.3259e-01 +1.6870e+00 -1.9852e+00
4212 +5.872509945e-07 +5.872509945e-07 +9.917000059e+01 +9.917000059e+01 +2.4658e+00 -1.5577e+00 +5.3248e-01 +1.6871e+00 -1.9853e+00
4237 +1.712509032e-07 +1.712509032e-07 +9.917000017e+01 +9.917000017e+01 +2.4658e+00 -1.5577e+00 +5.3250e-01 +1.6871e+00 -1.9853e+00
4300 +2.140876632e-08 +2.140876632e-08 +9.917000002e+01 +9.917000002e+01 +2.4657e+00 -1.5576e+00 +5.3245e-01 +1.6871e+00 -1.9853e+00
4411 +6.608019021e-09 +6.608019021e-09 +9.917000001e+01 +9.917000001e+01 +2.4657e+00 -1.5576e+00 +5.3250e-01 +1.6870e+00 -1.9853e+00
% function evaluation | noise-free fitness - Fopt (9.917000000000e+01) | best noise-free fitness - Fopt | measured fitness | best measured fitness | x1 | x2...
1 +8.782122623e+00 +8.782122623e+00 +1.079521226e+02 +1.079521226e+02 -3.3396e+00 +2.7580e+00 +1.1165e+00 +1.8320e+00 -2.9170e+00
177 +5.372492488e+00 +5.372492488e+00 +1.045424925e+02 +1.045424925e+02 -1.8127e+00 +4.6455e+00 +2.4440e+00 +2.1180e+00 -1.6220e+00
238 +3.876517929e+00 +3.876517929e+00 +1.030465179e+02 +1.030465179e+02 -1.9368e+00 +4.4204e+00 +2.1558e+00 +1.9135e+00 -1.4892e+00
316 +1.622199167e+00 +1.622199167e+00 +1.007921992e+02 +1.007921992e+02 -1.5084e+00 +4.3911e+00 +2.8713e+00 +1.5429e+00 -1.7767e+00
324 +1.412487554e+00 +1.412487554e+00 +1.005824876e+02 +1.005824876e+02 -1.5721e+00 +4.4308e+00 +2.6558e+00 +1.6386e+00 -1.7445e+00
365 +8.141968833e-01 +8.141968833e-01 +9.998419688e+01 +9.998419688e+01 -1.7834e+00 +4.6111e+00 +2.8865e+00 +1.4657e+00 -1.7072e+00
403 +6.163234286e-01 +6.163234286e-01 +9.978632343e+01 +9.978632343e+01 -1.8082e+00 +4.7222e+00 +2.8575e+00 +1.3028e+00 -1.7184e+00
407 +2.995224940e-01 +2.995224940e-01 +9.946952249e+01 +9.946952249e+01 -1.7832e+00 +4.6333e+00 +2.8400e+00 +1.3408e+00 -1.7678e+00
476 +1.790761760e-01 +1.790761760e-01 +9.934907618e+01 +9.934907618e+01 -1.8749e+00 +4.6896e+00 +2.8749e+00 +1.2886e+00 -1.7222e+00
535 +7.983566781e-02 +7.983566781e-02 +9.924983567e+01 +9.924983567e+01 -1.8164e+00 +4.6740e+00 +2.7285e+00 +1.4299e+00 -1.6664e+00
576 +4.948104649e-02 +4.948104649e-02 +9.921948105e+01 +9.921948105e+01 -1.8359e+00 +4.6838e+00 +2.7726e+00 +1.3430e+00 -1.6766e+00
596 +3.787336242e-02 +3.787336242e-02 +9.920787336e+01 +9.920787336e+01 -1.8220e+00 +4.6710e+00 +2.7310e+00 +1.3605e+00 -1.6769e+00
621 +1.456846333e-02 +1.456846333e-02 +9.918456846e+01 +9.918456846e+01 -1.8444e+00 +4.6875e+00 +2.7721e+00 +1.3461e+00 -1.6772e+00
691 +9.148786554e-03 +9.148786554e-03 +9.917914879e+01 +9.917914879e+01 -1.8370e+00 +4.6847e+00 +2.7644e+00 +1.3579e+00 -1.6825e+00
780 +4.984066562e-03 +4.984066562e-03 +9.917498407e+01 +9.917498407e+01 -1.8445e+00 +4.6883e+00 +2.7654e+00 +1.3492e+00 -1.6768e+00
794 +3.808160215e-03 +3.808160215e-03 +9.917380816e+01 +9.917380816e+01 -1.8416e+00 +4.6865e+00 +2.7657e+00 +1.3516e+00 -1.6790e+00
870 +2.307275278e-03 +2.307275278e-03 +9.917230728e+01 +9.917230728e+01 -1.8423e+00 +4.6864e+00 +2.7638e+00 +1.3509e+00 -1.6784e+00
1011 +1.514446288e-03 +1.514446288e-03 +9.917151445e+01 +9.917151445e+01 -1.8424e+00 +4.6868e+00 +2.7630e+00 +1.3513e+00 -1.6779e+00
17496 +8.415833656e-04 +8.415833656e-04 +9.917084158e+01 +9.917084158e+01 +8.0350e-01 +2.4564e+00 +2.8975e+00 -2.3103e-01 -1.5298e-01
17598 +5.682914773e-04 +5.682914773e-04 +9.917056829e+01 +9.917056829e+01 +8.0225e-01 +2.4571e+00 +2.9003e+00 -2.3346e-01 -1.5273e-01
17707 +3.417459028e-04 +3.417459028e-04 +9.917034175e+01 +9.917034175e+01 +8.0256e-01 +2.4571e+00 +2.9002e+00 -2.3292e-01 -1.5298e-01
17738 +2.252010231e-04 +2.252010231e-04 +9.917022520e+01 +9.917022520e+01 +8.0328e-01 +2.4565e+00 +2.9003e+00 -2.3244e-01 -1.5320e-01
17870 +1.522161644e-04 +1.522161644e-04 +9.917015222e+01 +9.917015222e+01 +8.0327e-01 +2.4565e+00 +2.9000e+00 -2.3229e-01 -1.5315e-01
22114 +9.840426866e-05 +9.840426866e-05 +9.917009840e+01 +9.917009840e+01 +1.9628e+00 +3.5979e+00 +6.1305e-02 +1.4973e+00 -4.0269e+00
22224 +4.812733459e-05 +4.812733459e-05 +9.917004813e+01 +9.917004813e+01 +1.9628e+00 +3.5965e+00 +6.1260e-02 +1.4977e+00 -4.0268e+00
22382 +9.041762794e-06 +9.041762794e-06 +9.917000904e+01 +9.917000904e+01 +1.9631e+00 +3.5966e+00 +6.2282e-02 +1.4970e+00 -4.0273e+00
22600 +4.161228148e-06 +4.161228148e-06 +9.917000416e+01 +9.917000416e+01 +1.9629e+00 +3.5965e+00 +6.3047e-02 +1.4971e+00 -4.0275e+00
22685 +3.703338450e-06 +3.703338450e-06 +9.917000370e+01 +9.917000370e+01 +1.9631e+00 +3.5962e+00 +6.3274e-02 +1.4970e+00 -4.0276e+00
22724 +2.310337123e-06 +2.310337123e-06 +9.917000231e+01 +9.917000231e+01 +1.9631e+00 +3.5963e+00 +6.3310e-02 +1.4969e+00 -4.0277e+00
22747 +1.258374141e-06 +1.258374141e-06 +9.917000126e+01 +9.917000126e+01 +1.9632e+00 +3.5964e+00 +6.2856e-02 +1.4971e+00 -4.0275e+00
22793 +3.393691657e-07 +3.393691657e-07 +9.917000034e+01 +9.917000034e+01 +1.9631e+00 +3.5965e+00 +6.2814e-02 +1.4971e+00 -4.0275e+00
22935 +1.935418936e-07 +1.935418936e-07 +9.917000019e+01 +9.917000019e+01 +1.9631e+00 +3.5964e+00 +6.2694e-02 +1.4971e+00 -4.0275e+00
23038 +5.860484009e-08 +5.860484009e-08 +9.917000006e+01 +9.917000006e+01 +1.9632e+00 +3.5964e+00 +6.2957e-02 +1.4971e+00 -4.0276e+00
23075 +3.947648963e-08 +3.947648963e-08 +9.917000004e+01 +9.917000004e+01 +1.9631e+00 +3.5964e+00 +6.2852e-02 +1.4971e+00 -4.0276e+00
23319 +2.205300120e-08 +2.205300120e-08 +9.917000002e+01 +9.917000002e+01 +1.9631e+00 +3.5964e+00 +6.2891e-02 +1.4971e+00 -4.0276e+00
23333 +9.186109651e-09 +9.186109651e-09 +9.917000001e+01 +9.917000001e+01 +1.9631e+00 +3.5965e+00 +6.2832e-02 +1.4971e+00 -4.0275e+00
23382 +1.759005386e-09 +1.759005386e-09 +9.917000000e+01 +9.917000000e+01 +1.9631e+00 +3.5964e+00 +6.2867e-02 +1.4971e+00 -4.0275e+00
% function evaluation | noise-free fitness - Fopt (-5.179100000000e+02) | best noise-free fitness - Fopt | measured fitness | best measured fitness | x1 | x2...
1 +1.476808765e+02 +1.476808765e+02 -3.702291235e+02 -3.702291235e+02 -3.7437e+00 +2.8382e+00 -2.3021e+00 -3.8888e+00 +3.7011e+00
2 +3.820165296e+01 +3.820165296e+01 -4.797083470e+02 -4.797083470e+02 -2.2943e+00 +1.1836e+00 -5.3338e-01 -6.3814e+00 +4.8563e+00
52 +2.238322876e+01 +2.238322876e+01 -4.955267712e+02 -4.955267712e+02 +5.2317e-01 -8.7139e-01 -4.4315e+00 -7.1807e+00 +1.5795e+00
211 +4.432809407e+00 +4.432809407e+00 -5.134771906e+02 -5.134771906e+02 -5.2363e+00 +9.2284e-01 +1.3376e+00 +2.8982e+00 -4.5619e+00
3448 +3.026524040e+00 +3.026524040e+00 -5.148834760e+02 -5.148834760e+02 -8.8813e-01 -3.4015e+00 -2.2839e+00 +4.1012e+00 -4.3330e+00
3484 +1.817820528e+00 +1.817820528e+00 -5.160921795e+02 -5.160921795e+02 -1.2744e+00 -3.4007e+00 -1.9331e+00 +3.7928e+00 -4.6554e+00
3572 +9.301801934e-01 +9.301801934e-01 -5.169798198e+02 -5.169798198e+02 -9.6194e-01 -3.7721e+00 -2.3035e+00 +4.6238e+00 -4.1737e+00
3707 +6.188937254e-01 +6.188937254e-01 -5.172911063e+02 -5.172911063e+02 -9.9364e-01 -3.8242e+00 -2.4359e+00 +4.9255e+00 -4.1769e+00
3730 +2.708800353e-01 +2.708800353e-01 -5.176391200e+02 -5.176391200e+02 -9.9400e-01 -3.7413e+00 -2.2995e+00 +4.6900e+00 -4.2560e+00
3821 +2.207602662e-01 +2.207602662e-01 -5.176892397e+02 -5.176892397e+02 -9.4310e-01 -3.7698e+00 -2.3348e+00 +4.7897e+00 -4.2088e+00
3857 +1.469727060e-01 +1.469727060e-01 -5.177630273e+02 -5.177630273e+02 -9.4917e-01 -3.7781e+00 -2.3186e+00 +4.7745e+00 -4.2191e+00
4051 +9.794211882e-02 +9.794211882e-02 -5.178120579e+02 -5.178120579e+02 -9.6639e-01 -3.8092e+00 -2.3047e+00 +4.8083e+00 -4.2139e+00
4138 +6.207878694e-02 +6.207878694e-02 -5.178479212e+02 -5.178479212e+02 -9.6636e-01 -3.8295e+00 -2.3014e+00 +4.8323e+00 -4.2110e+00
4249 +3.654110355e-02 +3.654110355e-02 -5.178734589e+02 -5.178734589e+02 -9.5765e-01 -3.8280e+00 -2.2714e+00 +4.8166e+00 -4.2165e+00
4384 +2.362463648e-02 +2.362463648e-02 -5.178863754e+02 -5.178863754e+02 -9.5769e-01 -3.8320e+00 -2.2642e+00 +4.8206e+00 -4.2164e+00
4472 +1.581477075e-02 +1.581477075e-02 -5.178941852e+02 -5.178941852e+02 -9.5684e-01 -3.8353e+00 -2.2569e+00 +4.8215e+00 -4.2174e+00
23447 +9.812019133e-03 +9.812019133e-03 -5.179001880e+02 -5.179001880e+02 +1.9416e+00 +2.4085e-01 +2.4114e+00 +1.6619e+00 +2.0047e-01
33236 +2.856126008e-03 +2.856126008e-03 -5.179071439e+02 -5.179071439e+02 +1.5810e+00 -3.6130e+00 -1.8297e+00 +2.8107e-01 +6.1744e-01
33291 +2.349793547e-03 +2.349793547e-03 -5.179076502e+02 -5.179076502e+02 +1.5787e+00 -3.6095e+00 -1.8318e+00 +2.7312e-01 +6.1509e-01
33335 +1.472622878e-03 +1.472622878e-03 -5.179085274e+02 -5.179085274e+02 +1.5805e+00 -3.6125e+00 -1.8244e+00 +2.7412e-01 +6.1469e-01
33378 +7.375058849e-04 +7.375058849e-04 -5.179092625e+02 -5.179092625e+02 +1.5797e+00 -3.6121e+00 -1.8271e+00 +2.7380e-01 +6.1585e-01
33435 +5.561371092e-04 +5.561371092e-04 -5.179094439e+02 -5.179094439e+02 +1.5796e+00 -3.6119e+00 -1.8271e+00 +2.7334e-01 +6.1477e-01
33502 +3.680667909e-04 +3.680667909e-04 -5.179096319e+02 -5.179096319e+02 +1.5798e+00 -3.6123e+00 -1.8268e+00 +2.7453e-01 +6.1556e-01
33624 +2.506309471e-04 +2.506309471e-04 -5.179097494e+02 -5.179097494e+02 +1.5799e+00 -3.6122e+00 -1.8268e+00 +2.7450e-01 +6.1546e-01
41522 +8.667578402e-05 +8.667578402e-05 -5.179099133e+02 -5.179099133e+02 +1.5941e+00 +4.1871e+00 -2.1001e+00 -3.0574e+00 -1.9129e+00
41745 +6.138425647e-05 +6.138425647e-05 -5.179099386e+02 -5.179099386e+02 +1.5956e+00 +4.1883e+00 -2.1011e+00 -3.0554e+00 -1.9119e+00
41827 +3.908144527e-05 +3.908144527e-05 -5.179099609e+02 -5.179099609e+02 +1.5956e+00 +4.1870e+00 -2.1009e+00 -3.0545e+00 -1.9114e+00
41927 +4.680244842e-06 +4.680244842e-06 -5.179099953e+02 -5.179099953e+02 +1.5951e+00 +4.1873e+00 -2.1003e+00 -3.0559e+00 -1.9120e+00
42418 +1.867575065e-06 +1.867575065e-06 -5.179099981e+02 -5.179099981e+02 +1.5950e+00 +4.1870e+00 -2.1001e+00 -3.0558e+00 -1.9120e+00
42456 +5.968057621e-07 +5.968057621e-07 -5.179099994e+02 -5.179099994e+02 +1.5949e+00 +4.1872e+00 -2.1000e+00 -3.0561e+00 -1.9121e+00
42815 +2.924610953e-07 +2.924610953e-07 -5.179099997e+02 -5.179099997e+02 +1.5951e+00 +4.1872e+00 -2.1002e+00 -3.0559e+00 -1.9120e+00
42817 +1.510329639e-07 +1.510329639e-07 -5.179099998e+02 -5.179099998e+02 +1.5950e+00 +4.1871e+00 -2.1001e+00 -3.0560e+00 -1.9120e+00
42950 +5.558320026e-08 +5.558320026e-08 -5.179099999e+02 -5.179099999e+02 +1.5950e+00 +4.1872e+00 -2.1001e+00 -3.0560e+00 -1.9120e+00
43129 +1.280227480e-08 +1.280227480e-08 -5.179100000e+02 -5.179100000e+02 +1.5950e+00 +4.1872e+00 -2.1001e+00 -3.0560e+00 -1.9121e+00
43318 +2.324782145e-09 +2.324782145e-09 -5.179100000e+02 -5.179100000e+02 +1.5950e+00 +4.1872e+00 -2.1001e+00 -3.0560e+00 -1.9121e+00
43431 +4.000639819e-10 +4.000639819e-10 -5.179100000e+02 -5.179100000e+02 +1.5950e+00 +4.1872e+00 -2.1001e+00 -3.0560e+00 -1.9121e+00
% function evaluation | noise-free fitness - Fopt (-5.179100000000e+02) | best noise-free fitness - Fopt | measured fitness | best measured fitness | x1 | x2...
1 +8.415569261e+01 +8.415569261e+01 -4.337543074e+02 -4.337543074e+02 -9.6212e-01 +2.4979e+00 -2.3773e+00 -2.4509e+00 -2.5701e+00
2 +4.850836508e+01 +4.850836508e+01 -4.694016349e+02 -4.694016349e+02 -1.0008e+00 +6.0941e+00 -3.1621e+00 -4.6192e-01 -3.2664e+00
17 +1.533967411e+01 +1.533967411e+01 -5.025703259e+02 -5.025703259e+02 -1.3658e+00 +3.1026e+00 -4.4367e+00 +1.3452e+00 -5.1475e-02
204 +9.480342530e+00 +9.480342530e+00 -5.084296575e+02 -5.084296575e+02 -1.1362e-01 +5.8325e+00 -3.2647e+00 +1.9838e-01 -4.9147e-01
419 +4.632332258e+00 +4.632332258e+00 -5.132776677e+02 -5.132776677e+02 +3.6360e-01 +5.8244e+00 -3.7484e+00 +1.8685e+00 +3.4835e-01
483 +3.726677001e+00 +3.726677001e+00 -5.141833230e+02 -5.141833230e+02 +3.6767e-01 +6.2421e+00 -3.9732e+00 +1.2071e+00 +6.0398e-02
621 +2.342620760e+00 +2.342620760e+00 -5.155673792e+02 -5.155673792e+02 +3.7173e-01 +5.8710e+00 -3.8620e+00 +1.7986e+00 +3.4150e-01
3076 +1.355153038e+00 +1.355153038e+00 -5.165548470e+02 -5.165548470e+02 +2.1266e+00 +3.8117e+00 +1.1481e+00 -1.5755e+00 +1.4986e+00
3143 +8.545290802e-01 +8.545290802e-01 -5.170554709e+02 -5.170554709e+02 +2.0689e+00 +3.8916e+00 +9.9985e-01 -1.6247e+00 +1.4356e+00
3205 +5.271170050e-01 +5.271170050e-01 -5.173828830e+02 -5.173828830e+02 +2.1051e+00 +3.9935e+00 +8.7474e-01 -1.6995e+00 +1.4408e+00
3286 +3.864626672e-01 +3.864626672e-01 -5.175235373e+02 -5.175235373e+02 +2.0842e+00 +3.9652e+00 +9.1939e-01 -1.6868e+00 +1.4471e+00
3474 +2.491872187e-01 +2.491872187e-01 -5.176608128e+02 -5.176608128e+02 +2.0765e+00 +3.9528e+00 +9.5431e-01 -1.7344e+00 +1.4559e+00
3485 +1.398996440e-01 +1.398996440e-01 -5.177701004e+02 -5.177701004e+02 +2.0749e+00 +3.9367e+00 +9.5148e-01 -1.6973e+00 +1.4488e+00
3638 +8.108771394e-02 +8.108771394e-02 -5.178289123e+02 -5.178289123e+02 +2.0791e+00 +3.9446e+00 +9.4815e-01 -1.7089e+00 +1.4473e+00
3963 +6.136635397e-02 +6.136635397e-02 -5.178486336e+02 -5.178486336e+02 +2.0804e+00 +3.9449e+00 +9.4548e-01 -1.7038e+00 +1.4493e+00
8236 +3.598144552e-02 +3.598144552e-02 -5.178740186e+02 -5.178740186e+02 +6.6396e-01 -2.9090e-01 -3.7265e+00 +1.4307e+00 +3.6983e+00
8342 +2.223799239e-02 +2.223799239e-02 -5.178877620e+02 -5.178877620e+02 +6.3000e-01 -3.7705e-01 -3.7371e+00 +1.5048e+00 +3.7283e+00
8362 +1.214912853e-02 +1.214912853e-02 -5.178978509e+02 -5.178978509e+02 +6.4623e-01 -3.7634e-01 -3.7264e+00 +1.5264e+00 +3.7367e+00
8514 +8.754447203e-03 +8.754447203e-03 -5.179012456e+02 -5.179012456e+02 +6.4969e-01 -3.5286e-01 -3.7196e+00 +1.4867e+00 +3.7190e+00
8530 +1.820082113e-03 +1.820082113e-03 -5.179081799e+02 -5.179081799e+02 +6.4568e-01 -3.7266e-01 -3.7141e+00 +1.5024e+00 +3.7305e+00
8604 +1.203264773e-03 +1.203264773e-03 -5.179087967e+02 -5.179087967e+02 +6.4387e-01 -3.6256e-01 -3.7114e+00 +1.4831e+00 +3.7217e+00
8646 +9.855161632e-04 +9.855161632e-04 -5.179090145e+02 -5.179090145e+02 +6.4362e-01 -3.7430e-01 -3.7090e+00 +1.4956e+00 +3.7275e+00
8667 +1.120584238e-04 +1.120584238e-04 -5.179098879e+02 -5.179098879e+02 +6.4455e-01 -3.6613e-01 -3.7165e+00 +1.4939e+00 +3.7260e+00
8862 +9.266000859e-05 +9.266000859e-05 -5.179099073e+02 -5.179099073e+02 +6.4390e-01 -3.6607e-01 -3.7134e+00 +1.4889e+00 +3.7239e+00
8888 +2.699660968e-05 +2.699660968e-05 -5.179099730e+02 -5.179099730e+02 +6.4307e-01 -3.6750e-01 -3.7130e+00 +1.4888e+00 +3.7231e+00
8961 +1.981912396e-05 +1.981912396e-05 -5.179099802e+02 -5.179099802e+02 +6.4325e-01 -3.6797e-01 -3.7141e+00 +1.4910e+00 +3.7241e+00
9022 +1.496466109e-05 +1.496466109e-05 -5.179099850e+02 -5.179099850e+02 +6.4331e-01 -3.6738e-01 -3.7138e+00 +1.4892e+00 +3.7236e+00
9032 +9.998426208e-06 +9.998426208e-06 -5.179099900e+02 -5.179099900e+02 +6.4352e-01 -3.6627e-01 -3.7144e+00 +1.4894e+00 +3.7236e+00
9112 +4.722061362e-06 +4.722061362e-06 -5.179099953e+02 -5.179099953e+02 +6.4317e-01 -3.6716e-01 -3.7140e+00 +1.4895e+00 +3.7237e+00
9142 +1.259998044e-06 +1.259998044e-06 -5.179099987e+02 -5.179099987e+02 +6.4310e-01 -3.6691e-01 -3.7138e+00 +1.4889e+00 +3.7233e+00
9197 +9.353252608e-07 +9.353252608e-07 -5.179099991e+02 -5.179099991e+02 +6.4327e-01 -3.6725e-01 -3.7140e+00 +1.4896e+00 +3.7238e+00
9240 +6.056716302e-07 +6.056716302e-07 -5.179099994e+02 -5.179099994e+02 +6.4313e-01 -3.6697e-01 -3.7139e+00 +1.4890e+00 +3.7234e+00
9288 +1.013751216e-07 +1.013751216e-07 -5.179099999e+02 -5.179099999e+02 +6.4323e-01 -3.6699e-01 -3.7139e+00 +1.4893e+00 +3.7235e+00
9307 +6.984748779e-08 +6.984748779e-08 -5.179099999e+02 -5.179099999e+02 +6.4320e-01 -3.6700e-01 -3.7139e+00 +1.4892e+00 +3.7235e+00
9370 +2.818501343e-08 +2.818501343e-08 -5.179100000e+02 -5.179100000e+02 +6.4320e-01 -3.6696e-01 -3.7139e+00 +1.4891e+00 +3.7235e+00
9490 +1.346109002e-08 +1.346109002e-08 -5.179100000e+02 -5.179100000e+02 +6.4322e-01 -3.6701e-01 -3.7139e+00 +1.4892e+00 +3.7235e+00
9589 +8.807319318e-09 +8.807319318e-09 -5.179100000e+02 -5.179100000e+02 +6.4320e-01 -3.6706e-01 -3.7139e+00 +1.4893e+00 +3.7235e+00
9590 +2.449723979e-09 +2.449723979e-09 -5.179100000e+02 -5.179100000e+02 +6.4321e-01 -3.6703e-01 -3.7139e+00 +1.4892e+00 +3.7235e+00
% function evaluation | noise-free fitness - Fopt (-5.179100000000e+02) | best noise-free fitness - Fopt | measured fitness | best measured fitness | x1 | x2...
1 +4.357369394e+01 +4.357369394e+01 -4.743363061e+02 -4.743363061e+02 +2.5538e+00 +3.0908e+00 -2.3099e+00 -3.4717e+00 -2.5083e+00
2 +3.467801328e+01 +3.467801328e+01 -4.832319867e+02 -4.832319867e+02 +2.4088e+00 +1.1922e+00 +2.7380e+00 -4.5535e+00 -2.0939e+00
18 +2.169242243e+01 +2.169242243e+01 -4.962175776e+02 -4.962175776e+02 +2.4977e+00 +1.0711e+00 -5.5839e-01 -3.9282e+00 +1.6667e-01
220 +1.552847167e+01 +1.552847167e+01 -5.023815283e+02 -5.023815283e+02 +4.8535e-01 +1.6104e+00 -3.1939e+00 -4.0640e+00 -1.1584e+00
500 +9.962477680e+00 +9.962477680e+00 -5.079475223e+02 -5.079475223e+02 +2.3823e+00 -2.0200e+00 -5.0650e+00 -4.7735e+00 -4.1800e+00
544 +3.758063892e+00 +3.758063892e+00 -5.141519361e+02 -5.141519361e+02 +1.9092e+00 -2.7494e+00 -4.7175e+00 -4.2584e+00 -4.6835e+00
693 +2.470909964e+00 +2.470909964e+00 -5.154390900e+02 -5.154390900e+02 +2.3564e+00 -3.1610e+00 -4.8838e+00 -4.1205e+00 -3.7232e+00
789 +1.273991179e+00 +1.273991179e+00 -5.166360088e+02 -5.166360088e+02 +2.2155e+00 -3.0274e+00 -4.8483e+00 -4.2359e+00 -3.9358e+00
860 +8.816327357e-01 +8.816327357e-01 -5.170283673e+02 -5.170283673e+02 +2.1884e+00 -3.0324e+00 -4.8674e+00 -4.2384e+00 -3.9811e+00
4207 +6.224735646e-01 +6.224735646e-01 -5.172875264e+02 -5.172875264e+02 -4.3447e+00 +1.8840e+00 -1.5882e+00 -1.0476e+00 +4.6186e+00
4311 +2.935101119e-01 +2.935101119e-01 -5.176164899e+02 -5.176164899e+02 -4.2961e+00 +1.9419e+00 -1.6069e+00 -1.1930e+00 +4.5827e+00
4424 +2.035503095e-01 +2.035503095e-01 -5.177064497e+02 -5.177064497e+02 -4.2946e+00 +1.9400e+00 -1.5947e+00 -1.2090e+00 +4.5873e+00
4575 +1.508296795e-01 +1.508296795e-01 -5.177591703e+02 -5.177591703e+02 -4.2987e+00 +1.9354e+00 -1.5980e+00 -1.1981e+00 +4.5898e+00
4787 +9.642165408e-02 +9.642165408e-02 -5.178135783e+02 -5.178135783e+02 -4.2972e+00 +1.9374e+00 -1.6013e+00 -1.1973e+00 +4.5930e+00
16327 +4.222695799e-02 +4.222695799e-02 -5.178677730e+02 -5.178677730e+02 -3.6303e+00 -4.2108e+00 +2.1978e+00 -2.3568e+00 +1.2022e+00
16461 +3.928226594e-02 +3.928226594e-02 -5.178707177e+02 -5.178707177e+02 -3.6439e+00 -4.1920e+00 +2.1882e+00 -2.3526e+00 +1.1900e+00
16499 +2.259737198e-02 +2.259737198e-02 -5.178874026e+02 -5.178874026e+02 -3.6316e+00 -4.1976e+00 +2.2065e+00 -2.3791e+00 +1.1989e+00
16513 +1.536547749e-02 +1.536547749e-02 -5.178946345e+02 -5.178946345e+02 -3.6354e+00 -4.2083e+00 +2.2153e+00 -2.3805e+00 +1.1963e+00
16610 +8.750608942e-03 +8.750608942e-03 -5.179012494e+02 -5.179012494e+02 -3.6293e+00 -4.2020e+00 +2.2224e+00 -2.4002e+00 +1.2013e+00
16718 +5.438592145e-03 +5.438592145e-03 -5.179045614e+02 -5.179045614e+02 -3.6312e+00 -4.1968e+00 +2.2107e+00 -2.3924e+00 +1.1999e+00
16871 +3.857323680e-03 +3.857323680e-03 -5.179061427e+02 -5.179061427e+02 -3.6306e+00 -4.1991e+00 +2.2162e+00 -2.3964e+00 +1.1991e+00
17308 +2.482109554e-03 +2.482109554e-03 -5.179075179e+02 -5.179075179e+02 -3.6295e+00 -4.1985e+00 +2.2167e+00 -2.3989e+00 +1.1999e+00
35595 +5.327657931e-04 +5.327657931e-04 -5.179094672e+02 -5.179094672e+02 -4.2785e+00 +2.1059e+00 +1.2323e+00 +4.2056e-01 -3.1470e+00
35650 +1.810495500e-04 +1.810495500e-04 -5.179098190e+02 -5.179098190e+02 -4.2767e+00 +2.1091e+00 +1.2296e+00 +4.2164e-01 -3.1452e+00
35657 +1.446308331e-04 +1.446308331e-04 -5.179098554e+02 -5.179098554e+02 -4.2737e+00 +2.1091e+00 +1.2298e+00 +4.2540e-01 -3.1443e+00
35704 +6.883227809e-05 +6.883227809e-05 -5.179099312e+02 -5.179099312e+02 -4.2732e+00 +2.1084e+00 +1.2293e+00 +4.2352e-01 -3.1464e+00
35733 +5.578635876e-05 +5.578635876e-05 -5.179099442e+02 -5.179099442e+02 -4.2724e+00 +2.1099e+00 +1.2287e+00 +4.2159e-01 -3.1478e+00
35735 +3.723652901e-05 +3.723652901e-05 -5.179099628e+02 -5.179099628e+02 -4.2698e+00 +2.1097e+00 +1.2276e+00 +4.2413e-01 -3.1474e+00
35863 +2.160834629e-05 +2.160834629e-05 -5.179099784e+02 -5.179099784e+02 -4.2689e+00 +2.1101e+00 +1.2269e+00 +4.2497e-01 -3.1470e+00
35875 +1.501061456e-05 +1.501061456e-05 -5.179099850e+02 -5.179099850e+02 -4.2698e+00 +2.1099e+00 +1.2274e+00 +4.2458e-01 -3.1468e+00
35955 +9.148436675e-06 +9.148436675e-06 -5.179099909e+02 -5.179099909e+02 -4.2702e+00 +2.1098e+00 +1.2276e+00 +4.2413e-01 -3.1471e+00
36052 +6.073228974e-06 +6.073228974e-06 -5.179099939e+02 -5.179099939e+02 -4.2701e+00 +2.1098e+00 +1.2275e+00 +4.2397e-01 -3.1472e+00
45425 +3.758919092e-06 +3.758919092e-06 -5.179099962e+02 -5.179099962e+02 +1.6513e-01 +1.3812e+00 +3.0816e+00 -1.6988e-01 -2.8346e+00
45691 +2.496042043e-06 +2.496042043e-06 -5.179099975e+02 -5.179099975e+02 +1.6490e-01 +1.3810e+00 +3.0812e+00 -1.6907e-01 -2.8348e+00
45894 +1.266093932e-06 +1.266093932e-06 -5.179099987e+02 -5.179099987e+02 +1.6502e-01 +1.3811e+00 +3.0814e+00 -1.6948e-01 -2.8347e+00
45933 +2.358425490e-07 +2.358425490e-07 -5.179099998e+02 -5.179099998e+02 +1.6501e-01 +1.3812e+00 +3.0813e+00 -1.6972e-01 -2.8347e+00
46156 +1.314210749e-07 +1.314210749e-07 -5.179099999e+02 -5.179099999e+02 +1.6494e-01 +1.3811e+00 +3.0813e+00 -1.6961e-01 -2.8347e+00
46209 +9.205177776e-08 +9.205177776e-08 -5.179099999e+02 -5.179099999e+02 +1.6498e-01 +1.3811e+00 +3.0812e+00 -1.6951e-01 -2.8347e+00
46392 +4.667356279e-08 +4.667356279e-08 -5.179100000e+02 -5.179100000e+02 +1.6495e-01 +1.3812e+00 +3.0812e+00 -1.6949e-01 -2.8347e+00
46460 +7.110543265e-09 +7.110543265e-09 -5.179100000e+02 -5.179100000e+02 +1.6499e-01 +1.3812e+00 +3.0813e+00 -1.6956e-01 -2.8346e+00
46568 +2.842625690e-09 +2.842625690e-09 -5.179100000e+02 -5.179100000e+02 +1.6497e-01 +1.3812e+00 +3.0813e+00 -1.6953e-01 -2.8347e+00
% function evaluation | noise-free fitness - Fopt (-5.721000000000e+01) | best noise-free fitness - Fopt | measured fitness | best measured fitness | x1 | x2...
1 +5.436097049e+01 +5.436097049e+01 -2.849029512e+00 -2.849029512e+00 -2.5237e+00 +3.5612e+00 -1.8762e+00 -3.3805e+00 +2.5130e-01
20 +3.186410200e+01 +3.186410200e+01 -2.534589800e+01 -2.534589800e+01 -3.9988e+00 +3.4152e-01 -5.2071e+00 -1.4806e+00 +1.2733e-01
91 +8.495739110e+00 +8.495739110e+00 -4.871426089e+01 -4.871426089e+01 +1.5622e+00 +9.5268e-01 -3.9507e+00 -8.9214e-01 +1.1918e+00
1129 +4.246000660e+00 +4.246000660e+00 -5.296399934e+01 -5.296399934e+01 +3.9841e+00 +3.4800e+00 -2.3111e+00 -1.6930e+00 +5.5938e+00
1230 +3.954817292e+00 +3.954817292e+00 -5.325518271e+01 -5.325518271e+01 +3.9496e+00 +3.5012e+00 -2.2938e+00 -1.7508e+00 +5.5744e+00
3597 +2.183137417e+00 +2.183137417e+00 -5.502686258e+01 -5.502686258e+01 -2.9981e+00 +1.8226e-01 +3.1873e-01 +2.6993e+00 -1.8832e+00
3686 +1.059316119e+00 +1.059316119e+00 -5.615068388e+01 -5.615068388e+01 -3.1690e+00 +2.8399e-01 +3.1351e-01 +2.7352e+00 -2.0311e+00
3721 +7.346570506e-01 +7.346570506e-01 -5.647534295e+01 -5.647534295e+01 -3.0904e+00 +7.9967e-02 +5.3445e-01 +2.7199e+00 -1.7916e+00
3733 +4.566053581e-01 +4.566053581e-01 -5.675339464e+01 -5.675339464e+01 -3.1973e+00 +7.6292e-02 +4.3999e-01 +2.7298e+00 -1.8990e+00
3753 +3.540427001e-01 +3.540427001e-01 -5.685595730e+01 -5.685595730e+01 -3.0378e+00 +3.3776e-02 +4.4594e-01 +2.7832e+00 -1.8098e+00
3781 +2.245500629e-01 +2.245500629e-01 -5.698544994e+01 -5.698544994e+01 -3.1435e+00 +8.7388e-02 +3.5489e-01 +2.6987e+00 -1.9536e+00
3897 +1.059920819e-01 +1.059920819e-01 -5.710400792e+01 -5.710400792e+01 -3.1923e+00 +5.3104e-02 +3.6012e-01 +2.6135e+00 -1.9449e+00
3958 +9.128843772e-02 +9.128843772e-02 -5.711871156e+01 -5.711871156e+01 -3.1802e+00 +9.3574e-02 +3.4815e-01 +2.6390e+00 -1.9782e+00
4021 +4.916103966e-02 +4.916103966e-02 -5.716083896e+01 -5.716083896e+01 -3.2100e+00 +8.1687e-02 +3.0487e-01 +2.6443e+00 -2.0088e+00
4036 +2.518170569e-02 +2.518170569e-02 -5.718481829e+01 -5.718481829e+01 -3.1593e+00 +8.0570e-02 +2.7806e-01 +2.6671e+00 -2.0266e+00
4049 +1.157154925e-02 +1.157154925e-02 -5.719842845e+01 -5.719842845e+01 -3.1529e+00 +1.0010e-01 +2.9504e-01 +2.6811e+00 -2.0094e+00
4108 +9.914610912e-03 +9.914610912e-03 -5.720008539e+01 -5.720008539e+01 -3.1461e+00 +9.5118e-02 +2.5658e-01 +2.6953e+00 -2.0508e+00
4152 +2.998566551e-03 +2.998566551e-03 -5.720700143e+01 -5.720700143e+01 -3.1363e+00 +8.3483e-02 +2.6820e-01 +2.6665e+00 -2.0361e+00
4193 +2.316126032e-03 +2.316126032e-03 -5.720768387e+01 -5.720768387e+01 -3.1428e+00 +8.9779e-02 +2.6636e-01 +2.6684e+00 -2.0392e+00
4219 +1.282707054e-03 +1.282707054e-03 -5.720871729e+01 -5.720871729e+01 -3.1370e+00 +8.7445e-02 +2.6226e-01 +2.6763e+00 -2.0392e+00
4234 +8.786808486e-04 +8.786808486e-04 -5.720912132e+01 -5.720912132e+01 -3.1422e+00 +9.0084e-02 +2.6330e-01 +2.6769e+00 -2.0403e+00
4300 +6.049298269e-04 +6.049298269e-04 -5.720939507e+01 -5.720939507e+01 -3.1436e+00 +9.2952e-02 +2.6566e-01 +2.6758e+00 -2.0385e+00
4351 +3.451890443e-04 +3.451890443e-04 -5.720965481e+01 -5.720965481e+01 -3.1414e+00 +9.1034e-02 +2.6138e-01 +2.6799e+00 -2.0419e+00
4378 +2.302498650e-04 +2.302498650e-04 -5.720976975e+01 -5.720976975e+01 -3.1441e+00 +9.3179e-02 +2.6644e-01 +2.6772e+00 -2.0367e+00
4488 +1.391137949e-04 +1.391137949e-04 -5.720986089e+01 -5.720986089e+01 -3.1439e+00 +9.3641e-02 +2.6423e-01 +2.6790e+00 -2.0393e+00
4601 +9.807859681e-05 +9.807859681e-05 -5.720990192e+01 -5.720990192e+01 -3.1444e+00 +9.3325e-02 +2.6526e-01 +2.6784e+00 -2.0379e+00
4685 +5.292140987e-05 +5.292140987e-05 -5.720994708e+01 -5.720994708e+01 -3.1448e+00 +9.3537e-02 +2.6559e-01 +2.6782e+00 -2.0377e+00
4773 +3.675313371e-05 +3.675313371e-05 -5.720996325e+01 -5.720996325e+01 -3.1449e+00 +9.3583e-02 +2.6577e-01 +2.6780e+00 -2.0376e+00
5018 +2.465454961e-05 +2.465454961e-05 -5.720997535e+01 -5.720997535e+01 -3.1449e+00 +9.3612e-02 +2.6584e-01 +2.6780e+00 -2.0375e+00
13634 +1.557402352e-05 +1.557402352e-05 -5.720998443e+01 -5.720998443e+01 -7.8091e-01 -2.3647e+00 +2.5686e+00 -5.2660e-01 -1.6945e+00
13652 +5.383921433e-07 +5.383921433e-07 -5.720999946e+01 -5.720999946e+01 -7.8155e-01 -2.3642e+00 +2.5676e+00 -5.2628e-01 -1.6951e+00
13896 +6.186861157e-08 +6.186861157e-08 -5.720999994e+01 -5.720999994e+01 -7.8143e-01 -2.3641e+00 +2.5676e+00 -5.2630e-01 -1.6951e+00
13988 +3.654604797e-08 +3.654604797e-08 -5.720999996e+01 -5.720999996e+01 -7.8138e-01 -2.3642e+00 +2.5677e+00 -5.2635e-01 -1.6951e+00
13995 +1.716421139e-08 +1.716421139e-08 -5.720999998e+01 -5.720999998e+01 -7.8143e-01 -2.3642e+00 +2.5677e+00 -5.2632e-01 -1.6951e+00
14041 +1.316607978e-08 +1.316607978e-08 -5.720999999e+01 -5.720999999e+01 -7.8138e-01 -2.3642e+00 +2.5676e+00 -5.2635e-01 -1.6951e+00
14080 +4.989203717e-09 +4.989203717e-09 -5.721000000e+01 -5.721000000e+01 -7.8142e-01 -2.3642e+00 +2.5676e+00 -5.2632e-01 -1.6951e+00
14086 +3.346343647e-09 +3.346343647e-09 -5.721000000e+01 -5.721000000e+01 -7.8143e-01 -2.3642e+00 +2.5676e+00 -5.2633e-01 -1.6951e+00
% function evaluation | noise-free fitness - Fopt (-5.721000000000e+01) | best noise-free fitness - Fopt | measured fitness | best measured fitness | x1 | x2...
1 +3.692205202e+01 +3.692205202e+01 -2.028794798e+01 -2.028794798e+01 -4.7032e-01 -7.0438e-01 -3.8365e-01 -3.7895e+00 -2.1668e+00
2 +2.406209068e+01 +2.406209068e+01 -3.314790932e+01 -3.314790932e+01 -1.3592e+00 -4.3540e-01 +2.7049e-01 -3.3194e+00 -3.7852e-01
327 +1.242329115e+01 +1.242329115e+01 -4.478670885e+01 -4.478670885e+01 -2.2428e+00 +3.7079e+00 -1.6400e+00 -2.9509e+00 +2.9589e+00
417 +6.396045656e+00 +6.396045656e+00 -5.081395434e+01 -5.081395434e+01 -2.2508e+00 +2.0160e+00 -1.2949e+00 -6.1981e-02 +4.6635e+00
574 +6.166381591e+00 +6.166381591e+00 -5.104361841e+01 -5.104361841e+01 -4.1049e+00 +5.3932e-01 -7.2797e-01 -9.0113e-01 +4.6965e+00
691 +2.934958043e+00 +2.934958043e+00 -5.427504196e+01 -5.427504196e+01 -4.2868e+00 +7.5447e-01 -4.2945e-01 -5.0666e-01 +5.1530e+00
851 +2.354313851e+00 +2.354313851e+00 -5.485568615e+01 -5.485568615e+01 -4.3533e+00 +7.9803e-01 -2.5913e-01 -3.0722e-01 +5.3117e+00
899 +1.416919298e+00 +1.416919298e+00 -5.579308070e+01 -5.579308070e+01 -4.2729e+00 +7.6845e-01 -1.4413e-01 -4.0513e-01 +5.3457e+00
976 +9.583312259e-01 +9.583312259e-01 -5.625166877e+01 -5.625166877e+01 -4.1777e+00 +7.3249e-01 -5.9786e-02 -5.0583e-01 +5.3892e+00
1309 +6.195870123e-01 +6.195870123e-01 -5.659041299e+01 -5.659041299e+01 -4.1620e+00 +7.2655e-01 -2.5724e-02 -5.1097e-01 +5.4023e+00
4992 +3.981045361e-01 +3.981045361e-01 -5.681189546e+01 -5.681189546e+01 +4.4442e+00 -2.5020e+00 -3.0300e+00 -5.2527e+00 -4.5900e+00
46526 +2.263970455e-01 +2.263970455e-01 -5.698360295e+01 -5.698360295e+01 +9.0338e-01 -1.2715e+00 +2.8144e-01 -4.1795e-01 +1.8619e+00
46660 +1.143820492e-01 +1.143820492e-01 -5.709561795e+01 -5.709561795e+01 +9.0725e-01 -1.2133e+00 +1.7239e-01 -2.8299e-01 +1.8237e+00
47065 +3.392081674e-02 +3.392081674e-02 -5.717607918e+01 -5.717607918e+01 +1.0277e+00 -1.3293e+00 +1.6294e-02 -2.8208e-01 +1.7118e+00
47424 +1.347293623e-02 +1.347293623e-02 -5.719652706e+01 -5.719652706e+01 +1.0146e+00 -1.3323e+00 +1.0444e-03 -3.0013e-01 +1.7035e+00
47827 +8.718631543e-03 +8.718631543e-03 -5.720128137e+01 -5.720128137e+01 +1.0089e+00 -1.3228e+00 +4.1912e-02 -2.8653e-01 +1.7271e+00
47950 +5.355663375e-03 +5.355663375e-03 -5.720464434e+01 -5.720464434e+01 +1.0185e+00 -1.3343e+00 -1.5304e-03 -3.0328e-01 +1.7063e+00
48196 +2.967149189e-03 +2.967149189e-03 -5.720703285e+01 -5.720703285e+01 +1.0078e+00 -1.3182e+00 +1.1321e-03 -2.9529e-01 +1.7036e+00
48206 +2.219402031e-03 +2.219402031e-03 -5.720778060e+01 -5.720778060e+01 +1.0148e+00 -1.3369e+00 +2.7728e-02 -3.0688e-01 +1.7241e+00
48312 +8.251590944e-04 +8.251590944e-04 -5.720917484e+01 -5.720917484e+01 +1.0049e+00 -1.3162e+00 +5.1420e-03 -2.9059e-01 +1.7036e+00
48435 +5.194064273e-04 +5.194064273e-04 -5.720948059e+01 -5.720948059e+01 +1.0029e+00 -1.3193e+00 +3.8190e-03 -2.9070e-01 +1.7059e+00
48724 +2.708029135e-04 +2.708029135e-04 -5.720972920e+01 -5.720972920e+01 +1.0037e+00 -1.3215e+00 +9.4923e-03 -2.9354e-01 +1.7084e+00
48841 +2.000115373e-04 +2.000115373e-04 -5.720979999e+01 -5.720979999e+01 +1.0054e+00 -1.3221e+00 +4.5933e-03 -2.9406e-01 +1.7065e+00
48865 +1.031768902e-04 +1.031768902e-04 -5.720989682e+01 -5.720989682e+01 +1.0064e+00 -1.3212e+00 +5.1438e-03 -2.9358e-01 +1.7063e+00
48958 +8.979365661e-05 +8.979365661e-05 -5.720991021e+01 -5.720991021e+01 +1.0054e+00 -1.3211e+00 +7.4015e-03 -2.9204e-01 +1.7078e+00
48968 +4.305053166e-05 +4.305053166e-05 -5.720995695e+01 -5.720995695e+01 +1.0053e+00 -1.3209e+00 +1.0520e-02 -2.9333e-01 +1.7086e+00
49143 +1.681721708e-05 +1.681721708e-05 -5.720998318e+01 -5.720998318e+01 +1.0051e+00 -1.3209e+00 +8.6493e-03 -2.9339e-01 +1.7082e+00
49349 +1.457236085e-05 +1.457236085e-05 -5.720998543e+01 -5.720998543e+01 +1.0054e+00 -1.3209e+00 +8.5569e-03 -2.9328e-01 +1.7079e+00
49477 +7.563856499e-06 +7.563856499e-06 -5.720999244e+01 -5.720999244e+01 +1.0050e+00 -1.3207e+00 +8.1410e-03 -2.9324e-01 +1.7075e+00
49551 +6.082798741e-06 +6.082798741e-06 -5.720999392e+01 -5.720999392e+01 +1.0053e+00 -1.3212e+00 +8.2292e-03 -2.9305e-01 +1.7079e+00
49653 +3.718173602e-06 +3.718173602e-06 -5.720999628e+01 -5.720999628e+01 +1.0048e+00 -1.3209e+00 +7.3000e-03 -2.9304e-01 +1.7074e+00
49772 +1.881389714e-06 +1.881389714e-06 -5.720999812e+01 -5.720999812e+01 +1.0054e+00 -1.3212e+00 +7.9042e-03 -2.9330e-01 +1.7079e+00
49812 +1.018701838e-06 +1.018701838e-06 -5.720999898e+01 -5.720999898e+01 +1.0050e+00 -1.3208e+00 +7.5726e-03 -2.9313e-01 +1.7075e+00
49867 +8.628180765e-07 +8.628180765e-07 -5.720999914e+01 -5.720999914e+01 +1.0051e+00 -1.3208e+00 +7.5463e-03 -2.9315e-01 +1.7075e+00
49994 +6.162247317e-07 +6.162247317e-07 -5.720999938e+01 -5.720999938e+01 +1.0051e+00 -1.3209e+00 +7.6663e-03 -2.9301e-01 +1.7076e+00
50033 +3.882584210e-07 +3.882584210e-07 -5.720999961e+01 -5.720999961e+01 +1.0050e+00 -1.3208e+00 +7.4018e-03 -2.9308e-01 +1.7075e+00
50128 +2.218938207e-07 +2.218938207e-07 -5.720999978e+01 -5.720999978e+01 +1.0050e+00 -1.3208e+00 +7.3896e-03 -2.9304e-01 +1.7074e+00
50177 +1.200038113e-07 +1.200038113e-07 -5.720999988e+01 -5.720999988e+01 +1.0050e+00 -1.3208e+00 +7.3511e-03 -2.9303e-01 +1.7074e+00
50213 +3.937874737e-08 +3.937874737e-08 -5.720999996e+01 -5.720999996e+01 +1.0051e+00 -1.3209e+00 +7.4975e-03 -2.9312e-01 +1.7075e+00
50412 +2.081584682e-09 +2.081584682e-09 -5.721000000e+01 -5.721000000e+01 +1.0051e+00 -1.3208e+00 +7.4803e-03 -2.9310e-01 +1.7075e+00
% function evaluation | noise-free fitness - Fopt (-5.721000000000e+01) | best noise-free fitness - Fopt | measured fitness | best measured fitness | x1 | x2...
1 +3.233022178e+01 +3.233022178e+01 -2.487977822e+01 -2.487977822e+01 -6.9434e-01 -3.5109e+00 +3.9909e+00 -3.9546e+00 +7.0023e-01
19 +1.832764965e+01 +1.832764965e+01 -3.888235035e+01 -3.888235035e+01 -3.9314e-01 -4.3156e+00 +5.1293e+00 -3.8953e+00 +1.4235e+00
200 +1.532509474e+01 +1.532509474e+01 -4.188490526e+01 -4.188490526e+01 +3.3560e-01 +1.3723e+00 +3.4700e+00 +2.5259e-01 +1.6905e+00
902 +9.953620162e+00 +9.953620162e+00 -4.725637984e+01 -4.725637984e+01 +8.7480e-01 +5.4755e+00 +1.8508e+00 -3.3594e+00 +3.9391e+00
1034 +5.392908027e+00 +5.392908027e+00 -5.181709197e+01 -5.181709197e+01 +9.2766e-01 +5.4744e+00 +1.8679e+00 -3.4363e+00 +3.9785e+00
1098 +3.230836821e+00 +3.230836821e+00 -5.397916318e+01 -5.397916318e+01 +8.6566e-01 +5.4394e+00 +1.8213e+00 -3.4355e+00 +3.9677e+00
1275 +2.424130611e+00 +2.424130611e+00 -5.478586939e+01 -5.478586939e+01 +8.4382e-01 +5.4719e+00 +1.8588e+00 -3.4194e+00 +3.9645e+00
3836 +1.278259452e+00 +1.278259452e+00 -5.593174055e+01 -5.593174055e+01 +2.0243e+00 +4.7545e+00 -2.4588e+00 -2.4708e+00 -3.7538e-01
3924 +7.907766849e-01 +7.907766849e-01 -5.641922332e+01 -5.641922332e+01 +2.0546e+00 +4.7370e+00 -2.4962e+00 -2.4814e+00 -3.8894e-01
4102 +5.321818902e-01 +5.321818902e-01 -5.667781811e+01 -5.667781811e+01 +2.0811e+00 +4.7077e+00 -2.5290e+00 -2.4788e+00 -4.2210e-01
7710 +2.167257934e-01 +2.167257934e-01 -5.699327421e+01 -5.699327421e+01 +4.1307e+00 +1.2694e+00 +3.4259e+00 +2.0983e+00 -3.1803e+00
7877 +1.005749846e-01 +1.005749846e-01 -5.710942502e+01 -5.710942502e+01 +4.0756e+00 +1.3207e+00 +3.2573e+00 +2.1386e+00 -3.2726e+00
7883 +8.533651015e-02 +8.533651015e-02 -5.712466349e+01 -5.712466349e+01 +4.1934e+00 +1.2440e+00 +3.3015e+00 +2.0454e+00 -3.2131e+00
7962 +3.210570766e-02 +3.210570766e-02 -5.717789429e+01 -5.717789429e+01 +4.1163e+00 +1.2821e+00 +3.3196e+00 +2.0910e+00 -3.2378e+00
7974 +5.477468178e-03 +5.477468178e-03 -5.720452253e+01 -5.720452253e+01 +4.1115e+00 +1.2956e+00 +3.3145e+00 +2.0857e+00 -3.2511e+00
8293 +2.009287958e-03 +2.009287958e-03 -5.720799071e+01 -5.720799071e+01 +4.1423e+00 +1.2726e+00 +3.3273e+00 +2.0606e+00 -3.2270e+00
8325 +7.117179803e-04 +7.117179803e-04 -5.720928828e+01 -5.720928828e+01 +4.1259e+00 +1.2855e+00 +3.3210e+00 +2.0758e+00 -3.2391e+00
8426 +1.595863685e-04 +1.595863685e-04 -5.720984041e+01 -5.720984041e+01 +4.1309e+00 +1.2822e+00 +3.3189e+00 +2.0682e+00 -3.2384e+00
8483 +1.149624362e-04 +1.149624362e-04 -5.720988504e+01 -5.720988504e+01 +4.1368e+00 +1.2785e+00 +3.3236e+00 +2.0619e+00 -3.2345e+00
8498 +8.492597906e-05 +8.492597906e-05 -5.720991507e+01 -5.720991507e+01 +4.1334e+00 +1.2797e+00 +3.3187e+00 +2.0646e+00 -3.2375e+00
8647 +4.879163566e-05 +4.879163566e-05 -5.720995121e+01 -5.720995121e+01 +4.1357e+00 +1.2788e+00 +3.3204e+00 +2.0638e+00 -3.2356e+00
8675 +2.921393155e-05 +2.921393155e-05 -5.720997079e+01 -5.720997079e+01 +4.1345e+00 +1.2801e+00 +3.3187e+00 +2.0655e+00 -3.2368e+00
8682 +9.002680706e-06 +9.002680706e-06 -5.720999100e+01 -5.720999100e+01 +4.1346e+00 +1.2800e+00 +3.3194e+00 +2.0648e+00 -3.2365e+00
8836 +6.296921100e-06 +6.296921100e-06 -5.720999370e+01 -5.720999370e+01 +4.1355e+00 +1.2794e+00 +3.3201e+00 +2.0644e+00 -3.2357e+00
8848 +3.953991801e-06 +3.953991801e-06 -5.720999605e+01 -5.720999605e+01 +4.1354e+00 +1.2794e+00 +3.3196e+00 +2.0641e+00 -3.2362e+00
8914 +1.933675925e-06 +1.933675925e-06 -5.720999807e+01 -5.720999807e+01 +4.1350e+00 +1.2795e+00 +3.3194e+00 +2.0645e+00 -3.2363e+00
8937 +1.090858504e-06 +1.090858504e-06 -5.720999891e+01 -5.720999891e+01 +4.1353e+00 +1.2796e+00 +3.3196e+00 +2.0645e+00 -3.2361e+00
8971 +9.098263760e-07 +9.098263760e-07 -5.720999909e+01 -5.720999909e+01 +4.1351e+00 +1.2797e+00 +3.3193e+00 +2.0644e+00 -3.2364e+00
8982 +5.737172444e-07 +5.737172444e-07 -5.720999943e+01 -5.720999943e+01 +4.1353e+00 +1.2796e+00 +3.3194e+00 +2.0644e+00 -3.2363e+00
9049 +2.573358202e-07 +2.573358202e-07 -5.720999974e+01 -5.720999974e+01 +4.1352e+00 +1.2796e+00 +3.3194e+00 +2.0646e+00 -3.2363e+00
9124 +2.500550380e-07 +2.500550380e-07 -5.720999975e+01 -5.720999975e+01 +4.1354e+00 +1.2795e+00 +3.3196e+00 +2.0645e+00 -3.2360e+00
9142 +1.220813672e-07 +1.220813672e-07 -5.720999988e+01 -5.720999988e+01 +4.1353e+00 +1.2795e+00 +3.3195e+00 +2.0645e+00 -3.2362e+00
9146 +3.502396595e-08 +3.502396595e-08 -5.720999996e+01 -5.720999996e+01 +4.1353e+00 +1.2796e+00 +3.3195e+00 +2.0645e+00 -3.2362e+00
9174 +1.629164359e-08 +1.629164359e-08 -5.720999998e+01 -5.720999998e+01 +4.1353e+00 +1.2796e+00 +3.3195e+00 +2.0645e+00 -3.2362e+00
9214 +1.198084476e-08 +1.198084476e-08 -5.720999999e+01 -5.720999999e+01 +4.1353e+00 +1.2796e+00 +3.3195e+00 +2.0645e+00 -3.2362e+00
9262 +9.943683210e-09 +9.943683210e-09 -5.720999999e+01 -5.720999999e+01 +4.1352e+00 +1.2796e+00 +3.3195e+00 +2.0646e+00 -3.2362e+00
9278 +5.147029469e-10 +5.147029469e-10 -5.721000000e+01 -5.721000000e+01 +4.1352e+00 +1.2796e+00 +3.3195e+00 +2.0645e+00 -3.2362e+00
