% function evaluation | noise-free fitness - Fopt (3.590000000000e+01) | best noise-free fitness - Fopt | measured fitness | best measured fitness | x1 | x2...
1 +6.332097055e+01 +6.332097055e+01 +9.922097055e+01 +9.922097055e+01 +1.6710e+00 +7.0159e-01 -1.3354e+00
6 +6.006694120e+01 +6.006694120e+01 +9.596694120e+01 +9.596694120e+01 +1.8981e+00 +1.9544e+00 -1.2558e+00
20 +2.867630527e+01 +2.867630527e+01 +6.457630527e+01 +6.457630527e+01 +8.0085e-01 +1.4646e+00 -3.8180e-01
30 +1.427097704e+01 +1.427097704e+01 +5.017097704e+01 +5.017097704e+01 +1.2494e+00 +1.3575e+00 +5.1056e-01
37 +7.680595286e+00 +7.680595286e+00 +4.358059529e+01 +4.358059529e+01 +1.9425e+00 +1.2639e+00 +1.1688e+00
92 +2.368916302e+00 +2.368916302e+00 +3.826891630e+01 +3.826891630e+01 +3.5566e+00 +2.9271e-01 +2.6190e+00
199 +1.377242062e+00 +1.377242062e+00 +3.727724206e+01 +3.727724206e+01 +2.9886e+00 +3.6221e-01 +2.4695e+00
303 +7.018961636e-01 +7.018961636e-01 +3.660189616e+01 +3.660189616e+01 +2.7444e+00 +1.1808e+00 +2.2886e+00
321 +4.841936717e-01 +4.841936717e-01 +3.638419367e+01 +3.638419367e+01 +2.7718e+00 +1.0060e+00 +2.3564e+00
324 +3.049772681e-01 +3.049772681e-01 +3.620497727e+01 +3.620497727e+01 +2.8337e+00 +1.0826e+00 +2.4317e+00
342 +2.199160716e-01 +2.199160716e-01 +3.611991607e+01 +3.611991607e+01 +2.8530e+00 +9.9512e-01 +2.4838e+00
364 +1.327441954e-01 +1.327441954e-01 +3.603274420e+01 +3.603274420e+01 +2.7185e+00 +1.0530e+00 +2.4691e+00
369 +5.345510172e-02 +5.345510172e-02 +3.595345510e+01 +3.595345510e+01 +2.7312e+00 +1.0891e+00 +2.5062e+00
470 +3.449128968e-02 +3.449128968e-02 +3.593449129e+01 +3.593449129e+01 +2.7171e+00 +1.1067e+00 +2.5227e+00
492 +1.665445760e-02 +1.665445760e-02 +3.591665446e+01 +3.591665446e+01 +2.7548e+00 +1.0860e+00 +2.5514e+00
502 +1.153151874e-02 +1.153151874e-02 +3.591153152e+01 +3.591153152e+01 +2.7715e+00 +1.0756e+00 +2.5662e+00
506 +7.261321444e-03 +7.261321444e-03 +3.590726132e+01 +3.590726132e+01 +2.7860e+00 +1.0821e+00 +2.5748e+00
518 +1.313957247e-03 +1.313957247e-03 +3.590131396e+01 +3.590131396e+01 +2.7770e+00 +1.1040e+00 +2.5800e+00
598 +1.410642323e-04 +1.410642323e-04 +3.590014106e+01 +3.590014106e+01 +2.7840e+00 +1.1097e+00 +2.5867e+00
740 +7.862539924e-05 +7.862539924e-05 +3.590007863e+01 +3.590007863e+01 +2.7827e+00 +1.1110e+00 +2.5864e+00
745 +4.951337367e-05 +4.951337367e-05 +3.590004951e+01 +3.590004951e+01 +2.7828e+00 +1.1127e+00 +2.5865e+00
756 +3.380407561e-05 +3.380407561e-05 +3.590003380e+01 +3.590003380e+01 +2.7819e+00 +1.1120e+00 +2.5865e+00
770 +1.512164953e-05 +1.512164953e-05 +3.590001512e+01 +3.590001512e+01 +2.7813e+00 +1.1128e+00 +2.5866e+00
792 +6.624562054e-06 +6.624562054e-06 +3.590000662e+01 +3.590000662e+01 +2.7816e+00 +1.1136e+00 +2.5867e+00
918 +4.648017047e-06 +4.648017047e-06 +3.590000465e+01 +3.590000465e+01 +2.7814e+00 +1.1138e+00 +2.5867e+00
919 +2.605818068e-06 +2.605818068e-06 +3.590000261e+01 +3.590000261e+01 +2.7813e+00 +1.1136e+00 +2.5869e+00
975 +1.709208675e-06 +1.709208675e-06 +3.590000171e+01 +3.590000171e+01 +2.7817e+00 +1.1133e+00 +2.5871e+00
1017 +6.111909343e-07 +6.111909343e-07 +3.590000061e+01 +3.590000061e+01 +2.7815e+00 +1.1136e+00 +2.5871e+00
1039 +2.260790595e-07 +2.260790595e-07 +3.590000023e+01 +3.590000023e+01 +2.7816e+00 +1.1136e+00 +2.5871e+00
1071 +9.120461897e-08 +9.120461897e-08 +3.590000009e+01 +3.590000009e+01 +2.7816e+00 +1.1136e+00 +2.5872e+00
1072 +3.092326040e-08 +3.092326040e-08 +3.590000003e+01 +3.590000003e+01 +2.7816e+00 +1.1136e+00 +2.5872e+00
1127 +2.178032332e-08 +2.178032332e-08 +3.590000002e+01 +3.590000002e+01 +2.7816e+00 +1.1136e+00 +2.5872e+00
1171 +1.294912266e-08 +1.294912266e-08 +3.590000001e+01 +3.590000001e+01 +2.7816e+00 +1.1136e+00 +2.5872e+00
1224 +7.509186162e-09 +7.509186162e-09 +3.590000001e+01 +3.590000001e+01 +2.7816e+00 +1.1136e+00 +2.5872e+00
% function evaluation | noise-free fitness - Fopt (3.590000000000e+01) | best noise-free fitness - Fopt | measured fitness | best measured fitness | x1 | x2...
1 +5.134953309e+01 +5.134953309e+01 +8.724953309e+01 +8.724953309e+01 +1.6543e+00 +3.8996e-01 +1.4667e+00
16 +2.439983323e+01 +2.439983323e+01 +6.029983323e+01 +6.029983323e+01 +2.5736e+00 +8.8491e-02 +4.9873e-01
17 +1.244982515e+01 +1.244982515e+01 +4.834982515e+01 +4.834982515e+01 +3.6564e+00 +7.6521e-01 +1.6428e+00
26 +7.449873581e+00 +7.449873581e+00 +4.334987358e+01 +4.334987358e+01 +2.0810e+00 +4.7579e-01 +1.4011e+00
52 +3.806546902e+00 +3.806546902e+00 +3.970654690e+01 +3.970654690e+01 +3.1694e+00 +1.0879e+00 +2.0446e+00
61 +3.287609316e-01 +3.287609316e-01 +3.622876093e+01 +3.622876093e+01 +3.0218e+00 +9.0565e-01 +2.5615e+00
128 +1.017802262e-01 +1.017802262e-01 +3.600178023e+01 +3.600178023e+01 +2.9211e+00 +9.6244e-01 +2.5923e+00
271 +8.643458470e-02 +8.643458470e-02 +3.598643458e+01 +3.598643458e+01 +2.7618e+00 +9.8163e-01 +2.5277e+00
324 +5.286957653e-02 +5.286957653e-02 +3.595286958e+01 +3.595286958e+01 +2.8311e+00 +1.0310e+00 +2.5538e+00
373 +3.800413438e-02 +3.800413438e-02 +3.593800413e+01 +3.593800413e+01 +2.7847e+00 +1.0734e+00 +2.5393e+00
380 +2.260398476e-02 +2.260398476e-02 +3.592260398e+01 +3.592260398e+01 +2.8442e+00 +1.0379e+00 +2.5969e+00
399 +9.177839068e-03 +9.177839068e-03 +3.590917784e+01 +3.590917784e+01 +2.8074e+00 +1.0907e+00 +2.5766e+00
400 +5.387393284e-03 +5.387393284e-03 +3.590538739e+01 +3.590538739e+01 +2.7966e+00 +1.0800e+00 +2.5822e+00
467 +2.961737018e-03 +2.961737018e-03 +3.590296174e+01 +3.590296174e+01 +2.7962e+00 +1.1009e+00 +2.5820e+00
474 +2.417017757e-03 +2.417017757e-03 +3.590241702e+01 +3.590241702e+01 +2.7897e+00 +1.1074e+00 +2.5796e+00
483 +1.519054959e-03 +1.519054959e-03 +3.590151905e+01 +3.590151905e+01 +2.7911e+00 +1.0974e+00 +2.5858e+00
500 +9.813342677e-04 +9.813342677e-04 +3.590098133e+01 +3.590098133e+01 +2.7893e+00 +1.1033e+00 +2.5854e+00
507 +3.212400305e-04 +3.212400305e-04 +3.590032124e+01 +3.590032124e+01 +2.7868e+00 +1.1053e+00 +2.5880e+00
529 +1.588971399e-05 +1.588971399e-05 +3.590001589e+01 +3.590001589e+01 +2.7824e+00 +1.1127e+00 +2.5870e+00
596 +1.543570783e-05 +1.543570783e-05 +3.590001544e+01 +3.590001544e+01 +2.7816e+00 +1.1127e+00 +2.5867e+00
629 +5.964116468e-06 +5.964116468e-06 +3.590000596e+01 +3.590000596e+01 +2.7816e+00 +1.1136e+00 +2.5867e+00
675 +3.196028558e-06 +3.196028558e-06 +3.590000320e+01 +3.590000320e+01 +2.7817e+00 +1.1132e+00 +2.5870e+00
681 +1.773931324e-06 +1.773931324e-06 +3.590000177e+01 +3.590000177e+01 +2.7817e+00 +1.1132e+00 +2.5871e+00
694 +1.501488953e-06 +1.501488953e-06 +3.590000150e+01 +3.590000150e+01 +2.7819e+00 +1.1132e+00 +2.5873e+00
695 +3.095641361e-07 +3.095641361e-07 +3.590000031e+01 +3.590000031e+01 +2.7817e+00 +1.1135e+00 +2.5872e+00
786 +2.498863907e-07 +2.498863907e-07 +3.590000025e+01 +3.590000025e+01 +2.7817e+00 +1.1135e+00 +2.5872e+00
821 +1.567364407e-07 +1.567364407e-07 +3.590000016e+01 +3.590000016e+01 +2.7816e+00 +1.1135e+00 +2.5872e+00
826 +4.765076511e-08 +4.765076511e-08 +3.590000005e+01 +3.590000005e+01 +2.7816e+00 +1.1136e+00 +2.5872e+00
847 +2.936021559e-08 +2.936021559e-08 +3.590000003e+01 +3.590000003e+01 +2.7816e+00 +1.1136e+00 +2.5872e+00
852 +1.074699441e-08 +1.074699441e-08 +3.590000001e+01 +3.590000001e+01 +2.7816e+00 +1.1136e+00 +2.5872e+00
857 +3.141657601e-09 +3.141657601e-09 +3.590000000e+01 +3.590000000e+01 +2.7816e+00 +1.1136e+00 +2.5872e+00
% function evaluation | noise-free fitness - Fopt (3.590000000000e+01) | best noise-free fitness - Fopt | measured fitness | best measured fitness | x1 | x2...
1 +3.901305375e+01 +3.901305375e+01 +7.491305375e+01 +7.491305375e+01 +1.1440e+00 -8.0849e-02 -3.2085e-01
32 +2.085621278e+01 +2.085621278e+01 +5.675621278e+01 +5.675621278e+01 +2.3018e+00 +4.4368e-01 +6.7314e-01
45 +4.739968675e+00 +4.739968675e+00 +4.063996868e+01 +4.063996868e+01 +3.3455e+00 -2.0014e-01 +2.3078e+00
127 +3.051094010e+00 +3.051094010e+00 +3.895109401e+01 +3.895109401e+01 +3.6976e+00 +1.3130e-02 +2.6637e+00
170 +1.111483192e+00 +1.111483192e+00 +3.701148319e+01 +3.701148319e+01 +3.0000e+00 +8.4423e-01 +2.3581e+00
176 +7.406095533e-01 +7.406095533e-01 +3.664060955e+01 +3.664060955e+01 +2.5013e+00 +1.1108e+00 +2.2022e+00
179 +3.326496064e-01 +3.326496064e-01 +3.623264961e+01 +3.623264961e+01 +2.8727e+00 +7.6809e-01 +2.5435e+00
188 +2.430763773e-01 +2.430763773e-01 +3.614307638e+01 +3.614307638e+01 +2.7585e+00 +1.1683e+00 +2.4151e+00
207 +8.325943226e-02 +8.325943226e-02 +3.598325943e+01 +3.598325943e+01 +2.8351e+00 +1.0468e+00 +2.5277e+00
255 +2.370481598e-02 +2.370481598e-02 +3.592370482e+01 +3.592370482e+01 +2.8249e+00 +1.1139e+00 +2.5684e+00
270 +7.599786409e-03 +7.599786409e-03 +3.590759979e+01 +3.590759979e+01 +2.8047e+00 +1.0771e+00 +2.5840e+00
275 +4.703449079e-03 +4.703449079e-03 +3.590470345e+01 +3.590470345e+01 +2.7620e+00 +1.1101e+00 +2.5649e+00
346 +1.959255669e-03 +1.959255669e-03 +3.590195926e+01 +3.590195926e+01 +2.7808e+00 +1.1076e+00 +2.5769e+00
356 +1.398825677e-03 +1.398825677e-03 +3.590139883e+01 +3.590139883e+01 +2.7851e+00 +1.1000e+00 +2.5827e+00
382 +8.782388080e-04 +8.782388080e-04 +3.590087824e+01 +3.590087824e+01 +2.7885e+00 +1.1085e+00 +2.5844e+00
388 +4.268324519e-04 +4.268324519e-04 +3.590042683e+01 +3.590042683e+01 +2.7850e+00 +1.1070e+00 +2.5855e+00
418 +3.567602233e-04 +3.567602233e-04 +3.590035676e+01 +3.590035676e+01 +2.7881e+00 +1.1072e+00 +2.5878e+00
425 +1.432610327e-04 +1.432610327e-04 +3.590014326e+01 +3.590014326e+01 +2.7817e+00 +1.1114e+00 +2.5850e+00
456 +7.474536310e-05 +7.474536310e-05 +3.590007475e+01 +3.590007475e+01 +2.7823e+00 +1.1133e+00 +2.5858e+00
468 +6.307646949e-05 +6.307646949e-05 +3.590006308e+01 +3.590006308e+01 +2.7835e+00 +1.1105e+00 +2.5873e+00
520 +3.820674031e-05 +3.820674031e-05 +3.590003821e+01 +3.590003821e+01 +2.7820e+00 +1.1140e+00 +2.5861e+00
538 +1.352599374e-05 +1.352599374e-05 +3.590001353e+01 +3.590001353e+01 +2.7817e+00 +1.1133e+00 +2.5866e+00
543 +9.096320959e-06 +9.096320959e-06 +3.590000910e+01 +3.590000910e+01 +2.7816e+00 +1.1138e+00 +2.5866e+00
555 +5.673438054e-06 +5.673438054e-06 +3.590000567e+01 +3.590000567e+01 +2.7816e+00 +1.1134e+00 +2.5868e+00
573 +3.342461383e-06 +3.342461383e-06 +3.590000334e+01 +3.590000334e+01 +2.7815e+00 +1.1134e+00 +2.5869e+00
595 +9.289935434e-07 +9.289935434e-07 +3.590000093e+01 +3.590000093e+01 +2.7816e+00 +1.1136e+00 +2.5870e+00
672 +2.970236253e-07 +2.970236253e-07 +3.590000030e+01 +3.590000030e+01 +2.7816e+00 +1.1135e+00 +2.5871e+00
779 +2.033157642e-07 +2.033157642e-07 +3.590000020e+01 +3.590000020e+01 +2.7816e+00 +1.1135e+00 +2.5871e+00
789 +1.479841671e-07 +1.479841671e-07 +3.590000015e+01 +3.590000015e+01 +2.7816e+00 +1.1136e+00 +2.5872e+00
829 +5.392463009e-08 +5.392463009e-08 +3.590000005e+01 +3.590000005e+01 +2.7816e+00 +1.1136e+00 +2.5872e+00
853 +2.252977538e-08 +2.252977538e-08 +3.590000002e+01 +3.590000002e+01 +2.7816e+00 +1.1136e+00 +2.5872e+00
877 +1.499321911e-08 +1.499321911e-08 +3.590000001e+01 +3.590000001e+01 +2.7816e+00 +1.1136e+00 +2.5872e+00
891 +4.524771668e-09 +4.524771668e-09 +3.590000000e+01 +3.590000000e+01 +2.7816e+00 +1.1136e+00 +2.5872e+00
% function evaluation | noise-free fitness - Fopt (3.137000000000e+01) | best noise-free fitness - Fopt | measured fitness | best measured fitness | x1 | x2...
1 +1.876190123e+03 +1.876190123e+03 +1.907560123e+03 +1.907560123e+03 -2.4347e+00 +1.9805e+00 +3.0113e+00
2 +7.467027026e+01 +7.467027026e+01 +1.060402703e+02 +1.060402703e+02 -1.9526e+00 +2.8692e-02 +2.1598e+00
28 +4.407684114e+01 +4.407684114e+01 +7.544684114e+01 +7.544684114e+01 -1.1682e+00 +1.6972e+00 +3.4932e-01
55 +2.399663654e+01 +2.399663654e+01 +5.536663654e+01 +5.536663654e+01 +4.8809e-01 +2.6095e+00 -1.8906e+00
62 +1.360627957e+01 +1.360627957e+01 +4.497627957e+01 +4.497627957e+01 +6.2561e-01 +2.8081e+00 -2.7159e+00
94 +6.138048641e+00 +6.138048641e+00 +3.750804864e+01 +3.750804864e+01 -4.2728e-01 +3.0984e+00 -3.0694e+00
103 +2.439385960e+00 +2.439385960e+00 +3.380938596e+01 +3.380938596e+01 +3.4315e-01 +2.5047e+00 -3.8120e+00
153 +1.363935340e+00 +1.363935340e+00 +3.273393534e+01 +3.273393534e+01 -3.0564e-01 +1.8801e+00 -3.3411e+00
190 +3.895612135e-01 +3.895612135e-01 +3.175956121e+01 +3.175956121e+01 -2.5798e-01 +2.0463e+00 -3.6535e+00
218 +1.811823548e-01 +1.811823548e-01 +3.155118235e+01 +3.155118235e+01 -7.5612e-02 +2.0290e+00 -3.9286e+00
261 +1.547422027e-01 +1.547422027e-01 +3.152474220e+01 +3.152474220e+01 -1.3581e-01 +1.9475e+00 -3.8642e+00
271 +9.078786642e-02 +9.078786642e-02 +3.146078787e+01 +3.146078787e+01 -2.1900e-01 +1.9090e+00 -3.8101e+00
296 +4.416598945e-02 +4.416598945e-02 +3.141416599e+01 +3.141416599e+01 -2.8938e-01 +1.9194e+00 -3.7943e+00
307 +1.334416451e-02 +1.334416451e-02 +3.138334416e+01 +3.138334416e+01 -2.6893e-01 +1.8870e+00 -3.8475e+00
362 +7.748222010e-03 +7.748222010e-03 +3.137774822e+01 +3.137774822e+01 -2.5273e-01 +1.9322e+00 -3.8794e+00
412 +4.081783810e-03 +4.081783810e-03 +3.137408178e+01 +3.137408178e+01 -2.5945e-01 +1.9225e+00 -3.8806e+00
449 +2.679860645e-03 +2.679860645e-03 +3.137267986e+01 +3.137267986e+01 -2.6516e-01 +1.9171e+00 -3.8771e+00
456 +1.524684081e-03 +1.524684081e-03 +3.137152468e+01 +3.137152468e+01 -2.5883e-01 +1.9113e+00 -3.8872e+00
461 +8.743954070e-04 +8.743954070e-04 +3.137087440e+01 +3.137087440e+01 -2.6507e-01 +1.9028e+00 -3.8822e+00
473 +2.681103357e-04 +2.681103357e-04 +3.137026811e+01 +3.137026811e+01 -2.6686e-01 +1.9021e+00 -3.8857e+00
569 +2.247806580e-04 +2.247806580e-04 +3.137022478e+01 +3.137022478e+01 -2.7199e-01 +1.8946e+00 -3.8803e+00
573 +1.238918428e-04 +1.238918428e-04 +3.137012389e+01 +3.137012389e+01 -2.7098e-01 +1.8966e+00 -3.8820e+00
577 +6.426190181e-05 +6.426190181e-05 +3.137006426e+01 +3.137006426e+01 -2.7096e-01 +1.8989e+00 -3.8831e+00
609 +4.087167662e-05 +4.087167662e-05 +3.137004087e+01 +3.137004087e+01 -2.7022e-01 +1.8988e+00 -3.8845e+00
614 +2.199854288e-05 +2.199854288e-05 +3.137002200e+01 +3.137002200e+01 -2.7146e-01 +1.8965e+00 -3.8834e+00
675 +1.044374764e-05 +1.044374764e-05 +3.137001044e+01 +3.137001044e+01 -2.7117e-01 +1.8972e+00 -3.8841e+00
685 +5.885978727e-06 +5.885978727e-06 +3.137000589e+01 +3.137000589e+01 -2.7159e-01 +1.8968e+00 -3.8839e+00
714 +1.548937924e-06 +1.548937924e-06 +3.137000155e+01 +3.137000155e+01 -2.7192e-01 +1.8971e+00 -3.8839e+00
734 +8.998022452e-07 +8.998022452e-07 +3.137000090e+01 +3.137000090e+01 -2.7204e-01 +1.8968e+00 -3.8838e+00
738 +4.362250081e-07 +4.362250081e-07 +3.137000044e+01 +3.137000044e+01 -2.7192e-01 +1.8968e+00 -3.8840e+00
815 +3.363223016e-07 +3.363223016e-07 +3.137000034e+01 +3.137000034e+01 -2.7199e-01 +1.8967e+00 -3.8839e+00
853 +1.894696418e-07 +1.894696418e-07 +3.137000019e+01 +3.137000019e+01 -2.7191e-01 +1.8969e+00 -3.8840e+00
881 +1.031448527e-07 +1.031448527e-07 +3.137000010e+01 +3.137000010e+01 -2.7194e-01 +1.8968e+00 -3.8840e+00
891 +8.717634614e-08 +8.717634614e-08 +3.137000009e+01 +3.137000009e+01 -2.7197e-01 +1.8968e+00 -3.8840e+00
892 +5.502212019e-08 +5.502212019e-08 +3.137000006e+01 +3.137000006e+01 -2.7199e-01 +1.8968e+00 -3.8840e+00
927 +3.433545714e-08 +3.433545714e-08 +3.137000003e+01 +3.137000003e+01 -2.7200e-01 +1.8968e+00 -3.8840e+00
938 +1.949254980e-08 +1.949254980e-08 +3.137000002e+01 +3.137000002e+01 -2.7200e-01 +1.8968e+00 -3.8840e+00
964 +1.268945837e-08 +1.268945837e-08 +3.137000001e+01 +3.137000001e+01 -2.7199e-01 +1.8968e+00 -3.8840e+00
973 +5.833818761e-09 +5.833818761e-09 +3.137000001e+01 +3.137000001e+01 -2.7200e-01 +1.8968e+00 -3.8840e+00
% function evaluation | noise-free fitness - Fopt (3.137000000000e+01) | best noise-free fitness - Fopt | measured fitness | best measured fitness | x1 | x2...
1 +2.081333920e+02 +2.081333920e+02 +2.395033920e+02 +2.395033920e+02 +1.6160e+00 -1.8879e+00 +2.0407e+00
4 +5.787330906e+01 +5.787330906e+01 +8.924330906e+01 +8.924330906e+01 +1.5731e-01 +9.5509e-01 -8.8218e-02
19 +2.365287843e+01 +2.365287843e+01 +5.502287843e+01 +5.502287843e+01 -4.7008e-01 +3.1701e+00 -1.3682e+00
40 +1.256615615e+01 +1.256615615e+01 +4.393615615e+01 +4.393615615e+01 +6.3554e-02 +3.0697e+00 -2.4698e+00
103 +7.848352381e+00 +7.848352381e+00 +3.921835238e+01 +3.921835238e+01 -2.9064e-01 +2.6233e+00 -2.5436e+00
109 +1.373377192e+00 +1.373377192e+00 +3.274337719e+01 +3.274337719e+01 +2.0641e-01 +2.3389e+00 -3.8529e+00
184 +7.266685352e-01 +7.266685352e-01 +3.209666854e+01 +3.209666854e+01 +2.7882e-02 +2.1553e+00 -3.8168e+00
231 +1.284015595e-01 +1.284015595e-01 +3.149840156e+01 +3.149840156e+01 -1.4754e-01 +1.9345e+00 -3.8784e+00
317 +7.247234132e-02 +7.247234132e-02 +3.144247234e+01 +3.144247234e+01 -2.9103e-01 +1.8411e+00 -3.7764e+00
324 +4.110932488e-02 +4.110932488e-02 +3.141110932e+01 +3.141110932e+01 -2.7874e-01 +1.8403e+00 -3.8150e+00
333 +8.367337352e-03 +8.367337352e-03 +3.137836734e+01 +3.137836734e+01 -2.4609e-01 +1.9016e+00 -3.8816e+00
419 +4.635406677e-03 +4.635406677e-03 +3.137463541e+01 +3.137463541e+01 -2.6877e-01 +1.9155e+00 -3.8680e+00
425 +1.405494046e-03 +1.405494046e-03 +3.137140549e+01 +3.137140549e+01 -2.6692e-01 +1.9055e+00 -3.8776e+00
430 +9.568387591e-04 +9.568387591e-04 +3.137095684e+01 +3.137095684e+01 -2.6302e-01 +1.9037e+00 -3.8841e+00
476 +4.547170518e-04 +4.547170518e-04 +3.137045472e+01 +3.137045472e+01 -2.6485e-01 +1.9005e+00 -3.8865e+00
500 +1.384698082e-04 +1.384698082e-04 +3.137013847e+01 +3.137013847e+01 -2.7187e-01 +1.8960e+00 -3.8810e+00
565 +9.230335406e-05 +9.230335406e-05 +3.137009230e+01 +3.137009230e+01 -2.7049e-01 +1.8965e+00 -3.8830e+00
583 +4.060771832e-05 +4.060771832e-05 +3.137004061e+01 +3.137004061e+01 -2.7083e-01 +1.8984e+00 -3.8836e+00
591 +2.970800212e-05 +2.970800212e-05 +3.137002971e+01 +3.137002971e+01 -2.7216e-01 +1.8967e+00 -3.8825e+00
595 +1.261980881e-05 +1.261980881e-05 +3.137001262e+01 +3.137001262e+01 -2.7204e-01 +1.8972e+00 -3.8832e+00
629 +9.585920210e-06 +9.585920210e-06 +3.137000959e+01 +3.137000959e+01 -2.7151e-01 +1.8973e+00 -3.8837e+00
716 +4.430521340e-06 +4.430521340e-06 +3.137000443e+01 +3.137000443e+01 -2.7138e-01 +1.8973e+00 -3.8843e+00
723 +3.554994279e-06 +3.554994279e-06 +3.137000355e+01 +3.137000355e+01 -2.7154e-01 +1.8972e+00 -3.8841e+00
734 +1.726263793e-06 +1.726263793e-06 +3.137000173e+01 +3.137000173e+01 -2.7173e-01 +1.8972e+00 -3.8841e+00
740 +8.460592902e-07 +8.460592902e-07 +3.137000085e+01 +3.137000085e+01 -2.7201e-01 +1.8969e+00 -3.8838e+00
744 +3.233513830e-07 +3.233513830e-07 +3.137000032e+01 +3.137000032e+01 -2.7196e-01 +1.8969e+00 -3.8839e+00
785 +1.907528393e-07 +1.907528393e-07 +3.137000019e+01 +3.137000019e+01 -2.7199e-01 +1.8968e+00 -3.8839e+00
794 +1.069007780e-07 +1.069007780e-07 +3.137000011e+01 +3.137000011e+01 -2.7198e-01 +1.8968e+00 -3.8840e+00
802 +4.554556909e-08 +4.554556909e-08 +3.137000005e+01 +3.137000005e+01 -2.7198e-01 +1.8968e+00 -3.8840e+00
831 +2.894918794e-08 +2.894918794e-08 +3.137000003e+01 +3.137000003e+01 -2.7200e-01 +1.8968e+00 -3.8840e+00
856 +1.125349058e-08 +1.125349058e-08 +3.137000001e+01 +3.137000001e+01 -2.7198e-01 +1.8968e+00 -3.8840e+00
915 +6.080632886e-09 +6.080632886e-09 +3.137000001e+01 +3.137000001e+01 -2.7199e-01 +1.8968e+00 -3.8840e+00
% function evaluation | noise-free fitness - Fopt (3.137000000000e+01) | best noise-free fitness - Fopt | measured fitness | best measured fitness | x1 | x2...
1 +1.142181973e+04 +1.142181973e+04 +1.145318973e+04 +1.145318973e+04 +2.7954e+00 -3.6140e+00 +2.5145e-01
3 +6.959895580e+03 +6.959895580e+03 +6.991265580e+03 +6.991265580e+03 +3.0765e+00 -1.2207e+00 -1.8227e+00
5 +2.126697842e+02 +2.126697842e+02 +2.440397842e+02 +2.440397842e+02 +4.5397e-01 -4.4365e+00 +2.6200e+00
27 +8.076035214e+01 +8.076035214e+01 +1.121303521e+02 +1.121303521e+02 +8.6409e-01 +1.6084e+00 +2.3003e-01
50 +4.558620938e+01 +4.558620938e+01 +7.695620938e+01 +7.695620938e+01 -1.1712e+00 +1.1338e+00 +4.5683e-01
63 +2.087580561e+01 +2.087580561e+01 +5.224580561e+01 +5.224580561e+01 +6.8354e-01 +2.0870e+00 -2.4462e+00
77 +1.421931213e+01 +1.421931213e+01 +4.558931213e+01 +4.558931213e+01 -4.9912e-01 +2.0527e+00 -1.7152e+00
98 +7.804063653e+00 +7.804063653e+00 +3.917406365e+01 +3.917406365e+01 +9.1115e-01 +2.1222e+00 -3.6904e+00
108 +1.942058176e+00 +1.942058176e+00 +3.331205818e+01 +3.331205818e+01 +3.4282e-01 +2.0084e+00 -3.9351e+00
128 +6.917007921e-01 +6.917007921e-01 +3.206170079e+01 +3.206170079e+01 -1.3096e-01 +2.1798e+00 -3.6907e+00
162 +5.846943926e-01 +5.846943926e-01 +3.195469439e+01 +3.195469439e+01 +4.3860e-02 +2.0659e+00 -3.8950e+00
202 +3.911439651e-01 +3.911439651e-01 +3.176114397e+01 +3.176114397e+01 +6.8925e-02 +2.1657e+00 -4.0386e+00
285 +2.477812796e-01 +2.477812796e-01 +3.161778128e+01 +3.161778128e+01 -7.1304e-02 +2.1579e+00 -3.9228e+00
308 +9.228987501e-02 +9.228987501e-02 +3.146228988e+01 +3.146228988e+01 -1.7676e-01 +1.9800e+00 -3.8561e+00
314 +4.557556019e-02 +4.557556019e-02 +3.141557556e+01 +3.141557556e+01 -2.0969e-01 +1.9971e+00 -3.8747e+00
323 +8.525604669e-03 +8.525604669e-03 +3.137852560e+01 +3.137852560e+01 -2.5751e-01 +1.9294e+00 -3.8714e+00
380 +4.530396516e-03 +4.530396516e-03 +3.137453040e+01 +3.137453040e+01 -2.6389e-01 +1.9230e+00 -3.8761e+00
417 +2.541592859e-03 +2.541592859e-03 +3.137254159e+01 +3.137254159e+01 -2.7000e-01 +1.8874e+00 -3.8708e+00
473 +1.510818624e-03 +1.510818624e-03 +3.137151082e+01 +3.137151082e+01 -2.7597e-01 +1.8940e+00 -3.8691e+00
571 +9.489420677e-04 +9.489420677e-04 +3.137094894e+01 +3.137094894e+01 -2.7412e-01 +1.8982e+00 -3.8735e+00
579 +5.071930015e-04 +5.071930015e-04 +3.137050719e+01 +3.137050719e+01 -2.7393e-01 +1.8967e+00 -3.8762e+00
595 +2.406899629e-04 +2.406899629e-04 +3.137024069e+01 +3.137024069e+01 -2.6985e-01 +1.8960e+00 -3.8821e+00
633 +2.740426983e-05 +2.740426983e-05 +3.137002740e+01 +3.137002740e+01 -2.7194e-01 +1.8979e+00 -3.8831e+00
639 +1.690780134e-05 +1.690780134e-05 +3.137001691e+01 +3.137001691e+01 -2.7142e-01 +1.8975e+00 -3.8835e+00
742 +1.504992363e-05 +1.504992363e-05 +3.137001505e+01 +3.137001505e+01 -2.7172e-01 +1.8964e+00 -3.8834e+00
761 +2.682807356e-06 +2.682807356e-06 +3.137000268e+01 +3.137000268e+01 -2.7192e-01 +1.8968e+00 -3.8837e+00
830 +1.619100917e-06 +1.619100917e-06 +3.137000162e+01 +3.137000162e+01 -2.7205e-01 +1.8967e+00 -3.8837e+00
844 +9.579461455e-07 +9.579461455e-07 +3.137000096e+01 +3.137000096e+01 -2.7197e-01 +1.8967e+00 -3.8838e+00
873 +2.089478848e-07 +2.089478848e-07 +3.137000021e+01 +3.137000021e+01 -2.7201e-01 +1.8968e+00 -3.8839e+00
904 +1.222198591e-07 +1.222198591e-07 +3.137000012e+01 +3.137000012e+01 -2.7200e-01 +1.8968e+00 -3.8839e+00
909 +6.814462949e-08 +6.814462949e-08 +3.137000007e+01 +3.137000007e+01 -2.7197e-01 +1.8969e+00 -3.8840e+00
915 +5.041406226e-08 +5.041406226e-08 +3.137000005e+01 +3.137000005e+01 -2.7199e-01 +1.8968e+00 -3.8840e+00
931 +2.673452215e-08 +2.673452215e-08 +3.137000003e+01 +3.137000003e+01 -2.7199e-01 +1.8968e+00 -3.8840e+00
970 +1.748772505e-08 +1.748772505e-08 +3.137000002e+01 +3.137000002e+01 -2.7199e-01 +1.8968e+00 -3.8840e+00
974 +5.861839014e-09 +5.861839014e-09 +3.137000001e+01 +3.137000001e+01 -2.7200e-01 +1.8968e+00 -3.8840e+00
% function evaluation | noise-free fitness - Fopt (-1.000000000000e+03) | best noise-free fitness - Fopt | measured fitness | best measured fitness | x1 | x2...
1 +3.376685086e+05 +3.376685086e+05 +3.366685086e+05 +3.366685086e+05 +2.7927e+00 -3.8061e+00 -3.2290e+00
6 +2.427305387e+05 +2.427305387e+05 +2.417305387e+05 +2.417305387e+05 +4.1109e+00 -6.5448e+00 +1.8311e+00
9 +1.150936627e+05 +1.150936627e+05 +1.140936627e+05 +1.140936627e+05 +3.2328e+00 -3.8093e+00 +3.8381e+00
15 +9.278261966e+04 +9.278261966e+04 +9.178261966e+04 +9.178261966e+04 -1.7535e+00 -1.0727e+00 -1.9305e+00
22 +3.016912843e+04 +3.016912843e+04 +2.916912843e+04 +2.916912843e+04 -4.7102e+00 +2.2343e-01 +1.0876e-01
30 +1.337420187e+04 +1.337420187e+04 +1.237420187e+04 +1.237420187e+04 -9.9413e+00 +1.8371e-01 -2.2006e+00
31 +1.264504989e+02 +1.264504989e+02 -8.735495011e+02 -8.735495011e+02 -8.5686e+00 -1.5577e+00 +7.8944e-01
37 +2.208113337e+01 +2.208113337e+01 -9.779188666e+02 -9.779188666e+02 -3.9014e+00 -5.5389e+00 +5.2139e+00
123 +1.504140238e+01 +1.504140238e+01 -9.849585976e+02 -9.849585976e+02 -2.4932e+00 -4.8904e+00 +5.8044e+00
217 +6.882884926e+00 +6.882884926e+00 -9.931171151e+02 -9.931171151e+02 -1.9742e+00 -4.1185e+00 +4.4682e+00
249 +4.305277292e+00 +4.305277292e+00 -9.956947227e+02 -9.956947227e+02 -1.4404e+00 -4.4557e+00 +4.3024e+00
253 +3.633948210e+00 +3.633948210e+00 -9.963660518e+02 -9.963660518e+02 -1.3884e+00 -4.4594e+00 +3.8511e+00
266 +9.930323856e-01 +9.930323856e-01 -9.990069676e+02 -9.990069676e+02 -8.4405e-01 -3.6522e+00 +3.3585e+00
292 +3.805900124e-01 +3.805900124e-01 -9.996194100e+02 -9.996194100e+02 -5.0143e-01 -3.6677e+00 +3.1563e+00
339 +5.518094080e-02 +5.518094080e-02 -9.999448191e+02 -9.999448191e+02 -3.2455e-01 -3.4117e+00 +2.9305e+00
494 +1.356288989e-02 +1.356288989e-02 -9.999864371e+02 -9.999864371e+02 -2.3033e-01 -3.3623e+00 +2.8829e+00
541 +5.023443075e-03 +5.023443075e-03 -9.999949766e+02 -9.999949766e+02 -2.2487e-01 -3.3484e+00 +2.8388e+00
561 +2.536853402e-03 +2.536853402e-03 -9.999974631e+02 -9.999974631e+02 -2.0676e-01 -3.3518e+00 +2.8438e+00
570 +2.139003456e-03 +2.139003456e-03 -9.999978610e+02 -9.999978610e+02 -2.0778e-01 -3.3319e+00 +2.8309e+00
578 +1.288604109e-03 +1.288604109e-03 -9.999987114e+02 -9.999987114e+02 -2.0292e-01 -3.3350e+00 +2.8345e+00
587 +9.209444976e-04 +9.209444976e-04 -9.999990791e+02 -9.999990791e+02 -1.9770e-01 -3.3361e+00 +2.8360e+00
597 +6.109867113e-04 +6.109867113e-04 -9.999993890e+02 -9.999993890e+02 -1.9631e-01 -3.3366e+00 +2.8343e+00
607 +2.386181802e-04 +2.386181802e-04 -9.999997614e+02 -9.999997614e+02 -1.9266e-01 -3.3314e+00 +2.8270e+00
647 +6.785878031e-05 +6.785878031e-05 -9.999999321e+02 -9.999999321e+02 -1.8979e-01 -3.3310e+00 +2.8253e+00
653 +5.449228479e-05 +5.449228479e-05 -9.999999455e+02 -9.999999455e+02 -1.8925e-01 -3.3306e+00 +2.8248e+00
666 +3.625404145e-05 +3.625404145e-05 -9.999999637e+02 -9.999999637e+02 -1.8834e-01 -3.3316e+00 +2.8262e+00
715 +1.606425508e-05 +1.606425508e-05 -9.999999839e+02 -9.999999839e+02 -1.8777e-01 -3.3315e+00 +2.8249e+00
734 +1.491732030e-05 +1.491732030e-05 -9.999999851e+02 -9.999999851e+02 -1.8784e-01 -3.3310e+00 +2.8248e+00
752 +7.062372219e-06 +7.062372219e-06 -9.999999929e+02 -9.999999929e+02 -1.8729e-01 -3.3306e+00 +2.8241e+00
758 +4.443155376e-06 +4.443155376e-06 -9.999999956e+02 -9.999999956e+02 -1.8703e-01 -3.3303e+00 +2.8240e+00
763 +3.196009857e-06 +3.196009857e-06 -9.999999968e+02 -9.999999968e+02 -1.8692e-01 -3.3309e+00 +2.8243e+00
768 +1.127790028e-06 +1.127790028e-06 -9.999999989e+02 -9.999999989e+02 -1.8672e-01 -3.3305e+00 +2.8240e+00
815 +6.698958259e-07 +6.698958259e-07 -9.999999993e+02 -9.999999993e+02 -1.8666e-01 -3.3305e+00 +2.8241e+00
831 +3.001526920e-07 +3.001526920e-07 -9.999999997e+02 -9.999999997e+02 -1.8657e-01 -3.3305e+00 +2.8241e+00
884 +1.740507969e-07 +1.740507969e-07 -9.999999998e+02 -9.999999998e+02 -1.8649e-01 -3.3305e+00 +2.8241e+00
940 +1.218246553e-07 +1.218246553e-07 -9.999999999e+02 -9.999999999e+02 -1.8651e-01 -3.3304e+00 +2.8241e+00
942 +8.319045719e-08 +8.319045719e-08 -9.999999999e+02 -9.999999999e+02 -1.8646e-01 -3.3304e+00 +2.8241e+00
957 +5.557410532e-08 +5.557410532e-08 -9.999999999e+02 -9.999999999e+02 -1.8646e-01 -3.3304e+00 +2.8241e+00
961 +2.807587407e-08 +2.807587407e-08 -1.000000000e+03 -1.000000000e+03 -1.8644e-01 -3.3304e+00 +2.8240e+00
1000 +1.120940851e-08 +1.120940851e-08 -1.000000000e+03 -1.000000000e+03 -1.8642e-01 -3.3304e+00 +2.8240e+00
1080 +6.300751920e-09 +6.300751920e-09 -1.000000000e+03 -1.000000000e+03 -1.8641e-01 -3.3304e+00 +2.8240e+00
% function evaluation | noise-free fitness - Fopt (-1.000000000000e+03) | best noise-free fitness - Fopt | measured fitness | best measured fitness | x1 | x2...
1 +7.200492283e+04 +7.200492283e+04 +7.100492283e+04 +7.100492283e+04 +3.2182e-01 -3.3235e+00 -2.1312e-02
5 +6.240782642e+04 +6.240782642e+04 +6.140782642e+04 +6.140782642e+04 -1.8657e+00 -3.3172e+00 -7.4998e-02
6 +1.424271243e+04 +1.424271243e+04 +1.324271243e+04 +1.324271243e+04 -1.0328e+00 -3.3914e+00 +1.5324e+00
13 +1.775354998e+03 +1.775354998e+03 +7.753549977e+02 +7.753549977e+02 -4.0993e+00 -1.3524e+00 +6.5758e-01
21 +5.005955815e+01 +5.005955815e+01 -9.499404418e+02 -9.499404418e+02 -5.5518e+00 -6.2035e+00 +4.0471e+00
29 +1.735830893e+01 +1.735830893e+01 -9.826416911e+02 -9.826416911e+02 -2.8750e+00 -2.7814e+00 +2.2255e+00
86 +1.484226614e+01 +1.484226614e+01 -9.851577339e+02 -9.851577339e+02 -3.2594e+00 -4.2478e+00 +3.3181e+00
104 +2.732590978e+00 +2.732590978e+00 -9.972674090e+02 -9.972674090e+02 -1.2280e+00 -3.3505e+00 +2.6885e+00
158 +2.074323297e+00 +2.074323297e+00 -9.979256767e+02 -9.979256767e+02 -1.0675e+00 -4.1135e+00 +3.6833e+00
169 +1.384937588e+00 +1.384937588e+00 -9.986150624e+02 -9.986150624e+02 -8.4107e-01 -4.0391e+00 +3.5416e+00
170 +8.757937476e-01 +8.757937476e-01 -9.991242063e+02 -9.991242063e+02 -7.6273e-01 -3.8369e+00 +3.3901e+00
220 +1.054090723e-01 +1.054090723e-01 -9.998945909e+02 -9.998945909e+02 -3.3904e-01 -3.4847e+00 +2.9266e+00
278 +7.658025053e-02 +7.658025053e-02 -9.999234197e+02 -9.999234197e+02 -3.4410e-01 -3.3961e+00 +2.9329e+00
293 +4.100833852e-02 +4.100833852e-02 -9.999589917e+02 -9.999589917e+02 -2.8261e-01 -3.3934e+00 +2.8537e+00
295 +2.655753118e-02 +2.655753118e-02 -9.999734425e+02 -9.999734425e+02 -2.5391e-01 -3.3813e+00 +2.8374e+00
306 +9.465686333e-03 +9.465686333e-03 -9.999905343e+02 -9.999905343e+02 -2.2905e-01 -3.3539e+00 +2.8292e+00
362 +2.466482789e-03 +2.466482789e-03 -9.999975335e+02 -9.999975335e+02 -2.1197e-01 -3.3405e+00 +2.8375e+00
432 +1.430897349e-03 +1.430897349e-03 -9.999985691e+02 -9.999985691e+02 -2.0193e-01 -3.3318e+00 +2.8221e+00
444 +8.916596711e-04 +8.916596711e-04 -9.999991083e+02 -9.999991083e+02 -1.9839e-01 -3.3289e+00 +2.8236e+00
473 +1.949641626e-04 +1.949641626e-04 -9.999998050e+02 -9.999998050e+02 -1.9222e-01 -3.3329e+00 +2.8284e+00
527 +1.490092808e-04 +1.490092808e-04 -9.999998510e+02 -9.999998510e+02 -1.9144e-01 -3.3331e+00 +2.8258e+00
537 +9.392138520e-05 +9.392138520e-05 -9.999999061e+02 -9.999999061e+02 -1.9013e-01 -3.3313e+00 +2.8243e+00
543 +5.615781527e-05 +5.615781527e-05 -9.999999438e+02 -9.999999438e+02 -1.8835e-01 -3.3330e+00 +2.8258e+00
566 +6.858857546e-06 +6.858857546e-06 -9.999999931e+02 -9.999999931e+02 -1.8734e-01 -3.3306e+00 +2.8243e+00
628 +1.111553161e-06 +1.111553161e-06 -9.999999989e+02 -9.999999989e+02 -1.8671e-01 -3.3304e+00 +2.8240e+00
710 +8.082868135e-07 +8.082868135e-07 -9.999999992e+02 -9.999999992e+02 -1.8668e-01 -3.3306e+00 +2.8242e+00
722 +4.730509318e-07 +4.730509318e-07 -9.999999995e+02 -9.999999995e+02 -1.8662e-01 -3.3305e+00 +2.8241e+00
732 +1.939936283e-07 +1.939936283e-07 -9.999999998e+02 -9.999999998e+02 -1.8652e-01 -3.3305e+00 +2.8241e+00
783 +5.628021427e-08 +5.628021427e-08 -9.999999999e+02 -9.999999999e+02 -1.8647e-01 -3.3304e+00 +2.8240e+00
842 +3.304694474e-08 +3.304694474e-08 -1.000000000e+03 -1.000000000e+03 -1.8645e-01 -3.3304e+00 +2.8240e+00
854 +3.381160241e-09 +3.381160241e-09 -1.000000000e+03 -1.000000000e+03 -1.8641e-01 -3.3304e+00 +2.8240e+00
% function evaluation | noise-free fitness - Fopt (-1.000000000000e+03) | best noise-free fitness - Fopt | measured fitness | best measured fitness | x1 | x2...
1 +3.096176499e+05 +3.096176499e+05 +3.086176499e+05 +3.086176499e+05 -3.1784e+00 +2.1902e+00 +2.7193e+00
2 +2.286186828e+05 +2.286186828e+05 +2.276186828e+05 +2.276186828e+05 -1.8718e+00 +2.3349e+00 +7.3258e-01
4 +1.177857850e+05 +1.177857850e+05 +1.167857850e+05 +1.167857850e+05 -7.1577e-01 -2.8844e-02 +2.2697e+00
5 +7.102183931e+04 +7.102183931e+04 +7.002183931e+04 +7.002183931e+04 -3.3204e+00 -7.2472e-01 +3.0982e+00
10 +2.778268146e+01 +2.778268146e+01 -9.722173185e+02 -9.722173185e+02 -4.2265e+00 -3.3668e+00 +2.6721e+00
22 +1.352009565e+01 +1.352009565e+01 -9.864799043e+02 -9.864799043e+02 -2.5643e+00 -5.7819e+00 +4.5832e+00
59 +8.865219830e+00 +8.865219830e+00 -9.911347802e+02 -9.911347802e+02 -2.1202e+00 -4.9000e+00 +5.0071e+00
89 +5.019043685e+00 +5.019043685e+00 -9.949809563e+02 -9.949809563e+02 -1.9061e+00 -4.1442e+00 +3.9615e+00
136 +2.877574727e+00 +2.877574727e+00 -9.971224253e+02 -9.971224253e+02 -1.2332e+00 -4.2660e+00 +3.4846e+00
137 +9.925417703e-01 +9.925417703e-01 -9.990074582e+02 -9.990074582e+02 -8.7322e-01 -3.6166e+00 +3.2989e+00
213 +4.058974672e-01 +4.058974672e-01 -9.995941025e+02 -9.995941025e+02 -5.4795e-01 -3.4192e+00 +2.8075e+00
226 +2.478231421e-01 +2.478231421e-01 -9.997521769e+02 -9.997521769e+02 -4.5893e-01 -3.5270e+00 +2.9371e+00
274 +1.268006821e-01 +1.268006821e-01 -9.998731993e+02 -9.998731993e+02 -3.8267e-01 -3.4463e+00 +2.8952e+00
281 +5.949158045e-02 +5.949158045e-02 -9.999405084e+02 -9.999405084e+02 -3.3430e-01 -3.3746e+00 +2.8734e+00
311 +2.561696114e-02 +2.561696114e-02 -9.999743830e+02 -9.999743830e+02 -2.8229e-01 -3.3580e+00 +2.8652e+00
321 +1.699215515e-02 +1.699215515e-02 -9.999830078e+02 -9.999830078e+02 -2.5939e-01 -3.3718e+00 +2.8670e+00
345 +1.034897263e-02 +1.034897263e-02 -9.999896510e+02 -9.999896510e+02 -2.3637e-01 -3.3476e+00 +2.8643e+00
357 +5.106157161e-03 +5.106157161e-03 -9.999948938e+02 -9.999948938e+02 -2.2662e-01 -3.3442e+00 +2.8401e+00
371 +1.552808725e-03 +1.552808725e-03 -9.999984472e+02 -9.999984472e+02 -2.0466e-01 -3.3345e+00 +2.8258e+00
403 +9.378095398e-04 +9.378095398e-04 -9.999990622e+02 -9.999990622e+02 -1.9972e-01 -3.3379e+00 +2.8358e+00
472 +4.831184042e-04 +4.831184042e-04 -9.999995169e+02 -9.999995169e+02 -1.9483e-01 -3.3296e+00 +2.8249e+00
478 +3.665129697e-04 +3.665129697e-04 -9.999996335e+02 -9.999996335e+02 -1.9509e-01 -3.3353e+00 +2.8295e+00
491 +6.618351119e-05 +6.618351119e-05 -9.999999338e+02 -9.999999338e+02 -1.8918e-01 -3.3301e+00 +2.8236e+00
543 +4.407788128e-05 +4.407788128e-05 -9.999999559e+02 -9.999999559e+02 -1.8898e-01 -3.3307e+00 +2.8248e+00
548 +2.868555453e-05 +2.868555453e-05 -9.999999713e+02 -9.999999713e+02 -1.8834e-01 -3.3306e+00 +2.8246e+00
576 +5.684235475e-06 +5.684235475e-06 -9.999999943e+02 -9.999999943e+02 -1.8719e-01 -3.3309e+00 +2.8247e+00
639 +3.815872333e-06 +3.815872333e-06 -9.999999962e+02 -9.999999962e+02 -1.8709e-01 -3.3306e+00 +2.8242e+00
656 +1.690584327e-06 +1.690584327e-06 -9.999999983e+02 -9.999999983e+02 -1.8676e-01 -3.3306e+00 +2.8244e+00
722 +1.317461511e-06 +1.317461511e-06 -9.999999987e+02 -9.999999987e+02 -1.8671e-01 -3.3306e+00 +2.8243e+00
742 +5.601141311e-07 +5.601141311e-07 -9.999999994e+02 -9.999999994e+02 -1.8661e-01 -3.3305e+00 +2.8242e+00
759 +3.233021744e-07 +3.233021744e-07 -9.999999997e+02 -9.999999997e+02 -1.8656e-01 -3.3304e+00 +2.8241e+00
763 +1.870333790e-07 +1.870333790e-07 -9.999999998e+02 -9.999999998e+02 -1.8652e-01 -3.3304e+00 +2.8240e+00
824 +1.299737278e-07 +1.299737278e-07 -9.999999999e+02 -9.999999999e+02 -1.8650e-01 -3.3304e+00 +2.8240e+00
832 +6.214781934e-08 +6.214781934e-08 -9.999999999e+02 -9.999999999e+02 -1.8647e-01 -3.3304e+00 +2.8240e+00
838 +3.850539088e-08 +3.850539088e-08 -1.000000000e+03 -1.000000000e+03 -1.8645e-01 -3.3304e+00 +2.8240e+00
861 +1.191199317e-08 +1.191199317e-08 -1.000000000e+03 -1.000000000e+03 -1.8643e-01 -3.3304e+00 +2.8240e+00
864 +5.943206816e-09 +5.943206816e-09 -1.000000000e+03 -1.000000000e+03 -1.8642e-01 -3.3304e+00 +2.8240e+00
% function evaluation | noise-free fitness - Fopt (1.319200000000e+02) | best noise-free fitness - Fopt | measured fitness | best measured fitness | x1 | x2...
1 +1.318534050e+04 +1.318534050e+04 +1.331726050e+04 +1.331726050e+04 -3.1514e+00 -1.8250e-01 -2.8581e+00
2 +3.711599861e+03 +3.711599861e+03 +3.843519861e+03 +3.843519861e+03 -1.8091e+00 -7.1659e-03 -3.1599e+00
3 +7.363674730e+01 +7.363674730e+01 +2.055567473e+02 +2.055567473e+02 -2.2567e+00 -1.8583e+00 -5.8883e+00
4 +1.388101423e+01 +1.388101423e+01 +1.458010142e+02 +1.458010142e+02 -2.4852e+00 +1.2358e+00 -5.0747e+00
8 +7.369779307e+00 +7.369779307e+00 +1.392897793e+02 +1.392897793e+02 -3.8764e+00 +6.3982e-01 -4.8546e+00
51 +3.574755714e+00 +3.574755714e+00 +1.354947557e+02 +1.354947557e+02 -2.8687e+00 +2.3657e+00 -4.5434e+00
76 +2.356066177e+00 +2.356066177e+00 +1.342760662e+02 +1.342760662e+02 -3.5036e+00 +1.7560e+00 -4.4031e+00
107 +1.255651287e+00 +1.255651287e+00 +1.331756513e+02 +1.331756513e+02 -3.4894e+00 +2.1297e+00 -4.2307e+00
137 +8.055641023e-01 +8.055641023e-01 +1.327255641e+02 +1.327255641e+02 -3.4592e+00 +2.2040e+00 -4.1040e+00
144 +2.366410491e-01 +2.366410491e-01 +1.321566410e+02 +1.321566410e+02 -3.8298e+00 +1.8585e+00 -3.8622e+00
191 +1.479163460e-01 +1.479163460e-01 +1.320679163e+02 +1.320679163e+02 -3.8542e+00 +1.9341e+00 -3.8713e+00
199 +8.239619064e-02 +8.239619064e-02 +1.320023962e+02 +1.320023962e+02 -3.9106e+00 +1.8542e+00 -3.7696e+00
214 +5.277424680e-02 +5.277424680e-02 +1.319727742e+02 +1.319727742e+02 -3.9164e+00 +1.8791e+00 -3.7233e+00
227 +2.855218039e-02 +2.855218039e-02 +1.319485522e+02 +1.319485522e+02 -3.9738e+00 +1.8530e+00 -3.7421e+00
229 +2.264723785e-02 +2.264723785e-02 +1.319426472e+02 +1.319426472e+02 -3.9243e+00 +1.9155e+00 -3.7403e+00
243 +9.704235336e-03 +9.704235336e-03 +1.319297042e+02 +1.319297042e+02 -3.9408e+00 +1.9177e+00 -3.7156e+00
277 +6.065844991e-03 +6.065844991e-03 +1.319260658e+02 +1.319260658e+02 -3.9777e+00 +1.8899e+00 -3.7234e+00
295 +3.979491890e-03 +3.979491890e-03 +1.319239795e+02 +1.319239795e+02 -3.9707e+00 +1.9000e+00 -3.7111e+00
299 +2.501020655e-03 +2.501020655e-03 +1.319225010e+02 +1.319225010e+02 -3.9755e+00 +1.8992e+00 -3.7055e+00
319 +5.619283194e-04 +5.619283194e-04 +1.319205619e+02 +1.319205619e+02 -3.9763e+00 +1.9088e+00 -3.7006e+00
340 +2.030532230e-04 +2.030532230e-04 +1.319202031e+02 +1.319202031e+02 -3.9777e+00 +1.9131e+00 -3.7032e+00
385 +1.426418298e-04 +1.426418298e-04 +1.319201426e+02 +1.319201426e+02 -3.9820e+00 +1.9077e+00 -3.7021e+00
421 +5.381695453e-05 +5.381695453e-05 +1.319200538e+02 +1.319200538e+02 -3.9818e+00 +1.9089e+00 -3.7005e+00
449 +3.596433223e-05 +3.596433223e-05 +1.319200360e+02 +1.319200360e+02 -3.9829e+00 +1.9088e+00 -3.7007e+00
461 +1.639767876e-05 +1.639767876e-05 +1.319200164e+02 +1.319200164e+02 -3.9826e+00 +1.9094e+00 -3.7001e+00
468 +1.577106431e-05 +1.577106431e-05 +1.319200158e+02 +1.319200158e+02 -3.9822e+00 +1.9096e+00 -3.6999e+00
511 +9.294361092e-06 +9.294361092e-06 +1.319200093e+02 +1.319200093e+02 -3.9826e+00 +1.9096e+00 -3.6998e+00
524 +5.329773870e-06 +5.329773870e-06 +1.319200053e+02 +1.319200053e+02 -3.9823e+00 +1.9099e+00 -3.6996e+00
541 +1.466771096e-07 +1.466771096e-07 +1.319200001e+02 +1.319200001e+02 -3.9823e+00 +1.9104e+00 -3.6993e+00
662 +9.225303188e-08 +9.225303188e-08 +1.319200001e+02 +1.319200001e+02 -3.9824e+00 +1.9104e+00 -3.6993e+00
723 +5.883939025e-08 +5.883939025e-08 +1.319200001e+02 +1.319200001e+02 -3.9824e+00 +1.9104e+00 -3.6992e+00
732 +3.014761774e-08 +3.014761774e-08 +1.319200000e+02 +1.319200000e+02 -3.9824e+00 +1.9104e+00 -3.6992e+00
735 +1.603356736e-08 +1.603356736e-08 +1.319200000e+02 +1.319200000e+02 -3.9824e+00 +1.9104e+00 -3.6992e+00
763 +5.526771929e-09 +5.526771929e-09 +1.319200000e+02 +1.319200000e+02 -3.9824e+00 +1.9104e+00 -3.6992e+00
% function evaluation | noise-free fitness - Fopt (1.319200000000e+02) | best noise-free fitness - Fopt | measured fitness | best measured fitness | x1 | x2...
1 +7.366307410e+01 +7.366307410e+01 +2.055830741e+02 +2.055830741e+02 +5.8843e-01 +1.6393e+00 -3.7903e+00
21 +4.109685084e+01 +4.109685084e+01 +1.730168508e+02 +1.730168508e+02 -1.0661e+00 +1.2537e+00 -4.0568e+00
25 +3.709594093e+01 +3.709594093e+01 +1.690159409e+02 +1.690159409e+02 -1.2288e+00 +1.1505e+00 -5.5932e+00
30 +2.333847737e+01 +2.333847737e+01 +1.552584774e+02 +1.552584774e+02 -1.5998e+00 +1.7589e+00 -5.6968e+00
36 +6.382603155e+00 +6.382603155e+00 +1.383026032e+02 +1.383026032e+02 -3.2589e+00 +1.3757e+00 -4.7477e+00
99 +6.199529592e+00 +6.199529592e+00 +1.381195296e+02 +1.381195296e+02 -3.2416e+00 +1.3082e+00 -4.2661e+00
108 +2.015480008e+00 +2.015480008e+00 +1.339354800e+02 +1.339354800e+02 -3.3722e+00 +2.2714e+00 -4.4362e+00
125 +1.234263408e+00 +1.234263408e+00 +1.331542634e+02 +1.331542634e+02 -3.5641e+00 +1.8161e+00 -3.9933e+00
131 +8.193353914e-01 +8.193353914e-01 +1.327393354e+02 +1.327393354e+02 -3.4725e+00 +2.1126e+00 -4.0894e+00
149 +6.245329112e-01 +6.245329112e-01 +1.325445329e+02 +1.325445329e+02 -3.7605e+00 +1.9502e+00 -4.0955e+00
203 +3.534438459e-01 +3.534438459e-01 +1.322734438e+02 +1.322734438e+02 -3.8253e+00 +1.8755e+00 -3.9744e+00
212 +2.323266564e-01 +2.323266564e-01 +1.321523267e+02 +1.321523267e+02 -3.8545e+00 +1.9203e+00 -3.9328e+00
216 +8.483035601e-02 +8.483035601e-02 +1.320048304e+02 +1.320048304e+02 -3.8159e+00 +1.9841e+00 -3.7805e+00
284 +4.660714997e-02 +4.660714997e-02 +1.319666071e+02 +1.319666071e+02 -3.8733e+00 +1.9986e+00 -3.7782e+00
292 +2.981285560e-02 +2.981285560e-02 +1.319498129e+02 +1.319498129e+02 -3.8897e+00 +1.9645e+00 -3.7490e+00
332 +2.275361297e-02 +2.275361297e-02 +1.319427536e+02 +1.319427536e+02 -3.9065e+00 +1.9647e+00 -3.7472e+00
385 +1.460094605e-02 +1.460094605e-02 +1.319346009e+02 +1.319346009e+02 -3.9257e+00 +1.9503e+00 -3.7379e+00
456 +9.631160907e-03 +9.631160907e-03 +1.319296312e+02 +1.319296312e+02 -3.9361e+00 +1.9375e+00 -3.7315e+00
493 +5.034088595e-03 +5.034088595e-03 +1.319250341e+02 +1.319250341e+02 -3.9491e+00 +1.9218e+00 -3.7114e+00
516 +2.778611363e-03 +2.778611363e-03 +1.319227786e+02 +1.319227786e+02 -3.9572e+00 +1.9227e+00 -3.7120e+00
532 +1.890904837e-03 +1.890904837e-03 +1.319218909e+02 +1.319218909e+02 -3.9642e+00 +1.9172e+00 -3.7087e+00
549 +1.344925950e-03 +1.344925950e-03 +1.319213449e+02 +1.319213449e+02 -3.9680e+00 +1.9142e+00 -3.7055e+00
555 +6.778722631e-04 +6.778722631e-04 +1.319206779e+02 +1.319206779e+02 -3.9726e+00 +1.9178e+00 -3.7067e+00
563 +5.364946483e-04 +5.364946483e-04 +1.319205365e+02 +1.319205365e+02 -3.9784e+00 +1.9066e+00 -3.7012e+00
599 +2.889744538e-04 +2.889744538e-04 +1.319202890e+02 +1.319202890e+02 -3.9761e+00 +1.9137e+00 -3.7042e+00
613 +1.001164370e-04 +1.001164370e-04 +1.319201001e+02 +1.319201001e+02 -3.9820e+00 +1.9088e+00 -3.7022e+00
627 +8.781852088e-05 +8.781852088e-05 +1.319200878e+02 +1.319200878e+02 -3.9821e+00 +1.9090e+00 -3.7020e+00
669 +5.574069039e-05 +5.574069039e-05 +1.319200557e+02 +1.319200557e+02 -3.9829e+00 +1.9081e+00 -3.7004e+00
741 +3.609016389e-05 +3.609016389e-05 +1.319200361e+02 +1.319200361e+02 -3.9830e+00 +1.9085e+00 -3.7003e+00
778 +2.301334385e-05 +2.301334385e-05 +1.319200230e+02 +1.319200230e+02 -3.9829e+00 +1.9090e+00 -3.7001e+00
810 +1.361609262e-05 +1.361609262e-05 +1.319200136e+02 +1.319200136e+02 -3.9823e+00 +1.9097e+00 -3.7000e+00
831 +8.798183131e-06 +8.798183131e-06 +1.319200088e+02 +1.319200088e+02 -3.9829e+00 +1.9095e+00 -3.6997e+00
844 +4.788000211e-06 +4.788000211e-06 +1.319200048e+02 +1.319200048e+02 -3.9823e+00 +1.9100e+00 -3.6996e+00
853 +3.235620710e-06 +3.235620710e-06 +1.319200032e+02 +1.319200032e+02 -3.9822e+00 +1.9101e+00 -3.6994e+00
857 +1.757032436e-06 +1.757032436e-06 +1.319200018e+02 +1.319200018e+02 -3.9822e+00 +1.9104e+00 -3.6995e+00
906 +1.411574772e-06 +1.411574772e-06 +1.319200014e+02 +1.319200014e+02 -3.9822e+00 +1.9104e+00 -3.6992e+00
915 +9.065421409e-07 +9.065421409e-07 +1.319200009e+02 +1.319200009e+02 -3.9823e+00 +1.9103e+00 -3.6994e+00
934 +2.688603900e-07 +2.688603900e-07 +1.319200003e+02 +1.319200003e+02 -3.9823e+00 +1.9104e+00 -3.6993e+00
942 +2.008050046e-07 +2.008050046e-07 +1.319200002e+02 +1.319200002e+02 -3.9823e+00 +1.9105e+00 -3.6993e+00
949 +1.445911835e-07 +1.445911835e-07 +1.319200001e+02 +1.319200001e+02 -3.9824e+00 +1.9104e+00 -3.6992e+00
961 +9.574003457e-08 +9.574003457e-08 +1.319200001e+02 +1.319200001e+02 -3.9824e+00 +1.9104e+00 -3.6992e+00
974 +4.839691314e-08 +4.839691314e-08 +1.319200000e+02 +1.319200000e+02 -3.9824e+00 +1.9104e+00 -3.6992e+00
1017 +3.065358101e-08 +3.065358101e-08 +1.319200000e+02 +1.319200000e+02 -3.9824e+00 +1.9104e+00 -3.6992e+00
1025 +1.128310601e-08 +1.128310601e-08 +1.319200000e+02 +1.319200000e+02 -3.9824e+00 +1.9104e+00 -3.6992e+00
1034 +5.858112218e-09 +5.858112218e-09 +1.319200000e+02 +1.319200000e+02 -3.9824e+00 +1.9104e+00 -3.6992e+00
% function evaluation | noise-free fitness - Fopt (1.319200000000e+02) | best noise-free fitness - Fopt | measured fitness | best measured fitness | x1 | x2...
1 +6.088478862e+03 +6.088478862e+03 +6.220398862e+03 +6.220398862e+03 +2.2004e+00 -3.4826e+00 -3.3470e+00
5 +2.662683904e+02 +2.662683904e+02 +3.981883904e+02 +3.981883904e+02 +2.4294e+00 -2.8963e+00 -6.3974e+00
11 +2.044316833e+02 +2.044316833e+02 +3.363516833e+02 +3.363516833e+02 +3.0389e+00 +6.9612e-02 -6.7803e+00
18 +1.211969148e+02 +1.211969148e+02 +2.531169148e+02 +2.531169148e+02 +2.3548e+00 +1.2134e+00 -5.7906e+00
29 +7.709367442e+01 +7.709367442e+01 +2.090136744e+02 +2.090136744e+02 +1.0767e+00 +1.6783e+00 -6.2193e+00
32 +4.962835734e+01 +4.962835734e+01 +1.815483573e+02 +1.815483573e+02 +5.4278e-01 +2.5104e+00 -5.5363e+00
36 +1.371253160e+01 +1.371253160e+01 +1.456325316e+02 +1.456325316e+02 -3.4957e+00 +9.0089e-01 -5.9443e+00
135 +6.939196008e+00 +6.939196008e+00 +1.388591960e+02 +1.388591960e+02 -2.6155e+00 +2.1863e+00 -5.0380e+00
158 +2.999542844e+00 +2.999542844e+00 +1.349195428e+02 +1.349195428e+02 -3.8497e+00 +1.4957e+00 -4.6564e+00
170 +1.900543997e+00 +1.900543997e+00 +1.338205440e+02 +1.338205440e+02 -3.3832e+00 +1.9658e+00 -4.3312e+00
184 +1.372724863e+00 +1.372724863e+00 +1.332927249e+02 +1.332927249e+02 -3.5447e+00 +1.7974e+00 -4.1166e+00
218 +9.761204954e-01 +9.761204954e-01 +1.328961205e+02 +1.328961205e+02 -3.8937e+00 +1.6693e+00 -4.1926e+00
223 +1.599016476e-01 +1.599016476e-01 +1.320799016e+02 +1.320799016e+02 -4.0554e+00 +1.7170e+00 -3.8408e+00
277 +1.466946402e-01 +1.466946402e-01 +1.320666946e+02 +1.320666946e+02 -4.0195e+00 +1.7605e+00 -3.8452e+00
307 +7.963268507e-02 +7.963268507e-02 +1.319996327e+02 +1.319996327e+02 -3.8444e+00 +1.9680e+00 -3.7952e+00
325 +5.879078506e-02 +5.879078506e-02 +1.319787908e+02 +1.319787908e+02 -3.8518e+00 +1.9684e+00 -3.7594e+00
340 +3.724969615e-02 +3.724969615e-02 +1.319572497e+02 +1.319572497e+02 -3.9701e+00 +1.8778e+00 -3.7796e+00
356 +1.969149223e-02 +1.969149223e-02 +1.319396915e+02 +1.319396915e+02 -3.9384e+00 +1.9248e+00 -3.7564e+00
371 +1.502668648e-02 +1.502668648e-02 +1.319350267e+02 +1.319350267e+02 -3.9648e+00 +1.8825e+00 -3.7320e+00
401 +8.694898339e-03 +8.694898339e-03 +1.319286949e+02 +1.319286949e+02 -3.9674e+00 +1.8906e+00 -3.7197e+00
408 +9.954189725e-04 +9.954189725e-04 +1.319209954e+02 +1.319209954e+02 -3.9836e+00 +1.8995e+00 -3.7051e+00
468 +5.236745208e-04 +5.236745208e-04 +1.319205237e+02 +1.319205237e+02 -3.9824e+00 +1.9049e+00 -3.7063e+00
478 +2.690187493e-04 +2.690187493e-04 +1.319202690e+02 +1.319202690e+02 -3.9780e+00 +1.9101e+00 -3.7005e+00
492 +1.795522462e-04 +1.795522462e-04 +1.319201796e+02 +1.319201796e+02 -3.9797e+00 +1.9105e+00 -3.7036e+00
498 +8.370438209e-05 +8.370438209e-05 +1.319200837e+02 +1.319200837e+02 -3.9811e+00 +1.9090e+00 -3.6995e+00
510 +5.222417883e-05 +5.222417883e-05 +1.319200522e+02 +1.319200522e+02 -3.9810e+00 +1.9100e+00 -3.6990e+00
575 +8.062196144e-06 +8.062196144e-06 +1.319200081e+02 +1.319200081e+02 -3.9824e+00 +1.9097e+00 -3.6996e+00
611 +9.949541777e-07 +9.949541777e-07 +1.319200010e+02 +1.319200010e+02 -3.9823e+00 +1.9103e+00 -3.6995e+00
665 +3.361311371e-07 +3.361311371e-07 +1.319200003e+02 +1.319200003e+02 -3.9823e+00 +1.9104e+00 -3.6993e+00
678 +5.544180226e-08 +5.544180226e-08 +1.319200001e+02 +1.319200001e+02 -3.9824e+00 +1.9104e+00 -3.6992e+00
794 +2.868469551e-08 +2.868469551e-08 +1.319200000e+02 +1.319200000e+02 -3.9824e+00 +1.9104e+00 -3.6992e+00
810 +1.928532356e-08 +1.928532356e-08 +1.319200000e+02 +1.319200000e+02 -3.9824e+00 +1.9104e+00 -3.6992e+00
816 +9.247202115e-09 +9.247202115e-09 +1.319200000e+02 +1.319200000e+02 -3.9824e+00 +1.9104e+00 -3.6992e+00
% function evaluation | noise-free fitness - Fopt (5.908400000000e+02) | best noise-free fitness - Fopt | measured fitness | best measured fitness | x1 | x2...
1 +2.140066778e+04 +2.140066778e+04 +2.199150778e+04 +2.199150778e+04 +1.0631e+00 -1.0374e+00 -4.1728e-01
2 +9.969032634e+02 +9.969032634e+02 +1.587743263e+03 +1.587743263e+03 +2.0777e+00 -1.6593e+00 -1.7757e+00
6 +4.099818729e+01 +4.099818729e+01 +6.318381873e+02 +6.318381873e+02 +2.5391e+00 -2.6319e+00 +3.7125e-01
10 +3.976430108e+01 +3.976430108e+01 +6.306043011e+02 +6.306043011e+02 +4.0715e+00 -2.5183e+00 +1.9265e-01
30 +1.172967079e+01 +1.172967079e+01 +6.025696708e+02 +6.025696708e+02 +2.6231e+00 -1.4181e+00 -1.5593e+00
86 +6.927160234e+00 +6.927160234e+00 +5.977671602e+02 +5.977671602e+02 +2.5833e+00 -2.3484e+00 -2.0707e+00
101 +4.387196797e+00 +4.387196797e+00 +5.952271968e+02 +5.952271968e+02 +2.0944e+00 -2.8071e+00 -2.2680e+00
112 +3.180286715e+00 +3.180286715e+00 +5.940202867e+02 +5.940202867e+02 +2.1550e+00 -2.5327e+00 -2.6131e+00
116 +8.050593058e-01 +8.050593058e-01 +5.916450593e+02 +5.916450593e+02 +1.7756e+00 -2.9077e+00 -3.0596e+00
194 +3.304570578e-01 +3.304570578e-01 +5.911704571e+02 +5.911704571e+02 +1.6692e+00 -3.5784e+00 -3.4296e+00
210 +1.837130606e-01 +1.837130606e-01 +5.910237131e+02 +5.910237131e+02 +1.5687e+00 -3.3782e+00 -3.3270e+00
231 +1.412813195e-01 +1.412813195e-01 +5.909812813e+02 +5.909812813e+02 +1.5705e+00 -3.5324e+00 -3.4926e+00
254 +4.025207200e-02 +4.025207200e-02 +5.908802521e+02 +5.908802521e+02 +1.4398e+00 -3.3738e+00 -3.4509e+00
274 +3.959172807e-02 +3.959172807e-02 +5.908795917e+02 +5.908795917e+02 +1.4675e+00 -3.3864e+00 -3.4453e+00
276 +1.826117904e-02 +1.826117904e-02 +5.908582612e+02 +5.908582612e+02 +1.4591e+00 -3.3291e+00 -3.4457e+00
305 +1.482924520e-02 +1.482924520e-02 +5.908548292e+02 +5.908548292e+02 +1.4829e+00 -3.3917e+00 -3.4978e+00
343 +8.809544151e-03 +8.809544151e-03 +5.908488095e+02 +5.908488095e+02 +1.4731e+00 -3.3605e+00 -3.4776e+00
351 +4.903347595e-03 +4.903347595e-03 +5.908449033e+02 +5.908449033e+02 +1.4692e+00 -3.3566e+00 -3.4890e+00
353 +2.409302360e-03 +2.409302360e-03 +5.908424093e+02 +5.908424093e+02 +1.4591e+00 -3.3500e+00 -3.4906e+00
422 +1.558377756e-03 +1.558377756e-03 +5.908415584e+02 +5.908415584e+02 +1.4515e+00 -3.3436e+00 -3.4881e+00
445 +7.849097736e-04 +7.849097736e-04 +5.908407849e+02 +5.908407849e+02 +1.4533e+00 -3.3402e+00 -3.4927e+00
465 +4.142606526e-04 +4.142606526e-04 +5.908404143e+02 +5.908404143e+02 +1.4503e+00 -3.3428e+00 -3.4964e+00
484 +2.224079607e-04 +2.224079607e-04 +5.908402224e+02 +5.908402224e+02 +1.4492e+00 -3.3410e+00 -3.4980e+00
485 +1.133286601e-04 +1.133286601e-04 +5.908401133e+02 +5.908401133e+02 +1.4467e+00 -3.3395e+00 -3.4972e+00
544 +3.289106166e-05 +3.289106166e-05 +5.908400329e+02 +5.908400329e+02 +1.4468e+00 -3.3376e+00 -3.4977e+00
564 +8.794327982e-06 +8.794327982e-06 +5.908400088e+02 +5.908400088e+02 +1.4460e+00 -3.3371e+00 -3.4983e+00
570 +4.705201604e-06 +4.705201604e-06 +5.908400047e+02 +5.908400047e+02 +1.4458e+00 -3.3366e+00 -3.4982e+00
613 +6.537785566e-07 +6.537785566e-07 +5.908400007e+02 +5.908400007e+02 +1.4458e+00 -3.3361e+00 -3.4983e+00
682 +2.131884003e-07 +2.131884003e-07 +5.908400002e+02 +5.908400002e+02 +1.4457e+00 -3.3360e+00 -3.4983e+00
776 +1.003149919e-07 +1.003149919e-07 +5.908400001e+02 +5.908400001e+02 +1.4456e+00 -3.3360e+00 -3.4983e+00
797 +8.947529295e-08 +8.947529295e-08 +5.908400001e+02 +5.908400001e+02 +1.4456e+00 -3.3360e+00 -3.4984e+00
823 +3.376703717e-08 +3.376703717e-08 +5.908400000e+02 +5.908400000e+02 +1.4456e+00 -3.3360e+00 -3.4984e+00
838 +1.482430889e-08 +1.482430889e-08 +5.908400000e+02 +5.908400000e+02 +1.4456e+00 -3.3360e+00 -3.4984e+00
909 +8.812548913e-09 +8.812548913e-09 +5.908400000e+02 +5.908400000e+02 +1.4456e+00 -3.3360e+00 -3.4984e+00
% function evaluation | noise-free fitness - Fopt (5.908400000000e+02) | best noise-free fitness - Fopt | measured fitness | best measured fitness | x1 | x2...
1 +1.189438980e+05 +1.189438980e+05 +1.195347380e+05 +1.195347380e+05 -2.2812e+00 -3.5560e+00 +3.8613e+00
3 +2.474438918e+04 +2.474438918e+04 +2.533522918e+04 +2.533522918e+04 +1.2871e+00 -1.1993e+00 +3.3358e+00
12 +9.057513780e+03 +9.057513780e+03 +9.648353780e+03 +9.648353780e+03 +1.3837e+00 -2.7562e+00 +3.5141e+00
13 +2.443156589e+02 +2.443156589e+02 +8.351556589e+02 +8.351556589e+02 +5.1205e+00 -8.3156e-01 +7.8362e+00
14 +1.349915842e+02 +1.349915842e+02 +7.258315842e+02 +7.258315842e+02 +2.5236e+00 -2.7639e+00 +3.7502e+00
32 +3.436751674e+01 +3.436751674e+01 +6.252075167e+02 +6.252075167e+02 +4.0473e+00 -5.2011e+00 -1.1286e+00
63 +2.365502631e+01 +2.365502631e+01 +6.144950263e+02 +6.144950263e+02 +2.9849e+00 -7.4364e+00 -3.1401e+00
111 +1.465182782e+01 +1.465182782e+01 +6.054918278e+02 +6.054918278e+02 +3.0687e+00 -5.7929e+00 -2.7260e+00
158 +9.285698330e+00 +9.285698330e+00 +6.001256983e+02 +6.001256983e+02 +2.5291e+00 -5.4096e+00 -3.0478e+00
178 +4.769569925e+00 +4.769569925e+00 +5.956095699e+02 +5.956095699e+02 +1.9361e+00 -4.5840e+00 -2.9759e+00
200 +2.457553055e+00 +2.457553055e+00 +5.932975531e+02 +5.932975531e+02 +2.0963e+00 -3.9043e+00 -3.0899e+00
310 +1.340783058e+00 +1.340783058e+00 +5.921807831e+02 +5.921807831e+02 +1.7403e+00 -3.2781e+00 -2.9337e+00
324 +7.618835203e-01 +7.618835203e-01 +5.916018835e+02 +5.916018835e+02 +1.6581e+00 -2.9989e+00 -2.9887e+00
345 +4.023878984e-01 +4.023878984e-01 +5.912423879e+02 +5.912423879e+02 +1.6281e+00 -3.3283e+00 -3.2050e+00
350 +3.283176572e-01 +3.283176572e-01 +5.911683177e+02 +5.911683177e+02 +1.6456e+00 -3.1494e+00 -3.2448e+00
357 +1.740234537e-01 +1.740234537e-01 +5.910140235e+02 +5.910140235e+02 +1.5902e+00 -3.4634e+00 -3.3845e+00
365 +1.461876519e-01 +1.461876519e-01 +5.909861877e+02 +5.909861877e+02 +1.5568e+00 -3.3786e+00 -3.3568e+00
402 +7.078731406e-02 +7.078731406e-02 +5.909107873e+02 +5.909107873e+02 +1.5174e+00 -3.3579e+00 -3.4037e+00
411 +3.442192525e-02 +3.442192525e-02 +5.908744219e+02 +5.908744219e+02 +1.5120e+00 -3.3722e+00 -3.4596e+00
425 +8.740924535e-03 +8.740924535e-03 +5.908487409e+02 +5.908487409e+02 +1.4606e+00 -3.3643e+00 -3.4768e+00
508 +4.669044965e-03 +4.669044965e-03 +5.908446690e+02 +5.908446690e+02 +1.4587e+00 -3.3634e+00 -3.4876e+00
510 +2.775498550e-03 +2.775498550e-03 +5.908427755e+02 +5.908427755e+02 +1.4543e+00 -3.3402e+00 -3.4809e+00
556 +1.486855029e-03 +1.486855029e-03 +5.908414869e+02 +5.908414869e+02 +1.4532e+00 -3.3326e+00 -3.4844e+00
590 +5.187188038e-04 +5.187188038e-04 +5.908405187e+02 +5.908405187e+02 +1.4520e+00 -3.3348e+00 -3.4921e+00
621 +2.727892600e-04 +2.727892600e-04 +5.908402728e+02 +5.908402728e+02 +1.4473e+00 -3.3414e+00 -3.4960e+00
645 +1.036547494e-04 +1.036547494e-04 +5.908401037e+02 +5.908401037e+02 +1.4472e+00 -3.3396e+00 -3.4974e+00
655 +9.180782456e-05 +9.180782456e-05 +5.908400918e+02 +5.908400918e+02 +1.4473e+00 -3.3399e+00 -3.4980e+00
662 +3.975481479e-05 +3.975481479e-05 +5.908400398e+02 +5.908400398e+02 +1.4463e+00 -3.3353e+00 -3.4965e+00
715 +1.562717307e-05 +1.562717307e-05 +5.908400156e+02 +5.908400156e+02 +1.4464e+00 -3.3367e+00 -3.4978e+00
760 +6.570910386e-06 +6.570910386e-06 +5.908400066e+02 +5.908400066e+02 +1.4460e+00 -3.3364e+00 -3.4979e+00
771 +5.059457521e-06 +5.059457521e-06 +5.908400051e+02 +5.908400051e+02 +1.4460e+00 -3.3361e+00 -3.4979e+00
775 +3.276099051e-06 +3.276099051e-06 +5.908400033e+02 +5.908400033e+02 +1.4459e+00 -3.3357e+00 -3.4979e+00
783 +1.818190867e-06 +1.818190867e-06 +5.908400018e+02 +5.908400018e+02 +1.4458e+00 -3.3357e+00 -3.4980e+00
793 +7.730787956e-07 +7.730787956e-07 +5.908400008e+02 +5.908400008e+02 +1.4457e+00 -3.3360e+00 -3.4982e+00
829 +4.331882337e-07 +4.331882337e-07 +5.908400004e+02 +5.908400004e+02 +1.4457e+00 -3.3361e+00 -3.4983e+00
846 +3.650623057e-07 +3.650623057e-07 +5.908400004e+02 +5.908400004e+02 +1.4457e+00 -3.3360e+00 -3.4983e+00
856 +2.124249932e-07 +2.124249932e-07 +5.908400002e+02 +5.908400002e+02 +1.4457e+00 -3.3360e+00 -3.4983e+00
861 +1.006116008e-07 +1.006116008e-07 +5.908400001e+02 +5.908400001e+02 +1.4456e+00 -3.3360e+00 -3.4984e+00
871 +5.444144335e-08 +5.444144335e-08 +5.908400001e+02 +5.908400001e+02 +1.4456e+00 -3.3360e+00 -3.4984e+00
889 +3.429681783e-08 +3.429681783e-08 +5.908400000e+02 +5.908400000e+02 +1.4456e+00 -3.3360e+00 -3.4984e+00
905 +1.907744718e-08 +1.907744718e-08 +5.908400000e+02 +5.908400000e+02 +1.4456e+00 -3.3360e+00 -3.4984e+00
927 +1.316902853e-08 +1.316902853e-08 +5.908400000e+02 +5.908400000e+02 +1.4456e+00 -3.3360e+00 -3.4984e+00
935 +1.736339073e-09 +1.736339073e-09 +5.908400000e+02 +5.908400000e+02 +1.4456e+00 -3.3360e+00 -3.4984e+00
% function evaluation | noise-free fitness - Fopt (5.908400000000e+02) | best noise-free fitness - Fopt | measured fitness | best measured fitness | x1 | x2...
1 +2.452773706e+03 +2.452773706e+03 +3.043613706e+03 +3.043613706e+03 +1.9374e+00 -2.0739e+00 +7.1013e-01
2 +1.204327196e+02 +1.204327196e+02 +7.112727196e+02 +7.112727196e+02 +2.4670e+00 -2.4984e+00 +2.9908e+00
7 +5.689449321e+01 +5.689449321e+01 +6.477344932e+02 +6.477344932e+02 +5.5616e+00 -2.2127e+00 +7.7738e-02
16 +3.437205012e+01 +3.437205012e+01 +6.252120501e+02 +6.252120501e+02 +3.7772e+00 -3.7397e+00 -3.5402e-01
19 +2.324436034e+01 +2.324436034e+01 +6.140843603e+02 +6.140843603e+02 +1.7622e+00 -3.2807e+00 -9.9554e-01
25 +7.288931051e+00 +7.288931051e+00 +5.981289311e+02 +5.981289311e+02 +2.8437e+00 -4.2033e+00 -2.8467e+00
74 +3.421170378e+00 +3.421170378e+00 +5.942611704e+02 +5.942611704e+02 +2.3407e+00 -3.3001e+00 -2.8512e+00
98 +1.493202365e+00 +1.493202365e+00 +5.923332024e+02 +5.923332024e+02 +1.8837e+00 -2.8072e+00 -2.8243e+00
164 +7.851719099e-01 +7.851719099e-01 +5.916251719e+02 +5.916251719e+02 +1.6993e+00 -3.4055e+00 -3.0837e+00
193 +3.827342702e-01 +3.827342702e-01 +5.912227343e+02 +5.912227343e+02 +1.5100e+00 -3.5126e+00 -3.3061e+00
212 +2.496436493e-01 +2.496436493e-01 +5.910896436e+02 +5.910896436e+02 +1.6496e+00 -3.5007e+00 -3.4300e+00
240 +9.773378764e-02 +9.773378764e-02 +5.909377338e+02 +5.909377338e+02 +1.5249e+00 -3.4461e+00 -3.4138e+00
256 +1.110409615e-02 +1.110409615e-02 +5.908511041e+02 +5.908511041e+02 +1.4714e+00 -3.3644e+00 -3.4717e+00
310 +8.689064751e-03 +8.689064751e-03 +5.908486891e+02 +5.908486891e+02 +1.4777e+00 -3.3455e+00 -3.4781e+00
364 +4.616442293e-03 +4.616442293e-03 +5.908446164e+02 +5.908446164e+02 +1.4654e+00 -3.3527e+00 -3.4855e+00
408 +2.875239762e-03 +2.875239762e-03 +5.908428752e+02 +5.908428752e+02 +1.4591e+00 -3.3595e+00 -3.4931e+00
420 +1.234981113e-03 +1.234981113e-03 +5.908412350e+02 +5.908412350e+02 +1.4521e+00 -3.3276e+00 -3.4849e+00
424 +4.572435641e-04 +4.572435641e-04 +5.908404572e+02 +5.908404572e+02 +1.4512e+00 -3.3423e+00 -3.4972e+00
484 +3.110488183e-04 +3.110488183e-04 +5.908403110e+02 +5.908403110e+02 +1.4510e+00 -3.3382e+00 -3.4956e+00
501 +2.467271420e-04 +2.467271420e-04 +5.908402467e+02 +5.908402467e+02 +1.4496e+00 -3.3370e+00 -3.4951e+00
519 +8.952538542e-05 +8.952538542e-05 +5.908400895e+02 +5.908400895e+02 +1.4468e+00 -3.3375e+00 -3.4963e+00
533 +2.715493963e-05 +2.715493963e-05 +5.908400272e+02 +5.908400272e+02 +1.4468e+00 -3.3374e+00 -3.4983e+00
599 +1.579045147e-05 +1.579045147e-05 +5.908400158e+02 +5.908400158e+02 +1.4465e+00 -3.3368e+00 -3.4979e+00
644 +8.458748994e-06 +8.458748994e-06 +5.908400085e+02 +5.908400085e+02 +1.4463e+00 -3.3361e+00 -3.4979e+00
680 +4.164746770e-06 +4.164746770e-06 +5.908400042e+02 +5.908400042e+02 +1.4460e+00 -3.3364e+00 -3.4981e+00
686 +3.964463076e-06 +3.964463076e-06 +5.908400040e+02 +5.908400040e+02 +1.4460e+00 -3.3366e+00 -3.4985e+00
716 +1.296487085e-06 +1.296487085e-06 +5.908400013e+02 +5.908400013e+02 +1.4458e+00 -3.3364e+00 -3.4984e+00
723 +2.081510502e-07 +2.081510502e-07 +5.908400002e+02 +5.908400002e+02 +1.4457e+00 -3.3359e+00 -3.4983e+00
833 +1.322832759e-07 +1.322832759e-07 +5.908400001e+02 +5.908400001e+02 +1.4456e+00 -3.3360e+00 -3.4983e+00
853 +5.399760994e-08 +5.399760994e-08 +5.908400001e+02 +5.908400001e+02 +1.4456e+00 -3.3360e+00 -3.4984e+00
856 +2.667400167e-08 +2.667400167e-08 +5.908400000e+02 +5.908400000e+02 +1.4456e+00 -3.3360e+00 -3.4984e+00
864 +1.678813533e-08 +1.678813533e-08 +5.908400000e+02 +5.908400000e+02 +1.4456e+00 -3.3360e+00 -3.4984e+00
918 +1.156217877e-08 +1.156217877e-08 +5.908400000e+02 +5.908400000e+02 +1.4456e+00 -3.3360e+00 -3.4984e+00
940 +5.749939191e-09 +5.749939191e-09 +5.908400000e+02 +5.908400000e+02 +1.4456e+00 -3.3360e+00 -3.4984e+00
945 +2.454953574e-09 +2.454953574e-09 +5.908400000e+02 +5.908400000e+02 +1.4456e+00 -3.3360e+00 -3.4984e+00
