% function evaluation | noise-free fitness - Fopt (3.590000000000e+01) | best noise-free fitness - Fopt | measured fitness | best measured fitness | x1 | x2...
1 +5.690031433e+05 +5.690031433e+05 +5.690390433e+05 +5.690390433e+05 +3.5153e+00 +5.9338e-01 +2.7135e+00 -3.4266e+00 +3.4324e+00
9 +3.752698034e+05 +3.752698034e+05 +3.753057034e+05 +3.753057034e+05 +4.6245e+00 -1.8496e+00 +5.4148e-01 -1.7727e+00 +1.8009e+00
11 +9.516218228e+04 +9.516218228e+04 +9.519808228e+04 +9.519808228e+04 +3.0162e+00 -3.9451e-01 +2.4951e+00 +4.7996e-02 -8.2287e-01
26 +2.476582029e+04 +2.476582029e+04 +2.480172029e+04 +2.480172029e+04 -1.2936e+00 -1.8197e+00 +3.5809e+00 -5.9287e-01 -3.1172e+00
34 +5.861080170e+01 +5.861080170e+01 +9.451080170e+01 +9.451080170e+01 -7.1273e-01 -1.1321e+00 +5.1238e+00 +2.1775e+00 -4.8564e+00
196 +3.756290418e+01 +3.756290418e+01 +7.346290418e+01 +7.346290418e+01 +1.0950e-01 -2.6203e-02 +3.2969e+00 +2.7054e-01 -4.3428e+00
259 +2.470155211e+01 +2.470155211e+01 +6.060155211e+01 +6.060155211e+01 +3.6999e-01 -4.5065e-02 +3.7350e+00 +1.0409e+00 -3.6655e+00
298 +1.472118207e+01 +1.472118207e+01 +5.062118207e+01 +5.062118207e+01 +1.4549e+00 -2.8022e-01 +3.5982e+00 +1.9706e+00 -3.6734e+00
355 +7.024261515e+00 +7.024261515e+00 +4.292426152e+01 +4.292426152e+01 +1.6850e+00 +4.2605e-01 +3.4542e+00 +2.4493e+00 -2.6487e+00
413 +3.437187360e+00 +3.437187360e+00 +3.933718736e+01 +3.933718736e+01 +2.0195e+00 +8.1739e-01 +2.9766e+00 +2.8107e+00 -2.2480e+00
472 +2.402990168e+00 +2.402990168e+00 +3.830299017e+01 +3.830299017e+01 +2.1421e+00 +1.0517e+00 +2.6927e+00 +2.8712e+00 -2.0275e+00
497 +1.403766740e+00 +1.403766740e+00 +3.730376674e+01 +3.730376674e+01 +2.3236e+00 +7.0278e-01 +2.8657e+00 +2.9266e+00 -1.9298e+00
571 +9.600132601e-01 +9.600132601e-01 +3.686001326e+01 +3.686001326e+01 +2.3905e+00 +1.0670e+00 +2.8265e+00 +3.2089e+00 -1.7798e+00
574 +5.989800822e-01 +5.989800822e-01 +3.649898008e+01 +3.649898008e+01 +2.4958e+00 +9.8941e-01 +2.7190e+00 +3.1451e+00 -1.7157e+00
589 +2.780582017e-01 +2.780582017e-01 +3.617805820e+01 +3.617805820e+01 +2.6614e+00 +9.1504e-01 +2.7272e+00 +3.2167e+00 -1.6426e+00
643 +1.267554848e-01 +1.267554848e-01 +3.602675548e+01 +3.602675548e+01 +2.6926e+00 +1.2463e+00 +2.5637e+00 +3.4673e+00 -1.5172e+00
681 +7.903531603e-02 +7.903531603e-02 +3.597903532e+01 +3.597903532e+01 +2.7195e+00 +1.1063e+00 +2.5631e+00 +3.4098e+00 -1.5283e+00
749 +4.571532607e-02 +4.571532607e-02 +3.594571533e+01 +3.594571533e+01 +2.7387e+00 +1.1570e+00 +2.5878e+00 +3.4564e+00 -1.5077e+00
762 +3.887346619e-02 +3.887346619e-02 +3.593887347e+01 +3.593887347e+01 +2.7568e+00 +1.1902e+00 +2.5789e+00 +3.4666e+00 -1.4807e+00
772 +1.522084037e-02 +1.522084037e-02 +3.591522084e+01 +3.591522084e+01 +2.7583e+00 +1.1297e+00 +2.5929e+00 +3.4556e+00 -1.4556e+00
829 +8.980730351e-03 +8.980730351e-03 +3.590898073e+01 +3.590898073e+01 +2.7613e+00 +1.1066e+00 +2.6054e+00 +3.4336e+00 -1.4567e+00
897 +4.655068217e-03 +4.655068217e-03 +3.590465507e+01 +3.590465507e+01 +2.7687e+00 +1.0974e+00 +2.5924e+00 +3.4187e+00 -1.4514e+00
973 +3.420164257e-03 +3.420164257e-03 +3.590342016e+01 +3.590342016e+01 +2.7731e+00 +1.1183e+00 +2.5927e+00 +3.4271e+00 -1.4477e+00
1014 +2.361030069e-03 +2.361030069e-03 +3.590236103e+01 +3.590236103e+01 +2.7763e+00 +1.1129e+00 +2.5868e+00 +3.4304e+00 -1.4437e+00
1029 +1.577290636e-03 +1.577290636e-03 +3.590157729e+01 +3.590157729e+01 +2.7746e+00 +1.1142e+00 +2.5910e+00 +3.4279e+00 -1.4405e+00
1046 +8.832775306e-04 +8.832775306e-04 +3.590088328e+01 +3.590088328e+01 +2.7751e+00 +1.1174e+00 +2.5888e+00 +3.4279e+00 -1.4343e+00
1064 +5.470843950e-04 +5.470843950e-04 +3.590054708e+01 +3.590054708e+01 +2.7773e+00 +1.1146e+00 +2.5826e+00 +3.4268e+00 -1.4304e+00
1119 +3.909439109e-04 +3.909439109e-04 +3.590039094e+01 +3.590039094e+01 +2.7769e+00 +1.1194e+00 +2.5865e+00 +3.4267e+00 -1.4288e+00
1280 +2.245244148e-04 +2.245244148e-04 +3.590022452e+01 +3.590022452e+01 +2.7784e+00 +1.1177e+00 +2.5865e+00 +3.4291e+00 -1.4280e+00
1294 +1.330401025e-04 +1.330401025e-04 +3.590013304e+01 +3.590013304e+01 +2.7790e+00 +1.1173e+00 +2.5869e+00 +3.4285e+00 -1.4265e+00
1321 +6.797867987e-05 +6.797867987e-05 +3.590006798e+01 +3.590006798e+01 +2.7796e+00 +1.1160e+00 +2.5868e+00 +3.4273e+00 -1.4268e+00
1334 +4.507176911e-05 +4.507176911e-05 +3.590004507e+01 +3.590004507e+01 +2.7804e+00 +1.1156e+00 +2.5864e+00 +3.4277e+00 -1.4270e+00
1362 +2.934396037e-05 +2.934396037e-05 +3.590002934e+01 +3.590002934e+01 +2.7810e+00 +1.1141e+00 +2.5868e+00 +3.4288e+00 -1.4272e+00
1414 +2.313438220e-05 +2.313438220e-05 +3.590002313e+01 +3.590002313e+01 +2.7806e+00 +1.1145e+00 +2.5868e+00 +3.4281e+00 -1.4268e+00
1446 +1.546674475e-05 +1.546674475e-05 +3.590001547e+01 +3.590001547e+01 +2.7807e+00 +1.1143e+00 +2.5873e+00 +3.4277e+00 -1.4268e+00
1470 +7.169399588e-06 +7.169399588e-06 +3.590000717e+01 +3.590000717e+01 +2.7812e+00 +1.1136e+00 +2.5870e+00 +3.4277e+00 -1.4269e+00
1522 +5.589488040e-06 +5.589488040e-06 +3.590000559e+01 +3.590000559e+01 +2.7813e+00 +1.1138e+00 +2.5868e+00 +3.4279e+00 -1.4267e+00
1526 +3.108669922e-06 +3.108669922e-06 +3.590000311e+01 +3.590000311e+01 +2.7814e+00 +1.1138e+00 +2.5870e+00 +3.4281e+00 -1.4267e+00
1530 +9.597025468e-07 +9.597025468e-07 +3.590000096e+01 +3.590000096e+01 +2.7815e+00 +1.1136e+00 +2.5873e+00 +3.4281e+00 -1.4265e+00
1692 +2.368031176e-07 +2.368031176e-07 +3.590000024e+01 +3.590000024e+01 +2.7815e+00 +1.1137e+00 +2.5872e+00 +3.4280e+00 -1.4264e+00
1704 +9.556506342e-08 +9.556506342e-08 +3.590000010e+01 +3.590000010e+01 +2.7816e+00 +1.1136e+00 +2.5872e+00 +3.4280e+00 -1.4264e+00
1743 +3.990665931e-08 +3.990665931e-08 +3.590000004e+01 +3.590000004e+01 +2.7816e+00 +1.1136e+00 +2.5872e+00 +3.4280e+00 -1.4264e+00
1789 +2.079009676e-08 +2.079009676e-08 +3.590000002e+01 +3.590000002e+01 +2.7816e+00 +1.1136e+00 +2.5872e+00 +3.4280e+00 -1.4264e+00
1937 +1.171940767e-08 +1.171940767e-08 +3.590000001e+01 +3.590000001e+01 +2.7816e+00 +1.1136e+00 +2.5872e+00 +3.4280e+00 -1.4264e+00
1989 +7.080515729e-09 +7.080515729e-09 +3.590000001e+01 +3.590000001e+01 +2.7816e+00 +1.1136e+00 +2.5872e+00 +3.4280e+00 -1.4264e+00
% function evaluation | noise-free fitness - Fopt (3.590000000000e+01) | best noise-free fitness - Fopt | measured fitness | best measured fitness | x1 | x2...
1 +3.360179187e+05 +3.360179187e+05 +3.360538187e+05 +3.360538187e+05 +1.4886e+00 +2.3822e+00 -1.5131e+00 -3.7813e+00 -2.0598e+00
3 +1.932860271e+05 +1.932860271e+05 +1.933219271e+05 +1.933219271e+05 +5.3226e-01 +6.0501e+00 -6.6838e-01 -2.8779e+00 -4.3484e-01
8 +1.020634039e+05 +1.020634039e+05 +1.020993039e+05 +1.020993039e+05 -7.3045e-01 +3.0810e+00 -2.4307e+00 -1.0734e+00 -4.8962e+00
12 +8.619351159e+01 +8.619351159e+01 +1.220935116e+02 +1.220935116e+02 -2.2758e+00 +4.6382e+00 +6.2497e-01 +2.1878e-01 -3.5436e+00
61 +2.317386142e+01 +2.317386142e+01 +5.907386142e+01 +5.907386142e+01 +3.1393e-01 +2.4808e+00 +2.6325e+00 +3.0866e+00 -2.6273e+00
70 +1.501420431e+01 +1.501420431e+01 +5.091420431e+01 +5.091420431e+01 +8.8448e-01 +1.6798e+00 +3.3530e+00 +3.4351e+00 -2.3703e+00
144 +6.270209401e+00 +6.270209401e+00 +4.217020940e+01 +4.217020940e+01 +1.8386e+00 +3.3378e-01 +2.6322e+00 +2.4011e+00 -2.4965e+00
228 +3.521505471e+00 +3.521505471e+00 +3.942150547e+01 +3.942150547e+01 +2.0756e+00 +1.4649e+00 +2.1499e+00 +3.2287e+00 -1.9624e+00
237 +2.426198243e+00 +2.426198243e+00 +3.832619824e+01 +3.832619824e+01 +2.2833e+00 +1.1698e+00 +2.4007e+00 +3.4303e+00 -1.9795e+00
287 +1.418750129e+00 +1.418750129e+00 +3.731875013e+01 +3.731875013e+01 +2.4232e+00 +1.2072e+00 +2.7573e+00 +3.5134e+00 -1.9769e+00
340 +8.055259209e-01 +8.055259209e-01 +3.670552592e+01 +3.670552592e+01 +2.4307e+00 +1.3837e+00 +2.5386e+00 +3.5414e+00 -1.5752e+00
395 +3.187113521e-01 +3.187113521e-01 +3.621871135e+01 +3.621871135e+01 +2.6480e+00 +1.3222e+00 +2.5164e+00 +3.4127e+00 -1.6026e+00
406 +2.270477831e-01 +2.270477831e-01 +3.612704778e+01 +3.612704778e+01 +2.6530e+00 +1.3225e+00 +2.5823e+00 +3.4897e+00 -1.5330e+00
421 +1.475636130e-01 +1.475636130e-01 +3.604756361e+01 +3.604756361e+01 +2.7194e+00 +1.2652e+00 +2.5764e+00 +3.4961e+00 -1.5494e+00
456 +5.810407503e-02 +5.810407503e-02 +3.595810408e+01 +3.595810408e+01 +2.7242e+00 +1.1540e+00 +2.6260e+00 +3.4535e+00 -1.4998e+00
554 +2.510541817e-02 +2.510541817e-02 +3.592510542e+01 +3.592510542e+01 +2.7590e+00 +1.1521e+00 +2.6035e+00 +3.4757e+00 -1.4654e+00
716 +1.420484716e-02 +1.420484716e-02 +3.591420485e+01 +3.591420485e+01 +2.7657e+00 +1.1223e+00 +2.5956e+00 +3.4554e+00 -1.4640e+00
748 +9.107716468e-03 +9.107716468e-03 +3.590910772e+01 +3.590910772e+01 +2.7800e+00 +1.1262e+00 +2.5941e+00 +3.4535e+00 -1.4631e+00
762 +4.666038485e-03 +4.666038485e-03 +3.590466604e+01 +3.590466604e+01 +2.7771e+00 +1.1165e+00 +2.5937e+00 +3.4407e+00 -1.4527e+00
779 +2.690539493e-03 +2.690539493e-03 +3.590269054e+01 +3.590269054e+01 +2.7733e+00 +1.1202e+00 +2.5936e+00 +3.4391e+00 -1.4393e+00
797 +2.218445504e-03 +2.218445504e-03 +3.590221845e+01 +3.590221845e+01 +2.7738e+00 +1.1188e+00 +2.5841e+00 +3.4355e+00 -1.4365e+00
817 +1.407174526e-03 +1.407174526e-03 +3.590140717e+01 +3.590140717e+01 +2.7752e+00 +1.1140e+00 +2.5852e+00 +3.4299e+00 -1.4373e+00
835 +4.959064968e-04 +4.959064968e-04 +3.590049591e+01 +3.590049591e+01 +2.7775e+00 +1.1210e+00 +2.5857e+00 +3.4310e+00 -1.4289e+00
923 +2.711346096e-04 +2.711346096e-04 +3.590027113e+01 +3.590027113e+01 +2.7780e+00 +1.1147e+00 +2.5872e+00 +3.4265e+00 -1.4307e+00
944 +2.485266361e-04 +2.485266361e-04 +3.590024853e+01 +3.590024853e+01 +2.7782e+00 +1.1130e+00 +2.5874e+00 +3.4251e+00 -1.4304e+00
961 +1.356170420e-04 +1.356170420e-04 +3.590013562e+01 +3.590013562e+01 +2.7786e+00 +1.1146e+00 +2.5873e+00 +3.4261e+00 -1.4286e+00
1033 +9.713117626e-05 +9.713117626e-05 +3.590009713e+01 +3.590009713e+01 +2.7792e+00 +1.1133e+00 +2.5863e+00 +3.4265e+00 -1.4279e+00
1068 +5.314292697e-05 +5.314292697e-05 +3.590005314e+01 +3.590005314e+01 +2.7809e+00 +1.1141e+00 +2.5864e+00 +3.4286e+00 -1.4280e+00
1107 +2.910325141e-05 +2.910325141e-05 +3.590002910e+01 +3.590002910e+01 +2.7811e+00 +1.1135e+00 +2.5868e+00 +3.4282e+00 -1.4277e+00
1140 +8.282789494e-06 +8.282789494e-06 +3.590000828e+01 +3.590000828e+01 +2.7815e+00 +1.1140e+00 +2.5868e+00 +3.4284e+00 -1.4269e+00
1256 +4.380610584e-06 +4.380610584e-06 +3.590000438e+01 +3.590000438e+01 +2.7814e+00 +1.1137e+00 +2.5870e+00 +3.4280e+00 -1.4268e+00
1285 +3.715125636e-06 +3.715125636e-06 +3.590000372e+01 +3.590000372e+01 +2.7814e+00 +1.1139e+00 +2.5871e+00 +3.4280e+00 -1.4268e+00
1314 +2.410892883e-06 +2.410892883e-06 +3.590000241e+01 +3.590000241e+01 +2.7814e+00 +1.1135e+00 +2.5873e+00 +3.4279e+00 -1.4268e+00
1370 +1.558907115e-06 +1.558907115e-06 +3.590000156e+01 +3.590000156e+01 +2.7814e+00 +1.1135e+00 +2.5873e+00 +3.4279e+00 -1.4267e+00
1403 +9.135022978e-07 +9.135022978e-07 +3.590000091e+01 +3.590000091e+01 +2.7815e+00 +1.1136e+00 +2.5872e+00 +3.4280e+00 -1.4266e+00
1420 +5.128128535e-07 +5.128128535e-07 +3.590000051e+01 +3.590000051e+01 +2.7815e+00 +1.1137e+00 +2.5872e+00 +3.4280e+00 -1.4265e+00
1454 +7.342901398e-08 +7.342901398e-08 +3.590000007e+01 +3.590000007e+01 +2.7816e+00 +1.1136e+00 +2.5872e+00 +3.4280e+00 -1.4264e+00
1546 +5.790770530e-08 +5.790770530e-08 +3.590000006e+01 +3.590000006e+01 +2.7816e+00 +1.1136e+00 +2.5872e+00 +3.4280e+00 -1.4264e+00
1569 +3.385297020e-08 +3.385297020e-08 +3.590000003e+01 +3.590000003e+01 +2.7816e+00 +1.1136e+00 +2.5872e+00 +3.4280e+00 -1.4264e+00
1603 +2.499338336e-08 +2.499338336e-08 +3.590000002e+01 +3.590000002e+01 +2.7816e+00 +1.1136e+00 +2.5872e+00 +3.4280e+00 -1.4264e+00
1613 +1.105694025e-08 +1.105694025e-08 +3.590000001e+01 +3.590000001e+01 +2.7816e+00 +1.1136e+00 +2.5872e+00 +3.4280e+00 -1.4264e+00
1636 +5.515232715e-09 +5.515232715e-09 +3.590000001e+01 +3.590000001e+01 +2.7816e+00 +1.1136e+00 +2.5872e+00 +3.4280e+00 -1.4264e+00
% function evaluation | noise-free fitness - Fopt (3.590000000000e+01) | best noise-free fitness - Fopt | measured fitness | best measured fitness | x1 | x2...
1 +2.283651598e+05 +2.283651598e+05 +2.284010598e+05 +2.284010598e+05 +5.6683e-01 +1.3276e+00 +3.5171e-01 -2.3825e+00 +2.5047e+00
2 +1.165602933e+05 +1.165602933e+05 +1.165961933e+05 +1.165961933e+05 +7.2754e-01 +3.3007e+00 +4.0046e-01 -1.9382e+00 -1.1155e+00
11 +9.347013505e+04 +9.347013505e+04 +9.350603505e+04 +9.350603505e+04 -7.9093e-01 +1.1266e+00 +1.3120e+00 -3.6379e+00 -2.4069e+00
12 +3.665489055e+04 +3.665489055e+04 +3.669079055e+04 +3.669079055e+04 -2.9891e+00 +2.5944e+00 +2.3207e+00 +1.9419e-01 -1.4783e+00
14 +3.095718914e+03 +3.095718914e+03 +3.131618914e+03 +3.131618914e+03 -8.5608e-01 +2.5030e+00 -6.5821e-01 +1.1222e+00 -5.1371e+00
18 +1.928147477e+03 +1.928147477e+03 +1.964047477e+03 +1.964047477e+03 +8.0656e-01 -3.9787e-03 +2.0390e-01 +2.0973e+00 -3.0774e+00
26 +1.202245908e+02 +1.202245908e+02 +1.561245908e+02 +1.561245908e+02 -1.0215e+00 +2.3124e+00 +3.4998e+00 +7.3034e+00 -5.3266e+00
64 +5.352090834e+01 +5.352090834e+01 +8.942090834e+01 +8.942090834e+01 -1.3340e-01 +1.8880e+00 +3.8393e+00 +5.1366e+00 -2.8681e+00
124 +3.970341017e+01 +3.970341017e+01 +7.560341017e+01 +7.560341017e+01 +1.2282e+00 +4.0014e+00 +2.2274e+00 +5.3527e+00 -4.0735e+00
143 +2.269984304e+01 +2.269984304e+01 +5.859984304e+01 +5.859984304e+01 +1.4232e+00 +3.1262e+00 +2.0881e+00 +4.3023e+00 -3.3174e+00
208 +1.506838250e+01 +1.506838250e+01 +5.096838250e+01 +5.096838250e+01 +5.9421e-01 +2.6323e+00 +2.0747e+00 +2.7291e+00 -1.9491e+00
290 +9.693836501e+00 +9.693836501e+00 +4.559383650e+01 +4.559383650e+01 +1.4138e+00 +2.6839e+00 +2.1063e+00 +3.3601e+00 -1.9824e+00
354 +3.868226116e+00 +3.868226116e+00 +3.976822612e+01 +3.976822612e+01 +1.9904e+00 +2.3438e+00 +2.1636e+00 +3.1646e+00 -1.4129e+00
434 +2.415911396e+00 +2.415911396e+00 +3.831591140e+01 +3.831591140e+01 +2.1124e+00 +1.7785e+00 +2.1831e+00 +3.1405e+00 -1.5043e+00
473 +1.399134423e+00 +1.399134423e+00 +3.729913442e+01 +3.729913442e+01 +2.3247e+00 +1.7135e+00 +2.3409e+00 +3.2518e+00 -1.5972e+00
505 +9.572767982e-01 +9.572767982e-01 +3.685727680e+01 +3.685727680e+01 +2.4047e+00 +1.6479e+00 +2.4094e+00 +3.3522e+00 -1.5006e+00
557 +4.377467345e-01 +4.377467345e-01 +3.633774673e+01 +3.633774673e+01 +2.5128e+00 +1.4189e+00 +2.4773e+00 +3.3947e+00 -1.4840e+00
583 +3.768345936e-01 +3.768345936e-01 +3.627683459e+01 +3.627683459e+01 +2.5544e+00 +1.3349e+00 +2.5275e+00 +3.4317e+00 -1.5432e+00
610 +1.879272937e-01 +1.879272937e-01 +3.608792729e+01 +3.608792729e+01 +2.6499e+00 +1.2935e+00 +2.4922e+00 +3.3694e+00 -1.4973e+00
613 +1.459181430e-01 +1.459181430e-01 +3.604591814e+01 +3.604591814e+01 +2.6740e+00 +1.3050e+00 +2.5198e+00 +3.4315e+00 -1.4743e+00
642 +9.963482617e-02 +9.963482617e-02 +3.599963483e+01 +3.599963483e+01 +2.6738e+00 +1.2127e+00 +2.5220e+00 +3.4329e+00 -1.4624e+00
682 +6.034902218e-02 +6.034902218e-02 +3.596034902e+01 +3.596034902e+01 +2.6961e+00 +1.1565e+00 +2.5369e+00 +3.3828e+00 -1.4614e+00
695 +2.991023752e-02 +2.991023752e-02 +3.592991024e+01 +3.592991024e+01 +2.7418e+00 +1.1767e+00 +2.5656e+00 +3.4425e+00 -1.4677e+00
715 +2.356902200e-02 +2.356902200e-02 +3.592356902e+01 +3.592356902e+01 +2.7527e+00 +1.1599e+00 +2.5974e+00 +3.4626e+00 -1.4631e+00
722 +2.642995263e-03 +2.642995263e-03 +3.590264300e+01 +3.590264300e+01 +2.7723e+00 +1.1214e+00 +2.5933e+00 +3.4398e+00 -1.4303e+00
834 +1.808667505e-03 +1.808667505e-03 +3.590180867e+01 +3.590180867e+01 +2.7723e+00 +1.1291e+00 +2.5837e+00 +3.4292e+00 -1.4331e+00
903 +1.514314853e-03 +1.514314853e-03 +3.590151431e+01 +3.590151431e+01 +2.7729e+00 +1.1200e+00 +2.5779e+00 +3.4247e+00 -1.4305e+00
913 +9.674502362e-04 +9.674502362e-04 +3.590096745e+01 +3.590096745e+01 +2.7743e+00 +1.1169e+00 +2.5807e+00 +3.4246e+00 -1.4297e+00
920 +3.285734108e-05 +3.285734108e-05 +3.590003286e+01 +3.590003286e+01 +2.7807e+00 +1.1152e+00 +2.5872e+00 +3.4288e+00 -1.4272e+00
1139 +1.831367368e-05 +1.831367368e-05 +3.590001831e+01 +3.590001831e+01 +2.7814e+00 +1.1137e+00 +2.5874e+00 +3.4280e+00 -1.4277e+00
1213 +1.519234089e-05 +1.519234089e-05 +3.590001519e+01 +3.590001519e+01 +2.7809e+00 +1.1135e+00 +2.5874e+00 +3.4278e+00 -1.4273e+00
1255 +7.720142783e-06 +7.720142783e-06 +3.590000772e+01 +3.590000772e+01 +2.7813e+00 +1.1131e+00 +2.5875e+00 +3.4276e+00 -1.4271e+00
1347 +5.583785786e-06 +5.583785786e-06 +3.590000558e+01 +3.590000558e+01 +2.7812e+00 +1.1133e+00 +2.5874e+00 +3.4275e+00 -1.4269e+00
1384 +3.249160557e-06 +3.249160557e-06 +3.590000325e+01 +3.590000325e+01 +2.7814e+00 +1.1133e+00 +2.5872e+00 +3.4278e+00 -1.4268e+00
1427 +1.806342645e-06 +1.806342645e-06 +3.590000181e+01 +3.590000181e+01 +2.7814e+00 +1.1137e+00 +2.5872e+00 +3.4280e+00 -1.4267e+00
1481 +1.543202352e-06 +1.543202352e-06 +3.590000154e+01 +3.590000154e+01 +2.7814e+00 +1.1135e+00 +2.5872e+00 +3.4279e+00 -1.4266e+00
1495 +9.643888248e-07 +9.643888248e-07 +3.590000096e+01 +3.590000096e+01 +2.7815e+00 +1.1136e+00 +2.5872e+00 +3.4280e+00 -1.4266e+00
1535 +5.920206405e-07 +5.920206405e-07 +3.590000059e+01 +3.590000059e+01 +2.7815e+00 +1.1136e+00 +2.5872e+00 +3.4280e+00 -1.4265e+00
1542 +3.559682469e-07 +3.559682469e-07 +3.590000036e+01 +3.590000036e+01 +2.7815e+00 +1.1136e+00 +2.5872e+00 +3.4280e+00 -1.4265e+00
1589 +1.878564504e-07 +1.878564504e-07 +3.590000019e+01 +3.590000019e+01 +2.7816e+00 +1.1136e+00 +2.5872e+00 +3.4280e+00 -1.4265e+00
1595 +1.085348629e-07 +1.085348629e-07 +3.590000011e+01 +3.590000011e+01 +2.7816e+00 +1.1136e+00 +2.5872e+00 +3.4280e+00 -1.4265e+00
1666 +7.116647538e-08 +7.116647538e-08 +3.590000007e+01 +3.590000007e+01 +2.7816e+00 +1.1136e+00 +2.5872e+00 +3.4280e+00 -1.4265e+00
1671 +6.043757139e-08 +6.043757139e-08 +3.590000006e+01 +3.590000006e+01 +2.7816e+00 +1.1136e+00 +2.5872e+00 +3.4280e+00 -1.4264e+00
1689 +2.787811582e-08 +2.787811582e-08 +3.590000003e+01 +3.590000003e+01 +2.7816e+00 +1.1136e+00 +2.5872e+00 +3.4280e+00 -1.4264e+00
1710 +2.387155007e-08 +2.387155007e-08 +3.590000002e+01 +3.590000002e+01 +2.7816e+00 +1.1136e+00 +2.5872e+00 +3.4280e+00 -1.4264e+00
1739 +7.508567990e-09 +7.508567990e-09 +3.590000001e+01 +3.590000001e+01 +2.7816e+00 +1.1136e+00 +2.5872e+00 +3.4280e+00 -1.4264e+00
% function evaluation | noise-free fitness - Fopt (3.137000000000e+01) | best noise-free fitness - Fopt | measured fitness | best measured fitness | x1 | x2...
1 +5.544505806e+05 +5.544505806e+05 +5.544819506e+05 +5.544819506e+05 -6.9916e-01 +3.8776e+00 +3.0735e+00 +2.4865e+00 -3.9286e+00
3 +2.954117048e+05 +2.954117048e+05 +2.954430748e+05 +2.954430748e+05 -3.1324e+00 -5.7577e-01 +4.0752e+00 +3.3466e+00 -5.0174e+00
11 +1.370077777e+05 +1.370077777e+05 +1.370391477e+05 +1.370391477e+05 -9.9768e-01 -8.3191e-01 +8.5373e-01 +3.8340e+00 -4.8786e+00
15 +1.916223804e+04 +1.916223804e+04 +1.919360804e+04 +1.919360804e+04 -4.4128e+00 -1.9755e-01 +9.7015e-01 +1.3969e-01 -4.6519e+00
21 +1.164950588e+02 +1.164950588e+02 +1.478650588e+02 +1.478650588e+02 -2.8142e+00 -2.5710e+00 -1.8945e+00 +9.7004e-01 -6.7070e+00
115 +9.402342478e+01 +9.402342478e+01 +1.253934248e+02 +1.253934248e+02 -2.2049e+00 -4.9421e-01 -2.7750e+00 -1.8197e+00 -3.2981e+00
119 +3.967033181e+01 +3.967033181e+01 +7.104033181e+01 +7.104033181e+01 +2.8926e-01 -1.2484e+00 -3.6612e+00 +5.6818e-01 -2.2252e+00
151 +2.382916294e+01 +2.382916294e+01 +5.519916294e+01 +5.519916294e+01 -2.1531e-01 -1.3638e+00 -3.3808e+00 +1.9294e+00 -2.6465e+00
245 +1.529187373e+01 +1.529187373e+01 +4.666187373e+01 +4.666187373e+01 -6.0105e-01 -1.6348e-01 -3.3344e+00 +2.0583e+00 -1.8245e+00
279 +8.706437230e+00 +8.706437230e+00 +4.007643723e+01 +4.007643723e+01 -1.7306e-03 +3.6793e-01 -3.7072e+00 +2.6712e+00 -1.6529e+00
348 +4.734061647e+00 +4.734061647e+00 +3.610406165e+01 +3.610406165e+01 -3.7152e-01 +9.8917e-01 -3.3485e+00 +2.6965e+00 -2.1537e+00
354 +2.910097219e+00 +2.910097219e+00 +3.428009722e+01 +3.428009722e+01 -2.8705e-01 +1.4099e+00 -3.5037e+00 +3.0248e+00 -1.6218e+00
374 +2.483378930e+00 +2.483378930e+00 +3.385337893e+01 +3.385337893e+01 -3.9836e-01 +1.5051e+00 -3.4174e+00 +3.0739e+00 -1.7080e+00
401 +1.362996048e+00 +1.362996048e+00 +3.273299605e+01 +3.273299605e+01 -5.2421e-01 +1.6423e+00 -3.6949e+00 +3.2120e+00 -2.0248e+00
406 +9.538608013e-01 +9.538608013e-01 +3.232386080e+01 +3.232386080e+01 -1.9213e-01 +1.3217e+00 -3.8959e+00 +3.4585e+00 -2.0297e+00
533 +6.116703624e-01 +6.116703624e-01 +3.198167036e+01 +3.198167036e+01 -1.7384e-01 +1.8562e+00 -4.0116e+00 +3.3828e+00 -1.7320e+00
545 +3.737056358e-01 +3.737056358e-01 +3.174370564e+01 +3.174370564e+01 -1.1959e-01 +1.9610e+00 -4.1141e+00 +3.4512e+00 -1.8226e+00
547 +1.952747914e-01 +1.952747914e-01 +3.156527479e+01 +3.156527479e+01 -1.8080e-01 +1.9066e+00 -4.0474e+00 +3.5576e+00 -1.8211e+00
613 +1.558791792e-01 +1.558791792e-01 +3.152587918e+01 +3.152587918e+01 -2.6147e-01 +1.9000e+00 -3.9112e+00 +3.5465e+00 -1.9739e+00
686 +7.263506265e-02 +7.263506265e-02 +3.144263506e+01 +3.144263506e+01 -2.3095e-01 +1.7985e+00 -3.9212e+00 +3.6426e+00 -1.9461e+00
693 +5.615511632e-02 +5.615511632e-02 +3.142615512e+01 +3.142615512e+01 -2.7591e-01 +1.8196e+00 -3.8648e+00 +3.6329e+00 -1.9389e+00
734 +2.987330316e-02 +2.987330316e-02 +3.139987330e+01 +3.139987330e+01 -2.5152e-01 +1.8514e+00 -3.8863e+00 +3.6570e+00 -1.9424e+00
741 +2.306608230e-02 +2.306608230e-02 +3.139306608e+01 +3.139306608e+01 -2.2060e-01 +1.8688e+00 -3.9211e+00 +3.6730e+00 -1.9245e+00
766 +1.443131165e-02 +1.443131165e-02 +3.138443131e+01 +3.138443131e+01 -2.6188e-01 +1.8791e+00 -3.8869e+00 +3.6785e+00 -1.9398e+00
802 +8.779780847e-03 +8.779780847e-03 +3.137877978e+01 +3.137877978e+01 -2.6697e-01 +1.8838e+00 -3.8785e+00 +3.6901e+00 -1.9078e+00
813 +3.234066142e-03 +3.234066142e-03 +3.137323407e+01 +3.137323407e+01 -2.8123e-01 +1.8917e+00 -3.8762e+00 +3.7037e+00 -1.9238e+00
1001 +2.475639943e-03 +2.475639943e-03 +3.137247564e+01 +3.137247564e+01 -2.7530e-01 +1.8845e+00 -3.8853e+00 +3.7125e+00 -1.9168e+00
1030 +1.462336621e-03 +1.462336621e-03 +3.137146234e+01 +3.137146234e+01 -2.7103e-01 +1.8867e+00 -3.8910e+00 +3.7182e+00 -1.9184e+00
1068 +9.448639586e-04 +9.448639586e-04 +3.137094486e+01 +3.137094486e+01 -2.7109e-01 +1.8890e+00 -3.8912e+00 +3.7221e+00 -1.9202e+00
1320 +5.583301733e-04 +5.583301733e-04 +3.137055833e+01 +3.137055833e+01 -2.7130e-01 +1.8916e+00 -3.8902e+00 +3.7231e+00 -1.9202e+00
1394 +3.752452607e-04 +3.752452607e-04 +3.137037525e+01 +3.137037525e+01 -2.7239e-01 +1.8926e+00 -3.8877e+00 +3.7218e+00 -1.9218e+00
1435 +2.468449596e-04 +2.468449596e-04 +3.137024684e+01 +3.137024684e+01 -2.7300e-01 +1.8929e+00 -3.8842e+00 +3.7206e+00 -1.9235e+00
1445 +1.488623966e-04 +1.488623966e-04 +3.137014886e+01 +3.137014886e+01 -2.7098e-01 +1.8930e+00 -3.8844e+00 +3.7209e+00 -1.9232e+00
1453 +9.423269485e-05 +9.423269485e-05 +3.137009423e+01 +3.137009423e+01 -2.7279e-01 +1.8949e+00 -3.8835e+00 +3.7208e+00 -1.9215e+00
1516 +6.034097767e-05 +6.034097767e-05 +3.137006034e+01 +3.137006034e+01 -2.7099e-01 +1.8961e+00 -3.8860e+00 +3.7216e+00 -1.9203e+00
1621 +2.965683313e-05 +2.965683313e-05 +3.137002966e+01 +3.137002966e+01 -2.7193e-01 +1.8964e+00 -3.8847e+00 +3.7221e+00 -1.9213e+00
1639 +1.493430368e-05 +1.493430368e-05 +3.137001493e+01 +3.137001493e+01 -2.7211e-01 +1.8962e+00 -3.8840e+00 +3.7225e+00 -1.9214e+00
1707 +6.781620872e-06 +6.781620872e-06 +3.137000678e+01 +3.137000678e+01 -2.7158e-01 +1.8966e+00 -3.8845e+00 +3.7226e+00 -1.9208e+00
1766 +5.382957223e-06 +5.382957223e-06 +3.137000538e+01 +3.137000538e+01 -2.7167e-01 +1.8966e+00 -3.8844e+00 +3.7227e+00 -1.9208e+00
1768 +3.846603633e-06 +3.846603633e-06 +3.137000385e+01 +3.137000385e+01 -2.7182e-01 +1.8968e+00 -3.8843e+00 +3.7227e+00 -1.9208e+00
1807 +2.105504571e-06 +2.105504571e-06 +3.137000211e+01 +3.137000211e+01 -2.7178e-01 +1.8969e+00 -3.8843e+00 +3.7228e+00 -1.9207e+00
1850 +7.581268875e-07 +7.581268875e-07 +3.137000076e+01 +3.137000076e+01 -2.7198e-01 +1.8968e+00 -3.8840e+00 +3.7230e+00 -1.9207e+00
1897 +4.848504318e-07 +4.848504318e-07 +3.137000048e+01 +3.137000048e+01 -2.7198e-01 +1.8968e+00 -3.8840e+00 +3.7230e+00 -1.9208e+00
1919 +3.346657920e-07 +3.346657920e-07 +3.137000033e+01 +3.137000033e+01 -2.7194e-01 +1.8968e+00 -3.8840e+00 +3.7231e+00 -1.9207e+00
1971 +1.926452846e-07 +1.926452846e-07 +3.137000019e+01 +3.137000019e+01 -2.7199e-01 +1.8967e+00 -3.8840e+00 +3.7232e+00 -1.9208e+00
1976 +1.117935220e-07 +1.117935220e-07 +3.137000011e+01 +3.137000011e+01 -2.7195e-01 +1.8968e+00 -3.8841e+00 +3.7232e+00 -1.9208e+00
2073 +8.991162304e-08 +8.991162304e-08 +3.137000009e+01 +3.137000009e+01 -2.7199e-01 +1.8967e+00 -3.8840e+00 +3.7232e+00 -1.9208e+00
2094 +2.006460065e-08 +2.006460065e-08 +3.137000002e+01 +3.137000002e+01 -2.7200e-01 +1.8968e+00 -3.8840e+00 +3.7232e+00 -1.9208e+00
2161 +1.107936853e-08 +1.107936853e-08 +3.137000001e+01 +3.137000001e+01 -2.7199e-01 +1.8968e+00 -3.8840e+00 +3.7232e+00 -1.9208e+00
2182 +6.050974832e-09 +6.050974832e-09 +3.137000001e+01 +3.137000001e+01 -2.7200e-01 +1.8968e+00 -3.8840e+00 +3.7232e+00 -1.9208e+00
% function evaluation | noise-free fitness - Fopt (3.137000000000e+01) | best noise-free fitness - Fopt | measured fitness | best measured fitness | x1 | x2...
1 +1.600075993e+02 +1.600075993e+02 +1.913775993e+02 +1.913775993e+02 +2.0827e+00 -3.5377e+00 -3.5559e+00 -3.0176e+00 -2.0128e-03
5 +1.433573788e+02 +1.433573788e+02 +1.747273788e+02 +1.747273788e+02 +5.6214e-01 -4.2237e+00 -7.4841e+00 -1.1841e+00 -4.2109e+00
9 +7.560775759e+01 +7.560775759e+01 +1.069777576e+02 +1.069777576e+02 -1.7450e-01 -2.9025e+00 -3.7124e+00 -3.4142e-01 -1.5066e+00
17 +5.823803946e+01 +5.823803946e+01 +8.960803946e+01 +8.960803946e+01 -4.8858e-01 -1.8031e+00 -4.7664e+00 +3.0792e-01 -2.3396e+00
60 +2.482621193e+01 +2.482621193e+01 +5.619621193e+01 +5.619621193e+01 +2.7850e-01 -1.0117e+00 -4.2261e+00 +1.6750e+00 -1.8075e+00
79 +1.495376406e+01 +1.495376406e+01 +4.632376406e+01 +4.632376406e+01 +1.1230e+00 +5.5760e-01 -4.8786e+00 +1.8082e+00 -1.5099e+00
96 +6.810632794e+00 +6.810632794e+00 +3.818063279e+01 +3.818063279e+01 +1.0178e-01 +7.8104e-01 -4.2350e+00 +2.5424e+00 -1.8398e+00
152 +6.128854551e+00 +6.128854551e+00 +3.749885455e+01 +3.749885455e+01 -8.0054e-01 +1.2184e+00 -3.7017e+00 +2.6918e+00 -1.8891e+00
196 +3.943786698e+00 +3.943786698e+00 +3.531378670e+01 +3.531378670e+01 -6.3905e-01 +1.0404e+00 -3.8855e+00 +3.1951e+00 -2.4940e+00
228 +2.482882507e+00 +2.482882507e+00 +3.385288251e+01 +3.385288251e+01 -2.0403e-01 +1.4117e+00 -4.0546e+00 +3.0452e+00 -2.2380e+00
242 +1.344078911e+00 +1.344078911e+00 +3.271407891e+01 +3.271407891e+01 +5.9838e-02 +1.3254e+00 -4.0811e+00 +3.4298e+00 -2.1633e+00
268 +9.493608453e-01 +9.493608453e-01 +3.231936085e+01 +3.231936085e+01 -1.8655e-01 +1.7250e+00 -3.9833e+00 +3.2493e+00 -1.7882e+00
323 +4.619482926e-01 +4.619482926e-01 +3.183194829e+01 +3.183194829e+01 -2.1629e-01 +1.6130e+00 -3.8179e+00 +3.4626e+00 -2.0823e+00
332 +1.681209207e-01 +1.681209207e-01 +3.153812092e+01 +3.153812092e+01 -3.1874e-01 +1.7535e+00 -3.8427e+00 +3.5847e+00 -2.0271e+00
359 +1.453804768e-01 +1.453804768e-01 +3.151538048e+01 +3.151538048e+01 -2.0359e-01 +1.7866e+00 -4.0114e+00 +3.6262e+00 -1.9537e+00
370 +8.002387101e-02 +8.002387101e-02 +3.145002387e+01 +3.145002387e+01 -2.4909e-01 +1.8316e+00 -3.9716e+00 +3.6556e+00 -1.9410e+00
427 +5.129218443e-02 +5.129218443e-02 +3.142129218e+01 +3.142129218e+01 -2.4095e-01 +1.7932e+00 -3.9112e+00 +3.6638e+00 -1.9514e+00
462 +3.387991390e-02 +3.387991390e-02 +3.140387991e+01 +3.140387991e+01 -2.8977e-01 +1.8322e+00 -3.8782e+00 +3.6715e+00 -1.9373e+00
479 +2.430101294e-02 +2.430101294e-02 +3.139430101e+01 +3.139430101e+01 -2.5406e-01 +1.8532e+00 -3.9279e+00 +3.6871e+00 -1.9348e+00
544 +1.457641554e-02 +1.457641554e-02 +3.138457642e+01 +3.138457642e+01 -2.5046e-01 +1.8725e+00 -3.8956e+00 +3.6832e+00 -1.9419e+00
590 +9.695646130e-03 +9.695646130e-03 +3.137969565e+01 +3.137969565e+01 -2.7327e-01 +1.8977e+00 -3.8837e+00 +3.6808e+00 -1.9220e+00
633 +5.151137110e-03 +5.151137110e-03 +3.137515114e+01 +3.137515114e+01 -2.7444e-01 +1.8885e+00 -3.8871e+00 +3.6962e+00 -1.9216e+00
693 +3.545842497e-03 +3.545842497e-03 +3.137354584e+01 +3.137354584e+01 -2.7787e-01 +1.8852e+00 -3.8818e+00 +3.7072e+00 -1.9322e+00
725 +2.502092168e-03 +2.502092168e-03 +3.137250209e+01 +3.137250209e+01 -2.8386e-01 +1.8867e+00 -3.8745e+00 +3.7108e+00 -1.9285e+00
798 +1.455887320e-03 +1.455887320e-03 +3.137145589e+01 +3.137145589e+01 -2.7686e-01 +1.8961e+00 -3.8814e+00 +3.7109e+00 -1.9241e+00
872 +9.581642820e-04 +9.581642820e-04 +3.137095816e+01 +3.137095816e+01 -2.6492e-01 +1.8985e+00 -3.8901e+00 +3.7125e+00 -1.9206e+00
903 +5.365541429e-04 +5.365541429e-04 +3.137053655e+01 +3.137053655e+01 -2.7088e-01 +1.8962e+00 -3.8868e+00 +3.7152e+00 -1.9203e+00
992 +1.754887776e-04 +1.754887776e-04 +3.137017549e+01 +3.137017549e+01 -2.7235e-01 +1.8954e+00 -3.8848e+00 +3.7194e+00 -1.9213e+00
1010 +1.438136169e-04 +1.438136169e-04 +3.137014381e+01 +3.137014381e+01 -2.7078e-01 +1.8964e+00 -3.8858e+00 +3.7199e+00 -1.9220e+00
1071 +8.645031319e-05 +8.645031319e-05 +3.137008645e+01 +3.137008645e+01 -2.7215e-01 +1.8971e+00 -3.8848e+00 +3.7208e+00 -1.9215e+00
1118 +5.947303969e-05 +5.947303969e-05 +3.137005947e+01 +3.137005947e+01 -2.7128e-01 +1.8974e+00 -3.8848e+00 +3.7208e+00 -1.9207e+00
1160 +3.193016997e-05 +3.193016997e-05 +3.137003193e+01 +3.137003193e+01 -2.7164e-01 +1.8969e+00 -3.8844e+00 +3.7214e+00 -1.9206e+00
1187 +2.246981638e-05 +2.246981638e-05 +3.137002247e+01 +3.137002247e+01 -2.7194e-01 +1.8969e+00 -3.8843e+00 +3.7218e+00 -1.9206e+00
1209 +1.432115670e-05 +1.432115670e-05 +3.137001432e+01 +3.137001432e+01 -2.7138e-01 +1.8971e+00 -3.8848e+00 +3.7222e+00 -1.9207e+00
1216 +8.588153705e-06 +8.588153705e-06 +3.137000859e+01 +3.137000859e+01 -2.7202e-01 +1.8964e+00 -3.8843e+00 +3.7227e+00 -1.9209e+00
1313 +6.061664379e-06 +6.061664379e-06 +3.137000606e+01 +3.137000606e+01 -2.7170e-01 +1.8963e+00 -3.8845e+00 +3.7229e+00 -1.9209e+00
1337 +3.920669158e-06 +3.920669158e-06 +3.137000392e+01 +3.137000392e+01 -2.7180e-01 +1.8964e+00 -3.8843e+00 +3.7229e+00 -1.9209e+00
1351 +1.149971268e-06 +1.149971268e-06 +3.137000115e+01 +3.137000115e+01 -2.7196e-01 +1.8966e+00 -3.8841e+00 +3.7230e+00 -1.9208e+00
1401 +8.770678903e-07 +8.770678903e-07 +3.137000088e+01 +3.137000088e+01 -2.7197e-01 +1.8968e+00 -3.8840e+00 +3.7230e+00 -1.9207e+00
1440 +5.903333502e-07 +5.903333502e-07 +3.137000059e+01 +3.137000059e+01 -2.7192e-01 +1.8967e+00 -3.8841e+00 +3.7231e+00 -1.9208e+00
1463 +3.447922019e-07 +3.447922019e-07 +3.137000034e+01 +3.137000034e+01 -2.7194e-01 +1.8967e+00 -3.8840e+00 +3.7231e+00 -1.9208e+00
1500 +1.864581911e-07 +1.864581911e-07 +3.137000019e+01 +3.137000019e+01 -2.7198e-01 +1.8968e+00 -3.8841e+00 +3.7231e+00 -1.9208e+00
1558 +1.048093594e-07 +1.048093594e-07 +3.137000010e+01 +3.137000010e+01 -2.7198e-01 +1.8968e+00 -3.8840e+00 +3.7232e+00 -1.9208e+00
1580 +9.517368937e-08 +9.517368937e-08 +3.137000010e+01 +3.137000010e+01 -2.7201e-01 +1.8967e+00 -3.8840e+00 +3.7232e+00 -1.9208e+00
1596 +5.332571718e-08 +5.332571718e-08 +3.137000005e+01 +3.137000005e+01 -2.7199e-01 +1.8968e+00 -3.8840e+00 +3.7232e+00 -1.9208e+00
1616 +3.915265623e-08 +3.915265623e-08 +3.137000004e+01 +3.137000004e+01 -2.7198e-01 +1.8968e+00 -3.8840e+00 +3.7232e+00 -1.9208e+00
1635 +2.450645908e-08 +2.450645908e-08 +3.137000002e+01 +3.137000002e+01 -2.7200e-01 +1.8968e+00 -3.8840e+00 +3.7232e+00 -1.9208e+00
1667 +1.112280401e-08 +1.112280401e-08 +3.137000001e+01 +3.137000001e+01 -2.7200e-01 +1.8968e+00 -3.8840e+00 +3.7232e+00 -1.9208e+00
1738 +6.218403570e-09 +6.218403570e-09 +3.137000001e+01 +3.137000001e+01 -2.7200e-01 +1.8968e+00 -3.8840e+00 +3.7232e+00 -1.9208e+00
% function evaluation | noise-free fitness - Fopt (3.137000000000e+01) | best noise-free fitness - Fopt | measured fitness | best measured fitness | x1 | x2...
1 +1.189400851e+05 +1.189400851e+05 +1.189714551e+05 +1.189714551e+05 -3.5427e+00 +2.4615e+00 -3.1662e+00 +3.6346e+00 +8.7248e-01
6 +6.363148797e+04 +6.363148797e+04 +6.366285797e+04 +6.366285797e+04 -2.4587e+00 +3.4069e+00 -8.5342e-01 +2.3510e+00 +1.7452e+00
13 +2.560244101e+04 +2.560244101e+04 +2.563381101e+04 +2.563381101e+04 -1.7169e+00 +2.8922e+00 -1.3155e+00 +1.0816e+00 -9.8076e-01
18 +1.219947994e+04 +1.219947994e+04 +1.223084994e+04 +1.223084994e+04 -1.0673e+00 +2.5408e+00 -2.6805e+00 +1.6841e+00 +6.9098e-01
40 +3.191133081e+01 +3.191133081e+01 +6.328133081e+01 +6.328133081e+01 -2.4012e+00 +5.1400e-01 -1.4430e+00 +9.9168e-01 -1.7700e+00
89 +2.380449316e+01 +2.380449316e+01 +5.517449316e+01 +5.517449316e+01 -5.5712e-01 -6.0567e-02 -2.3357e+00 +1.5484e+00 -1.3517e+00
126 +1.259409908e+01 +1.259409908e+01 +4.396409908e+01 +4.396409908e+01 -6.0645e-01 +5.9834e-01 -4.1852e+00 +2.2140e+00 -1.8499e+00
162 +8.392399133e+00 +8.392399133e+00 +3.976239913e+01 +3.976239913e+01 -3.9245e-01 +1.3744e+00 -3.7783e+00 +2.1080e+00 -2.4695e+00
193 +6.172491245e+00 +6.172491245e+00 +3.754249124e+01 +3.754249124e+01 -7.2509e-01 +1.3215e+00 -3.5846e+00 +2.8438e+00 -2.8485e+00
228 +3.021249129e+00 +3.021249129e+00 +3.439124913e+01 +3.439124913e+01 +2.9305e-02 +9.1827e-01 -3.7632e+00 +3.1455e+00 -2.2634e+00
272 +1.736519269e+00 +1.736519269e+00 +3.310651927e+01 +3.310651927e+01 -4.9207e-02 +1.2390e+00 -3.7697e+00 +3.2602e+00 -2.2149e+00
276 +1.486955680e+00 +1.486955680e+00 +3.285695568e+01 +3.285695568e+01 +3.2755e-02 +1.2846e+00 -4.0560e+00 +3.3317e+00 -2.2524e+00
295 +7.960356758e-01 +7.960356758e-01 +3.216603568e+01 +3.216603568e+01 -3.9293e-02 +1.3925e+00 -4.0308e+00 +3.5062e+00 -1.9858e+00
375 +6.281896835e-01 +6.281896835e-01 +3.199818968e+01 +3.199818968e+01 -9.4914e-02 +1.5607e+00 -3.9258e+00 +3.4790e+00 -2.0982e+00
399 +3.936633039e-01 +3.936633039e-01 +3.176366330e+01 +3.176366330e+01 -7.3646e-02 +1.8009e+00 -4.1836e+00 +3.5326e+00 -1.8409e+00
446 +2.468091556e-01 +2.468091556e-01 +3.161680916e+01 +3.161680916e+01 -1.8863e-01 +1.6827e+00 -4.0122e+00 +3.6109e+00 -1.9308e+00
479 +1.487103080e-01 +1.487103080e-01 +3.151871031e+01 +3.151871031e+01 -2.1967e-01 +1.7504e+00 -3.9684e+00 +3.6285e+00 -1.9015e+00
483 +6.840409607e-02 +6.840409607e-02 +3.143840410e+01 +3.143840410e+01 -2.2211e-01 +1.7863e+00 -3.9317e+00 +3.6666e+00 -1.9625e+00
567 +4.372723408e-02 +4.372723408e-02 +3.141372723e+01 +3.141372723e+01 -2.8932e-01 +1.8145e+00 -3.8873e+00 +3.6693e+00 -1.9286e+00
591 +3.570013226e-02 +3.570013226e-02 +3.140570013e+01 +3.140570013e+01 -2.6245e-01 +1.8494e+00 -3.8602e+00 +3.6525e+00 -1.9268e+00
606 +1.008869504e-02 +1.008869504e-02 +3.138008870e+01 +3.138008870e+01 -2.8337e-01 +1.8860e+00 -3.8833e+00 +3.6876e+00 -1.9267e+00
640 +9.038031855e-03 +9.038031855e-03 +3.137903803e+01 +3.137903803e+01 -2.7590e-01 +1.8930e+00 -3.8832e+00 +3.6854e+00 -1.9108e+00
650 +6.213435944e-03 +6.213435944e-03 +3.137621344e+01 +3.137621344e+01 -2.7281e-01 +1.8827e+00 -3.8873e+00 +3.7038e+00 -1.9062e+00
703 +3.880916960e-03 +3.880916960e-03 +3.137388092e+01 +3.137388092e+01 -2.6788e-01 +1.8758e+00 -3.8865e+00 +3.7073e+00 -1.9294e+00
709 +2.497719923e-03 +2.497719923e-03 +3.137249772e+01 +3.137249772e+01 -2.7778e-01 +1.8867e+00 -3.8825e+00 +3.7101e+00 -1.9178e+00
711 +1.347958730e-03 +1.347958730e-03 +3.137134796e+01 +3.137134796e+01 -2.6234e-01 +1.8869e+00 -3.8902e+00 +3.7149e+00 -1.9232e+00
805 +5.628766601e-04 +5.628766601e-04 +3.137056288e+01 +3.137056288e+01 -2.6701e-01 +1.8957e+00 -3.8867e+00 +3.7152e+00 -1.9214e+00
828 +1.929866353e-04 +1.929866353e-04 +3.137019299e+01 +3.137019299e+01 -2.7221e-01 +1.8959e+00 -3.8859e+00 +3.7198e+00 -1.9212e+00
891 +1.087174176e-04 +1.087174176e-04 +3.137010872e+01 +3.137010872e+01 -2.6969e-01 +1.8948e+00 -3.8868e+00 +3.7215e+00 -1.9209e+00
959 +7.962225273e-05 +7.962225273e-05 +3.137007962e+01 +3.137007962e+01 -2.7031e-01 +1.8948e+00 -3.8860e+00 +3.7217e+00 -1.9208e+00
981 +4.248861115e-05 +4.248861115e-05 +3.137004249e+01 +3.137004249e+01 -2.7076e-01 +1.8957e+00 -3.8856e+00 +3.7220e+00 -1.9209e+00
1010 +3.062890690e-05 +3.062890690e-05 +3.137003063e+01 +3.137003063e+01 -2.7076e-01 +1.8960e+00 -3.8848e+00 +3.7218e+00 -1.9209e+00
1021 +1.726905225e-05 +1.726905225e-05 +3.137001727e+01 +3.137001727e+01 -2.7190e-01 +1.8958e+00 -3.8847e+00 +3.7228e+00 -1.9211e+00
1074 +1.459731165e-05 +1.459731165e-05 +3.137001460e+01 +3.137001460e+01 -2.7177e-01 +1.8961e+00 -3.8842e+00 +3.7223e+00 -1.9208e+00
1089 +7.804560216e-06 +7.804560216e-06 +3.137000780e+01 +3.137000780e+01 -2.7185e-01 +1.8964e+00 -3.8845e+00 +3.7228e+00 -1.9207e+00
1170 +5.032520292e-06 +5.032520292e-06 +3.137000503e+01 +3.137000503e+01 -2.7161e-01 +1.8968e+00 -3.8845e+00 +3.7227e+00 -1.9208e+00
1193 +3.734851010e-06 +3.734851010e-06 +3.137000373e+01 +3.137000373e+01 -2.7159e-01 +1.8967e+00 -3.8845e+00 +3.7228e+00 -1.9208e+00
1233 +1.727434626e-06 +1.727434626e-06 +3.137000173e+01 +3.137000173e+01 -2.7176e-01 +1.8969e+00 -3.8842e+00 +3.7229e+00 -1.9208e+00
1277 +9.917033275e-07 +9.917033275e-07 +3.137000099e+01 +3.137000099e+01 -2.7181e-01 +1.8967e+00 -3.8842e+00 +3.7230e+00 -1.9208e+00
1373 +5.042899787e-07 +5.042899787e-07 +3.137000050e+01 +3.137000050e+01 -2.7192e-01 +1.8968e+00 -3.8842e+00 +3.7231e+00 -1.9208e+00
1425 +3.257586876e-07 +3.257586876e-07 +3.137000033e+01 +3.137000033e+01 -2.7192e-01 +1.8968e+00 -3.8841e+00 +3.7231e+00 -1.9208e+00
1465 +1.338230540e-07 +1.338230540e-07 +3.137000013e+01 +3.137000013e+01 -2.7194e-01 +1.8968e+00 -3.8841e+00 +3.7231e+00 -1.9208e+00
1505 +9.637480147e-08 +9.637480147e-08 +3.137000010e+01 +3.137000010e+01 -2.7197e-01 +1.8968e+00 -3.8841e+00 +3.7232e+00 -1.9208e+00
1538 +5.910539258e-08 +5.910539258e-08 +3.137000006e+01 +3.137000006e+01 -2.7197e-01 +1.8968e+00 -3.8840e+00 +3.7231e+00 -1.9208e+00
1584 +3.186822184e-08 +3.186822184e-08 +3.137000003e+01 +3.137000003e+01 -2.7199e-01 +1.8968e+00 -3.8840e+00 +3.7232e+00 -1.9208e+00
1604 +1.740952982e-08 +1.740952982e-08 +3.137000002e+01 +3.137000002e+01 -2.7200e-01 +1.8968e+00 -3.8840e+00 +3.7232e+00 -1.9208e+00
1612 +1.143580874e-08 +1.143580874e-08 +3.137000001e+01 +3.137000001e+01 -2.7200e-01 +1.8968e+00 -3.8840e+00 +3.7232e+00 -1.9208e+00
1652 +9.167830939e-09 +9.167830939e-09 +3.137000001e+01 +3.137000001e+01 -2.7200e-01 +1.8968e+00 -3.8840e+00 +3.7232e+00 -1.9208e+00
% function evaluation | noise-free fitness - Fopt (-1.000000000000e+03) | best noise-free fitness - Fopt | measured fitness | best measured fitness | x1 | x2...
1 +6.235556181e+04 +6.235556181e+04 +6.135556181e+04 +6.135556181e+04 -2.2652e+00 +2.5479e+00 +2.4028e+00 +1.7058e+00 +2.9510e+00
3 +1.955016695e+02 +1.955016695e+02 -8.044983305e+02 -8.044983305e+02 -3.4657e+00 +1.4461e+00 +4.6257e+00 -5.9805e-01 +3.2308e+00
47 +1.480539395e+02 +1.480539395e+02 -8.519460605e+02 -8.519460605e+02 -1.0297e+01 -2.1260e+00 +9.9343e+00 +1.8568e+00 -3.9797e+00
113 +9.004788758e+01 +9.004788758e+01 -9.099521124e+02 -9.099521124e+02 -6.0747e+00 -7.9250e-02 +7.9154e+00 +4.6856e+00 -3.3570e+00
114 +4.256906406e+01 +4.256906406e+01 -9.574309359e+02 -9.574309359e+02 -3.3129e+00 +3.7624e-01 +4.8074e+00 +3.5573e+00 -1.8513e+00
189 +2.315850188e+01 +2.315850188e+01 -9.768414981e+02 -9.768414981e+02 -1.1943e+00 -8.5913e-01 +4.5264e+00 +3.6380e+00 -1.0002e+00
210 +1.280465994e+01 +1.280465994e+01 -9.871953401e+02 -9.871953401e+02 -2.7202e+00 -2.2626e+00 +3.9937e+00 +3.6055e+00 -1.4869e+00
240 +6.336397910e+00 +6.336397910e+00 -9.936636021e+02 -9.936636021e+02 -1.3891e+00 -2.6064e+00 +3.6536e+00 +3.6190e+00 -6.6505e-01
339 +6.113244237e+00 +6.113244237e+00 -9.938867558e+02 -9.938867558e+02 -1.3573e+00 -2.2407e+00 +3.5973e+00 +3.7417e+00 -1.1405e+00
366 +3.636052788e+00 +3.636052788e+00 -9.963639472e+02 -9.963639472e+02 -9.1336e-01 -2.4802e+00 +3.1741e+00 +3.6010e+00 -7.9154e-01
402 +1.781375498e+00 +1.781375498e+00 -9.982186245e+02 -9.982186245e+02 -9.3268e-01 -3.0308e+00 +3.1832e+00 +3.7933e+00 -1.0477e+00
413 +1.414746069e+00 +1.414746069e+00 -9.985852539e+02 -9.985852539e+02 -8.2533e-01 -3.1552e+00 +3.4053e+00 +3.2207e+00 -8.8332e-01
440 +7.276518800e-01 +7.276518800e-01 -9.992723481e+02 -9.992723481e+02 -6.2086e-01 -3.3990e+00 +3.2152e+00 +3.5838e+00 -8.6159e-01
458 +5.835737144e-01 +5.835737144e-01 -9.994164263e+02 -9.994164263e+02 -5.2488e-01 -3.3288e+00 +3.1684e+00 +3.4301e+00 -7.5927e-01
516 +2.210251532e-01 +2.210251532e-01 -9.997789748e+02 -9.997789748e+02 -4.6471e-01 -3.2764e+00 +2.9601e+00 +3.5516e+00 -9.2330e-01
557 +1.487702465e-01 +1.487702465e-01 -9.998512298e+02 -9.998512298e+02 -4.1679e-01 -3.2841e+00 +2.9444e+00 +3.5010e+00 -8.7327e-01
596 +3.726949030e-02 +3.726949030e-02 -9.999627305e+02 -9.999627305e+02 -2.5106e-01 -3.3307e+00 +2.8865e+00 +3.5362e+00 -8.0622e-01
727 +2.304147765e-02 +2.304147765e-02 -9.999769585e+02 -9.999769585e+02 -2.4426e-01 -3.3215e+00 +2.8668e+00 +3.5850e+00 -8.3394e-01
782 +1.343915482e-02 +1.343915482e-02 -9.999865608e+02 -9.999865608e+02 -2.2985e-01 -3.3055e+00 +2.8584e+00 +3.5734e+00 -8.4458e-01
804 +8.832300812e-03 +8.832300812e-03 -9.999911677e+02 -9.999911677e+02 -2.1026e-01 -3.3213e+00 +2.8548e+00 +3.5937e+00 -8.4401e-01
811 +6.045472488e-03 +6.045472488e-03 -9.999939545e+02 -9.999939545e+02 -2.1084e-01 -3.3100e+00 +2.8412e+00 +3.5777e+00 -8.4226e-01
816 +3.798422242e-03 +3.798422242e-03 -9.999962016e+02 -9.999962016e+02 -2.0416e-01 -3.3189e+00 +2.8313e+00 +3.5542e+00 -8.3217e-01
956 +2.400978022e-03 +2.400978022e-03 -9.999975990e+02 -9.999975990e+02 -1.9908e-01 -3.3277e+00 +2.8325e+00 +3.5727e+00 -8.3426e-01
974 +1.408660719e-03 +1.408660719e-03 -9.999985913e+02 -9.999985913e+02 -1.9951e-01 -3.3260e+00 +2.8360e+00 +3.5712e+00 -8.4268e-01
997 +9.821706593e-04 +9.821706593e-04 -9.999990178e+02 -9.999990178e+02 -1.9500e-01 -3.3270e+00 +2.8318e+00 +3.5672e+00 -8.3666e-01
1088 +5.185549990e-04 +5.185549990e-04 -9.999994814e+02 -9.999994814e+02 -1.9120e-01 -3.3305e+00 +2.8304e+00 +3.5730e+00 -8.3927e-01
1106 +3.525742902e-04 +3.525742902e-04 -9.999996474e+02 -9.999996474e+02 -1.9367e-01 -3.3289e+00 +2.8291e+00 +3.5680e+00 -8.4056e-01
1134 +1.474303398e-04 +1.474303398e-04 -9.999998526e+02 -9.999998526e+02 -1.8906e-01 -3.3269e+00 +2.8257e+00 +3.5704e+00 -8.4123e-01
1249 +9.547351794e-05 +9.547351794e-05 -9.999999045e+02 -9.999999045e+02 -1.8866e-01 -3.3293e+00 +2.8259e+00 +3.5702e+00 -8.3979e-01
1260 +5.832267198e-05 +5.832267198e-05 -9.999999417e+02 -9.999999417e+02 -1.8822e-01 -3.3303e+00 +2.8262e+00 +3.5692e+00 -8.4003e-01
1270 +2.949435805e-05 +2.949435805e-05 -9.999999705e+02 -9.999999705e+02 -1.8813e-01 -3.3303e+00 +2.8248e+00 +3.5683e+00 -8.3967e-01
1302 +2.310357081e-05 +2.310357081e-05 -9.999999769e+02 -9.999999769e+02 -1.8746e-01 -3.3296e+00 +2.8246e+00 +3.5689e+00 -8.3986e-01
1374 +5.527595249e-06 +5.527595249e-06 -9.999999945e+02 -9.999999945e+02 -1.8690e-01 -3.3299e+00 +2.8244e+00 +3.5688e+00 -8.4012e-01
1449 +3.755892067e-06 +3.755892067e-06 -9.999999962e+02 -9.999999962e+02 -1.8665e-01 -3.3299e+00 +2.8243e+00 +3.5691e+00 -8.4022e-01
1452 +1.727844619e-06 +1.727844619e-06 -9.999999983e+02 -9.999999983e+02 -1.8679e-01 -3.3303e+00 +2.8241e+00 +3.5686e+00 -8.3997e-01
1562 +1.466661502e-06 +1.466661502e-06 -9.999999985e+02 -9.999999985e+02 -1.8666e-01 -3.3302e+00 +2.8242e+00 +3.5688e+00 -8.4001e-01
1605 +9.969072607e-07 +9.969072607e-07 -9.999999990e+02 -9.999999990e+02 -1.8665e-01 -3.3303e+00 +2.8241e+00 +3.5687e+00 -8.3994e-01
1619 +5.677553645e-07 +5.677553645e-07 -9.999999994e+02 -9.999999994e+02 -1.8659e-01 -3.3303e+00 +2.8241e+00 +3.5687e+00 -8.3997e-01
1626 +3.406917131e-07 +3.406917131e-07 -9.999999997e+02 -9.999999997e+02 -1.8654e-01 -3.3304e+00 +2.8241e+00 +3.5687e+00 -8.3995e-01
1634 +2.357593303e-07 +2.357593303e-07 -9.999999998e+02 -9.999999998e+02 -1.8646e-01 -3.3304e+00 +2.8241e+00 +3.5688e+00 -8.3993e-01
1762 +1.009094603e-07 +1.009094603e-07 -9.999999999e+02 -9.999999999e+02 -1.8648e-01 -3.3304e+00 +2.8240e+00 +3.5688e+00 -8.3999e-01
1778 +8.762106063e-08 +8.762106063e-08 -9.999999999e+02 -9.999999999e+02 -1.8646e-01 -3.3304e+00 +2.8240e+00 +3.5688e+00 -8.3999e-01
1809 +5.583990514e-08 +5.583990514e-08 -9.999999999e+02 -9.999999999e+02 -1.8646e-01 -3.3304e+00 +2.8240e+00 +3.5688e+00 -8.4000e-01
1847 +3.492687028e-08 +3.492687028e-08 -1.000000000e+03 -1.000000000e+03 -1.8645e-01 -3.3304e+00 +2.8240e+00 +3.5688e+00 -8.4000e-01
1886 +2.099625362e-08 +2.099625362e-08 -1.000000000e+03 -1.000000000e+03 -1.8643e-01 -3.3304e+00 +2.8240e+00 +3.5688e+00 -8.4000e-01
1896 +1.566309038e-08 +1.566309038e-08 -1.000000000e+03 -1.000000000e+03 -1.8643e-01 -3.3304e+00 +2.8240e+00 +3.5688e+00 -8.4000e-01
1946 +5.706056072e-09 +5.706056072e-09 -1.000000000e+03 -1.000000000e+03 -1.8641e-01 -3.3304e+00 +2.8240e+00 +3.5688e+00 -8.4000e-01
% function evaluation | noise-free fitness - Fopt (-1.000000000000e+03) | best noise-free fitness - Fopt | measured fitness | best measured fitness | x1 | x2...
1 +3.028290132e+05 +3.028290132e+05 +3.018290132e+05 +3.018290132e+05 -9.0294e-01 +1.6738e+00 -2.1309e+00 -9.1322e-01 +7.3839e-01
3 +1.793563435e+05 +1.793563435e+05 +1.783563435e+05 +1.783563435e+05 +5.5028e-01 -2.2891e+00 -1.3922e+00 +2.6233e+00 +2.3594e+00
8 +3.931575277e+04 +3.931575277e+04 +3.831575277e+04 +3.831575277e+04 -5.6743e+00 +3.5856e-01 +2.0719e-01 +1.1912e+00 -9.1068e-01
26 +3.430348796e+01 +3.430348796e+01 -9.656965120e+02 -9.656965120e+02 -3.1835e+00 -1.2697e+00 +3.5337e+00 +2.9309e+00 -2.0336e-01
124 +2.308165023e+01 +2.308165023e+01 -9.769183498e+02 -9.769183498e+02 -9.8850e-01 -1.3930e+00 +4.5075e+00 +4.1240e+00 -5.3156e-01
245 +1.477627364e+01 +1.477627364e+01 -9.852237264e+02 -9.852237264e+02 -1.0500e+00 -1.0587e+00 +4.0304e+00 +4.9926e+00 -1.3891e+00
282 +7.599480666e+00 +7.599480666e+00 -9.924005193e+02 -9.924005193e+02 -8.5651e-01 -2.3555e+00 +4.0246e+00 +4.2351e+00 -6.8905e-01
322 +6.300675425e+00 +6.300675425e+00 -9.936993246e+02 -9.936993246e+02 -1.3595e+00 -3.1539e+00 +3.7082e+00 +4.0334e+00 -6.5221e-01
355 +2.373934630e+00 +2.373934630e+00 -9.976260654e+02 -9.976260654e+02 -1.0152e+00 -3.0546e+00 +3.3762e+00 +3.3264e+00 -7.0851e-01
387 +3.227310577e-01 +3.227310577e-01 -9.996772689e+02 -9.996772689e+02 -4.4347e-01 -3.3012e+00 +3.0841e+00 +3.5450e+00 -9.1930e-01
499 +2.159693842e-01 +2.159693842e-01 -9.997840306e+02 -9.997840306e+02 -4.3294e-01 -3.3052e+00 +2.9543e+00 +3.5401e+00 -8.1806e-01
530 +1.492739903e-01 +1.492739903e-01 -9.998507260e+02 -9.998507260e+02 -3.4735e-01 -3.3177e+00 +2.9597e+00 +3.5261e+00 -7.8223e-01
554 +8.386588517e-02 +8.386588517e-02 -9.999161341e+02 -9.999161341e+02 -2.8429e-01 -3.3447e+00 +2.9162e+00 +3.6090e+00 -8.0349e-01
566 +5.578609263e-02 +5.578609263e-02 -9.999442139e+02 -9.999442139e+02 -3.0372e-01 -3.2756e+00 +2.9002e+00 +3.5297e+00 -8.6776e-01
589 +3.754164983e-02 +3.754164983e-02 -9.999624584e+02 -9.999624584e+02 -2.5026e-01 -3.3058e+00 +2.8964e+00 +3.5674e+00 -8.3338e-01
627 +1.576006980e-02 +1.576006980e-02 -9.999842399e+02 -9.999842399e+02 -2.3730e-01 -3.3087e+00 +2.8680e+00 +3.5567e+00 -8.4449e-01
638 +1.850419268e-03 +1.850419268e-03 -9.999981496e+02 -9.999981496e+02 -2.0290e-01 -3.3227e+00 +2.8336e+00 +3.5728e+00 -8.4622e-01
774 +1.128799091e-03 +1.128799091e-03 -9.999988712e+02 -9.999988712e+02 -1.9982e-01 -3.3282e+00 +2.8325e+00 +3.5681e+00 -8.3998e-01
809 +5.256373540e-04 +5.256373540e-04 -9.999994744e+02 -9.999994744e+02 -1.9431e-01 -3.3262e+00 +2.8303e+00 +3.5678e+00 -8.4088e-01
835 +3.823322575e-04 +3.823322575e-04 -9.999996177e+02 -9.999996177e+02 -1.9032e-01 -3.3276e+00 +2.8253e+00 +3.5667e+00 -8.3692e-01
900 +1.172102239e-04 +1.172102239e-04 -9.999998828e+02 -9.999998828e+02 -1.8812e-01 -3.3305e+00 +2.8255e+00 +3.5671e+00 -8.3762e-01
910 +4.699390092e-05 +4.699390092e-05 -9.999999530e+02 -9.999999530e+02 -1.8819e-01 -3.3301e+00 +2.8246e+00 +3.5676e+00 -8.3909e-01
978 +1.639389586e-05 +1.639389586e-05 -9.999999836e+02 -9.999999836e+02 -1.8716e-01 -3.3298e+00 +2.8241e+00 +3.5682e+00 -8.3949e-01
993 +7.912971000e-06 +7.912971000e-06 -9.999999921e+02 -9.999999921e+02 -1.8722e-01 -3.3300e+00 +2.8245e+00 +3.5686e+00 -8.4004e-01
1145 +2.839173476e-06 +2.839173476e-06 -9.999999972e+02 -9.999999972e+02 -1.8679e-01 -3.3302e+00 +2.8241e+00 +3.5688e+00 -8.4000e-01
1210 +1.745779741e-06 +1.745779741e-06 -9.999999983e+02 -9.999999983e+02 -1.8674e-01 -3.3303e+00 +2.8242e+00 +3.5685e+00 -8.3995e-01
1225 +1.090072374e-06 +1.090072374e-06 -9.999999989e+02 -9.999999989e+02 -1.8668e-01 -3.3302e+00 +2.8241e+00 +3.5688e+00 -8.4007e-01
1255 +2.768023251e-07 +2.768023251e-07 -9.999999997e+02 -9.999999997e+02 -1.8650e-01 -3.3304e+00 +2.8241e+00 +3.5689e+00 -8.4000e-01
1357 +1.004858632e-07 +1.004858632e-07 -9.999999999e+02 -9.999999999e+02 -1.8646e-01 -3.3304e+00 +2.8240e+00 +3.5688e+00 -8.4000e-01
1366 +9.492634945e-08 +9.492634945e-08 -9.999999999e+02 -9.999999999e+02 -1.8643e-01 -3.3303e+00 +2.8240e+00 +3.5688e+00 -8.4001e-01
1417 +5.869196684e-08 +5.869196684e-08 -9.999999999e+02 -9.999999999e+02 -1.8643e-01 -3.3303e+00 +2.8240e+00 +3.5688e+00 -8.4002e-01
1419 +3.729201126e-08 +3.729201126e-08 -1.000000000e+03 -1.000000000e+03 -1.8643e-01 -3.3304e+00 +2.8240e+00 +3.5688e+00 -8.3999e-01
1433 +2.390936515e-08 +2.390936515e-08 -1.000000000e+03 -1.000000000e+03 -1.8642e-01 -3.3304e+00 +2.8240e+00 +3.5688e+00 -8.4000e-01
1548 +1.077376055e-08 +1.077376055e-08 -1.000000000e+03 -1.000000000e+03 -1.8642e-01 -3.3304e+00 +2.8240e+00 +3.5688e+00 -8.4000e-01
1642 +6.387608664e-09 +6.387608664e-09 -1.000000000e+03 -1.000000000e+03 -1.8641e-01 -3.3304e+00 +2.8240e+00 +3.5688e+00 -8.4000e-01
% function evaluation | noise-free fitness - Fopt (-1.000000000000e+03) | best noise-free fitness - Fopt | measured fitness | best measured fitness | x1 | x2...
1 +1.149795609e+05 +1.149795609e+05 +1.139795609e+05 +1.139795609e+05 +9.2838e-01 +1.1825e+00 +1.0366e+00 +1.6116e+00 +8.6573e-01
5 +5.509171849e+04 +5.509171849e+04 +5.409171849e+04 +5.409171849e+04 -7.2182e-02 +1.7927e-02 +1.9851e+00 +1.4162e+00 +2.8524e+00
15 +4.106092266e+03 +4.106092266e+03 +3.106092266e+03 +3.106092266e+03 -3.1683e-01 -1.5711e+00 +3.7130e+00 +3.4958e+00 +1.0033e+00
25 +2.198590522e+03 +2.198590522e+03 +1.198590522e+03 +1.198590522e+03 -2.2138e+00 -9.5263e-01 +5.6390e+00 +6.8913e+00 +1.4671e+00
28 +7.866654335e+01 +7.866654335e+01 -9.213334567e+02 -9.213334567e+02 -4.2301e+00 -1.7187e+00 +5.7586e+00 +5.4599e+00 +6.5884e-01
42 +4.379714454e+01 +4.379714454e+01 -9.562028555e+02 -9.562028555e+02 -3.0285e+00 -3.8993e+00 +6.3008e+00 +4.3879e+00 +2.9822e-01
132 +3.564139978e+01 +3.564139978e+01 -9.643586002e+02 -9.643586002e+02 -4.6702e+00 -3.0081e+00 +5.9234e+00 +3.0916e+00 -1.7939e+00
171 +2.314065041e+01 +2.314065041e+01 -9.768593496e+02 -9.768593496e+02 -2.8824e+00 -1.9564e+00 +5.3036e+00 +3.2716e+00 -2.0212e+00
183 +1.170378410e+01 +1.170378410e+01 -9.882962159e+02 -9.882962159e+02 -2.5952e+00 -2.7567e+00 +4.2252e+00 +2.9191e+00 -1.6806e+00
260 +9.411097996e+00 +9.411097996e+00 -9.905889020e+02 -9.905889020e+02 -2.1877e+00 -2.6492e+00 +4.0986e+00 +3.8115e+00 -1.5252e+00
275 +5.325024692e+00 +5.325024692e+00 -9.946749753e+02 -9.946749753e+02 -9.1825e-01 -2.5667e+00 +3.9405e+00 +4.0783e+00 -1.1890e+00
308 +3.551694712e+00 +3.551694712e+00 -9.964483053e+02 -9.964483053e+02 -6.4121e-01 -3.1954e+00 +3.5471e+00 +3.9612e+00 -4.6323e-01
356 +2.305210855e+00 +2.305210855e+00 -9.976947891e+02 -9.976947891e+02 -1.1433e+00 -3.1982e+00 +3.4185e+00 +3.5499e+00 -1.0056e+00
395 +1.374307828e+00 +1.374307828e+00 -9.986256922e+02 -9.986256922e+02 -9.8823e-01 -3.2093e+00 +3.1968e+00 +3.4377e+00 -1.0050e+00
408 +9.232203855e-01 +9.232203855e-01 -9.990767796e+02 -9.990767796e+02 -8.3621e-01 -3.3200e+00 +3.2210e+00 +3.3800e+00 -1.0120e+00
476 +4.364856582e-01 +4.364856582e-01 -9.995635143e+02 -9.995635143e+02 -5.6688e-01 -3.2410e+00 +2.9662e+00 +3.3244e+00 -7.6645e-01
477 +3.925836158e-01 +3.925836158e-01 -9.996074164e+02 -9.996074164e+02 -4.9114e-01 -3.2372e+00 +3.0583e+00 +3.3516e+00 -7.9429e-01
527 +2.405254768e-01 +2.405254768e-01 -9.997594745e+02 -9.997594745e+02 -4.4309e-01 -3.3792e+00 +3.0185e+00 +3.4211e+00 -7.8467e-01
537 +1.437283326e-01 +1.437283326e-01 -9.998562717e+02 -9.998562717e+02 -3.0580e-01 -3.1890e+00 +2.9039e+00 +3.6019e+00 -8.5238e-01
596 +8.088258010e-02 +8.088258010e-02 -9.999191174e+02 -9.999191174e+02 -2.3075e-01 -3.2326e+00 +2.8965e+00 +3.5762e+00 -8.1493e-01
644 +5.177798527e-02 +5.177798527e-02 -9.999482220e+02 -9.999482220e+02 -2.6325e-01 -3.2424e+00 +2.8650e+00 +3.6098e+00 -8.7470e-01
680 +2.533462978e-02 +2.533462978e-02 -9.999746654e+02 -9.999746654e+02 -2.5375e-01 -3.2797e+00 +2.8627e+00 +3.5561e+00 -8.5782e-01
697 +1.329973177e-02 +1.329973177e-02 -9.999867003e+02 -9.999867003e+02 -2.3627e-01 -3.3052e+00 +2.8381e+00 +3.5602e+00 -8.4536e-01
718 +9.846668462e-03 +9.846668462e-03 -9.999901533e+02 -9.999901533e+02 -2.2016e-01 -3.3012e+00 +2.8542e+00 +3.5707e+00 -8.5162e-01
821 +3.377934030e-03 +3.377934030e-03 -9.999966221e+02 -9.999966221e+02 -2.0903e-01 -3.3312e+00 +2.8363e+00 +3.5642e+00 -8.3379e-01
840 +2.488262749e-03 +2.488262749e-03 -9.999975117e+02 -9.999975117e+02 -2.0423e-01 -3.3259e+00 +2.8384e+00 +3.5671e+00 -8.3722e-01
843 +1.478173917e-03 +1.478173917e-03 -9.999985218e+02 -9.999985218e+02 -1.9736e-01 -3.3229e+00 +2.8333e+00 +3.5751e+00 -8.4139e-01
938 +8.935308792e-04 +8.935308792e-04 -9.999991065e+02 -9.999991065e+02 -1.9514e-01 -3.3262e+00 +2.8320e+00 +3.5710e+00 -8.3992e-01
956 +5.286795331e-04 +5.286795331e-04 -9.999994713e+02 -9.999994713e+02 -1.9463e-01 -3.3276e+00 +2.8292e+00 +3.5697e+00 -8.4018e-01
965 +3.635852130e-04 +3.635852130e-04 -9.999996364e+02 -9.999996364e+02 -1.9186e-01 -3.3278e+00 +2.8279e+00 +3.5689e+00 -8.3882e-01
1007 +2.436992822e-04 +2.436992822e-04 -9.999997563e+02 -9.999997563e+02 -1.9140e-01 -3.3317e+00 +2.8283e+00 +3.5664e+00 -8.3887e-01
1023 +1.505297635e-04 +1.505297635e-04 -9.999998495e+02 -9.999998495e+02 -1.8836e-01 -3.3291e+00 +2.8264e+00 +3.5696e+00 -8.3844e-01
1108 +9.170912801e-05 +9.170912801e-05 -9.999999083e+02 -9.999999083e+02 -1.8863e-01 -3.3288e+00 +2.8247e+00 +3.5688e+00 -8.3937e-01
1140 +6.094773494e-05 +6.094773494e-05 -9.999999391e+02 -9.999999391e+02 -1.8802e-01 -3.3292e+00 +2.8244e+00 +3.5677e+00 -8.3903e-01
1226 +3.411714829e-05 +3.411714829e-05 -9.999999659e+02 -9.999999659e+02 -1.8833e-01 -3.3295e+00 +2.8247e+00 +3.5683e+00 -8.4007e-01
1245 +1.756103256e-05 +1.756103256e-05 -9.999999824e+02 -9.999999824e+02 -1.8735e-01 -3.3296e+00 +2.8242e+00 +3.5684e+00 -8.3972e-01
1258 +1.345085263e-05 +1.345085263e-05 -9.999999865e+02 -9.999999865e+02 -1.8742e-01 -3.3299e+00 +2.8242e+00 +3.5685e+00 -8.3997e-01
1268 +9.455193094e-06 +9.455193094e-06 -9.999999905e+02 -9.999999905e+02 -1.8730e-01 -3.3298e+00 +2.8243e+00 +3.5689e+00 -8.4034e-01
1292 +4.354208386e-06 +4.354208386e-06 -9.999999956e+02 -9.999999956e+02 -1.8660e-01 -3.3301e+00 +2.8243e+00 +3.5690e+00 -8.3989e-01
1369 +3.748225708e-06 +3.748225708e-06 -9.999999963e+02 -9.999999963e+02 -1.8671e-01 -3.3300e+00 +2.8243e+00 +3.5690e+00 -8.4012e-01
1387 +8.767982536e-07 +8.767982536e-07 -9.999999991e+02 -9.999999991e+02 -1.8660e-01 -3.3303e+00 +2.8241e+00 +3.5687e+00 -8.3994e-01
1493 +4.885434919e-07 +4.885434919e-07 -9.999999995e+02 -9.999999995e+02 -1.8647e-01 -3.3303e+00 +2.8241e+00 +3.5688e+00 -8.4006e-01
1495 +3.105863016e-07 +3.105863016e-07 -9.999999997e+02 -9.999999997e+02 -1.8644e-01 -3.3303e+00 +2.8241e+00 +3.5689e+00 -8.4004e-01
1504 +1.541343408e-07 +1.541343408e-07 -9.999999998e+02 -9.999999998e+02 -1.8645e-01 -3.3303e+00 +2.8240e+00 +3.5688e+00 -8.4004e-01
1570 +6.409732123e-08 +6.409732123e-08 -9.999999999e+02 -9.999999999e+02 -1.8645e-01 -3.3304e+00 +2.8240e+00 +3.5688e+00 -8.4002e-01
1607 +5.460992725e-08 +5.460992725e-08 -9.999999999e+02 -9.999999999e+02 -1.8643e-01 -3.3304e+00 +2.8240e+00 +3.5688e+00 -8.3998e-01
1666 +2.442743607e-08 +2.442743607e-08 -1.000000000e+03 -1.000000000e+03 -1.8644e-01 -3.3304e+00 +2.8240e+00 +3.5688e+00 -8.4001e-01
1722 +1.276862349e-08 +1.276862349e-08 -1.000000000e+03 -1.000000000e+03 -1.8642e-01 -3.3304e+00 +2.8240e+00 +3.5688e+00 -8.4000e-01
1763 +6.903519534e-09 +6.903519534e-09 -1.000000000e+03 -1.000000000e+03 -1.8641e-01 -3.3304e+00 +2.8240e+00 +3.5688e+00 -8.4000e-01
% function evaluation | noise-free fitness - Fopt (1.319200000000e+02) | best noise-free fitness - Fopt | measured fitness | best measured fitness | x1 | x2...
1 +1.263413693e+06 +1.263413693e+06 +1.263545613e+06 +1.263545613e+06 +3.5676e+00 +5.8368e-01 +2.7685e-01 +5.6900e-01 -3.7133e+00
4 +9.160190233e+05 +9.160190233e+05 +9.161509433e+05 +9.161509433e+05 +2.8486e+00 -1.2583e+00 -2.1994e+00 +1.6299e+00 -2.3586e+00
8 +6.221374860e+05 +6.221374860e+05 +6.222694060e+05 +6.222694060e+05 +3.6198e+00 +1.8177e+00 -3.4505e+00 +3.3574e-01 -3.9067e+00
20 +3.619029783e+05 +3.619029783e+05 +3.620348983e+05 +3.620348983e+05 +2.8212e-01 -8.4549e-01 -9.9365e+00 +5.2856e-01 -4.2669e+00
21 +1.686816929e+05 +1.686816929e+05 +1.688136129e+05 +1.688136129e+05 +6.0824e-02 +2.5625e+00 -4.8941e+00 -1.8489e+00 -3.1646e+00
33 +9.703522084e+04 +9.703522084e+04 +9.716714084e+04 +9.716714084e+04 -1.9038e+00 +2.2240e+00 -7.3281e+00 -6.6908e-01 -2.9262e+00
49 +3.316867069e+04 +3.316867069e+04 +3.330059069e+04 +3.330059069e+04 -5.0006e+00 +2.6670e+00 -4.2369e+00 -1.8589e-01 -6.0403e+00
58 +8.354125423e+03 +8.354125423e+03 +8.486045423e+03 +8.486045423e+03 -5.2840e+00 +2.6544e+00 -2.8916e+00 -1.5943e+00 -4.5661e+00
66 +9.871722716e+01 +9.871722716e+01 +2.306372272e+02 +2.306372272e+02 -8.6289e+00 +5.2416e+00 -1.9440e+00 -2.1346e+00 -2.6513e+00
90 +5.003101536e+01 +5.003101536e+01 +1.819510154e+02 +1.819510154e+02 -7.8312e+00 +3.6604e+00 -3.2878e+00 +1.3897e+00 -1.6287e+00
146 +9.078641926e+00 +9.078641926e+00 +1.409986419e+02 +1.409986419e+02 -4.9276e+00 +3.2633e+00 -3.2810e+00 -7.1074e-01 -2.0249e+00
277 +5.064966345e+00 +5.064966345e+00 +1.369849663e+02 +1.369849663e+02 -5.2450e+00 +2.6378e+00 -2.9321e+00 -2.0532e-01 -1.2512e+00
320 +1.969239825e+00 +1.969239825e+00 +1.338892398e+02 +1.338892398e+02 -4.7967e+00 +2.2045e+00 -3.1318e+00 -3.0420e-01 -1.1025e+00
326 +1.493249141e+00 +1.493249141e+00 +1.334132491e+02 +1.334132491e+02 -4.6549e+00 +2.0433e+00 -3.1360e+00 -5.5365e-01 -7.6603e-01
374 +7.689034744e-01 +7.689034744e-01 +1.326889035e+02 +1.326889035e+02 -4.4701e+00 +1.7675e+00 -3.4965e+00 -6.9267e-01 -1.1876e+00
532 +6.190060808e-01 +6.190060808e-01 +1.325390061e+02 +1.325390061e+02 -4.3697e+00 +1.9308e+00 -3.3584e+00 -5.1799e-01 -1.0480e+00
546 +3.855757982e-01 +3.855757982e-01 +1.323055758e+02 +1.323055758e+02 -4.2970e+00 +1.9107e+00 -3.4396e+00 -4.7356e-01 -1.1393e+00
627 +2.167403596e-01 +2.167403596e-01 +1.321367404e+02 +1.321367404e+02 -4.1805e+00 +1.9159e+00 -3.4721e+00 -4.7279e-01 -1.2362e+00
648 +1.558664211e-01 +1.558664211e-01 +1.320758664e+02 +1.320758664e+02 -4.1715e+00 +1.9431e+00 -3.5319e+00 -4.7918e-01 -1.2939e+00
680 +7.981819236e-02 +7.981819236e-02 +1.319998182e+02 +1.319998182e+02 -4.1176e+00 +1.9201e+00 -3.6188e+00 -5.0109e-01 -1.3863e+00
688 +5.780854465e-02 +5.780854465e-02 +1.319778085e+02 +1.319778085e+02 -4.0797e+00 +1.9257e+00 -3.6053e+00 -4.7264e-01 -1.3668e+00
760 +3.110018521e-02 +3.110018521e-02 +1.319511002e+02 +1.319511002e+02 -4.0429e+00 +1.9650e+00 -3.6425e+00 -4.5379e-01 -1.4436e+00
793 +1.935894022e-02 +1.935894022e-02 +1.319393589e+02 +1.319393589e+02 -4.0195e+00 +1.9617e+00 -3.6751e+00 -4.5293e-01 -1.4622e+00
830 +1.339083727e-02 +1.339083727e-02 +1.319333908e+02 +1.319333908e+02 -4.0285e+00 +1.9373e+00 -3.6636e+00 -4.5731e-01 -1.4779e+00
867 +9.064946576e-03 +9.064946576e-03 +1.319290649e+02 +1.319290649e+02 -4.0242e+00 +1.9206e+00 -3.6787e+00 -4.7015e-01 -1.4753e+00
878 +2.376952279e-03 +2.376952279e-03 +1.319223770e+02 +1.319223770e+02 -3.9995e+00 +1.9085e+00 -3.6928e+00 -4.7643e-01 -1.4935e+00
1016 +1.335924378e-03 +1.335924378e-03 +1.319213359e+02 +1.319213359e+02 -3.9912e+00 +1.9227e+00 -3.6950e+00 -4.6025e-01 -1.5014e+00
1051 +8.355729534e-04 +8.355729534e-04 +1.319208356e+02 +1.319208356e+02 -3.9924e+00 +1.9132e+00 -3.6957e+00 -4.6760e-01 -1.4991e+00
1083 +5.551248671e-04 +5.551248671e-04 +1.319205551e+02 +1.319205551e+02 -3.9907e+00 +1.9136e+00 -3.6943e+00 -4.6825e-01 -1.4932e+00
1140 +2.036125018e-04 +2.036125018e-04 +1.319202036e+02 +1.319202036e+02 -3.9863e+00 +1.9137e+00 -3.6973e+00 -4.6673e-01 -1.4974e+00
1196 +1.507659082e-04 +1.507659082e-04 +1.319201508e+02 +1.319201508e+02 -3.9852e+00 +1.9132e+00 -3.6986e+00 -4.6760e-01 -1.4986e+00
1210 +6.618111857e-05 +6.618111857e-05 +1.319200662e+02 +1.319200662e+02 -3.9848e+00 +1.9115e+00 -3.6979e+00 -4.6757e-01 -1.4974e+00
1253 +5.467624291e-05 +5.467624291e-05 +1.319200547e+02 +1.319200547e+02 -3.9846e+00 +1.9107e+00 -3.6983e+00 -4.6752e-01 -1.4976e+00
1268 +1.965997347e-05 +1.965997347e-05 +1.319200197e+02 +1.319200197e+02 -3.9838e+00 +1.9105e+00 -3.6986e+00 -4.6675e-01 -1.4993e+00
1288 +1.120263730e-05 +1.120263730e-05 +1.319200112e+02 +1.319200112e+02 -3.9832e+00 +1.9109e+00 -3.6984e+00 -4.6702e-01 -1.4983e+00
1300 +7.618413349e-06 +7.618413349e-06 +1.319200076e+02 +1.319200076e+02 -3.9831e+00 +1.9106e+00 -3.6991e+00 -4.6703e-01 -1.4993e+00
1372 +5.971281581e-06 +5.971281581e-06 +1.319200060e+02 +1.319200060e+02 -3.9831e+00 +1.9103e+00 -3.6989e+00 -4.6733e-01 -1.4985e+00
1374 +2.612744652e-06 +2.612744652e-06 +1.319200026e+02 +1.319200026e+02 -3.9828e+00 +1.9105e+00 -3.6990e+00 -4.6724e-01 -1.4988e+00
1383 +2.310371798e-06 +2.310371798e-06 +1.319200023e+02 +1.319200023e+02 -3.9828e+00 +1.9105e+00 -3.6988e+00 -4.6708e-01 -1.4988e+00
1450 +1.107609052e-06 +1.107609052e-06 +1.319200011e+02 +1.319200011e+02 -3.9827e+00 +1.9104e+00 -3.6991e+00 -4.6729e-01 -1.4990e+00
1468 +8.909235305e-07 +8.909235305e-07 +1.319200009e+02 +1.319200009e+02 -3.9826e+00 +1.9104e+00 -3.6991e+00 -4.6718e-01 -1.4991e+00
1517 +4.876764592e-07 +4.876764592e-07 +1.319200005e+02 +1.319200005e+02 -3.9826e+00 +1.9104e+00 -3.6991e+00 -4.6714e-01 -1.4992e+00
1532 +2.950361591e-07 +2.950361591e-07 +1.319200003e+02 +1.319200003e+02 -3.9825e+00 +1.9104e+00 -3.6992e+00 -4.6724e-01 -1.4992e+00
1541 +2.352212221e-07 +2.352212221e-07 +1.319200002e+02 +1.319200002e+02 -3.9825e+00 +1.9104e+00 -3.6992e+00 -4.6719e-01 -1.4992e+00
1612 +1.532914382e-07 +1.532914382e-07 +1.319200002e+02 +1.319200002e+02 -3.9825e+00 +1.9104e+00 -3.6991e+00 -4.6720e-01 -1.4992e+00
1626 +8.746255276e-08 +8.746255276e-08 +1.319200001e+02 +1.319200001e+02 -3.9825e+00 +1.9104e+00 -3.6992e+00 -4.6718e-01 -1.4992e+00
1684 +5.980959372e-08 +5.980959372e-08 +1.319200001e+02 +1.319200001e+02 -3.9824e+00 +1.9104e+00 -3.6992e+00 -4.6720e-01 -1.4992e+00
1710 +2.780600994e-08 +2.780600994e-08 +1.319200000e+02 +1.319200000e+02 -3.9824e+00 +1.9104e+00 -3.6992e+00 -4.6720e-01 -1.4992e+00
1744 +2.238436991e-08 +2.238436991e-08 +1.319200000e+02 +1.319200000e+02 -3.9824e+00 +1.9104e+00 -3.6992e+00 -4.6720e-01 -1.4992e+00
1774 +1.468001187e-08 +1.468001187e-08 +1.319200000e+02 +1.319200000e+02 -3.9824e+00 +1.9104e+00 -3.6992e+00 -4.6719e-01 -1.4992e+00
1780 +5.870077757e-09 +5.870077757e-09 +1.319200000e+02 +1.319200000e+02 -3.9824e+00 +1.9104e+00 -3.6992e+00 -4.6719e-01 -1.4992e+00
% function evaluation | noise-free fitness - Fopt (1.319200000000e+02) | best noise-free fitness - Fopt | measured fitness | best measured fitness | x1 | x2...
1 +9.556108079e+05 +9.556108079e+05 +9.557427279e+05 +9.557427279e+05 +3.0189e+00 +3.3168e+00 -1.0435e+00 -2.5663e+00 +3.7770e+00
2 +5.714129701e+05 +5.714129701e+05 +5.715448901e+05 +5.715448901e+05 +3.1920e+00 +3.5621e+00 -4.4348e+00 -1.1709e+00 +1.6266e+00
12 +3.370859155e+05 +3.370859155e+05 +3.372178355e+05 +3.372178355e+05 +1.0204e+00 +2.2285e+00 -8.4968e+00 -1.6892e+00 +8.9061e-01
19 +1.262880257e+05 +1.262880257e+05 +1.264199457e+05 +1.264199457e+05 -1.5027e+00 +4.7413e+00 -5.9922e+00 -9.7318e-01 +1.0649e+00
21 +7.959444066e+04 +7.959444066e+04 +7.972636066e+04 +7.972636066e+04 -3.6719e+00 -1.5478e+00 -5.5506e+00 -3.5615e+00 -7.2354e-01
28 +7.639682323e+02 +7.639682323e+02 +8.958882323e+02 +8.958882323e+02 -6.1258e+00 +1.2541e+00 -3.5846e+00 +1.2281e-01 -1.3229e+00
85 +2.096373032e+02 +2.096373032e+02 +3.415573032e+02 +3.415573032e+02 -9.5874e+00 +6.6822e+00 +4.2755e-01 -1.5918e+00 +2.5613e+00
90 +1.013984014e+02 +1.013984014e+02 +2.333184014e+02 +2.333184014e+02 -1.0840e+01 +7.6174e-01 -7.9082e-01 -2.0609e+00 +4.3649e+00
153 +6.741028661e+01 +6.741028661e+01 +1.993302866e+02 +1.993302866e+02 -9.6857e+00 +2.7161e+00 -1.5135e+00 -1.3076e+00 -1.0972e+00
155 +6.003023505e+01 +6.003023505e+01 +1.919502350e+02 +1.919502350e+02 -9.3270e+00 +1.1827e+00 -1.3286e+00 -2.6733e+00 +1.6579e+00
192 +3.846140463e+01 +3.846140463e+01 +1.703814046e+02 +1.703814046e+02 -8.2339e+00 +1.9391e+00 -1.8495e+00 -1.4838e+00 -1.9689e-01
204 +1.282785215e+01 +1.282785215e+01 +1.447478521e+02 +1.447478521e+02 -6.2947e+00 +2.0022e+00 -2.9537e+00 -5.4633e-02 -3.5969e-01
279 +7.209998767e+00 +7.209998767e+00 +1.391299988e+02 +1.391299988e+02 -5.3403e+00 +3.0311e+00 -2.4708e+00 +1.7643e-01 -4.6099e-01
294 +6.279590372e+00 +6.279590372e+00 +1.381995904e+02 +1.381995904e+02 -5.5624e+00 +1.9931e+00 -2.4295e+00 -3.1272e-01 -1.0006e+00
330 +3.632547033e+00 +3.632547033e+00 +1.355525470e+02 +1.355525470e+02 -4.6797e+00 +2.7067e+00 -2.9046e+00 -2.8704e-01 -5.5912e-01
389 +2.496597302e+00 +2.496597302e+00 +1.344165973e+02 +1.344165973e+02 -4.6585e+00 +2.5025e+00 -3.2813e+00 -4.7203e-01 -9.2056e-01
408 +1.547061435e+00 +1.547061435e+00 +1.334670614e+02 +1.334670614e+02 -4.3470e+00 +2.5633e+00 -3.6552e+00 -3.4297e-01 -1.7063e+00
474 +9.171974289e-01 +9.171974289e-01 +1.328371974e+02 +1.328371974e+02 -4.4497e+00 +2.1718e+00 -3.4418e+00 -5.4150e-01 -1.3435e+00
507 +4.195835279e-01 +4.195835279e-01 +1.323395835e+02 +1.323395835e+02 -4.3207e+00 +2.0732e+00 -3.4735e+00 -4.3887e-01 -1.3071e+00
518 +3.961833713e-01 +3.961833713e-01 +1.323161834e+02 +1.323161834e+02 -4.3193e+00 +1.9680e+00 -3.5214e+00 -5.4081e-01 -1.3251e+00
519 +2.224198918e-01 +2.224198918e-01 +1.321424199e+02 +1.321424199e+02 -4.1789e+00 +2.0238e+00 -3.6515e+00 -3.7503e-01 -1.4861e+00
590 +1.582000255e-01 +1.582000255e-01 +1.320782000e+02 +1.320782000e+02 -4.1684e+00 +1.9610e+00 -3.6095e+00 -5.0958e-01 -1.4877e+00
593 +5.103108337e-02 +5.103108337e-02 +1.319710311e+02 +1.319710311e+02 -4.0739e+00 +1.9755e+00 -3.6274e+00 -4.6146e-01 -1.4739e+00
650 +2.369128653e-02 +2.369128653e-02 +1.319436913e+02 +1.319436913e+02 -4.0521e+00 +1.9191e+00 -3.6372e+00 -4.7715e-01 -1.4560e+00
719 +1.363792680e-02 +1.363792680e-02 +1.319336379e+02 +1.319336379e+02 -4.0218e+00 +1.9229e+00 -3.6880e+00 -4.8436e-01 -1.5000e+00
754 +8.725811764e-03 +8.725811764e-03 +1.319287258e+02 +1.319287258e+02 -4.0232e+00 +1.9048e+00 -3.6757e+00 -4.8256e-01 -1.4705e+00
758 +4.212643996e-03 +4.212643996e-03 +1.319242126e+02 +1.319242126e+02 -4.0088e+00 +1.9057e+00 -3.6870e+00 -4.7597e-01 -1.4840e+00
960 +3.205812057e-03 +3.205812057e-03 +1.319232058e+02 +1.319232058e+02 -4.0046e+00 +1.9168e+00 -3.6819e+00 -4.5695e-01 -1.4888e+00
974 +1.877899846e-03 +1.877899846e-03 +1.319218779e+02 +1.319218779e+02 -4.0006e+00 +1.9104e+00 -3.6901e+00 -4.6785e-01 -1.4880e+00
1029 +1.460801690e-03 +1.460801690e-03 +1.319214608e+02 +1.319214608e+02 -3.9975e+00 +1.9131e+00 -3.6858e+00 -4.6398e-01 -1.4900e+00
1042 +9.625281955e-04 +9.625281955e-04 +1.319209625e+02 +1.319209625e+02 -3.9938e+00 +1.9139e+00 -3.6893e+00 -4.6732e-01 -1.4933e+00
1058 +5.515425081e-04 +5.515425081e-04 +1.319205515e+02 +1.319205515e+02 -3.9907e+00 +1.9121e+00 -3.6949e+00 -4.7003e-01 -1.4944e+00
1072 +2.952068052e-04 +2.952068052e-04 +1.319202952e+02 +1.319202952e+02 -3.9884e+00 +1.9121e+00 -3.6972e+00 -4.6622e-01 -1.4999e+00
1144 +1.931819879e-04 +1.931819879e-04 +1.319201932e+02 +1.319201932e+02 -3.9863e+00 +1.9109e+00 -3.6978e+00 -4.6533e-01 -1.5012e+00
1170 +1.455090427e-04 +1.455090427e-04 +1.319201455e+02 +1.319201455e+02 -3.9855e+00 +1.9130e+00 -3.6962e+00 -4.6548e-01 -1.4968e+00
1171 +9.845061709e-05 +9.845061709e-05 +1.319200985e+02 +1.319200985e+02 -3.9851e+00 +1.9112e+00 -3.6988e+00 -4.6603e-01 -1.4998e+00
1196 +5.358628556e-05 +5.358628556e-05 +1.319200536e+02 +1.319200536e+02 -3.9844e+00 +1.9116e+00 -3.6981e+00 -4.6742e-01 -1.4985e+00
1210 +2.999380465e-05 +2.999380465e-05 +1.319200300e+02 +1.319200300e+02 -3.9839e+00 +1.9114e+00 -3.6983e+00 -4.6703e-01 -1.4990e+00
1220 +1.951408137e-05 +1.951408137e-05 +1.319200195e+02 +1.319200195e+02 -3.9835e+00 +1.9113e+00 -3.6988e+00 -4.6686e-01 -1.4995e+00
1303 +1.555806259e-05 +1.555806259e-05 +1.319200156e+02 +1.319200156e+02 -3.9834e+00 +1.9109e+00 -3.6988e+00 -4.6741e-01 -1.4988e+00
1307 +8.809425566e-06 +8.809425566e-06 +1.319200088e+02 +1.319200088e+02 -3.9832e+00 +1.9109e+00 -3.6988e+00 -4.6712e-01 -1.4992e+00
1371 +3.229022184e-06 +3.229022184e-06 +1.319200032e+02 +1.319200032e+02 -3.9828e+00 +1.9106e+00 -3.6990e+00 -4.6734e-01 -1.4991e+00
1408 +1.931312852e-06 +1.931312852e-06 +1.319200019e+02 +1.319200019e+02 -3.9827e+00 +1.9104e+00 -3.6992e+00 -4.6725e-01 -1.4992e+00
1423 +9.442325108e-07 +9.442325108e-07 +1.319200009e+02 +1.319200009e+02 -3.9827e+00 +1.9104e+00 -3.6991e+00 -4.6719e-01 -1.4990e+00
1507 +5.943496149e-07 +5.943496149e-07 +1.319200006e+02 +1.319200006e+02 -3.9825e+00 +1.9105e+00 -3.6992e+00 -4.6725e-01 -1.4991e+00
1522 +3.539181819e-07 +3.539181819e-07 +1.319200004e+02 +1.319200004e+02 -3.9825e+00 +1.9104e+00 -3.6991e+00 -4.6719e-01 -1.4992e+00
1539 +1.949399007e-07 +1.949399007e-07 +1.319200002e+02 +1.319200002e+02 -3.9825e+00 +1.9104e+00 -3.6991e+00 -4.6719e-01 -1.4991e+00
1660 +1.303984902e-07 +1.303984902e-07 +1.319200001e+02 +1.319200001e+02 -3.9825e+00 +1.9104e+00 -3.6992e+00 -4.6717e-01 -1.4992e+00
1716 +8.652312999e-08 +8.652312999e-08 +1.319200001e+02 +1.319200001e+02 -3.9825e+00 +1.9104e+00 -3.6992e+00 -4.6719e-01 -1.4992e+00
1734 +4.465948678e-08 +4.465948678e-08 +1.319200000e+02 +1.319200000e+02 -3.9824e+00 +1.9104e+00 -3.6992e+00 -4.6720e-01 -1.4992e+00
1768 +3.433888196e-08 +3.433888196e-08 +1.319200000e+02 +1.319200000e+02 -3.9824e+00 +1.9104e+00 -3.6992e+00 -4.6720e-01 -1.4992e+00
1772 +2.395461252e-08 +2.395461252e-08 +1.319200000e+02 +1.319200000e+02 -3.9824e+00 +1.9104e+00 -3.6992e+00 -4.6719e-01 -1.4992e+00
1784 +1.563958563e-08 +1.563958563e-08 +1.319200000e+02 +1.319200000e+02 -3.9824e+00 +1.9104e+00 -3.6992e+00 -4.6720e-01 -1.4992e+00
1875 +8.493827863e-09 +8.493827863e-09 +1.319200000e+02 +1.319200000e+02 -3.9824e+00 +1.9104e+00 -3.6992e+00 -4.6720e-01 -1.4992e+00
% function evaluation | noise-free fitness - Fopt (1.319200000000e+02) | best noise-free fitness - Fopt | measured fitness | best measured fitness | x1 | x2...
1 +8.106966468e+05 +8.106966468e+05 +8.108285668e+05 +8.108285668e+05 -1.6894e+00 -1.0348e+00 +2.9307e+00 -3.6231e+00 +1.2034e+00
11 +4.716883462e+05 +4.716883462e+05 +4.718202662e+05 +4.718202662e+05 -3.6110e+00 +7.3839e-01 +5.1637e-01 -7.1211e+00 +2.6588e+00
19 +3.648812467e+05 +3.648812467e+05 +3.650131667e+05 +3.650131667e+05 -4.5452e+00 +2.1886e-01 -2.5565e-01 -7.3715e+00 +3.7524e+00
27 +2.110536982e+05 +2.110536982e+05 +2.111856182e+05 +2.111856182e+05 -5.8578e+00 -4.0212e+00 -9.6031e-01 -4.6290e+00 +9.4773e-01
32 +8.403873511e+04 +8.403873511e+04 +8.417065511e+04 +8.417065511e+04 -8.0688e+00 -2.7615e+00 -1.7555e+00 -1.1874e+00 +2.6546e+00
40 +6.069384135e+04 +6.069384135e+04 +6.082576135e+04 +6.082576135e+04 -7.0213e+00 +6.6592e-02 -4.1017e+00 -1.1009e-01 +2.0699e+00
50 +8.781064201e+03 +8.781064201e+03 +8.912984201e+03 +8.912984201e+03 -1.1878e+01 -2.3268e+00 -3.6022e+00 -2.4668e+00 +3.9775e+00
54 +4.254093714e+01 +4.254093714e+01 +1.744609371e+02 +1.744609371e+02 -8.3211e+00 +2.0785e+00 -2.4134e+00 +5.0937e-01 -1.2500e+00
242 +2.448386634e+01 +2.448386634e+01 +1.564038663e+02 +1.564038663e+02 -7.1913e+00 +3.2266e+00 -2.1528e+00 -2.7842e-01 -1.4021e+00
299 +1.253483888e+01 +1.253483888e+01 +1.444548389e+02 +1.444548389e+02 -5.7576e+00 +2.8642e+00 -2.3950e+00 -7.6484e-01 -1.5862e+00
319 +6.878770390e+00 +6.878770390e+00 +1.387987704e+02 +1.387987704e+02 -5.3045e+00 +2.8280e+00 -2.3729e+00 -4.1634e-01 -6.1594e-01
376 +5.949430478e+00 +5.949430478e+00 +1.378694305e+02 +1.378694305e+02 -5.0715e+00 +3.0401e+00 -2.8990e+00 -2.7074e-01 -1.0005e+00
394 +2.659453635e+00 +2.659453635e+00 +1.345794536e+02 +1.345794536e+02 -4.7525e+00 +2.5303e+00 -3.1824e+00 -4.4793e-01 -9.5366e-01
450 +2.436326560e+00 +2.436326560e+00 +1.343563266e+02 +1.343563266e+02 -4.7762e+00 +2.4277e+00 -3.2908e+00 -3.4138e-01 -1.2040e+00
471 +1.404902719e+00 +1.404902719e+00 +1.333249027e+02 +1.333249027e+02 -4.5856e+00 +2.2953e+00 -3.4127e+00 -4.3093e-01 -1.2238e+00
491 +9.245266488e-01 +9.245266488e-01 +1.328445266e+02 +1.328445266e+02 -4.3782e+00 +2.0564e+00 -3.6872e+00 -5.9730e-01 -1.4048e+00
529 +4.910878694e-01 +4.910878694e-01 +1.324110879e+02 +1.324110879e+02 -4.3826e+00 +1.9738e+00 -3.4942e+00 -3.6979e-01 -1.3676e+00
533 +1.524732662e-01 +1.524732662e-01 +1.320724733e+02 +1.320724733e+02 -4.1332e+00 +1.9818e+00 -3.6895e+00 -4.8502e-01 -1.4914e+00
627 +7.957119310e-02 +7.957119310e-02 +1.319995712e+02 +1.319995712e+02 -4.1024e+00 +1.9921e+00 -3.6215e+00 -4.4343e-01 -1.4491e+00
667 +5.139220793e-02 +5.139220793e-02 +1.319713922e+02 +1.319713922e+02 -4.0859e+00 +1.9422e+00 -3.6391e+00 -4.4209e-01 -1.4140e+00
674 +2.334871623e-02 +2.334871623e-02 +1.319433487e+02 +1.319433487e+02 -4.0510e+00 +1.9099e+00 -3.6388e+00 -4.7333e-01 -1.4268e+00
723 +1.347277221e-02 +1.347277221e-02 +1.319334728e+02 +1.319334728e+02 -4.0312e+00 +1.9278e+00 -3.6624e+00 -4.4828e-01 -1.4820e+00
815 +8.665581539e-03 +8.665581539e-03 +1.319286656e+02 +1.319286656e+02 -4.0239e+00 +1.9089e+00 -3.6718e+00 -4.7879e-01 -1.4775e+00
856 +2.582523438e-03 +2.582523438e-03 +1.319225825e+02 +1.319225825e+02 -4.0009e+00 +1.9113e+00 -3.6913e+00 -4.7694e-01 -1.4926e+00
879 +1.465779722e-03 +1.465779722e-03 +1.319214658e+02 +1.319214658e+02 -3.9926e+00 +1.9217e+00 -3.6900e+00 -4.6577e-01 -1.4898e+00
962 +5.103661087e-04 +5.103661087e-04 +1.319205104e+02 +1.319205104e+02 -3.9881e+00 +1.9157e+00 -3.6951e+00 -4.6658e-01 -1.4925e+00
1036 +3.038952559e-04 +3.038952559e-04 +1.319203039e+02 +1.319203039e+02 -3.9880e+00 +1.9106e+00 -3.6928e+00 -4.6752e-01 -1.4925e+00
1065 +1.125293805e-04 +1.125293805e-04 +1.319201125e+02 +1.319201125e+02 -3.9861e+00 +1.9106e+00 -3.6961e+00 -4.6694e-01 -1.4964e+00
1070 +5.900777325e-05 +5.900777325e-05 +1.319200590e+02 +1.319200590e+02 -3.9839e+00 +1.9127e+00 -3.6982e+00 -4.6659e-01 -1.4983e+00
1078 +3.448300063e-05 +3.448300063e-05 +1.319200345e+02 +1.319200345e+02 -3.9831e+00 +1.9107e+00 -3.6985e+00 -4.6706e-01 -1.4982e+00
1148 +1.616007611e-05 +1.616007611e-05 +1.319200162e+02 +1.319200162e+02 -3.9831e+00 +1.9114e+00 -3.6991e+00 -4.6728e-01 -1.4990e+00
1160 +1.581902617e-05 +1.581902617e-05 +1.319200158e+02 +1.319200158e+02 -3.9831e+00 +1.9113e+00 -3.6990e+00 -4.6705e-01 -1.4996e+00
1194 +6.393397257e-06 +6.393397257e-06 +1.319200064e+02 +1.319200064e+02 -3.9827e+00 +1.9111e+00 -3.6991e+00 -4.6681e-01 -1.4992e+00
1249 +5.530843197e-06 +5.530843197e-06 +1.319200055e+02 +1.319200055e+02 -3.9827e+00 +1.9111e+00 -3.6990e+00 -4.6693e-01 -1.4991e+00
1274 +3.853619830e-06 +3.853619830e-06 +1.319200039e+02 +1.319200039e+02 -3.9828e+00 +1.9108e+00 -3.6990e+00 -4.6713e-01 -1.4989e+00
1324 +1.988227979e-06 +1.988227979e-06 +1.319200020e+02 +1.319200020e+02 -3.9826e+00 +1.9108e+00 -3.6991e+00 -4.6712e-01 -1.4991e+00
1352 +1.511377491e-06 +1.511377491e-06 +1.319200015e+02 +1.319200015e+02 -3.9826e+00 +1.9107e+00 -3.6992e+00 -4.6707e-01 -1.4992e+00
1405 +9.691820253e-07 +9.691820253e-07 +1.319200010e+02 +1.319200010e+02 -3.9825e+00 +1.9107e+00 -3.6991e+00 -4.6712e-01 -1.4991e+00
1501 +6.290109411e-07 +6.290109411e-07 +1.319200006e+02 +1.319200006e+02 -3.9825e+00 +1.9106e+00 -3.6992e+00 -4.6714e-01 -1.4992e+00
1518 +2.705154998e-07 +2.705154998e-07 +1.319200003e+02 +1.319200003e+02 -3.9824e+00 +1.9105e+00 -3.6992e+00 -4.6716e-01 -1.4992e+00
1565 +1.983504205e-07 +1.983504205e-07 +1.319200002e+02 +1.319200002e+02 -3.9825e+00 +1.9105e+00 -3.6992e+00 -4.6719e-01 -1.4992e+00
1572 +8.474358992e-08 +8.474358992e-08 +1.319200001e+02 +1.319200001e+02 -3.9824e+00 +1.9104e+00 -3.6992e+00 -4.6721e-01 -1.4992e+00
1574 +4.194524195e-08 +4.194524195e-08 +1.319200000e+02 +1.319200000e+02 -3.9824e+00 +1.9104e+00 -3.6992e+00 -4.6720e-01 -1.4992e+00
1683 +3.087811251e-08 +3.087811251e-08 +1.319200000e+02 +1.319200000e+02 -3.9824e+00 +1.9104e+00 -3.6992e+00 -4.6719e-01 -1.4992e+00
1686 +2.116451014e-08 +2.116451014e-08 +1.319200000e+02 +1.319200000e+02 -3.9824e+00 +1.9104e+00 -3.6992e+00 -4.6719e-01 -1.4992e+00
1698 +1.290058549e-08 +1.290058549e-08 +1.319200000e+02 +1.319200000e+02 -3.9824e+00 +1.9104e+00 -3.6992e+00 -4.6720e-01 -1.4992e+00
1773 +6.129454277e-09 +6.129454277e-09 +1.319200000e+02 +1.319200000e+02 -3.9824e+00 +1.9104e+00 -3.6992e+00 -4.6720e-01 -1.4992e+00
% function evaluation | noise-free fitness - Fopt (5.908400000000e+02) | best noise-free fitness - Fopt | measured fitness | best measured fitness | x1 | x2...
1 +6.931203131e+05 +6.931203131e+05 +6.937111531e+05 +6.937111531e+05 -4.9954e-01 -1.1590e+00 +3.1359e+00 +1.7005e+00 -1.4200e-01
2 +5.865862204e+05 +5.865862204e+05 +5.871770604e+05 +5.871770604e+05 +2.1040e-01 -2.9302e+00 +4.8042e+00 +2.9540e-01 -2.3655e+00
12 +2.491673055e+05 +2.491673055e+05 +2.497581455e+05 +2.497581455e+05 -2.8547e+00 -2.3033e+00 +1.9645e+00 -6.9891e-01 -5.3241e+00
22 +1.353939925e+05 +1.353939925e+05 +1.359848325e+05 +1.359848325e+05 -4.2767e-01 -6.3304e+00 +8.2467e-01 -2.4888e+00 -1.8317e+00
26 +9.527869664e+03 +9.527869664e+03 +1.011870966e+04 +1.011870966e+04 -5.7040e+00 -2.8594e+00 -1.8448e+00 -3.6494e+00 -4.8533e+00
38 +5.033129621e+02 +5.033129621e+02 +1.094152962e+03 +1.094152962e+03 -8.1965e+00 -7.1604e+00 -6.0410e+00 -2.9981e+00 -8.5748e+00
96 +3.833737276e+02 +3.833737276e+02 +9.742137276e+02 +9.742137276e+02 -2.8807e+00 -6.0337e+00 -6.5953e+00 -9.1964e+00 -3.6403e+00
99 +2.184372979e+02 +2.184372979e+02 +8.092772979e+02 +8.092772979e+02 -2.8588e+00 -4.7299e+00 -3.5537e+00 -9.8907e+00 -2.0887e+00
111 +1.073904907e+02 +1.073904907e+02 +6.982304907e+02 +6.982304907e+02 +6.7439e-01 -2.1732e+00 -3.6755e+00 -8.4877e+00 -3.6476e+00
336 +6.619688340e+01 +6.619688340e+01 +6.570368834e+02 +6.570368834e+02 +3.3913e+00 -1.8920e+00 -4.6781e+00 -6.5867e+00 -3.4414e+00
340 +5.165525999e+01 +5.165525999e+01 +6.424952600e+02 +6.424952600e+02 +3.3753e+00 -1.6567e+00 -4.6678e+00 -5.6276e+00 -3.0699e+00
349 +3.223745256e+01 +3.223745256e+01 +6.230774526e+02 +6.230774526e+02 +2.4793e+00 -2.4289e+00 -3.8783e+00 -4.3961e+00 -3.6525e+00
416 +2.306750354e+01 +2.306750354e+01 +6.139075035e+02 +6.139075035e+02 +1.1638e+00 -3.6269e+00 -2.5410e+00 -4.4048e+00 -1.8256e+00
427 +1.326613072e+01 +1.326613072e+01 +6.041061307e+02 +6.041061307e+02 +1.9334e+00 -3.2016e+00 -3.5560e+00 -3.7477e+00 -1.5192e+00
446 +9.746513333e+00 +9.746513333e+00 +6.005865133e+02 +6.005865133e+02 +1.8424e+00 -2.8453e+00 -2.9805e+00 -3.6295e+00 -1.5380e+00
530 +4.368140916e+00 +4.368140916e+00 +5.952081409e+02 +5.952081409e+02 +1.9353e+00 -3.4661e+00 -2.9852e+00 -2.6124e+00 -1.0775e+00
576 +3.871226936e+00 +3.871226936e+00 +5.947112269e+02 +5.947112269e+02 +1.8385e+00 -3.3554e+00 -3.0803e+00 -2.5982e+00 -1.0084e+00
628 +2.221042940e+00 +2.221042940e+00 +5.930610429e+02 +5.930610429e+02 +1.7896e+00 -3.2922e+00 -2.9253e+00 -2.2168e+00 -9.0637e-01
650 +1.386091302e+00 +1.386091302e+00 +5.922260913e+02 +5.922260913e+02 +1.7479e+00 -3.2384e+00 -3.2679e+00 -2.0001e+00 -8.0528e-01
700 +7.444321986e-01 +7.444321986e-01 +5.915844322e+02 +5.915844322e+02 +1.4967e+00 -3.2572e+00 -3.2656e+00 -1.8044e+00 -5.5485e-01
746 +6.042112769e-01 +6.042112769e-01 +5.914442113e+02 +5.914442113e+02 +1.4526e+00 -3.3141e+00 -3.5428e+00 -1.5583e+00 -3.4961e-01
750 +3.854809441e-01 +3.854809441e-01 +5.912254809e+02 +5.912254809e+02 +1.3477e+00 -3.3780e+00 -3.5328e+00 -1.3915e+00 -3.4227e-01
800 +2.179707536e-01 +2.179707536e-01 +5.910579708e+02 +5.910579708e+02 +1.4695e+00 -3.3639e+00 -3.5859e+00 -1.3088e+00 -3.4546e-01
808 +1.546363009e-01 +1.546363009e-01 +5.909946363e+02 +5.909946363e+02 +1.4638e+00 -3.3341e+00 -3.4140e+00 -1.3360e+00 -4.8116e-01
819 +6.889147025e-02 +6.889147025e-02 +5.909088915e+02 +5.909088915e+02 +1.4776e+00 -3.3350e+00 -3.4939e+00 -1.2655e+00 -3.7861e-01
858 +4.554930620e-02 +4.554930620e-02 +5.908855493e+02 +5.908855493e+02 +1.4381e+00 -3.3031e+00 -3.4915e+00 -1.2529e+00 -3.8395e-01
899 +3.210640810e-02 +3.210640810e-02 +5.908721064e+02 +5.908721064e+02 +1.4736e+00 -3.3472e+00 -3.4706e+00 -1.2430e+00 -3.3636e-01
916 +2.046783476e-02 +2.046783476e-02 +5.908604678e+02 +5.908604678e+02 +1.4671e+00 -3.3342e+00 -3.4736e+00 -1.2261e+00 -3.3990e-01
978 +9.448742275e-03 +9.448742275e-03 +5.908494487e+02 +5.908494487e+02 +1.4298e+00 -3.3256e+00 -3.4968e+00 -1.1918e+00 -3.1029e-01
1053 +6.077252368e-03 +6.077252368e-03 +5.908460773e+02 +5.908460773e+02 +1.4559e+00 -3.3330e+00 -3.4960e+00 -1.1818e+00 -3.1906e-01
1111 +9.664267536e-04 +9.664267536e-04 +5.908409664e+02 +5.908409664e+02 +1.4502e+00 -3.3381e+00 -3.4920e+00 -1.1648e+00 -2.9659e-01
1177 +5.335361908e-04 +5.335361908e-04 +5.908405335e+02 +5.908405335e+02 +1.4448e+00 -3.3381e+00 -3.4980e+00 -1.1586e+00 -2.9291e-01
1242 +2.071890046e-04 +2.071890046e-04 +5.908402072e+02 +5.908402072e+02 +1.4466e+00 -3.3368e+00 -3.4949e+00 -1.1578e+00 -2.9151e-01
1292 +1.485084639e-04 +1.485084639e-04 +5.908401485e+02 +5.908401485e+02 +1.4454e+00 -3.3358e+00 -3.4984e+00 -1.1545e+00 -2.9361e-01
1300 +5.963388446e-05 +5.963388446e-05 +5.908400596e+02 +5.908400596e+02 +1.4458e+00 -3.3368e+00 -3.4979e+00 -1.1537e+00 -2.9088e-01
1435 +2.978098280e-05 +2.978098280e-05 +5.908400298e+02 +5.908400298e+02 +1.4464e+00 -3.3369e+00 -3.4981e+00 -1.1530e+00 -2.8972e-01
1467 +1.581285426e-05 +1.581285426e-05 +5.908400158e+02 +5.908400158e+02 +1.4461e+00 -3.3366e+00 -3.4983e+00 -1.1527e+00 -2.8975e-01
1555 +4.758593491e-06 +4.758593491e-06 +5.908400048e+02 +5.908400048e+02 +1.4458e+00 -3.3362e+00 -3.4986e+00 -1.1524e+00 -2.8954e-01
1627 +2.990239750e-06 +2.990239750e-06 +5.908400030e+02 +5.908400030e+02 +1.4455e+00 -3.3359e+00 -3.4983e+00 -1.1525e+00 -2.8994e-01
1664 +1.832409794e-06 +1.832409794e-06 +5.908400018e+02 +5.908400018e+02 +1.4455e+00 -3.3360e+00 -3.4982e+00 -1.1524e+00 -2.8982e-01
1690 +1.059058945e-06 +1.059058945e-06 +5.908400011e+02 +5.908400011e+02 +1.4457e+00 -3.3360e+00 -3.4984e+00 -1.1522e+00 -2.8973e-01
1740 +5.672902716e-07 +5.672902716e-07 +5.908400006e+02 +5.908400006e+02 +1.4457e+00 -3.3361e+00 -3.4984e+00 -1.1522e+00 -2.8961e-01
1757 +3.120673000e-07 +3.120673000e-07 +5.908400003e+02 +5.908400003e+02 +1.4456e+00 -3.3360e+00 -3.4984e+00 -1.1521e+00 -2.8968e-01
1798 +1.971703796e-07 +1.971703796e-07 +5.908400002e+02 +5.908400002e+02 +1.4456e+00 -3.3360e+00 -3.4984e+00 -1.1521e+00 -2.8962e-01
1819 +1.279372555e-07 +1.279372555e-07 +5.908400001e+02 +5.908400001e+02 +1.4456e+00 -3.3360e+00 -3.4984e+00 -1.1520e+00 -2.8965e-01
1860 +9.939697065e-08 +9.939697065e-08 +5.908400001e+02 +5.908400001e+02 +1.4456e+00 -3.3360e+00 -3.4984e+00 -1.1520e+00 -2.8966e-01
1911 +5.869810593e-08 +5.869810593e-08 +5.908400001e+02 +5.908400001e+02 +1.4456e+00 -3.3360e+00 -3.4984e+00 -1.1520e+00 -2.8965e-01
1933 +3.048887720e-08 +3.048887720e-08 +5.908400000e+02 +5.908400000e+02 +1.4456e+00 -3.3360e+00 -3.4984e+00 -1.1520e+00 -2.8963e-01
2005 +2.297281299e-08 +2.297281299e-08 +5.908400000e+02 +5.908400000e+02 +1.4456e+00 -3.3360e+00 -3.4984e+00 -1.1520e+00 -2.8962e-01
2013 +1.347052603e-08 +1.347052603e-08 +5.908400000e+02 +5.908400000e+02 +1.4456e+00 -3.3360e+00 -3.4984e+00 -1.1520e+00 -2.8962e-01
2029 +5.879883247e-09 +5.879883247e-09 +5.908400000e+02 +5.908400000e+02 +1.4456e+00 -3.3360e+00 -3.4984e+00 -1.1520e+00 -2.8960e-01
% function evaluation | noise-free fitness - Fopt (5.908400000000e+02) | best noise-free fitness - Fopt | measured fitness | best measured fitness | x1 | x2...
1 +1.074881072e+06 +1.074881072e+06 +1.075471912e+06 +1.075471912e+06 +1.2260e+00 +8.4581e-01 +3.0510e+00 -3.6970e+00 +3.3858e+00
8 +6.861153322e+05 +6.861153322e+05 +6.867061722e+05 +6.867061722e+05 +3.3637e-01 -1.7370e-01 +3.8065e+00 -8.0806e+00 +3.5734e+00
10 +2.600726182e+05 +2.600726182e+05 +2.606634582e+05 +2.606634582e+05 -1.0162e+00 -1.7876e+00 +1.5232e-01 -1.0757e+01 +5.7718e+00
22 +1.317249045e+04 +1.317249045e+04 +1.376333045e+04 +1.376333045e+04 -3.5247e+00 -3.8791e+00 -2.3927e+00 -1.0009e+01 +3.9946e+00
42 +4.884376795e+02 +4.884376795e+02 +1.079277679e+03 +1.079277679e+03 -6.9927e+00 -2.3704e+00 -3.4174e+00 -1.4023e+01 +2.5707e+00
55 +2.231221484e+02 +2.231221484e+02 +8.139621484e+02 +8.139621484e+02 -3.1490e+00 -6.3374e+00 -2.9632e+00 -7.0749e+00 -4.7466e+00
83 +1.141910528e+02 +1.141910528e+02 +7.050310528e+02 +7.050310528e+02 +1.1021e+00 -1.6249e+00 -4.5258e+00 -5.8211e+00 -7.8075e+00
186 +9.524427174e+01 +9.524427174e+01 +6.860842717e+02 +6.860842717e+02 +2.8953e+00 -2.8754e+00 -8.9482e-01 -9.1487e+00 -5.8681e+00
228 +5.219882296e+01 +5.219882296e+01 +6.430388230e+02 +6.430388230e+02 +1.5747e+00 -2.0407e+00 -2.0950e+00 -6.6818e+00 -5.0978e+00
257 +3.540710985e+01 +3.540710985e+01 +6.262471098e+02 +6.262471098e+02 +1.2453e+00 -2.6297e+00 -3.7039e+00 -3.8391e+00 -4.1385e+00
316 +2.428626835e+01 +2.428626835e+01 +6.151262683e+02 +6.151262683e+02 +2.2118e+00 -2.7663e+00 -3.1720e+00 -4.3938e+00 -3.4103e+00
397 +1.214799178e+01 +1.214799178e+01 +6.029879918e+02 +6.029879918e+02 +2.1538e+00 -2.7405e+00 -3.5996e+00 -3.1674e+00 -2.1307e+00
448 +7.403074455e+00 +7.403074455e+00 +5.982430745e+02 +5.982430745e+02 +1.9574e+00 -3.3571e+00 -3.7649e+00 -2.3063e+00 -1.6203e+00
464 +4.712939471e+00 +4.712939471e+00 +5.955529395e+02 +5.955529395e+02 +1.3205e+00 -3.4971e+00 -4.0691e+00 -1.8136e+00 -5.6542e-01
486 +3.264423144e+00 +3.264423144e+00 +5.941044231e+02 +5.941044231e+02 +1.1298e+00 -3.1247e+00 -3.2649e+00 -2.3162e+00 -7.6182e-01
537 +2.431420461e+00 +2.431420461e+00 +5.932714205e+02 +5.932714205e+02 +9.9093e-01 -3.3598e+00 -3.6511e+00 -1.6549e+00 -5.2706e-01
548 +1.368861072e+00 +1.368861072e+00 +5.922088611e+02 +5.922088611e+02 +1.2466e+00 -3.2203e+00 -3.4984e+00 -1.4400e+00 -9.7570e-01
553 +5.101746284e-01 +5.101746284e-01 +5.913501746e+02 +5.913501746e+02 +1.3294e+00 -3.2696e+00 -3.3698e+00 -1.5409e+00 -6.0615e-01
600 +1.114145938e-01 +1.114145938e-01 +5.909514146e+02 +5.909514146e+02 +1.4899e+00 -3.2862e+00 -3.5563e+00 -1.2813e+00 -3.6470e-01
815 +7.947102464e-02 +7.947102464e-02 +5.909194710e+02 +5.909194710e+02 +1.5128e+00 -3.3658e+00 -3.5537e+00 -1.2404e+00 -2.9034e-01
833 +3.937941762e-02 +3.937941762e-02 +5.908793794e+02 +5.908793794e+02 +1.5031e+00 -3.3695e+00 -3.4911e+00 -1.2261e+00 -3.0617e-01
923 +2.461228518e-02 +2.461228518e-02 +5.908646123e+02 +5.908646123e+02 +1.4607e+00 -3.3522e+00 -3.4971e+00 -1.2062e+00 -3.2929e-01
935 +1.057361370e-02 +1.057361370e-02 +5.908505736e+02 +5.908505736e+02 +1.4534e+00 -3.3604e+00 -3.5155e+00 -1.1673e+00 -2.7387e-01
996 +9.808605597e-03 +9.808605597e-03 +5.908498086e+02 +5.908498086e+02 +1.4609e+00 -3.3417e+00 -3.4630e+00 -1.1984e+00 -3.1630e-01
1027 +6.595661812e-04 +6.595661812e-04 +5.908406596e+02 +5.908406596e+02 +1.4511e+00 -3.3391e+00 -3.4986e+00 -1.1606e+00 -2.9074e-01
1179 +6.065184979e-04 +6.065184979e-04 +5.908406065e+02 +5.908406065e+02 +1.4461e+00 -3.3364e+00 -3.5001e+00 -1.1583e+00 -2.9556e-01
1182 +2.522655294e-04 +2.522655294e-04 +5.908402523e+02 +5.908402523e+02 +1.4479e+00 -3.3341e+00 -3.4982e+00 -1.1577e+00 -2.9378e-01
1353 +2.352306084e-04 +2.352306084e-04 +5.908402352e+02 +5.908402352e+02 +1.4439e+00 -3.3346e+00 -3.4981e+00 -1.1570e+00 -2.9161e-01
1431 +1.469704397e-04 +1.469704397e-04 +5.908401470e+02 +5.908401470e+02 +1.4444e+00 -3.3346e+00 -3.4988e+00 -1.1554e+00 -2.9255e-01
1483 +9.451495146e-05 +9.451495146e-05 +5.908400945e+02 +5.908400945e+02 +1.4442e+00 -3.3349e+00 -3.4987e+00 -1.1538e+00 -2.9259e-01
1562 +5.851021342e-05 +5.851021342e-05 +5.908400585e+02 +5.908400585e+02 +1.4443e+00 -3.3355e+00 -3.4987e+00 -1.1532e+00 -2.9156e-01
1570 +3.978157247e-05 +3.978157247e-05 +5.908400398e+02 +5.908400398e+02 +1.4453e+00 -3.3358e+00 -3.4976e+00 -1.1540e+00 -2.9140e-01
1647 +1.648095906e-05 +1.648095906e-05 +5.908400165e+02 +5.908400165e+02 +1.4454e+00 -3.3357e+00 -3.4983e+00 -1.1534e+00 -2.9031e-01
1671 +4.708111533e-06 +4.708111533e-06 +5.908400047e+02 +5.908400047e+02 +1.4454e+00 -3.3360e+00 -3.4982e+00 -1.1525e+00 -2.9000e-01
1753 +2.986430559e-06 +2.986430559e-06 +5.908400030e+02 +5.908400030e+02 +1.4456e+00 -3.3359e+00 -3.4982e+00 -1.1524e+00 -2.9008e-01
1796 +1.910153856e-06 +1.910153856e-06 +5.908400019e+02 +5.908400019e+02 +1.4456e+00 -3.3360e+00 -3.4981e+00 -1.1524e+00 -2.8993e-01
1809 +8.981968449e-07 +8.981968449e-07 +5.908400009e+02 +5.908400009e+02 +1.4456e+00 -3.3360e+00 -3.4983e+00 -1.1523e+00 -2.8974e-01
1815 +4.276653272e-07 +4.276653272e-07 +5.908400004e+02 +5.908400004e+02 +1.4456e+00 -3.3360e+00 -3.4984e+00 -1.1521e+00 -2.8966e-01
1892 +3.105546966e-07 +3.105546966e-07 +5.908400003e+02 +5.908400003e+02 +1.4456e+00 -3.3360e+00 -3.4984e+00 -1.1521e+00 -2.8965e-01
1904 +1.891967258e-07 +1.891967258e-07 +5.908400002e+02 +5.908400002e+02 +1.4456e+00 -3.3360e+00 -3.4984e+00 -1.1521e+00 -2.8966e-01
1959 +1.145792794e-07 +1.145792794e-07 +5.908400001e+02 +5.908400001e+02 +1.4456e+00 -3.3360e+00 -3.4984e+00 -1.1521e+00 -2.8965e-01
1969 +6.615482562e-08 +6.615482562e-08 +5.908400001e+02 +5.908400001e+02 +1.4456e+00 -3.3360e+00 -3.4984e+00 -1.1520e+00 -2.8965e-01
1975 +5.713593509e-08 +5.713593509e-08 +5.908400001e+02 +5.908400001e+02 +1.4456e+00 -3.3360e+00 -3.4984e+00 -1.1520e+00 -2.8965e-01
2053 +3.464481324e-08 +3.464481324e-08 +5.908400000e+02 +5.908400000e+02 +1.4456e+00 -3.3360e+00 -3.4984e+00 -1.1520e+00 -2.8963e-01
2067 +1.949877060e-08 +1.949877060e-08 +5.908400000e+02 +5.908400000e+02 +1.4456e+00 -3.3360e+00 -3.4984e+00 -1.1520e+00 -2.8962e-01
2109 +1.579587661e-08 +1.579587661e-08 +5.908400000e+02 +5.908400000e+02 +1.4456e+00 -3.3360e+00 -3.4984e+00 -1.1520e+00 -2.8962e-01
2191 +8.129859452e-09 +8.129859452e-09 +5.908400000e+02 +5.908400000e+02 +1.4456e+00 -3.3360e+00 -3.4984e+00 -1.1520e+00 -2.8962e-01
% function evaluation | noise-free fitness - Fopt (5.908400000000e+02) | best noise-free fitness - Fopt | measured fitness | best measured fitness | x1 | x2...
1 +3.437773872e+04 +3.437773872e+04 +3.496857872e+04 +3.496857872e+04 +3.8333e+00 -1.8414e+00 -1.9412e+00 -3.7191e+00 -2.8825e+00
11 +3.406134224e+01 +3.406134224e+01 +6.249013422e+02 +6.249013422e+02 +3.3164e+00 -2.5176e+00 -3.6176e+00 -5.3205e+00 -2.8000e+00
144 +2.412967461e+01 +2.412967461e+01 +6.149696746e+02 +6.149696746e+02 +2.8322e+00 -3.0624e+00 -2.5406e+00 -5.0420e+00 -2.9185e+00
216 +1.314342162e+01 +1.314342162e+01 +6.039834216e+02 +6.039834216e+02 +2.2417e+00 -3.2788e+00 -1.9689e+00 -3.8645e+00 -2.4410e+00
257 +9.470361745e+00 +9.470361745e+00 +6.003103617e+02 +6.003103617e+02 +2.4939e+00 -3.0336e+00 -2.6337e+00 -3.4539e+00 -1.9438e+00
310 +5.039785690e+00 +5.039785690e+00 +5.958797857e+02 +5.958797857e+02 +1.8125e+00 -3.1068e+00 -2.9029e+00 -2.5942e+00 -1.7117e+00
311 +3.924346432e+00 +3.924346432e+00 +5.947643464e+02 +5.947643464e+02 +1.3851e+00 -3.2484e+00 -3.1510e+00 -2.0262e+00 -1.5434e+00
396 +1.924242716e+00 +1.924242716e+00 +5.927642427e+02 +5.927642427e+02 +1.4391e+00 -3.3160e+00 -3.4153e+00 -1.7936e+00 -9.8148e-01
417 +1.403204763e+00 +1.403204763e+00 +5.922432048e+02 +5.922432048e+02 +1.2277e+00 -3.2789e+00 -3.4127e+00 -1.5932e+00 -9.3154e-01
452 +7.266521350e-01 +7.266521350e-01 +5.915666521e+02 +5.915666521e+02 +1.2229e+00 -3.3121e+00 -3.3058e+00 -1.4079e+00 -7.2915e-01
499 +2.833438856e-01 +2.833438856e-01 +5.911233439e+02 +5.911233439e+02 +1.4012e+00 -3.3497e+00 -3.3029e+00 -1.4170e+00 -4.9999e-01
564 +2.404447608e-01 +2.404447608e-01 +5.910804448e+02 +5.910804448e+02 +1.5693e+00 -3.2792e+00 -3.4106e+00 -1.4632e+00 -4.9429e-01
627 +1.351627273e-01 +1.351627273e-01 +5.909751627e+02 +5.909751627e+02 +1.4833e+00 -3.2718e+00 -3.4778e+00 -1.3109e+00 -4.8304e-01
653 +4.227989913e-02 +4.227989913e-02 +5.908822799e+02 +5.908822799e+02 +1.4568e+00 -3.3275e+00 -3.4916e+00 -1.2454e+00 -3.6450e-01
659 +2.550875637e-02 +2.550875637e-02 +5.908655088e+02 +5.908655088e+02 +1.4574e+00 -3.3123e+00 -3.5135e+00 -1.2052e+00 -3.5580e-01
777 +2.109546069e-02 +2.109546069e-02 +5.908610955e+02 +5.908610955e+02 +1.4694e+00 -3.3551e+00 -3.4742e+00 -1.2248e+00 -2.9705e-01
812 +4.622423344e-03 +4.622423344e-03 +5.908446224e+02 +5.908446224e+02 +1.4515e+00 -3.3387e+00 -3.5045e+00 -1.1739e+00 -3.0055e-01
908 +6.878771616e-04 +6.878771616e-04 +5.908406879e+02 +5.908406879e+02 +1.4492e+00 -3.3347e+00 -3.4945e+00 -1.1642e+00 -2.9744e-01
1051 +6.156792633e-04 +6.156792633e-04 +5.908406157e+02 +5.908406157e+02 +1.4486e+00 -3.3330e+00 -3.4977e+00 -1.1617e+00 -2.9808e-01
1091 +3.925953524e-04 +3.925953524e-04 +5.908403926e+02 +5.908403926e+02 +1.4422e+00 -3.3351e+00 -3.4966e+00 -1.1584e+00 -2.9365e-01
1110 +1.507408751e-04 +1.507408751e-04 +5.908401507e+02 +5.908401507e+02 +1.4446e+00 -3.3362e+00 -3.4983e+00 -1.1556e+00 -2.9164e-01
1164 +6.931742848e-05 +6.931742848e-05 +5.908400693e+02 +5.908400693e+02 +1.4463e+00 -3.3356e+00 -3.4972e+00 -1.1555e+00 -2.9172e-01
1221 +6.265643674e-05 +6.265643674e-05 +5.908400627e+02 +5.908400627e+02 +1.4451e+00 -3.3361e+00 -3.4977e+00 -1.1547e+00 -2.9066e-01
1269 +3.108744431e-05 +3.108744431e-05 +5.908400311e+02 +5.908400311e+02 +1.4456e+00 -3.3360e+00 -3.4984e+00 -1.1539e+00 -2.8960e-01
1306 +2.141453956e-05 +2.141453956e-05 +5.908400214e+02 +5.908400214e+02 +1.4456e+00 -3.3361e+00 -3.4980e+00 -1.1536e+00 -2.8973e-01
1322 +1.431335954e-05 +1.431335954e-05 +5.908400143e+02 +5.908400143e+02 +1.4453e+00 -3.3360e+00 -3.4986e+00 -1.1528e+00 -2.8952e-01
1328 +4.209278814e-06 +4.209278814e-06 +5.908400042e+02 +5.908400042e+02 +1.4454e+00 -3.3361e+00 -3.4984e+00 -1.1524e+00 -2.8969e-01
1440 +3.891182473e-06 +3.891182473e-06 +5.908400039e+02 +5.908400039e+02 +1.4454e+00 -3.3360e+00 -3.4985e+00 -1.1523e+00 -2.8978e-01
1464 +2.432215865e-06 +2.432215865e-06 +5.908400024e+02 +5.908400024e+02 +1.4455e+00 -3.3359e+00 -3.4984e+00 -1.1524e+00 -2.8979e-01
1472 +1.425981395e-06 +1.425981395e-06 +5.908400014e+02 +5.908400014e+02 +1.4456e+00 -3.3359e+00 -3.4983e+00 -1.1523e+00 -2.8988e-01
1490 +9.227596820e-07 +9.227596820e-07 +5.908400009e+02 +5.908400009e+02 +1.4454e+00 -3.3360e+00 -3.4984e+00 -1.1521e+00 -2.8978e-01
1507 +5.541784276e-07 +5.541784276e-07 +5.908400006e+02 +5.908400006e+02 +1.4456e+00 -3.3360e+00 -3.4983e+00 -1.1522e+00 -2.8978e-01
1637 +3.415724450e-07 +3.415724450e-07 +5.908400003e+02 +5.908400003e+02 +1.4455e+00 -3.3360e+00 -3.4984e+00 -1.1521e+00 -2.8967e-01
1728 +2.422283387e-07 +2.422283387e-07 +5.908400002e+02 +5.908400002e+02 +1.4455e+00 -3.3360e+00 -3.4984e+00 -1.1521e+00 -2.8970e-01
1748 +1.507471552e-07 +1.507471552e-07 +5.908400002e+02 +5.908400002e+02 +1.4455e+00 -3.3360e+00 -3.4984e+00 -1.1520e+00 -2.8966e-01
1817 +9.165910342e-08 +9.165910342e-08 +5.908400001e+02 +5.908400001e+02 +1.4456e+00 -3.3360e+00 -3.4984e+00 -1.1520e+00 -2.8963e-01
1833 +5.809715731e-08 +5.809715731e-08 +5.908400001e+02 +5.908400001e+02 +1.4456e+00 -3.3360e+00 -3.4984e+00 -1.1520e+00 -2.8965e-01
1861 +2.812623734e-08 +2.812623734e-08 +5.908400000e+02 +5.908400000e+02 +1.4456e+00 -3.3360e+00 -3.4984e+00 -1.1520e+00 -2.8964e-01
1926 +1.902708391e-08 +1.902708391e-08 +5.908400000e+02 +5.908400000e+02 +1.4456e+00 -3.3360e+00 -3.4984e+00 -1.1520e+00 -2.8961e-01
1957 +1.096839242e-08 +1.096839242e-08 +5.908400000e+02 +5.908400000e+02 +1.4456e+00 -3.3360e+00 -3.4984e+00 -1.1520e+00 -2.8961e-01
1996 +7.995254236e-09 +7.995254236e-09 +5.908400000e+02 +5.908400000e+02 +1.4456e+00 -3.3360e+00 -3.4984e+00 -1.1520e+00 -2.8960e-01
