% function evaluation | noise-free fitness - Fopt (-1.000000000000e+03) | best noise-free fitness - Fopt | measured fitness | best measured fitness | x1 | x2...
1 +8.614040200e+01 +8.614040200e+01 -9.138595980e+02 -9.138595980e+02 +3.5303e+00 +1.3730e+00 -2.7733e+00 +2.1354e-01 -3.7899e+00 +3.9912e+00 +2.8257e+00 -3.2767e+00 -3.3913e+00 -3.8776e+00
86 +5.085445931e+01 +5.085445931e+01 -9.491455407e+02 -9.491455407e+02 +2.1660e+00 -2.4489e+00 -2.6217e+00 +5.4856e+00 -1.0520e+00 +4.4075e+00 +2.5951e+00 +2.6751e+00 +5.8462e-01 -1.6119e+00
222 +3.651939282e+01 +3.651939282e+01 -9.634806072e+02 -9.634806072e+02 +4.0426e+00 -2.7718e+00 -4.2324e+00 +4.1730e+00 +9.6771e-01 +7.4146e-01 +2.6818e+00 +8.2181e-01 +3.2877e+00 -3.4224e-01
341 +2.392129203e+01 +2.392129203e+01 -9.760787080e+02 -9.760787080e+02 +3.9712e+00 -2.8599e+00 -3.7156e+00 +4.0622e+00 +1.5407e+00 +1.1039e+00 +2.3359e+00 +1.4062e+00 +1.6880e+00 -9.5479e-01
497 +1.560711889e+01 +1.560711889e+01 -9.843928811e+02 -9.843928811e+02 +2.8764e+00 -3.5801e+00 -3.2728e+00 +3.8922e+00 +1.9530e+00 +1.4731e+00 +7.8461e-01 +2.7197e+00 +1.4987e+00 -4.6950e-01
659 +9.801007517e+00 +9.801007517e+00 -9.901989925e+02 -9.901989925e+02 +2.1014e+00 -3.3172e+00 -2.8687e+00 +3.7908e+00 +3.1733e+00 +2.1740e+00 -1.6073e-01 +4.1312e+00 +1.7853e+00 -1.1137e-01
3628 +2.137126233e+00 +2.137126233e+00 -9.978628738e+02 -9.978628738e+02 -4.4842e+00 -2.5433e+00 -3.1975e+00 +2.1413e+00 -3.3676e+00 +4.4185e+00 +3.9250e+00 -5.5725e-01 -3.6637e+00 +3.0084e+00
3879 +1.407138912e+00 +1.407138912e+00 -9.985928611e+02 -9.985928611e+02 -3.8887e+00 -1.6422e+00 -3.1864e+00 +2.6421e+00 -2.7188e+00 +4.0009e+00 +4.1987e+00 -5.0889e-01 -4.1502e+00 +4.0207e+00
3969 +9.766535614e-01 +9.766535614e-01 -9.990233464e+02 -9.990233464e+02 -4.5392e+00 -1.6962e+00 -3.3396e+00 +2.6412e+00 -3.1090e+00 +3.8194e+00 +3.8812e+00 -9.7901e-01 -4.1626e+00 +4.2149e+00
153836 +5.154308596e-01 +5.154308596e-01 -9.994845691e+02 -9.994845691e+02 +3.1406e+00 +7.2087e-01 +1.8214e+00 -4.8544e-01 -3.1228e+00 -2.3706e+00 -1.0509e+00 -1.6750e+00 +1.7107e+00 +2.5214e-01
154083 +2.480602413e-01 +2.480602413e-01 -9.997519398e+02 -9.997519398e+02 +2.9569e+00 +2.1042e-01 +2.1790e+00 -3.2966e-01 -2.4940e+00 -2.2187e+00 -1.2472e+00 -7.0914e-01 +1.5679e+00 +6.9255e-01
154136 +1.452063784e-01 +1.452063784e-01 -9.998547936e+02 -9.998547936e+02 +2.5941e+00 +2.2702e-01 +2.0917e+00 -1.0701e-01 -2.7009e+00 -2.5665e+00 -1.0791e+00 -5.8128e-01 +1.9667e+00 +7.2787e-01
154181 +9.902964202e-02 +9.902964202e-02 -9.999009704e+02 -9.999009704e+02 +2.5319e+00 +4.6677e-01 +2.1226e+00 -2.2658e-01 -2.6830e+00 -2.4034e+00 -1.0800e+00 -1.0097e+00 +2.1130e+00 +6.5214e-01
154199 +4.099380655e-02 +4.099380655e-02 -9.999590062e+02 -9.999590062e+02 +2.0350e+00 +5.0014e-01 +2.3791e+00 -1.1541e-01 -2.6785e+00 -2.3284e+00 -1.0377e+00 -8.1911e-01 +2.4374e+00 +6.5596e-01
154244 +3.147540065e-02 +3.147540065e-02 -9.999685246e+02 -9.999685246e+02 +2.1040e+00 +6.7171e-01 +1.9683e+00 -9.1203e-02 -2.5278e+00 -2.3274e+00 -1.2693e+00 -1.0775e+00 +2.3844e+00 +4.7780e-01
154359 +1.356922616e-02 +1.356922616e-02 -9.999864308e+02 -9.999864308e+02 +1.9521e+00 +4.2150e-01 +2.1088e+00 +1.3073e-01 -2.2832e+00 -1.9689e+00 -1.2165e+00 -8.8745e-01 +2.4383e+00 +6.2089e-01
154422 +8.660792355e-03 +8.660792355e-03 -9.999913392e+02 -9.999913392e+02 +1.9860e+00 +5.0231e-01 +2.2000e+00 +2.7061e-02 -2.3865e+00 -2.1222e+00 -1.2060e+00 -7.7049e-01 +2.3539e+00 +6.2994e-01
154494 +5.719624315e-03 +5.719624315e-03 -9.999942804e+02 -9.999942804e+02 +2.0396e+00 +5.0046e-01 +2.1559e+00 +3.2944e-04 -2.4843e+00 -2.1800e+00 -1.1949e+00 -7.7166e-01 +2.3974e+00 +6.5199e-01
154557 +3.813288069e-03 +3.813288069e-03 -9.999961867e+02 -9.999961867e+02 +1.7824e+00 +6.1072e-01 +2.1753e+00 -6.5509e-02 -2.3355e+00 -2.0334e+00 -1.1161e+00 -7.0337e-01 +2.4991e+00 +6.6554e-01
154648 +1.740839173e-03 +1.740839173e-03 -9.999982592e+02 -9.999982592e+02 +1.6302e+00 +6.9725e-01 +2.1680e+00 -1.8157e-01 -2.2339e+00 -2.1038e+00 -1.2897e+00 -6.7013e-01 +2.6576e+00 +7.0413e-01
154706 +1.280323921e-03 +1.280323921e-03 -9.999987197e+02 -9.999987197e+02 +1.7067e+00 +6.2964e-01 +2.2565e+00 -1.7672e-01 -2.0925e+00 -2.0642e+00 -1.2585e+00 -5.7574e-01 +2.5961e+00 +7.1832e-01
154715 +8.697224920e-04 +8.697224920e-04 -9.999991303e+02 -9.999991303e+02 +1.5296e+00 +5.8951e-01 +2.2060e+00 -1.1358e-01 -2.0829e+00 -2.0201e+00 -1.3032e+00 -5.7980e-01 +2.7358e+00 +7.8784e-01
154809 +4.958296067e-04 +4.958296067e-04 -9.999995042e+02 -9.999995042e+02 +1.6605e+00 +6.0323e-01 +2.4546e+00 -8.2625e-02 -1.9739e+00 -2.1225e+00 -1.3162e+00 -4.3196e-01 +2.6541e+00 +6.8973e-01
154829 +3.302027789e-04 +3.302027789e-04 -9.999996698e+02 -9.999996698e+02 +1.4612e+00 +6.1690e-01 +2.3159e+00 -1.4786e-01 -1.9032e+00 -1.9729e+00 -1.3576e+00 -4.4600e-01 +2.8011e+00 +8.1764e-01
154844 +2.482866540e-04 +2.482866540e-04 -9.999997517e+02 -9.999997517e+02 +1.5095e+00 +6.3006e-01 +2.4036e+00 -1.0767e-01 -1.8689e+00 -1.9882e+00 -1.4006e+00 -4.0167e-01 +2.7414e+00 +7.6182e-01
154935 +1.060818247e-04 +1.060818247e-04 -9.999998939e+02 -9.999998939e+02 +1.5551e+00 +5.0755e-01 +2.3982e+00 -4.6923e-02 -1.8617e+00 -1.9239e+00 -1.3617e+00 -3.6619e-01 +2.7094e+00 +7.9434e-01
154982 +8.830606566e-05 +8.830606566e-05 -9.999999117e+02 -9.999999117e+02 +1.5022e+00 +5.4739e-01 +2.3760e+00 -1.4307e-02 -1.8859e+00 -1.9489e+00 -1.4112e+00 -4.3150e-01 +2.7828e+00 +7.6073e-01
155050 +6.295227593e-05 +6.295227593e-05 -9.999999370e+02 -9.999999370e+02 +1.4671e+00 +5.9951e-01 +2.4692e+00 -6.2931e-02 -1.8647e+00 -2.0107e+00 -1.3795e+00 -4.1317e-01 +2.8286e+00 +7.6629e-01
155067 +3.031260803e-05 +3.031260803e-05 -9.999999697e+02 -9.999999697e+02 +1.4432e+00 +5.9104e-01 +2.4903e+00 -1.2601e-01 -1.7881e+00 -2.0093e+00 -1.4041e+00 -3.2427e-01 +2.8318e+00 +8.0019e-01
155087 +1.559963152e-05 +1.559963152e-05 -9.999999844e+02 -9.999999844e+02 +1.4552e+00 +5.9655e-01 +2.4791e+00 -8.0772e-02 -1.7876e+00 -2.0098e+00 -1.4318e+00 -3.4856e-01 +2.8363e+00 +7.6997e-01
155221 +9.646390254e-06 +9.646390254e-06 -9.999999904e+02 -9.999999904e+02 +1.4335e+00 +6.6697e-01 +2.5651e+00 -1.1443e-01 -1.7888e+00 -2.0161e+00 -1.4311e+00 -4.0169e-01 +2.8799e+00 +7.0479e-01
155251 +5.521427170e-06 +5.521427170e-06 -9.999999945e+02 -9.999999945e+02 +1.3810e+00 +7.0778e-01 +2.6387e+00 -1.7868e-01 -1.7023e+00 -2.0470e+00 -1.4261e+00 -3.4223e-01 +2.9174e+00 +7.3363e-01
155261 +8.146269010e-07 +8.146269010e-07 -9.999999992e+02 -9.999999992e+02 +1.3793e+00 +7.1071e-01 +2.6418e+00 -1.5835e-01 -1.6900e+00 -2.0493e+00 -1.4697e+00 -3.3714e-01 +2.9335e+00 +7.1140e-01
155331 +3.261701522e-07 +3.261701522e-07 -9.999999997e+02 -9.999999997e+02 +1.3458e+00 +7.3907e-01 +2.6784e+00 -1.7484e-01 -1.6876e+00 -2.0900e+00 -1.5031e+00 -3.3230e-01 +2.9842e+00 +7.1275e-01
155431 +1.033293984e-07 +1.033293984e-07 -9.999999999e+02 -9.999999999e+02 +1.3916e+00 +6.8651e-01 +2.6259e+00 -1.3534e-01 -1.6957e+00 -2.0559e+00 -1.5131e+00 -3.2120e-01 +2.9338e+00 +7.2152e-01
155490 +3.886020750e-08 +3.886020750e-08 -1.000000000e+03 -1.000000000e+03 +1.3682e+00 +6.9135e-01 +2.6298e+00 -1.2777e-01 -1.6875e+00 -2.0712e+00 -1.5407e+00 -3.1681e-01 +2.9695e+00 +7.2141e-01
155556 +1.263197191e-08 +1.263197191e-08 -1.000000000e+03 -1.000000000e+03 +1.3425e+00 +7.0870e-01 +2.6090e+00 -1.4084e-01 -1.6961e+00 -2.0632e+00 -1.5300e+00 -3.2930e-01 +2.9766e+00 +7.2459e-01
155584 +3.869558896e-09 +3.869558896e-09 -1.000000000e+03 -1.000000000e+03 +1.3449e+00 +7.1323e-01 +2.6236e+00 -1.4102e-01 -1.6867e+00 -2.0708e+00 -1.5401e+00 -3.2246e-01 +2.9819e+00 +7.1846e-01
155590 +7.504468158e-10 +7.504468158e-10 -1.000000000e+03 -1.000000000e+03 +1.3489e+00 +7.1156e-01 +2.6301e+00 -1.4048e-01 -1.6844e+00 -2.0688e+00 -1.5377e+00 -3.2230e-01 +2.9788e+00 +7.1686e-01
% function evaluation | noise-free fitness - Fopt (-1.000000000000e+03) | best noise-free fitness - Fopt | measured fitness | best measured fitness | x1 | x2...
1 +7.320602394e+01 +7.320602394e+01 -9.267939761e+02 -9.267939761e+02 -2.7431e+00 +1.8632e+00 +1.4370e+00 +1.3029e+00 +3.0825e+00 +2.4946e+00 -1.0670e+00 -3.7085e+00 +1.7852e+00 +2.6385e+00
29 +6.155615058e+01 +6.155615058e+01 -9.384438494e+02 -9.384438494e+02 -2.5641e+00 +2.0043e+00 -2.1922e+00 +1.0725e+00 +2.9553e+00 +8.4485e-02 +4.1381e+00 -2.8599e+00 +3.4301e+00 +2.5828e+00
109 +3.710920688e+01 +3.710920688e+01 -9.628907931e+02 -9.628907931e+02 -2.4247e+00 +1.6854e+00 +6.8161e-02 -1.1363e-01 +2.3224e+00 +2.3232e-01 +3.2218e+00 -2.9952e+00 +4.5051e+00 +5.9558e+00
145 +2.433357757e+01 +2.433357757e+01 -9.756664224e+02 -9.756664224e+02 -1.4719e+00 +7.7828e-01 +1.9527e-01 -1.4828e+00 +1.8553e+00 +1.5736e+00 +3.2337e+00 -3.3136e+00 +3.1986e+00 +4.2747e+00
2848 +1.039831422e+01 +1.039831422e+01 -9.896016858e+02 -9.896016858e+02 +1.7141e+00 -9.9658e-01 +4.0275e-01 +3.0701e+00 +3.2505e+00 -2.1562e+00 +3.2900e-01 +3.0650e+00 +4.2043e+00 +8.1863e-01
2898 +9.082984883e+00 +9.082984883e+00 -9.909170151e+02 -9.909170151e+02 +1.3973e+00 +1.0848e+00 -1.7621e-01 +3.6135e+00 +4.0374e+00 -1.2694e+00 +2.4890e+00 +3.1283e+00 +4.5863e+00 +2.4096e-01
2934 +3.143767554e+00 +3.143767554e+00 -9.968562324e+02 -9.968562324e+02 +1.6548e+00 -6.0533e-02 +6.0635e-01 +3.7055e+00 +3.2736e+00 -1.3104e+00 +1.2018e+00 +2.6023e+00 +4.0323e+00 +7.9926e-01
3078 +2.443145103e+00 +2.443145103e+00 -9.975568549e+02 -9.975568549e+02 +1.4699e+00 +8.7214e-02 -1.1161e-01 +4.1698e+00 +3.7387e+00 -1.3613e+00 +9.5131e-01 +2.4932e+00 +3.5252e+00 +1.2808e+00
299294 +1.480658023e+00 +1.480658023e+00 -9.985193420e+02 -9.985193420e+02 -4.2274e+00 -1.5720e+00 -3.4623e+00 +2.5083e+00 -3.0499e+00 +3.4821e+00 +3.8513e+00 -1.1816e+00 -4.4214e+00 +4.3240e+00
300760 +9.968602634e-01 +9.968602634e-01 -9.990031397e+02 -9.990031397e+02 -4.5191e+00 -1.4730e+00 -2.9627e+00 +3.0760e+00 -3.2678e+00 +3.9186e+00 +3.7875e+00 -1.2640e+00 -4.4413e+00 +4.3072e+00
935009 +5.069207301e-01 +5.069207301e-01 -9.994930793e+02 -9.994930793e+02 +3.0232e+00 -2.2026e+00 +4.6262e-01 +1.5426e+00 -1.9125e+00 -5.5231e-01 -1.3649e+00 +7.4000e-01 +1.1070e+00 +2.0226e+00
935109 +3.972511892e-01 +3.972511892e-01 -9.996027488e+02 -9.996027488e+02 +3.0222e+00 -2.0057e+00 +8.2859e-01 +1.5780e+00 -1.6530e+00 -4.0785e-01 -1.2414e+00 +3.9988e-01 +1.0671e+00 +1.5703e+00
935266 +2.366076493e-01 +2.366076493e-01 -9.997633924e+02 -9.997633924e+02 +2.9107e+00 -1.6309e+00 +1.0040e+00 +1.4803e+00 -2.2730e+00 -6.5734e-01 -8.7604e-01 -1.2856e-02 +1.2455e+00 +1.5750e+00
935328 +1.132786825e-01 +1.132786825e-01 -9.998867213e+02 -9.998867213e+02 +2.4378e+00 -1.4856e+00 +1.0150e+00 +1.3042e+00 -1.8946e+00 -1.0035e+00 -1.4278e+00 +2.7139e-01 +1.7708e+00 +1.6605e+00
935438 +6.921335752e-02 +6.921335752e-02 -9.999307866e+02 -9.999307866e+02 +2.3172e+00 -8.2180e-01 +8.8940e-01 +1.1917e+00 -2.6873e+00 -1.5764e+00 -1.6779e+00 -4.0528e-01 +2.1060e+00 +1.1032e+00
935528 +5.716803509e-02 +5.716803509e-02 -9.999428320e+02 -9.999428320e+02 +2.3847e+00 -5.8758e-01 +1.3116e+00 +8.2102e-01 -2.2288e+00 -1.8680e+00 -2.0744e+00 -2.2438e-01 +2.1766e+00 +1.1253e+00
935547 +1.963124994e-02 +1.963124994e-02 -9.999803688e+02 -9.999803688e+02 +2.1416e+00 -6.6949e-01 +1.2292e+00 +9.9143e-01 -2.1373e+00 -1.4486e+00 -1.6943e+00 -2.6538e-01 +2.1769e+00 +1.0709e+00
935650 +1.403820922e-02 +1.403820922e-02 -9.999859618e+02 -9.999859618e+02 +1.8402e+00 -2.8584e-01 +1.5174e+00 +7.1366e-01 -2.1350e+00 -1.8526e+00 -1.9845e+00 -2.4248e-01 +2.6278e+00 +1.0851e+00
935735 +8.097242157e-03 +8.097242157e-03 -9.999919028e+02 -9.999919028e+02 +1.9333e+00 +9.2078e-02 +1.7037e+00 +2.3569e-01 -2.2168e+00 -2.0326e+00 -1.7541e+00 -4.7490e-01 +2.5073e+00 +8.7559e-01
935746 +3.824931489e-03 +3.824931489e-03 -9.999961751e+02 -9.999961751e+02 +1.8296e+00 +3.6986e-03 +1.8999e+00 +3.0515e-01 -2.1075e+00 -1.8485e+00 -1.6859e+00 -3.1900e-01 +2.5902e+00 +1.0008e+00
935960 +1.680201467e-03 +1.680201467e-03 -9.999983198e+02 -9.999983198e+02 +1.7364e+00 +7.3775e-01 +2.3483e+00 -1.4844e-01 -2.1776e+00 -2.2213e+00 -1.5287e+00 -6.8990e-01 +2.7206e+00 +5.5927e-01
936006 +9.258947176e-04 +9.258947176e-04 -9.999990741e+02 -9.999990741e+02 +1.7170e+00 +4.6633e-01 +2.4432e+00 +4.6833e-02 -1.9048e+00 -2.0331e+00 -1.5283e+00 -4.6777e-01 +2.7617e+00 +6.4384e-01
936174 +3.102984272e-04 +3.102984272e-04 -9.999996897e+02 -9.999996897e+02 +1.5981e+00 +4.4831e-01 +2.3169e+00 +7.6769e-02 -1.8932e+00 -1.9346e+00 -1.4350e+00 -4.0454e-01 +2.7523e+00 +7.4808e-01
936252 +1.240704893e-04 +1.240704893e-04 -9.999998759e+02 -9.999998759e+02 +1.3459e+00 +6.4945e-01 +2.3318e+00 -1.1490e-01 -1.7800e+00 -2.0260e+00 -1.5861e+00 -3.7236e-01 +2.9531e+00 +7.8013e-01
936432 +9.140558382e-05 +9.140558382e-05 -9.999999086e+02 -9.999999086e+02 +1.6149e+00 +4.5081e-01 +2.4259e+00 +4.4999e-02 -1.8037e+00 -1.9528e+00 -1.5102e+00 -3.7935e-01 +2.7657e+00 +7.3925e-01
936464 +3.950704377e-05 +3.950704377e-05 -9.999999605e+02 -9.999999605e+02 +1.4326e+00 +5.9707e-01 +2.5829e+00 -8.8778e-02 -1.6822e+00 -2.0444e+00 -1.4930e+00 -2.5541e-01 +2.8877e+00 +7.3374e-01
936497 +1.621378942e-05 +1.621378942e-05 -9.999999838e+02 -9.999999838e+02 +1.2919e+00 +7.0894e-01 +2.6228e+00 -1.1974e-01 -1.6724e+00 -2.0923e+00 -1.5707e+00 -2.8136e-01 +3.0284e+00 +7.5753e-01
936531 +5.335255651e-06 +5.335255651e-06 -9.999999947e+02 -9.999999947e+02 +1.3761e+00 +6.9209e-01 +2.5973e+00 -1.0907e-01 -1.7132e+00 -2.0847e+00 -1.5659e+00 -3.3646e-01 +2.9541e+00 +6.9779e-01
936674 +2.634247949e-06 +2.634247949e-06 -9.999999974e+02 -9.999999974e+02 +1.3733e+00 +7.1060e-01 +2.6344e+00 -1.5144e-01 -1.6667e+00 -2.0734e+00 -1.5526e+00 -3.3476e-01 +2.9738e+00 +7.2265e-01
936696 +1.305297246e-06 +1.305297246e-06 -9.999999987e+02 -9.999999987e+02 +1.3489e+00 +7.2023e-01 +2.6577e+00 -1.4538e-01 -1.6499e+00 -2.0606e+00 -1.5375e+00 -3.2156e-01 +2.9834e+00 +7.1907e-01
936770 +6.732154816e-07 +6.732154816e-07 -9.999999993e+02 -9.999999993e+02 +1.3498e+00 +7.4316e-01 +2.6590e+00 -1.4272e-01 -1.7158e+00 -2.0867e+00 -1.5449e+00 -3.5811e-01 +3.0005e+00 +6.8484e-01
936789 +4.685670092e-07 +4.685670092e-07 -9.999999995e+02 -9.999999995e+02 +1.3292e+00 +6.7765e-01 +2.6206e+00 -1.1808e-01 -1.6411e+00 -2.0499e+00 -1.5808e+00 -2.9237e-01 +3.0018e+00 +7.3911e-01
936809 +1.598180006e-07 +1.598180006e-07 -9.999999998e+02 -9.999999998e+02 +1.3535e+00 +6.6132e-01 +2.6048e+00 -1.0714e-01 -1.6712e+00 -2.0483e+00 -1.5553e+00 -2.9463e-01 +2.9736e+00 +7.3877e-01
936873 +1.582828872e-07 +1.582828872e-07 -9.999999998e+02 -9.999999998e+02 +1.3734e+00 +7.1804e-01 +2.6261e+00 -1.4799e-01 -1.6989e+00 -2.0727e+00 -1.5357e+00 -3.3944e-01 +2.9651e+00 +7.0988e-01
936874 +3.818320238e-08 +3.818320238e-08 -1.000000000e+03 -1.000000000e+03 +1.3628e+00 +7.1829e-01 +2.6328e+00 -1.4461e-01 -1.6960e+00 -2.0733e+00 -1.5331e+00 -3.4489e-01 +2.9696e+00 +7.0713e-01
936914 +1.168712060e-08 +1.168712060e-08 -1.000000000e+03 -1.000000000e+03 +1.3628e+00 +7.1560e-01 +2.6392e+00 -1.4568e-01 -1.6926e+00 -2.0792e+00 -1.5377e+00 -3.3143e-01 +2.9752e+00 +7.1342e-01
937020 +1.076728040e-09 +1.076728040e-09 -1.000000000e+03 -1.000000000e+03 +1.3478e+00 +7.1135e-01 +2.6329e+00 -1.3757e-01 -1.6796e+00 -2.0691e+00 -1.5482e+00 -3.2296e-01 +2.9843e+00 +7.1792e-01
937048 +2.438582669e-10 +2.438582669e-10 -1.000000000e+03 -1.000000000e+03 +1.3505e+00 +7.1972e-01 +2.6431e+00 -1.4130e-01 -1.6858e+00 -2.0780e+00 -1.5404e+00 -3.2907e-01 +2.9837e+00 +7.0907e-01
% function evaluation | noise-free fitness - Fopt (-1.000000000000e+03) | best noise-free fitness - Fopt | measured fitness | best measured fitness | x1 | x2...
1 +8.132325601e+01 +8.132325601e+01 -9.186767440e+02 -9.186767440e+02 -3.2307e+00 -2.0650e+00 +2.5837e-01 -2.3286e-01 -4.7808e-01 -2.3502e+00 +1.1271e+00 -3.2413e+00 -1.6532e+00 +2.7241e-01
57 +4.408332793e+01 +4.408332793e+01 -9.559166721e+02 -9.559166721e+02 -4.7151e-01 +3.3706e-01 +1.3240e+00 -3.4891e-01 +2.7581e+00 +2.7249e+00 +2.6969e+00 -2.6587e+00 +3.2246e+00 +5.9125e+00
117 +3.571353964e+01 +3.571353964e+01 -9.642864604e+02 -9.642864604e+02 -8.1237e-01 +1.5186e+00 +3.0661e-02 -7.2911e-01 +1.4535e+00 +9.1027e-01 +2.3696e+00 -4.7912e+00 +2.1674e+00 +4.7922e+00
175 +2.457448730e+01 +2.457448730e+01 -9.754255127e+02 -9.754255127e+02 -2.0726e+00 +1.0996e+00 +2.4830e-01 -8.8641e-01 +1.7578e+00 +6.8368e-01 +3.8478e+00 -4.2542e+00 +3.3444e+00 +5.2575e+00
2710 +1.491340911e+01 +1.491340911e+01 -9.850865909e+02 -9.850865909e+02 +4.3969e+00 -4.3421e+00 +3.7952e+00 -1.1360e-01 +4.2944e+00 +1.2262e+00 +5.8930e+00 +1.9195e-01 -3.7420e-01 +2.8089e+00
2806 +8.447556869e+00 +8.447556869e+00 -9.915524431e+02 -9.915524431e+02 +3.9191e+00 -2.5109e+00 +3.9669e+00 -7.5227e-01 +3.6864e+00 +1.0946e-02 +5.4968e+00 -4.6357e-01 +5.2696e-01 +2.2646e+00
2918 +6.157566558e+00 +6.157566558e+00 -9.938424334e+02 -9.938424334e+02 +3.0835e+00 -2.4507e+00 +3.2467e+00 -2.3067e+00 +3.1835e+00 -7.3294e-01 +4.4104e+00 -9.3904e-01 +4.5096e-01 +2.2313e+00
3072 +3.893010868e+00 +3.893010868e+00 -9.961069891e+02 -9.961069891e+02 +2.6917e+00 -2.1886e+00 +3.6855e+00 -1.6143e+00 +2.9961e+00 -5.5493e-01 +4.6474e+00 -5.7365e-01 +2.6487e-01 +2.5269e+00
34035 +2.037235865e+00 +2.037235865e+00 -9.979627641e+02 -9.979627641e+02 +7.6401e-01 +3.0511e-01 +4.2159e+00 -4.5676e-01 -2.1663e-01 -9.1176e-01 +9.4794e-02 +5.2016e-01 +3.0278e+00 +1.0745e+00
34155 +1.275746170e+00 +1.275746170e+00 -9.987242538e+02 -9.987242538e+02 +6.1293e-01 +1.1456e+00 +3.6571e+00 -1.1339e+00 +3.1019e-01 -1.5152e+00 -1.2192e+00 +1.0592e+00 +2.9903e+00 +9.9890e-01
34159 +8.955378981e-01 +8.955378981e-01 -9.991044621e+02 -9.991044621e+02 +4.2740e-01 +8.3007e-01 +3.4019e+00 -8.5770e-01 -5.3199e-01 -1.5181e+00 -4.9588e-01 +9.8632e-01 +2.6942e+00 +1.4425e+00
34163 +4.620280049e-01 +4.620280049e-01 -9.995379720e+02 -9.995379720e+02 +1.2846e+00 +7.4475e-01 +3.5078e+00 -6.0243e-01 -1.6452e+00 -2.2952e+00 -5.9993e-01 +4.3656e-01 +2.7008e+00 +1.1029e+00
34268 +3.817136663e-01 +3.817136663e-01 -9.996182863e+02 -9.996182863e+02 +7.1918e-01 +9.2874e-01 +3.3408e+00 -5.8378e-01 -5.2971e-01 -1.6900e+00 -8.1881e-01 +4.1751e-01 +3.0285e+00 +6.9309e-01
34289 +2.138693920e-01 +2.138693920e-01 -9.997861306e+02 -9.997861306e+02 +5.5631e-01 +1.2414e+00 +3.6459e+00 -6.8849e-01 -8.9435e-01 -1.9946e+00 -9.2553e-01 +2.6690e-01 +3.0860e+00 +7.0642e-01
34336 +6.598396778e-02 +6.598396778e-02 -9.999340160e+02 -9.999340160e+02 +9.4074e-01 +1.2389e+00 +3.2179e+00 -6.8361e-01 -9.6095e-01 -2.0778e+00 -1.1071e+00 +3.3577e-03 +2.9729e+00 +7.0564e-01
34372 +5.987819817e-02 +5.987819817e-02 -9.999401218e+02 -9.999401218e+02 +9.2781e-01 +1.1726e+00 +3.8922e+00 -8.5374e-01 -8.8061e-01 -1.8640e+00 -8.8707e-01 +4.6446e-02 +3.1345e+00 +6.9973e-01
34414 +3.847257375e-02 +3.847257375e-02 -9.999615274e+02 -9.999615274e+02 +1.0293e+00 +1.3379e+00 +3.7401e+00 -1.0430e+00 -1.1563e+00 -2.0710e+00 -8.9023e-01 -1.3182e-01 +3.0643e+00 +7.4193e-01
34415 +1.410740212e-02 +1.410740212e-02 -9.999858926e+02 -9.999858926e+02 +9.4723e-01 +1.1120e+00 +3.3756e+00 -6.2160e-01 -1.2394e+00 -2.2716e+00 -1.3068e+00 +3.0858e-02 +3.2631e+00 +8.3326e-01
34491 +3.649809980e-03 +3.649809980e-03 -9.999963502e+02 -9.999963502e+02 +1.2664e+00 +9.3884e-01 +3.1909e+00 -3.1362e-01 -1.2943e+00 -2.2065e+00 -1.4333e+00 -1.4911e-01 +3.0192e+00 +4.9187e-01
34579 +9.938138676e-04 +9.938138676e-04 -9.999990062e+02 -9.999990062e+02 +1.3989e+00 +1.1012e+00 +2.7570e+00 -4.2899e-01 -1.9572e+00 -2.2833e+00 -1.3732e+00 -5.8366e-01 +2.9127e+00 +5.6507e-01
34799 +5.305240816e-04 +5.305240816e-04 -9.999994695e+02 -9.999994695e+02 +1.2202e+00 +8.0280e-01 +2.8255e+00 -2.0335e-01 -1.6800e+00 -2.1514e+00 -1.4517e+00 -2.8240e-01 +3.0759e+00 +7.4754e-01
34845 +3.134751713e-04 +3.134751713e-04 -9.999996865e+02 -9.999996865e+02 +1.4712e+00 +8.9584e-01 +2.6529e+00 -3.1812e-01 -1.9216e+00 -2.2087e+00 -1.4179e+00 -6.1124e-01 +2.9021e+00 +5.8892e-01
34846 +2.080818433e-05 +2.080818433e-05 -9.999999792e+02 -9.999999792e+02 +1.2639e+00 +8.6847e-01 +2.7869e+00 -2.3344e-01 -1.6523e+00 -2.1732e+00 -1.4725e+00 -3.3981e-01 +3.0517e+00 +6.4621e-01
35010 +6.578753187e-06 +6.578753187e-06 -9.999999934e+02 -9.999999934e+02 +1.2924e+00 +9.1607e-01 +2.7784e+00 -3.0173e-01 -1.7277e+00 -2.1657e+00 -1.4457e+00 -4.1414e-01 +3.0300e+00 +6.4629e-01
35136 +6.034312037e-06 +6.034312037e-06 -9.999999940e+02 -9.999999940e+02 +1.3136e+00 +8.8362e-01 +2.7824e+00 -2.9317e-01 -1.6856e+00 -2.1701e+00 -1.4658e+00 -3.7275e-01 +3.0055e+00 +6.4201e-01
35168 +3.617473453e-06 +3.617473453e-06 -9.999999964e+02 -9.999999964e+02 +1.2941e+00 +8.5189e-01 +2.7409e+00 -2.5775e-01 -1.6921e+00 -2.1516e+00 -1.4747e+00 -3.7111e-01 +3.0294e+00 +6.6337e-01
35187 +1.819236786e-06 +1.819236786e-06 -9.999999982e+02 -9.999999982e+02 +1.3131e+00 +8.6269e-01 +2.7739e+00 -2.5788e-01 -1.6959e+00 -2.1422e+00 -1.4541e+00 -3.8352e-01 +3.0144e+00 +6.5251e-01
35269 +9.126516716e-07 +9.126516716e-07 -9.999999991e+02 -9.999999991e+02 +1.3140e+00 +8.1203e-01 +2.7283e+00 -2.2811e-01 -1.6742e+00 -2.1110e+00 -1.4763e+00 -3.5696e-01 +3.0057e+00 +6.8078e-01
35322 +2.678972351e-07 +2.678972351e-07 -9.999999997e+02 -9.999999997e+02 +1.3712e+00 +7.4912e-01 +2.6565e+00 -1.7772e-01 -1.7193e+00 -2.0805e+00 -1.4742e+00 -3.6635e-01 +2.9518e+00 +6.9998e-01
35476 +2.467278364e-07 +2.467278364e-07 -9.999999998e+02 -9.999999998e+02 +1.3841e+00 +6.5470e-01 +2.6023e+00 -8.8287e-02 -1.6854e+00 -2.0486e+00 -1.5438e+00 -3.1044e-01 +2.9518e+00 +7.1807e-01
35490 +6.351797310e-08 +6.351797310e-08 -9.999999999e+02 -9.999999999e+02 +1.3573e+00 +7.1138e-01 +2.6330e+00 -1.4425e-01 -1.6723e+00 -2.0717e+00 -1.5577e+00 -3.1878e-01 +2.9746e+00 +7.1317e-01
35562 +3.226159606e-08 +3.226159606e-08 -1.000000000e+03 -1.000000000e+03 +1.3658e+00 +6.9412e-01 +2.6127e+00 -1.1948e-01 -1.7011e+00 -2.0590e+00 -1.5306e+00 -3.3238e-01 +2.9660e+00 +7.2034e-01
35578 +2.128535925e-08 +2.128535925e-08 -1.000000000e+03 -1.000000000e+03 +1.3592e+00 +6.9760e-01 +2.6382e+00 -1.2640e-01 -1.6865e+00 -2.0670e+00 -1.5368e+00 -3.1996e-01 +2.9756e+00 +7.2055e-01
35626 +6.793584362e-09 +6.793584362e-09 -1.000000000e+03 -1.000000000e+03 +1.3416e+00 +7.0332e-01 +2.6187e+00 -1.3237e-01 -1.6811e+00 -2.0680e+00 -1.5500e+00 -3.1907e-01 +2.9854e+00 +7.2144e-01
35643 +1.353100743e-09 +1.353100743e-09 -1.000000000e+03 -1.000000000e+03 +1.3531e+00 +7.0162e-01 +2.6253e+00 -1.2463e-01 -1.6867e+00 -2.0685e+00 -1.5483e+00 -3.2319e-01 +2.9808e+00 +7.1603e-01
% function evaluation | noise-free fitness - Fopt (1.000000000000e+03) | best noise-free fitness - Fopt | measured fitness | best measured fitness | x1 | x2...
1 +8.299247575e+01 +8.299247575e+01 +1.082992476e+03 +1.082992476e+03 +4.2595e-01 +1.0350e+00 +1.4757e+00 -2.5851e+00 +2.9933e+00 +2.9709e+00 -2.4583e-01 +3.7108e+00 +1.3598e-01 +5.6098e-01
77 +4.893454183e+01 +4.893454183e+01 +1.048934542e+03 +1.048934542e+03 -2.6807e+00 +4.6563e+00 +1.4013e+00 -2.1014e+00 -4.3472e+00 -8.6965e-01 -3.4057e+00 +4.2687e-01 -1.5779e-01 +2.3132e+00
165 +3.293479408e+01 +3.293479408e+01 +1.032934794e+03 +1.032934794e+03 -1.3294e+00 +3.4038e+00 +2.5544e+00 -2.4380e+00 -1.5053e+00 -3.2802e-01 -2.1459e+00 +6.7158e-01 -6.9900e-01 +2.7591e+00
252 +2.256546811e+01 +2.256546811e+01 +1.022565468e+03 +1.022565468e+03 -1.9856e+00 +3.4269e+00 +2.0489e+00 -5.8181e-01 -4.3785e+00 -9.1803e-02 -1.5184e+00 +2.5653e-01 +4.5604e-01 +2.5089e+00
427 +1.553855283e+01 +1.553855283e+01 +1.015538553e+03 +1.015538553e+03 -2.2871e+00 +2.1155e+00 +3.2131e+00 -1.4780e+00 -4.4612e+00 +1.1514e+00 -2.1413e+00 -2.3442e-01 +4.3122e-01 +2.6750e+00
3245 +6.969494367e+00 +6.969494367e+00 +1.006969494e+03 +1.006969494e+03 -1.4356e+00 +3.4847e+00 -4.8359e+00 -1.7975e+00 +9.1371e-01 +7.4303e-01 +1.2146e+00 +1.1283e+00 -2.0136e+00 -2.8770e+00
3308 +5.713547794e+00 +5.713547794e+00 +1.005713548e+03 +1.005713548e+03 -2.4215e+00 +4.3551e+00 -4.3306e+00 -1.9743e+00 -6.8918e-01 +1.4463e+00 +1.5686e+00 -6.8940e-02 -3.1599e+00 -3.0593e+00
3383 +3.635422374e+00 +3.635422374e+00 +1.003635422e+03 +1.003635422e+03 -2.5364e+00 +4.1124e+00 -5.0214e+00 -2.0644e+00 +4.3707e-02 +3.0088e-01 +1.1756e+00 +3.1691e-01 -2.6467e+00 -2.3305e+00
3452 +2.484175591e+00 +2.484175591e+00 +1.002484176e+03 +1.002484176e+03 -2.2564e+00 +3.1383e+00 -4.3698e+00 -1.9231e+00 -1.7478e-01 +5.2567e-01 +8.1544e-01 +6.0674e-01 -2.7667e+00 -2.1002e+00
39637 +1.572884257e+00 +1.572884257e+00 +1.001572884e+03 +1.001572884e+03 +1.5751e+00 -4.8260e+00 +4.2456e+00 -6.7878e-01 -1.9386e+00 +3.7452e+00 +2.0513e+00 +4.2590e+00 +3.7928e+00 -3.8385e+00
39739 +9.273378663e-01 +9.273378663e-01 +1.000927338e+03 +1.000927338e+03 +1.6942e+00 -4.5678e+00 +4.0901e+00 -1.1773e+00 -2.4190e+00 +4.4534e+00 +2.5211e+00 +4.7362e+00 +3.8140e+00 -4.3500e+00
% function evaluation | noise-free fitness - Fopt (1.000000000000e+03) | best noise-free fitness - Fopt | measured fitness | best measured fitness | x1 | x2...
1 +8.372956897e+01 +8.372956897e+01 +1.083729569e+03 +1.083729569e+03 -1.2666e+00 -2.3472e+00 +2.3873e+00 +5.9945e-01 -1.8900e+00 -3.3692e+00 +5.3006e-01 +9.7063e-01 +3.8292e+00 +1.6975e+00
107 +6.021115537e+01 +6.021115537e+01 +1.060211155e+03 +1.060211155e+03 -2.4711e+00 +9.9209e-01 +2.2836e+00 -1.3912e+00 -2.3249e+00 -6.6681e-01 +2.4513e+00 -3.8458e-01 -1.0307e+00 +3.9933e+00
156 +3.668150087e+01 +3.668150087e+01 +1.036681501e+03 +1.036681501e+03 -4.4048e+00 -1.5063e-01 +1.3743e+00 -3.8147e+00 -1.1452e+00 -1.0800e+00 +1.9827e+00 +7.5950e-01 -3.1336e+00 +2.7753e+00
2541 +2.360408643e+01 +2.360408643e+01 +1.023604086e+03 +1.023604086e+03 -2.3862e+00 +4.1183e+00 -5.9367e+00 -8.1732e-01 +3.3013e-01 +2.0006e+00 -9.7765e-01 +7.7663e-01 -2.5199e+00 -2.9982e+00
2588 +1.363365069e+01 +1.363365069e+01 +1.013633651e+03 +1.013633651e+03 -3.6022e+00 +4.0604e+00 -4.5603e+00 -1.1971e+00 -3.9709e-01 +2.6338e-01 +2.8746e-01 -7.2428e-01 -1.8139e+00 -2.4846e+00
2688 +8.019977039e+00 +8.019977039e+00 +1.008019977e+03 +1.008019977e+03 -2.1015e+00 +3.6772e+00 -4.2610e+00 -2.9047e+00 -5.3640e-02 -4.7720e-02 +2.6786e-01 +1.8602e-01 -2.1456e+00 -2.5618e+00
2758 +5.657425470e+00 +5.657425470e+00 +1.005657425e+03 +1.005657425e+03 -2.4191e+00 +3.9711e+00 -4.5267e+00 -1.6017e+00 -7.7276e-01 +1.2430e+00 +8.3793e-01 -3.8462e-01 -3.3582e+00 -2.9832e+00
2787 +3.232690121e+00 +3.232690121e+00 +1.003232690e+03 +1.003232690e+03 -2.4425e+00 +3.0637e+00 -4.6014e+00 -2.0516e+00 +2.7102e-01 +1.8887e+00 +1.9246e+00 +4.9535e-01 -2.9418e+00 -2.7013e+00
2852 +2.487723639e+00 +2.487723639e+00 +1.002487724e+03 +1.002487724e+03 -2.6132e+00 +3.6443e+00 -4.9170e+00 -2.1535e+00 +1.0020e-01 +1.4754e+00 +1.8208e+00 +2.1807e-01 -2.7994e+00 -3.0549e+00
118331 +1.566353016e+00 +1.566353016e+00 +1.001566353e+03 +1.001566353e+03 +1.1823e+00 -4.7517e+00 +4.4089e+00 -7.3250e-01 -2.3557e+00 +3.9725e+00 +2.0854e+00 +4.6228e+00 +3.7777e+00 -4.7336e+00
118456 +9.537521771e-01 +9.537521771e-01 +1.000953752e+03 +1.000953752e+03 +1.7016e+00 -4.6634e+00 +4.8752e+00 -9.8810e-01 -2.6413e+00 +4.4270e+00 +2.0276e+00 +4.6077e+00 +3.8039e+00 -4.7659e+00
% function evaluation | noise-free fitness - Fopt (1.000000000000e+03) | best noise-free fitness - Fopt | measured fitness | best measured fitness | x1 | x2...
1 +8.161137083e+01 +8.161137083e+01 +1.081611371e+03 +1.081611371e+03 -2.9577e+00 +2.4420e+00 -2.0134e-01 +3.9823e+00 -1.4791e+00 +3.1422e+00 -9.5634e-01 +3.1256e+00 +2.0498e+00 +3.8387e+00
43 +6.008318299e+01 +6.008318299e+01 +1.060083183e+03 +1.060083183e+03 -4.2013e+00 +2.7339e+00 -1.5439e-01 +1.2257e+00 -4.4999e-01 -2.0768e+00 -5.8093e-02 +4.5252e+00 +3.2600e+00 +4.5919e+00
210 +3.897822094e+01 +3.897822094e+01 +1.038978221e+03 +1.038978221e+03 -4.8977e+00 +4.9993e+00 -1.3139e-01 +2.0708e+00 -1.6466e+00 -3.7359e+00 -1.8924e-01 +4.5846e+00 +1.8248e+00 +3.8200e+00
6548 +2.081337521e+01 +2.081337521e+01 +1.020813375e+03 +1.020813375e+03 -9.5659e-01 +3.2129e+00 -6.4193e+00 -1.5300e+00 +2.3201e-01 +4.5631e-01 +9.8013e-01 -3.9523e-01 -2.4512e+00 -2.0901e+00
6620 +8.631737913e+00 +8.631737913e+00 +1.008631738e+03 +1.008631738e+03 -2.9466e+00 +4.2014e+00 -4.3402e+00 -2.6343e+00 -8.1195e-01 +9.5274e-01 +1.1907e+00 +8.2360e-02 -1.5089e+00 -2.1467e+00
6859 +5.361895034e+00 +5.361895034e+00 +1.005361895e+03 +1.005361895e+03 -2.3282e+00 +3.3765e+00 -4.4512e+00 -3.0310e+00 +7.3548e-01 +9.7678e-01 +1.6527e+00 +1.0290e-01 -2.8232e+00 -3.2284e+00
6957 +2.921562121e+00 +2.921562121e+00 +1.002921562e+03 +1.002921562e+03 -2.4473e+00 +3.3139e+00 -3.9585e+00 -1.9792e+00 +9.1912e-04 +7.0165e-01 +1.5916e+00 +4.3929e-01 -3.2469e+00 -2.5626e+00
7122 +2.252147059e+00 +2.252147059e+00 +1.002252147e+03 +1.002252147e+03 -2.4712e+00 +3.3028e+00 -4.8770e+00 -1.7539e+00 -7.6834e-01 +1.2407e+00 +1.4618e+00 +4.3575e-01 -2.9840e+00 -2.7147e+00
47142 +1.530069291e+00 +1.530069291e+00 +1.001530069e+03 +1.001530069e+03 +2.0666e+00 -4.6055e+00 +4.7539e+00 -1.0642e+00 -2.9318e+00 +5.0118e+00 +2.4777e+00 +4.8905e+00 +3.8601e+00 -4.4344e+00
47571 +9.526902065e-01 +9.526902065e-01 +1.000952690e+03 +1.000952690e+03 +2.0272e+00 -4.7291e+00 +4.4058e+00 -9.5654e-01 -2.2940e+00 +4.5010e+00 +2.7652e+00 +4.8412e+00 +3.9256e+00 -4.4518e+00
103834 +4.866891231e-01 +4.866891231e-01 +1.000486689e+03 +1.000486689e+03 -5.5596e-01 -1.9173e+00 -2.0752e+00 +1.7229e+00 -2.3735e+00 +1.3297e+00 -1.0431e+00 +8.3896e-01 -2.4999e+00 +4.6753e+00
103917 +3.975030837e-01 +3.975030837e-01 +1.000397503e+03 +1.000397503e+03 -2.5548e-01 -2.1830e+00 -2.2675e+00 +1.6566e+00 -2.6134e+00 +9.9959e-01 -1.2219e+00 +1.0407e+00 -2.1950e+00 +4.8334e+00
104006 +2.423032850e-01 +2.423032850e-01 +1.000242303e+03 +1.000242303e+03 -4.3445e-01 -2.0623e+00 -2.1014e+00 +1.7303e+00 -2.4914e+00 +8.1674e-01 -1.2551e+00 +1.1754e+00 -2.3476e+00 +4.6387e+00
104137 +1.578270169e-01 +1.578270169e-01 +1.000157827e+03 +1.000157827e+03 -3.3594e-01 -2.2894e+00 -2.2192e+00 +1.7347e+00 -2.6471e+00 +5.5457e-01 -1.3665e+00 +1.1772e+00 -2.3976e+00 +4.6347e+00
104340 +7.738359602e-02 +7.738359602e-02 +1.000077384e+03 +1.000077384e+03 -4.2041e-01 -2.1709e+00 -2.1360e+00 +2.1147e+00 -2.7078e+00 +2.5533e-01 -1.5610e+00 +1.3493e+00 -2.3526e+00 +4.4235e+00
104377 +5.691915724e-02 +5.691915724e-02 +1.000056919e+03 +1.000056919e+03 -3.5896e-01 -1.9291e+00 -2.1327e+00 +2.2996e+00 -2.5520e+00 +3.8365e-02 -1.9596e+00 +1.4859e+00 -2.2917e+00 +4.4317e+00
104421 +3.951944297e-02 +3.951944297e-02 +1.000039519e+03 +1.000039519e+03 -2.5975e-01 -2.0245e+00 -2.0562e+00 +1.9188e+00 -2.4262e+00 -1.5241e-01 -2.0329e+00 +1.5529e+00 -2.3562e+00 +4.3170e+00
104543 +2.341729559e-02 +2.341729559e-02 +1.000023417e+03 +1.000023417e+03 -3.4577e-01 -2.1191e+00 -2.0073e+00 +1.7789e+00 -2.3391e+00 -2.9271e-01 -2.1371e+00 +1.7985e+00 -2.6131e+00 +4.1527e+00
104636 +1.364846616e-02 +1.364846616e-02 +1.000013648e+03 +1.000013648e+03 -4.2744e-01 -1.7108e+00 -2.0416e+00 +1.9128e+00 -2.2864e+00 -5.9936e-01 -2.6606e+00 +1.6723e+00 -2.7739e+00 +3.7499e+00
104643 +2.072498844e-03 +2.072498844e-03 +1.000002072e+03 +1.000002072e+03 -5.7591e-01 -1.6285e+00 -2.0421e+00 +2.1869e+00 -2.3638e+00 -9.1908e-01 -2.7969e+00 +1.5938e+00 -2.7553e+00 +3.5991e+00
104735 +1.382252513e-03 +1.382252513e-03 +1.000001382e+03 +1.000001382e+03 -6.1792e-01 -1.5937e+00 -2.0895e+00 +2.2337e+00 -2.1770e+00 -8.2122e-01 -2.7427e+00 +1.4235e+00 -2.8489e+00 +3.4776e+00
104813 +8.981264371e-04 +8.981264371e-04 +1.000000898e+03 +1.000000898e+03 -7.6840e-01 -1.5248e+00 -2.0589e+00 +2.4433e+00 -2.3204e+00 -8.4196e-01 -2.6791e+00 +1.3246e+00 -2.8478e+00 +3.3911e+00
104814 +5.348778312e-04 +5.348778312e-04 +1.000000535e+03 +1.000000535e+03 -6.5083e-01 -1.4697e+00 -2.0616e+00 +2.3679e+00 -2.1570e+00 -1.1398e+00 -2.9597e+00 +1.4339e+00 -2.9848e+00 +3.1442e+00
104912 +2.258889837e-04 +2.258889837e-04 +1.000000226e+03 +1.000000226e+03 -6.4476e-01 -1.4476e+00 -2.0502e+00 +2.4730e+00 -2.2087e+00 -1.2809e+00 -3.0439e+00 +1.3981e+00 -2.9629e+00 +3.0377e+00
104950 +6.969272658e-05 +6.969272658e-05 +1.000000070e+03 +1.000000070e+03 -6.9291e-01 -1.5037e+00 -2.1105e+00 +2.5516e+00 -2.4582e+00 -1.3776e+00 -3.0697e+00 +1.4421e+00 -2.8733e+00 +3.1090e+00
105021 +2.127582263e-05 +2.127582263e-05 +1.000000021e+03 +1.000000021e+03 -6.6057e-01 -1.4068e+00 -2.0724e+00 +2.6673e+00 -2.3998e+00 -1.2915e+00 -3.1398e+00 +1.5307e+00 -2.8024e+00 +3.2958e+00
105100 +6.417665304e-06 +6.417665304e-06 +1.000000006e+03 +1.000000006e+03 -6.6875e-01 -1.4880e+00 -2.0710e+00 +2.5951e+00 -2.4241e+00 -1.2109e+00 -2.9825e+00 +1.5053e+00 -2.7998e+00 +3.3032e+00
105173 +6.934360499e-07 +6.934360499e-07 +1.000000001e+03 +1.000000001e+03 -6.7814e-01 -1.4156e+00 -2.0481e+00 +2.6319e+00 -2.3540e+00 -1.3209e+00 -3.1243e+00 +1.5748e+00 -2.8313e+00 +3.2839e+00
105236 +5.352295602e-07 +5.352295602e-07 +1.000000001e+03 +1.000000001e+03 -7.1869e-01 -1.4041e+00 -2.0590e+00 +2.6601e+00 -2.3844e+00 -1.3147e+00 -3.0874e+00 +1.4966e+00 -2.8562e+00 +3.2005e+00
105317 +3.520617611e-07 +3.520617611e-07 +1.000000000e+03 +1.000000000e+03 -7.0488e-01 -1.4016e+00 -2.0409e+00 +2.6229e+00 -2.3162e+00 -1.3249e+00 -3.1233e+00 +1.5321e+00 -2.8658e+00 +3.2157e+00
105322 +1.384158850e-07 +1.384158850e-07 +1.000000000e+03 +1.000000000e+03 -7.0846e-01 -1.4111e+00 -2.0589e+00 +2.6381e+00 -2.3606e+00 -1.2698e+00 -3.0688e+00 +1.4935e+00 -2.8459e+00 +3.2282e+00
105369 +4.867490588e-08 +4.867490588e-08 +1.000000000e+03 +1.000000000e+03 -7.1058e-01 -1.4101e+00 -2.0572e+00 +2.6305e+00 -2.3501e+00 -1.3040e+00 -3.0933e+00 +1.5041e+00 -2.8669e+00 +3.2062e+00
105380 +2.918352493e-08 +2.918352493e-08 +1.000000000e+03 +1.000000000e+03 -6.9470e-01 -1.4180e+00 -2.0597e+00 +2.6218e+00 -2.3510e+00 -1.3040e+00 -3.0966e+00 +1.5076e+00 -2.8526e+00 +3.2173e+00
105413 +1.965076990e-08 +1.965076990e-08 +1.000000000e+03 +1.000000000e+03 -7.1407e-01 -1.4074e+00 -2.0502e+00 +2.6324e+00 -2.3412e+00 -1.3077e+00 -3.0922e+00 +1.5043e+00 -2.8662e+00 +3.1977e+00
105445 +1.363582669e-08 +1.363582669e-08 +1.000000000e+03 +1.000000000e+03 -7.1283e-01 -1.4031e+00 -2.0536e+00 +2.6326e+00 -2.3371e+00 -1.3125e+00 -3.1020e+00 +1.4986e+00 -2.8687e+00 +3.1923e+00
105480 +6.249024409e-09 +6.249024409e-09 +1.000000000e+03 +1.000000000e+03 -7.1632e-01 -1.4091e+00 -2.0536e+00 +2.6285e+00 -2.3359e+00 -1.3032e+00 -3.0843e+00 +1.4944e+00 -2.8744e+00 +3.1878e+00
105489 +2.891511031e-09 +2.891511031e-09 +1.000000000e+03 +1.000000000e+03 -7.0795e-01 -1.4091e+00 -2.0506e+00 +2.6241e+00 -2.3372e+00 -1.2999e+00 -3.0874e+00 +1.5064e+00 -2.8658e+00 +3.2041e+00
% function evaluation | noise-free fitness - Fopt (-4.913000000000e+01) | best noise-free fitness - Fopt | measured fitness | best measured fitness | x1 | x2...
1 +8.290557507e+01 +8.290557507e+01 +3.377557507e+01 +3.377557507e+01 -2.1273e+00 +9.8639e-02 +1.3616e+00 -2.5623e+00 +4.3310e-01 +3.6723e-01 -3.1819e+00 -3.0765e+00 -8.4105e-01 +1.9686e+00
23 +6.158843058e+01 +6.158843058e+01 +1.245843058e+01 +1.245843058e+01 -1.6510e+00 +2.3740e+00 +2.3697e+00 -2.3560e+00 +4.4643e+00 -1.1554e+00 -4.3864e+00 -1.9612e+00 -4.4355e+00 +8.0609e-01
90 +2.593383895e+01 +2.593383895e+01 -2.319616105e+01 -2.319616105e+01 -4.0953e+00 -4.7319e-01 +2.6318e+00 -4.2197e+00 +1.8133e+00 -1.4274e+00 -4.0083e+00 -5.4820e-01 -3.3404e+00 +3.0160e-01
118 +2.438127864e+01 +2.438127864e+01 -2.474872136e+01 -2.474872136e+01 -4.4412e+00 +1.0028e+00 +3.3876e-01 -3.3442e+00 +1.7519e+00 -1.8695e+00 -3.1533e+00 -7.1153e-01 -3.4217e+00 +8.4633e-01
184 +1.556499630e+01 +1.556499630e+01 -3.356500370e+01 -3.356500370e+01 -3.0766e+00 -2.7687e-01 -2.2403e-01 -2.7456e+00 +2.6626e+00 -1.3784e+00 -4.0056e+00 +1.1286e+00 -5.6197e+00 +1.2992e+00
227 +8.841315630e+00 +8.841315630e+00 -4.028868437e+01 -4.028868437e+01 -3.7933e+00 -3.7604e-01 -1.6084e-01 -2.4213e+00 +2.1888e+00 -1.9030e+00 -3.5956e+00 +1.2293e+00 -5.0701e+00 +1.3735e+00
473 +6.115431087e+00 +6.115431087e+00 -4.301456891e+01 -4.301456891e+01 -4.2334e+00 -1.3339e+00 +5.7464e-01 -2.4512e+00 +2.3929e+00 -2.1053e+00 -4.3603e+00 +1.9365e+00 -4.7373e+00 +5.3306e-01
15726 +3.914925991e+00 +3.914925991e+00 -4.521507401e+01 -4.521507401e+01 +4.8886e+00 -3.3525e+00 -3.7613e+00 -1.0540e+00 +3.6876e+00 -1.1413e+00 -1.4812e+00 +1.0834e+00 +2.1326e-01 +3.6863e+00
15875 +2.183381063e+00 +2.183381063e+00 -4.694661894e+01 -4.694661894e+01 +5.0876e+00 -2.9697e+00 -4.0766e+00 -1.3795e+00 +4.1250e+00 -1.5059e+00 -8.8970e-01 +1.1345e+00 +1.0619e-01 +4.0965e+00
31708 +1.520693847e+00 +1.520693847e+00 -4.760930615e+01 -4.760930615e+01 +4.6197e+00 -1.9867e-01 -2.2282e+00 -7.0091e-02 -2.3943e+00 -4.2239e+00 -4.5614e+00 -5.5732e-01 +1.7176e+00 +3.2982e+00
32052 +9.594887157e-01 +9.594887157e-01 -4.817051128e+01 -4.817051128e+01 +4.4840e+00 +2.9944e-01 -1.7853e+00 -1.8468e-02 -2.4184e+00 -4.2309e+00 -4.7288e+00 -1.1803e-03 +1.5178e+00 +3.0539e+00
69795 +5.711943062e-01 +5.711943062e-01 -4.855880569e+01 -4.855880569e+01 +4.7650e+00 +3.8880e-01 +1.4521e+00 -1.2562e+00 -3.5057e-01 +2.3500e+00 +1.4769e-01 +1.3529e-02 +2.3328e+00 -2.5554e+00
69962 +1.515664213e-01 +1.515664213e-01 -4.897843358e+01 -4.897843358e+01 +4.9744e+00 +1.4316e+00 +2.0015e+00 -1.0591e+00 -7.0677e-02 +2.2483e+00 +3.6195e-01 +1.5440e+00 +2.5679e+00 -2.6024e+00
70038 +7.993561060e-02 +7.993561060e-02 -4.905006439e+01 -4.905006439e+01 +4.8375e+00 +1.7208e+00 +2.2261e+00 -1.3252e+00 -3.7909e-01 +2.2382e+00 +2.3413e-01 +1.4309e+00 +2.9344e+00 -2.6550e+00
70080 +6.142887385e-02 +6.142887385e-02 -4.906857113e+01 -4.906857113e+01 +4.8596e+00 +1.8728e+00 +2.4390e+00 -1.1269e+00 -1.7018e-01 +2.3122e+00 +2.9119e-01 +1.7691e+00 +2.9741e+00 -2.6415e+00
70182 +2.537970710e-02 +2.537970710e-02 -4.910462029e+01 -4.910462029e+01 +4.5000e+00 +2.3860e+00 +2.6505e+00 -7.1046e-01 +2.5751e-01 +2.3181e+00 +6.5912e-01 +2.5038e+00 +3.0320e+00 -2.6546e+00
70193 +2.326102899e-02 +2.326102899e-02 -4.910673897e+01 -4.910673897e+01 +4.1521e+00 +2.4181e+00 +2.7908e+00 -6.1794e-01 +5.2498e-01 +2.4464e+00 +6.7813e-01 +2.4667e+00 +3.1554e+00 -2.4724e+00
70229 +1.347269235e-02 +1.347269235e-02 -4.911652731e+01 -4.911652731e+01 +4.3359e+00 +2.4630e+00 +2.8341e+00 -6.5345e-01 +4.0599e-01 +2.3173e+00 +5.1303e-01 +2.4966e+00 +3.0770e+00 -2.3167e+00
70261 +9.587810336e-03 +9.587810336e-03 -4.912041219e+01 -4.912041219e+01 +4.0571e+00 +2.2564e+00 +2.8352e+00 -3.8910e-01 +3.3755e-01 +2.1646e+00 +4.6714e-01 +2.4510e+00 +3.0187e+00 -2.1811e+00
70273 +3.765296235e-03 +3.765296235e-03 -4.912623470e+01 -4.912623470e+01 +3.9967e+00 +2.4209e+00 +2.8980e+00 -2.4514e-01 +6.1712e-01 +2.2886e+00 +8.0445e-01 +2.6607e+00 +3.0436e+00 -2.1660e+00
70345 +2.293761963e-03 +2.293761963e-03 -4.912770624e+01 -4.912770624e+01 +4.1751e+00 +2.4762e+00 +2.9471e+00 -4.0299e-01 +5.5230e-01 +2.2673e+00 +6.8447e-01 +2.7171e+00 +3.0602e+00 -2.2718e+00
70350 +1.195432585e-03 +1.195432585e-03 -4.912880457e+01 -4.912880457e+01 +4.1865e+00 +2.5383e+00 +3.0155e+00 -3.9007e-01 +5.6230e-01 +2.2334e+00 +6.7311e-01 +2.8087e+00 +3.1305e+00 -2.3357e+00
70381 +9.672717935e-04 +9.672717935e-04 -4.912903273e+01 -4.912903273e+01 +4.1189e+00 +2.5317e+00 +3.0529e+00 -3.1916e-01 +5.2303e-01 +2.2006e+00 +7.1169e-01 +2.7031e+00 +3.1213e+00 -2.1665e+00
70422 +5.303302494e-04 +5.303302494e-04 -4.912946967e+01 -4.912946967e+01 +4.1791e+00 +2.5330e+00 +3.0208e+00 -3.8522e-01 +5.9595e-01 +2.1769e+00 +8.3950e-01 +2.8480e+00 +3.1655e+00 -2.2688e+00
70452 +3.905625347e-04 +3.905625347e-04 -4.912960944e+01 -4.912960944e+01 +4.0955e+00 +2.6692e+00 +3.1155e+00 -2.7215e-01 +7.0510e-01 +2.2023e+00 +8.9291e-01 +2.9887e+00 +3.1997e+00 -2.2496e+00
70494 +2.044102357e-04 +2.044102357e-04 -4.912979559e+01 -4.912979559e+01 +4.0012e+00 +2.6783e+00 +3.2059e+00 -2.6889e-01 +8.2551e-01 +2.1514e+00 +1.0167e+00 +3.1267e+00 +3.2842e+00 -2.2302e+00
70515 +1.469578364e-04 +1.469578364e-04 -4.912985304e+01 -4.912985304e+01 +3.9532e+00 +2.6385e+00 +3.2144e+00 -2.7568e-01 +8.3185e-01 +2.1428e+00 +1.0566e+00 +3.1434e+00 +3.3110e+00 -2.2670e+00
70519 +8.833430550e-05 +8.833430550e-05 -4.912991167e+01 -4.912991167e+01 +3.9528e+00 +2.6818e+00 +3.2673e+00 -2.2685e-01 +8.2832e-01 +2.1135e+00 +1.1347e+00 +3.0914e+00 +3.3077e+00 -2.1029e+00
70586 +3.797645162e-05 +3.797645162e-05 -4.912996202e+01 -4.912996202e+01 +3.7995e+00 +2.6997e+00 +3.3419e+00 -2.9502e-02 +1.0010e+00 +2.1032e+00 +1.1933e+00 +3.2846e+00 +3.2932e+00 -2.0890e+00
70675 +2.161153611e-05 +2.161153611e-05 -4.912997839e+01 -4.912997839e+01 +3.8324e+00 +2.7347e+00 +3.3316e+00 -5.7403e-02 +9.4548e-01 +2.1253e+00 +1.1532e+00 +3.1812e+00 +3.2991e+00 -2.0345e+00
70727 +7.286068737e-06 +7.286068737e-06 -4.912999271e+01 -4.912999271e+01 +3.8012e+00 +2.7047e+00 +3.3122e+00 -4.9747e-02 +9.5061e-01 +2.1336e+00 +1.1704e+00 +3.1337e+00 +3.2674e+00 -2.0297e+00
70737 +6.115650926e-06 +6.115650926e-06 -4.912999388e+01 -4.912999388e+01 +3.8799e+00 +2.6431e+00 +3.2638e+00 -1.1645e-01 +8.5595e-01 +2.1071e+00 +1.1513e+00 +3.0659e+00 +3.2707e+00 -2.0402e+00
70752 +1.871506100e-06 +1.871506100e-06 -4.912999813e+01 -4.912999813e+01 +3.8126e+00 +2.6410e+00 +3.2894e+00 -7.9094e-02 +9.7379e-01 +2.0986e+00 +1.2508e+00 +3.1841e+00 +3.3014e+00 -2.0761e+00
70790 +1.072602636e-06 +1.072602636e-06 -4.912999893e+01 -4.912999893e+01 +3.7963e+00 +2.6096e+00 +3.3056e+00 -8.7970e-02 +9.5947e-01 +2.0728e+00 +1.2820e+00 +3.1646e+00 +3.3201e+00 -2.0465e+00
70800 +6.025138717e-07 +6.025138717e-07 -4.912999940e+01 -4.912999940e+01 +3.8015e+00 +2.6532e+00 +3.3100e+00 -5.4562e-02 +9.5707e-01 +2.0844e+00 +1.2549e+00 +3.1891e+00 +3.3092e+00 -2.0247e+00
70803 +2.619472639e-07 +2.619472639e-07 -4.912999974e+01 -4.912999974e+01 +3.7671e+00 +2.6676e+00 +3.3419e+00 -3.8785e-03 +9.7222e-01 +2.0610e+00 +1.2779e+00 +3.2023e+00 +3.3009e+00 -1.9795e+00
70829 +1.769923301e-07 +1.769923301e-07 -4.912999982e+01 -4.912999982e+01 +3.7926e+00 +2.6311e+00 +3.3061e+00 -4.0971e-02 +9.3233e-01 +2.0658e+00 +1.2727e+00 +3.1467e+00 +3.2897e+00 -1.9858e+00
70833 +1.346690297e-07 +1.346690297e-07 -4.912999987e+01 -4.912999987e+01 +3.7658e+00 +2.6647e+00 +3.3460e+00 -1.5103e-02 +9.6386e-01 +2.0680e+00 +1.2697e+00 +3.1945e+00 +3.3036e+00 -1.9743e+00
70904 +4.793302821e-08 +4.793302821e-08 -4.912999995e+01 -4.912999995e+01 +3.7980e+00 +2.6290e+00 +3.3162e+00 -3.6712e-02 +9.3384e-01 +2.0653e+00 +1.2507e+00 +3.1409e+00 +3.2844e+00 -1.9809e+00
70905 +2.634054397e-08 +2.634054397e-08 -4.912999997e+01 -4.912999997e+01 +3.7904e+00 +2.6190e+00 +3.3095e+00 -4.5517e-02 +9.4189e-01 +2.0651e+00 +1.2550e+00 +3.1615e+00 +3.2931e+00 -2.0011e+00
70911 +1.191004628e-08 +1.191004628e-08 -4.912999999e+01 -4.912999999e+01 +3.7826e+00 +2.6342e+00 +3.3158e+00 -3.6830e-02 +9.4274e-01 +2.0684e+00 +1.2436e+00 +3.1673e+00 +3.2896e+00 -1.9888e+00
70950 +8.589950085e-09 +8.589950085e-09 -4.912999999e+01 -4.912999999e+01 +3.7781e+00 +2.6318e+00 +3.3187e+00 -2.6606e-02 +9.5134e-01 +2.0683e+00 +1.2431e+00 +3.1623e+00 +3.2838e+00 -1.9838e+00
% function evaluation | noise-free fitness - Fopt (-4.913000000000e+01) | best noise-free fitness - Fopt | measured fitness | best measured fitness | x1 | x2...
1 +8.377051109e+01 +8.377051109e+01 +3.464051109e+01 +3.464051109e+01 -9.3806e-01 +1.3094e+00 +2.3935e+00 +2.0973e-02 -1.2154e+00 -2.8610e+00 -1.1566e+00 -3.7152e+00 +3.0325e+00 +3.3421e+00
56 +6.193063023e+01 +6.193063023e+01 +1.280063023e+01 +1.280063023e+01 -1.3998e+00 +4.6074e+00 +1.4822e+00 -4.0603e+00 +1.6149e+00 -8.6275e-01 +7.5369e-02 +2.5147e+00 +4.7112e+00 +7.6633e-01
211 +2.754809193e+01 +2.754809193e+01 -2.158190807e+01 -2.158190807e+01 -1.9592e+00 +3.6672e+00 +2.6590e+00 -1.6439e+00 +3.4253e+00 -3.0995e+00 -2.2389e-02 +3.7253e+00 +3.2688e+00 +2.9674e-02
235 +2.295278932e+01 +2.295278932e+01 -2.617721068e+01 -2.617721068e+01 -3.4617e+00 +4.3155e+00 +2.4077e+00 -1.6747e+00 +1.7426e+00 -1.5668e+00 -8.3058e-01 +3.8361e+00 +3.9676e+00 +1.6884e-02
446 +1.558547141e+01 +1.558547141e+01 -3.354452859e+01 -3.354452859e+01 -2.7852e+00 +4.1930e+00 +2.9287e+00 -2.2048e+00 +2.2337e+00 -9.1669e-01 +3.2323e-02 +3.9870e+00 +3.6231e+00 +5.5092e-01
3677 +9.603357471e+00 +9.603357471e+00 -3.952664253e+01 -3.952664253e+01 -7.3614e-01 -2.8485e+00 -2.5665e+00 +5.2508e+00 +2.2829e+00 +1.6456e+00 -2.5400e+00 -4.7547e+00 +2.9089e+00 -1.8338e+00
17134 +5.060568807e+00 +5.060568807e+00 -4.406943119e+01 -4.406943119e+01 +4.3610e+00 -4.0989e-01 -2.5277e+00 +1.9490e-01 -1.8836e+00 -3.2352e+00 -4.3123e+00 -9.2282e-01 +1.8357e+00 +2.8948e+00
17938 +2.065593497e+00 +2.065593497e+00 -4.706440650e+01 -4.706440650e+01 +4.8812e+00 +3.4027e-01 -2.7926e+00 -1.3028e-01 -2.8703e+00 -3.7243e+00 -4.7346e+00 -9.6539e-02 +1.3441e+00 +3.0649e+00
18244 +1.534585086e+00 +1.534585086e+00 -4.759541491e+01 -4.759541491e+01 +4.3888e+00 -1.1981e-02 -1.9996e+00 +4.6766e-01 -2.3821e+00 -4.2686e+00 -4.3276e+00 -6.0906e-01 +1.4778e+00 +3.4567e+00
18795 +9.937033562e-01 +9.937033562e-01 -4.813629664e+01 -4.813629664e+01 +4.4546e+00 -7.3110e-02 -2.2144e+00 +2.2090e-02 -2.4818e+00 -4.3103e+00 -4.8733e+00 -1.8792e-01 +1.5742e+00 +3.1625e+00
% function evaluation | noise-free fitness - Fopt (-4.913000000000e+01) | best noise-free fitness - Fopt | measured fitness | best measured fitness | x1 | x2...
1 +8.212946195e+01 +8.212946195e+01 +3.299946195e+01 +3.299946195e+01 -1.9190e+00 +3.3557e+00 -3.4711e+00 +1.7187e-01 +3.1821e+00 +1.6895e+00 -2.3315e+00 -3.5328e+00 +3.6226e+00 -2.5154e+00
37 +4.042031014e+01 +4.042031014e+01 -8.709689858e+00 -8.709689858e+00 -1.3820e+00 -2.1042e+00 -3.7506e+00 +4.4002e+00 +1.1624e+00 +2.1095e+00 -4.2839e+00 -5.7822e+00 +4.4089e+00 -3.3330e+00
88 +2.919021911e+01 +2.919021911e+01 -1.993978089e+01 -1.993978089e+01 -1.5892e-01 -2.6041e+00 -3.4262e+00 +6.0804e+00 +3.8417e+00 +7.2951e-01 -3.9520e+00 -4.4010e+00 +3.7243e+00 -1.8954e+00
110 +2.233419460e+01 +2.233419460e+01 -2.679580540e+01 -2.679580540e+01 -9.3410e-01 -3.8446e+00 -2.2726e+00 +5.4137e+00 +9.9074e-01 +1.8537e+00 -3.4406e+00 -5.1196e+00 +3.4009e+00 -1.8609e+00
193 +1.511713254e+01 +1.511713254e+01 -3.401286746e+01 -3.401286746e+01 -1.0267e+00 -2.9906e+00 -2.8251e+00 +3.7352e+00 +1.9083e+00 +2.4058e+00 -1.9991e+00 -4.3635e+00 +3.0363e+00 -2.3538e+00
285 +9.579993494e+00 +9.579993494e+00 -3.955000651e+01 -3.955000651e+01 -7.0550e-01 -2.4377e+00 -2.7108e+00 +4.9202e+00 +1.8741e+00 +2.0319e+00 -2.3743e+00 -4.7185e+00 +2.8707e+00 -1.5632e+00
12052 +5.392247367e+00 +5.392247367e+00 -4.373775263e+01 -4.373775263e+01 +4.7130e+00 +3.8998e+00 -2.6269e+00 -4.7026e+00 -2.2033e+00 -2.8986e+00 -3.0710e+00 -4.0717e+00 +1.1378e+00 -3.8082e+00
12087 +3.791318136e+00 +3.791318136e+00 -4.533868186e+01 -4.533868186e+01 +4.7426e+00 +3.8115e+00 -2.8424e+00 -4.4553e+00 -2.1675e+00 -2.5124e+00 -2.4607e+00 -4.6631e+00 +1.0092e+00 -3.4500e+00
14503 +2.136302429e+00 +2.136302429e+00 -4.699369757e+01 -4.699369757e+01 +4.8955e+00 -3.4581e-01 -2.3953e+00 +7.9804e-01 -2.8503e+00 -4.1975e+00 -4.5818e+00 -3.6785e-01 +1.4322e+00 +2.5029e+00
14589 +1.341388532e+00 +1.341388532e+00 -4.778861147e+01 -4.778861147e+01 +4.4361e+00 +2.8575e-01 -2.4487e+00 +3.8040e-01 -2.7129e+00 -4.4882e+00 -4.3615e+00 -1.6009e-01 +1.3491e+00 +2.9055e+00
14633 +9.972013113e-01 +9.972013113e-01 -4.813279869e+01 -4.813279869e+01 +4.5586e+00 -1.2371e-01 -2.2143e+00 +3.7881e-01 -2.6200e+00 -4.2342e+00 -4.6199e+00 -1.8385e-01 +1.5649e+00 +2.9874e+00
512896 +4.081488176e-01 +4.081488176e-01 -4.872185118e+01 -4.872185118e+01 +4.2184e+00 +2.6470e+00 +3.0440e+00 +5.1377e-02 +1.4074e-01 +1.6471e+00 +1.4171e+00 +2.9428e+00 +2.8040e+00 -1.2388e+00
513175 +6.100758523e-02 +6.100758523e-02 -4.906899241e+01 -4.906899241e+01 +3.8476e+00 +2.7488e+00 +3.7182e+00 +9.7584e-02 +1.2431e+00 +1.7340e+00 +2.2243e+00 +3.1193e+00 +3.6138e+00 -1.6308e+00
514058 +2.809523371e-02 +2.809523371e-02 -4.910190477e+01 -4.910190477e+01 +4.2398e+00 +2.3995e+00 +2.9203e+00 -4.2838e-01 -7.9372e-02 +1.9600e+00 +4.1959e-01 +2.7569e+00 +2.9610e+00 -1.9169e+00
514247 +3.530026359e-03 +3.530026359e-03 -4.912646997e+01 -4.912646997e+01 +4.0916e+00 +2.8908e+00 +3.2767e+00 -4.0627e-01 +9.6384e-01 +2.1591e+00 +1.3301e+00 +3.4194e+00 +3.4701e+00 -2.4932e+00
514723 +1.797904741e-03 +1.797904741e-03 -4.912820210e+01 -4.912820210e+01 +3.6696e+00 +3.0714e+00 +3.6982e+00 +1.5065e-01 +1.2278e+00 +2.0457e+00 +1.4546e+00 +3.6719e+00 +3.5157e+00 -1.9001e+00
514919 +4.043081900e-04 +4.043081900e-04 -4.912959569e+01 -4.912959569e+01 +3.7387e+00 +2.7304e+00 +3.3204e+00 -1.3103e-02 +1.0186e+00 +2.0746e+00 +1.3526e+00 +3.4129e+00 +3.3750e+00 -2.0265e+00
515207 +3.368143038e-04 +3.368143038e-04 -4.912966319e+01 -4.912966319e+01 +3.7097e+00 +2.6162e+00 +3.3513e+00 -6.4092e-02 +1.0877e+00 +2.0174e+00 +1.4641e+00 +3.4564e+00 +3.4199e+00 -2.1485e+00
515368 +1.969547910e-04 +1.969547910e-04 -4.912980305e+01 -4.912980305e+01 +3.4141e+00 +2.7319e+00 +3.4358e+00 +3.3963e-01 +1.1124e+00 +2.0487e+00 +1.3191e+00 +3.3708e+00 +3.2244e+00 -1.6883e+00
515631 +1.031577295e-04 +1.031577295e-04 -4.912989684e+01 -4.912989684e+01 +3.6702e+00 +2.7634e+00 +3.3432e+00 +9.4818e-02 +9.1141e-01 +2.0959e+00 +1.0925e+00 +3.1687e+00 +3.2078e+00 -1.8702e+00
515648 +6.243816970e-05 +6.243816970e-05 -4.912993756e+01 -4.912993756e+01 +3.6321e+00 +2.6744e+00 +3.3535e+00 +1.3106e-01 +9.8071e-01 +2.1102e+00 +1.1222e+00 +3.1717e+00 +3.2125e+00 -1.8078e+00
516039 +3.479481634e-05 +3.479481634e-05 -4.912996521e+01 -4.912996521e+01 +3.8043e+00 +2.7561e+00 +3.3694e+00 +6.3587e-03 +9.2864e-01 +2.0869e+00 +1.1198e+00 +3.2528e+00 +3.2683e+00 -2.0015e+00
516042 +1.670336914e-05 +1.670336914e-05 -4.912998330e+01 -4.912998330e+01 +3.8931e+00 +2.5449e+00 +3.2584e+00 -1.4197e-01 +8.1284e-01 +2.0023e+00 +1.3171e+00 +3.0450e+00 +3.3122e+00 -1.9876e+00
516100 +8.317682401e-06 +8.317682401e-06 -4.912999168e+01 -4.912999168e+01 +3.8734e+00 +2.6058e+00 +3.3125e+00 -7.6992e-02 +8.8150e-01 +2.0317e+00 +1.2618e+00 +3.0936e+00 +3.2968e+00 -1.9930e+00
516506 +1.725797105e-06 +1.725797105e-06 -4.912999827e+01 -4.912999827e+01 +3.6521e+00 +2.6956e+00 +3.3682e+00 +1.0999e-01 +1.0377e+00 +2.0883e+00 +1.2348e+00 +3.2199e+00 +3.2484e+00 -1.8872e+00
516767 +1.576497205e-06 +1.576497205e-06 -4.912999842e+01 -4.912999842e+01 +3.8266e+00 +2.6086e+00 +3.2806e+00 -4.6982e-02 +8.7825e-01 +2.0606e+00 +1.2306e+00 +3.1010e+00 +3.2680e+00 -1.9691e+00
516978 +4.913391294e-07 +4.913391294e-07 -4.912999951e+01 -4.912999951e+01 +3.7597e+00 +2.6720e+00 +3.3504e+00 +2.6839e-03 +9.3749e-01 +2.0552e+00 +1.2340e+00 +3.1922e+00 +3.2904e+00 -1.9481e+00
517344 +3.706367906e-07 +3.706367906e-07 -4.912999963e+01 -4.912999963e+01 +3.7259e+00 +2.6208e+00 +3.3285e+00 +1.2175e-02 +9.9293e-01 +2.0573e+00 +1.3055e+00 +3.1921e+00 +3.2872e+00 -1.9583e+00
517387 +2.317336083e-07 +2.317336083e-07 -4.912999977e+01 -4.912999977e+01 +3.8170e+00 +2.6090e+00 +3.2996e+00 -5.3637e-02 +9.1470e-01 +2.0492e+00 +1.2549e+00 +3.1489e+00 +3.2833e+00 -1.9883e+00
517611 +4.285438138e-08 +4.285438138e-08 -4.912999996e+01 -4.912999996e+01 +3.7748e+00 +2.6292e+00 +3.3093e+00 -1.8574e-02 +9.4934e-01 +2.0696e+00 +1.2520e+00 +3.1680e+00 +3.2755e+00 -1.9814e+00
518065 +2.512486930e-08 +2.512486930e-08 -4.912999997e+01 -4.912999997e+01 +3.7758e+00 +2.6180e+00 +3.3153e+00 -2.5335e-02 +9.4343e-01 +2.0543e+00 +1.2594e+00 +3.1626e+00 +3.2848e+00 -1.9729e+00
518072 +1.220218593e-08 +1.220218593e-08 -4.912999999e+01 -4.912999999e+01 +3.7617e+00 +2.6272e+00 +3.3152e+00 -1.8370e-03 +9.4888e-01 +2.0654e+00 +1.2460e+00 +3.1563e+00 +3.2691e+00 -1.9523e+00
518101 +7.856165496e-09 +7.856165496e-09 -4.912999999e+01 -4.912999999e+01 +3.7516e+00 +2.6402e+00 +3.3269e+00 +2.1385e-03 +9.6417e-01 +2.0635e+00 +1.2601e+00 +3.1779e+00 +3.2843e+00 -1.9638e+00
518286 +4.136779808e-11 +4.136779808e-11 -4.913000000e+01 -4.913000000e+01 +3.7615e+00 +2.6409e+00 +3.3219e+00 -3.9569e-03 +9.5717e-01 +2.0709e+00 +1.2438e+00 +3.1686e+00 +3.2774e+00 -1.9678e+00
% function evaluation | noise-free fitness - Fopt (2.977300000000e+02) | best noise-free fitness - Fopt | measured fitness | best measured fitness | x1 | x2...
1 +7.508107461e+01 +7.508107461e+01 +3.728110746e+02 +3.728110746e+02 -2.1007e-01 +1.8001e+00 +1.7109e-01 +1.9956e+00 +6.0158e-02 -2.9259e+00 -1.6634e+00 -4.3954e-01 -7.0569e-01 +3.7902e+00
55 +4.537927182e+01 +4.537927182e+01 +3.431092718e+02 +3.431092718e+02 +1.3520e+00 -6.2207e-01 -4.3410e-02 +2.8823e+00 -1.7392e+00 -4.6970e+00 -2.1775e+00 +1.9168e+00 +7.7539e-01 +4.8546e-01
98 +3.863437921e+01 +3.863437921e+01 +3.363643792e+02 +3.363643792e+02 +1.4757e+00 +2.2612e-01 -1.3901e+00 +4.5486e+00 -2.2394e+00 -4.6091e+00 -2.2742e-02 +2.9557e+00 -3.0090e+00 -3.2154e-02
100 +2.093198874e+01 +2.093198874e+01 +3.186619887e+02 +3.186619887e+02 +2.5289e+00 -8.9479e-02 -1.8648e-01 +2.6465e+00 +4.6945e-02 -4.2823e+00 -2.5195e-02 +2.7601e+00 -9.8525e-01 +1.8715e+00
149 +1.232857720e+01 +1.232857720e+01 +3.100585772e+02 +3.100585772e+02 +1.5025e+00 +1.3856e-01 -1.3314e+00 +3.3754e+00 -7.5216e-01 -4.5673e+00 -3.4281e-01 +3.8394e+00 +3.5235e-01 +2.1819e+00
162 +8.330382125e+00 +8.330382125e+00 +3.060603821e+02 +3.060603821e+02 +2.4934e+00 +4.2377e-01 -1.7620e+00 +3.8331e+00 -4.3947e-01 -4.9473e+00 +9.9264e-01 +4.3336e+00 -6.0193e-01 +1.1963e+00
310 +6.277425191e+00 +6.277425191e+00 +3.040074252e+02 +3.040074252e+02 +1.5977e+00 -8.9894e-02 -1.7534e+00 +3.6359e+00 -7.9537e-01 -4.3926e+00 +4.8785e-01 +3.9060e+00 -5.1371e-01 +1.7790e+00
3067 +3.884293647e+00 +3.884293647e+00 +3.016142936e+02 +3.016142936e+02 -1.5074e+00 +4.9284e+00 +1.6451e+00 +3.6333e+00 -2.1300e+00 +5.2786e-01 +4.1826e+00 -4.1025e+00 +1.5417e+00 +2.5167e+00
31163 +2.445042145e+00 +2.445042145e+00 +3.001750421e+02 +3.001750421e+02 +2.6024e+00 +1.2553e+00 +1.5227e-01 +1.9797e+00 -6.4024e-01 +1.0243e+00 +1.7812e+00 +2.9545e+00 +3.6457e+00 +4.0454e+00
108433 +1.452009675e+00 +1.452009675e+00 +2.991820097e+02 +2.991820097e+02 +4.7587e+00 -1.6649e+00 +3.3752e+00 -1.7823e+00 -4.6682e+00 -3.7118e-01 -3.7514e+00 +1.0232e+00 +3.0348e+00 +2.3091e+00
108518 +9.563552863e-01 +9.563552863e-01 +2.986863553e+02 +2.986863553e+02 +4.5226e+00 -1.5891e+00 +3.2412e+00 -1.8211e+00 -4.4238e+00 -6.9597e-01 -3.7346e+00 +7.0108e-01 +3.1673e+00 +2.3610e+00
% function evaluation | noise-free fitness - Fopt (2.977300000000e+02) | best noise-free fitness - Fopt | measured fitness | best measured fitness | x1 | x2...
1 +7.902552213e+01 +7.902552213e+01 +3.767555221e+02 +3.767555221e+02 +4.9013e-01 -2.7390e+00 -3.0737e+00 +1.1711e+00 +3.8314e+00 -3.1203e+00 +2.8505e+00 -2.1896e+00 +1.0525e+00 +3.6708e+00
26 +5.032451717e+01 +5.032451717e+01 +3.480545172e+02 +3.480545172e+02 -2.1593e+00 +1.1758e+00 -4.7500e+00 +3.4816e+00 +7.6765e-01 -5.5017e-01 +5.5116e+00 -8.9157e-01 -1.4102e+00 +7.6219e-01
119 +3.627960179e+01 +3.627960179e+01 +3.340096018e+02 +3.340096018e+02 +3.2474e+00 -2.8124e+00 -3.9857e+00 +1.6286e+00 -1.8791e-01 -3.2421e+00 +3.3805e+00 -1.0081e+00 +4.0918e+00 -8.0346e-02
178 +2.507226506e+01 +2.507226506e+01 +3.228022651e+02 +3.228022651e+02 +3.9825e+00 -1.8722e+00 -3.1111e+00 +3.4337e+00 -1.1239e+00 -1.7156e+00 +3.7807e+00 -8.4192e-01 +4.4591e+00 +1.0378e+00
362 +1.581558090e+01 +1.581558090e+01 +3.135455809e+02 +3.135455809e+02 +2.5131e+00 -1.5611e+00 -3.7456e+00 +2.7811e+00 -8.5890e-01 -1.3881e+00 +4.8358e+00 -9.7417e-01 +4.3922e+00 +1.3903e+00
3065 +9.967352015e+00 +9.967352015e+00 +3.076973520e+02 +3.076973520e+02 +1.6405e+00 -1.1482e-01 -3.3328e+00 +3.1657e+00 -5.1364e-01 -4.5024e+00 +6.8723e-01 +3.5068e+00 -8.4167e-01 +1.4468e+00
3245 +6.106479154e+00 +6.106479154e+00 +3.038364792e+02 +3.038364792e+02 +2.4409e+00 -6.7037e-02 -1.4227e+00 +3.3619e+00 -1.2255e+00 -4.5208e+00 +9.8781e-01 +3.2955e+00 -5.8163e-01 +1.6451e+00
15520 +2.688445258e+00 +2.688445258e+00 +3.004184453e+02 +3.004184453e+02 -2.6221e+00 +1.8654e-01 +4.1403e+00 +1.4646e+00 +2.6393e+00 -1.5754e+00 -3.0980e-01 -1.7149e+00 +3.6951e+00 +3.8418e+00
15608 +2.058714105e+00 +2.058714105e+00 +2.997887141e+02 +2.997887141e+02 -2.6169e+00 -6.7973e-01 +5.0033e+00 +1.8107e+00 +1.2011e+00 -1.0263e+00 -4.0955e-01 -1.2125e+00 +3.4179e+00 +3.7729e+00
15654 +1.325811157e+00 +1.325811157e+00 +2.990558112e+02 +2.990558112e+02 -2.1040e+00 +1.0981e+00 +4.8920e+00 +1.2724e+00 +1.8561e+00 -1.6205e+00 -1.0876e+00 -1.0261e+00 +2.6697e+00 +3.9898e+00
15760 +7.934640966e-01 +7.934640966e-01 +2.985234641e+02 +2.985234641e+02 -2.9689e+00 +9.5380e-01 +4.4989e+00 +1.1234e+00 +2.2840e+00 -1.3089e+00 -2.8039e-01 -1.3915e+00 +3.1674e+00 +4.6128e+00
15829 +6.267428485e-01 +6.267428485e-01 +2.983567428e+02 +2.983567428e+02 -3.1601e+00 +9.0335e-01 +4.4800e+00 +8.8316e-01 +1.7555e+00 -1.4224e+00 +1.0915e-02 -1.8053e+00 +3.3414e+00 +3.8603e+00
15942 +1.758382044e-01 +1.758382044e-01 +2.979058382e+02 +2.979058382e+02 -2.0606e+00 +1.2545e+00 +3.8794e+00 +1.6357e+00 +2.3295e+00 -1.9289e+00 -1.2710e+00 -1.6872e+00 +3.2586e+00 +3.9498e+00
16025 +9.695527817e-02 +9.695527817e-02 +2.978269553e+02 +2.978269553e+02 -2.6440e+00 +8.0034e-01 +3.9658e+00 +1.7019e+00 +2.0080e+00 -2.0959e+00 -5.6531e-01 -1.8225e+00 +3.1883e+00 +3.8319e+00
16052 +2.912038930e-02 +2.912038930e-02 +2.977591204e+02 +2.977591204e+02 -2.5490e+00 +1.0525e+00 +3.9013e+00 +1.5224e+00 +2.2173e+00 -2.3053e+00 -6.4849e-01 -1.7689e+00 +3.3433e+00 +3.8541e+00
16130 +2.345004620e-02 +2.345004620e-02 +2.977534500e+02 +2.977534500e+02 -2.3122e+00 +1.0469e+00 +3.6608e+00 +1.6384e+00 +2.3201e+00 -2.3725e+00 -7.9320e-01 -1.8775e+00 +3.3171e+00 +3.9214e+00
16223 +1.384385254e-02 +1.384385254e-02 +2.977438439e+02 +2.977438439e+02 -2.4937e+00 +9.8056e-01 +3.9896e+00 +1.7371e+00 +2.3123e+00 -2.2292e+00 -6.2310e-01 -1.6319e+00 +3.3024e+00 +3.9185e+00
16442 +9.743870511e-03 +9.743870511e-03 +2.977397439e+02 +2.977397439e+02 -2.5431e+00 +1.0567e+00 +3.7946e+00 +1.6945e+00 +2.1975e+00 -2.3429e+00 -6.9815e-01 -1.7765e+00 +3.2329e+00 +3.8504e+00
16510 +4.899841213e-03 +4.899841213e-03 +2.977348998e+02 +2.977348998e+02 -2.6174e+00 +9.9011e-01 +3.9014e+00 +1.8101e+00 +2.1510e+00 -2.3473e+00 -6.6346e-01 -1.7239e+00 +3.2120e+00 +3.8079e+00
16565 +3.883927621e-03 +3.883927621e-03 +2.977338839e+02 +2.977338839e+02 -2.8003e+00 +1.1331e+00 +3.7089e+00 +1.7838e+00 +2.0877e+00 -2.5686e+00 -6.3975e-01 -1.8457e+00 +3.1508e+00 +3.7504e+00
16805 +1.229196811e-03 +1.229196811e-03 +2.977312292e+02 +2.977312292e+02 -3.0448e+00 +1.1054e+00 +3.6023e+00 +1.9548e+00 +1.6782e+00 -2.7103e+00 -5.7609e-01 -1.8055e+00 +2.9703e+00 +3.3675e+00
16910 +8.504319867e-04 +8.504319867e-04 +2.977308504e+02 +2.977308504e+02 -3.3560e+00 +1.0950e+00 +3.5453e+00 +2.1017e+00 +1.5246e+00 -2.8950e+00 -5.1282e-01 -1.9924e+00 +2.9052e+00 +3.3102e+00
17059 +2.895325141e-04 +2.895325141e-04 +2.977302895e+02 +2.977302895e+02 -3.4175e+00 +1.0190e+00 +3.6501e+00 +2.0594e+00 +1.4416e+00 -2.7589e+00 -4.4489e-01 -1.7982e+00 +2.8778e+00 +3.2631e+00
17075 +6.631329978e-05 +6.631329978e-05 +2.977300663e+02 +2.977300663e+02 -3.4907e+00 +8.6377e-01 +3.6592e+00 +2.2705e+00 +1.3026e+00 -2.7861e+00 -4.3300e-01 -1.7772e+00 +2.8555e+00 +3.1675e+00
17098 +4.597697330e-05 +4.597697330e-05 +2.977300460e+02 +2.977300460e+02 -3.4569e+00 +7.3094e-01 +3.8758e+00 +2.2112e+00 +1.3843e+00 -2.5381e+00 -3.7081e-01 -1.6404e+00 +2.9229e+00 +3.2925e+00
17245 +2.173587887e-05 +2.173587887e-05 +2.977300217e+02 +2.977300217e+02 -3.6887e+00 +6.3094e-01 +3.8574e+00 +2.4168e+00 +1.1805e+00 -2.6036e+00 -2.8767e-01 -1.5939e+00 +2.8531e+00 +3.1619e+00
17254 +1.268062783e-05 +1.268062783e-05 +2.977300127e+02 +2.977300127e+02 -3.6653e+00 +7.0012e-01 +3.8142e+00 +2.3475e+00 +1.1947e+00 -2.7218e+00 -2.8115e-01 -1.6829e+00 +2.8515e+00 +3.1472e+00
17300 +7.303851191e-06 +7.303851191e-06 +2.977300073e+02 +2.977300073e+02 -3.7670e+00 +6.2184e-01 +3.8664e+00 +2.4464e+00 +1.1129e+00 -2.7440e+00 -2.2519e-01 -1.6056e+00 +2.8332e+00 +3.0934e+00
17304 +6.306949103e-06 +6.306949103e-06 +2.977300063e+02 +2.977300063e+02 -3.7166e+00 +6.5572e-01 +3.8465e+00 +2.3383e+00 +1.1662e+00 -2.6895e+00 -2.1627e-01 -1.6127e+00 +2.8700e+00 +3.1287e+00
17360 +8.069774253e-07 +8.069774253e-07 +2.977300008e+02 +2.977300008e+02 -3.7842e+00 +6.2898e-01 +3.8590e+00 +2.3532e+00 +1.1108e+00 -2.6320e+00 -2.3327e-01 -1.6247e+00 +2.8426e+00 +3.1144e+00
17414 +3.159912012e-07 +3.159912012e-07 +2.977300003e+02 +2.977300003e+02 -3.7643e+00 +6.2037e-01 +3.8673e+00 +2.3818e+00 +1.1024e+00 -2.6767e+00 -2.2371e-01 -1.6083e+00 +2.8330e+00 +3.0821e+00
17463 +2.292180739e-07 +2.292180739e-07 +2.977300002e+02 +2.977300002e+02 -3.7450e+00 +6.6095e-01 +3.8454e+00 +2.3487e+00 +1.1348e+00 -2.6703e+00 -2.5093e-01 -1.6391e+00 +2.8419e+00 +3.1009e+00
17465 +1.054474410e-07 +1.054474410e-07 +2.977300001e+02 +2.977300001e+02 -3.7857e+00 +6.5291e-01 +3.8389e+00 +2.3608e+00 +1.1034e+00 -2.6811e+00 -2.3971e-01 -1.6457e+00 +2.8270e+00 +3.0941e+00
17496 +9.208787333e-08 +9.208787333e-08 +2.977300001e+02 +2.977300001e+02 -3.7750e+00 +6.6506e-01 +3.8480e+00 +2.3447e+00 +1.1111e+00 -2.6731e+00 -2.4184e-01 -1.6414e+00 +2.8289e+00 +3.1028e+00
17544 +5.308146456e-08 +5.308146456e-08 +2.977300001e+02 +2.977300001e+02 -3.7477e+00 +6.7765e-01 +3.8271e+00 +2.3324e+00 +1.1370e+00 -2.6770e+00 -2.4359e-01 -1.6479e+00 +2.8384e+00 +3.1054e+00
17551 +3.740268539e-08 +3.740268539e-08 +2.977300000e+02 +2.977300000e+02 -3.7695e+00 +6.5507e-01 +3.8492e+00 +2.3609e+00 +1.1099e+00 -2.6506e+00 -2.4739e-01 -1.6263e+00 +2.8232e+00 +3.0941e+00
17590 +1.486807832e-08 +1.486807832e-08 +2.977300000e+02 +2.977300000e+02 -3.7488e+00 +6.4655e-01 +3.8623e+00 +2.3658e+00 +1.1336e+00 -2.6573e+00 -2.4702e-01 -1.6204e+00 +2.8375e+00 +3.1118e+00
17707 +5.391314062e-09 +5.391314062e-09 +2.977300000e+02 +2.977300000e+02 -3.7856e+00 +6.5236e-01 +3.8461e+00 +2.3725e+00 +1.1077e+00 -2.6777e+00 -2.3327e-01 -1.6251e+00 +2.8250e+00 +3.0904e+00
17722 +1.534715466e-09 +1.534715466e-09 +2.977300000e+02 +2.977300000e+02 -3.7791e+00 +6.5390e-01 +3.8462e+00 +2.3675e+00 +1.1108e+00 -2.6736e+00 -2.3667e-01 -1.6273e+00 +2.8264e+00 +3.0942e+00
% function evaluation | noise-free fitness - Fopt (2.977300000000e+02) | best noise-free fitness - Fopt | measured fitness | best measured fitness | x1 | x2...
1 +7.808124283e+01 +7.808124283e+01 +3.758112428e+02 +3.758112428e+02 +3.8429e+00 -4.7355e-01 +2.8830e+00 +2.9441e+00 +9.3374e-01 -2.7087e+00 -2.5696e-01 -5.4969e-01 -1.2225e-01 +2.8846e+00
31 +4.687182551e+01 +4.687182551e+01 +3.446018255e+02 +3.446018255e+02 +8.2146e-01 -4.5434e-01 +2.2334e-01 +3.0732e+00 +2.6105e-01 -3.9044e+00 -2.3319e-01 +1.4209e+00 +7.8963e-01 +1.8265e-01
60 +3.695771388e+01 +3.695771388e+01 +3.346877139e+02 +3.346877139e+02 +1.5281e+00 -1.1270e+00 +1.5034e-01 +1.6711e+00 -4.5623e-01 -3.6186e+00 +4.0619e-01 +4.7837e+00 -1.6028e+00 +1.5240e+00
123 +2.251530856e+01 +2.251530856e+01 +3.202453086e+02 +3.202453086e+02 +1.6855e+00 -1.6355e+00 -6.1400e-02 +3.8538e+00 -1.7648e-01 -5.0331e+00 +1.0093e-01 +3.0739e+00 -2.0434e+00 +1.9512e+00
171 +1.407950467e+01 +1.407950467e+01 +3.118095047e+02 +3.118095047e+02 +1.8917e+00 -1.3476e+00 -1.7096e+00 +4.0227e+00 -1.5513e+00 -5.3040e+00 +1.3594e+00 +3.3330e+00 -1.4523e+00 +1.4270e+00
182 +9.184059118e+00 +9.184059118e+00 +3.069140591e+02 +3.069140591e+02 +1.6131e+00 -6.7069e-01 -1.7108e+00 +3.9026e+00 -8.7853e-01 -4.9291e+00 -1.1079e-01 +3.4522e+00 -1.5204e+00 +1.4284e+00
297 +6.105338625e+00 +6.105338625e+00 +3.038353386e+02 +3.038353386e+02 +1.9840e+00 -8.2831e-02 -1.8432e+00 +3.5274e+00 -1.1014e+00 -4.6403e+00 +1.4060e+00 +3.4851e+00 -9.4909e-01 +1.7443e+00
7689 +3.358069024e+00 +3.358069024e+00 +3.010880690e+02 +3.010880690e+02 +3.6525e+00 +1.0350e+00 +1.0427e-02 +1.4470e+00 +2.7826e-01 +6.5149e-01 +1.2624e+00 +2.5826e+00 +3.4115e+00 +4.5711e+00
7839 +2.485854036e+00 +2.485854036e+00 +3.002158540e+02 +3.002158540e+02 +3.2933e+00 +1.5392e+00 -2.6719e-01 +1.6482e+00 +1.9318e-01 +6.1492e-01 +8.6862e-01 +2.8430e+00 +3.3253e+00 +4.0349e+00
126313 +1.361670527e+00 +1.361670527e+00 +2.990916705e+02 +2.990916705e+02 +4.4602e+00 -1.4568e+00 +3.6696e+00 -1.7778e+00 -4.3092e+00 -7.0204e-01 -3.6365e+00 +7.7234e-01 +3.5959e+00 +1.8665e+00
126565 +8.258556957e-01 +8.258556957e-01 +2.985558557e+02 +2.985558557e+02 +4.6710e+00 -1.5792e+00 +3.3332e+00 -1.5388e+00 -4.4285e+00 -7.6981e-01 -3.6445e+00 +8.5747e-01 +3.2801e+00 +2.3734e+00
% function evaluation | noise-free fitness - Fopt (5.157000000000e+01) | best noise-free fitness - Fopt | measured fitness | best measured fitness | x1 | x2...
1 +7.880067496e+01 +7.880067496e+01 +1.303706750e+02 +1.303706750e+02 -2.9670e+00 +2.0352e+00 +2.8723e+00 -1.8900e+00 -4.3323e-01 -1.2395e+00 -2.3228e+00 +3.1793e+00 +1.3147e+00 -2.2708e+00
38 +6.296335103e+01 +6.296335103e+01 +1.145333510e+02 +1.145333510e+02 -4.5222e-01 +6.3800e+00 +2.7662e+00 +5.0876e-01 -3.0171e-01 -4.7067e+00 -2.1454e-01 +8.4258e-01 -1.2100e+00 -1.1733e+00
76 +3.741589385e+01 +3.741589385e+01 +8.898589385e+01 +8.898589385e+01 +1.1519e+00 +4.5865e+00 +2.7090e+00 +1.0715e+00 -2.1443e+00 -4.1413e+00 -6.5573e-01 +9.1105e-01 -2.7698e+00 -2.8459e+00
92 +2.488698634e+01 +2.488698634e+01 +7.645698634e+01 +7.645698634e+01 -1.3087e-02 +3.8793e+00 +3.2879e+00 -1.4665e-02 -3.0711e+00 -5.2824e+00 +5.3507e-01 +2.8337e+00 -7.5059e-02 -4.2307e+00
204 +1.493706097e+01 +1.493706097e+01 +6.650706097e+01 +6.650706097e+01 -1.0205e+00 +3.7008e+00 +5.5726e+00 +1.5762e+00 -2.1042e+00 -4.7641e+00 +9.0467e-01 +1.8887e+00 -2.2532e+00 -2.7945e+00
224 +9.962106267e+00 +9.962106267e+00 +6.153210627e+01 +6.153210627e+01 -5.9365e-01 +4.1319e+00 +4.4321e+00 +1.2506e+00 -2.2224e+00 -5.0591e+00 +8.6507e-01 +2.0862e+00 -1.4893e+00 -2.7631e+00
15555 +6.167883571e+00 +6.167883571e+00 +5.773788357e+01 +5.773788357e+01 -2.1296e+00 +2.6464e-02 -4.1523e+00 -9.7731e-01 -2.0655e+00 -1.7671e+00 +3.4924e+00 +1.7222e-01 -2.9777e+00 -2.1918e+00
562757 +3.925381335e+00 +3.925381335e+00 +5.549538133e+01 +5.549538133e+01 +3.5745e+00 -1.8871e+00 +1.9902e+00 -2.3114e+00 -3.0607e-01 -2.7127e+00 -1.4231e+00 -1.3132e+00 -1.0418e+00 -3.9313e+00
562801 +2.441707967e+00 +2.441707967e+00 +5.401170797e+01 +5.401170797e+01 +3.5986e+00 -2.4137e+00 +2.1278e+00 -2.8888e+00 -3.2345e-01 -2.9827e+00 -1.4184e+00 -8.5697e-01 -1.9863e+00 -3.8643e+00
% function evaluation | noise-free fitness - Fopt (5.157000000000e+01) | best noise-free fitness - Fopt | measured fitness | best measured fitness | x1 | x2...
1 +8.601631918e+01 +8.601631918e+01 +1.375863192e+02 +1.375863192e+02 -2.0299e-01 -5.7327e-01 +3.8149e+00 -3.1587e+00 +1.3031e+00 +2.2859e+00 -3.0554e+00 -2.5767e+00 -2.1169e+00 -2.0356e+00
103 +5.539217939e+01 +5.539217939e+01 +1.069621794e+02 +1.069621794e+02 -1.5314e+00 +2.4700e+00 -1.4465e+00 -2.1922e+00 +3.3640e+00 -2.4434e-01 +3.8132e-01 -1.5127e+00 -2.2647e+00 +3.6433e+00
143 +3.643272546e+01 +3.643272546e+01 +8.800272546e+01 +8.800272546e+01 -2.2610e+00 -7.0198e-01 -2.0999e+00 -1.8946e+00 +1.5028e+00 -3.1327e-02 -5.5219e-01 -1.7908e+00 -1.2663e+00 +4.9980e+00
220 +2.439224847e+01 +2.439224847e+01 +7.596224847e+01 +7.596224847e+01 -2.7095e+00 +6.1877e-01 -5.4129e-01 -1.9707e+00 +4.9635e-01 -3.4681e-01 -3.4825e-01 -1.7321e+00 -2.0259e+00 +4.0627e+00
12891 +1.150037653e+01 +1.150037653e+01 +6.307037653e+01 +6.307037653e+01 -2.2702e+00 +8.8836e-01 -4.7395e+00 +1.6104e-01 -1.6815e+00 -1.4739e+00 +3.3419e+00 +7.2303e-01 -1.7181e+00 -3.0911e+00
12962 +9.499764396e+00 +9.499764396e+00 +6.106976440e+01 +6.106976440e+01 -2.0020e+00 -1.5581e-01 -4.7117e+00 -5.8872e-02 -6.7505e-01 -2.0653e+00 +3.8457e+00 +3.5928e-01 -3.1080e+00 -1.5723e+00
13132 +6.208431329e+00 +6.208431329e+00 +5.777843133e+01 +5.777843133e+01 -2.4158e+00 -1.1503e-01 -4.5224e+00 -5.5757e-01 -1.9568e+00 -1.4183e+00 +3.1954e+00 +3.7930e-01 -2.7338e+00 -2.0607e+00
32692 +2.666502610e+00 +2.666502610e+00 +5.423650261e+01 +5.423650261e+01 +4.2198e+00 +4.2799e+00 +2.2349e+00 -1.6763e+00 +4.3246e+00 +2.5759e+00 -2.4379e+00 -3.4593e+00 -1.0549e+00 +4.1850e+00
32697 +2.397342326e+00 +2.397342326e+00 +5.396734233e+01 +5.396734233e+01 +4.5252e+00 +2.9111e+00 +3.5054e+00 -1.9899e+00 +3.5508e+00 +3.5957e+00 -2.6098e+00 -3.3793e+00 -2.0414e+00 +4.3079e+00
33024 +1.342820782e+00 +1.342820782e+00 +5.291282078e+01 +5.291282078e+01 +4.3104e+00 +4.2173e+00 +3.8686e+00 -1.9501e+00 +3.9147e+00 +3.7070e+00 -2.5347e+00 -3.2990e+00 -1.7358e+00 +4.0280e+00
33145 +9.169721986e-01 +9.169721986e-01 +5.248697220e+01 +5.248697220e+01 +4.5450e+00 +3.7692e+00 +3.4374e+00 -1.9823e+00 +3.8581e+00 +3.4205e+00 -2.4164e+00 -3.1583e+00 -1.5975e+00 +4.3372e+00
1220138 +6.163922869e-01 +6.163922869e-01 +5.218639229e+01 +5.218639229e+01 +1.3730e+00 -8.3192e-02 -1.1938e+00 -1.4022e+00 +1.3527e+00 +3.4932e+00 +1.7735e+00 +3.0175e+00 -1.7017e+00 -3.0380e+00
1220483 +8.621192291e-02 +8.621192291e-02 +5.165621192e+01 +5.165621192e+01 +1.6853e+00 +7.9201e-01 -1.7405e+00 -1.7079e+00 +1.4135e+00 +4.2042e+00 +8.0068e-01 +2.8605e+00 -1.8984e+00 -2.2661e+00
1220621 +3.681112861e-02 +3.681112861e-02 +5.160681113e+01 +5.160681113e+01 +2.4273e+00 +4.9381e-01 -2.3490e+00 -1.1786e+00 +1.5196e+00 +3.3291e+00 +8.2192e-01 +2.4835e+00 -2.0386e+00 -2.0206e+00
1221014 +5.106336257e-03 +5.106336257e-03 +5.157510634e+01 +5.157510634e+01 +2.0076e+00 +1.0147e+00 -2.3025e+00 -1.6854e+00 +1.3593e+00 +3.0867e+00 +7.8413e-01 +2.3599e+00 -1.8735e+00 -2.1563e+00
1221076 +7.990679259e-04 +7.990679259e-04 +5.157079907e+01 +5.157079907e+01 +2.2446e+00 +1.3346e+00 -2.3399e+00 -1.6335e+00 +1.2989e+00 +2.8884e+00 +3.5002e-01 +2.1820e+00 -1.9124e+00 -1.8223e+00
1221277 +5.799744736e-04 +5.799744736e-04 +5.157057997e+01 +5.157057997e+01 +2.1578e+00 +1.5194e+00 -2.3524e+00 -1.6450e+00 +1.1177e+00 +2.9635e+00 +2.3099e-01 +2.2713e+00 -1.9727e+00 -1.7653e+00
1221325 +1.647816558e-04 +1.647816558e-04 +5.157016478e+01 +5.157016478e+01 +2.2648e+00 +1.2343e+00 -2.2721e+00 -1.4847e+00 +1.1793e+00 +3.0992e+00 +3.0364e-01 +2.3571e+00 -2.0287e+00 -1.7946e+00
1221375 +9.579310067e-05 +9.579310067e-05 +5.157009579e+01 +5.157009579e+01 +2.0803e+00 +1.2766e+00 -2.1101e+00 -1.7125e+00 +1.1949e+00 +3.1994e+00 +2.6186e-01 +2.3368e+00 -1.9580e+00 -1.8442e+00
1221486 +2.900119703e-05 +2.900119703e-05 +5.157002900e+01 +5.157002900e+01 +2.1146e+00 +1.3436e+00 -2.1593e+00 -1.7048e+00 +1.1998e+00 +3.1530e+00 +2.3479e-01 +2.2583e+00 -1.9495e+00 -1.7672e+00
1221753 +2.349196203e-05 +2.349196203e-05 +5.157002349e+01 +5.157002349e+01 +2.1363e+00 +1.2642e+00 -2.0850e+00 -1.6939e+00 +1.2117e+00 +3.2434e+00 +2.4781e-01 +2.3406e+00 -1.9119e+00 -1.7740e+00
1221754 +1.154660969e-05 +1.154660969e-05 +5.157001155e+01 +5.157001155e+01 +2.1493e+00 +1.2489e+00 -2.2613e+00 -1.6971e+00 +1.3063e+00 +3.1284e+00 +3.3175e-01 +2.2523e+00 -1.9287e+00 -1.8588e+00
1221784 +9.164593841e-06 +9.164593841e-06 +5.157000916e+01 +5.157000916e+01 +2.1017e+00 +1.2672e+00 -2.1665e+00 -1.7516e+00 +1.2743e+00 +3.3650e+00 +2.5176e-01 +2.3303e+00 -1.9194e+00 -1.8142e+00
1221843 +1.932031822e-06 +1.932031822e-06 +5.157000193e+01 +5.157000193e+01 +2.1395e+00 +1.3006e+00 -2.2550e+00 -1.7225e+00 +1.2970e+00 +3.1889e+00 +2.8835e-01 +2.2641e+00 -1.9285e+00 -1.8330e+00
1221850 +3.855532213e-07 +3.855532213e-07 +5.157000039e+01 +5.157000039e+01 +2.1110e+00 +1.3003e+00 -2.2025e+00 -1.7422e+00 +1.2604e+00 +3.2528e+00 +2.6614e-01 +2.3035e+00 -1.9343e+00 -1.8215e+00
1222229 +1.296829808e-07 +1.296829808e-07 +5.157000013e+01 +5.157000013e+01 +2.0896e+00 +1.2606e+00 -2.2065e+00 -1.7493e+00 +1.3021e+00 +3.2477e+00 +3.4485e-01 +2.3003e+00 -1.9095e+00 -1.8743e+00
1222373 +4.933304609e-08 +4.933304609e-08 +5.157000005e+01 +5.157000005e+01 +2.0889e+00 +1.2936e+00 -2.2484e+00 -1.7951e+00 +1.3304e+00 +3.2677e+00 +2.9819e-01 +2.2585e+00 -1.9115e+00 -1.8592e+00
1222549 +3.298323747e-08 +3.298323747e-08 +5.157000003e+01 +5.157000003e+01 +2.0884e+00 +1.2825e+00 -2.2102e+00 -1.7825e+00 +1.3123e+00 +3.2579e+00 +3.1223e-01 +2.2837e+00 -1.9097e+00 -1.8545e+00
1222558 +3.686167815e-09 +3.686167815e-09 +5.157000000e+01 +5.157000000e+01 +2.0814e+00 +1.2860e+00 -2.2148e+00 -1.8008e+00 +1.3258e+00 +3.2728e+00 +3.0926e-01 +2.2713e+00 -1.8991e+00 -1.8564e+00
1222582 +4.605809067e-10 +4.605809067e-10 +5.157000000e+01 +5.157000000e+01 +2.0771e+00 +1.2838e+00 -2.2155e+00 -1.8061e+00 +1.3333e+00 +3.2755e+00 +3.1962e-01 +2.2711e+00 -1.8993e+00 -1.8624e+00
% function evaluation | noise-free fitness - Fopt (5.157000000000e+01) | best noise-free fitness - Fopt | measured fitness | best measured fitness | x1 | x2...
1 +6.875782798e+01 +6.875782798e+01 +1.203278280e+02 +1.203278280e+02 -2.3614e+00 +9.0427e-01 -1.0796e+00 -1.7846e+00 +1.7251e+00 +2.4697e+00 +1.3047e+00 -3.9580e+00 -3.6170e+00 +3.7732e+00
24 +6.074347972e+01 +6.074347972e+01 +1.123134797e+02 +1.123134797e+02 -2.7239e+00 +8.1625e-01 -1.2474e+00 -5.5378e-01 +1.6635e-01 -1.5310e+00 +2.6069e+00 -4.2376e+00 -2.1210e+00 +3.7727e+00
112 +3.210392295e+01 +3.210392295e+01 +8.367392295e+01 +8.367392295e+01 -1.3461e+00 -1.8245e-01 -1.4804e+00 -2.2432e+00 -5.6583e-01 -4.9030e-05 +9.3589e-01 -1.4958e+00 -2.8720e+00 +5.8472e+00
223 +2.410255168e+01 +2.410255168e+01 +7.567255168e+01 +7.567255168e+01 -1.5688e+00 -1.7836e-01 -7.7119e-01 -2.5486e+00 -6.4881e-01 +1.2128e+00 -6.0535e-01 -2.3973e+00 -1.3022e+00 +4.6633e+00
2925 +1.127000971e+01 +1.127000971e+01 +6.284000971e+01 +6.284000971e+01 +3.0489e+00 -2.9997e-01 +3.9799e+00 -4.9449e-01 -5.1975e+00 -7.8902e-01 +2.8964e+00 +3.9497e+00 -2.9624e+00 +3.7346e-01
3145 +9.332020585e+00 +9.332020585e+00 +6.090202058e+01 +6.090202058e+01 +2.6462e+00 -6.9865e-01 +3.1493e+00 -6.7693e-01 -4.1375e+00 -8.1517e-01 +2.5805e+00 +4.3012e+00 -2.7494e+00 +7.8724e-01
31513 +6.302946927e+00 +6.302946927e+00 +5.787294693e+01 +5.787294693e+01 -1.8454e+00 -4.0187e-02 -4.2019e+00 -9.6063e-01 -2.1025e+00 -2.1926e+00 +4.0465e+00 +6.3759e-01 -2.7316e+00 -1.6098e+00
36594 +3.573857428e+00 +3.573857428e+00 +5.514385743e+01 +5.514385743e+01 +4.6429e+00 +4.4455e+00 +3.5139e+00 -2.4057e+00 +4.4243e+00 +2.6673e+00 -2.4489e+00 -2.9965e+00 -2.0787e+00 +3.4833e+00
36827 +2.047554644e+00 +2.047554644e+00 +5.361755464e+01 +5.361755464e+01 +4.2715e+00 +3.5047e+00 +3.0180e+00 -1.6011e+00 +4.3302e+00 +4.3079e+00 -2.4477e+00 -2.4498e+00 -1.6369e+00 +4.2548e+00
37274 +1.546395921e+00 +1.546395921e+00 +5.311639592e+01 +5.311639592e+01 +4.1149e+00 +3.7672e+00 +3.5764e+00 -2.0284e+00 +4.2150e+00 +3.4947e+00 -2.8926e+00 -3.3246e+00 -1.7289e+00 +4.5758e+00
37359 +9.677966604e-01 +9.677966604e-01 +5.253779666e+01 +5.253779666e+01 +4.1756e+00 +4.0334e+00 +3.7331e+00 -1.8703e+00 +3.6630e+00 +3.7507e+00 -2.5851e+00 -3.1269e+00 -1.5135e+00 +4.5446e+00
598791 +6.275377425e-01 +6.275377425e-01 +5.219753774e+01 +5.219753774e+01 +1.6925e+00 +1.7691e+00 -5.2213e-01 -2.5353e+00 +1.3695e+00 +4.6969e+00 -1.0381e+00 +1.5921e+00 -1.5684e+00 -5.1463e-01
598983 +2.716468647e-01 +2.716468647e-01 +5.184164686e+01 +5.184164686e+01 +1.9782e+00 +1.5633e+00 -1.1694e+00 -1.8963e+00 +1.0551e+00 +4.5111e+00 -5.4960e-01 +2.0670e+00 -2.0944e+00 -8.0087e-01
599006 +2.176191486e-01 +2.176191486e-01 +5.178761915e+01 +5.178761915e+01 +1.7122e+00 +1.4759e+00 -4.3704e-01 -2.2621e+00 +8.6368e-01 +5.1363e+00 -1.1402e+00 +2.3458e+00 -1.9108e+00 -6.0083e-01
599065 +1.445942361e-01 +1.445942361e-01 +5.171459424e+01 +5.171459424e+01 +1.6922e+00 +1.5080e+00 -7.5381e-01 -2.4140e+00 +1.0779e+00 +4.0252e+00 -6.8466e-01 +2.1618e+00 -1.7416e+00 -1.1042e+00
599198 +6.749922549e-02 +6.749922549e-02 +5.163749923e+01 +5.163749923e+01 +1.5295e+00 +1.4644e+00 -9.5908e-01 -2.4843e+00 +1.1681e+00 +4.9669e+00 -4.1399e-01 +2.4050e+00 -1.8816e+00 -1.2833e+00
599202 +4.282663508e-02 +4.282663508e-02 +5.161282664e+01 +5.161282664e+01 +1.9370e+00 +9.9236e-01 -1.2586e+00 -1.7131e+00 +1.2906e+00 +4.6172e+00 -2.5721e-01 +2.3660e+00 -2.0585e+00 -1.3297e+00
599323 +3.625472736e-02 +3.625472736e-02 +5.160625473e+01 +5.160625473e+01 +2.1652e+00 +1.2142e+00 -1.9671e+00 -1.8925e+00 +1.4561e+00 +3.9722e+00 -8.4255e-02 +2.0760e+00 -2.1142e+00 -1.3553e+00
599334 +2.132030876e-02 +2.132030876e-02 +5.159132031e+01 +5.159132031e+01 +1.4807e+00 +1.3870e+00 -1.4087e+00 -2.4509e+00 +1.4126e+00 +4.2537e+00 +9.9813e-02 +2.1543e+00 -1.7388e+00 -1.5939e+00
599372 +1.560904895e-02 +1.560904895e-02 +5.158560905e+01 +5.158560905e+01 +1.7194e+00 +1.4708e+00 -1.8174e+00 -1.9970e+00 +1.1848e+00 +3.9173e+00 +1.7695e-01 +2.3299e+00 -1.9987e+00 -1.6868e+00
599478 +5.310316665e-03 +5.310316665e-03 +5.157531032e+01 +5.157531032e+01 +1.9608e+00 +1.2146e+00 -2.1284e+00 -1.7701e+00 +1.2390e+00 +3.6262e+00 +2.6254e-02 +2.3035e+00 -2.0421e+00 -1.8823e+00
599495 +2.004280306e-03 +2.004280306e-03 +5.157200428e+01 +5.157200428e+01 +2.2283e+00 +1.2144e+00 -2.2100e+00 -1.6540e+00 +1.2343e+00 +3.3488e+00 +1.5015e-01 +2.3473e+00 -2.0368e+00 -1.7794e+00
599727 +6.946143630e-04 +6.946143630e-04 +5.157069461e+01 +5.157069461e+01 +2.1923e+00 +1.1603e+00 -2.2424e+00 -1.7489e+00 +1.4214e+00 +3.4179e+00 +1.5321e-01 +2.1615e+00 -1.9584e+00 -1.7616e+00
599833 +5.226582887e-04 +5.226582887e-04 +5.157052266e+01 +5.157052266e+01 +2.1610e+00 +1.3154e+00 -2.1944e+00 -1.7335e+00 +1.2869e+00 +3.4658e+00 +1.1069e-01 +2.2899e+00 -1.9876e+00 -1.7298e+00
599840 +2.318749397e-04 +2.318749397e-04 +5.157023187e+01 +5.157023187e+01 +2.2655e+00 +1.3938e+00 -2.5076e+00 -1.7142e+00 +1.3458e+00 +3.0060e+00 +2.8567e-01 +2.1895e+00 -1.9611e+00 -1.8011e+00
599873 +6.834097697e-06 +6.834097697e-06 +5.157000683e+01 +5.157000683e+01 +2.0906e+00 +1.2281e+00 -2.2458e+00 -1.8126e+00 +1.4282e+00 +3.3312e+00 +3.2054e-01 +2.2187e+00 -1.8817e+00 -1.8744e+00
600191 +5.160270042e-06 +5.160270042e-06 +5.157000516e+01 +5.157000516e+01 +2.0311e+00 +1.2469e+00 -2.1737e+00 -1.8515e+00 +1.3930e+00 +3.3838e+00 +2.8666e-01 +2.2208e+00 -1.8897e+00 -1.8627e+00
600214 +3.398138254e-06 +3.398138254e-06 +5.157000340e+01 +5.157000340e+01 +2.1316e+00 +1.2819e+00 -2.2496e+00 -1.7003e+00 +1.2694e+00 +3.2252e+00 +2.9370e-01 +2.3134e+00 -1.9350e+00 -1.8372e+00
600330 +2.235855135e-06 +2.235855135e-06 +5.157000224e+01 +5.157000224e+01 +2.1138e+00 +1.2799e+00 -2.2151e+00 -1.7051e+00 +1.2675e+00 +3.2043e+00 +2.9683e-01 +2.2855e+00 -1.9208e+00 -1.8587e+00
600353 +6.301538349e-07 +6.301538349e-07 +5.157000063e+01 +5.157000063e+01 +2.0867e+00 +1.2888e+00 -2.2205e+00 -1.8077e+00 +1.3443e+00 +3.2400e+00 +3.1557e-01 +2.2383e+00 -1.8830e+00 -1.8558e+00
600386 +3.729377838e-07 +3.729377838e-07 +5.157000037e+01 +5.157000037e+01 +2.0766e+00 +1.2763e+00 -2.1512e+00 -1.7951e+00 +1.3145e+00 +3.3205e+00 +2.7848e-01 +2.2767e+00 -1.9013e+00 -1.8269e+00
600417 +8.410358987e-08 +8.410358987e-08 +5.157000008e+01 +5.157000008e+01 +2.1035e+00 +1.2825e+00 -2.2376e+00 -1.7793e+00 +1.3316e+00 +3.2559e+00 +3.2027e-01 +2.2765e+00 -1.9069e+00 -1.8549e+00
600580 +4.993752611e-08 +4.993752611e-08 +5.157000005e+01 +5.157000005e+01 +2.0899e+00 +1.2727e+00 -2.2037e+00 -1.7785e+00 +1.3189e+00 +3.2906e+00 +2.9028e-01 +2.2705e+00 -1.9067e+00 -1.8459e+00
600592 +2.395784549e-08 +2.395784549e-08 +5.157000002e+01 +5.157000002e+01 +2.0741e+00 +1.2882e+00 -2.1985e+00 -1.8135e+00 +1.3326e+00 +3.3027e+00 +3.0099e-01 +2.2727e+00 -1.9040e+00 -1.8479e+00
600681 +1.244994507e-08 +1.244994507e-08 +5.157000001e+01 +5.157000001e+01 +2.0930e+00 +1.2771e+00 -2.2282e+00 -1.7766e+00 +1.3196e+00 +3.2683e+00 +3.1615e-01 +2.2800e+00 -1.9110e+00 -1.8592e+00
600761 +4.899114003e-09 +4.899114003e-09 +5.157000000e+01 +5.157000000e+01 +2.0813e+00 +1.2748e+00 -2.2124e+00 -1.7873e+00 +1.3220e+00 +3.2679e+00 +3.1871e-01 +2.2777e+00 -1.8988e+00 -1.8651e+00
600795 +2.588436132e-10 +2.588436132e-10 +5.157000000e+01 +5.157000000e+01 +2.0768e+00 +1.2761e+00 -2.2196e+00 -1.8022e+00 +1.3377e+00 +3.2772e+00 +3.2281e-01 +2.2679e+00 -1.8989e+00 -1.8678e+00
