% function evaluation | noise-free fitness - Fopt (-1.000000000000e+03) | best noise-free fitness - Fopt | measured fitness | best measured fitness | x1 | x2...
1 +8.626944075e+01 +8.626944075e+01 -9.137305592e+02 -9.137305592e+02 +3.6501e+00 +2.4813e+00 +3.4546e+00 +3.8093e+00 -7.6588e-01 +7.2510e-01 +4.7252e-01 -1.9121e+00 -9.4542e-01 -1.8122e+00 +6.3825e-02 +2.9665e+00 +8.8324e-02 +1.6257e+00 -3.9279e+00 -3.7710e+00 -8.5834e-01 +2.7811e+00 -1.4048e+00 -1.9072e+00 +1.5244e+00 -1.1247e+00 +3.6659e-01 -3.7279e+00 +2.1083e+00 +2.0570e+00 -9.7141e-01 -3.1971e+00 +6.6281e-01 -1.5336e+00 -1.9618e+00 -2.1503e+00 +7.9135e-01 +2.1956e+00 -2.1627e+00 +2.1608e+00 -2.4513e+00 -2.3831e+00 +2.0422e+00 +1.2295e+00
419 +5.639061982e+01 +5.639061982e+01 -9.436093802e+02 -9.436093802e+02 +1.8538e+00 -2.3480e-02 +1.3548e+00 -3.0874e-01 -2.8226e+00 +3.7496e+00 -2.4976e+00 -4.0746e+00 +6.5894e+00 -2.5645e+00 +1.8137e+00 +7.4300e-02 -3.2612e+00 +4.2054e-01 -1.6359e+00 +3.5521e+00 -1.4747e+00 -3.7396e+00 -3.8292e+00 -2.9661e+00 -4.1472e+00 +2.5474e+00 -1.3890e+00 +3.7598e+00 -1.0949e+00 -2.3203e+00 +1.4024e+00 +3.7267e+00 +4.4700e+00 -4.8561e-01 -2.7406e+00 +8.4495e-01 -1.2206e+00 -2.9970e+00 -1.6766e+00 -5.0500e-01 +3.4723e+00 -3.6882e+00 -1.5007e+00 -4.6129e+00
574 +3.741316419e+01 +3.741316419e+01 -9.625868358e+02 -9.625868358e+02 -1.5239e+00 -6.1078e-01 +3.2154e-01 -3.5833e-01 +2.4343e-01 +4.9116e+00 -3.3476e+00 -3.6822e+00 +4.5190e+00 -3.7261e+00 +2.1527e+00 -2.2483e+00 -2.8271e+00 -4.6726e+00 -8.1761e-01 +1.7265e+00 -3.0884e+00 -1.0464e+00 -9.8397e-01 -3.4462e+00 -4.8210e+00 +3.8065e+00 -2.5668e+00 +2.9932e+00 -2.2124e+00 -3.8382e+00 +1.8926e+00 +2.1435e+00 +8.8390e-01 -3.0664e-01 -1.9319e+00 +1.7385e+00 -6.7039e-01 -2.1007e+00 -1.1067e+00 +1.7164e+00 +1.4079e+00 -5.0142e-01 +1.0764e+00 -3.0279e+00
662 +2.485947677e+01 +2.485947677e+01 -9.751405232e+02 -9.751405232e+02 -1.3384e+00 -3.0764e+00 -3.8305e-03 -1.8893e+00 -1.2220e+00 +3.4806e+00 -2.6761e+00 -4.3149e+00 +2.6298e+00 -1.4237e+00 +2.6467e+00 -2.2224e-01 -1.5473e+00 -3.4049e+00 +8.7030e-02 +4.0788e+00 -7.5272e-01 -3.1503e+00 -7.2942e-01 -4.4575e+00 -4.1350e+00 +1.4800e+00 -2.8684e+00 +4.1144e+00 -9.7170e-01 -4.0634e+00 +4.7266e+00 +3.1318e+00 +2.1359e+00 -5.9590e-01 -1.9936e+00 -1.1958e-01 -1.1671e+00 -2.5657e+00 -2.4742e+00 -1.4089e+00 -9.9329e-01 -2.7058e+00 -5.3802e-02 -2.4804e+00
728 +1.419889013e+01 +1.419889013e+01 -9.858011099e+02 -9.858011099e+02 -2.2070e+00 -2.2067e+00 -1.2546e-01 -5.2868e-01 -6.5445e-01 +4.8679e+00 -2.2456e+00 -3.2162e+00 +4.5352e+00 -9.0842e-01 +1.2506e+00 -1.4422e+00 -1.4499e+00 -2.0782e+00 -1.2065e-01 +4.2189e+00 -3.1625e+00 -2.3257e+00 -1.6688e+00 -3.8991e+00 -6.0160e+00 +1.9451e+00 -3.0455e+00 +4.6353e+00 -3.2610e+00 -2.9469e+00 +4.9990e+00 +3.1331e+00 +3.2907e+00 +6.7839e-01 -2.4945e+00 +1.0050e+00 -1.6334e+00 -1.7985e+00 -1.8064e+00 +2.0648e-02 -5.9192e-01 -2.9681e+00 +8.1993e-01 -3.7235e+00
757 +9.040665058e+00 +9.040665058e+00 -9.909593349e+02 -9.909593349e+02 -2.1815e+00 -1.5153e+00 +1.3806e+00 +4.3846e-02 -4.0756e-01 +4.0683e+00 -2.6437e+00 -3.5556e+00 +4.0314e+00 -1.7718e+00 +2.6951e+00 -8.4184e-01 -2.3339e+00 -3.2118e+00 +3.5543e-01 +4.0511e+00 -2.9247e+00 -2.0155e+00 -1.2799e+00 -5.0200e+00 -5.0085e+00 +1.4889e+00 -3.2461e+00 +4.9622e+00 -3.3657e+00 -3.5034e+00 +4.5950e+00 +2.8119e+00 +3.2220e+00 +9.4299e-01 -2.2427e+00 +2.2118e-01 -1.9395e+00 -1.4865e+00 -1.8189e+00 +2.2618e-01 +1.1985e+00 -2.5446e+00 -5.6402e-01 -3.1085e+00
919 +6.111895836e+00 +6.111895836e+00 -9.938881042e+02 -9.938881042e+02 -1.4021e+00 -1.3834e+00 +1.4371e+00 +4.1990e-01 -1.1498e+00 +3.4593e+00 -4.7658e+00 -4.9473e+00 +5.1457e+00 -2.1960e+00 +2.4898e+00 -6.7239e-01 -1.5357e+00 -2.3062e+00 +1.0583e+00 +3.8011e+00 -2.1133e+00 -3.0382e+00 -2.2107e+00 -4.5282e+00 -5.2482e+00 +2.6044e+00 -3.2905e+00 +4.0395e+00 -3.6232e+00 -2.9535e+00 +4.0073e+00 +3.4635e+00 +3.5491e+00 +1.0012e+00 -1.4914e+00 -2.8566e-01 -1.1029e+00 -3.0811e+00 -1.7121e+00 -5.1812e-01 +1.5608e+00 -2.2723e+00 +2.5628e-01 -4.4322e+00
1002 +3.441351621e+00 +3.441351621e+00 -9.965586484e+02 -9.965586484e+02 -1.5644e+00 -1.3896e+00 +1.8450e+00 +3.4190e-02 -8.4559e-01 +3.1271e+00 -4.3400e+00 -4.0601e+00 +3.8650e+00 -1.9527e+00 +1.9678e+00 -1.0347e+00 -1.6326e+00 -2.5589e+00 -9.5221e-01 +3.6582e+00 -2.0752e+00 -2.9340e+00 -2.0341e+00 -4.8870e+00 -4.2272e+00 +2.6971e+00 -2.9633e+00 +3.7428e+00 -3.3818e+00 -2.4622e+00 +3.9110e+00 +3.1257e+00 +3.7872e+00 +1.4285e+00 -1.4549e+00 +2.8346e-01 -8.4432e-01 -2.2141e+00 -2.1172e+00 -1.6570e-01 +1.2602e+00 -2.5064e+00 +2.7673e-01 -4.0440e+00
1143 +2.454128400e+00 +2.454128400e+00 -9.975458716e+02 -9.975458716e+02 -1.9843e+00 -1.9604e+00 +1.3186e+00 +3.2848e-01 -8.3506e-01 +3.9537e+00 -3.3344e+00 -3.5226e+00 +3.9369e+00 -1.5861e+00 +1.8644e+00 -1.2997e+00 -2.0598e+00 -3.1040e+00 -3.0267e-01 +3.5096e+00 -1.9527e+00 -2.6393e+00 -1.6883e+00 -4.8247e+00 -4.6955e+00 +2.6527e+00 -2.7359e+00 +3.5979e+00 -3.2677e+00 -2.8713e+00 +3.9786e+00 +3.4629e+00 +3.5719e+00 +1.2120e+00 -1.5678e+00 +5.6255e-01 -1.1592e+00 -1.9926e+00 -2.1222e+00 -1.2077e-01 +9.2303e-01 -2.0571e+00 +3.7359e-01 -4.4541e+00
550093 +1.579739616e+00 +1.579739616e+00 -9.984202604e+02 -9.984202604e+02 +4.2491e+00 +2.7587e+00 +2.1274e+00 -1.0716e-01 +1.6040e+00 -3.9073e+00 -1.8245e+00 +1.1306e+00 -3.4983e+00 -3.9478e+00 +4.5669e+00 -1.7644e+00 -3.1621e+00 -3.7160e-01 -3.4077e+00 -6.3155e-01 +4.0778e+00 -8.5389e-01 +4.0914e+00 +3.5277e+00 -1.3750e+00 +2.0998e-01 +3.8935e+00 -1.8723e+00 -2.0718e+00 +9.7622e-01 +1.7510e-01 -3.0581e-01 -3.1218e+00 -2.3252e+00 +4.4933e+00 +3.9360e+00 -3.3732e+00 +3.1099e+00 -3.3309e-01 +2.3516e+00 -2.9613e+00 -9.5077e-01 -2.7689e+00 -4.0011e+00
550434 +9.921045499e-01 +9.921045499e-01 -9.990078955e+02 -9.990078955e+02 +4.1706e+00 +2.6191e+00 +2.2499e+00 -3.0684e-01 +1.7408e+00 -4.1326e+00 -2.5562e+00 +1.0967e+00 -3.5694e+00 -3.6920e+00 +4.5118e+00 -1.2911e+00 -3.3776e+00 -4.7353e-01 -3.0386e+00 -8.9119e-01 +4.3573e+00 -8.1612e-01 +4.1753e+00 +4.0075e+00 -1.3716e+00 +5.1733e-02 +3.7839e+00 -2.4031e+00 -2.1276e+00 +1.3498e+00 -1.5572e-01 -4.8137e-01 -3.2973e+00 -2.2731e+00 +4.6306e+00 +4.4530e+00 -3.6565e+00 +2.8209e+00 +1.2955e-01 +2.3683e+00 -3.3502e+00 -1.1338e+00 -2.1038e+00 -4.2341e+00
% function evaluation | noise-free fitness - Fopt (-1.000000000000e+03) | best noise-free fitness - Fopt | measured fitness | best measured fitness | x1 | x2...
1 +8.577483091e+01 +8.577483091e+01 -9.142251691e+02 -9.142251691e+02 +1.6398e+00 -6.7207e-01 -1.4486e+00 -8.7311e-01 +3.0537e+00 +3.3095e+00 -3.9428e+00 -2.9802e+00 -2.5983e-01 -4.8502e-01 -1.2327e+00 +7.6829e-01 +1.9332e+00 -9.8361e-01 +2.4019e-01 +1.0591e+00 +1.8729e+00 +2.2623e+00 +2.8399e+00 -3.2389e+00 +2.0399e+00 +5.7507e-01 +5.5471e-01 -2.3506e+00 +1.8087e+00 -3.3253e+00 +3.4152e+00 -2.6072e+00 -1.4368e+00 -1.7278e+00 -1.8756e+00 -1.5400e-01 +3.1299e+00 +2.3645e+00 -1.7113e+00 +3.4530e+00 -2.7724e+00 +3.2860e+00 -1.8211e+00 -2.6604e+00
478 +6.305826374e+01 +6.305826374e+01 -9.369417363e+02 -9.369417363e+02 +3.7204e+00 -1.4669e+00 -1.4494e+00 -2.2266e+00 +1.5222e+00 -3.0370e+00 -1.6569e-01 -3.8121e+00 +1.5468e+00 +4.4136e+00 -2.5433e-01 +9.2070e-01 +7.1430e-01 -1.6563e+00 +3.6575e+00 +7.4591e-01 -1.4004e+00 +1.1721e+00 -9.8235e-01 -2.5069e+00 +1.5118e+00 -3.3567e+00 +1.6010e+00 +2.3094e+00 -9.0725e-01 +2.3134e+00 +3.3290e+00 -1.2428e+00 +5.2852e-01 -8.8171e-01 -2.9881e+00 -6.2621e-01 -1.1056e+00 -3.0814e+00 -3.9279e+00 +3.6240e+00 -2.8966e+00 +2.5856e+00 +5.2152e+00 -3.2068e+00
603 +3.736175208e+01 +3.736175208e+01 -9.626382479e+02 -9.626382479e+02 +2.1920e+00 -3.3282e+00 -2.4315e+00 -1.0926e+00 -1.0325e+00 -4.5702e+00 -6.4922e-01 -2.5213e+00 -6.3154e-01 +1.6448e+00 -1.7826e+00 -6.9933e-01 -2.9133e-01 -2.7114e-02 +3.6230e+00 +1.3067e+00 +1.0480e+00 +3.0517e+00 +1.4680e+00 -2.5024e+00 +6.7487e-01 -3.7514e+00 +2.1035e+00 +4.7366e+00 -1.0589e+00 +3.3203e+00 +3.5819e+00 +1.4769e+00 +1.1724e+00 -1.8599e+00 -5.1163e+00 +3.4016e-01 -3.7031e+00 -2.7737e+00 -2.4011e+00 +1.2048e+00 +3.6485e-01 +2.4742e+00 +3.9437e+00 -3.1624e+00
800 +2.498663255e+01 +2.498663255e+01 -9.750133675e+02 -9.750133675e+02 +4.4877e+00 -2.4881e+00 -1.3666e+00 -3.8584e-01 -4.2451e-01 -5.3362e+00 -3.9448e-01 -1.6978e+00 -5.6421e-01 +4.0589e+00 -6.6988e-01 -7.6329e-01 -1.4128e-01 -7.0529e-01 +3.2618e+00 +2.1789e+00 -5.1074e-02 +2.8150e+00 -1.5789e-01 -2.0896e+00 +7.2765e-01 -3.7888e+00 +2.6490e+00 +4.3627e+00 -4.2198e-01 +2.8969e+00 +2.1877e+00 +1.6500e+00 +9.3915e-01 -1.4141e+00 -4.6311e+00 +9.4764e-01 -3.2342e+00 -2.4782e+00 -4.8327e+00 +2.4772e+00 -2.5739e-02 +1.3407e+00 +4.1480e+00 -2.4429e+00
25191 +1.580486025e+01 +1.580486025e+01 -9.841951398e+02 -9.841951398e+02 -3.8991e+00 +2.8416e+00 -3.0321e+00 +2.1641e+00 +4.1710e+00 +2.9018e+00 -4.3409e-01 -3.9076e+00 +3.1868e+00 +2.8380e+00 -8.6694e-01 +4.4167e+00 +8.1067e-01 +4.1287e+00 +2.1927e+00 -3.9161e+00 -4.2813e+00 +2.1270e+00 +2.3179e+00 +2.1034e+00 -3.4294e+00 -4.6905e+00 -4.7077e+00 +4.9486e+00 -1.1059e+00 -1.9114e+00 -1.5172e+00 -1.2087e+00 +1.7771e+00 -3.3165e+00 -1.4244e-01 +1.1309e-01 -1.1145e+00 -1.8669e+00 -9.5805e-01 -1.6592e+00 +4.6393e-01 -3.3517e+00 -1.9865e+00 -1.5562e+00
210299 +8.366025582e+00 +8.366025582e+00 -9.916339744e+02 -9.916339744e+02 -2.2691e+00 -2.3729e+00 +2.1156e+00 +1.7285e+00 -1.7646e+00 +4.6966e+00 -4.3204e+00 -3.5302e+00 +3.8789e+00 -1.0989e+00 +1.6989e+00 -8.5427e-01 -3.3279e+00 -3.7992e+00 -1.0213e+00 +3.4776e+00 -1.8816e+00 -2.7826e+00 -2.4366e+00 -5.1043e+00 -4.7575e+00 +3.0348e+00 -2.4993e+00 +3.2397e+00 -2.4548e+00 -2.5701e+00 +4.4307e+00 +3.6182e+00 +2.8766e+00 +1.1403e+00 -1.8382e-01 +2.5761e-01 -1.9598e+00 -1.5659e+00 -2.7115e+00 -3.8432e-01 +1.4641e+00 -2.8967e+00 -2.4411e-01 -5.5683e+00
210438 +5.831761695e+00 +5.831761695e+00 -9.941682383e+02 -9.941682383e+02 -2.0778e+00 -1.0337e+00 +1.6237e+00 +1.2381e+00 -9.4381e-01 +3.8534e+00 -3.8403e+00 -4.5166e+00 +4.4675e+00 -1.6886e+00 +2.6584e+00 -1.8771e-01 -1.8397e+00 -2.6999e+00 -3.6056e-02 +3.7470e+00 -2.1250e+00 -2.8330e+00 -3.0071e+00 -5.1799e+00 -4.4113e+00 +3.1336e+00 -3.6035e+00 +2.8040e+00 -3.0620e+00 -2.1353e+00 +4.7894e+00 +2.9091e+00 +2.3445e+00 +1.6094e+00 -1.4193e+00 +1.7647e-01 -7.7269e-01 -2.3095e+00 -2.3814e+00 +5.2166e-03 +1.5184e+00 -2.6558e+00 -1.4398e-01 -5.0273e+00
210616 +2.949298159e+00 +2.949298159e+00 -9.970507018e+02 -9.970507018e+02 -1.8618e+00 -1.9271e+00 +1.6690e+00 -2.7714e-01 -1.1508e+00 +4.1480e+00 -4.3064e+00 -3.5967e+00 +3.6485e+00 -1.7437e+00 +2.1882e+00 -6.8844e-01 -1.4277e+00 -3.1071e+00 +4.7319e-01 +2.7657e+00 -1.8665e+00 -3.1279e+00 -2.1936e+00 -4.3187e+00 -5.1116e+00 +2.7787e+00 -2.3550e+00 +3.3982e+00 -3.3099e+00 -2.9093e+00 +4.8009e+00 +4.2891e+00 +3.7985e+00 +8.4837e-01 -1.1118e+00 +3.4515e-01 -9.4379e-01 -1.7033e+00 -1.9319e+00 -2.9806e-01 +1.2681e+00 -2.9854e+00 +1.8614e-01 -4.4195e+00
210823 +2.440080325e+00 +2.440080325e+00 -9.975599197e+02 -9.975599197e+02 -1.7203e+00 -1.9212e+00 +1.3339e+00 -2.5240e-01 -1.6143e+00 +4.0856e+00 -3.4361e+00 -3.8248e+00 +3.9995e+00 -1.9973e+00 +2.1338e+00 -9.2927e-01 -2.8371e+00 -3.1116e+00 -6.6951e-02 +3.2517e+00 -2.3248e+00 -2.9463e+00 -1.9274e+00 -4.9440e+00 -4.7575e+00 +2.4667e+00 -3.0421e+00 +3.4345e+00 -2.9772e+00 -2.7402e+00 +4.4000e+00 +3.7020e+00 +2.6535e+00 +1.2279e+00 -1.5353e+00 +5.1041e-01 -1.0784e+00 -2.0384e+00 -2.0433e+00 -3.6021e-01 +7.1310e-01 -3.0966e+00 +5.4755e-01 -4.7088e+00
232333 +1.549291644e+00 +1.549291644e+00 -9.984507084e+02 -9.984507084e+02 +4.7406e+00 +3.0479e+00 +1.8767e+00 -1.3802e-01 +9.9398e-01 -4.2687e+00 -2.4207e+00 +1.0798e+00 -3.5705e+00 -3.2806e+00 +4.7501e+00 -1.7384e+00 -2.7848e+00 -8.4153e-01 -2.8323e+00 -6.3721e-01 +4.2934e+00 -1.1356e+00 +4.4203e+00 +3.9176e+00 -1.2184e+00 +6.5880e-01 +3.8695e+00 -2.4835e+00 -1.8745e+00 +8.0779e-01 -3.5248e-01 -1.8613e-01 -3.4443e+00 -2.5316e+00 +5.1126e+00 +4.7654e+00 -3.4846e+00 +2.9821e+00 -1.8222e-01 +2.4899e+00 -2.9651e+00 -1.0597e+00 -2.3770e+00 -4.3947e+00
232451 +9.542914669e-01 +9.542914669e-01 -9.990457085e+02 -9.990457085e+02 +4.4259e+00 +3.0494e+00 +1.8349e+00 -1.6016e-01 +1.1954e+00 -4.2817e+00 -1.9098e+00 +1.2574e+00 -3.3505e+00 -3.4118e+00 +4.6905e+00 -1.5133e+00 -2.9272e+00 -3.9056e-01 -2.8241e+00 -7.6322e-01 +4.1282e+00 -1.1124e+00 +4.4594e+00 +3.8986e+00 -1.1055e+00 +3.0389e-01 +4.2080e+00 -2.0795e+00 -2.0851e+00 +1.1097e+00 +2.9748e-02 -1.3139e-01 -3.5500e+00 -2.5770e+00 +4.8321e+00 +4.6009e+00 -3.1588e+00 +2.9778e+00 -1.3953e-01 +2.7016e+00 -3.5374e+00 -1.1085e+00 -2.3538e+00 -4.2605e+00
% function evaluation | noise-free fitness - Fopt (-1.000000000000e+03) | best noise-free fitness - Fopt | measured fitness | best measured fitness | x1 | x2...
1 +8.622905184e+01 +8.622905184e+01 -9.137709482e+02 -9.137709482e+02 -6.2427e-01 +1.8147e+00 -3.8922e+00 +3.4319e+00 -3.8870e+00 +7.5041e-02 +6.9298e-01 -1.0462e+00 +1.3917e+00 -2.5036e+00 +2.1451e+00 +3.7604e+00 -2.2490e+00 -1.5039e+00 +3.4464e-01 +3.5098e+00 -2.4911e+00 -4.8789e-01 +2.7342e-01 +2.5168e+00 +1.3696e+00 +8.3518e-01 +1.9396e+00 -6.7418e-01 -3.7707e+00 +2.5767e+00 -3.6951e+00 -3.4340e+00 -7.1110e-01 -1.3661e+00 -9.1223e-01 +2.1156e+00 +3.5475e+00 -1.9000e+00 +4.5645e-01 -1.2554e+00 +4.8284e-01 -3.4432e+00 -2.4834e+00 +7.4921e-01
575 +6.204472709e+01 +6.204472709e+01 -9.379552729e+02 -9.379552729e+02 -3.6394e+00 +2.1985e+00 -4.5840e+00 -2.2447e-01 +5.5479e+00 +3.2181e+00 +1.1311e+00 -2.9097e+00 +2.4526e+00 +2.5106e+00 -2.2133e-01 +2.5274e+00 +1.3784e+00 +3.5682e+00 +2.3963e+00 -5.8371e+00 -3.8933e+00 +1.2702e+00 +1.7346e+00 +1.5864e+00 -2.8186e+00 -1.8741e+00 -3.8483e+00 +2.0769e+00 -1.9477e+00 -1.9132e+00 -3.7131e-02 -2.1001e+00 +1.0789e+00 -1.1422e+00 +1.2154e+00 +6.6810e-01 -2.0879e+00 +6.3380e-02 -3.8406e+00 -1.4021e+00 +1.1230e-01 -1.8639e+00 -2.1636e+00 -3.0657e+00
741 +3.678901308e+01 +3.678901308e+01 -9.632109869e+02 -9.632109869e+02 -4.7490e+00 +2.7235e+00 -4.3866e+00 +2.0319e+00 +4.4836e+00 +3.0853e+00 -1.8827e+00 -2.4044e+00 +1.8107e+00 +3.4583e+00 +1.9940e-01 +4.9444e+00 +7.5330e-01 +2.2711e+00 +1.8243e+00 -4.1401e+00 -3.3681e+00 +1.6661e+00 +2.8858e+00 +2.3932e+00 -2.8849e+00 -4.7522e+00 -4.8153e+00 +4.9963e+00 -2.1757e+00 -3.1719e+00 -2.4355e+00 +3.0414e-01 -1.8935e-01 -1.6062e+00 +7.0438e-01 +5.4604e-01 -1.4247e+00 -1.6604e+00 -2.9107e-01 -1.6588e+00 +1.6441e+00 -1.9578e+00 -2.0334e+00 -2.5431e+00
922 +2.213733128e+01 +2.213733128e+01 -9.778626687e+02 -9.778626687e+02 -4.5774e+00 +3.3628e+00 -3.1066e+00 +1.8308e+00 +4.3333e+00 +3.5625e+00 -1.1393e+00 -4.5255e+00 +3.2698e+00 +2.6384e+00 -1.1144e+00 +4.3988e+00 +8.8169e-01 +5.6399e+00 +1.7840e+00 -4.7604e+00 -3.2927e+00 +2.0581e+00 +2.1100e+00 +2.8639e+00 -2.0668e+00 -4.5947e+00 -4.7054e+00 +4.2748e+00 -8.5382e-01 -1.5438e+00 -6.0088e-01 -3.6909e-01 +1.0769e+00 -3.6529e+00 -1.3999e-01 +1.6401e-01 -1.3055e+00 -1.9915e+00 -1.6977e+00 -2.1479e+00 +6.0615e-01 -2.8166e+00 -2.3141e+00 -1.5621e+00
1374 +1.560669903e+01 +1.560669903e+01 -9.843933010e+02 -9.843933010e+02 -3.3427e+00 +3.1696e+00 -3.1011e+00 +1.8667e+00 +3.9571e+00 +3.2213e+00 -7.4087e-01 -3.9521e+00 +3.4734e+00 +3.1428e+00 -5.5008e-01 +4.8887e+00 +7.1584e-01 +4.3468e+00 +1.8006e+00 -3.8814e+00 -4.1404e+00 +2.0169e+00 +2.8659e+00 +2.9349e+00 -3.5465e+00 -4.3591e+00 -4.8335e+00 +4.8187e+00 -7.4718e-01 -1.9231e+00 -1.6027e+00 -9.9316e-01 +1.6946e+00 -3.4910e+00 +2.3762e-01 -3.6438e-01 -1.3760e+00 -1.6336e+00 -8.9358e-01 -1.7540e+00 +1.4762e-01 -3.7682e+00 -2.2047e+00 -1.2612e+00
9928 +9.751235957e+00 +9.751235957e+00 -9.902487640e+02 -9.902487640e+02 -1.4682e+00 -1.5133e+00 +4.8901e-01 +2.5538e-01 -1.5880e+00 +3.6983e+00 -3.3216e+00 -5.0016e+00 +4.6367e+00 -2.8001e+00 +3.3529e+00 -7.7701e-01 -2.2304e+00 -4.2211e+00 -8.8101e-02 +2.0798e+00 -2.2212e+00 -3.4324e+00 -3.4236e+00 -4.4462e+00 -4.4656e+00 +2.7794e+00 -1.9281e+00 +3.9385e+00 -2.9535e+00 -3.6441e+00 +5.7463e+00 +4.0018e+00 +3.1180e+00 +1.4037e+00 -2.7614e+00 +3.4290e-01 -8.9447e-01 -1.1095e+00 -1.8861e+00 -1.3671e+00 +1.0728e+00 -2.4740e+00 -8.8556e-01 -4.0582e+00
10133 +6.107555853e+00 +6.107555853e+00 -9.938924441e+02 -9.938924441e+02 -1.0993e+00 -1.3815e+00 +8.2072e-01 +9.1308e-01 -1.4449e+00 +2.8753e+00 -4.2562e+00 -3.6046e+00 +4.3162e+00 -2.1817e+00 +2.0645e+00 +1.2388e-01 -2.3549e+00 -2.5546e+00 +4.3654e-01 +3.6569e+00 -2.6707e+00 -2.4077e+00 -2.0578e+00 -5.0834e+00 -5.1311e+00 +2.0790e+00 -2.6674e+00 +3.1667e+00 -3.5548e+00 -3.4316e+00 +4.4015e+00 +3.6585e+00 +3.5657e+00 +1.4631e+00 -1.3347e+00 +1.2528e-01 +1.1092e-01 -1.1272e+00 -2.4870e+00 -7.8266e-01 +9.1968e-01 -1.8891e+00 +5.3849e-02 -4.1333e+00
10340 +3.956332883e+00 +3.956332883e+00 -9.960436671e+02 -9.960436671e+02 -2.4821e+00 -1.9999e+00 +1.2020e+00 +3.6903e-01 -1.3815e+00 +3.7250e+00 -4.2635e+00 -4.0086e+00 +4.2374e+00 -1.8704e+00 +1.8403e+00 -1.2178e+00 -2.5983e+00 -2.4287e+00 +7.6597e-01 +3.1492e+00 -1.9921e+00 -2.4081e+00 -2.4794e+00 -4.8455e+00 -4.2264e+00 +2.8234e+00 -2.2746e+00 +3.7853e+00 -3.7437e+00 -2.6025e+00 +4.2335e+00 +3.7054e+00 +2.8900e+00 +9.4516e-01 -1.4809e+00 +8.6512e-01 -7.9745e-01 -2.2344e+00 -2.0876e+00 -7.8360e-01 +6.2106e-01 -3.2313e+00 -8.4070e-01 -4.3111e+00
10579 +2.403911063e+00 +2.403911063e+00 -9.975960889e+02 -9.975960889e+02 -1.6886e+00 -2.1243e+00 +1.4816e+00 +9.4883e-01 -1.1062e+00 +3.7854e+00 -4.0173e+00 -4.6719e+00 +3.9384e+00 -1.8386e+00 +1.7567e+00 -5.3717e-01 -1.8713e+00 -3.2297e+00 -9.4864e-02 +3.1368e+00 -2.1335e+00 -2.4637e+00 -2.2286e+00 -4.5093e+00 -4.4143e+00 +2.5996e+00 -2.7999e+00 +3.5498e+00 -3.3783e+00 -2.8216e+00 +4.4142e+00 +4.0626e+00 +3.1627e+00 +1.5062e+00 -1.5128e+00 +7.8403e-02 -1.0714e+00 -2.3220e+00 -1.9883e+00 -8.1670e-01 +1.2926e+00 -1.9209e+00 -3.3660e-01 -4.7169e+00
% function evaluation | noise-free fitness - Fopt (1.000000000000e+03) | best noise-free fitness - Fopt | measured fitness | best measured fitness | x1 | x2...
1 +8.621811431e+01 +8.621811431e+01 +1.086218114e+03 +1.086218114e+03 +2.9859e+00 +1.5989e+00 -2.7836e+00 +2.7554e+00 -1.8738e-01 -1.9874e+00 +2.3790e+00 +2.1996e+00 -2.4111e+00 +2.9486e+00 +7.1798e-01 +1.1586e+00 -1.3483e+00 -4.9071e-01 -8.4865e-01 -3.8018e+00 +1.8335e+00 -2.7992e+00 -2.1826e+00 -3.0346e+00 -2.9213e+00 -2.4102e+00 -2.7274e+00 +2.2771e+00 -8.8719e-01 +1.6163e+00 -3.4361e+00 -2.1109e+00 -2.0436e+00 -3.9649e+00 +2.1884e+00 +3.0401e+00 +2.3145e+00 +9.7958e-02 +3.8651e+00 +1.6629e+00 -1.9275e-02 -3.7688e+00 +2.7088e+00 +6.7114e-01
349 +5.755455601e+01 +5.755455601e+01 +1.057554556e+03 +1.057554556e+03 +2.0913e+00 -1.5314e-01 +1.7052e+00 +4.0669e+00 -2.6597e+00 -3.8501e+00 -2.7642e+00 -3.1221e-01 -2.9726e+00 -1.1784e+00 +6.3591e-01 +1.8984e+00 -3.7242e+00 -3.8567e+00 +2.0395e-01 -4.3439e-01 +8.4018e-01 +1.1281e+00 +1.1443e+00 -4.3157e+00 -4.8432e+00 -3.5032e+00 +2.4402e+00 -3.7829e-01 -2.7469e+00 +2.8958e+00 -7.1548e-01 +2.5448e+00 -3.8578e+00 -2.3055e+00 -1.1487e+00 +4.2422e+00 +1.7222e+00 +1.1956e+00 -2.2939e+00 -2.6420e+00 +3.4701e+00 -5.7160e+00 +3.0646e-01 +2.9001e+00
537 +3.605923410e+01 +3.605923410e+01 +1.036059234e+03 +1.036059234e+03 +1.1053e+00 +9.7310e-01 +2.4046e+00 +2.7224e+00 -1.9494e+00 -4.2190e+00 -2.8602e+00 +1.0160e+00 -2.8779e+00 -1.9625e+00 +3.6830e-01 +1.6056e+00 -5.3457e+00 -2.8396e+00 -1.3045e+00 -8.2177e-02 -9.4601e-02 +8.5394e-01 +2.2408e+00 -3.6824e+00 -2.6977e+00 -2.6619e+00 +2.2326e+00 -5.1073e-02 -2.4269e+00 +1.2747e+00 +1.4542e+00 +5.3451e+00 -2.8412e+00 -2.4889e+00 -1.4130e+00 +3.7497e+00 +1.8622e+00 -1.3598e-01 -2.1967e+00 -1.5523e+00 +3.4704e+00 -2.7406e+00 -4.8801e-01 +3.0025e+00
806 +2.504480074e+01 +2.504480074e+01 +1.025044801e+03 +1.025044801e+03 +1.3902e+00 +1.6203e+00 +3.3354e+00 +2.9902e+00 -1.7693e+00 -3.6550e+00 -3.8043e+00 +1.4440e+00 -3.3673e+00 -2.0985e+00 -8.8293e-01 +4.4976e-01 -3.7911e+00 -2.0150e+00 -1.3119e+00 -1.9336e-01 -6.3293e-01 -5.0841e-01 +1.7528e+00 -2.3727e+00 -4.5570e+00 -2.9747e+00 +1.8792e+00 -1.6269e+00 -2.5260e+00 +2.4633e+00 +1.9708e+00 +4.3967e+00 -4.1533e+00 -1.2354e+00 -7.3473e-01 +3.9544e+00 +1.3975e+00 +9.0412e-01 -1.7133e+00 -2.3600e+00 +1.9342e+00 -4.1087e+00 -1.2155e+00 +2.7907e+00
1547 +1.581126391e+01 +1.581126391e+01 +1.015811264e+03 +1.015811264e+03 +1.5749e+00 +1.7231e+00 +3.4377e+00 +4.5045e+00 -1.7850e+00 -4.5613e+00 -3.8727e+00 +8.2536e-01 -3.0578e+00 -2.6248e+00 -1.3425e+00 +1.5290e+00 -4.0222e+00 -1.4118e+00 -9.0622e-01 -3.4490e-01 -6.9624e-01 -3.4060e-01 +8.7383e-01 -3.7515e+00 -4.2396e+00 -4.9247e+00 +2.0735e+00 -1.4697e+00 -1.2548e+00 +1.9532e+00 +1.6686e+00 +4.6842e+00 -2.7158e+00 -2.2121e+00 -1.0157e+00 +4.3840e+00 +1.6552e+00 +1.1025e+00 -2.2477e+00 -1.3772e+00 +2.4237e+00 -3.1377e+00 -2.5096e+00 +2.9580e+00
11773 +8.385141935e+00 +8.385141935e+00 +1.008385142e+03 +1.008385142e+03 -1.5469e+00 +4.6202e-01 -2.4746e+00 -2.9103e-02 -4.6336e+00 +4.6854e-01 -4.5613e+00 -4.1504e+00 +1.7092e+00 +1.7711e+00 -3.5968e+00 -2.7246e+00 -1.7021e+00 +3.4450e+00 -3.3777e+00 -3.5022e+00 -2.6973e+00 +2.7948e+00 -3.1914e+00 -4.8895e+00 +3.1340e+00 -3.1017e+00 -8.2563e-01 +2.5168e+00 -5.4322e+00 +5.2887e+00 +2.1420e+00 +4.6317e+00 +1.8469e+00 +3.3294e+00 +5.4642e+00 +3.1867e-01 -4.1701e+00 -3.7559e+00 -4.2075e+00 -2.6284e+00 +3.5909e+00 -3.3340e+00 +7.8186e-01 -7.7355e-01
11991 +5.676530851e+00 +5.676530851e+00 +1.005676531e+03 +1.005676531e+03 -1.9929e+00 +8.6407e-01 -2.5315e+00 +5.9541e-01 -3.7672e+00 +1.7753e+00 -3.6781e+00 -4.7274e+00 +2.3965e+00 +1.7151e+00 -3.3884e+00 -3.6210e+00 -1.6633e+00 +3.7874e+00 -3.9249e+00 -3.7109e+00 -2.6508e+00 +2.6829e+00 -2.2005e+00 -3.7963e+00 +3.2962e+00 -3.9956e+00 -1.9659e+00 +1.5800e+00 -5.1880e+00 +4.8433e+00 +1.7446e+00 +4.9702e+00 +1.2572e+00 +3.7758e+00 +4.1548e+00 +1.2321e+00 -4.4644e+00 -3.7748e+00 -5.3088e+00 -2.5702e+00 +2.4783e+00 -4.1162e+00 +9.4549e-01 -2.9966e-01
12199 +3.327118162e+00 +3.327118162e+00 +1.003327118e+03 +1.003327118e+03 -2.3887e+00 +6.6405e-01 -2.6261e+00 +8.9521e-01 -4.0049e+00 +1.5951e+00 -4.5212e+00 -4.7774e+00 +2.9953e+00 +2.1514e+00 -4.0554e+00 -2.7992e+00 -2.4018e+00 +3.6554e+00 -3.1487e+00 -4.3995e+00 -2.0199e+00 +2.6209e+00 -1.7104e+00 -3.9056e+00 +3.7722e+00 -4.0841e+00 -2.2098e+00 +2.4678e+00 -4.0945e+00 +4.1671e+00 +1.0880e+00 +5.2847e+00 +1.9324e+00 +4.1565e+00 +4.2878e+00 +1.2238e+00 -4.9222e+00 -3.6370e+00 -4.3889e+00 -3.5128e+00 +2.3986e+00 -3.3739e+00 +1.4821e-01 -9.0445e-01
12312 +2.455997305e+00 +2.455997305e+00 +1.002455997e+03 +1.002455997e+03 -2.9052e+00 +4.2545e-01 -3.3548e+00 +3.3045e-01 -3.4604e+00 +1.5839e+00 -4.7409e+00 -4.7621e+00 +3.0604e+00 +2.0135e+00 -3.5232e+00 -3.3632e+00 -1.9533e+00 +3.2200e+00 -3.7018e+00 -3.9654e+00 -2.5026e+00 +2.5997e+00 -1.6968e+00 -4.2844e+00 +3.8191e+00 -3.3286e+00 -1.2511e+00 +2.1708e+00 -4.3833e+00 +4.3917e+00 +1.2334e+00 +4.9271e+00 +2.1491e+00 +4.2584e+00 +4.1529e+00 +1.3690e+00 -4.8793e+00 -4.5225e+00 -4.5920e+00 -2.7583e+00 +2.4433e+00 -3.8264e+00 +8.0305e-01 -8.9808e-01
% function evaluation | noise-free fitness - Fopt (1.000000000000e+03) | best noise-free fitness - Fopt | measured fitness | best measured fitness | x1 | x2...
1 +8.631490177e+01 +8.631490177e+01 +1.086314902e+03 +1.086314902e+03 +1.1076e+00 +2.4433e+00 -2.2741e+00 -3.8636e+00 -1.1147e+00 +1.2212e+00 +2.7610e+00 +3.7462e+00 +3.6234e+00 +3.2439e-01 -2.7208e+00 +3.6292e+00 -2.5953e+00 +3.6397e+00 -3.3910e+00 -3.3670e+00 -3.5730e+00 -7.3810e-01 -2.9940e+00 +1.2440e+00 -2.1295e+00 -1.0815e+00 +2.5422e+00 +1.6005e+00 -3.7704e-01 +2.2126e+00 -2.0688e+00 -5.2954e-01 -2.8865e+00 -3.0461e+00 -2.5695e+00 -3.5331e+00 -1.3446e+00 -1.3661e+00 +1.8852e+00 +3.3022e+00 +1.7418e+00 -1.8485e+00 -1.9587e+00 -2.8611e+00
557 +6.142345975e+01 +6.142345975e+01 +1.061423460e+03 +1.061423460e+03 +1.8553e+00 +5.0516e+00 -2.7179e+00 -4.3154e-01 -3.0808e-01 +5.6296e+00 +1.1752e+00 -2.0097e+00 +3.5791e+00 -2.8304e+00 -2.7746e+00 +2.5008e+00 +9.1665e-01 -2.1739e+00 -2.0637e+00 -3.4267e+00 -3.2627e+00 -4.7016e+00 -1.9954e-01 +8.9048e-01 +4.7191e+00 +5.6123e+00 -3.7356e+00 -1.9791e+00 +4.1768e+00 +1.0072e+00 +3.6841e+00 -2.6242e+00 -2.3424e+00 -2.3418e-01 -1.8817e+00 +2.5074e+00 -1.0863e+00 +2.9447e+00 +1.5845e+00 +1.0531e+00 -4.6574e+00 -5.6542e-01 -3.3715e+00 -4.3811e-01
861 +3.836090180e+01 +3.836090180e+01 +1.038360902e+03 +1.038360902e+03 +1.3345e+00 +4.3372e+00 -3.1465e+00 -1.6625e+00 +1.1311e+00 +4.5177e+00 +1.1769e+00 -2.6707e+00 +2.7577e+00 -3.0080e+00 -6.7375e-01 +3.0565e+00 +1.2363e+00 -2.4123e+00 -2.5562e+00 -3.0838e+00 -3.1818e+00 -2.0606e+00 -3.1005e+00 +1.4878e+00 +3.2768e+00 +4.4199e+00 -3.2018e+00 -1.5795e+00 +4.5444e+00 -6.7841e-02 +3.6422e+00 -4.6400e+00 -9.0529e-01 -2.1312e+00 -3.0896e+00 +2.3405e+00 -6.2026e-01 +2.0819e+00 +2.4354e+00 -1.6754e+00 -4.8658e+00 -9.0718e-02 -3.9386e+00 +1.0510e+00
10168 +2.322211221e+01 +2.322211221e+01 +1.023222112e+03 +1.023222112e+03 +8.5859e-01 +1.9833e+00 +3.7095e+00 +4.1140e+00 -2.3567e+00 -4.2618e+00 -2.7372e+00 +1.8038e+00 -3.9187e+00 -2.1927e+00 -1.0361e+00 +3.5143e-01 -4.2958e+00 -5.0185e-01 -1.2166e+00 -2.6597e+00 +9.1339e-02 -1.7467e-01 +1.3972e+00 -3.0878e+00 -3.8272e+00 -4.2939e+00 +2.9348e+00 -1.7933e+00 -1.6332e+00 +2.6594e+00 +1.5763e+00 +4.1158e+00 -2.1457e+00 -1.8014e+00 -1.0577e+00 +4.8155e+00 +1.3888e+00 +2.6092e+00 -2.2852e+00 -2.4122e+00 +1.4822e+00 -3.8478e+00 -1.6254e+00 +2.6557e+00
11123 +1.577590556e+01 +1.577590556e+01 +1.015775906e+03 +1.015775906e+03 +1.4052e+00 +1.6797e+00 +3.5868e+00 +4.7523e+00 -2.2006e+00 -4.7127e+00 -4.2466e+00 +9.3601e-01 -3.3085e+00 -2.6707e+00 -9.0421e-01 +1.4099e+00 -3.7274e+00 -9.1350e-01 -1.5133e+00 -6.4835e-01 -4.5052e-01 -3.5721e-01 +7.3403e-01 -3.7290e+00 -4.5236e+00 -5.0411e+00 +3.0883e+00 -1.6539e+00 -9.0069e-01 +2.1064e+00 +1.9712e+00 +4.9894e+00 -2.5845e+00 -1.9081e+00 -1.0040e+00 +3.8821e+00 +1.5288e+00 +1.2641e+00 -2.0477e+00 -1.6207e+00 +2.1439e+00 -3.4924e+00 -2.5638e+00 +3.1208e+00
63128 +9.869847589e+00 +9.869847589e+00 +1.009869848e+03 +1.009869848e+03 +3.0301e+00 +3.8630e+00 +3.8351e+00 +1.2622e+00 -2.4291e+00 -1.2206e+00 -2.7270e+00 +8.0860e-01 +1.2217e+00 +2.8300e+00 +2.3950e+00 -4.0422e+00 -3.2945e+00 +2.7756e+00 +3.9119e+00 +4.1069e+00 +4.1381e+00 +3.0136e+00 -2.0228e-01 -2.5358e+00 -3.3736e+00 +1.9826e+00 -9.0545e-01 -2.7336e-02 +1.3586e+00 +2.4942e+00 +2.4314e+00 +4.3639e+00 +1.2692e+00 +5.3284e-01 -2.9732e-01 -1.7337e+00 -1.8077e+00 -1.7765e+00 +1.3837e+00 -7.7262e-01 +2.3465e+00 +2.4353e+00 +1.7512e+00 +8.5436e-01
478708 +6.253098941e+00 +6.253098941e+00 +1.006253099e+03 +1.006253099e+03 -2.4824e+00 +1.3607e-01 -3.1983e+00 +1.0405e+00 -4.5613e+00 +1.5864e+00 -4.4845e+00 -3.7549e+00 +2.1487e+00 +2.1638e+00 -3.7090e+00 -2.6975e+00 -1.4968e+00 +4.0721e+00 -2.6982e+00 -4.3488e+00 -2.3095e+00 +2.3194e+00 -1.8582e+00 -4.7193e+00 +3.7409e+00 -4.0164e+00 -1.1908e+00 +1.8115e+00 -4.8815e+00 +4.3556e+00 +2.0011e+00 +5.2754e+00 +3.1835e+00 +4.1606e+00 +3.6551e+00 +1.7971e+00 -4.3183e+00 -4.5232e+00 -3.9553e+00 -4.2460e+00 +3.3715e+00 -3.7988e+00 +7.1144e-01 -1.3155e+00
478831 +3.639063881e+00 +3.639063881e+00 +1.003639064e+03 +1.003639064e+03 -2.0668e+00 +3.5819e-01 -2.8215e+00 +1.0338e+00 -4.6467e+00 +1.7458e+00 -3.8903e+00 -4.7583e+00 +2.2912e+00 +2.6342e+00 -3.8580e+00 -3.4641e+00 -1.5534e+00 +4.2003e+00 -3.1910e+00 -3.7322e+00 -2.4629e+00 +2.4974e+00 -1.4747e+00 -4.2285e+00 +3.6203e+00 -3.3605e+00 -1.2164e+00 +2.7155e+00 -4.7327e+00 +4.4972e+00 +1.8409e+00 +4.5037e+00 +2.2303e+00 +4.4084e+00 +4.3640e+00 +1.4761e+00 -5.0463e+00 -4.2672e+00 -4.9226e+00 -3.2185e+00 +2.3539e+00 -4.4899e+00 +1.0340e+00 -7.1702e-01
479485 +2.466487124e+00 +2.466487124e+00 +1.002466487e+03 +1.002466487e+03 -2.5249e+00 +3.7367e-01 -3.4447e+00 +1.1780e+00 -3.7748e+00 +1.3280e+00 -4.8435e+00 -4.7893e+00 +2.7137e+00 +1.0999e+00 -4.0969e+00 -3.2921e+00 -1.6206e+00 +3.9190e+00 -3.2966e+00 -3.9326e+00 -2.3445e+00 +2.6753e+00 -1.4240e+00 -4.3048e+00 +3.2993e+00 -3.5899e+00 -1.0845e+00 +2.1438e+00 -4.8446e+00 +4.9967e+00 +1.6249e+00 +4.7251e+00 +1.5890e+00 +4.2006e+00 +4.6061e+00 +5.5358e-01 -4.9839e+00 -4.3068e+00 -4.7206e+00 -2.9591e+00 +3.0307e+00 -3.6733e+00 +6.3819e-01 -5.5136e-01
% function evaluation | noise-free fitness - Fopt (1.000000000000e+03) | best noise-free fitness - Fopt | measured fitness | best measured fitness | x1 | x2...
1 +8.640103622e+01 +8.640103622e+01 +1.086401036e+03 +1.086401036e+03 +2.6088e-01 -1.6898e+00 +3.2837e-01 +1.9035e+00 +1.4426e+00 -1.7106e+00 -2.2309e+00 +2.5700e+00 -3.9072e+00 +3.7631e+00 -1.6590e+00 -1.1907e-01 -3.1357e-01 +2.4910e+00 -3.3519e+00 -3.1861e+00 +1.8604e+00 -1.2830e+00 +2.7159e+00 +2.6052e+00 +6.6726e-01 -2.2437e+00 +1.2705e+00 -2.0996e+00 +3.9214e-02 +1.3203e-01 -3.4913e+00 -1.5463e+00 +9.8779e-01 -5.2111e-01 +2.3998e+00 -2.9001e+00 -1.0785e+00 -3.5115e+00 +1.5353e+00 -2.9542e+00 +2.8758e+00 -2.3664e+00 +3.0351e+00 -3.5876e+00
512 +6.168912472e+01 +6.168912472e+01 +1.061689125e+03 +1.061689125e+03 -3.5857e-01 +4.4612e-01 -1.6291e+00 -6.6375e-01 +2.9301e+00 -3.0265e+00 +1.5360e+00 +1.7762e+00 +3.5375e+00 +2.7502e+00 -3.9146e+00 +3.7986e+00 -5.5657e-01 +4.0113e-01 -1.1724e+00 +4.6772e+00 -4.0873e-01 +7.5988e-01 -5.0533e-01 +2.5045e+00 +3.8050e-01 +3.2564e-02 -3.2654e+00 +1.9413e+00 +6.2703e-01 -1.6474e+00 -1.1784e+00 -3.0239e+00 -4.6764e-02 +1.1914e+00 -4.5387e+00 -3.0462e+00 -1.2299e+00 +1.3439e+00 -1.2383e+00 +5.6981e-01 -2.5400e+00 +3.8857e+00 -3.4004e+00 +2.2044e+00
788 +3.820158074e+01 +3.820158074e+01 +1.038201581e+03 +1.038201581e+03 +1.3194e+00 +4.8971e-01 -2.0568e+00 -1.8517e-01 +3.1796e+00 -3.7848e+00 +7.6005e-01 +1.5637e+00 +2.2845e+00 +4.5900e+00 -3.5576e+00 +3.5952e+00 -8.1026e-01 +2.2471e+00 -2.2320e+00 +3.8275e+00 -1.3043e+00 +2.0427e+00 +1.0430e+00 +5.3218e-01 +1.8388e+00 -3.1611e+00 -9.7716e-01 +9.6749e-01 +2.8128e-01 -2.8580e+00 -2.3793e+00 -2.0667e+00 +1.6778e-01 +1.1436e+00 -3.6077e+00 -3.5090e+00 -1.0420e+00 +2.9680e+00 -3.4954e+00 +1.3055e+00 -9.3051e-01 +4.4319e+00 -3.8915e+00 +3.2011e+00
1150 +2.463411861e+01 +2.463411861e+01 +1.024634119e+03 +1.024634119e+03 +1.2463e+00 +3.1990e-01 -2.8424e+00 -1.3458e+00 +3.6948e+00 -3.8029e+00 +1.0149e+00 +1.6900e+00 +3.8487e+00 +4.2647e+00 -3.0712e+00 +2.3359e+00 -1.0241e+00 +1.6592e+00 -1.8169e+00 +4.2980e+00 -1.2817e+00 +2.3912e+00 +1.0906e+00 -4.8547e-01 +2.1543e+00 -1.4740e+00 -4.3214e-01 -3.2667e-02 +8.8963e-01 -2.0155e+00 -3.9669e+00 -1.0850e+00 +1.1950e+00 +1.4147e+00 -3.7712e+00 -3.9342e+00 -1.4979e+00 +2.7013e+00 -3.2472e+00 +2.7426e+00 -1.7494e+00 +3.1388e+00 -3.4197e+00 +2.8644e+00
30157 +1.566875780e+01 +1.566875780e+01 +1.015668758e+03 +1.015668758e+03 +1.5164e+00 +1.6202e+00 +3.2815e+00 +4.5001e+00 -1.2920e+00 -4.2029e+00 -3.8686e+00 +1.2497e+00 -3.4164e+00 -3.0246e+00 -9.5637e-01 +1.0768e+00 -4.2064e+00 -1.0947e+00 -9.4441e-01 -6.8026e-01 -1.3210e-01 -5.9118e-01 +4.3674e-01 -3.2801e+00 -4.1578e+00 -3.9776e+00 +2.7071e+00 -1.1781e+00 -1.0304e+00 +2.4370e+00 +1.8911e+00 +4.8939e+00 -2.2190e+00 -2.0127e+00 -8.1491e-01 +4.0448e+00 +1.9518e+00 +1.1292e+00 -2.5297e+00 -1.8814e+00 +2.5372e+00 -3.2271e+00 -2.3894e+00 +3.0083e+00
114507 +9.100729293e+00 +9.100729293e+00 +1.009100729e+03 +1.009100729e+03 -3.1413e+00 -6.5989e-01 -3.4565e+00 +7.3070e-01 -3.2304e+00 +1.9992e+00 -4.3134e+00 -4.6199e+00 +2.8899e+00 +1.9922e+00 -2.9142e+00 -3.0246e+00 -2.2775e+00 +3.6641e+00 -3.8511e+00 -5.6886e+00 -2.5025e+00 +3.8136e+00 -2.4654e+00 -4.6529e+00 +3.8665e+00 -3.8406e+00 -1.7345e+00 +1.3091e+00 -3.6707e+00 +4.3772e+00 +5.1273e-01 +5.4511e+00 +1.3496e+00 +4.3463e+00 +5.1276e+00 +1.6111e+00 -4.7432e+00 -4.9890e+00 -5.4179e+00 -3.5115e+00 +3.2667e+00 -2.9835e+00 +2.3189e-01 -5.6575e-01
114706 +5.178912877e+00 +5.178912877e+00 +1.005178913e+03 +1.005178913e+03 -2.5896e+00 +6.6150e-01 -3.4017e+00 +1.4101e+00 -4.1945e+00 +2.0602e+00 -4.8987e+00 -4.3225e+00 +2.6207e+00 +2.6802e+00 -4.1399e+00 -3.4236e+00 -2.2087e+00 +3.7834e+00 -2.9831e+00 -4.6644e+00 -3.0739e+00 +2.6977e+00 -2.3167e+00 -5.1013e+00 +3.1173e+00 -3.0066e+00 -1.0876e+00 +1.0007e+00 -3.8616e+00 +4.4953e+00 +8.6405e-01 +4.6027e+00 +1.4725e+00 +3.5594e+00 +5.0307e+00 +7.3194e-01 -4.5503e+00 -3.1129e+00 -4.4588e+00 -3.0650e+00 +2.9474e+00 -3.6265e+00 +4.1872e-01 -7.5631e-01
114867 +3.428651212e+00 +3.428651212e+00 +1.003428651e+03 +1.003428651e+03 -2.7301e+00 -1.0785e-01 -3.6904e+00 +1.0609e+00 -4.1229e+00 +1.6118e+00 -4.7035e+00 -3.7997e+00 +3.1567e+00 +1.4607e+00 -4.1247e+00 -4.0696e+00 -2.3909e+00 +3.4464e+00 -3.0367e+00 -4.1622e+00 -2.5392e+00 +3.4626e+00 -1.7723e+00 -4.5816e+00 +3.5610e+00 -3.6345e+00 -1.5493e+00 +2.0232e+00 -4.9026e+00 +4.0083e+00 +1.4383e+00 +5.0142e+00 +1.2535e+00 +4.3741e+00 +4.9136e+00 +1.4119e+00 -3.9077e+00 -3.8801e+00 -4.9012e+00 -2.8342e+00 +2.8072e+00 -3.5427e+00 +8.7758e-01 -9.6904e-01
115062 +2.465277855e+00 +2.465277855e+00 +1.002465278e+03 +1.002465278e+03 -2.6951e+00 +3.9926e-01 -3.0850e+00 +5.5787e-01 -3.5967e+00 +1.5283e+00 -4.7639e+00 -4.3342e+00 +2.3816e+00 +2.6553e+00 -3.8148e+00 -2.9067e+00 -1.9981e+00 +3.7830e+00 -3.6081e+00 -4.4041e+00 -2.5047e+00 +2.9043e+00 -1.9588e+00 -4.3331e+00 +3.7617e+00 -3.0695e+00 -4.2841e-01 +2.1399e+00 -4.7836e+00 +4.1049e+00 +1.5510e+00 +4.9098e+00 +2.1977e+00 +4.4196e+00 +4.6399e+00 +8.4379e-01 -4.7773e+00 -3.8314e+00 -4.5210e+00 -3.6012e+00 +3.0064e+00 -4.0215e+00 +1.3548e+00 -9.7843e-01
% function evaluation | noise-free fitness - Fopt (-4.913000000000e+01) | best noise-free fitness - Fopt | measured fitness | best measured fitness | x1 | x2...
1 +8.575842882e+01 +8.575842882e+01 +3.662842882e+01 +3.662842882e+01 -2.4132e+00 +6.5141e-01 +3.9081e+00 +7.4637e-01 -6.6048e-02 +3.0166e+00 -1.9377e+00 +9.9460e-01 +6.2768e-02 -3.0208e-01 -6.7313e-01 +3.8075e+00 +1.2311e+00 +2.2967e+00 -2.0607e+00 -1.8005e+00 -2.8158e+00 +7.6272e-01 +3.7474e+00 +2.4780e+00 -2.6904e-01 +3.8265e+00 +1.8270e+00 -2.7416e+00 +3.0587e+00 +1.2236e-01 -3.4878e+00 -2.4822e+00 +2.3683e+00 +1.5000e+00 +3.4078e+00 -1.5860e+00 +1.7656e+00 -4.1113e-01 +1.6872e+00 +7.4859e-02 -5.7063e-01 +2.9767e+00 -1.2058e+00 +3.9219e+00
458 +6.216248826e+01 +6.216248826e+01 +1.303248826e+01 +1.303248826e+01 +3.4251e+00 -1.3231e+00 +6.9240e-01 +6.6364e-02 +4.2915e+00 -4.8510e+00 -9.9643e-01 +2.3981e+00 +2.1250e+00 -3.6269e+00 -1.5848e+00 -1.1130e+00 +1.8132e-01 +5.1543e-01 -1.1880e+00 -3.7956e+00 +1.2462e-01 +2.2318e+00 +1.2327e+00 -2.8288e-01 -3.0963e+00 +2.8180e+00 +2.4923e+00 +2.4568e+00 +2.5379e-01 -4.8047e+00 -3.4641e+00 +2.9784e+00 +1.8705e+00 -5.9384e+00 +4.9109e+00 +2.5423e+00 -3.3539e+00 +3.8231e+00 -1.9225e+00 +1.9989e+00 -9.1476e-02 +1.3541e+00 +2.5544e+00 +1.7071e+00
663 +3.597764415e+01 +3.597764415e+01 -1.315235585e+01 -1.315235585e+01 +2.6174e-02 -3.1864e+00 -3.7220e+00 -1.0432e+00 +3.7480e+00 -3.0779e+00 -3.4533e-01 +3.0946e+00 -1.2600e+00 -2.3189e+00 -2.6340e+00 -1.7010e+00 +9.4860e-01 -8.3984e-02 -3.8285e+00 -4.9834e+00 -3.5280e+00 +1.9337e+00 +2.7055e+00 -4.3331e-01 -2.5650e+00 +4.8395e+00 +4.8973e+00 +2.4184e-01 +1.4244e+00 -2.3036e-01 -5.6076e-02 +3.9163e+00 -1.6500e+00 -3.2208e+00 +3.6912e+00 +2.0383e+00 -4.4097e+00 +2.4660e+00 +8.0275e-01 +1.6123e-01 -1.7196e+00 +1.3438e+00 +1.9960e+00 +1.5844e+00
725 +2.038027970e+01 +2.038027970e+01 -2.874972030e+01 -2.874972030e+01 +8.5422e-01 -2.6677e+00 -2.4429e+00 +5.7650e-01 +4.7214e+00 -3.8097e+00 -6.9787e-01 +3.6758e+00 -8.0741e-01 -3.9568e+00 -2.2372e+00 -1.2994e+00 +1.2699e+00 -1.1441e+00 -1.4320e+00 -3.8146e+00 -6.9757e-01 +2.4510e+00 +1.5528e+00 +7.9201e-01 -4.5262e+00 +6.7749e-01 +4.2449e+00 +2.3035e+00 +1.5209e+00 -1.1133e+00 +1.9717e-01 +2.5431e+00 -1.5577e+00 -2.9113e+00 +4.2324e+00 +3.4821e+00 -3.0664e+00 +3.2823e+00 -9.7501e-01 +1.4568e+00 +4.8578e-01 +7.7074e-01 +3.6753e-01 +1.7612e+00
809 +1.269824363e+01 +1.269824363e+01 -3.643175637e+01 -3.643175637e+01 +2.0776e+00 -3.4468e+00 -1.2028e+00 -1.0428e+00 +3.4039e+00 -5.4119e+00 -7.2507e-01 +4.0882e+00 -1.1156e+00 -5.1151e+00 -1.9723e+00 -2.9886e+00 +1.9838e+00 -8.0553e-01 -6.5662e-01 -4.1816e+00 -5.2144e-01 +1.4266e+00 +2.4593e+00 -5.5529e-01 -4.5083e+00 +1.5665e+00 +4.3624e+00 +1.7956e+00 +2.4462e+00 -2.7522e+00 -1.1080e+00 +2.1700e+00 -2.0561e+00 -3.7424e+00 +3.8453e+00 +2.5253e+00 -4.1699e+00 +4.2086e+00 +2.5978e-01 +1.3406e+00 +2.9159e-01 +1.1303e+00 +1.0735e+00 +2.6749e+00
915 +9.612192471e+00 +9.612192471e+00 -3.951780753e+01 -3.951780753e+01 +1.5153e+00 -3.0666e+00 -3.6645e-01 +1.9235e-01 +3.8665e+00 -3.2051e+00 +2.6594e-01 +4.1891e+00 -1.1020e+00 -2.9739e+00 -1.5336e+00 -3.3341e+00 +1.5413e+00 -1.6625e-01 -9.2195e-01 -4.9955e+00 -1.0829e+00 +2.4810e+00 +2.2336e+00 +2.0474e-01 -3.6820e+00 +1.4212e+00 +4.5317e+00 +1.1701e+00 +1.0313e+00 -2.3139e+00 -1.4892e+00 +2.7123e+00 -6.8243e-01 -4.5439e+00 +4.0491e+00 +3.1345e+00 -4.2487e+00 +2.7801e+00 +1.0163e+00 +2.1502e+00 -1.6510e+00 +2.7426e+00 +9.8610e-01 +2.1274e+00
1100 +5.610951735e+00 +5.610951735e+00 -4.351904827e+01 -4.351904827e+01 +1.6841e+00 -3.3598e+00 -1.7504e+00 -3.1372e-01 +4.3709e+00 -4.8341e+00 +4.6057e-01 +4.6649e+00 -1.6412e+00 -3.3265e+00 -1.9915e+00 -2.7833e+00 +1.6452e+00 -1.0759e-01 -1.7590e+00 -5.0605e+00 -6.3217e-01 +1.7089e+00 +3.2440e+00 -7.5607e-01 -4.0873e+00 +1.7724e+00 +4.5150e+00 +2.8977e+00 +6.9222e-01 -1.9406e+00 -9.2190e-01 +2.4350e+00 -1.6284e+00 -3.9189e+00 +3.1004e+00 +2.9112e+00 -4.5866e+00 +3.1003e+00 +1.0348e+00 +8.8172e-01 -1.7479e+00 +2.3154e+00 +7.5780e-01 +2.8225e+00
1402 +3.772161811e+00 +3.772161811e+00 -4.535783819e+01 -4.535783819e+01 +1.8261e+00 -3.6922e+00 -2.0232e+00 -9.3028e-01 +4.9961e+00 -4.4303e+00 +3.6835e-01 +4.4914e+00 -2.1214e+00 -3.2671e+00 -1.2978e+00 -2.9168e+00 +1.4518e+00 +7.8085e-01 -1.6788e+00 -4.3374e+00 -1.8392e-01 +1.6493e+00 +2.4279e+00 -4.4865e-01 -3.9655e+00 +1.8084e+00 +4.3940e+00 +2.0307e+00 +1.1706e+00 -2.1442e+00 -1.1751e+00 +2.6892e+00 -1.4314e+00 -3.8840e+00 +3.6435e+00 +2.7350e+00 -4.1474e+00 +3.9729e+00 +1.5750e+00 +1.3951e+00 -1.5611e+00 +2.1425e+00 +5.6874e-01 +2.5607e+00
10598 +2.262422730e+00 +2.262422730e+00 -4.686757727e+01 -4.686757727e+01 -1.3494e+00 +1.9168e+00 -2.5655e-01 -3.8651e+00 -2.5817e+00 +5.9996e-01 +4.0374e+00 -1.2599e+00 +3.8841e+00 +1.1929e+00 +1.0072e+00 +3.9972e+00 +2.7300e+00 -2.7109e+00 -2.7153e+00 +1.3080e-01 +3.3965e+00 +3.7552e+00 -1.8384e+00 +4.1803e+00 +3.6839e+00 +2.9240e+00 -1.8631e+00 +2.3843e+00 +3.6348e+00 -3.8786e+00 +6.5187e-02 -3.5976e-01 -1.4320e+00 -4.1739e+00 -3.5724e+00 -4.8764e+00 -2.0990e+00 +4.6855e+00 -1.8518e+00 -8.5448e-01 +3.3140e+00 -1.7099e-01 +2.4807e+00 +2.9624e+00
10951 +1.518313768e+00 +1.518313768e+00 -4.761168623e+01 -4.761168623e+01 -8.3353e-01 +2.1151e+00 -1.2455e-02 -2.8504e+00 -2.4159e+00 +6.3910e-01 +3.5616e+00 -6.9001e-01 +3.7066e+00 +1.2455e+00 +7.3158e-01 +3.2558e+00 +2.0287e+00 -2.4697e+00 -2.3684e+00 -2.5362e-01 +4.0964e+00 +4.5163e+00 -1.8398e+00 +4.0028e+00 +3.5923e+00 +3.4331e+00 -2.3752e+00 +2.1222e+00 +3.8192e+00 -4.2391e+00 -6.0947e-01 -6.4381e-01 -1.5533e+00 -3.9477e+00 -3.3757e+00 -4.8618e+00 -1.6883e+00 +4.7847e+00 -2.3505e+00 +4.1131e-01 +3.2029e+00 +8.9046e-02 +2.3088e+00 +2.5092e+00
11205 +9.495277608e-01 +9.495277608e-01 -4.818047224e+01 -4.818047224e+01 -8.3577e-01 +2.2479e+00 +4.8977e-02 -2.7581e+00 -2.4669e+00 +5.4721e-01 +3.5692e+00 -1.0359e+00 +3.7715e+00 +1.4024e+00 +8.8422e-01 +3.2322e+00 +2.2834e+00 -2.7187e+00 -2.4991e+00 -3.2026e-01 +3.6544e+00 +4.2977e+00 -2.0158e+00 +3.6964e+00 +3.8909e+00 +3.2681e+00 -2.2069e+00 +2.0327e+00 +3.4937e+00 -4.4425e+00 -1.4784e-01 -8.1130e-01 -1.7312e+00 -4.2360e+00 -3.4017e+00 -5.0197e+00 -1.8216e+00 +4.8289e+00 -1.7714e+00 +2.7399e-01 +2.9478e+00 +6.7147e-01 +2.3250e+00 +3.2270e+00
% function evaluation | noise-free fitness - Fopt (-4.913000000000e+01) | best noise-free fitness - Fopt | measured fitness | best measured fitness | x1 | x2...
1 +8.599775474e+01 +8.599775474e+01 +3.686775474e+01 +3.686775474e+01 +2.7508e+00 +4.1259e-01 -3.1307e+00 -3.4974e+00 -2.7744e-02 -3.7878e+00 +1.1594e+00 -3.6801e+00 +9.6979e-01 -2.4533e+00 -1.2829e+00 +2.4602e+00 -6.3378e-01 +2.9106e+00 -3.0843e+00 +2.9431e+00 -3.6365e+00 -4.0835e-01 +2.4037e+00 +1.7808e+00 +3.8913e-01 +1.2475e+00 +9.3188e-01 +3.3188e-01 -4.8848e-01 -1.5898e+00 +2.7994e+00 +2.8151e+00 -1.7959e+00 -2.9836e+00 +3.4134e+00 -1.2415e+00 +2.4687e+00 -3.3822e+00 +9.6783e-02 -3.1909e+00 -2.0605e+00 -3.4899e+00 +3.9011e+00 -2.6607e+00
460 +6.024378330e+01 +6.024378330e+01 +1.111378330e+01 +1.111378330e+01 -2.2095e+00 +1.3621e+00 -6.1077e-01 +1.5761e+00 -1.3757e+00 +1.2000e+00 +1.1757e+00 +1.7243e+00 +1.0700e+00 -2.2551e+00 -6.0443e-01 -2.9964e+00 +2.5277e+00 -2.0414e+00 -3.3525e+00 -3.0294e+00 -2.0253e+00 +1.7633e+00 -5.6107e+00 +9.6788e-01 +1.5255e+00 +3.4332e+00 +1.4243e+00 -2.1245e+00 +1.4585e-01 -1.0843e+00 +3.2788e+00 +2.5377e+00 +5.2199e+00 -3.1466e+00 +1.5563e+00 -1.1536e+00 +2.6107e+00 +5.8657e+00 -2.0393e+00 -4.3568e+00 +4.1529e+00 -2.8758e-01 +1.4832e+00 -8.8907e-01
653 +3.778409955e+01 +3.778409955e+01 -1.134590045e+01 -1.134590045e+01 -1.6155e-01 +8.8913e-01 -3.4066e-01 -7.5461e-01 -7.1644e-01 +2.8186e+00 +1.0821e+00 +2.8481e+00 +5.8917e-01 -1.9925e+00 -2.5504e+00 -1.3816e+00 +3.6883e+00 +1.2291e+00 -8.4391e-01 -3.8907e+00 -1.4302e+00 +3.0098e+00 -4.7451e+00 +2.3630e+00 +4.2815e+00 +4.6214e+00 +1.6429e-01 -2.2660e+00 +4.6452e-01 -3.2989e+00 +4.0044e+00 +4.5700e+00 +3.7511e+00 -3.3850e+00 +1.2467e+00 -2.1025e+00 +2.5982e+00 +3.2029e+00 -1.8231e+00 -4.4408e+00 +3.2338e+00 +1.0731e-01 +1.7637e+00 +1.5671e+00
1110 +2.511160037e+01 +2.511160037e+01 -2.401839963e+01 -2.401839963e+01 -8.6466e-01 +6.6671e-01 -6.7122e-01 +7.4479e-01 -2.4457e-01 +3.0934e+00 +1.5728e+00 +2.3152e+00 -1.6940e-01 -1.5791e+00 -1.1236e+00 -1.3741e+00 +1.9482e+00 +1.6189e+00 -1.8666e+00 -4.6327e+00 -2.3931e+00 +3.9386e+00 -4.9207e+00 +1.8326e+00 +2.8084e+00 +3.5518e+00 +5.5751e-01 -1.8056e+00 +5.5614e-01 -2.0352e+00 +4.0278e+00 +4.4050e+00 +4.5196e+00 -4.1547e+00 +4.5878e-01 -3.2987e+00 +2.2899e+00 +4.9543e+00 -3.2722e+00 -4.4481e+00 +4.7411e+00 -5.0273e-01 +9.7849e-01 +1.0233e+00
10314 +1.577909907e+01 +1.577909907e+01 -3.335090093e+01 -3.335090093e+01 +2.6226e+00 -3.6834e+00 -1.9167e+00 -1.2623e+00 +4.6402e+00 -4.5505e+00 +1.0109e-01 +3.3617e+00 -2.6097e+00 -3.6242e+00 -2.1617e+00 -3.7838e+00 +2.1205e+00 +8.3806e-02 -9.5280e-02 -4.9267e+00 -8.4242e-01 +6.3379e-01 +1.2979e+00 +4.2669e-01 -3.5403e+00 +1.8344e+00 +2.4216e+00 +1.2860e+00 +1.0769e+00 -1.6165e+00 -2.3166e+00 +1.7906e+00 -2.2241e+00 -4.8946e+00 +4.7041e+00 +1.4778e+00 -3.2317e+00 +4.5252e+00 +1.3601e+00 +8.9242e-01 -2.2118e+00 +2.9343e+00 +1.3021e+00 +1.4029e+00
10550 +9.318448382e+00 +9.318448382e+00 -3.981155162e+01 -3.981155162e+01 +1.8555e+00 -2.6250e+00 -1.9532e+00 -7.2264e-01 +4.4756e+00 -4.0262e+00 +1.6600e-01 +3.4615e+00 -1.3852e+00 -4.4944e+00 -1.2395e+00 -3.9279e+00 +1.6786e+00 -1.1354e-01 -8.7863e-01 -5.3297e+00 -9.2123e-01 +1.4576e+00 +2.1855e+00 -1.1994e+00 -4.3006e+00 +1.9333e+00 +3.2076e+00 +2.3031e+00 +1.1509e+00 -1.5096e+00 -2.0147e+00 +2.3290e+00 -2.0755e+00 -3.9831e+00 +4.1128e+00 +1.2677e+00 -4.7767e+00 +3.4724e+00 +1.3429e+00 +1.2966e+00 -2.0388e+00 +2.2129e+00 +1.4941e+00 +2.2741e+00
10833 +6.289500615e+00 +6.289500615e+00 -4.284049939e+01 -4.284049939e+01 +1.0776e+00 -3.7166e+00 -2.1002e+00 -6.8951e-01 +5.1350e+00 -4.0667e+00 +6.0741e-01 +5.0222e+00 -1.6061e+00 -2.8443e+00 -1.9468e+00 -3.0347e+00 +1.8078e+00 +6.1260e-01 -2.4419e+00 -4.2640e+00 +2.4791e-01 +1.5721e+00 +2.4506e+00 -2.0234e-01 -3.8373e+00 +1.2935e+00 +3.9072e+00 +2.3280e+00 +4.8344e-01 -1.7093e+00 -1.5274e+00 +2.3679e+00 -1.1879e+00 -3.7326e+00 +3.0030e+00 +2.2252e+00 -3.7000e+00 +3.9922e+00 +3.3383e-01 +9.2324e-01 -1.2494e+00 +2.5675e+00 +7.1036e-01 +2.4240e+00
11081 +3.715361933e+00 +3.715361933e+00 -4.541463807e+01 -4.541463807e+01 +1.2601e+00 -2.8544e+00 -2.2066e+00 -4.2198e-01 +4.9907e+00 -4.2266e+00 +7.0432e-01 +4.1680e+00 -1.7189e+00 -3.3120e+00 -1.4865e+00 -3.2284e+00 +2.1502e+00 -3.8057e-02 -2.4304e+00 -4.5573e+00 -6.2521e-01 +1.3797e+00 +2.7817e+00 -9.9151e-02 -3.6354e+00 +1.4268e+00 +4.3485e+00 +2.1936e+00 +7.4613e-01 -2.4423e+00 -1.2863e+00 +2.3007e+00 -1.4513e+00 -4.0067e+00 +3.7063e+00 +2.3719e+00 -4.1058e+00 +3.7959e+00 +7.9502e-01 +1.3024e+00 -1.4612e+00 +2.3237e+00 +8.6353e-01 +2.8565e+00
53696 +2.392385930e+00 +2.392385930e+00 -4.673761407e+01 -4.673761407e+01 -7.5406e-01 +2.6666e+00 -1.0108e+00 -3.3824e+00 -2.0471e+00 +2.4323e-01 +3.2251e+00 -1.1353e+00 +3.8271e+00 +1.1820e+00 +9.4292e-01 +3.3592e+00 +2.1519e+00 -2.7923e+00 -3.4233e+00 -1.0681e+00 +4.1058e+00 +4.4541e+00 -2.4453e+00 +3.7580e+00 +4.0612e+00 +3.6881e+00 -2.0667e+00 +1.5470e+00 +3.2069e+00 -4.0957e+00 -5.2958e-01 -6.1132e-01 -2.6326e+00 -4.8146e+00 -3.6388e+00 -4.3013e+00 -1.5312e+00 +4.3999e+00 -2.4944e+00 -3.2200e-01 +3.1201e+00 +5.5442e-01 +2.1162e+00 +3.2490e+00
54011 +1.548172613e+00 +1.548172613e+00 -4.758182739e+01 -4.758182739e+01 -5.3009e-01 +2.4291e+00 -5.5104e-03 -2.9900e+00 -2.0698e+00 +7.3494e-01 +3.7428e+00 -1.2378e+00 +3.7974e+00 +1.2727e+00 +1.3501e+00 +3.0506e+00 +2.3366e+00 -2.5758e+00 -2.4482e+00 -2.8005e-01 +3.4460e+00 +4.1390e+00 -2.2364e+00 +3.8074e+00 +3.6775e+00 +3.5367e+00 -1.4422e+00 +2.3413e+00 +3.4200e+00 -4.1889e+00 -1.4097e-02 -4.5846e-01 -2.0587e+00 -3.8795e+00 -3.6048e+00 -4.9895e+00 -2.0822e+00 +5.1983e+00 -2.0125e+00 +2.6977e-01 +2.6781e+00 +8.4835e-01 +1.9959e+00 +3.0697e+00
54225 +9.641592866e-01 +9.641592866e-01 -4.816584071e+01 -4.816584071e+01 -9.0932e-01 +2.2758e+00 +1.3252e-01 -3.0045e+00 -2.8036e+00 +8.9797e-01 +3.4555e+00 -1.1462e+00 +4.1323e+00 +1.1091e+00 +1.2009e+00 +3.0897e+00 +2.2116e+00 -2.7875e+00 -2.7572e+00 -3.4975e-01 +3.9103e+00 +4.5966e+00 -2.0785e+00 +3.6082e+00 +4.1739e+00 +3.2227e+00 -2.1092e+00 +1.9796e+00 +3.6727e+00 -4.2483e+00 -3.4205e-01 -4.6089e-01 -1.9396e+00 -4.0379e+00 -3.5425e+00 -4.6684e+00 -1.6754e+00 +4.7935e+00 -2.0913e+00 +2.5843e-01 +3.1161e+00 +3.1130e-01 +2.3222e+00 +3.1819e+00
% function evaluation | noise-free fitness - Fopt (-4.913000000000e+01) | best noise-free fitness - Fopt | measured fitness | best measured fitness | x1 | x2...
1 +8.393454049e+01 +8.393454049e+01 +3.480454049e+01 +3.480454049e+01 +1.2887e+00 +1.5802e+00 -4.7604e-01 -3.2906e+00 -9.5427e-01 -2.7260e+00 +3.1063e+00 -3.9897e+00 -1.7216e-01 +3.4467e-01 +7.2938e-02 -2.8853e+00 -3.6973e+00 -1.2070e+00 -3.3659e+00 -7.8574e-01 +1.1903e+00 +1.6127e+00 -1.0012e+00 -1.1231e+00 +3.5157e+00 +1.3217e+00 +1.1325e+00 -1.5964e+00 +1.9535e+00 -3.8308e+00 -3.2622e+00 +2.3441e+00 +5.9720e-01 -2.3273e+00 -1.9223e-02 +6.6168e-01 +1.0109e+00 +2.8453e+00 +2.7154e+00 +4.1456e-01 -2.5913e+00 -2.5520e-01 +1.7080e+00 +3.5969e+00
167 +6.280551407e+01 +6.280551407e+01 +1.367551407e+01 +1.367551407e+01 -1.8587e+00 +1.6773e+00 -1.1115e+00 -5.0215e+00 -6.1335e-01 -2.4012e+00 +3.3450e+00 -4.1328e+00 +2.1819e+00 +7.1014e-01 +2.2339e+00 +5.8717e+00 +1.7116e+00 -1.6603e+00 -1.1627e+00 -1.6651e+00 +2.7205e+00 +4.8295e+00 -2.0038e+00 -4.5682e-02 +4.0441e+00 +4.2931e+00 -1.6171e+00 +1.9774e+00 +3.7705e+00 -9.0863e-01 -9.1543e-01 +7.4741e-01 -1.6068e+00 -3.1431e+00 -1.9765e+00 -2.1075e+00 -1.7701e+00 +2.5017e+00 +2.0190e-01 -1.2774e+00 +2.6047e+00 +2.2487e+00 +1.6014e+00 +1.9930e+00
339 +2.894811825e+01 +2.894811825e+01 -2.018188175e+01 -2.018188175e+01 +1.8402e-01 +1.9421e+00 -8.2104e-01 -4.3619e+00 -1.1273e+00 -1.8593e+00 +1.7901e+00 -1.4606e+00 +3.0535e+00 +3.7176e+00 +3.3607e-01 +4.4311e+00 +3.0857e+00 -1.6741e+00 -2.6744e+00 +2.4759e-01 +2.9784e+00 +5.2204e+00 -3.6148e+00 +4.3452e+00 +4.9546e+00 +3.8560e+00 -2.3327e+00 +3.5087e+00 +2.7213e+00 -2.1534e+00 -1.1515e+00 -7.0567e-01 -2.5383e+00 -3.9695e+00 -2.7884e+00 -3.9722e+00 -1.2153e+00 +2.5930e+00 -1.9516e+00 +2.1360e-01 +4.6491e+00 -9.9119e-01 +3.6464e+00 +2.5904e+00
398 +2.175750312e+01 +2.175750312e+01 -2.737249688e+01 -2.737249688e+01 -3.6887e-01 +2.5884e+00 -1.8042e+00 -3.4979e+00 -1.7988e+00 +1.4932e+00 +3.2409e+00 -2.8243e+00 +3.2632e+00 +2.2264e-01 +9.6868e-01 +3.8407e+00 +3.7947e+00 -2.6613e+00 -3.0720e+00 +1.0130e+00 +3.0808e+00 +5.7554e+00 -3.3660e+00 +3.1519e+00 +5.5228e+00 +3.9990e+00 -4.3839e+00 +1.1295e+00 +4.1861e+00 -2.5597e+00 -4.4368e-01 -3.3146e-01 -2.7975e+00 -4.6359e+00 -2.9688e+00 -6.4122e+00 -1.5501e+00 +4.5058e+00 -1.0836e+00 +1.0850e+00 +3.0407e+00 +6.6476e-01 +2.4947e+00 +3.5556e+00
501 +1.287119028e+01 +1.287119028e+01 -3.625880972e+01 -3.625880972e+01 -9.5785e-01 +2.7641e+00 +8.8290e-02 -5.4546e+00 -2.4280e+00 -3.9787e-01 +2.1392e+00 -2.5051e+00 +3.8916e+00 +9.2136e-01 +8.5250e-01 +4.1544e+00 +1.4490e+00 -3.3329e+00 -3.1762e+00 -1.2424e+00 +3.8715e+00 +4.8731e+00 -1.2588e+00 +3.7959e+00 +3.9833e+00 +2.6277e+00 -2.4913e+00 +3.0231e+00 +3.1596e+00 -4.4879e+00 -2.0096e+00 -7.1563e-01 -2.4955e+00 -3.6311e+00 -3.8854e+00 -5.5224e+00 -1.1999e+00 +4.6641e+00 -8.8994e-01 +5.7957e-01 +1.9462e+00 +2.3146e-02 +1.8437e+00 +1.4868e+00
516 +9.793101552e+00 +9.793101552e+00 -3.933689845e+01 -3.933689845e+01 -1.2960e+00 +1.3193e+00 +1.1271e+00 -3.9656e+00 -2.0372e+00 -2.2683e-01 +3.5541e+00 -1.0017e+00 +3.2499e+00 +1.3922e+00 +3.9239e-01 +4.2444e+00 +2.5018e+00 -3.9851e+00 -3.3644e+00 -8.8140e-01 +4.1158e+00 +4.2946e+00 -3.4400e+00 +3.8251e+00 +4.2599e+00 +3.4432e+00 -3.3653e+00 +1.7648e+00 +2.7786e+00 -6.1681e+00 -5.1578e-01 -7.2109e-01 -2.5497e+00 -4.5625e+00 -3.0091e+00 -5.1084e+00 -1.7915e+00 +4.8923e+00 -1.4738e+00 -1.6462e-02 +2.5628e+00 +3.7073e-01 +1.2457e+00 +2.4542e+00
639 +6.008944428e+00 +6.008944428e+00 -4.312105557e+01 -4.312105557e+01 -1.0482e+00 +1.7697e+00 +1.5464e+00 -2.3617e+00 -2.2714e+00 +1.1782e+00 +2.8196e+00 -2.2397e+00 +3.6642e+00 +1.1546e+00 +9.8528e-01 +2.4830e+00 +2.0653e+00 -3.8127e+00 -2.6686e+00 -5.3874e-01 +3.3691e+00 +4.6906e+00 -1.9570e+00 +3.3022e+00 +3.8096e+00 +3.7410e+00 -1.8462e+00 +2.5895e+00 +3.6658e+00 -3.6679e+00 -5.0525e-01 -1.7499e-01 -1.3780e+00 -3.4017e+00 -3.0144e+00 -5.5614e+00 -1.9723e+00 +4.2694e+00 -3.2276e+00 -4.6247e-01 +2.5774e+00 +7.1671e-01 +2.2575e+00 +3.5432e+00
739 +3.913089621e+00 +3.913089621e+00 -4.521691038e+01 -4.521691038e+01 -1.0119e+00 +2.0666e+00 +3.7460e-01 -2.4439e+00 -2.7376e+00 +6.1082e-01 +3.1973e+00 -2.1593e+00 +3.6861e+00 +1.5018e+00 +9.4603e-01 +3.3084e+00 +1.4835e+00 -2.6034e+00 -2.7630e+00 -6.0210e-01 +4.0977e+00 +4.4284e+00 -1.5242e+00 +3.8782e+00 +4.6576e+00 +3.6439e+00 -1.3307e+00 +2.1758e+00 +3.0376e+00 -3.6706e+00 -1.5031e+00 -6.2199e-01 -1.6601e+00 -4.6021e+00 -3.6201e+00 -4.8767e+00 -2.5940e+00 +4.0375e+00 -1.9124e+00 +1.8135e-01 +2.5038e+00 +4.1957e-01 +3.4698e+00 +2.8173e+00
826 +2.386699517e+00 +2.386699517e+00 -4.674330048e+01 -4.674330048e+01 -5.1691e-01 +2.9568e+00 +2.8151e-01 -2.4600e+00 -2.9037e+00 +9.5983e-01 +3.6425e+00 -7.0031e-01 +3.4208e+00 +1.0032e+00 +1.4846e+00 +3.5900e+00 +2.0535e+00 -3.0107e+00 -2.5884e+00 -5.3490e-01 +3.4928e+00 +4.6396e+00 -1.7017e+00 +3.7675e+00 +3.8362e+00 +3.4395e+00 -2.2479e+00 +2.7126e+00 +3.3605e+00 -4.4101e+00 -1.1582e+00 -9.9254e-01 -1.7834e+00 -4.1377e+00 -3.6189e+00 -5.4656e+00 -1.2707e+00 +4.2908e+00 -1.8269e+00 +2.0088e-01 +3.0449e+00 -2.4660e-02 +2.8606e+00 +2.3663e+00
1042 +1.543796608e+00 +1.543796608e+00 -4.758620339e+01 -4.758620339e+01 -8.1394e-01 +2.4844e+00 -1.2872e-01 -2.8284e+00 -2.6320e+00 +6.4927e-01 +3.9302e+00 -9.0027e-01 +3.9808e+00 +1.1222e+00 +1.0635e+00 +2.7785e+00 +2.1678e+00 -2.4389e+00 -2.4057e+00 -8.3047e-02 +3.3541e+00 +4.2013e+00 -2.2132e+00 +3.6772e+00 +3.7984e+00 +3.1762e+00 -2.3213e+00 +2.0400e+00 +3.2409e+00 -4.5404e+00 -5.6751e-01 -7.6282e-01 -1.6372e+00 -4.3161e+00 -3.4977e+00 -4.8648e+00 -1.6884e+00 +4.8561e+00 -2.5405e+00 +7.0226e-01 +2.8511e+00 +7.7257e-01 +2.4925e+00 +3.3111e+00
1270 +9.947446548e-01 +9.947446548e-01 -4.813525535e+01 -4.813525535e+01 -9.8717e-01 +2.2419e+00 +3.4752e-02 -3.0917e+00 -2.3124e+00 +8.8929e-01 +3.6958e+00 -9.3926e-01 +3.7205e+00 +1.3695e+00 +1.2155e+00 +3.2819e+00 +2.4248e+00 -3.0102e+00 -2.5605e+00 -1.7525e-01 +3.7274e+00 +4.5681e+00 -1.7203e+00 +3.4476e+00 +3.8950e+00 +3.3290e+00 -2.0899e+00 +2.0839e+00 +3.4751e+00 -4.4508e+00 -5.6618e-01 -7.3300e-01 -1.7788e+00 -4.2431e+00 -3.7183e+00 -5.1001e+00 -1.9565e+00 +4.6588e+00 -2.0356e+00 +4.5570e-01 +3.0871e+00 +4.8224e-01 +1.9363e+00 +2.9438e+00
% function evaluation | noise-free fitness - Fopt (2.977300000000e+02) | best noise-free fitness - Fopt | measured fitness | best measured fitness | x1 | x2...
1 +8.397189523e+01 +8.397189523e+01 +3.817018952e+02 +3.817018952e+02 +2.2982e+00 +5.4451e-02 -1.7931e+00 +1.3892e+00 -9.3190e-01 -2.4178e+00 -3.0185e+00 -3.8734e+00 -1.3510e+00 +6.1527e-01 -2.8018e+00 +2.0119e+00 -1.6904e+00 -3.6055e-01 +9.6361e-01 -2.5326e-01 -1.2974e+00 -2.8607e+00 -2.3082e+00 -1.4245e+00 +2.5772e+00 -9.2598e-01 +3.7003e+00 -3.3159e+00 +1.5946e+00 -2.3721e+00 -1.1717e+00 +8.6606e-01 +2.8994e+00 +3.0609e+00 +3.6614e-01 -2.9058e+00 -8.5592e-01 -2.5655e+00 +7.2440e-01 +4.7087e-03 -3.8606e+00 +3.4396e+00 -1.3429e+00 -1.3838e+00
313 +5.892615694e+01 +5.892615694e+01 +3.566561569e+02 +3.566561569e+02 +8.2349e-01 +3.1280e+00 -2.4055e+00 +4.2643e+00 +5.5846e-01 -6.6076e-01 -2.2878e+00 +1.3464e+00 +2.0903e+00 +1.4598e+00 +1.9822e+00 +2.2544e+00 +3.2620e+00 -2.2316e+00 +3.3608e+00 -3.0121e+00 -8.3358e-01 +4.1198e-01 -1.0934e+00 -4.1673e+00 +1.3581e+00 -5.2606e-01 +2.0559e+00 -4.1172e+00 -5.2781e+00 -3.9163e+00 -5.0506e+00 +1.8664e+00 +6.9986e-01 +3.1543e+00 -2.2689e+00 -2.6294e+00 -4.3969e+00 -3.7658e+00 +1.8899e+00 -1.0066e+00 -8.4158e-01 -1.1815e-01 +4.4653e-02 -9.1673e-01
436 +3.574555818e+01 +3.574555818e+01 +3.334755582e+02 +3.334755582e+02 +4.3006e-01 +4.5900e-01 -2.4372e+00 +1.4906e+00 +1.0861e+00 +7.7986e-01 -3.9016e+00 +3.7972e-01 +5.5618e-01 +1.2591e+00 +3.7013e+00 +1.1319e+00 +3.3066e+00 -4.3121e+00 +2.3782e+00 -5.2661e+00 -3.0966e+00 +8.7699e-01 +4.5277e-01 -3.6463e+00 +1.4630e+00 -2.5811e-01 +1.0661e+00 -4.9826e+00 -2.7323e+00 -1.7232e+00 -4.3991e+00 +3.5502e+00 -1.0670e+00 +4.4818e+00 +1.4069e+00 -4.5881e+00 -4.4806e+00 -3.3334e+00 +1.2195e+00 -2.0173e+00 -2.0502e-01 +4.3430e-02 -6.1899e-01 -1.9987e+00
437 +2.399147493e+01 +2.399147493e+01 +3.217214749e+02 +3.217214749e+02 -1.0170e+00 +1.3480e+00 -3.5878e+00 +2.0028e+00 +6.2205e-01 +5.6508e-01 -2.0196e+00 -5.6890e-01 +1.2933e+00 +1.6569e+00 +3.4888e+00 +1.5497e+00 +4.5336e+00 -2.7566e+00 +3.5874e+00 -3.3159e+00 -3.9740e+00 +1.1536e+00 -8.6704e-01 -3.4380e+00 +3.7956e-01 +2.1886e-02 -7.3027e-02 -3.6964e+00 -3.2342e+00 -3.3276e+00 -3.6651e+00 +3.4900e+00 +7.3872e-02 +3.4406e+00 +1.3627e+00 -3.4194e+00 -3.8809e+00 -2.3757e+00 +1.2437e+00 -2.5715e+00 +2.9858e-01 -1.6152e+00 -6.6170e-01 +5.0242e-01
687 +1.550701270e+01 +1.550701270e+01 +3.132370127e+02 +3.132370127e+02 -1.3250e+00 +9.0592e-01 -3.7461e+00 +2.7283e+00 +6.6677e-01 -1.5159e-01 -2.8429e+00 -3.0757e-01 -2.2264e-02 +1.7661e+00 +2.9840e+00 +3.2228e-01 +4.1770e+00 -3.3185e+00 +3.8996e+00 -3.3779e+00 -5.5713e+00 +1.8686e+00 -9.7972e-01 -4.5874e+00 +1.8837e+00 -2.9244e-01 -1.6958e-01 -3.6466e+00 -4.4865e+00 -4.4843e+00 -4.8385e+00 +4.6212e+00 +7.3235e-01 +4.0375e+00 +1.5602e+00 -2.8441e+00 -4.3469e+00 -6.6792e-01 +9.1228e-01 -2.7585e+00 +2.5935e-01 -4.6906e-05 -1.8162e+00 -3.1349e-01
951 +9.774338193e+00 +9.774338193e+00 +3.075043382e+02 +3.075043382e+02 -1.8803e+00 +1.1319e+00 -4.9937e+00 +2.6988e+00 +1.6483e+00 +1.1271e+00 -2.3437e+00 -7.2466e-01 +5.7856e-01 +2.0506e+00 +1.4102e+00 +1.1777e+00 +3.7124e+00 -2.9327e+00 +3.6608e+00 -3.7316e+00 -4.0507e+00 +1.6587e+00 -1.9860e+00 -4.4969e+00 +2.1006e+00 -7.7071e-01 +4.3466e-01 -4.9364e+00 -3.4820e+00 -2.7362e+00 -4.7239e+00 +4.1170e+00 +6.8032e-01 +4.2764e+00 +1.5820e+00 -2.2267e+00 -4.7389e+00 -1.9821e+00 +6.4013e-01 -3.1335e+00 -8.7980e-01 +5.3155e-02 -9.9069e-01 -1.3627e-01
24269 +6.101521603e+00 +6.101521603e+00 +3.038315216e+02 +3.038315216e+02 +2.1696e+00 -1.1991e+00 +1.7139e+00 -2.5947e+00 +1.7497e+00 -2.6174e+00 -2.3492e+00 -9.4750e-01 -2.6561e+00 -3.1971e+00 -3.0267e+00 -1.9733e+00 +5.7045e+00 +2.0014e+00 +2.7979e+00 -4.1362e-01 -5.0838e+00 -4.2639e+00 +5.4422e-01 -8.8847e-01 -2.3703e+00 +1.3140e+00 -4.1340e+00 +3.3408e+00 +1.3595e+00 -3.9682e+00 -1.5654e+00 -1.9727e+00 +2.8274e+00 +3.8682e+00 -2.0742e+00 +4.2628e+00 +8.3938e-01 +2.4689e-01 +2.2812e+00 +3.8054e+00 -2.7464e+00 -1.3757e+00 -1.1267e-01 -2.8141e+00
24504 +3.036554663e+00 +3.036554663e+00 +3.007665547e+02 +3.007665547e+02 +2.7048e+00 -1.9253e+00 +1.7881e+00 -3.0713e+00 +2.5945e+00 -1.9261e+00 -3.1839e+00 -1.3209e+00 -2.0352e+00 -3.5912e+00 -2.7765e+00 -2.1671e+00 +5.2277e+00 +2.0109e+00 +1.7415e+00 -1.5957e+00 -4.8677e+00 -3.7607e+00 +1.4522e+00 -1.8795e+00 -2.6955e+00 +2.0166e+00 -4.0930e+00 +2.6434e+00 +3.3825e-01 -3.3066e+00 -2.6996e+00 -2.5403e-01 +2.2346e+00 +4.5323e+00 -2.9208e+00 +4.0169e+00 -9.5803e-03 +7.4420e-01 +1.2157e+00 +3.4117e+00 -3.5403e+00 -1.8859e+00 +1.0364e+00 -3.5119e+00
24799 +2.278828498e+00 +2.278828498e+00 +3.000088285e+02 +3.000088285e+02 +2.7495e+00 -4.7060e-01 +2.0540e+00 -2.8284e+00 +2.4488e+00 -2.7209e+00 -2.8395e+00 -1.2682e+00 -1.9213e+00 -3.7267e+00 -1.9743e+00 -2.1592e+00 +4.2341e+00 +2.4355e+00 +2.0624e+00 -1.7029e+00 -4.3380e+00 -3.7445e+00 +1.6250e+00 -1.8672e+00 -2.8539e+00 +2.4392e+00 -5.0234e+00 +2.7182e+00 +7.2473e-01 -3.7888e+00 -2.4972e+00 -9.6661e-01 +2.2403e+00 +4.5857e+00 -1.3045e+00 +4.2337e+00 +7.3524e-01 +3.9364e-01 +1.1586e+00 +3.3763e+00 -3.7579e+00 -2.1534e+00 +1.0907e+00 -2.7685e+00
25465 +1.581433216e+00 +1.581433216e+00 +2.993114332e+02 +2.993114332e+02 +3.3614e+00 -1.3249e+00 +2.0437e+00 -2.4356e+00 +1.9559e+00 -2.2808e+00 -2.9252e+00 -7.7591e-01 -2.2031e+00 -3.6574e+00 -2.5605e+00 -2.2168e+00 +4.5464e+00 +1.7804e+00 +2.4274e+00 -1.2669e+00 -4.4649e+00 -4.3432e+00 +1.1764e+00 -1.2319e+00 -2.8083e+00 +2.1033e+00 -4.8656e+00 +3.3549e+00 +8.0714e-01 -2.8294e+00 -2.2270e+00 -8.6409e-01 +2.2200e+00 +4.7715e+00 -2.3006e+00 +4.9843e+00 +7.3205e-01 +6.2856e-01 +1.1449e+00 +3.7052e+00 -3.1467e+00 -1.9372e+00 +3.2034e-01 -2.8321e+00
26035 +9.943303128e-01 +9.943303128e-01 +2.987243303e+02 +2.987243303e+02 +3.1002e+00 -1.0281e+00 +1.4147e+00 -2.5784e+00 +1.9113e+00 -2.5322e+00 -2.9229e+00 -8.2665e-01 -2.7799e+00 -3.8218e+00 -2.2362e+00 -2.3315e+00 +4.7092e+00 +2.0288e+00 +2.2607e+00 -1.3381e+00 -4.2738e+00 -4.0673e+00 +1.0038e+00 -1.1160e+00 -2.8495e+00 +2.2200e+00 -4.5910e+00 +3.4432e+00 +6.1297e-01 -3.0581e+00 -2.4092e+00 -9.4760e-01 +2.5656e+00 +4.4348e+00 -2.0354e+00 +4.7872e+00 +6.6313e-01 +5.5301e-01 +1.3562e+00 +2.8920e+00 -3.3377e+00 -1.6357e+00 +5.4272e-01 -2.5497e+00
% function evaluation | noise-free fitness - Fopt (2.977300000000e+02) | best noise-free fitness - Fopt | measured fitness | best measured fitness | x1 | x2...
1 +8.567957314e+01 +8.567957314e+01 +3.834095731e+02 +3.834095731e+02 -2.0652e+00 +1.9324e+00 -1.7305e+00 -3.5068e+00 +1.3629e+00 +3.0780e-01 +3.8291e+00 +1.5097e-01 -1.0967e-02 +8.2509e-01 +3.0105e+00 +3.4414e+00 -2.5133e+00 +7.0560e-01 +3.3147e-01 +1.8259e+00 +6.1863e-01 -8.0148e-01 +2.0513e+00 -3.2198e+00 -3.4153e+00 -1.6099e+00 -3.2653e-01 +7.1304e-01 -4.9499e-01 +1.0109e+00 -1.3886e-01 +2.9353e+00 -3.1972e+00 -3.4112e+00 +3.9993e+00 -2.5382e+00 -2.9660e+00 +1.6772e+00 -1.8823e+00 -3.5197e+00 -4.1473e-01 +3.6752e+00 -1.7550e+00 -1.4545e+00
409 +5.982470371e+01 +5.982470371e+01 +3.575547037e+02 +3.575547037e+02 -1.5865e+00 +1.0320e+00 -4.7206e+00 +2.5525e+00 +4.1989e+00 +1.3286e+00 -1.8358e-01 -2.0949e+00 +3.5262e-01 +1.7538e+00 +2.2233e+00 +5.6254e-01 +3.1405e+00 -4.2800e+00 +4.2508e+00 -1.5129e+00 -4.1466e+00 +4.7500e+00 -4.5446e-01 -2.4507e+00 -4.4208e-01 -1.0266e+00 -8.9778e-01 -3.1317e+00 -4.6194e+00 -2.5925e+00 -4.9121e+00 +6.9921e-01 -2.1129e+00 +2.0003e+00 -2.6798e+00 -2.4237e+00 -2.3440e+00 -3.9561e+00 -1.7407e-01 -4.3877e+00 +7.7401e-01 +2.3670e+00 +2.6705e-01 -6.1012e-01
584 +3.732258516e+01 +3.732258516e+01 +3.350525852e+02 +3.350525852e+02 -3.1312e+00 +1.9901e+00 -4.1530e+00 +3.7224e+00 +3.1493e+00 +2.0287e+00 -1.0292e+00 +9.9933e-01 +4.8022e-01 +2.4681e+00 +3.1146e+00 -2.1753e+00 +3.8196e+00 -3.5781e+00 +3.2392e+00 -3.4800e+00 -3.9071e+00 +9.8463e-01 -2.4761e+00 -3.8806e+00 +1.2425e+00 -1.1549e+00 -2.4194e-01 -3.3919e+00 -3.9094e+00 -3.0533e+00 -5.2657e+00 +3.8419e+00 +6.4463e-01 +5.1884e+00 -9.8174e-01 -3.1746e+00 -4.4092e+00 -3.4380e+00 -7.8715e-01 -3.0756e+00 -1.2343e+00 +5.9478e-01 -1.2487e-01 -3.2517e+00
726 +2.263137448e+01 +2.263137448e+01 +3.203613745e+02 +3.203613745e+02 -2.1094e+00 +4.8710e-01 -4.7599e+00 +4.3124e+00 +1.3106e+00 +8.4707e-01 -1.4476e+00 -1.5999e+00 -5.7705e-01 +2.3489e+00 +2.5468e+00 -4.7844e-01 +2.2214e+00 -3.8403e+00 +3.6861e+00 -3.4852e+00 -2.8222e+00 +3.1544e+00 +3.4227e-01 -3.2966e+00 +1.9231e+00 -3.4406e-01 +5.6310e-01 -4.0583e+00 -2.1234e+00 -2.7514e+00 -5.1335e+00 +3.2385e+00 -9.2726e-01 +4.5160e+00 +5.9067e-01 -1.8459e+00 -4.7848e+00 -1.4330e+00 +1.8049e-01 -4.0727e+00 +7.4174e-01 -3.9484e-01 -1.0755e+00 -1.1008e+00
853 +1.497595235e+01 +1.497595235e+01 +3.127059524e+02 +3.127059524e+02 -2.9917e+00 +1.0868e+00 -4.6854e+00 +3.9232e+00 +1.9180e+00 +6.8868e-01 -1.4986e+00 -2.1710e-01 +3.4001e-01 +1.4194e+00 +1.1707e+00 -1.5713e-01 +2.5120e+00 -3.4632e+00 +2.6932e+00 -4.6104e+00 -3.9126e+00 +2.9663e+00 -1.9737e+00 -4.2521e+00 +1.3152e+00 -1.1284e-01 +1.1176e+00 -4.1648e+00 -3.8766e+00 -2.8725e+00 -4.1462e+00 +3.0809e+00 +7.1664e-01 +4.1509e+00 -5.3893e-01 -2.4228e+00 -5.1043e+00 -2.4156e+00 +4.8814e-01 -2.9368e+00 +4.2052e-02 +3.4536e-01 -1.8677e+00 -1.2581e-01
1128 +9.673719666e+00 +9.673719666e+00 +3.074037197e+02 +3.074037197e+02 -2.1584e+00 -2.1172e-01 -5.2113e+00 +2.6646e+00 +2.4753e+00 -5.7690e-02 -2.5516e+00 -6.3340e-01 +8.7300e-01 +1.5970e+00 +2.5363e+00 +2.9894e-01 +3.6587e+00 -2.7772e+00 +4.1808e+00 -4.4583e+00 -4.1987e+00 +2.0312e+00 -1.8324e+00 -4.5542e+00 +2.3679e+00 -3.8550e-01 +5.3583e-01 -3.6636e+00 -3.7285e+00 -3.5508e+00 -3.6979e+00 +4.3855e+00 +5.6726e-01 +4.3739e+00 +9.8377e-01 -3.1264e+00 -4.7384e+00 -1.6894e+00 -1.0790e-01 -4.1360e+00 +1.9108e-01 +1.1503e+00 -1.7834e+00 +4.6253e-01
10707 +5.476167152e+00 +5.476167152e+00 +3.032061672e+02 +3.032061672e+02 +3.8025e+00 -1.3427e+00 +1.0591e+00 -3.4816e+00 +2.4520e+00 -1.3238e+00 -2.1714e+00 -4.1615e-01 -2.6583e+00 -4.3497e+00 -1.9494e+00 -1.4576e+00 +5.2329e+00 +1.9033e+00 +1.9338e+00 -1.6148e+00 -4.1806e+00 -4.2806e+00 +1.4913e-01 -7.8063e-01 -2.3913e+00 +2.1758e+00 -4.2731e+00 +2.8018e+00 +6.0520e-01 -2.8789e+00 -2.1187e+00 -1.0804e+00 +1.5665e+00 +3.9804e+00 -2.4656e+00 +3.9890e+00 +1.4681e+00 -1.7501e-01 +1.6159e+00 +2.3843e+00 -4.1786e+00 -2.1851e+00 +4.2898e-01 -2.4312e+00
10844 +3.882837745e+00 +3.882837745e+00 +3.016128377e+02 +3.016128377e+02 +3.4902e+00 -8.7604e-01 +2.1104e+00 -1.4701e+00 +1.0744e+00 -1.2193e+00 -3.0687e+00 -6.9471e-01 -3.3665e+00 -3.7618e+00 -1.9398e+00 -2.3821e+00 +4.4432e+00 +2.5607e+00 +2.7540e+00 -5.9218e-01 -4.0084e+00 -3.6285e+00 +3.8134e-01 -9.6811e-01 -2.8105e+00 +3.3098e+00 -4.9211e+00 +3.5153e+00 +7.0977e-01 -3.1835e+00 -3.0947e+00 -6.2893e-01 +1.7097e+00 +4.0972e+00 -2.1950e+00 +4.3259e+00 +5.1486e-01 +3.0347e-01 +6.7966e-01 +3.5458e+00 -3.0990e+00 -2.3696e+00 +1.0085e+00 -2.8263e+00
10985 +2.260912975e+00 +2.260912975e+00 +2.999909130e+02 +2.999909130e+02 +3.2132e+00 -6.6446e-01 +1.5932e+00 -1.2700e+00 +1.8309e+00 -1.8868e+00 -2.5399e+00 -6.4446e-01 -2.4801e+00 -3.4104e+00 -2.6740e+00 -1.3196e+00 +4.4022e+00 +1.9822e+00 +1.8310e+00 -7.9915e-01 -4.4155e+00 -3.7086e+00 +7.3158e-01 -1.4402e+00 -3.1239e+00 +2.0525e+00 -4.1116e+00 +3.5231e+00 +3.3884e-01 -3.5083e+00 -1.9453e+00 -2.0806e-01 +2.8107e+00 +4.3413e+00 -1.7686e+00 +4.6653e+00 +8.2417e-01 +7.6468e-01 +1.4797e+00 +3.6287e+00 -3.7101e+00 -1.9030e+00 -1.9900e-01 -2.2726e+00
11350 +1.449125026e+00 +1.449125026e+00 +2.991791250e+02 +2.991791250e+02 +3.0482e+00 -1.3925e+00 +1.5922e+00 -2.3758e+00 +1.9871e+00 -2.0322e+00 -3.0785e+00 -8.1249e-01 -2.4208e+00 -3.9120e+00 -2.1767e+00 -2.2476e+00 +4.7317e+00 +1.7915e+00 +2.1968e+00 -1.1439e+00 -4.2168e+00 -3.7380e+00 +1.1593e+00 -1.9855e+00 -2.7602e+00 +1.8289e+00 -4.8866e+00 +3.4271e+00 +7.5785e-01 -2.7904e+00 -2.6060e+00 -1.0647e+00 +2.5661e+00 +4.3045e+00 -2.0581e+00 +4.6063e+00 +1.0013e+00 +7.2699e-01 +1.7918e+00 +3.5397e+00 -3.4468e+00 -1.7238e+00 +2.1146e-01 -2.8489e+00
11671 +9.548185167e-01 +9.548185167e-01 +2.986848185e+02 +2.986848185e+02 +2.9467e+00 -9.4596e-01 +1.8818e+00 -2.3978e+00 +1.9628e+00 -2.3360e+00 -3.0259e+00 -1.1587e+00 -2.4393e+00 -3.7831e+00 -2.5456e+00 -2.3524e+00 +4.5180e+00 +2.1323e+00 +2.2805e+00 -1.3610e+00 -4.1313e+00 -4.0855e+00 +1.0012e+00 -1.4756e+00 -2.9129e+00 +1.8430e+00 -4.8598e+00 +3.2288e+00 +3.3350e-01 -3.1682e+00 -2.3351e+00 -9.1778e-01 +2.3076e+00 +4.6071e+00 -2.3418e+00 +4.6139e+00 +8.5968e-01 +5.2982e-01 +1.5607e+00 +3.4783e+00 -3.3347e+00 -1.9899e+00 +6.9828e-01 -2.7111e+00
% function evaluation | noise-free fitness - Fopt (2.977300000000e+02) | best noise-free fitness - Fopt | measured fitness | best measured fitness | x1 | x2...
1 +8.635063895e+01 +8.635063895e+01 +3.840806390e+02 +3.840806390e+02 -3.9101e+00 -2.0741e+00 -3.3900e+00 -3.8435e+00 -3.3495e+00 +3.1545e+00 +2.4505e+00 +3.0742e+00 -3.9171e-01 -2.1989e+00 +2.9331e+00 +3.3586e+00 -1.4165e+00 -2.4593e+00 +3.6564e+00 -1.6262e+00 +3.6009e+00 +3.0941e+00 +2.2002e-01 +1.6028e+00 +3.8629e+00 +5.6820e-01 +3.3870e+00 -3.8322e+00 +2.0466e+00 -2.2430e+00 -2.6171e+00 -2.0346e-01 +2.7211e-01 +1.2760e+00 +2.2212e+00 +1.4516e+00 +6.2222e-01 -2.9286e+00 +1.7875e+00 +4.6801e-01 -2.7702e-01 -2.0726e+00 -1.2882e+00 -3.3246e+00
416 +6.275694591e+01 +6.275694591e+01 +3.604869459e+02 +3.604869459e+02 +2.5175e+00 +1.9684e-01 -2.2776e+00 -3.6311e+00 -4.9891e-01 +3.9203e+00 -2.4623e+00 +4.1367e+00 +3.3433e+00 -7.9653e-01 -1.8533e+00 +1.1087e+00 -3.1789e+00 +5.4302e+00 +3.3317e+00 +1.7605e+00 -2.2872e+00 -3.2848e+00 +2.0773e+00 -3.2420e+00 -1.3905e+00 +7.3924e-01 -4.9063e+00 -4.1574e+00 -3.7431e+00 +1.4268e+00 -4.5780e-01 +5.2958e+00 +2.1111e-02 -8.3999e-01 +2.4184e+00 +2.7996e-01 -2.6597e+00 -2.3271e+00 -4.0712e+00 +2.4044e-01 +4.9184e-01 -6.3439e-01 +4.3977e-01 -5.3034e+00
635 +3.808571247e+01 +3.808571247e+01 +3.358157125e+02 +3.358157125e+02 -1.3620e-01 -2.8453e+00 -1.4858e-01 -2.9587e+00 -3.8792e+00 +4.3144e+00 +1.1887e-01 +1.8307e+00 +6.1193e+00 -2.6602e+00 +2.9908e-01 +4.0165e+00 -3.0593e+00 +2.4110e+00 +2.4044e+00 +4.0194e+00 -3.0288e+00 -2.0661e+00 +2.5301e+00 -3.9660e+00 +1.8884e+00 -2.3246e-01 -4.3165e+00 -2.8844e+00 -3.4703e+00 +3.2869e+00 +2.9485e+00 +6.9760e-01 +8.2164e-02 -7.9291e-01 +5.3557e+00 -2.0183e+00 -2.9924e+00 -1.8168e+00 -1.4108e+00 +3.1539e-01 -6.4585e-01 -6.0125e-02 +1.2731e+00 -3.6845e+00
766 +2.344950051e+01 +2.344950051e+01 +3.211795005e+02 +3.211795005e+02 -1.1651e+00 -2.0616e+00 -1.3521e+00 -2.9269e+00 -2.4620e+00 +4.5282e+00 +7.8296e-01 +2.4380e+00 +4.0359e+00 -1.8524e+00 -8.1327e-01 +5.7559e+00 -2.7527e+00 +3.0955e+00 +1.1037e+00 +4.9097e+00 -3.8363e+00 -3.2019e+00 +3.5159e+00 -4.0215e+00 +2.4475e+00 -7.0081e-01 -3.0773e+00 -3.6557e+00 -3.2885e+00 +1.6716e+00 +3.1793e+00 +3.1039e+00 -1.2232e+00 +9.0459e-01 +3.0328e+00 -5.4835e-01 -3.2689e+00 -3.8940e+00 -5.0140e+00 -6.6153e-01 -6.8665e-01 -2.5575e-01 +1.8247e+00 -5.4565e+00
883 +1.220698277e+01 +1.220698277e+01 +3.099369828e+02 +3.099369828e+02 -2.1769e+00 -1.2345e+00 +9.1208e-01 -3.2958e+00 -2.0986e+00 +4.8504e+00 +7.9544e-01 +1.1109e+00 +3.3958e+00 -9.4584e-01 -1.7018e-01 +5.3562e+00 -3.2687e+00 +2.3640e+00 +1.5246e+00 +3.5192e+00 -3.7479e+00 -2.5901e+00 +1.8519e+00 -2.9503e+00 +1.9934e+00 -5.2146e-01 -3.4922e+00 -2.0932e+00 -2.3566e+00 +2.2345e+00 +1.7535e+00 +3.0242e+00 -3.2059e-01 -2.2075e-01 +3.3710e+00 +2.3060e-01 -3.4242e+00 -4.5170e+00 -3.9010e+00 -2.5641e+00 -4.5980e-01 -1.9423e+00 +1.5051e+00 -5.5296e+00
1022 +9.618672451e+00 +9.618672451e+00 +3.073486725e+02 +3.073486725e+02 -2.9590e+00 +4.6997e-01 +1.6082e+00 -2.1520e+00 -1.8285e+00 +4.7989e+00 -4.2814e-01 +3.4507e+00 +2.6940e+00 -1.1715e+00 +1.9497e-01 +4.5792e+00 -4.5040e+00 +3.0237e+00 +3.1482e+00 +3.9447e+00 -4.4055e+00 -3.6033e+00 +2.3643e+00 -3.7664e+00 +3.6221e+00 -1.1999e+00 -1.9808e+00 -2.2645e+00 -2.8260e+00 +2.2764e+00 +2.3059e-01 +2.2330e+00 +4.5497e-02 -2.6500e-01 +4.0184e+00 -6.7772e-02 -3.1366e+00 -3.6185e+00 -2.5695e+00 -1.4578e+00 +9.6781e-01 -1.5206e+00 +9.8349e-01 -5.0101e+00
1328 +5.457758354e+00 +5.457758354e+00 +3.031877584e+02 +3.031877584e+02 -1.3041e+00 -4.8976e-02 +1.6024e-01 -2.8618e+00 -1.8252e+00 +4.6697e+00 -5.6525e-01 +3.5607e+00 +3.2502e+00 -1.7432e+00 +4.5742e-01 +3.9276e+00 -4.6966e+00 +3.4156e+00 +3.4915e+00 +2.7918e+00 -4.1881e+00 -3.4645e+00 +6.1674e-01 -3.8298e+00 +2.4651e+00 -1.2039e+00 -3.8742e+00 -2.0915e+00 -2.5182e+00 +2.1286e+00 +9.4644e-01 +2.8640e+00 -1.5616e+00 -5.7386e-02 +3.9529e+00 +6.6785e-01 -1.9116e+00 -4.5948e+00 -3.0704e+00 -2.8378e+00 +9.4836e-01 -1.8315e+00 +1.1346e+00 -4.2119e+00
1399 +3.743535293e+00 +3.743535293e+00 +3.014735353e+02 +3.014735353e+02 -1.2601e+00 +1.6700e-01 +6.0308e-01 -2.8295e+00 -2.4530e+00 +4.1731e+00 -4.6794e-01 +3.0074e+00 +3.7021e+00 -1.9810e+00 +4.8924e-01 +4.7116e+00 -4.5684e+00 +3.5083e+00 +3.6843e+00 +2.9539e+00 -3.6776e+00 -3.2050e+00 +5.8778e-01 -3.5300e+00 +2.9990e+00 -9.5541e-01 -4.1782e+00 -2.2594e+00 -2.7338e+00 +2.4013e+00 +6.8061e-01 +3.1039e+00 -1.5669e+00 -9.9422e-01 +4.1519e+00 +6.0213e-01 -2.2455e+00 -3.8704e+00 -3.0256e+00 -3.1701e+00 +1.2140e-01 -2.3941e+00 +1.9646e+00 -4.0049e+00
1535 +2.448950888e+00 +2.448950888e+00 +3.001789509e+02 +3.001789509e+02 -2.1070e+00 +6.2496e-01 +7.4601e-01 -2.8642e+00 -2.5644e+00 +4.5470e+00 -4.0038e-01 +2.0424e+00 +3.6629e+00 -1.7755e+00 +3.3631e-01 +4.9752e+00 -4.2364e+00 +3.2800e+00 +3.3001e+00 +2.9849e+00 -4.2233e+00 -3.2250e+00 +1.2260e+00 -4.2432e+00 +3.0359e+00 -1.1436e+00 -4.2999e+00 -2.1442e+00 -2.0218e+00 +1.7871e+00 +1.6724e+00 +3.2440e+00 -1.0365e+00 -2.1937e-01 +3.7074e+00 +5.0596e-01 -2.2183e+00 -4.6933e+00 -3.7673e+00 -3.2198e+00 +1.9553e-01 -2.2867e+00 +1.4116e+00 -3.4671e+00
69798 +1.581000886e+00 +1.581000886e+00 +2.993110009e+02 +2.993110009e+02 +2.9282e+00 -9.2827e-01 +2.0745e+00 -2.3898e+00 +2.0650e+00 -2.2785e+00 -2.6011e+00 -1.0865e+00 -2.2457e+00 -4.2587e+00 -2.2328e+00 -2.1040e+00 +4.8292e+00 +2.1490e+00 +2.0248e+00 -1.5176e+00 -4.0551e+00 -4.1471e+00 +1.1932e+00 -1.1825e+00 -2.5421e+00 +1.9794e+00 -4.8966e+00 +3.0793e+00 +1.9773e-01 -2.8323e+00 -2.3110e+00 -1.0484e+00 +2.7244e+00 +4.5779e+00 -2.4352e+00 +4.9304e+00 +6.6320e-01 +3.9341e-01 +1.4221e+00 +3.3437e+00 -3.5368e+00 -1.8539e+00 +1.2461e-01 -2.6053e+00
70810 +9.789534746e-01 +9.789534746e-01 +2.987089535e+02 +2.987089535e+02 +3.2024e+00 -1.3319e+00 +1.5526e+00 -2.5362e+00 +2.0125e+00 -2.3247e+00 -2.5619e+00 -1.1280e+00 -2.6506e+00 -3.9310e+00 -2.4471e+00 -2.2769e+00 +4.6204e+00 +2.0994e+00 +2.3464e+00 -1.3411e+00 -4.2455e+00 -3.8028e+00 +9.6781e-01 -1.3217e+00 -2.9047e+00 +2.0686e+00 -4.5539e+00 +3.4964e+00 +6.8991e-01 -3.1304e+00 -2.2455e+00 -5.3979e-01 +2.4819e+00 +4.5412e+00 -1.8236e+00 +4.5556e+00 +9.2515e-01 +6.7009e-01 +1.5139e+00 +2.9753e+00 -3.2416e+00 -1.7193e+00 +5.3927e-01 -2.5039e+00
% function evaluation | noise-free fitness - Fopt (5.157000000000e+01) | best noise-free fitness - Fopt | measured fitness | best measured fitness | x1 | x2...
1 +8.581408327e+01 +8.581408327e+01 +1.373840833e+02 +1.373840833e+02 -2.7714e+00 -1.7655e+00 -1.4101e+00 +2.6364e+00 +3.5316e+00 +1.2513e+00 -7.4938e-01 +4.3365e-01 -3.2054e+00 +1.5582e+00 -2.8656e+00 +2.4747e-02 +8.4698e-01 -3.3221e+00 -3.1113e-01 +2.7832e+00 +2.9812e+00 -1.1173e+00 -3.5455e+00 +3.5166e-01 -3.2521e+00 -1.3572e+00 +2.2251e+00 -5.9881e-01 -1.5762e+00 -1.3314e+00 +3.3497e+00 +3.2715e+00 -4.8935e-01 -2.7087e+00 -9.0709e-01 +3.4534e+00 -1.0016e+00 +1.6661e+00 +1.0381e+00 -2.3341e+00 +3.8016e+00 -2.8675e+00 -2.5238e+00 -3.4687e+00
432 +6.186638648e+01 +6.186638648e+01 +1.134363865e+02 +1.134363865e+02 -2.9784e+00 +5.3619e+00 +2.9897e+00 +5.3606e+00 +5.0504e-01 -4.9326e-01 -1.4279e+00 +2.5335e+00 -3.2764e+00 +3.6713e+00 -1.6174e+00 -4.3677e+00 +1.3672e+00 -1.8757e+00 -5.1945e+00 -1.5942e+00 -1.4911e+00 -2.1545e+00 -1.8765e+00 +1.1170e+00 +8.4221e-01 +1.7518e+00 +4.1473e+00 +7.8158e-01 -1.9968e+00 -4.3592e-01 -2.0369e+00 +1.5757e+00 -3.1507e+00 -1.8071e+00 -2.4162e+00 -2.3074e+00 -1.3640e+00 -2.5412e+00 +5.6195e+00 +1.0637e+00 +3.6166e+00 +2.7566e+00 -2.3014e+00 -7.2552e-01
468 +3.509860507e+01 +3.509860507e+01 +8.666860507e+01 +8.666860507e+01 -3.3779e+00 +4.6249e+00 +2.1732e+00 +4.9845e+00 -6.7806e-01 +9.6345e-01 -1.7701e+00 +4.7440e+00 -3.2285e+00 +2.7889e+00 -2.4615e+00 -3.2091e+00 +1.3702e+00 -1.0152e-01 -2.9383e+00 -2.4715e+00 -3.0800e+00 -3.4584e+00 -6.7281e-01 +1.9932e+00 +1.9541e+00 +9.1293e-01 +2.5785e+00 +4.5573e-01 -4.7811e+00 +3.3158e+00 -1.8425e+00 +1.4090e-01 -4.2415e+00 -1.3639e+00 -1.1044e+00 -6.0830e-01 -5.0182e-01 -3.7892e+00 +3.8023e+00 +7.4571e-01 +1.7245e+00 +1.9827e+00 -4.0084e+00 +1.0607e+00
660 +2.352728659e+01 +2.352728659e+01 +7.509728659e+01 +7.509728659e+01 -3.4433e+00 +5.1894e+00 +2.2428e-01 +5.1227e+00 -1.4602e+00 +9.0760e-02 -2.4747e+00 +1.4285e+00 -2.9942e+00 +4.7300e+00 -3.5086e+00 -2.4202e+00 +1.8661e+00 -1.3927e+00 -2.1812e+00 -5.8167e+00 -2.5733e+00 -1.8434e+00 -5.2932e-01 +3.4524e+00 +2.9689e-01 +9.1303e-01 +4.4285e+00 -2.6702e-01 -4.5138e+00 +2.6270e-01 -2.1983e+00 +1.8974e+00 -3.1150e+00 -1.4957e+00 -2.8372e-01 +7.3223e-01 -2.1996e+00 -2.9083e+00 +4.9678e+00 +5.8133e-01 +2.4977e+00 +2.0580e+00 -4.5743e+00 -1.5916e+00
795 +1.469823024e+01 +1.469823024e+01 +6.626823024e+01 +6.626823024e+01 -4.1656e+00 +5.3474e+00 +1.5766e+00 +4.1970e+00 -6.3738e-01 +1.3473e+00 -2.9425e+00 +3.3111e+00 -3.3721e+00 +3.4545e+00 -1.3581e+00 -3.5626e+00 +1.6739e+00 -6.3073e-01 -1.5140e+00 -4.4213e+00 -2.2676e+00 -1.5695e+00 +2.0455e-01 +3.8394e+00 +1.9495e+00 +1.2627e+00 +4.6593e+00 +3.9677e-01 -4.6900e+00 +7.2068e-01 -2.6801e+00 +1.4162e+00 -3.2643e+00 -1.3400e+00 -5.9944e-01 +3.8653e-01 -1.9541e+00 -2.1045e+00 +4.4992e+00 +2.1734e+00 +3.2790e+00 +2.4580e+00 -4.1555e+00 -1.9691e+00
935 +9.968730168e+00 +9.968730168e+00 +6.153873017e+01 +6.153873017e+01 -4.3553e+00 +4.1573e+00 +2.1401e+00 +4.7119e+00 -9.2669e-01 +3.4641e-01 -1.2557e+00 +2.6907e+00 -3.7793e+00 +4.0796e+00 -1.9553e+00 -3.2983e+00 +1.3754e+00 +1.2196e-01 -1.4865e+00 -4.3959e+00 -2.4179e+00 -1.9391e+00 -3.0044e-02 +2.5458e+00 +1.4439e+00 +6.3791e-01 +4.0245e+00 +1.2089e+00 -4.5612e+00 +1.3648e+00 -8.5313e-01 +1.1279e+00 -2.6550e+00 -5.9796e-01 -1.0160e+00 +7.8121e-01 -2.2200e+00 -3.6313e+00 +4.0344e+00 +1.5078e+00 +2.2253e+00 +1.9683e+00 -4.0495e+00 -1.1524e+00
23864 +4.343581203e+00 +4.343581203e+00 +5.591358120e+01 +5.591358120e+01 -2.1460e-01 +8.6052e-02 +3.4753e+00 -3.1198e+00 +5.3924e-01 -2.1289e+00 +4.2777e+00 +3.4310e+00 +4.5827e+00 -2.7442e+00 +1.8605e+00 -4.7302e+00 +4.3880e+00 +3.4279e-02 +1.2360e+00 -3.3774e+00 +5.9751e-01 -3.2322e+00 +4.8640e-01 -3.6575e+00 +1.2348e+00 -2.0278e+00 -2.9967e+00 +5.2643e+00 +4.1761e+00 -2.9141e+00 -1.7995e+00 +1.3789e+00 +9.5135e-01 +2.7221e+00 +2.4250e+00 -2.5334e+00 +3.3696e-01 +3.1377e+00 -5.3964e+00 +3.5053e-01 +1.9473e+00 +4.9648e+00 -1.2222e+00 +4.3360e+00
23909 +3.935562949e+00 +3.935562949e+00 +5.550556295e+01 +5.550556295e+01 -8.8612e-02 +9.3884e-01 +2.5274e+00 -2.9233e+00 +4.5384e-01 -2.5260e+00 +4.1010e+00 +4.5053e+00 +4.1188e+00 -2.4379e+00 +2.1853e+00 -3.9090e+00 +4.8683e+00 -2.6886e-01 +7.4857e-01 -2.6240e+00 +1.1795e-01 -3.6800e+00 +3.5697e-01 -4.5097e+00 -3.4280e-02 -2.8059e+00 -2.5875e+00 +3.8619e+00 +3.7555e+00 -1.8972e+00 -2.2115e+00 +1.4986e+00 +1.6798e-01 +4.0278e+00 +1.7354e+00 -3.0511e+00 +9.8891e-01 +3.2754e+00 -4.0968e+00 +4.4110e-01 +1.3045e+00 +5.3520e+00 -8.2055e-01 +3.7675e+00
24083 +2.398612770e+00 +2.398612770e+00 +5.396861277e+01 +5.396861277e+01 -1.0265e+00 +4.8015e-01 +2.6491e+00 -2.6692e+00 +9.7332e-01 -2.6315e+00 +4.4083e+00 +4.0878e+00 +4.3447e+00 -3.3659e+00 +2.3803e+00 -4.4387e+00 +4.9556e+00 -6.9303e-01 +3.0674e-01 -2.4671e+00 +6.9402e-01 -3.3995e+00 +4.9687e-01 -3.6618e+00 +2.5700e-01 -1.5070e+00 -2.7519e+00 +4.1854e+00 +3.8257e+00 -1.4976e+00 -3.1740e+00 +1.7446e+00 +2.1013e+00 +2.5847e+00 +1.8015e+00 -1.6409e+00 +8.4132e-02 +2.8084e+00 -4.8828e+00 +2.2397e-01 +1.9311e+00 +4.2031e+00 -1.2582e+00 +4.0902e+00
24913 +1.147401445e+00 +1.147401445e+00 +5.271740144e+01 +5.271740144e+01 -7.4208e-02 +8.9826e-01 +2.9975e+00 -2.4800e+00 +1.9416e-01 -2.3864e+00 +4.5577e+00 +3.9247e+00 +4.0761e+00 -3.2038e+00 +1.7285e+00 -4.3944e+00 +4.8179e+00 -1.4647e-01 +6.3087e-01 -2.9460e+00 +5.1338e-01 -3.2738e+00 +1.3485e-01 -4.0583e+00 +1.0461e-01 -2.6338e+00 -2.3898e+00 +4.1880e+00 +4.3540e+00 -1.4791e+00 -2.2710e+00 +1.3482e+00 +1.0930e+00 +2.6186e+00 +1.1226e+00 -2.8725e+00 +2.1235e-01 +2.3917e+00 -4.3896e+00 +3.8635e-01 +2.1773e+00 +4.9033e+00 -1.4639e+00 +4.4927e+00
25401 +9.726801187e-01 +9.726801187e-01 +5.254268012e+01 +5.254268012e+01 -4.4185e-01 +1.1174e+00 +3.0840e+00 -2.3236e+00 +1.3015e-01 -2.2630e+00 +4.7159e+00 +4.1409e+00 +4.0711e+00 -3.2935e+00 +1.8234e+00 -4.4012e+00 +4.6373e+00 +6.6388e-02 +3.7700e-01 -2.9880e+00 +5.5946e-01 -3.2431e+00 +3.3140e-01 -4.0471e+00 +4.3283e-01 -2.1107e+00 -2.7963e+00 +4.0391e+00 +4.2485e+00 -1.6211e+00 -2.2143e+00 +1.4392e+00 +1.2616e+00 +2.5773e+00 +1.5233e+00 -2.7597e+00 -1.1413e-01 +2.8734e+00 -4.3816e+00 +7.0042e-01 +2.0417e+00 +5.0000e+00 -1.3529e+00 +4.5518e+00
% function evaluation | noise-free fitness - Fopt (5.157000000000e+01) | best noise-free fitness - Fopt | measured fitness | best measured fitness | x1 | x2...
1 +8.637539332e+01 +8.637539332e+01 +1.379453933e+02 +1.379453933e+02 -2.6547e+00 +8.2847e-01 -3.9085e-01 +7.5748e-01 +1.3280e+00 -2.0926e+00 +3.3380e+00 +1.4930e+00 -3.5217e-02 -4.1591e-02 -2.5730e+00 -1.7375e+00 -2.2420e+00 -1.5080e+00 +1.9899e+00 +1.8423e+00 +1.1210e+00 +3.3771e+00 -1.3122e+00 -2.0401e+00 +3.2232e+00 -1.6213e+00 -3.8807e+00 -3.1861e+00 -3.6789e-01 +3.7122e+00 +3.0941e+00 -1.6063e+00 +3.8344e+00 -3.6019e-01 +3.5579e+00 +3.0121e+00 -1.2820e+00 -1.8871e+00 -3.0191e+00 +3.8061e+00 -2.0986e+00 +3.9694e-01 -1.5174e+00 -2.4463e+00
322 +6.070705719e+01 +6.070705719e+01 +1.122770572e+02 +1.122770572e+02 -4.6147e+00 +3.4900e+00 +2.2440e+00 +1.5367e+00 -1.2193e+00 -9.0935e-01 +2.9754e-01 +3.8928e+00 +3.1309e+00 -2.8634e+00 -3.9971e+00 -2.5862e+00 +2.7468e-01 -2.8275e+00 -4.7690e+00 +3.1927e+00 +1.5034e+00 +2.4822e+00 +7.3377e-01 -2.5479e-01 -3.2658e+00 -2.9028e+00 -2.0457e+00 +2.4345e+00 -3.8683e+00 +2.0050e+00 +2.0403e-01 +2.4857e+00 -2.7537e-01 +2.8295e+00 +2.3389e+00 +8.3062e-01 -3.8217e+00 +4.0475e+00 -3.1713e+00 +1.1937e+00 -1.8108e+00 -3.4524e+00 +1.0301e+00 -2.4376e-01
620 +3.428922514e+01 +3.428922514e+01 +8.585922514e+01 +8.585922514e+01 -3.1731e+00 +3.8945e+00 +3.9731e+00 +1.9838e+00 -3.0419e+00 -8.5951e-01 -9.0008e-01 +5.4428e+00 +3.5202e+00 -3.7918e+00 -5.2597e+00 -1.7143e+00 -6.0135e-01 -2.4094e+00 -5.1755e+00 +5.8407e+00 +2.0963e+00 +3.6309e+00 +1.7742e+00 -1.9008e-01 -5.1806e+00 -2.6331e+00 -5.8264e+00 +3.7996e+00 -4.5219e+00 +6.9687e-01 -1.7598e+00 +6.1820e+00 -2.8542e+00 +3.4696e+00 +3.5207e+00 -1.3694e+00 -2.6845e+00 +1.8363e+00 -3.4502e+00 -1.4523e+00 -1.6510e+00 -3.5381e+00 +1.1746e+00 -1.5441e-01
705 +2.461901459e+01 +2.461901459e+01 +7.618901459e+01 +7.618901459e+01 -4.2896e+00 +3.6009e+00 +3.2278e+00 +2.1982e+00 -2.1150e+00 +2.3392e-01 -3.3439e-01 +4.5694e+00 +4.8077e+00 -4.5080e+00 -4.7777e+00 -2.3367e+00 +5.8273e-01 -2.7376e+00 -4.0457e+00 +4.3021e+00 +1.1350e+00 +4.9923e+00 +1.7733e+00 -2.0500e-01 -4.4486e+00 -2.0171e+00 -4.2408e+00 +4.1554e+00 -4.2169e+00 +1.3241e+00 -1.2938e+00 +4.1356e+00 -1.8898e+00 +3.3846e+00 +3.1076e+00 -1.4634e+00 -2.8485e+00 +9.8424e-01 -3.5070e+00 -2.0193e+00 -1.6195e+00 -2.5690e+00 +2.2456e+00 -7.5108e-01
842 +1.517142198e+01 +1.517142198e+01 +6.674142198e+01 +6.674142198e+01 -4.1341e+00 +3.8891e+00 +3.8135e+00 +1.5969e+00 -2.2323e+00 -1.1914e+00 -3.8740e-01 +4.3720e+00 +4.2120e+00 -4.3796e+00 -4.7909e+00 -3.0232e+00 +9.5922e-01 -2.9460e+00 -3.1080e+00 +4.4568e+00 +7.5379e-01 +3.9247e+00 +1.2652e+00 -3.8898e-01 -4.3034e+00 -3.4789e+00 -3.6291e+00 +5.0077e+00 -3.4940e+00 +9.1259e-01 -2.0788e+00 +4.1994e+00 -3.8119e+00 +2.1905e+00 +2.9775e+00 -1.8130e+00 -2.6748e+00 +1.0311e+00 -2.0103e+00 -4.7272e-01 -1.1395e+00 -1.8045e+00 +2.7491e+00 +2.0815e-01
10163 +9.808443912e+00 +9.808443912e+00 +6.137844391e+01 +6.137844391e+01 -4.6152e+00 +3.9153e+00 +8.5696e-01 +4.8029e+00 -1.9662e+00 +2.0027e+00 -2.0339e+00 +3.1082e+00 -4.7212e+00 +4.1282e+00 -2.4977e+00 -3.8182e+00 +1.5634e+00 +1.3103e+00 -1.5788e+00 -4.3209e+00 -2.1516e+00 -1.8480e+00 +4.0883e-01 +3.7356e+00 +7.6683e-01 +5.9949e-01 +4.2545e+00 +1.4601e+00 -4.0529e+00 +1.7724e+00 -2.1333e+00 +3.4697e-01 -3.6504e+00 -1.7445e+00 -7.4535e-01 +1.2330e+00 -2.4036e+00 -3.6066e+00 +4.6776e+00 +1.4952e+00 +3.2078e+00 +2.7092e+00 -4.5119e+00 -1.4297e+00
43401 +6.217012918e+00 +6.217012918e+00 +5.778701292e+01 +5.778701292e+01 +2.7280e+00 -3.5548e+00 +7.4208e-02 +3.9799e+00 -1.6996e+00 -4.0376e+00 +1.3439e-01 +2.7291e+00 +9.0830e-01 -3.2788e+00 +1.9282e-01 -3.1788e+00 +2.1156e+00 +2.0581e+00 +3.2580e+00 -3.7836e+00 +2.2412e+00 +1.8279e+00 -1.9224e+00 -3.3849e+00 -9.8969e-01 -4.1113e+00 -2.5491e+00 +2.4026e+00 +7.2877e-01 -3.5153e+00 -3.0010e+00 -7.9977e-01 +1.3017e+00 +3.1753e+00 -4.6839e-01 +3.3761e-01 +3.7762e-01 +1.6965e+00 -4.2065e+00 +3.6680e+00 -3.4017e+00 -1.4470e+00 +3.1998e+00 -3.3404e+00
110461 +3.709770637e+00 +3.709770637e+00 +5.527977064e+01 +5.527977064e+01 -1.5440e-01 +6.5511e-01 +3.3356e+00 -2.9229e+00 +4.7510e-01 -1.7632e+00 +4.8748e+00 +3.1302e+00 +4.0598e+00 -2.5897e+00 +2.2019e+00 -4.2996e+00 +4.6483e+00 +9.0944e-01 -1.2312e-01 -2.5078e+00 -1.4600e-01 -3.1110e+00 -1.7198e-01 -3.8494e+00 -3.1331e-02 -3.1827e+00 -2.6142e+00 +3.6373e+00 +4.5931e+00 -8.4111e-01 -2.5275e+00 +1.3046e+00 +4.7494e-01 +2.0141e+00 +1.2760e+00 -3.7027e+00 +3.6712e-01 +3.0486e+00 -4.9621e+00 +1.2398e+00 +2.1687e+00 +5.2858e+00 -1.8942e+00 +4.2075e+00
110618 +2.381877374e+00 +2.381877374e+00 +5.395187737e+01 +5.395187737e+01 +3.9544e-01 +9.8084e-01 +2.9091e+00 -3.5764e+00 +6.4657e-01 -2.2523e+00 +4.6256e+00 +4.3141e+00 +4.0629e+00 -2.9636e+00 +1.5616e+00 -4.5603e+00 +4.2276e+00 +9.0192e-01 -1.2892e-01 -3.0557e+00 +8.7696e-01 -3.1691e+00 +5.7758e-01 -3.6133e+00 +7.0298e-01 -2.1228e+00 -2.5826e+00 +4.2359e+00 +4.9202e+00 -1.9790e+00 -2.6989e+00 +4.4481e-01 +1.1265e+00 +2.6911e+00 +1.1433e+00 -3.6675e+00 -5.2217e-01 +3.2403e+00 -4.1963e+00 +6.5401e-01 +2.3518e+00 +4.5547e+00 -1.0226e+00 +5.1707e+00
111059 +1.431972639e+00 +1.431972639e+00 +5.300197264e+01 +5.300197264e+01 -3.2183e-01 +1.0684e+00 +3.4710e+00 -2.3624e+00 -2.8252e-01 -2.1351e+00 +4.6305e+00 +4.0749e+00 +4.2814e+00 -3.0423e+00 +1.2935e+00 -4.3826e+00 +4.8134e+00 +3.0546e-01 +3.0418e-01 -3.0640e+00 +1.7208e-01 -3.4481e+00 +1.4953e-02 -4.2390e+00 +3.9102e-01 -2.3278e+00 -2.8085e+00 +4.3006e+00 +3.9374e+00 -1.2710e+00 -2.4711e+00 +1.3429e+00 +1.0660e+00 +2.6613e+00 +1.5993e+00 -3.1382e+00 +2.1645e-02 +2.9147e+00 -4.5651e+00 +7.2660e-01 +1.8115e+00 +4.5998e+00 -1.3462e+00 +4.3435e+00
111443 +9.872947177e-01 +9.872947177e-01 +5.255729472e+01 +5.255729472e+01 -2.8446e-01 +7.4481e-01 +3.1342e+00 -2.3073e+00 +3.9036e-01 -2.3030e+00 +4.8604e+00 +3.9386e+00 +3.9661e+00 -3.1215e+00 +1.5498e+00 -4.3548e+00 +4.6929e+00 +8.0339e-03 +3.4702e-01 -2.9382e+00 +4.4116e-01 -3.3069e+00 +7.8169e-02 -3.6628e+00 +3.7505e-01 -2.0506e+00 -2.8799e+00 +4.0581e+00 +4.2877e+00 -1.5401e+00 -2.4368e+00 +1.0373e+00 +1.1987e+00 +2.5669e+00 +1.5849e+00 -2.8589e+00 -1.2823e-02 +3.0497e+00 -4.4460e+00 +7.0933e-01 +1.8191e+00 +5.0530e+00 -1.2707e+00 +4.7580e+00
% function evaluation | noise-free fitness - Fopt (5.157000000000e+01) | best noise-free fitness - Fopt | measured fitness | best measured fitness | x1 | x2...
1 +8.629180686e+01 +8.629180686e+01 +1.378618069e+02 +1.378618069e+02 -3.9757e+00 +3.7062e+00 +2.7135e+00 +3.9739e+00 +2.4821e-01 -1.8706e+00 +3.1026e+00 -3.7248e+00 -1.1198e+00 -2.7836e+00 +1.6786e+00 +3.4170e+00 +3.2858e+00 +2.2213e+00 -2.8435e+00 +3.8582e+00 -2.0184e+00 +1.4276e+00 +8.2027e-01 +2.2543e+00 -2.2616e-01 -2.5864e+00 +3.6056e+00 +1.1717e+00 +3.4225e+00 +3.0691e-01 +1.7813e+00 +3.7860e+00 -2.5723e+00 -3.8588e+00 +1.5125e+00 -2.0678e+00 -2.9789e+00 +3.7733e-01 +7.0919e-01 +2.4901e+00 +2.0032e+00 -2.0647e+00 +9.9646e-01 -3.8099e+00
455 +6.168499610e+01 +6.168499610e+01 +1.132549961e+02 +1.132549961e+02 -4.4637e+00 +5.0129e+00 +1.3040e+00 +5.3777e-01 -2.9810e+00 -2.9124e+00 -1.4879e+00 +4.0877e+00 +3.1556e+00 -8.6229e-01 -2.8517e+00 -3.6085e-01 -9.9619e-01 -1.5648e+00 -2.4158e+00 +2.1013e+00 +1.1292e+00 +5.4208e+00 +1.2370e+00 -1.8639e-01 -2.3188e+00 -3.2307e+00 -3.6704e+00 +3.5165e+00 -2.4053e+00 +3.7795e+00 -1.5812e+00 +5.5104e+00 -4.7555e+00 +2.6074e-01 +3.6665e+00 -1.5440e+00 -4.7887e+00 +1.2355e+00 +6.4297e-02 -1.4237e+00 -5.8024e-01 -1.5467e+00 +2.1018e+00 -1.6378e+00
607 +3.960254427e+01 +3.960254427e+01 +9.117254427e+01 +9.117254427e+01 -3.6196e+00 +3.7054e+00 +3.5397e+00 +1.4688e+00 -3.1347e-01 -1.3531e+00 +3.8020e-01 +3.2939e+00 +3.9697e+00 -2.5904e+00 -3.4032e+00 -3.0090e+00 +3.7180e-01 -3.0375e+00 -3.1819e+00 +2.1770e+00 +1.4836e+00 +4.3971e+00 +1.3590e+00 -1.2191e+00 -5.0330e+00 -4.5666e+00 -3.3748e+00 +4.6235e+00 -2.1816e+00 +4.7730e-01 -3.5496e+00 +4.5818e+00 -4.9281e+00 -1.0561e+00 +3.8505e+00 -1.6302e+00 -4.2907e+00 +1.2466e+00 -2.5852e+00 -1.3130e+00 -1.7654e+00 -2.5840e+00 +2.0734e+00 -2.6175e+00
694 +2.398170233e+01 +2.398170233e+01 +7.555170233e+01 +7.555170233e+01 -2.6172e+00 +4.2125e+00 +4.3510e+00 +1.5505e+00 -4.8335e-01 -7.3543e-01 -4.9573e-01 +4.0235e+00 +3.0080e+00 -5.5752e+00 -4.5775e+00 -2.5427e+00 -5.7308e-01 -1.8149e+00 -3.6842e+00 +4.3116e+00 +1.7959e+00 +4.2159e+00 +4.6353e-01 -3.2196e-01 -6.0226e+00 -4.5113e+00 -4.0434e+00 +4.0575e+00 -4.3169e+00 +1.0853e+00 -3.1331e+00 +4.2248e+00 -3.1242e+00 +2.3239e+00 +3.6856e+00 -3.2079e+00 -3.7319e+00 +1.4251e+00 -3.0008e+00 -2.0715e+00 -1.2856e+00 -2.6862e+00 +2.7359e+00 -1.1868e+00
964 +1.532554972e+01 +1.532554972e+01 +6.689554972e+01 +6.689554972e+01 -2.9709e+00 +4.5701e+00 +3.1653e+00 +2.2830e+00 -1.6190e+00 -9.7100e-01 -9.9250e-01 +3.7929e+00 +4.1770e+00 -3.6114e+00 -4.8132e+00 -3.5363e+00 +1.1417e-01 -3.8121e+00 -4.3406e+00 +3.6485e+00 +1.1120e+00 +4.3588e+00 +1.7954e+00 +1.3208e-01 -4.1307e+00 -3.5603e+00 -3.4715e+00 +4.3538e+00 -3.8075e+00 +1.1708e+00 -2.7260e+00 +4.3774e+00 -4.2444e+00 +1.7188e+00 +3.4471e+00 -2.4509e+00 -2.7986e+00 +1.5387e+00 -2.3545e+00 -1.0663e+00 -1.2676e+00 -1.9072e+00 +2.6640e+00 -3.5639e-02
10245 +9.823866129e+00 +9.823866129e+00 +6.139386613e+01 +6.139386613e+01 -4.5365e+00 +4.4191e+00 +1.7801e+00 +5.2913e+00 -1.0300e+00 +1.1277e+00 -1.7343e+00 +3.5689e+00 -5.0283e+00 +4.6753e+00 -1.8243e+00 -3.7501e+00 +1.8743e+00 -2.7127e-01 -2.2677e+00 -4.0769e+00 -2.8343e+00 -1.2670e+00 -7.3582e-02 +4.1085e+00 +6.3566e-01 +6.0851e-01 +4.4234e+00 +1.3863e+00 -4.5793e+00 +7.4242e-01 -1.4322e+00 +1.6788e-01 -3.0301e+00 -9.2025e-01 -5.6091e-01 +1.5172e+00 -2.0040e+00 -3.6412e+00 +3.8307e+00 +1.7825e+00 +3.1048e+00 +2.2256e+00 -4.9920e+00 -1.0189e+00
112289 +6.306230368e+00 +6.306230368e+00 +5.787623037e+01 +5.787623037e+01 +2.9933e+00 -3.4349e+00 +1.2597e-01 +3.8393e+00 -1.7421e+00 -4.0350e+00 +9.8229e-02 +2.5928e+00 +9.4826e-01 -3.4403e+00 +3.1378e-01 -2.9278e+00 +1.6889e+00 +1.6603e+00 +3.1850e+00 -3.6326e+00 +1.3695e+00 +1.7416e+00 -2.0821e+00 -3.3300e+00 -1.3287e+00 -3.9919e+00 -2.2789e+00 +2.5483e+00 +2.4514e-02 -3.3854e+00 -2.5244e+00 +7.4053e-02 +1.9694e+00 +2.9495e+00 +2.7777e-02 +1.0100e+00 +5.1991e-01 +1.4005e+00 -4.4036e+00 +3.0677e+00 -3.2612e+00 -1.6464e+00 +3.4679e+00 -3.8320e+00
153869 +3.526454800e+00 +3.526454800e+00 +5.509645480e+01 +5.509645480e+01 -7.4080e-02 +1.5054e+00 +2.8359e+00 -2.8166e+00 -2.0634e-01 -2.8813e+00 +4.5680e+00 +4.5728e+00 +3.8615e+00 -3.7036e+00 +8.3234e-01 -4.9771e+00 +3.5111e+00 +1.4677e-01 +6.5858e-01 -2.9109e+00 +1.5014e-01 -3.4420e+00 +8.0275e-01 -4.1592e+00 +1.3296e+00 -2.6526e+00 -2.6258e+00 +3.4492e+00 +4.3152e+00 -1.1692e+00 -2.7258e+00 +1.8870e+00 +8.1543e-01 +2.5952e+00 +2.1158e+00 -3.1995e+00 +3.8072e-01 +2.2038e+00 -4.7978e+00 +1.1904e+00 +1.7069e+00 +4.4342e+00 -4.3661e-01 +5.3509e+00
155278 +2.310624169e+00 +2.310624169e+00 +5.388062417e+01 +5.388062417e+01 +2.4156e-01 +9.9151e-01 +3.4244e+00 -2.8787e+00 +7.3052e-01 -2.7621e+00 +4.8771e+00 +4.2961e+00 +3.6570e+00 -3.3329e+00 +1.9659e+00 -4.8116e+00 +5.4027e+00 +1.1650e+00 +4.0935e-01 -3.3041e+00 -5.1020e-01 -3.2257e+00 +9.3519e-01 -4.3061e+00 +1.2130e+00 -1.9646e+00 -2.7823e+00 +4.2491e+00 +4.2390e+00 -1.5878e+00 -2.6091e+00 +1.7909e+00 +1.0055e+00 +2.9926e+00 +1.1636e+00 -2.9736e+00 -3.4547e-01 +2.0566e+00 -4.0714e+00 +1.5864e-02 +2.4565e+00 +4.9123e+00 -1.4351e+00 +4.6806e+00
158153 +1.570559696e+00 +1.570559696e+00 +5.314055970e+01 +5.314055970e+01 -2.6972e-01 +8.7190e-01 +3.5114e+00 -2.8169e+00 -1.6078e-04 -2.7122e+00 +4.5460e+00 +3.6756e+00 +3.8296e+00 -2.7204e+00 +1.6591e+00 -4.5816e+00 +4.6445e+00 -8.2481e-02 +2.3147e-01 -3.2114e+00 +4.0846e-01 -3.1675e+00 +3.4896e-01 -4.0084e+00 -2.1912e-01 -2.2848e+00 -2.5764e+00 +3.9092e+00 +4.0364e+00 -1.5633e+00 -2.0244e+00 +1.5365e+00 +1.2064e+00 +2.3374e+00 +1.2420e+00 -2.6731e+00 -3.6194e-03 +2.3398e+00 -4.3929e+00 +5.2112e-01 +1.7887e+00 +4.5500e+00 -1.3340e+00 +4.6957e+00
159595 +9.822055264e-01 +9.822055264e-01 +5.255220553e+01 +5.255220553e+01 +7.6277e-02 +1.0063e+00 +3.0859e+00 -2.5592e+00 +5.8418e-03 -2.5384e+00 +4.8680e+00 +3.7707e+00 +3.9694e+00 -3.4575e+00 +2.0340e+00 -4.6941e+00 +5.0266e+00 +2.0534e-01 +3.8209e-01 -2.8172e+00 +3.9234e-01 -3.0909e+00 -1.9151e-01 -3.8441e+00 +4.1211e-01 -1.9332e+00 -2.6396e+00 +4.0477e+00 +4.3915e+00 -1.7087e+00 -2.5818e+00 +1.2140e+00 +1.5631e+00 +2.3037e+00 +1.4067e+00 -2.9279e+00 -1.2570e-01 +2.6610e+00 -4.5939e+00 +2.6764e-01 +1.9962e+00 +4.7839e+00 -1.1949e+00 +4.5966e+00
