% function evaluation | noise-free fitness - Fopt (-1.000000000000e+03) | best noise-free fitness - Fopt | measured fitness | best measured fitness | x1 | x2...
1 +3.277556422e+01 +3.277556422e+01 -9.672244358e+02 -9.672244358e+02 +2.2502e+00 -1.3902e+00 -2.6306e+00 -7.0256e-01 +9.8619e-02
7 +2.208397278e+01 +2.208397278e+01 -9.779160272e+02 -9.779160272e+02 +3.3713e+00 -1.6045e+00 -2.0863e+00 +9.6389e-01 +1.8645e+00
60 +1.437077245e+01 +1.437077245e+01 -9.856292276e+02 -9.856292276e+02 +4.3813e+00 -2.2854e+00 -1.0952e+00 -2.5272e+00 -2.9653e-01
98 +8.975634358e+00 +8.975634358e+00 -9.910243656e+02 -9.910243656e+02 +4.0373e+00 -2.6493e+00 -1.5462e+00 -3.1235e+00 +8.4707e-01
278 +6.264039237e+00 +6.264039237e+00 -9.937359608e+02 -9.937359608e+02 +3.7221e+00 -2.9162e+00 -4.0371e-01 -3.0912e+00 +1.3626e+00
1767 +2.243582199e+00 +2.243582199e+00 -9.977564178e+02 -9.977564178e+02 -4.4578e+00 +4.0071e+00 -7.5505e-01 -2.1566e+00 -9.0814e-01
1803 +1.520214297e+00 +1.520214297e+00 -9.984797857e+02 -9.984797857e+02 -3.4450e+00 +4.2992e+00 -2.4296e-01 -3.1605e+00 -1.5722e+00
1904 +9.299562249e-01 +9.299562249e-01 -9.990700438e+02 -9.990700438e+02 -3.7153e+00 +4.2761e+00 -3.2984e-01 -2.8994e+00 -1.0810e+00
9154 +4.710130673e-01 +4.710130673e-01 -9.995289869e+02 -9.995289869e+02 +9.2684e-01 +4.0701e-01 +2.4173e+00 +4.9193e-01 -1.2857e+00
9277 +2.849561318e-02 +2.849561318e-02 -9.999715044e+02 -9.999715044e+02 +1.7713e+00 +7.6551e-01 +2.4578e+00 +4.7458e-01 -1.1023e+00
9583 +2.446738022e-02 +2.446738022e-02 -9.999755326e+02 -9.999755326e+02 +6.3719e-01 +3.5450e-01 +3.0111e+00 -1.4482e+00 -2.6514e+00
9653 +3.311862957e-03 +3.311862957e-03 -9.999966881e+02 -9.999966881e+02 +1.3997e+00 +7.6176e-01 +2.4767e+00 +4.7675e-01 -1.3016e+00
9721 +5.223756091e-04 +5.223756091e-04 -9.999994776e+02 -9.999994776e+02 +1.3886e+00 +8.9882e-01 +2.7946e+00 +1.3573e-01 -1.6361e+00
9799 +1.229624813e-04 +1.229624813e-04 -9.999998770e+02 -9.999998770e+02 +1.3944e+00 +6.9044e-01 +2.5162e+00 +7.0082e-02 -1.5264e+00
9843 +4.336953077e-05 +4.336953077e-05 -9.999999566e+02 -9.999999566e+02 +1.4394e+00 +6.4903e-01 +2.4864e+00 -1.3336e-01 -1.5862e+00
9932 +5.689879686e-06 +5.689879686e-06 -9.999999943e+02 -9.999999943e+02 +1.4038e+00 +7.0508e-01 +2.5678e+00 -1.3239e-01 -1.6431e+00
10068 +2.339327239e-06 +2.339327239e-06 -9.999999977e+02 -9.999999977e+02 +1.3572e+00 +7.2005e-01 +2.6279e+00 -1.3857e-01 -1.6918e+00
10122 +1.573928557e-06 +1.573928557e-06 -9.999999984e+02 -9.999999984e+02 +1.4042e+00 +7.1906e-01 +2.5919e+00 -7.1670e-02 -1.6144e+00
10139 +4.625902648e-07 +4.625902648e-07 -9.999999995e+02 -9.999999995e+02 +1.3439e+00 +7.1930e-01 +2.6237e+00 -1.4591e-01 -1.6900e+00
10222 +2.394482408e-07 +2.394482408e-07 -9.999999998e+02 -9.999999998e+02 +1.3509e+00 +7.3814e-01 +2.6564e+00 -1.4831e-01 -1.7021e+00
10300 +9.105576737e-08 +9.105576737e-08 -9.999999999e+02 -9.999999999e+02 +1.3502e+00 +7.2243e-01 +2.6371e+00 -1.1368e-01 -1.6718e+00
10322 +8.681126928e-10 +8.681126928e-10 -1.000000000e+03 -1.000000000e+03 +1.3461e+00 +7.1908e-01 +2.6425e+00 -1.5464e-01 -1.6974e+00
10354 +5.491074262e-11 +5.491074262e-11 -1.000000000e+03 -1.000000000e+03 +1.3506e+00 +7.1660e-01 +2.6333e+00 -1.4539e-01 -1.6887e+00
% function evaluation | noise-free fitness - Fopt (-1.000000000000e+03) | best noise-free fitness - Fopt | measured fitness | best measured fitness | x1 | x2...
1 +8.208145465e+01 +8.208145465e+01 -9.179185453e+02 -9.179185453e+02 +3.5833e+00 +2.8441e+00 +9.2142e-01 -3.5887e+00 -1.0823e+00
22 +4.189729727e+01 +4.189729727e+01 -9.581027027e+02 -9.581027027e+02 -9.8407e-02 -1.5896e+00 -1.7031e+00 -4.1417e+00 -2.4887e-01
32 +3.649171262e+01 +3.649171262e+01 -9.635082874e+02 -9.635082874e+02 -1.5113e+00 +9.7982e-01 -2.2927e+00 -4.3641e+00 +2.3870e-01
79 +2.174631019e+01 +2.174631019e+01 -9.782536898e+02 -9.782536898e+02 -2.9734e-02 +2.7627e-01 -2.0290e+00 -4.6778e+00 +8.2817e-02
1579 +1.360446810e+01 +1.360446810e+01 -9.863955319e+02 -9.863955319e+02 -1.4304e+00 +4.5314e+00 +4.9396e-01 -3.6878e+00 -1.4576e+00
1593 +8.317364602e+00 +8.317364602e+00 -9.916826354e+02 -9.916826354e+02 -4.9371e+00 +3.9312e+00 -5.9725e-01 -1.2118e+00 -7.4968e-01
1620 +3.035182929e+00 +3.035182929e+00 -9.969648171e+02 -9.969648171e+02 -3.2415e+00 +3.5654e+00 -1.1002e+00 -4.0009e+00 -1.0809e+00
1754 +2.054652050e+00 +2.054652050e+00 -9.979453479e+02 -9.979453479e+02 -3.3270e+00 +3.8513e+00 -7.5671e-01 -3.4666e+00 -1.5896e+00
1802 +1.458041260e+00 +1.458041260e+00 -9.985419587e+02 -9.985419587e+02 -3.0864e+00 +3.8850e+00 -6.8991e-01 -3.1130e+00 -1.1268e+00
1903 +8.616538703e-01 +8.616538703e-01 -9.991383461e+02 -9.991383461e+02 -3.6935e+00 +3.8333e+00 -6.5460e-01 -3.0210e+00 -1.1587e+00
3953 +5.650870904e-01 +5.650870904e-01 -9.994349129e+02 -9.994349129e+02 +5.6904e-01 +1.3533e+00 +3.8628e+00 +3.6702e-01 -2.4078e+00
3969 +3.473053028e-01 +3.473053028e-01 -9.996526947e+02 -9.996526947e+02 +1.2291e+00 +8.8708e-01 +3.4532e+00 -5.2092e-01 -2.2271e+00
3988 +1.980259400e-01 +1.980259400e-01 -9.998019741e+02 -9.998019741e+02 +2.8978e-01 +2.9409e-01 +3.0768e+00 -1.4808e+00 -2.8619e+00
4066 +1.746902351e-02 +1.746902351e-02 -9.999825310e+02 -9.999825310e+02 +1.0187e+00 +4.7529e-01 +2.9148e+00 -7.2689e-01 -2.0765e+00
4210 +1.079254076e-02 +1.079254076e-02 -9.999892075e+02 -9.999892075e+02 +1.5452e+00 +6.4469e-01 +2.5087e+00 -1.6744e-01 -1.6128e+00
4246 +9.956064234e-03 +9.956064234e-03 -9.999900439e+02 -9.999900439e+02 +1.2125e+00 +3.2885e-01 +2.5363e+00 -7.3711e-01 -1.8882e+00
4280 +3.550751256e-03 +3.550751256e-03 -9.999964492e+02 -9.999964492e+02 +1.2337e+00 +6.0992e-01 +2.7970e+00 -4.5565e-01 -1.9180e+00
4303 +7.671684591e-04 +7.671684591e-04 -9.999992328e+02 -9.999992328e+02 +1.1824e+00 +8.0469e-01 +2.9100e+00 -4.2320e-01 -2.0210e+00
4330 +3.323336902e-04 +3.323336902e-04 -9.999996677e+02 -9.999996677e+02 +1.1304e+00 +6.9088e-01 +2.7703e+00 -3.7324e-01 -1.9212e+00
4393 +9.264683683e-05 +9.264683683e-05 -9.999999074e+02 -9.999999074e+02 +1.2868e+00 +6.1584e-01 +2.5591e+00 -2.7225e-01 -1.7333e+00
4410 +4.199004900e-05 +4.199004900e-05 -9.999999580e+02 -9.999999580e+02 +1.2559e+00 +6.7349e-01 +2.6739e+00 -1.9650e-01 -1.7461e+00
4469 +3.228638934e-05 +3.228638934e-05 -9.999999677e+02 -9.999999677e+02 +1.3655e+00 +7.8362e-01 +2.6896e+00 -6.7127e-02 -1.6941e+00
4492 +1.195571997e-05 +1.195571997e-05 -9.999999880e+02 -9.999999880e+02 +1.3034e+00 +6.5345e-01 +2.6036e+00 -2.0802e-01 -1.7111e+00
4542 +7.621751479e-06 +7.621751479e-06 -9.999999924e+02 -9.999999924e+02 +1.2756e+00 +7.0704e-01 +2.7033e+00 -3.1760e-01 -1.8295e+00
4557 +4.007185680e-06 +4.007185680e-06 -9.999999960e+02 -9.999999960e+02 +1.2881e+00 +6.6981e-01 +2.6475e+00 -2.5244e-01 -1.7552e+00
4613 +3.360882488e-06 +3.360882488e-06 -9.999999966e+02 -9.999999966e+02 +1.3368e+00 +7.3163e-01 +2.6501e+00 -1.8502e-01 -1.7228e+00
4626 +1.860283646e-06 +1.860283646e-06 -9.999999981e+02 -9.999999981e+02 +1.2876e+00 +7.0806e-01 +2.6884e+00 -2.2956e-01 -1.7746e+00
4684 +1.078019409e-06 +1.078019409e-06 -9.999999989e+02 -9.999999989e+02 +1.3035e+00 +7.0489e-01 +2.6867e+00 -2.6379e-01 -1.7800e+00
4707 +2.633681788e-07 +2.633681788e-07 -9.999999997e+02 -9.999999997e+02 +1.3536e+00 +7.2623e-01 +2.6331e+00 -1.5498e-01 -1.6962e+00
4709 +1.125152949e-07 +1.125152949e-07 -9.999999999e+02 -9.999999999e+02 +1.3208e+00 +7.0069e-01 +2.6469e+00 -2.0795e-01 -1.7326e+00
4749 +7.475784969e-08 +7.475784969e-08 -9.999999999e+02 -9.999999999e+02 +1.3302e+00 +6.9975e-01 +2.6396e+00 -1.9655e-01 -1.7168e+00
4791 +1.235207492e-08 +1.235207492e-08 -1.000000000e+03 -1.000000000e+03 +1.3477e+00 +7.1042e-01 +2.6235e+00 -1.5002e-01 -1.6866e+00
4848 +3.100240065e-09 +3.100240065e-09 -1.000000000e+03 -1.000000000e+03 +1.3526e+00 +7.2538e-01 +2.6339e+00 -1.2794e-01 -1.6830e+00
4862 +2.877413863e-10 +2.877413863e-10 -1.000000000e+03 -1.000000000e+03 +1.3451e+00 +7.1462e-01 +2.6361e+00 -1.5770e-01 -1.6969e+00
% function evaluation | noise-free fitness - Fopt (-1.000000000000e+03) | best noise-free fitness - Fopt | measured fitness | best measured fitness | x1 | x2...
1 +7.466828606e+01 +7.466828606e+01 -9.253317139e+02 -9.253317139e+02 +2.3890e+00 -4.4712e-01 +3.7521e+00 -4.2114e-01 +1.9723e+00
12 +4.990497927e+01 +4.990497927e+01 -9.500950207e+02 -9.500950207e+02 +1.3328e+00 -9.3176e-01 +4.2387e+00 -4.2332e+00 -1.4232e+00
19 +3.382270416e+00 +3.382270416e+00 -9.966177296e+02 -9.966177296e+02 +1.5653e+00 -6.1359e-01 +2.0914e+00 -4.1909e+00 -3.0171e+00
61 +6.931585297e-01 +6.931585297e-01 -9.993068415e+02 -9.993068415e+02 +1.0211e+00 -6.5778e-01 +1.8535e+00 -2.3974e+00 -2.3808e+00
128 +6.265318480e-01 +6.265318480e-01 -9.993734682e+02 -9.993734682e+02 +9.8087e-01 -2.8366e-01 +1.8102e+00 -7.4733e-01 -1.6622e+00
191 +3.831392908e-01 +3.831392908e-01 -9.996168607e+02 -9.996168607e+02 +7.3083e-01 -1.1046e-01 +2.2067e+00 -1.7493e+00 -2.3687e+00
207 +1.369021837e-01 +1.369021837e-01 -9.998630978e+02 -9.998630978e+02 +6.3734e-01 -1.7350e-01 +2.5661e+00 -2.1932e+00 -2.7102e+00
290 +9.790356702e-02 +9.790356702e-02 -9.999020964e+02 -9.999020964e+02 +5.5893e-01 +2.2026e-01 +2.8375e+00 -1.5206e+00 -2.6760e+00
298 +3.734165980e-02 +3.734165980e-02 -9.999626583e+02 -9.999626583e+02 +7.1407e-01 +2.6403e-01 +2.8465e+00 -1.2588e+00 -2.3926e+00
307 +2.239339047e-02 +2.239339047e-02 -9.999776066e+02 -9.999776066e+02 +6.7701e-01 +4.4623e-01 +3.0472e+00 -1.0814e+00 -2.4471e+00
325 +1.349493574e-02 +1.349493574e-02 -9.999865051e+02 -9.999865051e+02 +8.8423e-01 +4.0659e-01 +2.8595e+00 -9.0576e-01 -2.2021e+00
377 +7.360797040e-03 +7.360797040e-03 -9.999926392e+02 -9.999926392e+02 +8.1294e-01 +5.3288e-01 +3.0189e+00 -1.1564e+00 -2.4940e+00
378 +6.107864517e-03 +6.107864517e-03 -9.999938921e+02 -9.999938921e+02 +9.2164e-01 +4.3681e-01 +2.8585e+00 -1.2708e+00 -2.4399e+00
392 +3.949034881e-03 +3.949034881e-03 -9.999960510e+02 -9.999960510e+02 +9.1998e-01 +6.4078e-01 +3.0581e+00 -1.0712e+00 -2.4459e+00
428 +1.949148369e-03 +1.949148369e-03 -9.999980509e+02 -9.999980509e+02 +1.0731e+00 +6.3944e-01 +2.9177e+00 -8.6591e-01 -2.2523e+00
430 +1.204530253e-03 +1.204530253e-03 -9.999987955e+02 -9.999987955e+02 +1.0960e+00 +6.5979e-01 +2.9300e+00 -7.5820e-01 -2.1939e+00
455 +9.695669168e-04 +9.695669168e-04 -9.999990304e+02 -9.999990304e+02 +1.0659e+00 +6.2407e-01 +2.9331e+00 -8.4693e-01 -2.2233e+00
469 +1.434291931e-04 +1.434291931e-04 -9.999998566e+02 -9.999998566e+02 +1.1909e+00 +6.4411e-01 +2.7921e+00 -5.4999e-01 -1.9727e+00
540 +7.018446740e-05 +7.018446740e-05 -9.999999298e+02 -9.999999298e+02 +1.2229e+00 +6.1542e-01 +2.6712e+00 -4.8753e-01 -1.8987e+00
579 +6.051131038e-05 +6.051131038e-05 -9.999999395e+02 -9.999999395e+02 +1.2023e+00 +6.6025e-01 +2.7293e+00 -3.7380e-01 -1.8655e+00
582 +3.341906188e-05 +3.341906188e-05 -9.999999666e+02 -9.999999666e+02 +1.3017e+00 +6.4799e-01 +2.6385e+00 -3.4845e-01 -1.8063e+00
593 +1.298227460e-05 +1.298227460e-05 -9.999999870e+02 -9.999999870e+02 +1.2718e+00 +6.5481e-01 +2.6517e+00 -3.4240e-01 -1.8025e+00
597 +4.417421906e-06 +4.417421906e-06 -9.999999956e+02 -9.999999956e+02 +1.3186e+00 +6.7080e-01 +2.6424e+00 -2.9894e-01 -1.7623e+00
603 +3.277340056e-06 +3.277340056e-06 -9.999999967e+02 -9.999999967e+02 +1.3067e+00 +6.8822e-01 +2.6553e+00 -2.8697e-01 -1.7730e+00
616 +9.756586223e-07 +9.756586223e-07 -9.999999990e+02 -9.999999990e+02 +1.3978e+00 +7.2318e-01 +2.6058e+00 -9.7497e-02 -1.6362e+00
651 +6.004684110e-07 +6.004684110e-07 -9.999999994e+02 -9.999999994e+02 +1.3592e+00 +7.0662e-01 +2.6397e+00 -2.0151e-01 -1.7119e+00
658 +1.616923555e-07 +1.616923555e-07 -9.999999998e+02 -9.999999998e+02 +1.3623e+00 +7.1866e-01 +2.6243e+00 -1.5579e-01 -1.6901e+00
666 +2.667638910e-08 +2.667638910e-08 -1.000000000e+03 -1.000000000e+03 +1.3558e+00 +7.1309e-01 +2.6262e+00 -1.6195e-01 -1.6932e+00
720 +1.203034117e-08 +1.203034117e-08 -1.000000000e+03 -1.000000000e+03 +1.3409e+00 +7.2686e-01 +2.6526e+00 -1.5114e-01 -1.7053e+00
728 +2.852175385e-09 +2.852175385e-09 -1.000000000e+03 -1.000000000e+03 +1.3495e+00 +7.1217e-01 +2.6356e+00 -1.6248e-01 -1.6969e+00
730 +6.666596164e-10 +6.666596164e-10 -1.000000000e+03 -1.000000000e+03 +1.3513e+00 +7.1696e-01 +2.6342e+00 -1.5381e-01 -1.6930e+00
% function evaluation | noise-free fitness - Fopt (1.000000000000e+03) | best noise-free fitness - Fopt | measured fitness | best measured fitness | x1 | x2...
1 +7.940238862e+01 +7.940238862e+01 +1.079402389e+03 +1.079402389e+03 +2.7864e+00 +2.3500e+00 -1.3967e+00 -1.2644e+00 +3.6820e+00
14 +3.673623801e+01 +3.673623801e+01 +1.036736238e+03 +1.036736238e+03 +1.9297e+00 +2.1703e+00 +8.9309e-01 -2.7749e+00 +4.1871e+00
32 +1.861015222e+01 +1.861015222e+01 +1.018610152e+03 +1.018610152e+03 +1.8914e+00 +2.5494e+00 +1.2332e+00 -2.5100e+00 +3.7118e+00
110 +1.266067289e+01 +1.266067289e+01 +1.012660673e+03 +1.012660673e+03 +1.6037e+00 +3.2414e+00 +2.4928e+00 -1.5117e+00 +4.1392e+00
133 +9.854048160e+00 +9.854048160e+00 +1.009854048e+03 +1.009854048e+03 +2.4857e+00 +3.1127e+00 +2.9746e+00 -1.9611e+00 +2.6604e+00
250 +6.092340667e+00 +6.092340667e+00 +1.006092341e+03 +1.006092341e+03 +2.3295e+00 +3.3439e+00 +2.5012e+00 -2.3227e+00 +3.3193e+00
397 +3.873551352e+00 +3.873551352e+00 +1.003873551e+03 +1.003873551e+03 +1.9495e+00 +3.3754e+00 +2.6736e+00 -3.1741e+00 +2.7857e+00
4187 +1.937763707e+00 +1.937763707e+00 +1.001937764e+03 +1.001937764e+03 -3.5484e+00 +3.2785e-01 +1.2145e+00 -3.5181e+00 -1.8286e+00
4396 +1.321663239e+00 +1.321663239e+00 +1.001321663e+03 +1.001321663e+03 -3.4496e+00 +2.0335e-01 +8.1057e-01 -3.0335e+00 -2.3515e+00
4508 +9.838132550e-01 +9.838132550e-01 +1.000983813e+03 +1.000983813e+03 -3.3358e+00 +5.0144e-01 +7.8897e-01 -3.3112e+00 -2.1483e+00
10244 +3.811601190e-01 +3.811601190e-01 +1.000381160e+03 +1.000381160e+03 -9.4600e-01 -1.8037e+00 -2.6918e+00 +2.1618e+00 -2.3699e+00
176648 +1.095477981e-01 +1.095477981e-01 +1.000109548e+03 +1.000109548e+03 -1.3381e+00 -1.9532e+00 -2.9107e+00 +1.8367e+00 -2.3127e+00
176683 +3.724151655e-02 +3.724151655e-02 +1.000037242e+03 +1.000037242e+03 -1.3048e+00 -2.1113e+00 -2.6557e+00 +1.5611e+00 -3.5105e+00
176986 +1.643477309e-02 +1.643477309e-02 +1.000016435e+03 +1.000016435e+03 -1.0547e+00 -1.8994e+00 -2.3399e+00 +1.8461e+00 -3.3063e+00
177025 +9.151882592e-04 +9.151882592e-04 +1.000000915e+03 +1.000000915e+03 -8.4506e-01 -1.5455e+00 -2.1293e+00 +2.4449e+00 -2.4014e+00
177193 +3.435096224e-04 +3.435096224e-04 +1.000000344e+03 +1.000000344e+03 -8.5218e-01 -1.5896e+00 -2.1928e+00 +2.2837e+00 -2.8157e+00
177329 +2.069185971e-04 +2.069185971e-04 +1.000000207e+03 +1.000000207e+03 -6.0787e-01 -1.2397e+00 -1.9356e+00 +2.7758e+00 -2.3046e+00
177408 +1.432567811e-04 +1.432567811e-04 +1.000000143e+03 +1.000000143e+03 -7.4597e-01 -1.3636e+00 -2.1408e+00 +2.6656e+00 -2.0582e+00
177456 +7.625128819e-05 +7.625128819e-05 +1.000000076e+03 +1.000000076e+03 -6.7426e-01 -1.3901e+00 -1.9750e+00 +2.6492e+00 -2.4313e+00
177604 +6.707209423e-06 +6.707209423e-06 +1.000000007e+03 +1.000000007e+03 -7.4340e-01 -1.4131e+00 -2.1166e+00 +2.5765e+00 -2.3374e+00
177690 +1.691846364e-06 +1.691846364e-06 +1.000000002e+03 +1.000000002e+03 -7.0655e-01 -1.3652e+00 -2.0501e+00 +2.6878e+00 -2.1805e+00
177791 +4.527273632e-07 +4.527273632e-07 +1.000000000e+03 +1.000000000e+03 -6.9867e-01 -1.4081e+00 -2.0263e+00 +2.6066e+00 -2.4021e+00
177887 +6.656853202e-08 +6.656853202e-08 +1.000000000e+03 +1.000000000e+03 -7.2305e-01 -1.4069e+00 -2.0585e+00 +2.6174e+00 -2.3036e+00
177916 +4.488663308e-08 +4.488663308e-08 +1.000000000e+03 +1.000000000e+03 -7.0111e-01 -1.3909e+00 -2.0322e+00 +2.6374e+00 -2.3164e+00
178061 +1.858666110e-08 +1.858666110e-08 +1.000000000e+03 +1.000000000e+03 -7.1201e-01 -1.4017e+00 -2.0448e+00 +2.6295e+00 -2.3030e+00
178090 +1.201033228e-08 +1.201033228e-08 +1.000000000e+03 +1.000000000e+03 -7.1340e-01 -1.3908e+00 -2.0528e+00 +2.6339e+00 -2.2962e+00
178181 +3.701302376e-09 +3.701302376e-09 +1.000000000e+03 +1.000000000e+03 -7.0512e-01 -1.3949e+00 -2.0412e+00 +2.6342e+00 -2.3074e+00
178222 +1.675061867e-09 +1.675061867e-09 +1.000000000e+03 +1.000000000e+03 -7.1480e-01 -1.4002e+00 -2.0582e+00 +2.6207e+00 -2.3176e+00
178276 +2.273736754e-11 +2.273736754e-11 +1.000000000e+03 +1.000000000e+03 -7.1503e-01 -1.4021e+00 -2.0530e+00 +2.6190e+00 -2.3262e+00
% function evaluation | noise-free fitness - Fopt (1.000000000000e+03) | best noise-free fitness - Fopt | measured fitness | best measured fitness | x1 | x2...
1 +8.456023818e+01 +8.456023818e+01 +1.084560238e+03 +1.084560238e+03 -1.9026e+00 -2.2165e+00 +3.4891e+00 +3.2733e+00 -4.4462e-01
10 +4.669768864e+01 +4.669768864e+01 +1.046697689e+03 +1.046697689e+03 -4.9954e+00 +2.4833e-01 +1.9652e+00 +1.8945e+00 +3.1330e+00
28 +8.864128005e+00 +8.864128005e+00 +1.008864128e+03 +1.008864128e+03 -3.6243e+00 -3.7319e-01 +3.9104e+00 +2.9372e+00 +3.5841e+00
174 +5.923024468e+00 +5.923024468e+00 +1.005923024e+03 +1.005923024e+03 -3.4864e+00 -4.3717e-01 +4.6796e+00 +1.9479e+00 +3.9334e+00
1555 +1.956951304e+00 +1.956951304e+00 +1.001956951e+03 +1.001956951e+03 -3.7675e+00 +5.7127e-01 +8.5102e-01 -2.7631e+00 -2.1043e+00
1673 +1.554268931e+00 +1.554268931e+00 +1.001554269e+03 +1.001554269e+03 -3.6059e+00 +1.9701e-01 +2.8787e-01 -2.6825e+00 -2.5642e+00
1709 +9.635799442e-01 +9.635799442e-01 +1.000963580e+03 +1.000963580e+03 -3.7595e+00 +4.9765e-01 +5.8037e-01 -3.0155e+00 -2.3677e+00
28573 +1.155041691e-01 +1.155041691e-01 +1.000115504e+03 +1.000115504e+03 -1.0302e+00 -1.8713e+00 -2.3710e+00 +1.5428e+00 -4.2764e+00
28607 +2.928362438e-02 +2.928362438e-02 +1.000029284e+03 +1.000029284e+03 -7.1763e-01 -1.4908e+00 -2.0068e+00 +2.1245e+00 -4.0050e+00
28799 +2.359746702e-02 +2.359746702e-02 +1.000023597e+03 +1.000023597e+03 -1.0420e+00 -1.7491e+00 -2.2867e+00 +1.9276e+00 -3.7809e+00
28893 +7.049387493e-03 +7.049387493e-03 +1.000007049e+03 +1.000007049e+03 -7.6551e-01 -1.4832e+00 -2.1416e+00 +2.2230e+00 -3.4513e+00
28929 +3.694533418e-03 +3.694533418e-03 +1.000003695e+03 +1.000003695e+03 -8.9013e-01 -1.6869e+00 -2.1422e+00 +2.1421e+00 -3.3279e+00
29108 +1.145656821e-03 +1.145656821e-03 +1.000001146e+03 +1.000001146e+03 -6.1735e-01 -1.1657e+00 -2.0530e+00 +2.8494e+00 -2.0657e+00
29223 +9.503714837e-04 +9.503714837e-04 +1.000000950e+03 +1.000000950e+03 -5.2183e-01 -1.1889e+00 -1.7774e+00 +2.9969e+00 -1.8870e+00
29245 +4.898910023e-04 +4.898910023e-04 +1.000000490e+03 +1.000000490e+03 -8.3146e-01 -1.5900e+00 -2.1357e+00 +2.4267e+00 -2.5143e+00
29248 +2.907755344e-04 +2.907755344e-04 +1.000000291e+03 +1.000000291e+03 -5.8020e-01 -1.2210e+00 -1.8741e+00 +2.9398e+00 -1.8777e+00
29258 +9.701318675e-05 +9.701318675e-05 +1.000000097e+03 +1.000000097e+03 -7.1564e-01 -1.4544e+00 -2.0961e+00 +2.5131e+00 -2.5478e+00
29261 +3.697269995e-05 +3.697269995e-05 +1.000000037e+03 +1.000000037e+03 -7.3315e-01 -1.4877e+00 -2.0535e+00 +2.5548e+00 -2.3311e+00
29395 +4.953288567e-06 +4.953288567e-06 +1.000000005e+03 +1.000000005e+03 -7.0286e-01 -1.3951e+00 -2.0685e+00 +2.6338e+00 -2.2807e+00
29415 +1.633635293e-06 +1.633635293e-06 +1.000000002e+03 +1.000000002e+03 -7.5843e-01 -1.4457e+00 -2.1010e+00 +2.5681e+00 -2.3304e+00
29472 +1.510086577e-06 +1.510086577e-06 +1.000000002e+03 +1.000000002e+03 -7.3143e-01 -1.3962e+00 -2.0785e+00 +2.6300e+00 -2.2797e+00
29543 +5.438937478e-07 +5.438937478e-07 +1.000000001e+03 +1.000000001e+03 -7.4783e-01 -1.4381e+00 -2.0855e+00 +2.5634e+00 -2.3798e+00
29578 +2.372022436e-07 +2.372022436e-07 +1.000000000e+03 +1.000000000e+03 -7.1988e-01 -1.4105e+00 -2.0732e+00 +2.5993e+00 -2.3407e+00
29584 +1.185062501e-07 +1.185062501e-07 +1.000000000e+03 +1.000000000e+03 -7.2391e-01 -1.4145e+00 -2.0548e+00 +2.5898e+00 -2.3980e+00
29607 +5.462914032e-08 +5.462914032e-08 +1.000000000e+03 +1.000000000e+03 -7.0714e-01 -1.3946e+00 -2.0480e+00 +2.6399e+00 -2.2869e+00
29691 +3.462912446e-08 +3.462912446e-08 +1.000000000e+03 +1.000000000e+03 -7.2543e-01 -1.4079e+00 -2.0628e+00 +2.6001e+00 -2.3616e+00
29703 +2.309514002e-08 +2.309514002e-08 +1.000000000e+03 +1.000000000e+03 -7.1626e-01 -1.4162e+00 -2.0564e+00 +2.5999e+00 -2.3627e+00
29706 +1.176920250e-08 +1.176920250e-08 +1.000000000e+03 +1.000000000e+03 -7.1861e-01 -1.4057e+00 -2.0610e+00 +2.6031e+00 -2.3603e+00
29785 +6.215486792e-09 +6.215486792e-09 +1.000000000e+03 +1.000000000e+03 -7.2341e-01 -1.4105e+00 -2.0655e+00 +2.6007e+00 -2.3551e+00
29795 +8.061533663e-10 +8.061533663e-10 +1.000000000e+03 +1.000000000e+03 -7.1107e-01 -1.4033e+00 -2.0480e+00 +2.6213e+00 -2.3223e+00
29823 +2.216893336e-11 +2.216893336e-11 +1.000000000e+03 +1.000000000e+03 -7.1294e-01 -1.4021e+00 -2.0523e+00 +2.6202e+00 -2.3231e+00
% function evaluation | noise-free fitness - Fopt (1.000000000000e+03) | best noise-free fitness - Fopt | measured fitness | best measured fitness | x1 | x2...
1 +8.478435925e+01 +8.478435925e+01 +1.084784359e+03 +1.084784359e+03 +3.7981e-01 -3.6048e+00 -1.9850e+00 -3.4784e+00 +3.1462e+00
16 +5.129764292e+01 +5.129764292e+01 +1.051297643e+03 +1.051297643e+03 -2.9271e+00 -3.5621e-01 -6.2092e-01 -3.1116e+00 -1.2073e+00
61 +3.152700304e+01 +3.152700304e+01 +1.031527003e+03 +1.031527003e+03 -2.6275e+00 +2.4973e+00 -2.2227e-01 -4.0800e+00 -3.3443e+00
121 +1.933686456e+01 +1.933686456e+01 +1.019336865e+03 +1.019336865e+03 -3.8787e+00 +2.8976e+00 +1.8822e+00 -4.7579e+00 -2.2167e+00
127 +7.421458989e+00 +7.421458989e+00 +1.007421459e+03 +1.007421459e+03 -3.3849e+00 +2.5284e+00 +4.8632e-01 -3.8162e+00 -2.2455e+00
134 +2.082742453e+00 +2.082742453e+00 +1.002082742e+03 +1.002082742e+03 -3.2201e+00 +1.1032e+00 +9.7500e-01 -4.1391e+00 -1.6440e+00
192 +9.607038398e-01 +9.607038398e-01 +1.000960704e+03 +1.000960704e+03 -3.5311e+00 +9.3971e-01 +6.7089e-01 -3.6385e+00 -2.3571e+00
19268 +5.718304000e-01 +5.718304000e-01 +1.000571830e+03 +1.000571830e+03 -7.1141e-01 -5.0345e-01 -2.4554e+00 +3.1988e+00 -1.4580e+00
19377 +3.509621318e-01 +3.509621318e-01 +1.000350962e+03 +1.000350962e+03 -1.7049e+00 -2.1845e+00 -3.2267e+00 +1.2121e+00 -3.5066e+00
19390 +2.490970838e-01 +2.490970838e-01 +1.000249097e+03 +1.000249097e+03 -9.6357e-01 -1.6338e+00 -2.4965e+00 +2.7438e+00 -1.0138e+00
19626 +1.248982345e-01 +1.248982345e-01 +1.000124898e+03 +1.000124898e+03 -8.8855e-01 -2.0058e+00 -2.0375e+00 +2.0343e+00 -2.7390e+00
19629 +5.551380599e-02 +5.551380599e-02 +1.000055514e+03 +1.000055514e+03 -7.1898e-01 -1.1941e+00 -2.0549e+00 +3.2029e+00 -4.9961e-01
19848 +1.736792287e-02 +1.736792287e-02 +1.000017368e+03 +1.000017368e+03 -4.5103e-01 -1.3934e+00 -1.6075e+00 +2.8647e+00 -2.0700e+00
20045 +4.125026554e-03 +4.125026554e-03 +1.000004125e+03 +1.000004125e+03 -6.0796e-01 -1.3794e+00 -1.8938e+00 +2.9333e+00 -1.5861e+00
20090 +3.830051672e-03 +3.830051672e-03 +1.000003830e+03 +1.000003830e+03 -8.3939e-01 -1.3774e+00 -2.3003e+00 +2.5963e+00 -1.9290e+00
20120 +1.625472381e-03 +1.625472381e-03 +1.000001625e+03 +1.000001625e+03 -7.1075e-01 -1.5529e+00 -2.0413e+00 +2.5354e+00 -2.4188e+00
20201 +4.429839470e-04 +4.429839470e-04 +1.000000443e+03 +1.000000443e+03 -5.3605e-01 -1.2007e+00 -1.8364e+00 +2.8980e+00 -2.1041e+00
20238 +1.010340902e-04 +1.010340902e-04 +1.000000101e+03 +1.000000101e+03 -7.7932e-01 -1.5263e+00 -2.1107e+00 +2.5247e+00 -2.3005e+00
20283 +8.352916768e-05 +8.352916768e-05 +1.000000084e+03 +1.000000084e+03 -7.0174e-01 -1.3681e+00 -2.0607e+00 +2.6797e+00 -2.1058e+00
20487 +4.675985110e-05 +4.675985110e-05 +1.000000047e+03 +1.000000047e+03 -7.4043e-01 -1.4165e+00 -2.1209e+00 +2.6060e+00 -2.1866e+00
20498 +6.636846024e-06 +6.636846024e-06 +1.000000007e+03 +1.000000007e+03 -7.6684e-01 -1.4356e+00 -2.1315e+00 +2.5358e+00 -2.4211e+00
20707 +5.664189644e-06 +5.664189644e-06 +1.000000006e+03 +1.000000006e+03 -7.1266e-01 -1.4508e+00 -2.0294e+00 +2.5734e+00 -2.4117e+00
20755 +1.345128339e-06 +1.345128339e-06 +1.000000001e+03 +1.000000001e+03 -7.2156e-01 -1.4349e+00 -2.0440e+00 +2.5743e+00 -2.4120e+00
20776 +5.060716148e-07 +5.060716148e-07 +1.000000001e+03 +1.000000001e+03 -7.0291e-01 -1.3697e+00 -2.0465e+00 +2.6538e+00 -2.3005e+00
20912 +3.018354846e-07 +3.018354846e-07 +1.000000000e+03 +1.000000000e+03 -6.9417e-01 -1.4001e+00 -2.0261e+00 +2.6410e+00 -2.3011e+00
20950 +1.482105745e-07 +1.482105745e-07 +1.000000000e+03 +1.000000000e+03 -7.3075e-01 -1.4088e+00 -2.0719e+00 +2.5911e+00 -2.3763e+00
21039 +5.612355380e-08 +5.612355380e-08 +1.000000000e+03 +1.000000000e+03 -7.1693e-01 -1.4184e+00 -2.0483e+00 +2.6083e+00 -2.3343e+00
21057 +5.319634511e-09 +5.319634511e-09 +1.000000000e+03 +1.000000000e+03 -7.2579e-01 -1.4140e+00 -2.0667e+00 +2.6020e+00 -2.3370e+00
21067 +7.986500350e-10 +7.986500350e-10 +1.000000000e+03 +1.000000000e+03 -7.2024e-01 -1.4123e+00 -2.0593e+00 +2.6044e+00 -2.3444e+00
% function evaluation | noise-free fitness - Fopt (-4.913000000000e+01) | best noise-free fitness - Fopt | measured fitness | best measured fitness | x1 | x2...
1 +7.522697442e+01 +7.522697442e+01 +2.609697442e+01 +2.609697442e+01 +3.9401e+00 -2.0583e+00 -2.2179e+00 +2.6602e+00 -1.8019e+00
27 +6.240853306e+01 +6.240853306e+01 +1.327853306e+01 +1.327853306e+01 +2.0358e+00 -2.6643e+00 -2.9499e+00 -3.9446e-01 -6.9307e-01
60 +3.199023856e+01 +3.199023856e+01 -1.713976144e+01 -1.713976144e+01 +4.3604e+00 -3.2935e+00 -2.4386e-01 +3.7488e-01 +1.0945e+00
75 +2.378489287e+01 +2.378489287e+01 -2.534510713e+01 -2.534510713e+01 +3.4275e+00 -3.5457e+00 +1.0003e-01 +5.7215e-01 +2.3514e+00
1361 +1.285550612e+01 +1.285550612e+01 -3.627449388e+01 -3.627449388e+01 -2.6459e+00 +2.6950e+00 +2.8036e+00 +6.9853e-01 +3.0797e+00
1471 +8.842802073e+00 +8.842802073e+00 -4.028719793e+01 -4.028719793e+01 -2.6671e+00 +2.0712e+00 +4.2062e+00 -3.9988e-01 +4.1045e+00
1481 +4.949692917e+00 +4.949692917e+00 -4.418030708e+01 -4.418030708e+01 -2.4974e+00 +2.8138e+00 +4.2471e+00 +7.9993e-01 +3.8072e+00
1489 +3.859466288e+00 +3.859466288e+00 -4.527053371e+01 -4.527053371e+01 -2.4746e+00 +2.8925e+00 +4.3249e+00 +6.5520e-01 +4.2145e+00
3676 +2.015116950e+00 +2.015116950e+00 -4.711488305e+01 -4.711488305e+01 -1.1673e+00 +1.9029e+00 -2.4460e+00 +1.4880e+00 +1.6399e+00
77499 +1.252411443e-01 +1.252411443e-01 -4.900475886e+01 -4.900475886e+01 +3.0323e+00 +1.3501e+00 +3.1820e+00 +9.5260e-01 +8.2894e-01
95466 +5.767387618e-02 +5.767387618e-02 -4.907232612e+01 -4.907232612e+01 +2.7553e+00 +3.3436e-01 +2.6547e+00 +5.1420e-01 +9.5850e-01
95723 +3.067290478e-02 +3.067290478e-02 -4.909932710e+01 -4.909932710e+01 +3.4588e+00 +1.7260e+00 +3.2095e+00 +1.6662e-01 +9.9725e-01
95772 +3.066741445e-03 +3.066741445e-03 -4.912693326e+01 -4.912693326e+01 +3.5718e+00 +2.3315e+00 +3.4239e+00 +4.3480e-01 +8.8044e-01
95959 +1.055951515e-03 +1.055951515e-03 -4.912894405e+01 -4.912894405e+01 +3.6820e+00 +2.8382e+00 +3.4958e+00 +1.7765e-01 +8.4760e-01
95989 +2.507578888e-04 +2.507578888e-04 -4.912974924e+01 -4.912974924e+01 +3.8919e+00 +2.8254e+00 +3.4848e+00 +1.0449e-01 +9.4701e-01
96393 +6.687900058e-05 +6.687900058e-05 -4.912993312e+01 -4.912993312e+01 +3.7221e+00 +2.4381e+00 +3.2274e+00 -4.9796e-02 +9.8114e-01
96453 +2.605953432e-05 +2.605953432e-05 -4.912997394e+01 -4.912997394e+01 +3.8359e+00 +2.8610e+00 +3.3837e+00 -7.5704e-02 +9.5746e-01
96684 +5.651804848e-06 +5.651804848e-06 -4.912999435e+01 -4.912999435e+01 +3.8044e+00 +2.6686e+00 +3.3522e+00 -1.3198e-02 +9.6911e-01
96896 +2.109083965e-06 +2.109083965e-06 -4.912999789e+01 -4.912999789e+01 +3.7543e+00 +2.6005e+00 +3.2777e+00 -5.1596e-02 +9.6847e-01
97015 +1.573475537e-06 +1.573475537e-06 -4.912999843e+01 -4.912999843e+01 +3.7879e+00 +2.7111e+00 +3.3282e+00 -5.6752e-02 +9.6526e-01
97075 +4.717224087e-07 +4.717224087e-07 -4.912999953e+01 -4.912999953e+01 +3.7509e+00 +2.6687e+00 +3.3499e+00 +1.7597e-02 +9.4128e-01
97083 +1.618610099e-07 +1.618610099e-07 -4.912999984e+01 -4.912999984e+01 +3.7492e+00 +2.6040e+00 +3.3058e+00 -1.9857e-02 +9.6086e-01
97089 +7.730005791e-08 +7.730005791e-08 -4.912999992e+01 -4.912999992e+01 +3.7341e+00 +2.6040e+00 +3.3053e+00 -9.5336e-03 +9.5510e-01
97289 +6.250124329e-08 +6.250124329e-08 -4.912999994e+01 -4.912999994e+01 +3.7547e+00 +2.6022e+00 +3.3179e+00 +5.5202e-03 +9.6136e-01
97298 +3.713459762e-09 +3.713459762e-09 -4.913000000e+01 -4.913000000e+01 +3.7590e+00 +2.6341e+00 +3.3280e+00 +7.9289e-04 +9.5713e-01
97372 +1.054743848e-09 +1.054743848e-09 -4.913000000e+01 -4.913000000e+01 +3.7671e+00 +2.6497e+00 +3.3285e+00 -6.4989e-03 +9.5947e-01
97490 +4.796874009e-11 +4.796874009e-11 -4.913000000e+01 -4.913000000e+01 +3.7614e+00 +2.6400e+00 +3.3258e+00 -3.1895e-03 +9.5919e-01
% function evaluation | noise-free fitness - Fopt (-4.913000000000e+01) | best noise-free fitness - Fopt | measured fitness | best measured fitness | x1 | x2...
1 +7.893715486e+01 +7.893715486e+01 +2.980715486e+01 +2.980715486e+01 -3.4366e+00 +2.9448e+00 -2.8832e+00 +3.3118e+00 +2.4705e+00
18 +5.749186163e+01 +5.749186163e+01 +8.361861634e+00 +8.361861634e+00 -2.7289e+00 +3.8637e-01 +1.1092e+00 -3.5659e-01 -6.0399e-01
63 +4.549548188e+00 +4.549548188e+00 -4.458045181e+01 -4.458045181e+01 -1.5579e+00 +1.9464e+00 -3.9782e+00 +1.8748e-01 +2.0679e+00
129 +2.472536890e+00 +2.472536890e+00 -4.665746311e+01 -4.665746311e+01 -1.3595e+00 +1.6298e+00 -2.9644e+00 +6.5863e-01 +1.8111e+00
2032 +1.458275248e+00 +1.458275248e+00 -4.767172475e+01 -4.767172475e+01 +1.7266e+00 -2.2297e+00 +1.4758e+00 +9.3171e-02 +1.0302e+00
2056 +8.220664801e-01 +8.220664801e-01 -4.830793352e+01 -4.830793352e+01 +1.9417e+00 -1.9520e+00 +1.8603e+00 +5.5141e-01 +1.1008e+00
2149 +4.957921232e-01 +4.957921232e-01 -4.863420788e+01 -4.863420788e+01 +2.0651e+00 -1.3109e+00 +2.3240e+00 +1.1127e+00 +9.1663e-01
2211 +1.328794926e-01 +1.328794926e-01 -4.899712051e+01 -4.899712051e+01 +2.9163e+00 +3.1975e-01 +2.9389e+00 +6.2800e-01 +9.6589e-01
2233 +9.665493175e-02 +9.665493175e-02 -4.903334507e+01 -4.903334507e+01 +2.8559e+00 +1.3303e+00 +3.0756e+00 +5.4725e-01 +7.7847e-01
2284 +4.860510014e-02 +4.860510014e-02 -4.908139490e+01 -4.908139490e+01 +2.9395e+00 +5.2617e-01 +2.7858e+00 +3.9338e-01 +9.3746e-01
2366 +3.898986951e-02 +3.898986951e-02 -4.909101013e+01 -4.909101013e+01 +3.1816e+00 +7.9818e-01 +2.8823e+00 +5.0530e-01 +1.0453e+00
2381 +1.361637317e-02 +1.361637317e-02 -4.911638363e+01 -4.911638363e+01 +3.4017e+00 +1.5009e+00 +3.2091e+00 +5.2785e-01 +9.5107e-01
2424 +3.233195393e-03 +3.233195393e-03 -4.912676680e+01 -4.912676680e+01 +3.7876e+00 +2.4179e+00 +3.3764e+00 +2.6173e-01 +9.8892e-01
2512 +1.401379015e-04 +1.401379015e-04 -4.912985986e+01 -4.912985986e+01 +3.7668e+00 +2.4288e+00 +3.2909e+00 +3.5399e-02 +1.0024e+00
2542 +6.683443253e-06 +6.683443253e-06 -4.912999332e+01 -4.912999332e+01 +3.7790e+00 +2.6793e+00 +3.4012e+00 +8.4027e-02 +9.4379e-01
2644 +2.522762145e-06 +2.522762145e-06 -4.912999748e+01 -4.912999748e+01 +3.6880e+00 +2.4900e+00 +3.2764e+00 +3.8746e-02 +9.5338e-01
2691 +1.957751955e-06 +1.957751955e-06 -4.912999804e+01 -4.912999804e+01 +3.7945e+00 +2.7552e+00 +3.3317e+00 -4.9917e-02 +9.6299e-01
2701 +7.715787973e-07 +7.715787973e-07 -4.912999923e+01 -4.912999923e+01 +3.7238e+00 +2.6096e+00 +3.3316e+00 +3.4162e-02 +9.4314e-01
2714 +4.988065996e-07 +4.988065996e-07 -4.912999950e+01 -4.912999950e+01 +3.7423e+00 +2.6302e+00 +3.3289e+00 +3.3085e-03 +9.4490e-01
2722 +1.164005425e-08 +1.164005425e-08 -4.912999999e+01 -4.912999999e+01 +3.7401e+00 +2.6056e+00 +3.3137e+00 +2.8160e-03 +9.5538e-01
2750 +2.628574691e-09 +2.628574691e-09 -4.913000000e+01 -4.913000000e+01 +3.7566e+00 +2.6310e+00 +3.3127e+00 -1.4347e-02 +9.6106e-01
% function evaluation | noise-free fitness - Fopt (-4.913000000000e+01) | best noise-free fitness - Fopt | measured fitness | best measured fitness | x1 | x2...
1 +6.624400809e+01 +6.624400809e+01 +1.711400809e+01 +1.711400809e+01 -3.6817e+00 +3.3917e+00 +2.0574e+00 +2.2768e+00 +1.3880e+00
11 +5.377695333e+01 +5.377695333e+01 +4.646953327e+00 +4.646953327e+00 -2.6012e+00 +3.7316e+00 +5.8599e+00 +2.2135e+00 +3.7860e+00
20 +9.865269935e+00 +9.865269935e+00 -3.926473007e+01 -3.926473007e+01 -4.0029e+00 +3.7743e+00 +4.0411e+00 +5.9954e-01 +3.6967e+00
79 +4.498153228e+00 +4.498153228e+00 -4.463184677e+01 -4.463184677e+01 -2.8344e+00 +2.3734e+00 +3.7002e+00 +2.8900e-01 +3.9094e+00
98 +3.899237474e+00 +3.899237474e+00 -4.523076253e+01 -4.523076253e+01 -2.7548e+00 +2.8334e+00 +3.7566e+00 +4.4575e-01 +3.7437e+00
1484 +2.201255550e+00 +2.201255550e+00 -4.692874445e+01 -4.692874445e+01 -9.0904e-01 +1.7149e+00 -2.4528e+00 +8.5466e-01 +1.6903e+00
3669 +5.505758893e-01 +5.505758893e-01 -4.857942411e+01 -4.857942411e+01 +2.4254e+00 -6.9092e-01 +1.7116e+00 -5.4627e-01 +1.1859e+00
3754 +1.746092947e-01 +1.746092947e-01 -4.895539071e+01 -4.895539071e+01 +2.6519e+00 +7.4490e-01 +2.7381e+00 +4.9400e-01 +7.0212e-01
3839 +3.365337200e-02 +3.365337200e-02 -4.909634663e+01 -4.909634663e+01 +3.0217e+00 +1.3616e+00 +3.0264e+00 +2.7955e-01 +8.4274e-01
3903 +1.446813688e-02 +1.446813688e-02 -4.911553186e+01 -4.911553186e+01 +3.3452e+00 +1.3562e+00 +2.6909e+00 -1.3704e-01 +1.1239e+00
3974 +3.651391385e-03 +3.651391385e-03 -4.912634861e+01 -4.912634861e+01 +3.4801e+00 +1.6751e+00 +2.9796e+00 -8.1794e-03 +1.0269e+00
4034 +1.775833955e-03 +1.775833955e-03 -4.912822417e+01 -4.912822417e+01 +3.4775e+00 +1.8244e+00 +3.0437e+00 +1.5786e-01 +1.0074e+00
4064 +1.356438835e-03 +1.356438835e-03 -4.912864356e+01 -4.912864356e+01 +3.3991e+00 +1.8830e+00 +3.0716e+00 +1.9520e-01 +9.4605e-01
4165 +5.575055628e-04 +5.575055628e-04 -4.912944249e+01 -4.912944249e+01 +3.7495e+00 +2.6517e+00 +3.3823e+00 +1.7634e-01 +9.4105e-01
4189 +2.558394384e-05 +2.558394384e-05 -4.912997442e+01 -4.912997442e+01 +3.7384e+00 +2.5530e+00 +3.3252e+00 +2.4916e-02 +9.4576e-01
4235 +2.502958276e-05 +2.502958276e-05 -4.912997497e+01 -4.912997497e+01 +3.6772e+00 +2.3774e+00 +3.2141e+00 -4.1413e-03 +9.9035e-01
4300 +1.487586319e-05 +1.487586319e-05 -4.912998512e+01 -4.912998512e+01 +3.6714e+00 +2.5207e+00 +3.2542e+00 -3.0029e-02 +9.4298e-01
4347 +9.139509771e-06 +9.139509771e-06 -4.912999086e+01 -4.912999086e+01 +3.6882e+00 +2.5019e+00 +3.2510e+00 +7.7642e-03 +9.6713e-01
4389 +6.308995346e-06 +6.308995346e-06 -4.912999369e+01 -4.912999369e+01 +3.6663e+00 +2.4564e+00 +3.2873e+00 +5.3670e-02 +9.4099e-01
4390 +7.484598896e-07 +7.484598896e-07 -4.912999925e+01 -4.912999925e+01 +3.7715e+00 +2.6404e+00 +3.3230e+00 -6.5533e-03 +9.7199e-01
4418 +2.384340760e-07 +2.384340760e-07 -4.912999976e+01 -4.912999976e+01 +3.7882e+00 +2.6929e+00 +3.3476e+00 +5.6361e-04 +9.6407e-01
4578 +6.206379766e-08 +6.206379766e-08 -4.912999994e+01 -4.912999994e+01 +3.7469e+00 +2.6266e+00 +3.3261e+00 +7.6977e-03 +9.5028e-01
4609 +1.597197041e-08 +1.597197041e-08 -4.912999998e+01 -4.912999998e+01 +3.7514e+00 +2.6182e+00 +3.3206e+00 +2.6772e-03 +9.6073e-01
4674 +1.216556456e-08 +1.216556456e-08 -4.912999999e+01 -4.912999999e+01 +3.7709e+00 +2.6642e+00 +3.3389e+00 -3.1237e-03 +9.5797e-01
4683 +8.526590989e-09 +8.526590989e-09 -4.912999999e+01 -4.912999999e+01 +3.7609e+00 +2.6439e+00 +3.3308e+00 -2.5846e-03 +9.5633e-01
4701 +9.431744274e-10 +9.431744274e-10 -4.913000000e+01 -4.913000000e+01 +3.7531e+00 +2.6250e+00 +3.3206e+00 -1.6476e-03 +9.5909e-01
4702 +3.325837383e-10 +3.325837383e-10 -4.913000000e+01 -4.913000000e+01 +3.7633e+00 +2.6465e+00 +3.3269e+00 -6.9102e-03 +9.5919e-01
% function evaluation | noise-free fitness - Fopt (2.977300000000e+02) | best noise-free fitness - Fopt | measured fitness | best measured fitness | x1 | x2...
1 +6.682387760e+01 +6.682387760e+01 +3.645538776e+02 +3.645538776e+02 -2.7041e-01 -2.7861e-01 +2.9531e+00 -1.3875e+00 -3.5620e-01
2 +4.544710238e+01 +4.544710238e+01 +3.431771024e+02 +3.431771024e+02 +2.5372e-02 -9.6041e-01 +2.5415e+00 +2.5749e+00 +1.0086e+00
45 +2.762004115e+01 +2.762004115e+01 +3.253500411e+02 +3.253500411e+02 -2.4324e+00 -1.5626e+00 +2.2477e+00 +1.0411e+00 +6.7541e-01
58 +2.020668834e+01 +2.020668834e+01 +3.179366883e+02 +3.179366883e+02 -4.6439e-01 -1.4543e+00 +1.2784e+00 +1.2961e+00 +8.6238e-01
63 +1.115815549e+01 +1.115815549e+01 +3.088881555e+02 +3.088881555e+02 -2.9438e-01 -1.2423e+00 +1.5131e+00 +4.7534e-01 +5.9105e-01
80 +9.043474050e+00 +9.043474050e+00 +3.067734740e+02 +3.067734740e+02 +2.1917e-01 -2.0118e+00 +5.9543e-01 -1.0923e+00 +8.6746e-01
1594 +6.170950537e+00 +6.170950537e+00 +3.039009505e+02 +3.039009505e+02 +3.1306e+00 -3.8499e+00 +1.8842e+00 -4.9102e+00 -7.4237e-01
1655 +2.589083404e+00 +2.589083404e+00 +3.003190834e+02 +3.003190834e+02 +2.0575e+00 -4.2779e+00 +1.4711e+00 -4.0893e+00 -8.9075e-01
1665 +2.412398546e+00 +2.412398546e+00 +3.001423985e+02 +3.001423985e+02 +2.5215e+00 -3.9563e+00 +2.3391e+00 -4.0023e+00 -4.8233e-01
3514 +1.527957542e+00 +1.527957542e+00 +2.992579575e+02 +2.992579575e+02 +7.8767e-01 +3.4342e+00 +3.8915e+00 -3.5137e+00 +6.9799e-01
3632 +8.849251985e-01 +8.849251985e-01 +2.986149252e+02 +2.986149252e+02 +1.0221e+00 +3.5445e+00 +3.6252e+00 -3.2493e+00 +6.1978e-01
33743 +5.505774766e-01 +5.505774766e-01 +2.982805775e+02 +2.982805775e+02 -1.0815e+00 +1.7277e-01 +3.5946e+00 +2.8292e+00 +1.8668e+00
198256 +1.230122929e-01 +1.230122929e-01 +2.978530123e+02 +2.978530123e+02 -2.3469e+00 +1.3999e+00 +3.6276e+00 +2.0346e+00 +9.5905e-03
198289 +6.553321397e-02 +6.553321397e-02 +2.977955332e+02 +2.977955332e+02 -2.5086e+00 +1.3246e+00 +3.6602e+00 +2.1301e+00 +1.4183e-01
198334 +3.319237711e-02 +3.319237711e-02 +2.977631924e+02 +2.977631924e+02 -2.4248e+00 +9.3280e-01 +3.7123e+00 +2.1117e+00 +7.6772e-01
198365 +1.798688152e-02 +1.798688152e-02 +2.977479869e+02 +2.977479869e+02 -2.8829e+00 +8.4754e-01 +3.8804e+00 +2.1205e+00 +9.2691e-01
198389 +1.059176965e-02 +1.059176965e-02 +2.977405918e+02 +2.977405918e+02 -3.0605e+00 +9.2931e-01 +3.7840e+00 +2.1520e+00 +7.8911e-01
198433 +3.949119380e-03 +3.949119380e-03 +2.977339491e+02 +2.977339491e+02 -3.1961e+00 +8.2802e-01 +3.8989e+00 +2.1800e+00 +9.3349e-01
198458 +4.171315274e-04 +4.171315274e-04 +2.977304171e+02 +2.977304171e+02 -3.1189e+00 +7.3754e-01 +3.6817e+00 +2.3605e+00 +9.8561e-01
198525 +2.604571072e-04 +2.604571072e-04 +2.977302605e+02 +2.977302605e+02 -3.5019e+00 +5.9563e-01 +3.8090e+00 +2.3509e+00 +1.1894e+00
198571 +2.373569941e-04 +2.373569941e-04 +2.977302374e+02 +2.977302374e+02 -3.2114e+00 +7.2925e-01 +3.7026e+00 +2.3536e+00 +9.8713e-01
198586 +1.464470355e-04 +1.464470355e-04 +2.977301464e+02 +2.977301464e+02 -3.3457e+00 +7.1690e-01 +3.7286e+00 +2.3436e+00 +1.0059e+00
198651 +8.722419346e-05 +8.722419346e-05 +2.977300872e+02 +2.977300872e+02 -3.3202e+00 +6.9063e-01 +3.7626e+00 +2.3830e+00 +1.0728e+00
198742 +4.439508450e-05 +4.439508450e-05 +2.977300444e+02 +2.977300444e+02 -3.3725e+00 +6.7008e-01 +3.7461e+00 +2.3807e+00 +1.0776e+00
198745 +3.248390425e-05 +3.248390425e-05 +2.977300325e+02 +2.977300325e+02 -3.4239e+00 +6.5566e-01 +3.7562e+00 +2.3736e+00 +1.1050e+00
198762 +2.509695338e-05 +2.509695338e-05 +2.977300251e+02 +2.977300251e+02 -3.4532e+00 +6.6030e-01 +3.7664e+00 +2.3700e+00 +1.0989e+00
198833 +7.841015872e-06 +7.841015872e-06 +2.977300078e+02 +2.977300078e+02 -3.5905e+00 +6.5555e-01 +3.8386e+00 +2.3499e+00 +1.1330e+00
198858 +4.605512800e-06 +4.605512800e-06 +2.977300046e+02 +2.977300046e+02 -3.6254e+00 +6.3071e-01 +3.8230e+00 +2.3749e+00 +1.1564e+00
198913 +1.642852624e-06 +1.642852624e-06 +2.977300016e+02 +2.977300016e+02 -3.7021e+00 +6.4297e-01 +3.8140e+00 +2.3850e+00 +1.1304e+00
198929 +4.447548463e-07 +4.447548463e-07 +2.977300004e+02 +2.977300004e+02 -3.7055e+00 +6.4915e-01 +3.8412e+00 +2.3574e+00 +1.1296e+00
198930 +3.967044790e-07 +3.967044790e-07 +2.977300004e+02 +2.977300004e+02 -3.6923e+00 +6.5417e-01 +3.8359e+00 +2.3637e+00 +1.1181e+00
198963 +5.460901775e-08 +5.460901775e-08 +2.977300001e+02 +2.977300001e+02 -3.7746e+00 +6.5649e-01 +3.8517e+00 +2.3608e+00 +1.1217e+00
199044 +1.825316076e-08 +1.825316076e-08 +2.977300000e+02 +2.977300000e+02 -3.7721e+00 +6.6605e-01 +3.8367e+00 +2.3622e+00 +1.1007e+00
199062 +1.001370720e-08 +1.001370720e-08 +2.977300000e+02 +2.977300000e+02 -3.7852e+00 +6.5508e-01 +3.8365e+00 +2.3643e+00 +1.1151e+00
199076 +4.020989763e-09 +4.020989763e-09 +2.977300000e+02 +2.977300000e+02 -3.8027e+00 +6.5645e-01 +3.8429e+00 +2.3582e+00 +1.1130e+00
199080 +6.028813004e-10 +6.028813004e-10 +2.977300000e+02 +2.977300000e+02 -3.8044e+00 +6.5994e-01 +3.8450e+00 +2.3580e+00 +1.1101e+00
% function evaluation | noise-free fitness - Fopt (2.977300000000e+02) | best noise-free fitness - Fopt | measured fitness | best measured fitness | x1 | x2...
1 +7.399290460e+01 +7.399290460e+01 +3.717229046e+02 +3.717229046e+02 +8.2683e-01 +3.3838e-01 -3.8502e+00 +1.8902e+00 +1.7718e+00
20 +5.575802377e+01 +5.575802377e+01 +3.534880238e+02 +3.534880238e+02 +2.6125e+00 -1.4292e+00 -4.2068e-01 +2.8507e+00 +3.2189e+00
36 +3.307568979e+01 +3.307568979e+01 +3.308056898e+02 +3.308056898e+02 +3.7292e+00 -4.2864e+00 -3.4771e+00 +2.6410e+00 -1.1154e-01
114 +2.271505958e+01 +2.271505958e+01 +3.204450596e+02 +3.204450596e+02 +2.9058e+00 -4.7930e+00 -3.3662e+00 +3.8645e+00 +8.9491e-01
177 +1.532014137e+01 +1.532014137e+01 +3.130501414e+02 +3.130501414e+02 +3.3155e+00 -4.4631e+00 -4.2923e+00 +3.6975e+00 +1.0431e+00
1360 +9.347811882e+00 +9.347811882e+00 +3.070778119e+02 +3.070778119e+02 -4.1523e+00 -1.4532e+00 +6.0672e-01 +8.1407e-01 -2.8293e+00
1480 +4.886006812e+00 +4.886006812e+00 +3.026160068e+02 +3.026160068e+02 -3.4524e+00 -1.3777e-01 +1.2077e+00 +2.2830e+00 -2.5949e+00
1576 +3.570155752e+00 +3.570155752e+00 +3.013001558e+02 +3.013001558e+02 -3.8382e+00 -1.3168e-01 +1.1181e+00 +2.3227e+00 -2.6206e+00
10805 +2.409926163e+00 +2.409926163e+00 +3.001399262e+02 +3.001399262e+02 +1.7192e+00 +3.0377e+00 +3.5819e+00 -2.6222e+00 +1.3717e-01
11122 +1.369445451e+00 +1.369445451e+00 +2.990994455e+02 +2.990994455e+02 +1.3561e+00 +2.9881e+00 +3.7178e+00 -3.2957e+00 +2.8144e-01
11165 +9.641872347e-01 +9.641872347e-01 +2.986941872e+02 +2.986941872e+02 +1.1918e+00 +3.3821e+00 +3.6623e+00 -3.4441e+00 +2.9715e-01
15517 +6.026717865e-01 +6.026717865e-01 +2.983326718e+02 +2.983326718e+02 +1.0300e+00 +8.3118e-01 +3.2696e+00 +2.4657e+00 +9.6909e-01
15601 +3.263700455e-01 +3.263700455e-01 +2.980563700e+02 +2.980563700e+02 -6.5939e-01 +1.3884e+00 +3.3753e+00 +2.0172e+00 +6.8384e-02
15632 +2.230609929e-01 +2.230609929e-01 +2.979530610e+02 +2.979530610e+02 -4.2938e-01 +1.2410e+00 +3.4965e+00 +2.1031e+00 +3.9945e-01
15657 +1.450649205e-01 +1.450649205e-01 +2.978750649e+02 +2.978750649e+02 -1.8174e+00 +7.8889e-01 +3.5296e+00 +2.3843e+00 +7.5829e-01
15684 +4.459706337e-02 +4.459706337e-02 +2.977745971e+02 +2.977745971e+02 -1.6470e+00 +1.1408e+00 +3.5738e+00 +2.2240e+00 +4.6671e-01
15716 +3.564438881e-02 +3.564438881e-02 +2.977656444e+02 +2.977656444e+02 -1.9013e+00 +1.0318e+00 +3.6694e+00 +2.1821e+00 +6.0162e-01
15726 +1.615366648e-02 +1.615366648e-02 +2.977461537e+02 +2.977461537e+02 -2.2732e+00 +1.0364e+00 +3.7362e+00 +2.1793e+00 +6.3733e-01
15732 +1.442054150e-02 +1.442054150e-02 +2.977444205e+02 +2.977444205e+02 -2.2947e+00 +8.0025e-01 +3.7273e+00 +2.3589e+00 +9.3182e-01
15745 +1.390399991e-03 +1.390399991e-03 +2.977313904e+02 +2.977313904e+02 -2.9118e+00 +7.6220e-01 +3.6203e+00 +2.3562e+00 +9.4211e-01
15793 +5.205881011e-04 +5.205881011e-04 +2.977305206e+02 +2.977305206e+02 -3.6894e+00 +4.7348e-01 +3.8073e+00 +2.4630e+00 +1.3696e+00
15816 +5.299782975e-05 +5.299782975e-05 +2.977300530e+02 +2.977300530e+02 -3.8757e+00 +5.8051e-01 +3.8590e+00 +2.3771e+00 +1.2408e+00
15872 +6.726032723e-06 +6.726032723e-06 +2.977300067e+02 +2.977300067e+02 -3.6674e+00 +7.0836e-01 +3.8347e+00 +2.3441e+00 +1.0359e+00
15895 +6.183296421e-06 +6.183296421e-06 +2.977300062e+02 +2.977300062e+02 -3.6713e+00 +6.7312e-01 +3.7905e+00 +2.3750e+00 +1.0734e+00
15931 +1.907044293e-06 +1.907044293e-06 +2.977300019e+02 +2.977300019e+02 -3.6429e+00 +6.3278e-01 +3.8182e+00 +2.3747e+00 +1.1448e+00
15934 +8.777989251e-07 +8.777989251e-07 +2.977300009e+02 +2.977300009e+02 -3.8049e+00 +6.9885e-01 +3.8554e+00 +2.3348e+00 +1.0593e+00
15958 +3.940494366e-07 +3.940494366e-07 +2.977300004e+02 +2.977300004e+02 -3.8408e+00 +6.8047e-01 +3.8480e+00 +2.3541e+00 +1.0808e+00
16003 +5.706510819e-10 +5.706510819e-10 +2.977300000e+02 +2.977300000e+02 -3.7658e+00 +6.6143e-01 +3.8409e+00 +2.3579e+00 +1.1076e+00
16009 +3.257127901e-10 +3.257127901e-10 +2.977300000e+02 +2.977300000e+02 -3.7979e+00 +6.6288e-01 +3.8468e+00 +2.3555e+00 +1.1066e+00
% function evaluation | noise-free fitness - Fopt (2.977300000000e+02) | best noise-free fitness - Fopt | measured fitness | best measured fitness | x1 | x2...
1 +6.390020296e+01 +6.390020296e+01 +3.616302030e+02 +3.616302030e+02 -3.7857e+00 +2.4499e+00 +1.2468e+00 -6.1470e-01 -3.8111e+00
3 +6.043744001e+01 +6.043744001e+01 +3.581674400e+02 +3.581674400e+02 -1.3615e+00 +3.6164e+00 +3.2918e+00 -1.0254e-01 -5.8992e+00
34 +3.222116712e+01 +3.222116712e+01 +3.299511671e+02 +3.299511671e+02 -4.8515e+00 -1.4373e+00 +2.4680e-01 +1.8023e+00 -2.0373e+00
40 +2.138306933e+01 +2.138306933e+01 +3.191130693e+02 +3.191130693e+02 -3.6776e+00 +2.6497e+00 +1.2680e+00 +2.5795e+00 -1.6776e+00
67 +1.208318784e+01 +1.208318784e+01 +3.098131878e+02 +3.098131878e+02 -3.6128e+00 -9.2363e-01 +1.5238e-01 +1.3040e+00 -2.3145e+00
76 +8.872397018e+00 +8.872397018e+00 +3.066023970e+02 +3.066023970e+02 -3.9937e+00 -1.1687e+00 +1.0445e+00 +1.0082e+00 -2.4904e+00
140 +4.144906637e+00 +4.144906637e+00 +3.018749066e+02 +3.018749066e+02 -4.0754e+00 -9.9783e-01 +1.3666e+00 +1.9176e+00 -2.9290e+00
142 +3.367272811e+00 +3.367272811e+00 +3.010972728e+02 +3.010972728e+02 -3.9894e+00 -1.1744e+00 +1.4616e+00 +2.0929e+00 -3.2951e+00
3544 +1.993036168e+00 +1.993036168e+00 +2.997230362e+02 +2.997230362e+02 +1.8679e+00 +3.4325e+00 +3.4187e+00 -3.3416e+00 +3.2876e-01
3586 +1.448323160e+00 +1.448323160e+00 +2.991783232e+02 +2.991783232e+02 +9.7686e-01 +3.7300e+00 +3.9318e+00 -3.3967e+00 +3.0896e-01
3679 +8.500264762e-01 +8.500264762e-01 +2.985800265e+02 +2.985800265e+02 +1.1016e+00 +3.5052e+00 +3.6101e+00 -3.1111e+00 +3.0681e-01
33479 +5.035689038e-01 +5.035689038e-01 +2.982335689e+02 +2.982335689e+02 +7.3519e-01 +1.0065e+00 +3.0711e+00 +2.4993e+00 +6.6475e-01
75169 +3.481571693e-01 +3.481571693e-01 +2.980781572e+02 +2.980781572e+02 -1.4517e+00 +2.2893e-01 +3.4589e+00 +2.6198e+00 +1.8415e+00
75189 +1.932464239e-01 +1.932464239e-01 +2.979232464e+02 +2.979232464e+02 -2.0291e+00 +1.2498e-01 +3.5022e+00 +2.5804e+00 +1.7278e+00
75190 +1.233600555e-01 +1.233600555e-01 +2.978533601e+02 +2.978533601e+02 -1.9091e+00 +2.1563e-01 +3.4228e+00 +2.5404e+00 +1.6549e+00
75198 +7.158607190e-02 +7.158607190e-02 +2.978015861e+02 +2.978015861e+02 -2.2684e+00 +3.5009e-01 +3.6805e+00 +2.5164e+00 +1.4948e+00
75204 +5.681389666e-02 +5.681389666e-02 +2.977868139e+02 +2.977868139e+02 -2.4446e+00 +3.5428e-01 +3.8028e+00 +2.5162e+00 +1.6460e+00
75220 +3.366785678e-03 +3.366785678e-03 +2.977333668e+02 +2.977333668e+02 -2.7850e+00 +6.7153e-01 +3.7229e+00 +2.4332e+00 +1.1184e+00
75288 +7.717621321e-04 +7.717621321e-04 +2.977307718e+02 +2.977307718e+02 -3.1428e+00 +6.7871e-01 +3.7504e+00 +2.3200e+00 +1.0932e+00
75303 +2.985789279e-04 +2.985789279e-04 +2.977302986e+02 +2.977302986e+02 -3.2585e+00 +7.1207e-01 +3.7449e+00 +2.3345e+00 +1.0061e+00
75317 +1.065496658e-04 +1.065496658e-04 +2.977301065e+02 +2.977301065e+02 -3.4684e+00 +7.3818e-01 +3.8581e+00 +2.3220e+00 +1.0230e+00
75320 +9.348086820e-05 +9.348086820e-05 +2.977300935e+02 +2.977300935e+02 -3.4222e+00 +7.7082e-01 +3.7897e+00 +2.3313e+00 +9.4660e-01
75404 +4.665335553e-05 +4.665335553e-05 +2.977300467e+02 +2.977300467e+02 -3.4579e+00 +7.2630e-01 +3.8332e+00 +2.3176e+00 +1.0416e+00
75418 +2.759660407e-05 +2.759660407e-05 +2.977300276e+02 +2.977300276e+02 -3.4587e+00 +6.6349e-01 +3.7736e+00 +2.3741e+00 +1.1093e+00
75430 +9.998634937e-06 +9.998634937e-06 +2.977300100e+02 +2.977300100e+02 -3.5908e+00 +7.3464e-01 +3.8170e+00 +2.3300e+00 +1.0116e+00
75486 +5.020266030e-06 +5.020266030e-06 +2.977300050e+02 +2.977300050e+02 -3.6117e+00 +7.0722e-01 +3.8342e+00 +2.3338e+00 +1.0493e+00
75490 +2.597018295e-06 +2.597018295e-06 +2.977300026e+02 +2.977300026e+02 -3.5749e+00 +6.8279e-01 +3.8166e+00 +2.3485e+00 +1.0833e+00
75508 +2.151105889e-06 +2.151105889e-06 +2.977300022e+02 +2.977300022e+02 -3.6001e+00 +6.9264e-01 +3.8182e+00 +2.3520e+00 +1.0719e+00
75534 +5.331422699e-07 +5.331422699e-07 +2.977300005e+02 +2.977300005e+02 -3.7687e+00 +6.8744e-01 +3.8460e+00 +2.3367e+00 +1.0765e+00
75535 +2.394474450e-07 +2.394474450e-07 +2.977300002e+02 +2.977300002e+02 -3.7140e+00 +6.8555e-01 +3.8295e+00 +2.3550e+00 +1.0723e+00
75595 +8.745035984e-08 +8.745035984e-08 +2.977300001e+02 +2.977300001e+02 -3.7211e+00 +6.7086e-01 +3.8317e+00 +2.3626e+00 +1.0953e+00
75597 +3.299345508e-08 +3.299345508e-08 +2.977300000e+02 +2.977300000e+02 -3.7281e+00 +6.6948e-01 +3.8300e+00 +2.3562e+00 +1.0947e+00
75650 +7.877360986e-10 +7.877360986e-10 +2.977300000e+02 +2.977300000e+02 -3.7892e+00 +6.6524e-01 +3.8434e+00 +2.3575e+00 +1.1026e+00
% function evaluation | noise-free fitness - Fopt (5.157000000000e+01) | best noise-free fitness - Fopt | measured fitness | best measured fitness | x1 | x2...
1 +8.529790774e+01 +8.529790774e+01 +1.368679077e+02 +1.368679077e+02 +2.8329e+00 +3.0205e+00 +1.3321e+00 +1.4487e+00 +3.8138e+00
5 +6.154273089e+01 +6.154273089e+01 +1.131127309e+02 +1.131127309e+02 +2.3006e+00 -8.9173e-01 +2.6876e+00 -6.3828e-01 -1.0225e+00
10 +1.748665534e+01 +1.748665534e+01 +6.905665534e+01 +6.905665534e+01 +2.4634e+00 +3.5499e+00 -2.0082e+00 -4.1256e-02 +1.6240e+00
336 +1.571728594e+01 +1.571728594e+01 +6.728728594e+01 +6.728728594e+01 -3.4354e+00 +4.4685e+00 +2.1023e-01 +7.9060e-01 +7.3853e-01
2148 +4.944644354e+00 +4.944644354e+00 +5.651464435e+01 +5.651464435e+01 +3.8852e+00 -2.7312e+00 -2.5408e+00 -2.9616e+00 +2.3415e+00
2151 +2.053550482e+00 +2.053550482e+00 +5.362355048e+01 +5.362355048e+01 +2.2424e+00 -1.7822e+00 -7.6446e-01 -2.6617e+00 +2.3006e+00
2304 +5.178527421e-01 +5.178527421e-01 +5.208785274e+01 +5.208785274e+01 +2.6843e+00 -1.1556e+00 -2.1189e+00 -2.9772e+00 +1.9205e+00
2375 +1.690240513e-01 +1.690240513e-01 +5.173902405e+01 +5.173902405e+01 +2.5746e+00 -1.5414e+00 -1.6179e+00 -2.8132e+00 +2.0542e+00
2439 +1.215219287e-01 +1.215219287e-01 +5.169152193e+01 +5.169152193e+01 +2.3495e+00 -1.4184e+00 -1.5906e+00 -3.0442e+00 +2.0552e+00
2498 +8.916780929e-02 +8.916780929e-02 +5.165916781e+01 +5.165916781e+01 +1.9418e+00 -9.8978e-01 -1.4959e+00 -3.2250e+00 +2.0586e+00
2596 +6.211808717e-02 +6.211808717e-02 +5.163211809e+01 +5.163211809e+01 +1.9005e+00 -8.8335e-01 -1.3691e+00 -3.1325e+00 +2.0081e+00
2694 +3.906345693e-02 +3.906345693e-02 +5.160906346e+01 +5.160906346e+01 +2.1357e+00 -7.4487e-01 -1.5788e+00 -2.8120e+00 +1.9344e+00
2717 +2.456659896e-02 +2.456659896e-02 +5.159456660e+01 +5.159456660e+01 +1.9574e+00 -4.5232e-01 -1.6196e+00 -2.8596e+00 +1.8598e+00
2735 +1.203581172e-02 +1.203581172e-02 +5.158203581e+01 +5.158203581e+01 +1.8988e+00 +8.1555e-02 -1.7794e+00 -2.6378e+00 +1.6749e+00
2765 +4.969367892e-03 +4.969367892e-03 +5.157496937e+01 +5.157496937e+01 +1.8043e+00 +4.0353e-01 -1.7271e+00 -2.4829e+00 +1.6412e+00
2780 +3.769249511e-03 +3.769249511e-03 +5.157376925e+01 +5.157376925e+01 +1.9230e+00 +4.5315e-01 -1.7688e+00 -2.3998e+00 +1.6610e+00
2830 +8.652755438e-04 +8.652755438e-04 +5.157086528e+01 +5.157086528e+01 +1.9427e+00 +1.0782e+00 -1.9911e+00 -1.9602e+00 +1.4481e+00
2876 +3.772470397e-04 +3.772470397e-04 +5.157037725e+01 +5.157037725e+01 +1.8670e+00 +1.2272e+00 -2.0430e+00 -1.9832e+00 +1.3686e+00
2942 +2.122777291e-04 +2.122777291e-04 +5.157021228e+01 +5.157021228e+01 +1.9622e+00 +1.3731e+00 -2.1926e+00 -1.8471e+00 +1.3348e+00
2979 +1.450508313e-04 +1.450508313e-04 +5.157014505e+01 +5.157014505e+01 +1.9837e+00 +1.2531e+00 -2.0990e+00 -1.8541e+00 +1.3356e+00
2989 +8.927402492e-05 +8.927402492e-05 +5.157008927e+01 +5.157008927e+01 +2.0433e+00 +1.3760e+00 -2.2622e+00 -1.8218e+00 +1.2889e+00
3019 +6.391187881e-07 +6.391187881e-07 +5.157000064e+01 +5.157000064e+01 +2.0944e+00 +1.3503e+00 -2.2464e+00 -1.7556e+00 +1.3143e+00
3086 +5.499354501e-07 +5.499354501e-07 +5.157000055e+01 +5.157000055e+01 +2.0752e+00 +1.2163e+00 -2.1781e+00 -1.8356e+00 +1.3568e+00
3103 +2.801190746e-07 +2.801190746e-07 +5.157000028e+01 +5.157000028e+01 +2.0750e+00 +1.3420e+00 -2.2384e+00 -1.7808e+00 +1.3201e+00
3122 +2.418344138e-07 +2.418344138e-07 +5.157000024e+01 +5.157000024e+01 +2.0767e+00 +1.2964e+00 -2.2160e+00 -1.7875e+00 +1.3354e+00
3137 +5.500967148e-08 +5.500967148e-08 +5.157000006e+01 +5.157000006e+01 +2.0827e+00 +1.2309e+00 -2.1934e+00 -1.8201e+00 +1.3505e+00
3155 +1.588683318e-08 +1.588683318e-08 +5.157000002e+01 +5.157000002e+01 +2.0839e+00 +1.3114e+00 -2.2338e+00 -1.7813e+00 +1.3210e+00
3205 +1.883087464e-09 +1.883087464e-09 +5.157000000e+01 +5.157000000e+01 +2.0739e+00 +1.2655e+00 -2.2117e+00 -1.8148e+00 +1.3376e+00
3212 +2.250288844e-11 +2.250288844e-11 +5.157000000e+01 +5.157000000e+01 +2.0773e+00 +1.2868e+00 -2.2162e+00 -1.7979e+00 +1.3330e+00
% function evaluation | noise-free fitness - Fopt (5.157000000000e+01) | best noise-free fitness - Fopt | measured fitness | best measured fitness | x1 | x2...
1 +4.469595829e+01 +4.469595829e+01 +9.626595829e+01 +9.626595829e+01 +2.6493e+00 -7.4718e-01 -3.6322e+00 -1.6697e-01 +1.9365e+00
29 +3.431495583e+01 +3.431495583e+01 +8.588495583e+01 +8.588495583e+01 +2.7896e+00 -1.1737e+00 -2.6462e+00 -3.8750e-02 +2.9230e+00
30 +8.123237149e+00 +8.123237149e+00 +5.969323715e+01 +5.969323715e+01 +2.3267e+00 -8.4071e-01 -1.2962e+00 -1.8819e+00 +2.0173e+00
105 +5.357423385e+00 +5.357423385e+00 +5.692742339e+01 +5.692742339e+01 +3.1300e+00 -1.8796e+00 -2.8848e+00 -3.0421e+00 +2.0423e+00
123 +2.216398987e+00 +2.216398987e+00 +5.378639899e+01 +5.378639899e+01 +4.1988e+00 -1.4815e+00 -2.9027e+00 -1.5925e+00 +1.8507e+00
282 +1.100577049e+00 +1.100577049e+00 +5.267057705e+01 +5.267057705e+01 +3.4186e+00 -1.4979e+00 -2.6591e+00 -2.4219e+00 +1.8363e+00
290 +8.336713161e-01 +8.336713161e-01 +5.240367132e+01 +5.240367132e+01 +3.3193e+00 -1.8330e+00 -2.3742e+00 -2.5201e+00 +2.0099e+00
305 +4.990010641e-01 +4.990010641e-01 +5.206900106e+01 +5.206900106e+01 +3.1113e+00 -1.6904e+00 -2.2081e+00 -2.6265e+00 +2.0098e+00
346 +3.392086009e-01 +3.392086009e-01 +5.190920860e+01 +5.190920860e+01 +1.7009e+00 -8.8788e-01 -1.0914e+00 -3.0169e+00 +1.9728e+00
353 +7.818757252e-02 +7.818757252e-02 +5.164818757e+01 +5.164818757e+01 +1.9098e+00 -4.0181e-01 -1.7799e+00 -2.9446e+00 +1.8511e+00
406 +3.426900479e-02 +3.426900479e-02 +5.160426900e+01 +5.160426900e+01 +2.0303e+00 +8.4573e-02 -2.0583e+00 -2.5983e+00 +1.5876e+00
439 +1.463247870e-02 +1.463247870e-02 +5.158463248e+01 +5.158463248e+01 +2.0232e+00 +1.4510e-01 -1.7693e+00 -2.4806e+00 +1.6410e+00
448 +9.372482748e-03 +9.372482748e-03 +5.157937248e+01 +5.157937248e+01 +2.1050e+00 +1.6891e-01 -1.9157e+00 -2.4583e+00 +1.7314e+00
456 +4.444577931e-03 +4.444577931e-03 +5.157444458e+01 +5.157444458e+01 +2.2914e+00 +2.1410e-01 -2.0713e+00 -2.2667e+00 +1.6308e+00
494 +3.551198507e-03 +3.551198507e-03 +5.157355120e+01 +5.157355120e+01 +1.9789e+00 +3.1380e-01 -1.7725e+00 -2.3712e+00 +1.6582e+00
532 +2.122762886e-03 +2.122762886e-03 +5.157212276e+01 +5.157212276e+01 +2.0186e+00 +4.3931e-01 -1.8405e+00 -2.2942e+00 +1.6386e+00
541 +1.104530922e-03 +1.104530922e-03 +5.157110453e+01 +5.157110453e+01 +2.1137e+00 +4.6236e-01 -1.9498e+00 -2.2260e+00 +1.5826e+00
549 +9.844144548e-04 +9.844144548e-04 +5.157098441e+01 +5.157098441e+01 +2.1038e+00 +5.0122e-01 -1.9975e+00 -2.2351e+00 +1.5546e+00
574 +5.332486285e-04 +5.332486285e-04 +5.157053325e+01 +5.157053325e+01 +2.0965e+00 +6.2025e-01 -1.9879e+00 -2.1155e+00 +1.5327e+00
602 +2.023658882e-04 +2.023658882e-04 +5.157020237e+01 +5.157020237e+01 +2.1008e+00 +9.0740e-01 -2.0749e+00 -1.9949e+00 +1.4576e+00
619 +2.870783319e-05 +2.870783319e-05 +5.157002871e+01 +5.157002871e+01 +2.0817e+00 +9.6700e-01 -2.1005e+00 -1.9715e+00 +1.4389e+00
646 +1.703001029e-05 +1.703001029e-05 +5.157001703e+01 +5.157001703e+01 +2.0510e+00 +1.1503e+00 -2.1272e+00 -1.8987e+00 +1.3921e+00
667 +6.609532605e-06 +6.609532605e-06 +5.157000661e+01 +5.157000661e+01 +2.0516e+00 +1.1330e+00 -2.1706e+00 -1.9189e+00 +1.3707e+00
697 +4.506872543e-06 +4.506872543e-06 +5.157000451e+01 +5.157000451e+01 +2.0083e+00 +1.2281e+00 -2.1476e+00 -1.8851e+00 +1.3597e+00
708 +1.666273398e-06 +1.666273398e-06 +5.157000167e+01 +5.157000167e+01 +2.0238e+00 +1.2288e+00 -2.1562e+00 -1.8701e+00 +1.3558e+00
716 +5.174099016e-07 +5.174099016e-07 +5.157000052e+01 +5.157000052e+01 +2.0660e+00 +1.1867e+00 -2.1733e+00 -1.8544e+00 +1.3640e+00
728 +3.855887911e-07 +3.855887911e-07 +5.157000039e+01 +5.157000039e+01 +2.0626e+00 +1.1908e+00 -2.1667e+00 -1.8615e+00 +1.3679e+00
747 +6.199933011e-09 +6.199933011e-09 +5.157000001e+01 +5.157000001e+01 +2.0722e+00 +1.2565e+00 -2.2075e+00 -1.8208e+00 +1.3428e+00
% function evaluation | noise-free fitness - Fopt (5.157000000000e+01) | best noise-free fitness - Fopt | measured fitness | best measured fitness | x1 | x2...
1 +7.216888106e+01 +7.216888106e+01 +1.237388811e+02 +1.237388811e+02 +2.8727e-01 -3.1031e+00 +1.0301e+00 -1.8027e+00 +1.8366e+00
8 +5.494222891e+01 +5.494222891e+01 +1.065122289e+02 +1.065122289e+02 +5.1479e+00 -4.1416e+00 -1.2512e-02 -2.7749e+00 -9.5821e-01
21 +3.647119794e+01 +3.647119794e+01 +8.804119794e+01 +8.804119794e+01 +1.3592e+00 -4.5123e+00 -1.3901e+00 -2.4549e+00 -1.4596e+00
32 +2.403634173e+01 +2.403634173e+01 +7.560634173e+01 +7.560634173e+01 +3.2123e-02 -4.5709e+00 -1.5047e+00 -2.4793e+00 -4.1723e+00
74 +1.995877301e+00 +1.995877301e+00 +5.356587730e+01 +5.356587730e+01 -1.8481e+00 -2.6642e+00 -4.6652e-01 -3.0192e+00 +1.0980e+00
198 +1.109352402e+00 +1.109352402e+00 +5.267935240e+01 +5.267935240e+01 -2.2590e+00 -2.5733e+00 -4.1141e-01 -3.1585e+00 +1.1504e+00
225 +8.589520801e-01 +8.589520801e-01 +5.242895208e+01 +5.242895208e+01 -2.5286e+00 -2.7239e+00 -4.4336e-01 -3.1399e+00 +1.0849e+00
1530 +1.612837777e-01 +1.612837777e-01 +5.173128378e+01 +5.173128378e+01 +2.7143e+00 -5.9015e-01 -1.7684e+00 -2.1681e+00 +1.8484e+00
1598 +1.369572122e-01 +1.369572122e-01 +5.170695721e+01 +5.170695721e+01 +1.6716e+00 -3.4437e-01 -1.3249e+00 -2.8955e+00 +1.9825e+00
1641 +5.301808946e-02 +5.301808946e-02 +5.162301809e+01 +5.162301809e+01 +2.1558e+00 -8.9789e-01 -1.4823e+00 -2.8703e+00 +1.9809e+00
1661 +3.206725328e-02 +3.206725328e-02 +5.160206725e+01 +5.160206725e+01 +1.9535e+00 -2.1545e-01 -1.4945e+00 -2.6185e+00 +1.8937e+00
1752 +1.110268798e-02 +1.110268798e-02 +5.158110269e+01 +5.158110269e+01 +2.1107e+00 -4.0319e-02 -1.7460e+00 -2.4158e+00 +1.7064e+00
1758 +7.818322936e-03 +7.818322936e-03 +5.157781832e+01 +5.157781832e+01 +2.2256e+00 +1.9839e-02 -1.8257e+00 -2.3043e+00 +1.7216e+00
1800 +3.430568728e-03 +3.430568728e-03 +5.157343057e+01 +5.157343057e+01 +1.8464e+00 +7.2155e-01 -1.9733e+00 -2.3645e+00 +1.5179e+00
1823 +2.328698124e-03 +2.328698124e-03 +5.157232870e+01 +5.157232870e+01 +2.0611e+00 +6.8445e-01 -2.1159e+00 -2.1911e+00 +1.5230e+00
1839 +9.385036614e-04 +9.385036614e-04 +5.157093850e+01 +5.157093850e+01 +2.1827e+00 +5.8978e-01 -2.0885e+00 -2.0618e+00 +1.4901e+00
1932 +2.758765237e-04 +2.758765237e-04 +5.157027588e+01 +5.157027588e+01 +2.0132e+00 +9.8619e-01 -2.0899e+00 -2.0552e+00 +1.4739e+00
1980 +1.569602114e-04 +1.569602114e-04 +5.157015696e+01 +5.157015696e+01 +1.9929e+00 +8.6448e-01 -2.0289e+00 -2.0997e+00 +1.4656e+00
1984 +4.269034400e-05 +4.269034400e-05 +5.157004269e+01 +5.157004269e+01 +1.9970e+00 +1.0413e+00 -2.0857e+00 -1.9942e+00 +1.4212e+00
2033 +2.874558380e-05 +2.874558380e-05 +5.157002875e+01 +5.157002875e+01 +2.0291e+00 +1.0281e+00 -2.0974e+00 -1.9650e+00 +1.4151e+00
2068 +1.809873095e-05 +1.809873095e-05 +5.157001810e+01 +5.157001810e+01 +2.1011e+00 +1.0750e+00 -2.1722e+00 -1.9061e+00 +1.4094e+00
2082 +7.414482845e-06 +7.414482845e-06 +5.157000741e+01 +5.157000741e+01 +2.0312e+00 +1.1397e+00 -2.1643e+00 -1.9348e+00 +1.3779e+00
2092 +5.321618929e-06 +5.321618929e-06 +5.157000532e+01 +5.157000532e+01 +2.0596e+00 +1.1443e+00 -2.1783e+00 -1.8972e+00 +1.3644e+00
2128 +2.015412690e-06 +2.015412690e-06 +5.157000202e+01 +5.157000202e+01 +2.0941e+00 +1.2356e+00 -2.2001e+00 -1.8145e+00 +1.3447e+00
2130 +1.557979601e-06 +1.557979601e-06 +5.157000156e+01 +5.157000156e+01 +2.0423e+00 +1.2809e+00 -2.1996e+00 -1.8351e+00 +1.3279e+00
2157 +1.158561957e-08 +1.158561957e-08 +5.157000001e+01 +5.157000001e+01 +2.0748e+00 +1.2420e+00 -2.1994e+00 -1.8257e+00 +1.3462e+00
2228 +9.592326933e-09 +9.592326933e-09 +5.157000001e+01 +5.157000001e+01 +2.0763e+00 +1.2817e+00 -2.2121e+00 -1.7971e+00 +1.3320e+00
